# day002  epoch=2.0d  L_Halpha=9.262e+39 erg/s  smooth_kms=25.0
# Columns:
#   1: Δv [km/s]      velocity offset from Hα (6562.81 Å), positive = redshift
#   2: lambda [Å]     observed wavelength
#   3: F_norm         total flux, smoothed, normalized to F_cont_baseline
#   4: F_norm_raw     total flux, RAW MC (no velocity smoothing)
#   5: F_cont_smooth  continuum-channel flux (continuum photons only)
#   6: F_vol_smooth   volumetric-channel flux (line emission contribution)
# Format: F_norm ≈ F_cont_smooth + F_vol_smooth (within MC noise)
# ----------------------------------------------------------------------------------------
 -16559.48  6200.3125  9.65758e-01  9.66294e-01  9.65910e-01  0.00000e+00
 -16530.93  6200.9375  9.71383e-01  9.61726e-01  9.71485e-01  0.00000e+00
 -16502.38  6201.5625  9.94999e-01  9.82744e-01  9.95014e-01  0.00000e+00
 -16473.83  6202.1875  1.01161e+00  1.06547e+00  1.01126e+00  0.00000e+00
 -16445.28  6202.8125  1.01853e+00  9.21048e-01  1.01811e+00  0.00000e+00
 -16416.73  6203.4375  1.04394e+00  1.18113e+00  1.04364e+00  0.00000e+00
 -16388.18  6204.0625  1.00675e+00  8.95205e-01  1.00648e+00  0.00000e+00
 -16359.63  6204.6875  9.62857e-01  1.09463e+00  9.62657e-01  0.00000e+00
 -16331.08  6205.3125  8.85158e-01  7.52937e-01  8.85182e-01  0.00000e+00
 -16302.53  6205.9375  8.94550e-01  9.22717e-01  8.94795e-01  0.00000e+00
 -16273.97  6206.5625  9.95560e-01  8.95584e-01  9.95896e-01  0.00000e+00
 -16245.42  6207.1875  1.09170e+00  1.30550e+00  1.09212e+00  0.00000e+00
 -16216.87  6207.8125  1.02985e+00  9.13672e-01  1.03031e+00  0.00000e+00
 -16188.32  6208.4375  9.54062e-01  1.02765e+00  9.54553e-01  0.00000e+00
 -16159.77  6209.0625  8.85311e-01  8.18565e-01  8.85658e-01  0.00000e+00
 -16131.22  6209.6875  8.92484e-01  8.48321e-01  8.92836e-01  0.00000e+00
 -16102.67  6210.3125  9.99118e-01  9.90740e-01  9.99149e-01  0.00000e+00
 -16074.12  6210.9375  1.09744e+00  1.17530e+00  1.09691e+00  0.00000e+00
 -16045.57  6211.5625  1.08083e+00  1.11562e+00  1.08032e+00  0.00000e+00
 -16017.01  6212.1875  1.03745e+00  9.24628e-01  1.03716e+00  0.00000e+00
 -15988.46  6212.8125  1.08279e+00  1.14186e+00  1.08247e+00  0.00000e+00
 -15959.91  6213.4375  1.07684e+00  1.14686e+00  1.07693e+00  0.00000e+00
 -15931.36  6214.0625  9.88140e-01  9.13842e-01  9.88682e-01  0.00000e+00
 -15902.81  6214.6875  9.19397e-01  9.81709e-01  9.19912e-01  0.00000e+00
 -15874.26  6215.3125  8.62215e-01  7.70313e-01  8.62551e-01  0.00000e+00
 -15845.71  6215.9375  8.35119e-01  9.42407e-01  8.35222e-01  0.00000e+00
 -15817.16  6216.5625  8.55537e-01  6.22900e-01  8.55543e-01  0.00000e+00
 -15788.61  6217.1875  1.04153e+00  1.17292e+00  1.04157e+00  0.00000e+00
 -15760.06  6217.8125  1.13567e+00  1.22991e+00  1.13573e+00  0.00000e+00
 -15731.50  6218.4375  1.09138e+00  9.92239e-01  1.09138e+00  0.00000e+00
 -15702.95  6219.0625  1.09585e+00  1.12720e+00  1.09575e+00  0.00000e+00
 -15674.40  6219.6875  1.07335e+00  1.14822e+00  1.07328e+00  0.00000e+00
 -15645.85  6220.3125  9.92683e-01  9.00422e-01  9.92534e-01  0.00000e+00
 -15617.30  6220.9375  1.00696e+00  9.70304e-01  1.00680e+00  0.00000e+00
 -15588.75  6221.5625  1.05956e+00  1.17046e+00  1.05966e+00  0.00000e+00
 -15560.20  6222.1875  1.04867e+00  9.52600e-01  1.04867e+00  0.00000e+00
 -15531.65  6222.8125  1.10558e+00  1.08831e+00  1.10543e+00  0.00000e+00
 -15503.10  6223.4375  1.16375e+00  1.29710e+00  1.16388e+00  0.00000e+00
 -15474.55  6224.0625  1.13308e+00  1.00251e+00  1.13320e+00  0.00000e+00
 -15445.99  6224.6875  1.12965e+00  1.24409e+00  1.12971e+00  0.00000e+00
 -15417.44  6225.3125  1.10414e+00  1.01212e+00  1.10423e+00  0.00000e+00
 -15388.89  6225.9375  1.12628e+00  1.13672e+00  1.12627e+00  0.00000e+00
 -15360.34  6226.5625  1.12022e+00  1.23474e+00  1.12023e+00  0.00000e+00
 -15331.79  6227.1875  1.02602e+00  9.17117e-01  1.02587e+00  0.00000e+00
 -15303.24  6227.8125  1.02736e+00  9.84941e-01  1.02718e+00  0.00000e+00
 -15274.69  6228.4375  1.05279e+00  1.21595e+00  1.05276e+00  0.00000e+00
 -15246.14  6229.0625  9.64593e-01  8.40470e-01  9.64573e-01  0.00000e+00
 -15217.59  6229.6875  9.28306e-01  9.51857e-01  9.28041e-01  0.00000e+00
 -15189.03  6230.3125  9.10520e-01  9.50653e-01  9.10086e-01  0.00000e+00
 -15160.48  6230.9375  9.06412e-01  7.76385e-01  9.06327e-01  0.00000e+00
 -15131.93  6231.5625  1.00848e+00  1.07091e+00  1.00874e+00  0.00000e+00
 -15103.38  6232.1875  1.03998e+00  1.15581e+00  1.04002e+00  0.00000e+00
 -15074.83  6232.8125  9.73401e-01  8.17112e-01  9.72952e-01  0.00000e+00
 -15046.28  6233.4375  9.59999e-01  1.10031e+00  9.59560e-01  0.00000e+00
 -15017.73  6234.0625  9.01390e-01  8.23395e-01  9.01204e-01  0.00000e+00
 -14989.18  6234.6875  9.21693e-01  8.23576e-01  9.21340e-01  0.00000e+00
 -14960.63  6235.3125  1.02625e+00  1.17530e+00  1.02555e+00  0.00000e+00
 -14932.08  6235.9375  1.01729e+00  9.78620e-01  1.01688e+00  0.00000e+00
 -14903.52  6236.5625  9.66884e-01  9.77501e-01  9.66750e-01  0.00000e+00
 -14874.97  6237.1875  9.34029e-01  9.10004e-01  9.33944e-01  0.00000e+00
 -14846.42  6237.8125  9.07896e-01  9.44670e-01  9.07966e-01  0.00000e+00
 -14817.87  6238.4375  8.81971e-01  8.24784e-01  8.82246e-01  0.00000e+00
 -14789.32  6239.0625  9.12214e-01  9.04608e-01  9.12204e-01  0.00000e+00
 -14760.77  6239.6875  9.32736e-01  1.02661e+00  9.32271e-01  0.00000e+00
 -14732.22  6240.3125  8.97356e-01  7.89835e-01  8.97171e-01  0.00000e+00
 -14703.67  6240.9375  9.04917e-01  9.77678e-01  9.05042e-01  0.00000e+00
 -14675.12  6241.5625  8.92122e-01  8.73012e-01  8.92424e-01  0.00000e+00
 -14646.57  6242.1875  9.12483e-01  8.27608e-01  9.12817e-01  0.00000e+00
 -14618.01  6242.8125  9.95906e-01  1.09671e+00  9.96138e-01  0.00000e+00
 -14589.46  6243.4375  1.02555e+00  9.73032e-01  1.02572e+00  0.00000e+00
 -14560.91  6244.0625  1.00936e+00  1.10850e+00  1.00943e+00  0.00000e+00
 -14532.36  6244.6875  9.43744e-01  8.56616e-01  9.43832e-01  0.00000e+00
 -14503.81  6245.3125  9.59639e-01  9.15859e-01  9.59670e-01  0.00000e+00
 -14475.26  6245.9375  1.02706e+00  1.12205e+00  1.02690e+00  0.00000e+00
 -14446.71  6246.5625  1.02361e+00  9.83098e-01  1.02344e+00  0.00000e+00
 -14418.16  6247.1875  1.03990e+00  9.95694e-01  1.03966e+00  0.00000e+00
 -14389.61  6247.8125  1.05212e+00  1.19448e+00  1.05180e+00  0.00000e+00
 -14361.06  6248.4375  9.39146e-01  8.80204e-01  9.38947e-01  0.00000e+00
 -14332.50  6249.0625  8.43505e-01  8.11425e-01  8.43358e-01  0.00000e+00
 -14303.95  6249.6875  8.90404e-01  7.69162e-01  8.90347e-01  0.00000e+00
 -14275.40  6250.3125  1.03516e+00  1.18160e+00  1.03511e+00  0.00000e+00
 -14246.85  6250.9375  1.10941e+00  1.01955e+00  1.10905e+00  0.00000e+00
 -14218.30  6251.5625  1.14520e+00  1.26756e+00  1.14496e+00  0.00000e+00
 -14189.75  6252.1875  1.08569e+00  1.05693e+00  1.08578e+00  0.00000e+00
 -14161.20  6252.8125  1.00709e+00  9.80597e-01  1.00707e+00  0.00000e+00
 -14132.65  6253.4375  9.36725e-01  1.00868e+00  9.36588e-01  0.00000e+00
 -14104.10  6254.0625  8.49029e-01  7.48035e-01  8.48736e-01  0.00000e+00
 -14075.54  6254.6875  8.54803e-01  8.51343e-01  8.54260e-01  0.00000e+00
 -14046.99  6255.3125  9.12340e-01  9.30806e-01  9.11805e-01  0.00000e+00
 -14018.44  6255.9375  9.44658e-01  9.57853e-01  9.44207e-01  0.00000e+00
 -13989.89  6256.5625  9.82999e-01  9.24528e-01  9.82432e-01  0.00000e+00
 -13961.34  6257.1875  1.07763e+00  1.09682e+00  1.07704e+00  0.00000e+00
 -13932.79  6257.8125  1.14499e+00  1.19984e+00  1.14439e+00  0.00000e+00
 -13904.24  6258.4375  1.08229e+00  1.17292e+00  1.08189e+00  0.00000e+00
 -13875.69  6259.0625  1.00615e+00  7.67674e-01  1.00588e+00  0.00000e+00
 -13847.14  6259.6875  1.12737e+00  1.22956e+00  1.12699e+00  0.00000e+00
 -13818.59  6260.3125  1.21499e+00  1.28221e+00  1.21448e+00  0.00000e+00
 -13790.03  6260.9375  1.18499e+00  1.13747e+00  1.18443e+00  0.00000e+00
 -13761.48  6261.5625  1.12914e+00  1.20590e+00  1.12871e+00  0.00000e+00
 -13732.93  6262.1875  1.03535e+00  9.74253e-01  1.03481e+00  0.00000e+00
 -13704.38  6262.8125  9.87654e-01  9.71771e-01  9.87026e-01  0.00000e+00
 -13675.83  6263.4375  9.98749e-01  9.98500e-01  9.98427e-01  0.00000e+00
 -13647.28  6264.0625  1.06264e+00  9.84957e-01  1.06261e+00  0.00000e+00
 -13618.73  6264.6875  1.12150e+00  1.31038e+00  1.12144e+00  0.00000e+00
 -13590.18  6265.3125  1.06885e+00  9.09403e-01  1.06879e+00  0.00000e+00
 -13561.63  6265.9375  1.06208e+00  1.15683e+00  1.06198e+00  0.00000e+00
 -13533.08  6266.5625  1.06014e+00  9.86524e-01  1.06004e+00  0.00000e+00
 -13504.52  6267.1875  1.03830e+00  1.15180e+00  1.03827e+00  0.00000e+00
 -13475.97  6267.8125  9.56835e-01  8.74238e-01  9.56703e-01  0.00000e+00
 -13447.42  6268.4375  9.31788e-01  9.13096e-01  9.31732e-01  0.00000e+00
 -13418.87  6269.0625  9.88137e-01  9.64170e-01  9.88201e-01  0.00000e+00
 -13390.32  6269.6875  1.01752e+00  1.14483e+00  1.01743e+00  0.00000e+00
 -13361.77  6270.3125  9.71550e-01  8.43115e-01  9.71381e-01  0.00000e+00
 -13333.22  6270.9375  1.03578e+00  9.98454e-01  1.03571e+00  0.00000e+00
 -13304.67  6271.5625  1.09571e+00  1.31464e+00  1.09556e+00  0.00000e+00
 -13276.12  6272.1875  9.83088e-01  8.30221e-01  9.83107e-01  0.00000e+00
 -13247.56  6272.8125  9.38821e-01  9.43970e-01  9.39052e-01  0.00000e+00
 -13219.01  6273.4375  9.62533e-01  9.81129e-01  9.62756e-01  0.00000e+00
 -13190.46  6274.0625  9.78281e-01  9.58027e-01  9.78179e-01  0.00000e+00
 -13161.91  6274.6875  1.03957e+00  9.80669e-01  1.03938e+00  0.00000e+00
 -13133.36  6275.3125  1.10053e+00  1.25797e+00  1.10005e+00  0.00000e+00
 -13104.81  6275.9375  1.06953e+00  9.27853e-01  1.06888e+00  0.00000e+00
 -13076.26  6276.5625  1.06500e+00  1.18573e+00  1.06465e+00  0.00000e+00
 -13047.71  6277.1875  1.05448e+00  9.27512e-01  1.05428e+00  0.00000e+00
 -13019.16  6277.8125  1.09706e+00  1.17731e+00  1.09692e+00  0.00000e+00
 -12990.61  6278.4375  1.11574e+00  1.09745e+00  1.11572e+00  0.00000e+00
 -12962.05  6279.0625  1.10039e+00  1.12287e+00  1.10010e+00  0.00000e+00
 -12933.50  6279.6875  1.05494e+00  1.06946e+00  1.05429e+00  0.00000e+00
 -12904.95  6280.3125  9.86607e-01  9.70961e-01  9.86144e-01  0.00000e+00
 -12876.40  6280.9375  9.32049e-01  9.31529e-01  9.31847e-01  0.00000e+00
 -12847.85  6281.5625  9.21755e-01  8.60448e-01  9.21673e-01  0.00000e+00
 -12819.30  6282.1875  9.46796e-01  1.02747e+00  9.46857e-01  0.00000e+00
 -12790.75  6282.8125  9.32100e-01  8.81902e-01  9.32072e-01  0.00000e+00
 -12762.20  6283.4375  9.39071e-01  9.33342e-01  9.38869e-01  0.00000e+00
 -12733.65  6284.0625  9.51600e-01  1.00426e+00  9.51270e-01  0.00000e+00
 -12705.10  6284.6875  9.34497e-01  8.72677e-01  9.34222e-01  0.00000e+00
 -12676.54  6285.3125  9.36849e-01  9.94630e-01  9.36670e-01  0.00000e+00
 -12647.99  6285.9375  9.60389e-01  8.49754e-01  9.60047e-01  0.00000e+00
 -12619.44  6286.5625  1.02055e+00  1.15565e+00  1.02019e+00  0.00000e+00
 -12590.89  6287.1875  1.02961e+00  9.17840e-01  1.02918e+00  0.00000e+00
 -12562.34  6287.8125  1.04531e+00  1.15515e+00  1.04521e+00  0.00000e+00
 -12533.79  6288.4375  1.02372e+00  9.48990e-01  1.02391e+00  0.00000e+00
 -12505.24  6289.0625  1.04626e+00  1.02922e+00  1.04611e+00  0.00000e+00
 -12476.69  6289.6875  1.07806e+00  1.17313e+00  1.07766e+00  0.00000e+00
 -12448.14  6290.3125  1.04373e+00  9.63290e-01  1.04345e+00  0.00000e+00
 -12419.58  6290.9375  1.03795e+00  1.07208e+00  1.03773e+00  0.00000e+00
 -12391.03  6291.5625  1.01805e+00  1.04208e+00  1.01814e+00  0.00000e+00
 -12362.48  6292.1875  9.59449e-01  9.44777e-01  9.59828e-01  0.00000e+00
 -12333.93  6292.8125  9.45490e-01  8.75583e-01  9.45829e-01  0.00000e+00
 -12305.38  6293.4375  1.00487e+00  1.05121e+00  1.00510e+00  0.00000e+00
 -12276.83  6294.0625  1.03966e+00  1.04605e+00  1.03984e+00  0.00000e+00
 -12248.28  6294.6875  1.01347e+00  1.06252e+00  1.01352e+00  0.00000e+00
 -12219.73  6295.3125  9.74251e-01  8.76798e-01  9.73888e-01  0.00000e+00
 -12191.18  6295.9375  1.01126e+00  1.04937e+00  1.01057e+00  0.00000e+00
 -12162.63  6296.5625  1.04138e+00  1.06597e+00  1.04063e+00  0.00000e+00
 -12134.07  6297.1875  1.03873e+00  1.00202e+00  1.03820e+00  0.00000e+00
 -12105.52  6297.8125  1.03028e+00  1.09782e+00  1.03006e+00  0.00000e+00
 -12076.97  6298.4375  1.00052e+00  9.22230e-01  1.00063e+00  0.00000e+00
 -12048.42  6299.0625  1.02900e+00  1.03836e+00  1.02924e+00  0.00000e+00
 -12019.87  6299.6875  1.07344e+00  1.10024e+00  1.07363e+00  0.00000e+00
 -11991.32  6300.3125  1.06812e+00  1.08563e+00  1.06842e+00  0.00000e+00
 -11962.77  6300.9375  1.01903e+00  1.02723e+00  1.01960e+00  0.00000e+00
 -11934.22  6301.5625  9.71424e-01  9.31526e-01  9.71996e-01  0.00000e+00
 -11905.67  6302.1875  9.64650e-01  9.75652e-01  9.65248e-01  0.00000e+00
 -11877.12  6302.8125  9.60566e-01  9.70358e-01  9.60962e-01  0.00000e+00
 -11848.56  6303.4375  9.29568e-01  9.46384e-01  9.29678e-01  0.00000e+00
 -11820.01  6304.0625  9.04300e-01  8.48650e-01  9.04465e-01  0.00000e+00
 -11791.46  6304.6875  9.56038e-01  9.33001e-01  9.56309e-01  0.00000e+00
 -11762.91  6305.3125  1.04970e+00  1.08074e+00  1.04992e+00  0.00000e+00
 -11734.36  6305.9375  1.06730e+00  1.15794e+00  1.06723e+00  0.00000e+00
 -11705.81  6306.5625  1.03005e+00  8.89893e-01  1.02985e+00  0.00000e+00
 -11677.26  6307.1875  1.10117e+00  1.13125e+00  1.10139e+00  0.00000e+00
 -11648.71  6307.8125  1.13712e+00  1.26864e+00  1.13767e+00  0.00000e+00
 -11620.16  6308.4375  1.04031e+00  9.53030e-01  1.04087e+00  0.00000e+00
 -11591.60  6309.0625  1.02492e+00  9.36485e-01  1.02541e+00  0.00000e+00
 -11563.05  6309.6875  1.04640e+00  1.27094e+00  1.04666e+00  0.00000e+00
 -11534.50  6310.3125  9.36890e-01  7.48245e-01  9.37048e-01  0.00000e+00
 -11505.95  6310.9375  9.04510e-01  9.76296e-01  9.04570e-01  0.00000e+00
 -11477.40  6311.5625  9.26898e-01  8.52898e-01  9.26836e-01  0.00000e+00
 -11448.85  6312.1875  9.86356e-01  1.02769e+00  9.86198e-01  0.00000e+00
 -11420.30  6312.8125  1.03838e+00  1.02872e+00  1.03843e+00  0.00000e+00
 -11391.75  6313.4375  1.07585e+00  1.08388e+00  1.07626e+00  0.00000e+00
 -11363.20  6314.0625  1.10027e+00  1.10768e+00  1.10074e+00  0.00000e+00
 -11334.65  6314.6875  1.07363e+00  1.13745e+00  1.07390e+00  0.00000e+00
 -11306.09  6315.3125  9.95687e-01  9.32497e-01  9.95792e-01  0.00000e+00
 -11277.54  6315.9375  9.69101e-01  9.59096e-01  9.69121e-01  0.00000e+00
 -11248.99  6316.5625  9.87215e-01  9.93500e-01  9.87333e-01  0.00000e+00
 -11220.44  6317.1875  9.85961e-01  1.01928e+00  9.86079e-01  0.00000e+00
 -11191.89  6317.8125  9.61032e-01  9.24832e-01  9.61109e-01  0.00000e+00
 -11163.34  6318.4375  1.00155e+00  9.33069e-01  1.00165e+00  0.00000e+00
 -11134.79  6319.0625  1.07989e+00  1.20321e+00  1.07993e+00  0.00000e+00
 -11106.24  6319.6875  1.04603e+00  1.03263e+00  1.04624e+00  0.00000e+00
 -11077.69  6320.3125  9.81310e-01  9.39012e-01  9.81695e-01  0.00000e+00
 -11049.14  6320.9375  9.53920e-01  9.98394e-01  9.54273e-01  0.00000e+00
 -11020.58  6321.5625  9.62928e-01  8.46528e-01  9.63052e-01  0.00000e+00
 -10992.03  6322.1875  1.07231e+00  1.11651e+00  1.07237e+00  0.00000e+00
 -10963.48  6322.8125  1.14997e+00  1.22291e+00  1.15014e+00  0.00000e+00
 -10934.93  6323.4375  1.15009e+00  1.07724e+00  1.15025e+00  0.00000e+00
 -10906.38  6324.0625  1.16704e+00  1.21821e+00  1.16721e+00  0.00000e+00
 -10877.83  6324.6875  1.10167e+00  1.19974e+00  1.10165e+00  0.00000e+00
 -10849.28  6325.3125  9.48047e-01  8.33946e-01  9.47835e-01  0.00000e+00
 -10820.73  6325.9375  9.18496e-01  8.60922e-01  9.18447e-01  0.00000e+00
 -10792.18  6326.5625  9.93027e-01  1.05429e+00  9.93183e-01  0.00000e+00
 -10763.62  6327.1875  9.98592e-01  1.04708e+00  9.98829e-01  0.00000e+00
 -10735.07  6327.8125  9.61948e-01  8.61719e-01  9.62098e-01  0.00000e+00
 -10706.52  6328.4375  9.78868e-01  1.06080e+00  9.78992e-01  0.00000e+00
 -10677.97  6329.0625  9.66639e-01  9.33900e-01  9.66869e-01  0.00000e+00
 -10649.42  6329.6875  9.69189e-01  9.40005e-01  9.69489e-01  0.00000e+00
 -10620.87  6330.3125  1.02396e+00  1.03076e+00  1.02406e+00  0.00000e+00
 -10592.32  6330.9375  1.08847e+00  1.08329e+00  1.08862e+00  0.00000e+00
 -10563.77  6331.5625  1.10240e+00  1.19731e+00  1.10271e+00  0.00000e+00
 -10535.22  6332.1875  1.05297e+00  9.51220e-01  1.05302e+00  0.00000e+00
 -10506.67  6332.8125  1.05852e+00  1.09719e+00  1.05860e+00  0.00000e+00
 -10478.11  6333.4375  1.07432e+00  1.07104e+00  1.07458e+00  0.00000e+00
 -10449.56  6334.0625  1.09201e+00  1.05950e+00  1.09199e+00  0.00000e+00
 -10421.01  6334.6875  1.11495e+00  1.18143e+00  1.11495e+00  0.00000e+00
 -10392.46  6335.3125  1.09746e+00  1.04844e+00  1.09762e+00  0.00000e+00
 -10363.91  6335.9375  1.07599e+00  1.12264e+00  1.07639e+00  0.00000e+00
 -10335.36  6336.5625  9.91930e-01  1.04214e+00  9.92492e-01  0.00000e+00
 -10306.81  6337.1875  8.68680e-01  7.82607e-01  8.69125e-01  0.00000e+00
 -10278.26  6337.8125  8.63907e-01  8.01345e-01  8.64168e-01  0.00000e+00
 -10249.71  6338.4375  9.49038e-01  1.02132e+00  9.49222e-01  0.00000e+00
 -10221.16  6339.0625  9.77242e-01  9.84775e-01  9.77478e-01  0.00000e+00
 -10192.60  6339.6875  1.00302e+00  9.12286e-01  1.00324e+00  0.00000e+00
 -10164.05  6340.3125  1.05127e+00  1.20918e+00  1.05146e+00  0.00000e+00
 -10135.50  6340.9375  1.01972e+00  8.92329e-01  1.01989e+00  0.00000e+00
 -10106.95  6341.5625  1.04062e+00  1.08130e+00  1.04078e+00  0.00000e+00
 -10078.40  6342.1875  1.07891e+00  1.07962e+00  1.07930e+00  0.00000e+00
 -10049.85  6342.8125  1.09378e+00  1.09436e+00  1.09428e+00  0.00000e+00
 -10021.30  6343.4375  1.07525e+00  1.12927e+00  1.07570e+00  0.00000e+00
  -9992.75  6344.0625  1.02385e+00  9.57457e-01  1.02443e+00  0.00000e+00
  -9964.20  6344.6875  1.01853e+00  1.03821e+00  1.01935e+00  0.00000e+00
  -9935.65  6345.3125  1.06459e+00  9.98547e-01  1.06551e+00  0.00000e+00
  -9907.09  6345.9375  1.16331e+00  1.20041e+00  1.16378e+00  0.00000e+00
  -9878.54  6346.5625  1.19763e+00  1.29289e+00  1.19774e+00  0.00000e+00
  -9849.99  6347.1875  1.15308e+00  1.04004e+00  1.15279e+00  0.00000e+00
  -9821.44  6347.8125  1.19185e+00  1.19910e+00  1.19145e+00  0.00000e+00
  -9792.89  6348.4375  1.21968e+00  1.33648e+00  1.21956e+00  0.00000e+00
  -9764.34  6349.0625  1.15669e+00  1.04165e+00  1.15683e+00  0.00000e+00
  -9735.79  6349.6875  1.10663e+00  1.22732e+00  1.10680e+00  0.00000e+00
  -9707.24  6350.3125  1.03193e+00  9.12946e-01  1.03190e+00  0.00000e+00
  -9678.69  6350.9375  1.01497e+00  1.06886e+00  1.01473e+00  0.00000e+00
  -9650.13  6351.5625  1.01116e+00  9.83500e-01  1.01099e+00  0.00000e+00
  -9621.58  6352.1875  1.01986e+00  1.01223e+00  1.01973e+00  0.00000e+00
  -9593.03  6352.8125  1.04592e+00  1.05937e+00  1.04566e+00  0.00000e+00
  -9564.48  6353.4375  1.06869e+00  1.05259e+00  1.06854e+00  0.00000e+00
  -9535.93  6354.0625  1.08964e+00  1.11432e+00  1.08968e+00  0.00000e+00
  -9507.38  6354.6875  1.07596e+00  1.09088e+00  1.07594e+00  0.00000e+00
  -9478.83  6355.3125  9.98408e-01  1.05246e+00  9.98154e-01  0.00000e+00
  -9450.28  6355.9375  9.00308e-01  7.99116e-01  9.00072e-01  0.00000e+00
  -9421.73  6356.5625  9.07027e-01  9.03066e-01  9.07076e-01  0.00000e+00
  -9393.18  6357.1875  9.85788e-01  9.71780e-01  9.85926e-01  0.00000e+00
  -9364.62  6357.8125  1.06779e+00  1.10692e+00  1.06796e+00  0.00000e+00
  -9336.07  6358.4375  1.14262e+00  1.07478e+00  1.14256e+00  0.00000e+00
  -9307.52  6359.0625  1.19929e+00  1.33972e+00  1.19918e+00  0.00000e+00
  -9278.97  6359.6875  1.11190e+00  1.11161e+00  1.11200e+00  0.00000e+00
  -9250.42  6360.3125  1.00195e+00  9.01150e-01  1.00205e+00  0.00000e+00
  -9221.87  6360.9375  1.00130e+00  1.03639e+00  1.00118e+00  0.00000e+00
  -9193.32  6361.5625  1.02320e+00  1.00883e+00  1.02288e+00  0.00000e+00
  -9164.77  6362.1875  1.03198e+00  1.05625e+00  1.03152e+00  0.00000e+00
  -9136.22  6362.8125  1.02085e+00  1.00967e+00  1.02046e+00  0.00000e+00
  -9107.67  6363.4375  9.83827e-01  1.03102e+00  9.83781e-01  0.00000e+00
  -9079.11  6364.0625  9.29131e-01  8.65430e-01  9.29283e-01  0.00000e+00
  -9050.56  6364.6875  9.41131e-01  9.22358e-01  9.41240e-01  0.00000e+00
  -9022.01  6365.3125  9.92556e-01  1.03414e+00  9.92785e-01  0.00000e+00
  -8993.46  6365.9375  1.03684e+00  9.70808e-01  1.03711e+00  0.00000e+00
  -8964.91  6366.5625  1.05704e+00  1.20931e+00  1.05717e+00  0.00000e+00
  -8936.36  6367.1875  9.95219e-01  8.51494e-01  9.95454e-01  0.00000e+00
  -8907.81  6367.8125  9.60635e-01  1.09260e+00  9.60996e-01  0.00000e+00
  -8879.26  6368.4375  9.35354e-01  7.63215e-01  9.35548e-01  0.00000e+00
  -8850.71  6369.0625  1.03860e+00  1.07825e+00  1.03834e+00  0.00000e+00
  -8822.15  6369.6875  1.14995e+00  1.21463e+00  1.14972e+00  0.00000e+00
  -8793.60  6370.3125  1.16145e+00  1.15108e+00  1.16145e+00  0.00000e+00
  -8765.05  6370.9375  1.11927e+00  1.16560e+00  1.11931e+00  0.00000e+00
  -8736.50  6371.5625  1.04963e+00  1.00099e+00  1.04986e+00  0.00000e+00
  -8707.95  6372.1875  1.02889e+00  1.01094e+00  1.02948e+00  0.00000e+00
  -8679.40  6372.8125  1.06894e+00  1.05123e+00  1.06944e+00  0.00000e+00
  -8650.85  6373.4375  1.10756e+00  1.16825e+00  1.10765e+00  0.00000e+00
  -8622.30  6374.0625  1.06774e+00  1.08675e+00  1.06751e+00  0.00000e+00
  -8593.75  6374.6875  1.01599e+00  9.30327e-01  1.01560e+00  0.00000e+00
  -8565.20  6375.3125  1.02828e+00  1.09298e+00  1.02746e+00  0.00000e+00
  -8536.64  6375.9375  1.05177e+00  9.75456e-01  1.05121e+00  0.00000e+00
  -8508.09  6376.5625  1.12589e+00  1.14311e+00  1.12594e+00  0.00000e+00
  -8479.54  6377.1875  1.14708e+00  1.27440e+00  1.14719e+00  0.00000e+00
  -8450.99  6377.8125  1.04156e+00  9.49815e-01  1.04149e+00  0.00000e+00
  -8422.44  6378.4375  9.14958e-01  1.03786e+00  9.14689e-01  0.00000e+00
  -8393.89  6379.0625  8.32153e-01  5.64941e-01  8.31954e-01  0.00000e+00
  -8365.34  6379.6875  9.25365e-01  1.10694e+00  9.25279e-01  0.00000e+00
  -8336.79  6380.3125  9.55443e-01  9.24523e-01  9.55401e-01  0.00000e+00
  -8308.24  6380.9375  9.67471e-01  8.94234e-01  9.67484e-01  0.00000e+00
  -8279.69  6381.5625  1.04712e+00  1.12021e+00  1.04747e+00  0.00000e+00
  -8251.13  6382.1875  1.10365e+00  1.05127e+00  1.10417e+00  0.00000e+00
  -8222.58  6382.8125  1.12873e+00  1.22740e+00  1.12905e+00  0.00000e+00
  -8194.03  6383.4375  1.06416e+00  1.04447e+00  1.06405e+00  0.00000e+00
  -8165.48  6384.0625  9.88093e-01  9.57998e-01  9.87901e-01  0.00000e+00
  -8136.93  6384.6875  9.92056e-01  9.36446e-01  9.92386e-01  0.00000e+00
  -8108.38  6385.3125  1.04946e+00  1.12077e+00  1.05008e+00  0.00000e+00
  -8079.83  6385.9375  1.09631e+00  1.00463e+00  1.09662e+00  0.00000e+00
  -8051.28  6386.5625  1.12275e+00  1.29354e+00  1.12291e+00  0.00000e+00
  -8022.73  6387.1875  1.01823e+00  9.45306e-01  1.01854e+00  0.00000e+00
  -7994.17  6387.8125  9.14422e-01  9.16484e-01  9.14632e-01  0.00000e+00
  -7965.62  6388.4375  9.31617e-01  7.83212e-01  9.31731e-01  0.00000e+00
  -7937.07  6389.0625  1.05844e+00  1.20737e+00  1.05860e+00  0.00000e+00
  -7908.52  6389.6875  1.08622e+00  1.07166e+00  1.08623e+00  0.00000e+00
  -7879.97  6390.3125  1.06233e+00  1.03361e+00  1.06241e+00  0.00000e+00
  -7851.42  6390.9375  1.03762e+00  1.11753e+00  1.03791e+00  0.00000e+00
  -7822.87  6391.5625  1.02067e+00  8.55243e-01  1.02099e+00  0.00000e+00
  -7794.32  6392.1875  1.09472e+00  1.22785e+00  1.09504e+00  0.00000e+00
  -7765.77  6392.8125  1.06881e+00  1.10652e+00  1.06899e+00  0.00000e+00
  -7737.22  6393.4375  9.70441e-01  8.81569e-01  9.70729e-01  0.00000e+00
  -7708.66  6394.0625  9.50592e-01  9.72913e-01  9.50905e-01  0.00000e+00
  -7680.11  6394.6875  9.75888e-01  9.42182e-01  9.75800e-01  0.00000e+00
  -7651.56  6395.3125  1.05237e+00  1.01718e+00  1.05220e+00  0.00000e+00
  -7623.01  6395.9375  1.11265e+00  1.25098e+00  1.11241e+00  0.00000e+00
  -7594.46  6396.5625  1.03436e+00  9.95996e-01  1.03405e+00  0.00000e+00
  -7565.91  6397.1875  9.33732e-01  9.20713e-01  9.33624e-01  0.00000e+00
  -7537.36  6397.8125  8.95061e-01  8.51577e-01  8.95181e-01  0.00000e+00
  -7508.81  6398.4375  9.14361e-01  9.30790e-01  9.14500e-01  0.00000e+00
  -7480.26  6399.0625  9.43765e-01  9.32857e-01  9.44018e-01  0.00000e+00
  -7451.71  6399.6875  9.59138e-01  9.95013e-01  9.59646e-01  0.00000e+00
  -7423.15  6400.3125  9.66712e-01  9.11104e-01  9.67155e-01  0.00000e+00
  -7394.60  6400.9375  1.02498e+00  1.02220e+00  1.02499e+00  0.00000e+00
  -7366.05  6401.5625  1.05593e+00  1.16710e+00  1.05557e+00  0.00000e+00
  -7337.50  6402.1875  1.00809e+00  8.94570e-01  1.00773e+00  0.00000e+00
  -7308.95  6402.8125  1.00075e+00  1.07947e+00  1.00069e+00  0.00000e+00
  -7280.40  6403.4375  1.01702e+00  9.01004e-01  1.01689e+00  0.00000e+00
  -7251.85  6404.0625  1.02243e+00  1.23064e+00  1.02227e+00  0.00000e+00
  -7223.30  6404.6875  9.05901e-01  7.63088e-01  9.05587e-01  0.00000e+00
  -7194.75  6405.3125  8.84492e-01  8.35912e-01  8.84248e-01  0.00000e+00
  -7166.19  6405.9375  9.63968e-01  1.03958e+00  9.63876e-01  0.00000e+00
  -7137.64  6406.5625  1.01079e+00  9.49245e-01  1.01084e+00  0.00000e+00
  -7109.09  6407.1875  1.02808e+00  1.13952e+00  1.02865e+00  0.00000e+00
  -7080.54  6407.8125  9.46546e-01  9.24135e-01  9.47035e-01  0.00000e+00
  -7051.99  6408.4375  8.60119e-01  8.11013e-01  8.60264e-01  0.00000e+00
  -7023.44  6409.0625  8.63127e-01  8.38541e-01  8.62860e-01  0.00000e+00
  -6994.89  6409.6875  9.14430e-01  9.40752e-01  9.14054e-01  0.00000e+00
  -6966.34  6410.3125  9.62185e-01  9.39050e-01  9.62082e-01  0.00000e+00
  -6937.79  6410.9375  1.03749e+00  1.01129e+00  1.03730e+00  0.00000e+00
  -6909.24  6411.5625  1.08748e+00  1.20909e+00  1.08723e+00  0.00000e+00
  -6880.68  6412.1875  1.00746e+00  9.87786e-01  1.00746e+00  0.00000e+00
  -6852.13  6412.8125  9.39856e-01  8.35157e-01  9.39886e-01  0.00000e+00
  -6823.58  6413.4375  9.44457e-01  1.07362e+00  9.44111e-01  0.00000e+00
  -6795.03  6414.0625  8.97594e-01  8.06508e-01  8.97222e-01  0.00000e+00
  -6766.48  6414.6875  9.14590e-01  8.81598e-01  9.14299e-01  0.00000e+00
  -6737.93  6415.3125  9.76678e-01  1.05936e+00  9.76506e-01  0.00000e+00
  -6709.38  6415.9375  9.66298e-01  9.47974e-01  9.66280e-01  0.00000e+00
  -6680.83  6416.5625  9.90813e-01  8.87561e-01  9.90942e-01  0.00000e+00
  -6652.28  6417.1875  1.10416e+00  1.19659e+00  1.10458e+00  0.00000e+00
  -6623.73  6417.8125  1.13121e+00  1.17344e+00  1.13174e+00  0.00000e+00
  -6595.17  6418.4375  1.04211e+00  1.05813e+00  1.04241e+00  0.00000e+00
  -6566.62  6419.0625  9.48674e-01  8.68986e-01  9.48581e-01  0.00000e+00
  -6538.07  6419.6875  9.10499e-01  9.81258e-01  9.10190e-01  0.00000e+00
  -6509.52  6420.3125  8.78247e-01  7.93256e-01  8.78192e-01  0.00000e+00
  -6480.97  6420.9375  9.25718e-01  9.07579e-01  9.25774e-01  0.00000e+00
  -6452.42  6421.5625  9.72977e-01  1.10084e+00  9.72926e-01  0.00000e+00
  -6423.87  6422.1875  9.33151e-01  8.13588e-01  9.33116e-01  0.00000e+00
  -6395.32  6422.8125  9.29689e-01  1.01115e+00  9.29559e-01  0.00000e+00
  -6366.77  6423.4375  9.41900e-01  8.43944e-01  9.41643e-01  0.00000e+00
  -6338.21  6424.0625  9.78910e-01  1.08158e+00  9.78317e-01  0.00000e+00
  -6309.66  6424.6875  9.69822e-01  9.15767e-01  9.69251e-01  0.00000e+00
  -6281.11  6425.3125  9.95014e-01  9.53287e-01  9.94937e-01  0.00000e+00
  -6252.56  6425.9375  1.03451e+00  1.15774e+00  1.03441e+00  0.00000e+00
  -6224.01  6426.5625  1.00692e+00  8.86093e-01  1.00682e+00  0.00000e+00
  -6195.46  6427.1875  1.01057e+00  1.10647e+00  1.01067e+00  0.00000e+00
  -6166.91  6427.8125  9.86957e-01  9.34717e-01  9.87265e-01  0.00000e+00
  -6138.36  6428.4375  9.79183e-01  9.81559e-01  9.79534e-01  0.00000e+00
  -6109.81  6429.0625  1.02207e+00  9.77273e-01  1.02213e+00  0.00000e+00
  -6081.26  6429.6875  1.09365e+00  1.14555e+00  1.09331e+00  0.00000e+00
  -6052.70  6430.3125  1.12527e+00  1.12449e+00  1.12494e+00  0.00000e+00
  -6024.15  6430.9375  1.15082e+00  1.10438e+00  1.15091e+00  0.00000e+00
  -5995.60  6431.5625  1.14588e+00  1.30185e+00  1.14615e+00  0.00000e+00
  -5967.05  6432.1875  1.03040e+00  9.19276e-01  1.03035e+00  0.00000e+00
  -5938.50  6432.8125  1.00339e+00  9.46589e-01  1.00309e+00  0.00000e+00
  -5909.95  6433.4375  1.08113e+00  1.12826e+00  1.08098e+00  0.00000e+00
  -5881.40  6434.0625  1.05990e+00  1.19356e+00  1.05997e+00  0.00000e+00
  -5852.85  6434.6875  9.50385e-01  7.51478e-01  9.50529e-01  0.00000e+00
  -5824.30  6435.3125  9.61601e-01  1.06691e+00  9.61750e-01  0.00000e+00
  -5795.75  6435.9375  9.81041e-01  9.26257e-01  9.80848e-01  0.00000e+00
  -5767.19  6436.5625  9.92701e-01  1.02759e+00  9.92314e-01  0.00000e+00
  -5738.64  6437.1875  9.51443e-01  1.01898e+00  9.51370e-01  0.00000e+00
  -5710.09  6437.8125  8.97116e-01  7.36568e-01  8.97306e-01  0.00000e+00
  -5681.54  6438.4375  9.86582e-01  1.02904e+00  9.86661e-01  0.00000e+00
  -5652.99  6439.0625  1.06728e+00  1.14539e+00  1.06714e+00  0.00000e+00
  -5624.44  6439.6875  1.02636e+00  1.02366e+00  1.02597e+00  0.00000e+00
  -5595.89  6440.3125  9.71178e-01  9.22444e-01  9.70994e-01  0.00000e+00
  -5567.34  6440.9375  1.00028e+00  9.58740e-01  1.00053e+00  0.00000e+00
  -5538.79  6441.5625  1.02459e+00  1.17892e+00  1.02482e+00  0.00000e+00
  -5510.24  6442.1875  9.38399e-01  8.25950e-01  9.38451e-01  0.00000e+00
  -5481.68  6442.8125  9.20843e-01  9.03534e-01  9.20902e-01  0.00000e+00
  -5453.13  6443.4375  9.90951e-01  9.83819e-01  9.91192e-01  0.00000e+00
  -5424.58  6444.0625  1.03651e+00  1.12145e+00  1.03684e+00  0.00000e+00
  -5396.03  6444.6875  1.02418e+00  9.36438e-01  1.02430e+00  0.00000e+00
  -5367.48  6445.3125  1.03237e+00  1.10649e+00  1.03245e+00  0.00000e+00
  -5338.93  6445.9375  9.86944e-01  9.95734e-01  9.87049e-01  0.00000e+00
  -5310.38  6446.5625  8.93347e-01  8.86147e-01  8.93411e-01  0.00000e+00
  -5281.83  6447.1875  8.24602e-01  7.87492e-01  8.24650e-01  0.00000e+00
  -5253.28  6447.8125  8.23749e-01  8.01772e-01  8.23807e-01  0.00000e+00
  -5224.72  6448.4375  8.83149e-01  8.65428e-01  8.83378e-01  0.00000e+00
  -5196.17  6449.0625  9.37143e-01  1.01272e+00  9.37492e-01  0.00000e+00
  -5167.62  6449.6875  9.47418e-01  8.73981e-01  9.47459e-01  0.00000e+00
  -5139.07  6450.3125  1.02699e+00  9.95050e-01  1.02687e+00  0.00000e+00
  -5110.52  6450.9375  1.13443e+00  1.22503e+00  1.13421e+00  0.00000e+00
  -5081.97  6451.5625  1.11046e+00  1.16607e+00  1.11002e+00  0.00000e+00
  -5053.42  6452.1875  9.85297e-01  9.41414e-01  9.85096e-01  0.00000e+00
  -5024.87  6452.8125  9.01585e-01  8.76161e-01  9.01757e-01  0.00000e+00
  -4996.32  6453.4375  9.45670e-01  8.25375e-01  9.45883e-01  0.00000e+00
  -4967.77  6454.0625  1.09088e+00  1.21845e+00  1.09108e+00  0.00000e+00
  -4939.21  6454.6875  1.15839e+00  1.12728e+00  1.15868e+00  0.00000e+00
  -4910.66  6455.3125  1.18539e+00  1.19321e+00  1.18572e+00  0.00000e+00
  -4882.11  6455.9375  1.15554e+00  1.26226e+00  1.15573e+00  0.00000e+00
  -4853.56  6456.5625  1.05112e+00  9.32511e-01  1.05150e+00  0.00000e+00
  -4825.01  6457.1875  1.02742e+00  1.04785e+00  1.02754e+00  0.00000e+00
  -4796.46  6457.8125  1.04007e+00  1.04625e+00  1.03979e+00  0.00000e+00
  -4767.91  6458.4375  1.01849e+00  1.05090e+00  1.01825e+00  0.00000e+00
  -4739.36  6459.0625  9.88164e-01  9.24345e-01  9.88125e-01  0.00000e+00
  -4710.81  6459.6875  1.02759e+00  1.01693e+00  1.02754e+00  0.00000e+00
  -4682.26  6460.3125  1.07943e+00  1.14480e+00  1.07946e+00  0.00000e+00
  -4653.70  6460.9375  1.05648e+00  1.05072e+00  1.05666e+00  0.00000e+00
  -4625.15  6461.5625  1.00679e+00  9.97231e-01  1.00681e+00  0.00000e+00
  -4596.60  6462.1875  9.65547e-01  9.81180e-01  9.65564e-01  0.00000e+00
  -4568.05  6462.8125  9.70280e-01  8.62290e-01  9.70413e-01  0.00000e+00
  -4539.50  6463.4375  1.02504e+00  1.16912e+00  1.02510e+00  0.00000e+00
  -4510.95  6464.0625  9.97563e-01  9.21818e-01  9.97713e-01  0.00000e+00
  -4482.40  6464.6875  9.71653e-01  9.97896e-01  9.71766e-01  0.00000e+00
  -4453.85  6465.3125  9.61218e-01  9.48463e-01  9.61064e-01  0.00000e+00
  -4425.30  6465.9375  9.90474e-01  9.34249e-01  9.90264e-01  0.00000e+00
  -4396.74  6466.5625  1.11524e+00  1.07967e+00  1.11520e+00  0.00000e+00
  -4368.19  6467.1875  1.18486e+00  1.41831e+00  1.18518e+00  0.00000e+00
  -4339.64  6467.8125  1.05120e+00  9.12388e-01  1.05143e+00  0.00000e+00
  -4311.09  6468.4375  9.79595e-01  9.53256e-01  9.79629e-01  0.00000e+00
  -4282.54  6469.0625  1.04151e+00  1.00216e+00  1.04181e+00  0.00000e+00
  -4253.99  6469.6875  1.13501e+00  1.20319e+00  1.13553e+00  0.00000e+00
  -4225.44  6470.3125  1.14768e+00  1.16839e+00  1.14807e+00  0.00000e+00
  -4196.89  6470.9375  1.06517e+00  1.11269e+00  1.06547e+00  0.00000e+00
  -4168.34  6471.5625  9.34120e-01  8.87105e-01  9.34443e-01  0.00000e+00
  -4139.79  6472.1875  8.58379e-01  8.21357e-01  8.58756e-01  0.00000e+00
  -4111.23  6472.8125  8.55949e-01  8.66601e-01  8.56233e-01  0.00000e+00
  -4082.68  6473.4375  9.12848e-01  8.22001e-01  9.13101e-01  0.00000e+00
  -4054.13  6474.0625  9.90063e-01  1.15541e+00  9.90520e-01  0.00000e+00
  -4025.58  6474.6875  9.91258e-01  8.43191e-01  9.91835e-01  0.00000e+00
  -3997.03  6475.3125  1.08181e+00  1.08993e+00  1.08236e+00  0.00000e+00
  -3968.48  6475.9375  1.14840e+00  1.32004e+00  1.14871e+00  0.00000e+00
  -3939.93  6476.5625  1.10665e+00  9.03634e-01  1.10702e+00  0.00000e+00
  -3911.38  6477.1875  1.17299e+00  1.26257e+00  1.17353e+00  0.00000e+00
  -3882.83  6477.8125  1.16769e+00  1.28399e+00  1.16816e+00  3.70800e-10
  -3854.28  6478.4375  9.87429e-01  9.50648e-01  9.87622e-01  3.84998e-08
  -3825.72  6479.0625  8.80037e-01  7.16021e-01  8.80050e-01  1.20534e-06
  -3797.17  6479.6875  9.71754e-01  1.03231e+00  9.71985e-01  1.37861e-05
  -3768.62  6480.3125  1.04663e+00  1.10667e+00  1.04695e+00  6.36712e-05
  -3740.07  6480.9375  1.00500e+00  1.01647e+00  1.00499e+00  1.04592e-04
  -3711.52  6481.5625  9.51842e-01  8.82884e-01  9.51669e-01  5.19967e-05
  -3682.97  6482.1875  9.94260e-01  9.73701e-01  9.94190e-01  7.59917e-06
  -3654.42  6482.8125  1.09253e+00  1.10778e+00  1.09246e+00  9.26056e-06
  -3625.87  6483.4375  1.12040e+00  1.23380e+00  1.12026e+00  6.35479e-05
  -3597.32  6484.0625  1.06026e+00  9.38528e-01  1.06016e+00  1.21983e-04
  -3568.76  6484.6875  1.05775e+00  1.11463e+00  1.05788e+00  6.35450e-05
  -3540.21  6485.3125  1.03534e+00  1.06228e+00  1.03576e+00  8.98324e-06
  -3511.66  6485.9375  9.85361e-01  9.20553e-01  9.85697e-01  3.49820e-07
  -3483.11  6486.5625  9.92040e-01  1.01046e+00  9.92372e-01  5.02082e-07
  -3454.56  6487.1875  1.00724e+00  1.01521e+00  1.00757e+00  1.29979e-05
  -3426.01  6487.8125  9.94284e-01  1.01103e+00  9.94310e-01  9.23034e-05
  -3397.46  6488.4375  9.81660e-01  9.32426e-01  9.81666e-01  1.86732e-04
  -3368.91  6489.0625  9.94715e-01  1.04399e+00  9.94614e-01  1.69306e-04
  -3340.36  6489.6875  9.78292e-01  9.68759e-01  9.78083e-01  1.94373e-04
  -3311.81  6490.3125  9.67202e-01  9.31958e-01  9.67119e-01  1.63981e-04
  -3283.25  6490.9375  9.98797e-01  1.01341e+00  9.98785e-01  1.06798e-04
  -3254.70  6491.5625  1.03748e+00  1.02740e+00  1.03737e+00  1.45284e-04
  -3226.15  6492.1875  1.05525e+00  1.09805e+00  1.05524e+00  1.46885e-04
  -3197.60  6492.8125  1.01136e+00  1.02937e+00  1.01153e+00  6.42544e-05
  -3169.05  6493.4375  9.37144e-01  9.07612e-01  9.37035e-01  5.05341e-05
  -3140.50  6494.0625  9.15179e-01  8.72938e-01  9.14861e-01  1.43222e-04
  -3111.95  6494.6875  9.59923e-01  9.72883e-01  9.59507e-01  2.17288e-04
  -3083.40  6495.3125  1.02586e+00  1.00475e+00  1.02542e+00  2.93842e-04
  -3054.85  6495.9375  1.08661e+00  1.12422e+00  1.08615e+00  4.45297e-04
  -3026.30  6496.5625  1.05343e+00  1.15951e+00  1.05327e+00  3.51180e-04
  -2997.74  6497.1875  9.96560e-01  7.53445e-01  9.96575e-01  3.30018e-04
  -2969.19  6497.8125  1.06774e+00  1.29065e+00  1.06786e+00  4.92088e-04
  -2940.64  6498.4375  1.06258e+00  9.31460e-01  1.06242e+00  5.38091e-04
  -2912.09  6499.0625  1.06296e+00  1.13655e+00  1.06221e+00  3.58896e-04
  -2883.54  6499.6875  1.07979e+00  1.00819e+00  1.07879e+00  2.51757e-04
  -2854.99  6500.3125  1.13624e+00  1.15891e+00  1.13549e+00  2.76959e-04
  -2826.44  6500.9375  1.15978e+00  1.23143e+00  1.15923e+00  3.56528e-04
  -2797.89  6501.5625  1.08423e+00  1.07603e+00  1.08383e+00  4.39974e-04
  -2769.34  6502.1875  1.01935e+00  9.40058e-01  1.01936e+00  3.76903e-04
  -2740.78  6502.8125  9.95837e-01  1.11261e+00  9.95541e-01  3.03501e-04
  -2712.23  6503.4375  9.34280e-01  8.20469e-01  9.33724e-01  2.88360e-04
  -2683.68  6504.0625  9.55217e-01  9.52967e-01  9.54860e-01  2.94857e-04
  -2655.13  6504.6875  9.97487e-01  1.07437e+00  9.97184e-01  4.78597e-04
  -2626.58  6505.3125  9.41829e-01  9.44260e-01  9.41262e-01  7.08226e-04
  -2598.03  6505.9375  8.57537e-01  8.25685e-01  8.56916e-01  7.05647e-04
  -2569.48  6506.5625  8.51262e-01  7.85643e-01  8.50495e-01  8.35195e-04
  -2540.93  6507.1875  9.37345e-01  9.56134e-01  9.36360e-01  1.04586e-03
  -2512.38  6507.8125  9.87947e-01  1.07962e+00  9.86983e-01  1.02899e-03
  -2483.83  6508.4375  9.86225e-01  8.53021e-01  9.85068e-01  1.27034e-03
  -2455.27  6509.0625  1.07390e+00  1.12296e+00  1.07274e+00  1.24308e-03
  -2426.72  6509.6875  1.12654e+00  1.20159e+00  1.12529e+00  1.18666e-03
  -2398.17  6510.3125  1.02464e+00  1.07794e+00  1.02321e+00  1.20074e-03
  -2369.62  6510.9375  8.68408e-01  7.64362e-01  8.66898e-01  1.23120e-03
  -2341.07  6511.5625  8.35654e-01  8.02679e-01  8.34512e-01  1.24097e-03
  -2312.52  6512.1875  8.93260e-01  9.18212e-01  8.92214e-01  1.46020e-03
  -2283.97  6512.8125  9.43368e-01  9.42455e-01  9.41830e-01  1.97827e-03
  -2255.42  6513.4375  1.00322e+00  9.57853e-01  1.00148e+00  1.98373e-03
  -2226.87  6514.0625  1.04329e+00  1.18099e+00  1.04108e+00  1.98787e-03
  -2198.32  6514.6875  9.95504e-01  8.84268e-01  9.92878e-01  2.04823e-03
  -2169.76  6515.3125  1.01734e+00  1.00302e+00  1.01501e+00  1.92968e-03
  -2141.21  6515.9375  1.02761e+00  1.18854e+00  1.02530e+00  2.31169e-03
  -2112.66  6516.5625  9.09833e-01  7.86901e-01  9.06572e-01  3.34412e-03
  -2084.11  6517.1875  8.50028e-01  8.63457e-01  8.46455e-01  3.85964e-03
  -2055.56  6517.8125  8.38771e-01  8.48547e-01  8.35245e-01  3.98687e-03
  -2027.01  6518.4375  8.66322e-01  7.73795e-01  8.62670e-01  4.02141e-03
  -1998.46  6519.0625  9.94794e-01  1.01588e+00  9.90419e-01  4.50618e-03
  -1969.91  6519.6875  1.09880e+00  1.18969e+00  1.09393e+00  5.18158e-03
  -1941.36  6520.3125  1.12475e+00  1.03548e+00  1.12032e+00  5.00666e-03
  -1912.80  6520.9375  1.18039e+00  1.22619e+00  1.17643e+00  4.65958e-03
  -1884.25  6521.5625  1.13586e+00  1.29598e+00  1.13150e+00  5.12540e-03
  -1855.70  6522.1875  9.79680e-01  7.69302e-01  9.74841e-01  5.64203e-03
  -1827.15  6522.8125  9.78891e-01  1.01528e+00  9.73479e-01  6.19734e-03
  -1798.60  6523.4375  9.79496e-01  1.10804e+00  9.73594e-01  6.99537e-03
  -1770.05  6524.0625  8.93098e-01  7.28043e-01  8.86398e-01  7.96263e-03
  -1741.50  6524.6875  9.32660e-01  9.54622e-01  9.24513e-01  9.31433e-03
  -1712.95  6525.3125  1.00676e+00  1.05550e+00  9.97768e-01  1.02004e-02
  -1684.40  6525.9375  9.63411e-01  1.04138e+00  9.54500e-01  1.01938e-02
  -1655.85  6526.5625  8.47215e-01  7.53988e-01  8.37422e-01  1.12524e-02
  -1627.29  6527.1875  8.85899e-01  7.40124e-01  8.73983e-01  1.37172e-02
  -1598.74  6527.8125  1.01041e+00  1.28656e+00  9.97485e-01  1.49476e-02
  -1570.19  6528.4375  9.49925e-01  8.01656e-01  9.36144e-01  1.57614e-02
  -1541.64  6529.0625  9.50251e-01  8.98413e-01  9.34651e-01  1.78092e-02
  -1513.09  6529.6875  1.00933e+00  1.16817e+00  9.92470e-01  1.91933e-02
  -1484.54  6530.3125  9.84125e-01  8.29682e-01  9.65843e-01  2.09434e-02
  -1455.99  6530.9375  1.01471e+00  1.10434e+00  9.95502e-01  2.21979e-02
  -1427.44  6531.5625  1.00277e+00  1.02565e+00  9.81638e-01  2.41075e-02
  -1398.89  6532.1875  9.54491e-01  8.80492e-01  9.30341e-01  2.74489e-02
  -1370.34  6532.8125  9.63015e-01  1.00819e+00  9.36067e-01  3.08190e-02
  -1341.78  6533.4375  9.99114e-01  9.23879e-01  9.70928e-01  3.21595e-02
  -1313.23  6534.0625  1.07109e+00  1.13717e+00  1.04187e+00  3.32117e-02
  -1284.68  6534.6875  1.10503e+00  1.09218e+00  1.07306e+00  3.61661e-02
  -1256.13  6535.3125  1.08721e+00  1.13852e+00  1.05181e+00  4.02131e-02
  -1227.58  6535.9375  1.00543e+00  1.00942e+00  9.66245e-01  4.46020e-02
  -1199.03  6536.5625  9.20884e-01  8.70446e-01  8.78953e-01  4.71348e-02
  -1170.48  6537.1875  9.41435e-01  8.68619e-01  8.95794e-01  5.10277e-02
  -1141.93  6537.8125  1.04320e+00  1.11768e+00  9.92277e-01  5.72271e-02
  -1113.38  6538.4375  1.06604e+00  1.10840e+00  1.00923e+00  6.43532e-02
  -1084.83  6539.0625  1.00208e+00  9.84988e-01  9.38217e-01  7.28334e-02
  -1056.27  6539.6875  9.71187e-01  9.03744e-01  9.00130e-01  8.10440e-02
  -1027.72  6540.3125  9.98887e-01  1.06939e+00  9.21945e-01  8.74410e-02
   -999.17  6540.9375  1.00911e+00  9.47363e-01  9.28898e-01  9.11941e-02
   -970.62  6541.5625  1.02024e+00  1.09055e+00  9.37488e-01  9.44310e-02
   -942.07  6542.1875  1.00113e+00  9.50215e-01  9.10940e-01  1.02598e-01
   -913.52  6542.8125  9.76579e-01  1.03837e+00  8.75287e-01  1.14672e-01
   -884.97  6543.4375  9.83282e-01  8.41668e-01  8.74490e-01  1.23231e-01
   -856.42  6544.0625  1.12008e+00  1.15077e+00  1.00365e+00  1.32100e-01
   -827.87  6544.6875  1.21579e+00  1.35650e+00  1.08836e+00  1.44670e-01
   -799.31  6545.3125  1.14308e+00  1.09219e+00  1.00419e+00  1.57771e-01
   -770.76  6545.9375  1.09353e+00  1.02128e+00  9.43333e-01  1.70775e-01
   -742.21  6546.5625  1.13318e+00  1.19060e+00  9.72606e-01  1.82414e-01
   -713.66  6547.1875  1.16596e+00  1.12799e+00  9.94204e-01  1.94875e-01
   -685.11  6547.8125  1.22296e+00  1.20445e+00  1.03969e+00  2.07897e-01
   -656.56  6548.4375  1.24595e+00  1.38853e+00  1.05268e+00  2.19070e-01
   -628.01  6549.0625  1.21227e+00  1.00841e+00  1.00681e+00  2.32727e-01
   -599.46  6549.6875  1.30588e+00  1.39638e+00  1.08263e+00  2.53077e-01
   -570.91  6550.3125  1.33282e+00  1.44599e+00  1.09478e+00  2.69970e-01
   -542.36  6550.9375  1.23203e+00  1.11518e+00  9.83880e-01  2.81721e-01
   -513.80  6551.5625  1.22383e+00  1.20933e+00  9.64761e-01  2.94165e-01
   -485.25  6552.1875  1.30203e+00  1.30399e+00  1.03069e+00  3.08186e-01
   -456.70  6552.8125  1.40212e+00  1.38105e+00  1.11614e+00  3.24483e-01
   -428.15  6553.4375  1.49796e+00  1.54162e+00  1.19702e+00  3.41046e-01
   -399.60  6554.0625  1.47430e+00  1.60882e+00  1.16296e+00  3.53020e-01
   -371.05  6554.6875  1.37709e+00  1.15032e+00  1.05095e+00  3.70233e-01
   -342.50  6555.3125  1.40044e+00  1.57069e+00  1.05862e+00  3.88249e-01
   -313.95  6555.9375  1.40923e+00  1.27831e+00  1.05329e+00  4.04384e-01
   -285.40  6556.5625  1.47494e+00  1.49690e+00  1.08895e+00  4.38423e-01
   -256.85  6557.1875  1.43782e+00  1.69337e+00  9.94137e-01  5.03492e-01
   -228.29  6557.8125  1.24678e+00  9.54542e-01  6.47376e-01  6.79866e-01
   -199.74  6558.4375  1.62383e+00  1.06165e+00  4.97374e-01  1.27746e+00
   -171.19  6559.0625  2.76600e+00  3.00541e+00  7.29073e-01  2.31006e+00
   -142.64  6559.6875  3.75905e+00  4.05191e+00  1.00083e+00  3.12831e+00
   -114.09  6560.3125  4.18084e+00  4.26938e+00  1.07173e+00  3.52642e+00
    -85.54  6560.9375  4.31853e+00  4.28213e+00  1.05457e+00  3.70196e+00
    -56.99  6561.5625  4.41381e+00  4.45871e+00  1.09548e+00  3.76340e+00
    -28.44  6562.1875  4.44958e+00  4.48432e+00  1.11612e+00  3.78073e+00
      0.11  6562.8125  4.43915e+00  4.39246e+00  1.09086e+00  3.79789e+00
     28.67  6563.4375  4.42623e+00  4.49585e+00  1.07740e+00  3.79820e+00
     57.22  6564.0625  4.34567e+00  4.34681e+00  1.05148e+00  3.73584e+00
     85.77  6564.6875  4.19914e+00  4.23913e+00  1.04386e+00  3.57884e+00
    114.32  6565.3125  3.99632e+00  3.98996e+00  1.11378e+00  3.27022e+00
    142.87  6565.9375  3.69520e+00  3.82284e+00  1.20965e+00  2.82025e+00
    171.42  6566.5625  3.13642e+00  3.29016e+00  1.18885e+00  2.21000e+00
    199.97  6567.1875  2.36610e+00  2.25336e+00  1.05798e+00  1.48443e+00
    228.52  6567.8125  1.71273e+00  1.62031e+00  9.38930e-01  8.78059e-01
    257.07  6568.4375  1.38231e+00  1.15062e+00  8.72973e-01  5.77454e-01
    285.62  6569.0625  1.34040e+00  1.47985e+00  9.08067e-01  4.89756e-01
    314.18  6569.6875  1.31501e+00  1.20820e+00  8.98833e-01  4.71481e-01
    342.73  6570.3125  1.26602e+00  1.42176e+00  8.57002e-01  4.63238e-01
    371.28  6570.9375  1.16944e+00  9.99576e-01  7.69710e-01  4.52972e-01
    399.83  6571.5625  1.16695e+00  1.24075e+00  7.72589e-01  4.47380e-01
    428.38  6572.1875  1.21166e+00  1.12899e+00  8.28663e-01  4.34678e-01
    456.93  6572.8125  1.28733e+00  1.35503e+00  9.19215e-01  4.17738e-01
    485.48  6573.4375  1.32635e+00  1.31205e+00  9.68565e-01  4.05978e-01
    514.03  6574.0625  1.30682e+00  1.37481e+00  9.59579e-01  3.93832e-01
    542.58  6574.6875  1.24256e+00  1.18065e+00  9.06202e-01  3.81333e-01
    571.13  6575.3125  1.25927e+00  1.19367e+00  9.33293e-01  3.69598e-01
    599.69  6575.9375  1.37315e+00  1.40850e+00  1.06216e+00  3.52679e-01
    628.24  6576.5625  1.40838e+00  1.53457e+00  1.11841e+00  3.28874e-01
    656.79  6577.1875  1.31565e+00  1.21729e+00  1.04371e+00  3.08273e-01
    685.34  6577.8125  1.28022e+00  1.27249e+00  1.01945e+00  2.95429e-01
    713.89  6578.4375  1.28875e+00  1.32091e+00  1.03758e+00  2.84722e-01
    742.44  6579.0625  1.22451e+00  1.29431e+00  9.83274e-01  2.73564e-01
    770.99  6579.6875  1.12462e+00  9.93774e-01  8.94612e-01  2.60832e-01
    799.54  6580.3125  1.11642e+00  1.18506e+00  8.96379e-01  2.49651e-01
    828.09  6580.9375  1.12960e+00  1.06834e+00  9.21953e-01  2.35378e-01
    856.65  6581.5625  1.16014e+00  1.20392e+00  9.64305e-01  2.22257e-01
    885.20  6582.1875  1.16123e+00  1.17397e+00  9.76782e-01  2.10087e-01
    913.75  6582.8125  1.14931e+00  1.09509e+00  9.72286e-01  2.01678e-01
    942.30  6583.4375  1.12606e+00  1.25581e+00  9.54052e-01  1.95415e-01
    970.85  6584.0625  1.03932e+00  9.09079e-01  8.77077e-01  1.83776e-01
    999.40  6584.6875  1.01949e+00  1.07293e+00  8.67322e-01  1.72308e-01
   1027.95  6585.3125  1.04038e+00  9.72890e-01  8.97220e-01  1.62337e-01
   1056.50  6585.9375  1.06488e+00  1.16823e+00  9.31531e-01  1.51088e-01
   1085.05  6586.5625  1.06571e+00  9.39226e-01  9.40527e-01  1.41798e-01
   1113.60  6587.1875  1.14034e+00  1.19132e+00  1.02181e+00  1.34048e-01
   1142.16  6587.8125  1.16297e+00  1.26638e+00  1.05135e+00  1.26002e-01
   1170.71  6588.4375  1.11447e+00  9.52593e-01  1.01138e+00  1.16272e-01
   1199.26  6589.0625  1.13511e+00  1.27492e+00  1.03738e+00  1.10067e-01
   1227.81  6589.6875  1.11093e+00  1.03275e+00  1.01613e+00  1.06842e-01
   1256.36  6590.3125  1.09570e+00  1.11927e+00  1.00638e+00  1.00543e-01
   1284.91  6590.9375  1.06442e+00  1.11288e+00  9.82670e-01  9.21924e-02
   1313.46  6591.5625  1.00349e+00  9.29652e-01  9.28289e-01  8.50933e-02
   1342.01  6592.1875  1.03647e+00  9.89747e-01  9.66152e-01  7.96218e-02
   1370.56  6592.8125  1.11957e+00  1.20729e+00  1.05330e+00  7.52183e-02
   1399.11  6593.4375  1.08398e+00  1.14556e+00  1.01998e+00  7.25129e-02
   1427.67  6594.0625  9.98954e-01  8.53501e-01  9.37430e-01  6.98835e-02
   1456.22  6594.6875  1.00998e+00  1.11239e+00  9.54270e-01  6.37177e-02
   1484.77  6595.3125  1.04470e+00  9.17745e-01  9.95218e-01  5.62576e-02
   1513.32  6595.9375  1.12896e+00  1.22936e+00  1.08359e+00  5.09956e-02
   1541.87  6596.5625  1.12215e+00  1.17333e+00  1.07882e+00  4.85022e-02
   1570.42  6597.1875  1.00975e+00  9.83269e-01  9.67926e-01  4.69125e-02
   1598.97  6597.8125  9.50599e-01  8.58063e-01  9.11849e-01  4.39286e-02
   1627.52  6598.4375  9.71768e-01  1.07511e+00  9.34548e-01  4.25209e-02
   1656.07  6599.0625  9.89264e-01  8.52218e-01  9.53519e-01  4.09915e-02
   1684.63  6599.6875  1.02688e+00  1.20355e+00  9.91515e-01  4.04490e-02
   1713.18  6600.3125  9.85303e-01  8.57340e-01  9.49476e-01  4.06164e-02
   1741.73  6600.9375  9.96320e-01  1.01911e+00  9.62728e-01  3.81568e-02
   1770.28  6601.5625  1.01667e+00  1.07141e+00  9.86516e-01  3.44350e-02
   1798.83  6602.1875  9.79516e-01  9.38188e-01  9.51443e-01  3.19184e-02
   1827.38  6602.8125  9.63023e-01  9.66261e-01  9.36921e-01  2.95262e-02
   1855.93  6603.4375  9.90966e-01  9.44138e-01  9.66819e-01  2.70117e-02
   1884.48  6604.0625  1.02771e+00  1.11832e+00  1.00494e+00  2.51881e-02
   1913.03  6604.6875  1.00307e+00  9.49802e-01  9.81802e-01  2.35501e-02
   1941.58  6605.3125  9.81254e-01  1.00824e+00  9.61275e-01  2.25115e-02
   1970.14  6605.9375  9.75620e-01  9.33312e-01  9.56681e-01  2.16623e-02
   1998.69  6606.5625  9.70567e-01  1.04636e+00  9.52989e-01  2.02771e-02
   2027.24  6607.1875  9.68814e-01  8.33142e-01  9.51942e-01  1.92136e-02
   2055.79  6607.8125  1.05880e+00  1.13454e+00  1.04293e+00  1.79376e-02
   2084.34  6608.4375  1.13999e+00  1.11294e+00  1.12584e+00  1.58152e-02
   2112.89  6609.0625  1.14864e+00  1.26384e+00  1.13545e+00  1.45422e-02
   2141.44  6609.6875  1.06670e+00  9.84574e-01  1.05413e+00  1.39354e-02
   2169.99  6610.3125  1.01918e+00  1.02909e+00  1.00653e+00  1.43671e-02
   2198.54  6610.9375  9.96419e-01  1.00865e+00  9.83733e-01  1.49001e-02
   2227.09  6611.5625  9.47110e-01  9.62221e-01  9.34436e-01  1.47349e-02
   2255.65  6612.1875  9.09315e-01  8.44775e-01  8.97212e-01  1.38944e-02
   2284.20  6612.8125  9.50300e-01  9.42053e-01  9.39073e-01  1.29446e-02
   2312.75  6613.4375  9.94256e-01  1.07625e+00  9.83707e-01  1.19268e-02
   2341.30  6614.0625  9.86516e-01  8.98700e-01  9.76747e-01  1.08377e-02
   2369.85  6614.6875  9.96711e-01  1.07864e+00  9.88382e-01  9.49380e-03
   2398.40  6615.3125  9.54258e-01  9.47865e-01  9.46882e-01  8.78964e-03
   2426.95  6615.9375  9.10995e-01  8.46509e-01  9.03541e-01  8.96893e-03
   2455.50  6616.5625  9.19272e-01  9.76387e-01  9.12070e-01  8.59713e-03
   2484.05  6617.1875  8.78602e-01  9.02346e-01  8.71520e-01  8.29163e-03
   2512.61  6617.8125  8.18867e-01  7.47414e-01  8.11994e-01  7.86932e-03
   2541.16  6618.4375  8.62693e-01  8.14458e-01  8.56522e-01  6.85072e-03
   2569.71  6619.0625  9.32361e-01  1.07149e+00  9.26476e-01  6.68061e-03
   2598.26  6619.6875  9.06564e-01  8.09508e-01  9.00863e-01  6.62104e-03
   2626.81  6620.3125  9.13681e-01  9.29646e-01  9.08537e-01  5.78689e-03
   2655.36  6620.9375  8.94285e-01  1.00266e+00  8.89904e-01  4.67448e-03
   2683.91  6621.5625  8.39166e-01  6.47582e-01  8.35148e-01  4.54135e-03
   2712.46  6622.1875  9.54343e-01  9.86376e-01  9.50472e-01  4.81558e-03
   2741.01  6622.8125  1.13536e+00  1.13263e+00  1.13142e+00  5.09441e-03
   2769.56  6623.4375  1.20342e+00  1.37909e+00  1.19935e+00  5.19442e-03
   2798.12  6624.0625  1.09292e+00  1.00049e+00  1.08919e+00  4.49531e-03
   2826.67  6624.6875  9.90802e-01  1.00334e+00  9.87291e-01  4.26223e-03
   2855.22  6625.3125  9.11994e-01  9.34919e-01  9.08468e-01  4.24171e-03
   2883.77  6625.9375  8.62789e-01  7.55003e-01  8.59182e-01  4.07139e-03
   2912.32  6626.5625  9.24784e-01  9.54676e-01  9.21682e-01  3.61646e-03
   2940.87  6627.1875  1.00918e+00  1.01142e+00  1.00681e+00  3.15104e-03
   2969.42  6627.8125  1.05242e+00  1.08848e+00  1.05017e+00  2.86184e-03
   2997.97  6628.4375  1.01908e+00  1.06559e+00  1.01639e+00  3.31990e-03
   3026.52  6629.0625  9.42241e-01  8.72966e-01  9.39013e-01  3.73466e-03
   3055.07  6629.6875  9.05203e-01  9.48249e-01  9.02615e-01  3.05033e-03
   3083.63  6630.3125  9.01364e-01  8.16579e-01  8.99379e-01  2.43951e-03
   3112.18  6630.9375  9.58445e-01  1.00390e+00  9.56483e-01  2.12859e-03
   3140.73  6631.5625  9.88568e-01  1.01561e+00  9.86516e-01  1.93859e-03
   3169.28  6632.1875  9.64491e-01  9.55062e-01  9.62325e-01  2.03925e-03
   3197.83  6632.8125  9.48326e-01  9.23345e-01  9.46450e-01  2.24616e-03
   3226.38  6633.4375  9.41852e-01  9.92220e-01  9.40451e-01  2.10438e-03
   3254.93  6634.0625  9.19450e-01  8.59918e-01  9.18088e-01  1.82464e-03
   3283.48  6634.6875  9.39811e-01  9.50696e-01  9.38518e-01  1.61502e-03
   3312.03  6635.3125  9.77452e-01  9.84215e-01  9.76181e-01  1.77108e-03
   3340.58  6635.9375  1.02652e+00  9.83407e-01  1.02512e+00  1.97144e-03
   3369.14  6636.5625  1.09906e+00  1.14187e+00  1.09773e+00  1.64824e-03
   3397.69  6637.1875  1.07886e+00  1.18373e+00  1.07780e+00  1.40371e-03
   3426.24  6637.8125  9.44120e-01  8.69440e-01  9.42984e-01  1.27671e-03
   3454.79  6638.4375  9.18074e-01  7.85417e-01  9.16539e-01  1.28445e-03
   3483.34  6639.0625  9.97212e-01  1.18949e+00  9.95319e-01  1.36881e-03
   3511.89  6639.6875  9.54857e-01  8.69511e-01  9.52830e-01  1.53769e-03
   3540.44  6640.3125  9.20168e-01  9.10577e-01  9.18368e-01  1.52599e-03
   3568.99  6640.9375  9.56012e-01  9.37685e-01  9.54889e-01  9.56451e-04
   3597.54  6641.5625  1.03901e+00  1.00877e+00  1.03819e+00  6.01989e-04
   3626.10  6642.1875  1.08479e+00  1.23065e+00  1.08383e+00  6.45075e-04
   3654.65  6642.8125  9.58203e-01  9.58980e-01  9.57089e-01  6.34417e-04
   3683.20  6643.4375  8.18835e-01  6.95604e-01  8.17652e-01  6.77880e-04
   3711.75  6644.0625  8.45333e-01  8.25041e-01  8.44350e-01  7.37924e-04
   3740.30  6644.6875  8.80490e-01  1.04469e+00  8.79742e-01  6.23427e-04
   3768.85  6645.3125  8.19826e-01  6.37410e-01  8.19105e-01  5.50781e-04
   3797.40  6645.9375  8.45943e-01  9.47643e-01  8.45209e-01  5.72615e-04
   3825.95  6646.5625  9.12436e-01  7.89360e-01  9.11860e-01  6.49280e-04
   3854.50  6647.1875  1.01436e+00  1.13554e+00  1.01385e+00  6.24409e-04
   3883.05  6647.8125  1.03448e+00  1.02436e+00  1.03386e+00  5.61018e-04
   3911.61  6648.4375  1.04120e+00  9.63291e-01  1.04069e+00  3.76132e-04
   3940.16  6649.0625  1.06633e+00  1.21369e+00  1.06613e+00  2.74302e-04
   3968.71  6649.6875  9.80879e-01  9.19846e-01  9.80672e-01  3.60153e-04
   3997.26  6650.3125  9.17542e-01  8.75460e-01  9.17149e-01  4.39566e-04
   4025.81  6650.9375  9.74694e-01  9.17026e-01  9.74209e-01  3.79712e-04
   4054.36  6651.5625  1.08221e+00  1.17069e+00  1.08140e+00  4.16045e-04
   4082.91  6652.1875  1.09178e+00  1.11719e+00  1.09075e+00  6.26181e-04
   4111.46  6652.8125  1.01344e+00  1.02341e+00  1.01265e+00  7.99500e-04
   4140.01  6653.4375  9.71630e-01  8.54543e-01  9.71337e-01  6.26772e-04
   4168.56  6654.0625  1.02758e+00  1.11398e+00  1.02734e+00  3.02359e-04
   4197.12  6654.6875  1.04170e+00  1.03185e+00  1.04123e+00  1.83814e-04
   4225.67  6655.3125  9.71008e-01  1.06038e+00  9.70523e-01  1.97972e-04
   4254.22  6655.9375  8.70525e-01  7.23881e-01  8.70358e-01  3.61164e-04
   4282.77  6656.5625  8.69654e-01  9.41466e-01  8.69671e-01  4.31446e-04
   4311.32  6657.1875  8.83696e-01  8.45433e-01  8.83566e-01  3.42605e-04
   4339.87  6657.8125  9.26768e-01  8.91215e-01  9.26121e-01  3.29468e-04
   4368.42  6658.4375  9.56739e-01  1.09937e+00  9.55747e-01  2.91339e-04
   4396.97  6659.0625  9.13802e-01  7.52587e-01  9.13013e-01  2.33702e-04
   4425.52  6659.6875  9.39311e-01  1.04116e+00  9.38940e-01  3.16546e-04
   4454.08  6660.3125  9.37558e-01  9.15774e-01  9.37543e-01  3.15971e-04
   4482.63  6660.9375  9.50419e-01  8.80102e-01  9.50217e-01  2.62943e-04
   4511.18  6661.5625  1.03855e+00  1.07628e+00  1.03825e+00  2.20435e-04
   4539.73  6662.1875  1.03662e+00  1.18509e+00  1.03619e+00  1.82230e-04
   4568.28  6662.8125  9.37422e-01  7.32801e-01  9.36977e-01  1.75316e-04
   4596.83  6663.4375  9.74282e-01  1.05112e+00  9.73994e-01  9.95294e-05
   4625.38  6664.0625  1.04211e+00  1.01571e+00  1.04157e+00  3.04603e-05
   4653.93  6664.6875  1.06748e+00  1.12928e+00  1.06703e+00  4.56709e-05
   4682.48  6665.3125  1.01528e+00  1.02957e+00  1.01507e+00  8.30731e-05
   4711.03  6665.9375  9.17842e-01  9.00951e-01  9.17804e-01  4.32332e-05
   4739.59  6666.5625  8.36417e-01  8.32251e-01  8.36599e-01  6.11213e-06
   4768.14  6667.1875  8.01980e-01  7.50067e-01  8.02118e-01  2.81043e-07
   4796.69  6667.8125  8.39160e-01  8.39974e-01  8.38855e-01  1.46836e-06
   4825.24  6668.4375  8.98346e-01  9.10119e-01  8.97935e-01  1.69337e-05
   4853.79  6669.0625  9.15677e-01  9.59438e-01  9.15438e-01  7.89415e-05
   4882.34  6669.6875  8.63057e-01  8.77178e-01  8.62864e-01  1.30436e-04
   4910.89  6670.3125  8.46387e-01  7.11943e-01  8.46144e-01  6.95151e-05
   4939.44  6670.9375  9.86508e-01  9.96478e-01  9.86188e-01  4.24143e-05
   4967.99  6671.5625  1.07935e+00  1.27677e+00  1.07892e+00  7.34208e-05
   4996.54  6672.1875  9.96076e-01  8.50969e-01  9.95690e-01  1.02955e-04
   5025.10  6672.8125  9.94110e-01  9.72243e-01  9.93744e-01  1.48840e-04
   5053.65  6673.4375  1.01937e+00  1.16816e+00  1.01899e+00  1.14680e-04
   5082.20  6674.0625  9.77221e-01  7.83238e-01  9.77017e-01  8.56837e-05
   5110.75  6674.6875  1.01543e+00  1.16393e+00  1.01554e+00  5.73302e-05
   5139.30  6675.3125  9.89440e-01  9.50110e-01  9.89674e-01  1.88451e-05
   5167.85  6675.9375  9.02553e-01  9.66839e-01  9.02836e-01  6.92142e-06
   5196.40  6676.5625  8.93106e-01  6.35256e-01  8.93218e-01  3.32532e-05
   5224.95  6677.1875  9.84939e-01  1.33596e+00  9.84847e-01  6.36782e-05
   5253.50  6677.8125  8.98321e-01  6.71313e-01  8.98419e-01  3.31718e-05
   5282.06  6678.4375  8.80273e-01  9.33600e-01  8.80720e-01  4.69437e-06
   5310.61  6679.0625  9.58804e-01  8.87006e-01  9.59211e-01  6.53435e-07
   5339.16  6679.6875  1.07664e+00  1.12902e+00  1.07679e+00  1.23451e-05
   5367.71  6680.3125  1.14820e+00  1.17198e+00  1.14809e+00  8.73127e-05
   5396.26  6680.9375  1.10251e+00  1.19843e+00  1.10205e+00  1.67608e-04
   5424.81  6681.5625  9.55179e-01  8.88481e-01  9.54913e-01  8.73127e-05
   5453.36  6682.1875  8.74966e-01  8.10740e-01  8.75171e-01  1.23432e-05
   5481.91  6682.8125  8.86924e-01  9.43402e-01  8.87060e-01  4.73531e-07
   5510.46  6683.4375  9.27460e-01  8.24866e-01  9.27045e-01  7.98686e-09
   5539.01  6684.0625  1.06847e+00  1.06712e+00  1.06782e+00  2.93633e-07
   5567.57  6684.6875  1.18165e+00  1.33200e+00  1.18102e+00  7.65395e-06
   5596.12  6685.3125  1.11715e+00  1.08208e+00  1.11687e+00  5.41419e-05
   5624.67  6685.9375  9.72353e-01  1.03969e+00  9.72368e-01  1.03935e-04
   5653.22  6686.5625  8.49556e-01  6.90857e-01  8.49673e-01  5.43878e-05
   5681.77  6687.1875  8.78096e-01  9.09333e-01  8.78081e-01  1.40628e-05
   5710.32  6687.8125  9.21344e-01  9.85597e-01  9.21068e-01  4.56284e-05
   5738.87  6688.4375  8.95461e-01  8.48690e-01  8.95153e-01  8.70288e-05
   5767.42  6689.0625  9.20597e-01  8.67397e-01  9.20525e-01  4.53348e-05
   5795.97  6689.6875  9.83828e-01  1.08412e+00  9.84136e-01  6.40966e-06
   5824.52  6690.3125  9.68137e-01  9.27939e-01  9.68393e-01  3.18871e-07
   5853.08  6690.9375  8.94662e-01  9.88516e-01  8.94606e-01  1.90548e-06
   5881.63  6691.5625  8.09392e-01  6.58990e-01  8.09069e-01  1.34607e-05
   5910.18  6692.1875  8.82329e-01  8.54418e-01  8.81731e-01  2.58396e-05
   5938.73  6692.8125  1.00816e+00  1.13078e+00  1.00738e+00  1.34607e-05
   5967.28  6693.4375  1.02467e+00  9.68782e-01  1.02397e+00  1.90292e-06
   5995.83  6694.0625  1.01257e+00  1.06096e+00  1.01212e+00  7.30029e-08
   6024.38  6694.6875  9.69253e-01  9.66135e-01  9.69011e-01  7.60025e-10
   6052.93  6695.3125  9.28629e-01  8.83626e-01  9.28412e-01  0.00000e+00
   6081.48  6695.9375  9.23256e-01  9.66696e-01  9.23166e-01  0.00000e+00
   6110.04  6696.5625  9.09401e-01  8.70792e-01  9.09497e-01  0.00000e+00
   6138.59  6697.1875  9.00010e-01  9.40138e-01  9.00169e-01  0.00000e+00
   6167.14  6697.8125  8.97209e-01  8.31933e-01  8.97357e-01  0.00000e+00
   6195.69  6698.4375  9.36286e-01  9.75619e-01  9.36276e-01  0.00000e+00
   6224.24  6699.0625  9.86807e-01  9.41182e-01  9.86468e-01  0.00000e+00
   6252.79  6699.6875  1.03445e+00  1.10013e+00  1.03408e+00  0.00000e+00
   6281.34  6700.3125  9.87678e-01  1.04893e+00  9.87620e-01  0.00000e+00
   6309.89  6700.9375  8.98940e-01  7.70088e-01  8.98856e-01  0.00000e+00
   6338.44  6701.5625  9.36082e-01  9.43749e-01  9.35721e-01  0.00000e+00
   6366.99  6702.1875  1.00222e+00  1.06492e+00  1.00185e+00  0.00000e+00
   6395.55  6702.8125  1.00400e+00  9.73343e-01  1.00369e+00  0.00000e+00
   6424.10  6703.4375  1.02664e+00  9.94371e-01  1.02652e+00  0.00000e+00
   6452.65  6704.0625  1.08715e+00  1.12170e+00  1.08724e+00  0.00000e+00
   6481.20  6704.6875  1.10336e+00  1.13263e+00  1.10364e+00  0.00000e+00
   6509.75  6705.3125  1.04249e+00  1.07443e+00  1.04298e+00  0.00000e+00
   6538.30  6705.9375  9.49969e-01  9.03492e-01  9.50325e-01  0.00000e+00
   6566.85  6706.5625  9.29187e-01  8.78219e-01  9.29515e-01  0.00000e+00
   6595.40  6707.1875  9.81388e-01  1.01549e+00  9.81833e-01  0.00000e+00
   6623.95  6707.8125  9.93920e-01  1.04028e+00  9.94496e-01  0.00000e+00
   6652.50  6708.4375  9.55013e-01  9.07303e-01  9.55463e-01  0.00000e+00
   6681.06  6709.0625  9.60361e-01  9.42271e-01  9.60338e-01  0.00000e+00
   6709.61  6709.6875  9.92852e-01  1.03024e+00  9.92712e-01  0.00000e+00
   6738.16  6710.3125  9.63442e-01  1.01140e+00  9.63380e-01  0.00000e+00
   6766.71  6710.9375  9.27439e-01  7.92535e-01  9.27609e-01  0.00000e+00
   6795.26  6711.5625  9.96218e-01  1.06802e+00  9.96741e-01  0.00000e+00
   6823.81  6712.1875  1.02982e+00  1.06706e+00  1.03031e+00  0.00000e+00
   6852.36  6712.8125  1.02751e+00  9.39567e-01  1.02795e+00  0.00000e+00
   6880.91  6713.4375  1.09990e+00  1.12214e+00  1.10034e+00  0.00000e+00
   6909.46  6714.0625  1.12253e+00  1.24370e+00  1.12265e+00  0.00000e+00
   6938.02  6714.6875  1.00328e+00  9.60050e-01  1.00325e+00  0.00000e+00
   6966.57  6715.3125  9.38214e-01  8.15190e-01  9.38241e-01  0.00000e+00
   6995.12  6715.9375  9.95938e-01  1.10578e+00  9.96086e-01  0.00000e+00
   7023.67  6716.5625  1.03234e+00  9.48699e-01  1.03256e+00  0.00000e+00
   7052.22  6717.1875  1.08183e+00  1.13890e+00  1.08204e+00  0.00000e+00
   7080.77  6717.8125  1.08334e+00  1.11592e+00  1.08347e+00  0.00000e+00
   7109.32  6718.4375  1.03262e+00  9.97555e-01  1.03302e+00  0.00000e+00
   7137.87  6719.0625  1.03435e+00  9.86282e-01  1.03516e+00  0.00000e+00
   7166.42  6719.6875  1.08255e+00  1.14101e+00  1.08330e+00  0.00000e+00
   7194.97  6720.3125  1.04267e+00  1.11513e+00  1.04289e+00  0.00000e+00
   7223.53  6720.9375  9.32801e-01  8.28416e-01  9.32610e-01  0.00000e+00
   7252.08  6721.5625  8.78201e-01  9.48512e-01  8.78122e-01  0.00000e+00
   7280.63  6722.1875  8.72425e-01  7.35230e-01  8.72688e-01  0.00000e+00
   7309.18  6722.8125  9.72101e-01  1.03109e+00  9.72642e-01  0.00000e+00
   7337.73  6723.4375  1.02613e+00  1.10758e+00  1.02640e+00  0.00000e+00
   7366.28  6724.0625  9.71792e-01  9.18213e-01  9.71645e-01  0.00000e+00
   7394.83  6724.6875  9.25809e-01  9.49108e-01  9.25557e-01  0.00000e+00
   7423.38  6725.3125  9.27363e-01  8.46843e-01  9.27396e-01  0.00000e+00
   7451.93  6725.9375  1.01590e+00  1.02718e+00  1.01597e+00  0.00000e+00
   7480.48  6726.5625  1.10101e+00  1.15409e+00  1.10055e+00  0.00000e+00
   7509.04  6727.1875  1.04756e+00  1.16251e+00  1.04704e+00  0.00000e+00
   7537.59  6727.8125  9.24254e-01  7.31793e-01  9.24353e-01  0.00000e+00
   7566.14  6728.4375  9.73277e-01  9.91235e-01  9.73837e-01  0.00000e+00
   7594.69  6729.0625  1.06967e+00  1.13934e+00  1.07038e+00  0.00000e+00
   7623.24  6729.6875  1.07601e+00  1.06343e+00  1.07637e+00  0.00000e+00
   7651.79  6730.3125  1.04959e+00  1.05880e+00  1.04947e+00  0.00000e+00
   7680.34  6730.9375  1.00474e+00  1.02426e+00  1.00477e+00  0.00000e+00
   7708.89  6731.5625  9.32625e-01  9.25731e-01  9.33045e-01  0.00000e+00
   7737.44  6732.1875  8.61502e-01  8.62686e-01  8.61799e-01  0.00000e+00
   7765.99  6732.8125  8.69640e-01  7.34448e-01  8.69934e-01  0.00000e+00
   7794.55  6733.4375  9.73071e-01  1.11633e+00  9.73459e-01  0.00000e+00
   7823.10  6734.0625  1.00339e+00  9.39947e-01  1.00358e+00  0.00000e+00
   7851.65  6734.6875  9.93480e-01  1.06446e+00  9.93678e-01  0.00000e+00
   7880.20  6735.3125  9.42106e-01  9.13744e-01  9.42147e-01  0.00000e+00
   7908.75  6735.9375  9.27276e-01  8.56849e-01  9.27028e-01  0.00000e+00
   7937.30  6736.5625  9.64082e-01  1.06269e+00  9.63910e-01  0.00000e+00
   7965.85  6737.1875  9.62107e-01  8.80076e-01  9.61965e-01  0.00000e+00
   7994.40  6737.8125  9.96574e-01  1.02102e+00  9.96236e-01  0.00000e+00
   8022.95  6738.4375  1.03305e+00  1.05211e+00  1.03258e+00  0.00000e+00
   8051.51  6739.0625  1.01738e+00  1.03440e+00  1.01707e+00  0.00000e+00
   8080.06  6739.6875  9.04746e-01  1.02168e+00  9.04836e-01  0.00000e+00
   8108.61  6740.3125  7.89117e-01  5.11376e-01  7.89201e-01  0.00000e+00
   8137.16  6740.9375  8.90199e-01  1.02863e+00  8.89938e-01  0.00000e+00
   8165.71  6741.5625  9.92539e-01  9.53740e-01  9.92354e-01  0.00000e+00
   8194.26  6742.1875  1.03084e+00  1.09994e+00  1.03087e+00  0.00000e+00
   8222.81  6742.8125  1.01741e+00  9.84884e-01  1.01718e+00  0.00000e+00
   8251.36  6743.4375  1.04752e+00  9.78358e-01  1.04705e+00  0.00000e+00
   8279.91  6744.0625  1.15466e+00  1.20577e+00  1.15441e+00  0.00000e+00
   8308.46  6744.6875  1.20480e+00  1.25703e+00  1.20497e+00  0.00000e+00
   8337.02  6745.3125  1.15430e+00  1.15960e+00  1.15469e+00  0.00000e+00
   8365.57  6745.9375  1.08654e+00  1.04914e+00  1.08672e+00  0.00000e+00
   8394.12  6746.5625  1.07393e+00  1.05613e+00  1.07378e+00  0.00000e+00
   8422.67  6747.1875  1.08482e+00  1.11677e+00  1.08459e+00  0.00000e+00
   8451.22  6747.8125  1.01356e+00  1.10879e+00  1.01342e+00  0.00000e+00
   8479.77  6748.4375  9.10485e-01  7.19455e-01  9.10410e-01  0.00000e+00
   8508.32  6749.0625  9.70095e-01  1.02425e+00  9.70095e-01  0.00000e+00
   8536.87  6749.6875  1.05850e+00  1.07786e+00  1.05869e+00  0.00000e+00
   8565.42  6750.3125  1.09484e+00  1.09576e+00  1.09510e+00  0.00000e+00
   8593.97  6750.9375  1.12324e+00  1.10507e+00  1.12370e+00  0.00000e+00
   8622.53  6751.5625  1.11219e+00  1.22181e+00  1.11300e+00  0.00000e+00
   8651.08  6752.1875  1.03357e+00  9.18560e-01  1.03421e+00  0.00000e+00
   8679.63  6752.8125  1.01062e+00  1.06794e+00  1.01087e+00  0.00000e+00
   8708.18  6753.4375  1.01846e+00  9.41778e-01  1.01847e+00  0.00000e+00
   8736.73  6754.0625  1.00757e+00  1.16503e+00  1.00727e+00  0.00000e+00
   8765.28  6754.6875  9.22743e-01  7.65793e-01  9.22602e-01  0.00000e+00
   8793.83  6755.3125  8.96749e-01  9.96032e-01  8.96805e-01  0.00000e+00
   8822.38  6755.9375  8.81534e-01  7.98250e-01  8.81439e-01  0.00000e+00
   8850.93  6756.5625  9.62239e-01  8.87695e-01  9.62026e-01  0.00000e+00
   8879.49  6757.1875  1.08606e+00  1.25883e+00  1.08590e+00  0.00000e+00
   8908.04  6757.8125  1.05620e+00  1.00941e+00  1.05597e+00  0.00000e+00
   8936.59  6758.4375  9.97207e-01  9.81426e-01  9.97091e-01  0.00000e+00
   8965.14  6759.0625  9.99317e-01  9.63220e-01  9.99537e-01  0.00000e+00
   8993.69  6759.6875  9.93142e-01  1.11760e+00  9.93354e-01  0.00000e+00
   9022.24  6760.3125  9.77002e-01  7.50179e-01  9.77009e-01  0.00000e+00
   9050.79  6760.9375  1.11201e+00  1.23437e+00  1.11221e+00  0.00000e+00
   9079.34  6761.5625  1.16402e+00  1.25416e+00  1.16439e+00  0.00000e+00
   9107.89  6762.1875  1.05987e+00  1.01082e+00  1.06011e+00  0.00000e+00
   9136.44  6762.8125  9.82147e-01  9.48819e-01  9.82205e-01  0.00000e+00
   9165.00  6763.4375  9.76941e-01  9.77447e-01  9.77065e-01  0.00000e+00
   9193.55  6764.0625  1.01287e+00  9.78677e-01  1.01325e+00  0.00000e+00
   9222.10  6764.6875  1.07663e+00  1.10628e+00  1.07711e+00  0.00000e+00
   9250.65  6765.3125  1.11736e+00  1.12730e+00  1.11764e+00  0.00000e+00
   9279.20  6765.9375  1.15314e+00  1.10391e+00  1.15351e+00  0.00000e+00
   9307.75  6766.5625  1.16759e+00  1.30532e+00  1.16805e+00  0.00000e+00
   9336.30  6767.1875  1.09012e+00  9.83683e-01  1.09040e+00  0.00000e+00
   9364.85  6767.8125  1.03190e+00  1.10084e+00  1.03196e+00  0.00000e+00
   9393.40  6768.4375  9.61982e-01  9.29836e-01  9.61936e-01  0.00000e+00
   9421.95  6769.0625  9.20365e-01  8.87735e-01  9.20589e-01  0.00000e+00
   9450.51  6769.6875  9.90756e-01  8.93281e-01  9.91143e-01  0.00000e+00
   9479.06  6770.3125  1.08120e+00  1.30745e+00  1.08167e+00  0.00000e+00
   9507.61  6770.9375  1.04136e+00  8.53586e-01  1.04201e+00  0.00000e+00
   9536.16  6771.5625  1.07276e+00  1.14631e+00  1.07329e+00  0.00000e+00
   9564.71  6772.1875  1.09718e+00  1.11922e+00  1.09750e+00  0.00000e+00
   9593.26  6772.8125  1.03180e+00  1.07771e+00  1.03183e+00  0.00000e+00
   9621.81  6773.4375  9.82249e-01  8.20897e-01  9.81951e-01  0.00000e+00
   9650.36  6774.0625  1.03206e+00  1.17575e+00  1.03177e+00  0.00000e+00
   9678.91  6774.6875  9.85721e-01  9.92833e-01  9.85486e-01  0.00000e+00
   9707.47  6775.3125  9.06556e-01  8.04539e-01  9.06458e-01  0.00000e+00
   9736.02  6775.9375  8.97780e-01  9.95524e-01  8.97611e-01  0.00000e+00
   9764.57  6776.5625  8.72055e-01  7.85909e-01  8.71839e-01  0.00000e+00
   9793.12  6777.1875  8.87441e-01  9.14355e-01  8.87185e-01  0.00000e+00
   9821.67  6777.8125  8.93320e-01  9.34821e-01  8.93110e-01  0.00000e+00
   9850.22  6778.4375  8.76531e-01  7.97100e-01  8.76264e-01  0.00000e+00
   9878.77  6779.0625  9.01222e-01  9.65831e-01  9.00819e-01  0.00000e+00
   9907.32  6779.6875  9.05176e-01  8.75591e-01  9.04969e-01  0.00000e+00
   9935.87  6780.3125  9.25479e-01  9.04557e-01  9.25519e-01  0.00000e+00
   9964.42  6780.9375  9.97629e-01  9.80328e-01  9.97580e-01  0.00000e+00
   9992.98  6781.5625  1.06208e+00  1.13421e+00  1.06186e+00  0.00000e+00
  10021.53  6782.1875  1.03448e+00  1.05205e+00  1.03446e+00  0.00000e+00
  10050.08  6782.8125  1.00284e+00  8.92980e-01  1.00263e+00  0.00000e+00
  10078.63  6783.4375  1.03241e+00  1.15366e+00  1.03169e+00  0.00000e+00
  10107.18  6784.0625  9.87840e-01  9.52384e-01  9.87224e-01  0.00000e+00
  10135.73  6784.6875  9.21862e-01  9.21444e-01  9.21600e-01  0.00000e+00
  10164.28  6785.3125  8.95072e-01  8.61599e-01  8.94975e-01  0.00000e+00
  10192.83  6785.9375  9.30487e-01  9.02772e-01  9.30620e-01  0.00000e+00
  10221.38  6786.5625  1.00388e+00  1.03502e+00  1.00415e+00  0.00000e+00
  10249.93  6787.1875  1.04859e+00  1.05796e+00  1.04872e+00  0.00000e+00
  10278.49  6787.8125  1.07845e+00  1.05457e+00  1.07836e+00  0.00000e+00
  10307.04  6788.4375  1.14641e+00  1.11783e+00  1.14621e+00  0.00000e+00
  10335.59  6789.0625  1.19432e+00  1.32093e+00  1.19421e+00  0.00000e+00
  10364.14  6789.6875  1.16372e+00  1.03762e+00  1.16402e+00  0.00000e+00
  10392.69  6790.3125  1.15257e+00  1.27618e+00  1.15273e+00  0.00000e+00
  10421.24  6790.9375  1.09777e+00  1.02426e+00  1.09750e+00  0.00000e+00
  10449.79  6791.5625  1.13204e+00  1.01566e+00  1.13169e+00  0.00000e+00
  10478.34  6792.1875  1.20122e+00  1.47272e+00  1.20115e+00  0.00000e+00
  10506.89  6792.8125  1.06251e+00  9.32894e-01  1.06280e+00  0.00000e+00
  10535.45  6793.4375  9.75261e-01  9.03093e-01  9.75724e-01  0.00000e+00
  10564.00  6794.0625  9.86442e-01  1.10563e+00  9.86938e-01  0.00000e+00
  10592.55  6794.6875  9.77209e-01  8.29079e-01  9.77480e-01  0.00000e+00
  10621.10  6795.3125  1.08566e+00  1.09193e+00  1.08548e+00  0.00000e+00
  10649.65  6795.9375  1.16856e+00  1.34448e+00  1.16830e+00  0.00000e+00
  10678.20  6796.5625  1.08505e+00  9.73146e-01  1.08475e+00  0.00000e+00
  10706.75  6797.1875  1.03496e+00  1.05278e+00  1.03445e+00  0.00000e+00
  10735.30  6797.8125  1.05691e+00  9.96788e-01  1.05634e+00  0.00000e+00
  10763.85  6798.4375  1.10016e+00  1.18831e+00  1.09947e+00  0.00000e+00
  10792.40  6799.0625  1.08753e+00  1.04484e+00  1.08672e+00  0.00000e+00
  10820.96  6799.6875  1.08126e+00  1.07688e+00  1.08072e+00  0.00000e+00
  10849.51  6800.3125  1.07667e+00  1.12622e+00  1.07655e+00  0.00000e+00
  10878.06  6800.9375  1.06560e+00  9.73982e-01  1.06574e+00  0.00000e+00
  10906.61  6801.5625  1.13588e+00  1.14832e+00  1.13581e+00  0.00000e+00
  10935.16  6802.1875  1.18242e+00  1.28503e+00  1.18217e+00  0.00000e+00
  10963.71  6802.8125  1.10824e+00  1.07376e+00  1.10804e+00  0.00000e+00
  10992.26  6803.4375  1.01975e+00  1.01963e+00  1.01961e+00  0.00000e+00
  11020.81  6804.0625  9.88881e-01  9.18611e-01  9.88685e-01  0.00000e+00
  11049.36  6804.6875  1.00582e+00  1.08811e+00  1.00551e+00  0.00000e+00
  11077.91  6805.3125  1.00091e+00  9.24529e-01  1.00062e+00  0.00000e+00
  11106.47  6805.9375  1.02625e+00  1.06100e+00  1.02580e+00  0.00000e+00
  11135.02  6806.5625  1.00116e+00  1.08536e+00  1.00060e+00  0.00000e+00
  11163.57  6807.1875  9.15987e-01  8.02611e-01  9.15635e-01  0.00000e+00
  11192.12  6807.8125  9.53771e-01  9.05075e-01  9.53565e-01  0.00000e+00
  11220.67  6808.4375  1.02809e+00  1.19101e+00  1.02784e+00  0.00000e+00
  11249.22  6809.0625  9.91064e-01  8.66472e-01  9.90926e-01  0.00000e+00
  11277.77  6809.6875  9.79020e-01  1.05817e+00  9.78972e-01  0.00000e+00
  11306.32  6810.3125  1.00104e+00  8.79119e-01  1.00113e+00  0.00000e+00
  11334.87  6810.9375  1.06817e+00  1.19806e+00  1.06856e+00  0.00000e+00
  11363.43  6811.5625  1.11325e+00  9.73636e-01  1.11344e+00  0.00000e+00
  11391.98  6812.1875  1.18120e+00  1.32462e+00  1.18116e+00  0.00000e+00
  11420.53  6812.8125  1.11218e+00  1.16033e+00  1.11230e+00  0.00000e+00
  11449.08  6813.4375  9.64208e-01  8.54500e-01  9.64383e-01  0.00000e+00
  11477.63  6814.0625  9.41306e-01  9.16234e-01  9.41417e-01  0.00000e+00
  11506.18  6814.6875  9.74454e-01  1.04697e+00  9.74141e-01  0.00000e+00
  11534.73  6815.3125  9.60470e-01  9.15262e-01  9.60124e-01  0.00000e+00
  11563.28  6815.9375  1.00931e+00  9.20598e-01  1.00933e+00  0.00000e+00
  11591.83  6816.5625  1.06391e+00  1.29886e+00  1.06389e+00  0.00000e+00
  11620.38  6817.1875  9.55972e-01  8.01317e-01  9.55824e-01  0.00000e+00
  11648.94  6817.8125  9.41547e-01  8.92136e-01  9.41401e-01  0.00000e+00
  11677.49  6818.4375  1.02405e+00  1.11725e+00  1.02406e+00  0.00000e+00
  11706.04  6819.0625  1.04163e+00  9.99889e-01  1.04180e+00  0.00000e+00
  11734.59  6819.6875  1.03804e+00  1.07615e+00  1.03815e+00  0.00000e+00
  11763.14  6820.3125  1.02780e+00  9.86210e-01  1.02781e+00  0.00000e+00
  11791.69  6820.9375  9.97950e-01  1.09151e+00  9.97801e-01  0.00000e+00
  11820.24  6821.5625  9.23033e-01  8.27862e-01  9.22929e-01  0.00000e+00
  11848.79  6822.1875  8.98145e-01  9.42846e-01  8.98296e-01  0.00000e+00
  11877.34  6822.8125  9.58394e-01  8.00913e-01  9.58788e-01  0.00000e+00
  11905.89  6823.4375  1.11122e+00  1.27122e+00  1.11170e+00  0.00000e+00
  11934.45  6824.0625  1.19795e+00  1.10378e+00  1.19838e+00  0.00000e+00
  11963.00  6824.6875  1.25150e+00  1.36173e+00  1.25162e+00  0.00000e+00
  11991.55  6825.3125  1.20626e+00  1.21093e+00  1.20592e+00  0.00000e+00
  12020.10  6825.9375  1.09086e+00  1.09695e+00  1.09050e+00  0.00000e+00
  12048.65  6826.5625  1.01950e+00  9.21256e-01  1.01932e+00  0.00000e+00
  12077.20  6827.1875  1.05456e+00  1.08531e+00  1.05449e+00  0.00000e+00
  12105.75  6827.8125  1.06378e+00  1.13877e+00  1.06362e+00  0.00000e+00
  12134.30  6828.4375  9.83141e-01  9.41848e-01  9.82828e-01  0.00000e+00
  12162.85  6829.0625  9.22877e-01  9.02804e-01  9.22631e-01  0.00000e+00
  12191.40  6829.6875  9.05726e-01  9.14594e-01  9.05804e-01  0.00000e+00
  12219.96  6830.3125  8.80455e-01  9.03514e-01  8.80651e-01  0.00000e+00
  12248.51  6830.9375  8.88584e-01  7.69844e-01  8.88344e-01  0.00000e+00
  12277.06  6831.5625  9.75868e-01  1.07739e+00  9.75589e-01  0.00000e+00
  12305.61  6832.1875  9.46560e-01  1.04165e+00  9.46800e-01  0.00000e+00
  12334.16  6832.8125  8.32144e-01  6.67771e-01  8.32532e-01  0.00000e+00
  12362.71  6833.4375  8.66206e-01  8.77719e-01  8.66223e-01  0.00000e+00
  12391.26  6834.0625  9.30058e-01  1.01501e+00  9.29589e-01  0.00000e+00
  12419.81  6834.6875  8.84256e-01  8.82249e-01  8.83848e-01  0.00000e+00
  12448.36  6835.3125  8.63551e-01  7.39666e-01  8.63543e-01  0.00000e+00
  12476.92  6835.9375  9.89343e-01  1.01173e+00  9.89628e-01  0.00000e+00
  12505.47  6836.5625  1.09129e+00  1.20761e+00  1.09148e+00  0.00000e+00
  12534.02  6837.1875  1.05092e+00  1.01377e+00  1.05087e+00  0.00000e+00
  12562.57  6837.8125  9.94263e-01  9.88631e-01  9.94296e-01  0.00000e+00
  12591.12  6838.4375  1.00141e+00  9.35655e-01  1.00143e+00  0.00000e+00
  12619.67  6839.0625  1.05498e+00  1.13150e+00  1.05501e+00  0.00000e+00
  12648.22  6839.6875  1.04384e+00  1.04359e+00  1.04394e+00  0.00000e+00
  12676.77  6840.3125  9.53187e-01  1.02283e+00  9.53421e-01  0.00000e+00
  12705.32  6840.9375  8.81905e-01  6.84006e-01  8.82270e-01  0.00000e+00
  12733.87  6841.5625  9.44051e-01  1.09787e+00  9.44412e-01  0.00000e+00
  12762.43  6842.1875  9.95704e-01  8.61258e-01  9.95734e-01  0.00000e+00
  12790.98  6842.8125  1.05428e+00  1.19580e+00  1.05385e+00  0.00000e+00
  12819.53  6843.4375  1.00938e+00  9.99102e-01  1.00879e+00  0.00000e+00
  12848.08  6844.0625  9.49434e-01  8.59854e-01  9.49133e-01  0.00000e+00
  12876.63  6844.6875  9.73590e-01  1.03449e+00  9.73556e-01  0.00000e+00
  12905.18  6845.3125  9.74221e-01  9.70010e-01  9.74258e-01  0.00000e+00
  12933.73  6845.9375  9.50208e-01  9.44123e-01  9.50238e-01  0.00000e+00
  12962.28  6846.5625  9.34470e-01  9.32631e-01  9.34562e-01  0.00000e+00
  12990.83  6847.1875  9.05921e-01  9.42127e-01  9.06175e-01  0.00000e+00
  13019.38  6847.8125  8.85731e-01  7.97350e-01  8.86007e-01  0.00000e+00
  13047.94  6848.4375  9.83636e-01  9.39258e-01  9.83557e-01  0.00000e+00
  13076.49  6849.0625  1.10699e+00  1.25331e+00  1.10681e+00  0.00000e+00
  13105.04  6849.6875  1.10954e+00  1.03376e+00  1.10940e+00  0.00000e+00
  13133.59  6850.3125  1.09933e+00  1.14172e+00  1.09926e+00  0.00000e+00
  13162.14  6850.9375  1.06757e+00  1.08167e+00  1.06746e+00  0.00000e+00
  13190.69  6851.5625  1.03346e+00  9.64068e-01  1.03334e+00  0.00000e+00
  13219.24  6852.1875  1.03383e+00  1.11457e+00  1.03376e+00  0.00000e+00
  13247.79  6852.8125  9.87048e-01  9.56776e-01  9.86967e-01  0.00000e+00
  13276.34  6853.4375  9.44007e-01  9.27725e-01  9.43750e-01  0.00000e+00
  13304.90  6854.0625  9.41032e-01  9.36084e-01  9.40525e-01  0.00000e+00
  13333.45  6854.6875  9.51385e-01  9.59179e-01  9.50770e-01  0.00000e+00
  13362.00  6855.3125  9.59158e-01  9.49651e-01  9.58538e-01  0.00000e+00
  13390.55  6855.9375  9.49334e-01  9.92030e-01  9.48713e-01  0.00000e+00
  13419.10  6856.5625  8.98100e-01  8.85718e-01  8.97538e-01  0.00000e+00
  13447.65  6857.1875  8.82276e-01  8.06287e-01  8.81854e-01  0.00000e+00
  13476.20  6857.8125  9.45249e-01  9.94212e-01  9.45045e-01  0.00000e+00
  13504.75  6858.4375  1.00567e+00  9.77725e-01  1.00562e+00  0.00000e+00
  13533.30  6859.0625  1.06230e+00  1.08531e+00  1.06227e+00  0.00000e+00
  13561.85  6859.6875  1.10451e+00  1.10154e+00  1.10495e+00  0.00000e+00
  13590.41  6860.3125  1.12189e+00  1.14649e+00  1.12245e+00  0.00000e+00
  13618.96  6860.9375  1.08774e+00  1.11846e+00  1.08783e+00  0.00000e+00
  13647.51  6861.5625  9.88068e-01  1.01131e+00  9.88085e-01  0.00000e+00
  13676.06  6862.1875  9.18230e-01  7.84405e-01  9.18341e-01  0.00000e+00
  13704.61  6862.8125  9.92039e-01  1.02275e+00  9.92069e-01  0.00000e+00
  13733.16  6863.4375  1.07704e+00  1.12134e+00  1.07687e+00  0.00000e+00
  13761.71  6864.0625  1.06482e+00  1.10654e+00  1.06465e+00  0.00000e+00
  13790.26  6864.6875  9.99617e-01  9.50594e-01  9.99438e-01  0.00000e+00
  13818.81  6865.3125  9.89903e-01  9.58846e-01  9.89673e-01  0.00000e+00
  13847.36  6865.9375  1.00819e+00  1.07623e+00  1.00813e+00  0.00000e+00
  13875.92  6866.5625  9.50726e-01  9.64802e-01  9.50753e-01  0.00000e+00
  13904.47  6867.1875  8.92045e-01  7.96207e-01  8.92027e-01  0.00000e+00
  13933.02  6867.8125  9.36239e-01  9.51966e-01  9.36160e-01  0.00000e+00
  13961.57  6868.4375  9.41534e-01  1.07581e+00  9.41338e-01  0.00000e+00
  13990.12  6869.0625  8.63196e-01  6.90985e-01  8.62748e-01  0.00000e+00
  14018.67  6869.6875  8.89813e-01  9.62507e-01  8.89165e-01  0.00000e+00
  14047.22  6870.3125  9.38261e-01  9.02288e-01  9.37987e-01  0.00000e+00
  14075.77  6870.9375  9.43090e-01  1.03566e+00  9.43237e-01  0.00000e+00
  14104.32  6871.5625  8.97828e-01  8.09494e-01  8.97985e-01  0.00000e+00
  14132.88  6872.1875  9.21529e-01  9.05295e-01  9.21712e-01  0.00000e+00
  14161.43  6872.8125  9.51178e-01  1.06670e+00  9.51284e-01  0.00000e+00
  14189.98  6873.4375  9.10827e-01  7.92435e-01  9.10878e-01  0.00000e+00
  14218.53  6874.0625  9.44417e-01  9.64923e-01  9.44594e-01  0.00000e+00
  14247.08  6874.6875  9.89889e-01  1.04200e+00  9.89799e-01  0.00000e+00
  14275.63  6875.3125  1.00183e+00  9.22966e-01  1.00156e+00  0.00000e+00
  14304.18  6875.9375  1.02294e+00  1.12875e+00  1.02281e+00  0.00000e+00
  14332.73  6876.5625  9.63634e-01  9.41216e-01  9.63573e-01  0.00000e+00
  14361.28  6877.1875  8.86888e-01  8.60184e-01  8.86702e-01  0.00000e+00
  14389.83  6877.8125  8.22279e-01  8.80787e-01  8.22194e-01  0.00000e+00
  14418.39  6878.4375  7.37498e-01  6.72777e-01  7.37487e-01  0.00000e+00
  14446.94  6879.0625  7.34697e-01  6.86433e-01  7.34834e-01  0.00000e+00
  14475.49  6879.6875  8.50668e-01  8.21279e-01  8.50775e-01  0.00000e+00
  14504.04  6880.3125  1.01747e+00  1.04710e+00  1.01750e+00  0.00000e+00
  14532.59  6880.9375  1.12212e+00  1.18715e+00  1.12240e+00  0.00000e+00
  14561.14  6881.5625  1.08725e+00  1.15255e+00  1.08772e+00  0.00000e+00
  14589.69  6882.1875  9.96115e-01  8.75173e-01  9.96554e-01  0.00000e+00
  14618.24  6882.8125  9.92045e-01  1.04943e+00  9.92656e-01  0.00000e+00
  14646.79  6883.4375  1.01820e+00  9.57121e-01  1.01876e+00  0.00000e+00
  14675.34  6884.0625  1.06665e+00  1.11546e+00  1.06708e+00  0.00000e+00
  14703.90  6884.6875  1.09762e+00  1.07031e+00  1.09789e+00  0.00000e+00
  14732.45  6885.3125  1.06977e+00  1.18429e+00  1.06990e+00  0.00000e+00
  14761.00  6885.9375  9.40151e-01  8.83292e-01  9.40064e-01  0.00000e+00
  14789.55  6886.5625  8.47720e-01  7.96280e-01  8.47494e-01  0.00000e+00
  14818.10  6887.1875  8.28037e-01  8.72244e-01  8.27894e-01  0.00000e+00
  14846.65  6887.8125  7.92639e-01  7.81114e-01  7.92662e-01  0.00000e+00
  14875.20  6888.4375  8.02904e-01  7.10634e-01  8.03073e-01  0.00000e+00
  14903.75  6889.0625  9.28382e-01  9.46257e-01  9.28556e-01  0.00000e+00
  14932.30  6889.6875  1.04057e+00  1.11809e+00  1.04049e+00  0.00000e+00
  14960.86  6890.3125  1.06127e+00  1.02731e+00  1.06105e+00  0.00000e+00
  14989.41  6890.9375  1.06599e+00  1.08810e+00  1.06600e+00  0.00000e+00
  15017.96  6891.5625  1.05459e+00  1.06022e+00  1.05483e+00  0.00000e+00
  15046.51  6892.1875  1.00265e+00  1.04021e+00  1.00270e+00  0.00000e+00
  15075.06  6892.8125  9.33303e-01  8.72908e-01  9.33307e-01  0.00000e+00
  15103.61  6893.4375  9.25541e-01  9.18006e-01  9.25475e-01  0.00000e+00
  15132.16  6894.0625  9.50777e-01  9.71704e-01  9.50698e-01  0.00000e+00
  15160.71  6894.6875  9.64987e-01  9.52792e-01  9.64949e-01  0.00000e+00
  15189.26  6895.3125  1.02171e+00  9.46353e-01  1.02175e+00  0.00000e+00
  15217.81  6895.9375  1.06955e+00  1.27080e+00  1.06956e+00  0.00000e+00
  15246.37  6896.5625  1.00356e+00  8.22601e-01  1.00305e+00  0.00000e+00
  15274.92  6897.1875  1.03249e+00  1.07313e+00  1.03188e+00  0.00000e+00
  15303.47  6897.8125  1.06589e+00  1.13775e+00  1.06570e+00  0.00000e+00
  15332.02  6898.4375  9.72415e-01  9.95346e-01  9.72529e-01  0.00000e+00
  15360.57  6899.0625  8.43737e-01  7.87553e-01  8.43808e-01  0.00000e+00
  15389.12  6899.6875  8.84624e-01  6.91628e-01  8.84298e-01  0.00000e+00
  15417.67  6900.3125  1.09415e+00  1.29512e+00  1.09368e+00  0.00000e+00
  15446.22  6900.9375  1.13989e+00  1.16085e+00  1.13970e+00  0.00000e+00
  15474.77  6901.5625  1.02328e+00  1.06392e+00  1.02323e+00  0.00000e+00
  15503.32  6902.1875  9.40632e-01  7.57186e-01  9.40690e-01  0.00000e+00
  15531.88  6902.8125  1.01240e+00  1.12054e+00  1.01241e+00  0.00000e+00
  15560.43  6903.4375  1.04987e+00  1.04983e+00  1.05013e+00  0.00000e+00
  15588.98  6904.0625  1.02756e+00  1.02743e+00  1.02796e+00  0.00000e+00
  15617.53  6904.6875  9.98657e-01  1.00523e+00  9.98851e-01  0.00000e+00
  15646.08  6905.3125  9.78966e-01  9.47870e-01  9.78747e-01  0.00000e+00
  15674.63  6905.9375  9.69365e-01  1.01165e+00  9.69107e-01  0.00000e+00
  15703.18  6906.5625  8.97611e-01  9.44124e-01  8.97625e-01  0.00000e+00
  15731.73  6907.1875  8.12537e-01  6.92171e-01  8.12654e-01  0.00000e+00
  15760.28  6907.8125  8.55512e-01  8.53266e-01  8.55800e-01  0.00000e+00
  15788.84  6908.4375  9.02470e-01  1.02675e+00  9.02698e-01  0.00000e+00
  15817.39  6909.0625  8.73529e-01  7.30434e-01  8.73552e-01  0.00000e+00
  15845.94  6909.6875  9.17819e-01  9.86272e-01  9.17863e-01  0.00000e+00
  15874.49  6910.3125  9.45825e-01  9.61593e-01  9.45787e-01  0.00000e+00
  15903.04  6910.9375  9.48188e-01  8.93713e-01  9.48027e-01  0.00000e+00
  15931.59  6911.5625  9.89137e-01  1.02314e+00  9.88969e-01  0.00000e+00
  15960.14  6912.1875  9.98752e-01  1.03486e+00  9.98845e-01  0.00000e+00
  15988.69  6912.8125  9.93687e-01  9.01149e-01  9.93782e-01  0.00000e+00
  16017.24  6913.4375  1.02479e+00  1.13555e+00  1.02458e+00  0.00000e+00
  16045.79  6914.0625  1.01529e+00  9.26539e-01  1.01494e+00  0.00000e+00
  16074.35  6914.6875  1.03127e+00  1.08068e+00  1.03108e+00  0.00000e+00
  16102.90  6915.3125  1.04999e+00  1.01758e+00  1.04993e+00  0.00000e+00
  16131.45  6915.9375  1.06370e+00  1.09761e+00  1.06372e+00  0.00000e+00
  16160.00  6916.5625  1.03394e+00  1.06016e+00  1.03386e+00  0.00000e+00
  16188.55  6917.1875  9.52970e-01  9.52071e-01  9.52949e-01  0.00000e+00
  16217.10  6917.8125  9.06049e-01  8.23580e-01  9.06096e-01  0.00000e+00
  16245.65  6918.4375  9.64422e-01  9.70198e-01  9.64583e-01  0.00000e+00
  16274.20  6919.0625  1.04367e+00  1.07822e+00  1.04405e+00  0.00000e+00
  16302.75  6919.6875  1.06312e+00  1.08283e+00  1.06364e+00  0.00000e+00
  16331.30  6920.3125  1.01965e+00  1.04547e+00  1.02001e+00  0.00000e+00
  16359.86  6920.9375  9.43128e-01  9.24393e-01  9.43139e-01  0.00000e+00
  16388.41  6921.5625  9.26129e-01  8.37064e-01  9.25869e-01  0.00000e+00
  16416.96  6922.1875  9.77632e-01  1.07903e+00  9.77409e-01  0.00000e+00
  16445.51  6922.8125  9.55800e-01  9.41460e-01  9.55643e-01  0.00000e+00
  16474.06  6923.4375  8.73782e-01  9.11554e-01  8.73778e-01  0.00000e+00
  16502.61  6924.0625  7.93551e-01  7.18790e-01  7.93692e-01  0.00000e+00
  16531.16  6924.6875  8.16094e-01  7.70935e-01  8.16329e-01  0.00000e+00
  16559.71  6925.3125  9.04169e-01  9.70229e-01  9.04557e-01  0.00000e+00
  16588.26  6925.9375  9.52637e-01  9.18620e-01  9.52797e-01  0.00000e+00
  16616.81  6926.5625  9.69583e-01  1.03156e+00  9.69508e-01  0.00000e+00
  16645.37  6927.1875  9.18234e-01  9.28958e-01  9.18218e-01  0.00000e+00
  16673.92  6927.8125  8.68330e-01  7.85720e-01  8.68550e-01  0.00000e+00
  16702.47  6928.4375  9.44159e-01  8.94976e-01  9.44452e-01  0.00000e+00
  16731.02  6929.0625  1.03232e+00  1.20675e+00  1.03241e+00  0.00000e+00
  16759.57  6929.6875  9.72937e-01  8.88775e-01  9.73091e-01  0.00000e+00
  16788.12  6930.3125  9.50768e-01  9.00418e-01  9.51063e-01  0.00000e+00
  16816.67  6930.9375  1.01554e+00  1.05617e+00  1.01585e+00  0.00000e+00
  16845.22  6931.5625  1.04369e+00  1.07172e+00  1.04407e+00  0.00000e+00
  16873.77  6932.1875  1.03001e+00  9.99392e-01  1.03025e+00  0.00000e+00
  16902.33  6932.8125  1.03692e+00  1.03509e+00  1.03684e+00  0.00000e+00
  16930.88  6933.4375  1.01954e+00  1.10123e+00  1.01952e+00  0.00000e+00
  16959.43  6934.0625  9.79446e-01  8.32930e-01  9.79834e-01  0.00000e+00
  16987.98  6934.6875  1.00095e+00  1.14324e+00  1.00154e+00  0.00000e+00
  17016.53  6935.3125  9.60356e-01  8.95559e-01  9.60746e-01  0.00000e+00
  17045.08  6935.9375  9.59134e-01  8.96708e-01  9.59089e-01  0.00000e+00
  17073.63  6936.5625  1.01207e+00  1.11943e+00  1.01178e+00  0.00000e+00
  17102.18  6937.1875  9.92203e-01  9.42791e-01  9.91932e-01  0.00000e+00
  17130.73  6937.8125  9.75884e-01  9.72037e-01  9.75498e-01  0.00000e+00
  17159.28  6938.4375  9.66936e-01  1.00892e+00  9.66378e-01  0.00000e+00
  17187.84  6939.0625  9.32623e-01  8.90212e-01  9.32294e-01  0.00000e+00
  17216.39  6939.6875  9.33715e-01  9.19417e-01  9.33672e-01  0.00000e+00
  17244.94  6940.3125  9.11183e-01  1.03312e+00  9.11245e-01  0.00000e+00
  17273.49  6940.9375  8.51932e-01  6.50915e-01  8.52079e-01  0.00000e+00
  17302.04  6941.5625  8.81971e-01  1.06188e+00  8.82196e-01  0.00000e+00
  17330.59  6942.1875  8.62022e-01  7.44223e-01  8.62112e-01  0.00000e+00
  17359.14  6942.8125  9.05907e-01  8.88304e-01  9.05872e-01  0.00000e+00
  17387.69  6943.4375  1.00600e+00  1.05901e+00  1.00637e+00  0.00000e+00
  17416.24  6944.0625  1.04277e+00  1.05430e+00  1.04354e+00  0.00000e+00
  17444.79  6944.6875  1.02206e+00  1.03821e+00  1.02291e+00  0.00000e+00
  17473.35  6945.3125  9.64637e-01  9.75989e-01  9.65097e-01  0.00000e+00
  17501.90  6945.9375  8.98876e-01  8.76917e-01  8.98957e-01  0.00000e+00
  17530.45  6946.5625  9.10293e-01  8.11081e-01  9.10311e-01  0.00000e+00
  17559.00  6947.1875  9.84186e-01  1.12818e+00  9.84251e-01  0.00000e+00
  17587.55  6947.8125  9.98814e-01  8.72195e-01  9.98992e-01  0.00000e+00
  17616.10  6948.4375  1.01781e+00  1.15761e+00  1.01789e+00  0.00000e+00
  17644.65  6949.0625  1.00080e+00  8.68175e-01  1.00096e+00  0.00000e+00
  17673.20  6949.6875  1.04059e+00  1.10243e+00  1.04096e+00  0.00000e+00
