# day000.8  epoch=0.8d  L_Halpha=9.114e+39 erg/s  smooth_kms=25.0
# Columns:
#   1: Δv [km/s]      velocity offset from Hα (6562.81 Å), positive = redshift
#   2: lambda [Å]     observed wavelength
#   3: F_norm         total flux, smoothed, normalized to F_cont_baseline
#   4: F_norm_raw     total flux, RAW MC (no velocity smoothing)
#   5: F_cont_smooth  continuum-channel flux (continuum photons only)
#   6: F_vol_smooth   volumetric-channel flux (line emission contribution)
# Format: F_norm ≈ F_cont_smooth + F_vol_smooth (within MC noise)
# ----------------------------------------------------------------------------------------
 -16559.48  6200.3125  1.10528e+00  1.13667e+00  1.10527e+00  0.00000e+00
 -16530.93  6200.9375  1.06671e+00  1.03039e+00  1.06650e+00  0.00000e+00
 -16502.38  6201.5625  1.04122e+00  1.06751e+00  1.04082e+00  0.00000e+00
 -16473.83  6202.1875  1.00950e+00  9.93116e-01  1.00926e+00  0.00000e+00
 -16445.28  6202.8125  9.52901e-01  1.01202e+00  9.52866e-01  0.00000e+00
 -16416.73  6203.4375  8.90542e-01  7.78919e-01  8.90532e-01  0.00000e+00
 -16388.18  6204.0625  8.80892e-01  9.86118e-01  8.80861e-01  0.00000e+00
 -16359.63  6204.6875  8.47997e-01  7.61880e-01  8.47911e-01  0.00000e+00
 -16331.08  6205.3125  8.65730e-01  8.80611e-01  8.65603e-01  0.00000e+00
 -16302.53  6205.9375  9.93447e-01  8.52797e-01  9.93337e-01  0.00000e+00
 -16273.97  6206.5625  1.21637e+00  1.35238e+00  1.21593e+00  0.00000e+00
 -16245.42  6207.1875  1.26897e+00  1.39160e+00  1.26818e+00  0.00000e+00
 -16216.87  6207.8125  1.11211e+00  1.06876e+00  1.11201e+00  0.00000e+00
 -16188.32  6208.4375  1.03103e+00  8.61375e-01  1.03149e+00  0.00000e+00
 -16159.77  6209.0625  1.09008e+00  1.27145e+00  1.09052e+00  0.00000e+00
 -16131.22  6209.6875  1.03641e+00  9.99282e-01  1.03697e+00  0.00000e+00
 -16102.67  6210.3125  9.67825e-01  8.99900e-01  9.68297e-01  0.00000e+00
 -16074.12  6210.9375  9.87344e-01  1.01834e+00  9.87562e-01  0.00000e+00
 -16045.57  6211.5625  1.00733e+00  1.00928e+00  1.00738e+00  0.00000e+00
 -16017.01  6212.1875  1.01903e+00  1.00635e+00  1.01893e+00  0.00000e+00
 -15988.46  6212.8125  1.09025e+00  1.00321e+00  1.09019e+00  0.00000e+00
 -15959.91  6213.4375  1.14514e+00  1.38238e+00  1.14528e+00  0.00000e+00
 -15931.36  6214.0625  1.01034e+00  8.91501e-01  1.01047e+00  0.00000e+00
 -15902.81  6214.6875  9.28452e-01  8.73013e-01  9.28742e-01  0.00000e+00
 -15874.26  6215.3125  1.00336e+00  9.61625e-01  1.00366e+00  0.00000e+00
 -15845.71  6215.9375  1.05051e+00  1.25557e+00  1.05061e+00  0.00000e+00
 -15817.16  6216.5625  9.12325e-01  8.15155e-01  9.12319e-01  0.00000e+00
 -15788.61  6217.1875  8.28021e-01  7.48476e-01  8.28009e-01  0.00000e+00
 -15760.06  6217.8125  8.78432e-01  9.12841e-01  8.78380e-01  0.00000e+00
 -15731.50  6218.4375  8.95391e-01  9.70649e-01  8.95303e-01  0.00000e+00
 -15702.95  6219.0625  9.01207e-01  7.15955e-01  9.01203e-01  0.00000e+00
 -15674.40  6219.6875  1.02483e+00  1.16274e+00  1.02477e+00  0.00000e+00
 -15645.85  6220.3125  1.08890e+00  1.06016e+00  1.08896e+00  0.00000e+00
 -15617.30  6220.9375  1.06434e+00  1.15053e+00  1.06475e+00  0.00000e+00
 -15588.75  6221.5625  9.91243e-01  9.02456e-01  9.91624e-01  0.00000e+00
 -15560.20  6222.1875  9.85103e-01  9.84648e-01  9.85367e-01  0.00000e+00
 -15531.65  6222.8125  1.01501e+00  1.04049e+00  1.01523e+00  0.00000e+00
 -15503.10  6223.4375  1.01674e+00  1.01591e+00  1.01660e+00  0.00000e+00
 -15474.55  6224.0625  1.03647e+00  9.79420e-01  1.03609e+00  0.00000e+00
 -15445.99  6224.6875  1.09259e+00  1.15723e+00  1.09238e+00  0.00000e+00
 -15417.44  6225.3125  1.09490e+00  1.10018e+00  1.09499e+00  0.00000e+00
 -15388.89  6225.9375  1.07418e+00  1.04085e+00  1.07454e+00  0.00000e+00
 -15360.34  6226.5625  1.10818e+00  1.07771e+00  1.10837e+00  0.00000e+00
 -15331.79  6227.1875  1.15040e+00  1.23790e+00  1.15032e+00  0.00000e+00
 -15303.24  6227.8125  1.10721e+00  1.09014e+00  1.10712e+00  0.00000e+00
 -15274.69  6228.4375  1.06105e+00  1.01672e+00  1.06096e+00  0.00000e+00
 -15246.14  6229.0625  1.06861e+00  1.08676e+00  1.06844e+00  0.00000e+00
 -15217.59  6229.6875  1.04641e+00  1.10337e+00  1.04636e+00  0.00000e+00
 -15189.03  6230.3125  9.68206e-01  9.21785e-01  9.68319e-01  0.00000e+00
 -15160.48  6230.9375  9.36220e-01  8.97912e-01  9.36620e-01  0.00000e+00
 -15131.93  6231.5625  9.20129e-01  1.02810e+00  9.20473e-01  0.00000e+00
 -15103.38  6232.1875  8.61307e-01  7.37456e-01  8.61323e-01  0.00000e+00
 -15074.83  6232.8125  9.24294e-01  8.86157e-01  9.24332e-01  0.00000e+00
 -15046.28  6233.4375  1.06501e+00  1.13734e+00  1.06521e+00  0.00000e+00
 -15017.73  6234.0625  1.11985e+00  1.14734e+00  1.12016e+00  0.00000e+00
 -14989.18  6234.6875  1.08869e+00  1.09481e+00  1.08890e+00  0.00000e+00
 -14960.63  6235.3125  9.99833e-01  1.06355e+00  9.99762e-01  0.00000e+00
 -14932.08  6235.9375  9.60066e-01  7.20115e-01  9.60057e-01  0.00000e+00
 -14903.52  6236.5625  1.07697e+00  1.28802e+00  1.07714e+00  0.00000e+00
 -14874.97  6237.1875  1.10772e+00  1.01577e+00  1.10781e+00  0.00000e+00
 -14846.42  6237.8125  1.07818e+00  1.18745e+00  1.07818e+00  0.00000e+00
 -14817.87  6238.4375  1.01007e+00  9.08399e-01  1.00990e+00  0.00000e+00
 -14789.32  6239.0625  9.69088e-01  1.04987e+00  9.68817e-01  0.00000e+00
 -14760.77  6239.6875  9.32483e-01  8.38193e-01  9.32268e-01  0.00000e+00
 -14732.22  6240.3125  9.22296e-01  1.01216e+00  9.22252e-01  0.00000e+00
 -14703.67  6240.9375  8.64172e-01  8.40163e-01  8.64246e-01  0.00000e+00
 -14675.12  6241.5625  8.45523e-01  7.49050e-01  8.45648e-01  0.00000e+00
 -14646.57  6242.1875  9.65626e-01  9.64580e-01  9.65814e-01  0.00000e+00
 -14618.01  6242.8125  1.10532e+00  1.17236e+00  1.10534e+00  0.00000e+00
 -14589.46  6243.4375  1.14555e+00  1.16708e+00  1.14553e+00  0.00000e+00
 -14560.91  6244.0625  1.10808e+00  1.12350e+00  1.10823e+00  0.00000e+00
 -14532.36  6244.6875  1.05484e+00  1.01898e+00  1.05488e+00  0.00000e+00
 -14503.81  6245.3125  1.01190e+00  1.06090e+00  1.01191e+00  0.00000e+00
 -14475.26  6245.9375  9.64501e-01  8.99954e-01  9.64644e-01  0.00000e+00
 -14446.71  6246.5625  9.82607e-01  9.68630e-01  9.83042e-01  0.00000e+00
 -14418.16  6247.1875  1.04510e+00  1.06415e+00  1.04556e+00  0.00000e+00
 -14389.61  6247.8125  1.08366e+00  1.09516e+00  1.08399e+00  0.00000e+00
 -14361.06  6248.4375  1.06102e+00  1.12299e+00  1.06148e+00  0.00000e+00
 -14332.50  6249.0625  1.00274e+00  9.11002e-01  1.00311e+00  0.00000e+00
 -14303.95  6249.6875  1.00945e+00  1.04077e+00  1.00941e+00  0.00000e+00
 -14275.40  6250.3125  1.02046e+00  1.03483e+00  1.02040e+00  0.00000e+00
 -14246.85  6250.9375  1.01813e+00  9.82398e-01  1.01838e+00  0.00000e+00
 -14218.30  6251.5625  1.05253e+00  1.05272e+00  1.05288e+00  0.00000e+00
 -14189.75  6252.1875  1.08893e+00  1.11891e+00  1.08921e+00  0.00000e+00
 -14161.20  6252.8125  1.07611e+00  1.09729e+00  1.07622e+00  0.00000e+00
 -14132.65  6253.4375  1.06079e+00  9.84948e-01  1.06075e+00  0.00000e+00
 -14104.10  6254.0625  1.09445e+00  1.15655e+00  1.09448e+00  0.00000e+00
 -14075.54  6254.6875  1.08030e+00  1.10030e+00  1.08039e+00  0.00000e+00
 -14046.99  6255.3125  1.03389e+00  9.81929e-01  1.03377e+00  0.00000e+00
 -14018.44  6255.9375  1.01214e+00  1.06608e+00  1.01210e+00  0.00000e+00
 -13989.89  6256.5625  9.92454e-01  9.20597e-01  9.92539e-01  0.00000e+00
 -13961.34  6257.1875  1.02591e+00  1.04476e+00  1.02588e+00  0.00000e+00
 -13932.79  6257.8125  1.06762e+00  1.07970e+00  1.06739e+00  0.00000e+00
 -13904.24  6258.4375  1.06711e+00  1.09634e+00  1.06708e+00  0.00000e+00
 -13875.69  6259.0625  1.02971e+00  1.01159e+00  1.03020e+00  0.00000e+00
 -13847.14  6259.6875  9.86505e-01  1.00764e+00  9.86977e-01  0.00000e+00
 -13818.59  6260.3125  9.43323e-01  9.14053e-01  9.43368e-01  0.00000e+00
 -13790.03  6260.9375  9.34607e-01  9.22133e-01  9.34566e-01  0.00000e+00
 -13761.48  6261.5625  9.61982e-01  9.59694e-01  9.62108e-01  0.00000e+00
 -13732.93  6262.1875  1.01804e+00  9.88438e-01  1.01814e+00  0.00000e+00
 -13704.38  6262.8125  1.09591e+00  1.12607e+00  1.09600e+00  0.00000e+00
 -13675.83  6263.4375  1.13001e+00  1.16537e+00  1.13022e+00  0.00000e+00
 -13647.28  6264.0625  1.09867e+00  1.10047e+00  1.09892e+00  0.00000e+00
 -13618.73  6264.6875  1.04617e+00  1.04011e+00  1.04639e+00  0.00000e+00
 -13590.18  6265.3125  1.00423e+00  9.99386e-01  1.00439e+00  0.00000e+00
 -13561.63  6265.9375  9.94425e-01  9.51160e-01  9.94550e-01  0.00000e+00
 -13533.08  6266.5625  9.77644e-01  1.09873e+00  9.77767e-01  0.00000e+00
 -13504.52  6267.1875  9.25492e-01  7.56768e-01  9.25561e-01  0.00000e+00
 -13475.97  6267.8125  9.81984e-01  1.05725e+00  9.82031e-01  0.00000e+00
 -13447.42  6268.4375  1.05595e+00  1.02196e+00  1.05595e+00  0.00000e+00
 -13418.87  6269.0625  1.10436e+00  1.14756e+00  1.10425e+00  0.00000e+00
 -13390.32  6269.6875  1.03840e+00  1.17180e+00  1.03810e+00  0.00000e+00
 -13361.77  6270.3125  8.85816e-01  6.90482e-01  8.85522e-01  0.00000e+00
 -13333.22  6270.9375  8.77410e-01  9.38269e-01  8.77279e-01  0.00000e+00
 -13304.67  6271.5625  9.41428e-01  8.67383e-01  9.41324e-01  0.00000e+00
 -13276.12  6272.1875  9.76976e-01  1.14279e+00  9.76666e-01  0.00000e+00
 -13247.56  6272.8125  9.00270e-01  7.89151e-01  9.00091e-01  0.00000e+00
 -13219.01  6273.4375  8.58263e-01  8.84190e-01  8.58094e-01  0.00000e+00
 -13190.46  6274.0625  8.47831e-01  8.41732e-01  8.47650e-01  0.00000e+00
 -13161.91  6274.6875  8.46166e-01  8.26819e-01  8.46048e-01  0.00000e+00
 -13133.36  6275.3125  8.81521e-01  8.64698e-01  8.81361e-01  0.00000e+00
 -13104.81  6275.9375  9.23032e-01  9.71056e-01  9.22764e-01  0.00000e+00
 -13076.26  6276.5625  9.30504e-01  9.01392e-01  9.30222e-01  0.00000e+00
 -13047.71  6277.1875  9.74336e-01  9.28552e-01  9.74264e-01  0.00000e+00
 -13019.16  6277.8125  1.05861e+00  1.11503e+00  1.05884e+00  0.00000e+00
 -12990.61  6278.4375  1.05414e+00  1.12761e+00  1.05443e+00  0.00000e+00
 -12962.05  6279.0625  9.61524e-01  8.90279e-01  9.61636e-01  0.00000e+00
 -12933.50  6279.6875  9.07808e-01  9.23154e-01  9.07568e-01  0.00000e+00
 -12904.95  6280.3125  8.79242e-01  8.80296e-01  8.78792e-01  0.00000e+00
 -12876.40  6280.9375  9.26842e-01  7.77047e-01  9.26673e-01  0.00000e+00
 -12847.85  6281.5625  1.04874e+00  1.25181e+00  1.04890e+00  0.00000e+00
 -12819.30  6282.1875  9.75221e-01  1.00472e+00  9.75172e-01  0.00000e+00
 -12790.75  6282.8125  8.04635e-01  7.12267e-01  8.04112e-01  0.00000e+00
 -12762.20  6283.4375  8.08665e-01  6.74829e-01  8.08069e-01  0.00000e+00
 -12733.65  6284.0625  9.52854e-01  1.10955e+00  9.52434e-01  0.00000e+00
 -12705.10  6284.6875  9.88786e-01  9.59722e-01  9.88642e-01  0.00000e+00
 -12676.54  6285.3125  9.61857e-01  9.84494e-01  9.62089e-01  0.00000e+00
 -12647.99  6285.9375  9.62864e-01  8.78949e-01  9.63281e-01  0.00000e+00
 -12619.44  6286.5625  9.81306e-01  1.12617e+00  9.81646e-01  0.00000e+00
 -12590.89  6287.1875  9.52982e-01  7.85577e-01  9.52964e-01  0.00000e+00
 -12562.34  6287.8125  9.70349e-01  1.12490e+00  9.70290e-01  0.00000e+00
 -12533.79  6288.4375  9.10363e-01  8.64920e-01  9.10503e-01  0.00000e+00
 -12505.24  6289.0625  8.97740e-01  7.65275e-01  8.97715e-01  0.00000e+00
 -12476.69  6289.6875  9.79267e-01  1.15295e+00  9.79036e-01  0.00000e+00
 -12448.14  6290.3125  9.27631e-01  9.05343e-01  9.27277e-01  0.00000e+00
 -12419.58  6290.9375  8.56354e-01  7.68166e-01  8.56109e-01  0.00000e+00
 -12391.03  6291.5625  8.83613e-01  9.30914e-01  8.83714e-01  0.00000e+00
 -12362.48  6292.1875  9.33811e-01  8.79239e-01  9.34233e-01  0.00000e+00
 -12333.93  6292.8125  9.99983e-01  1.05135e+00  1.00026e+00  0.00000e+00
 -12305.38  6293.4375  1.03436e+00  1.02623e+00  1.03430e+00  0.00000e+00
 -12276.83  6294.0625  1.05428e+00  1.04448e+00  1.05414e+00  0.00000e+00
 -12248.28  6294.6875  1.06358e+00  1.11505e+00  1.06336e+00  0.00000e+00
 -12219.73  6295.3125  1.08471e+00  9.56326e-01  1.08458e+00  0.00000e+00
 -12191.18  6295.9375  1.17311e+00  1.29136e+00  1.17306e+00  0.00000e+00
 -12162.63  6296.5625  1.15569e+00  1.19740e+00  1.15548e+00  0.00000e+00
 -12134.07  6297.1875  1.04057e+00  1.00174e+00  1.04031e+00  0.00000e+00
 -12105.52  6297.8125  9.88757e-01  9.24772e-01  9.88577e-01  0.00000e+00
 -12076.97  6298.4375  1.07357e+00  1.01902e+00  1.07350e+00  0.00000e+00
 -12048.42  6299.0625  1.18901e+00  1.32500e+00  1.18905e+00  0.00000e+00
 -12019.87  6299.6875  1.16192e+00  1.15608e+00  1.16205e+00  0.00000e+00
 -11991.32  6300.3125  1.07022e+00  1.05697e+00  1.07057e+00  0.00000e+00
 -11962.77  6300.9375  1.00493e+00  9.89647e-01  1.00507e+00  0.00000e+00
 -11934.22  6301.5625  9.73947e-01  9.63431e-01  9.73905e-01  0.00000e+00
 -11905.67  6302.1875  9.52227e-01  9.79215e-01  9.52246e-01  0.00000e+00
 -11877.12  6302.8125  9.37071e-01  8.77666e-01  9.37216e-01  0.00000e+00
 -11848.56  6303.4375  9.82738e-01  9.89046e-01  9.82879e-01  0.00000e+00
 -11820.01  6304.0625  1.07444e+00  1.03737e+00  1.07452e+00  0.00000e+00
 -11791.46  6304.6875  1.15028e+00  1.25252e+00  1.15034e+00  0.00000e+00
 -11762.91  6305.3125  1.09258e+00  1.12990e+00  1.09253e+00  0.00000e+00
 -11734.36  6305.9375  9.88968e-01  8.82031e-01  9.88615e-01  0.00000e+00
 -11705.81  6306.5625  9.97757e-01  1.00386e+00  9.97278e-01  0.00000e+00
 -11677.26  6307.1875  1.04893e+00  1.06980e+00  1.04878e+00  0.00000e+00
 -11648.71  6307.8125  1.06053e+00  1.08097e+00  1.06068e+00  0.00000e+00
 -11620.16  6308.4375  1.04489e+00  1.02074e+00  1.04500e+00  0.00000e+00
 -11591.60  6309.0625  1.02594e+00  1.06699e+00  1.02585e+00  0.00000e+00
 -11563.05  6309.6875  1.00870e+00  9.36756e-01  1.00868e+00  0.00000e+00
 -11534.50  6310.3125  1.04305e+00  1.07795e+00  1.04309e+00  0.00000e+00
 -11505.95  6310.9375  1.08017e+00  1.06273e+00  1.08023e+00  0.00000e+00
 -11477.40  6311.5625  1.06508e+00  1.16516e+00  1.06512e+00  0.00000e+00
 -11448.85  6312.1875  9.98596e-01  8.76671e-01  9.98447e-01  0.00000e+00
 -11420.30  6312.8125  1.01487e+00  1.04786e+00  1.01474e+00  0.00000e+00
 -11391.75  6313.4375  1.05720e+00  1.05663e+00  1.05713e+00  0.00000e+00
 -11363.20  6314.0625  1.06813e+00  1.09625e+00  1.06805e+00  0.00000e+00
 -11334.65  6314.6875  1.05154e+00  1.03087e+00  1.05163e+00  0.00000e+00
 -11306.09  6315.3125  1.01634e+00  1.06380e+00  1.01660e+00  0.00000e+00
 -11277.54  6315.9375  9.27830e-01  9.35378e-01  9.28038e-01  0.00000e+00
 -11248.99  6316.5625  8.57705e-01  7.64591e-01  8.57986e-01  0.00000e+00
 -11220.44  6317.1875  9.09586e-01  9.05508e-01  9.09976e-01  0.00000e+00
 -11191.89  6317.8125  1.03942e+00  1.00566e+00  1.03979e+00  0.00000e+00
 -11163.34  6318.4375  1.13917e+00  1.27285e+00  1.13949e+00  0.00000e+00
 -11134.79  6319.0625  1.09820e+00  1.07562e+00  1.09857e+00  0.00000e+00
 -11106.24  6319.6875  1.06905e+00  9.62742e-01  1.06910e+00  0.00000e+00
 -11077.69  6320.3125  1.13680e+00  1.22543e+00  1.13653e+00  0.00000e+00
 -11049.14  6320.9375  1.14340e+00  1.15862e+00  1.14348e+00  0.00000e+00
 -11020.58  6321.5625  1.09816e+00  1.06893e+00  1.09847e+00  0.00000e+00
 -10992.03  6322.1875  1.09110e+00  1.06470e+00  1.09128e+00  0.00000e+00
 -10963.48  6322.8125  1.06203e+00  1.19253e+00  1.06209e+00  0.00000e+00
 -10934.93  6323.4375  9.57281e-01  8.20747e-01  9.57231e-01  0.00000e+00
 -10906.38  6324.0625  9.38648e-01  9.72824e-01  9.38521e-01  0.00000e+00
 -10877.83  6324.6875  1.00420e+00  9.16116e-01  1.00401e+00  0.00000e+00
 -10849.28  6325.3125  1.13009e+00  1.19859e+00  1.13041e+00  0.00000e+00
 -10820.73  6325.9375  1.21266e+00  1.21127e+00  1.21353e+00  0.00000e+00
 -10792.18  6326.5625  1.18345e+00  1.31738e+00  1.18401e+00  0.00000e+00
 -10763.62  6327.1875  1.08470e+00  8.96878e-01  1.08496e+00  0.00000e+00
 -10735.07  6327.8125  1.09669e+00  1.19440e+00  1.09697e+00  0.00000e+00
 -10706.52  6328.4375  1.09570e+00  1.08380e+00  1.09599e+00  0.00000e+00
 -10677.97  6329.0625  1.06449e+00  1.05007e+00  1.06463e+00  0.00000e+00
 -10649.42  6329.6875  1.02541e+00  1.08008e+00  1.02554e+00  0.00000e+00
 -10620.87  6330.3125  9.65969e-01  8.92938e-01  9.66020e-01  0.00000e+00
 -10592.32  6330.9375  9.51472e-01  9.84310e-01  9.51463e-01  0.00000e+00
 -10563.77  6331.5625  9.38938e-01  9.34133e-01  9.38898e-01  0.00000e+00
 -10535.22  6332.1875  9.26828e-01  9.11277e-01  9.26725e-01  0.00000e+00
 -10506.67  6332.8125  9.69456e-01  9.12112e-01  9.69261e-01  0.00000e+00
 -10478.11  6333.4375  1.05878e+00  1.12935e+00  1.05839e+00  0.00000e+00
 -10449.56  6334.0625  1.13219e+00  1.04771e+00  1.13181e+00  0.00000e+00
 -10421.01  6334.6875  1.14029e+00  1.37937e+00  1.14030e+00  0.00000e+00
 -10392.46  6335.3125  1.01796e+00  7.79567e-01  1.01804e+00  0.00000e+00
 -10363.91  6335.9375  9.88985e-01  1.13065e+00  9.88868e-01  0.00000e+00
 -10335.36  6336.5625  9.64048e-01  8.67604e-01  9.64050e-01  0.00000e+00
 -10306.81  6337.1875  9.56051e-01  1.01639e+00  9.56013e-01  0.00000e+00
 -10278.26  6337.8125  9.65557e-01  8.89737e-01  9.65384e-01  0.00000e+00
 -10249.71  6338.4375  1.01427e+00  1.05928e+00  1.01411e+00  0.00000e+00
 -10221.16  6339.0625  1.02597e+00  1.06615e+00  1.02593e+00  0.00000e+00
 -10192.60  6339.6875  1.01874e+00  9.14480e-01  1.01884e+00  0.00000e+00
 -10164.05  6340.3125  1.05468e+00  1.17150e+00  1.05472e+00  0.00000e+00
 -10135.50  6340.9375  1.01737e+00  9.86143e-01  1.01728e+00  0.00000e+00
 -10106.95  6341.5625  9.85568e-01  9.34031e-01  9.85204e-01  0.00000e+00
 -10078.40  6342.1875  1.03413e+00  1.03735e+00  1.03368e+00  0.00000e+00
 -10049.85  6342.8125  1.08197e+00  1.12819e+00  1.08185e+00  0.00000e+00
 -10021.30  6343.4375  1.05896e+00  1.07946e+00  1.05913e+00  0.00000e+00
  -9992.75  6344.0625  1.04451e+00  9.35285e-01  1.04458e+00  0.00000e+00
  -9964.20  6344.6875  1.12274e+00  1.18750e+00  1.12250e+00  0.00000e+00
  -9935.65  6345.3125  1.17958e+00  1.17903e+00  1.17944e+00  0.00000e+00
  -9907.09  6345.9375  1.17979e+00  1.21332e+00  1.18001e+00  0.00000e+00
  -9878.54  6346.5625  1.11416e+00  1.14919e+00  1.11443e+00  0.00000e+00
  -9849.99  6347.1875  1.02118e+00  9.54787e-01  1.02114e+00  0.00000e+00
  -9821.44  6347.8125  9.76854e-01  1.00270e+00  9.76850e-01  0.00000e+00
  -9792.89  6348.4375  9.13369e-01  9.61719e-01  9.13449e-01  0.00000e+00
  -9764.34  6349.0625  8.68142e-01  7.04934e-01  8.68077e-01  0.00000e+00
  -9735.79  6349.6875  9.53221e-01  1.04376e+00  9.53160e-01  0.00000e+00
  -9707.24  6350.3125  9.81690e-01  1.04372e+00  9.81867e-01  0.00000e+00
  -9678.69  6350.9375  9.52239e-01  8.24209e-01  9.52385e-01  0.00000e+00
  -9650.13  6351.5625  9.92522e-01  1.09211e+00  9.92508e-01  0.00000e+00
  -9621.58  6352.1875  9.83249e-01  9.73814e-01  9.83114e-01  0.00000e+00
  -9593.03  6352.8125  9.52581e-01  9.08368e-01  9.52681e-01  0.00000e+00
  -9564.48  6353.4375  9.11925e-01  1.04076e+00  9.12224e-01  0.00000e+00
  -9535.93  6354.0625  8.51985e-01  6.41502e-01  8.51928e-01  0.00000e+00
  -9507.38  6354.6875  9.47579e-01  1.02517e+00  9.47034e-01  0.00000e+00
  -9478.83  6355.3125  1.03528e+00  1.08243e+00  1.03458e+00  0.00000e+00
  -9450.28  6355.9375  1.03484e+00  1.01004e+00  1.03434e+00  0.00000e+00
  -9421.73  6356.5625  1.02897e+00  1.03896e+00  1.02875e+00  0.00000e+00
  -9393.18  6357.1875  1.00484e+00  1.03407e+00  1.00488e+00  0.00000e+00
  -9364.62  6357.8125  9.27065e-01  9.48096e-01  9.27128e-01  0.00000e+00
  -9336.07  6358.4375  8.64818e-01  7.62530e-01  8.64885e-01  0.00000e+00
  -9307.52  6359.0625  9.12558e-01  9.29169e-01  9.12466e-01  0.00000e+00
  -9278.97  6359.6875  9.51450e-01  1.03409e+00  9.51051e-01  0.00000e+00
  -9250.42  6360.3125  9.13681e-01  8.48807e-01  9.13323e-01  0.00000e+00
  -9221.87  6360.9375  9.24795e-01  8.98588e-01  9.24999e-01  0.00000e+00
  -9193.32  6361.5625  9.71404e-01  1.04166e+00  9.71663e-01  0.00000e+00
  -9164.77  6362.1875  1.04016e+00  8.63038e-01  1.04041e+00  0.00000e+00
  -9136.22  6362.8125  1.13341e+00  1.42292e+00  1.13370e+00  0.00000e+00
  -9107.67  6363.4375  1.04828e+00  8.75759e-01  1.04841e+00  0.00000e+00
  -9079.11  6364.0625  9.96936e-01  1.04535e+00  9.96847e-01  0.00000e+00
  -9050.56  6364.6875  1.02392e+00  9.43255e-01  1.02364e+00  0.00000e+00
  -9022.01  6365.3125  1.11029e+00  1.14651e+00  1.11007e+00  0.00000e+00
  -8993.46  6365.9375  1.14132e+00  1.23428e+00  1.14128e+00  0.00000e+00
  -8964.91  6366.5625  1.07042e+00  9.98291e-01  1.07033e+00  0.00000e+00
  -8936.36  6367.1875  1.00613e+00  1.06735e+00  1.00603e+00  0.00000e+00
  -8907.81  6367.8125  1.00063e+00  8.37161e-01  1.00085e+00  0.00000e+00
  -8879.26  6368.4375  1.16694e+00  1.17186e+00  1.16752e+00  0.00000e+00
  -8850.71  6369.0625  1.27211e+00  1.53215e+00  1.27269e+00  0.00000e+00
  -8822.15  6369.6875  1.14707e+00  9.56996e-01  1.14735e+00  0.00000e+00
  -8793.60  6370.3125  1.09959e+00  1.12779e+00  1.09960e+00  0.00000e+00
  -8765.05  6370.9375  1.10684e+00  1.13025e+00  1.10684e+00  0.00000e+00
  -8736.50  6371.5625  1.06656e+00  1.07773e+00  1.06663e+00  0.00000e+00
  -8707.95  6372.1875  1.01035e+00  9.84642e-01  1.01069e+00  0.00000e+00
  -8679.40  6372.8125  9.62023e-01  9.93699e-01  9.62510e-01  0.00000e+00
  -8650.85  6373.4375  9.04904e-01  8.84912e-01  9.05234e-01  0.00000e+00
  -8622.30  6374.0625  9.59516e-01  7.81223e-01  9.59750e-01  0.00000e+00
  -8593.75  6374.6875  1.17103e+00  1.32131e+00  1.17143e+00  0.00000e+00
  -8565.20  6375.3125  1.27022e+00  1.30250e+00  1.27065e+00  0.00000e+00
  -8536.64  6375.9375  1.22544e+00  1.25369e+00  1.22578e+00  0.00000e+00
  -8508.09  6376.5625  1.14484e+00  1.09618e+00  1.14515e+00  0.00000e+00
  -8479.54  6377.1875  1.07090e+00  1.14636e+00  1.07124e+00  0.00000e+00
  -8450.99  6377.8125  1.01744e+00  8.59892e-01  1.01778e+00  0.00000e+00
  -8422.44  6378.4375  1.07311e+00  1.16742e+00  1.07366e+00  0.00000e+00
  -8393.89  6379.0625  1.09264e+00  1.09287e+00  1.09318e+00  0.00000e+00
  -8365.34  6379.6875  1.01306e+00  1.09929e+00  1.01350e+00  0.00000e+00
  -8336.79  6380.3125  9.17588e-01  7.47499e-01  9.17770e-01  0.00000e+00
  -8308.24  6380.9375  9.83743e-01  1.00223e+00  9.83624e-01  0.00000e+00
  -8279.69  6381.5625  1.08218e+00  1.15125e+00  1.08220e+00  0.00000e+00
  -8251.13  6382.1875  1.05938e+00  1.10214e+00  1.05956e+00  0.00000e+00
  -8222.58  6382.8125  9.78192e-01  9.06401e-01  9.78053e-01  0.00000e+00
  -8194.03  6383.4375  9.32103e-01  9.89019e-01  9.31623e-01  0.00000e+00
  -8165.48  6384.0625  8.88471e-01  8.29143e-01  8.88287e-01  0.00000e+00
  -8136.93  6384.6875  8.96531e-01  8.90877e-01  8.96741e-01  0.00000e+00
  -8108.38  6385.3125  9.62456e-01  9.31047e-01  9.62754e-01  0.00000e+00
  -8079.83  6385.9375  1.02915e+00  1.10954e+00  1.02927e+00  0.00000e+00
  -8051.28  6386.5625  1.03901e+00  9.80933e-01  1.03893e+00  0.00000e+00
  -8022.73  6387.1875  1.01356e+00  1.12618e+00  1.01340e+00  0.00000e+00
  -7994.17  6387.8125  9.31295e-01  8.30267e-01  9.31204e-01  0.00000e+00
  -7965.62  6388.4375  9.13461e-01  9.22191e-01  9.13312e-01  0.00000e+00
  -7937.07  6389.0625  9.59376e-01  9.27373e-01  9.59087e-01  0.00000e+00
  -7908.52  6389.6875  1.01517e+00  1.06504e+00  1.01490e+00  0.00000e+00
  -7879.97  6390.3125  1.00744e+00  1.03301e+00  1.00740e+00  0.00000e+00
  -7851.42  6390.9375  9.39002e-01  9.40924e-01  9.39115e-01  0.00000e+00
  -7822.87  6391.5625  9.15818e-01  8.04329e-01  9.16112e-01  0.00000e+00
  -7794.32  6392.1875  9.91880e-01  1.07187e+00  9.92060e-01  0.00000e+00
  -7765.77  6392.8125  1.04545e+00  1.01877e+00  1.04553e+00  0.00000e+00
  -7737.22  6393.4375  1.09161e+00  1.08355e+00  1.09165e+00  0.00000e+00
  -7708.66  6394.0625  1.11532e+00  1.19882e+00  1.11517e+00  0.00000e+00
  -7680.11  6394.6875  1.10374e+00  9.82947e-01  1.10344e+00  0.00000e+00
  -7651.56  6395.3125  1.14562e+00  1.24022e+00  1.14551e+00  0.00000e+00
  -7623.01  6395.9375  1.13370e+00  1.13090e+00  1.13362e+00  0.00000e+00
  -7594.46  6396.5625  1.07024e+00  1.06953e+00  1.06987e+00  0.00000e+00
  -7565.91  6397.1875  9.77882e-01  1.03635e+00  9.77459e-01  0.00000e+00
  -7537.36  6397.8125  9.35103e-01  7.18712e-01  9.34837e-01  0.00000e+00
  -7508.81  6398.4375  1.05892e+00  1.19956e+00  1.05891e+00  0.00000e+00
  -7480.26  6399.0625  1.09686e+00  1.14217e+00  1.09682e+00  0.00000e+00
  -7451.71  6399.6875  1.00663e+00  9.97675e-01  1.00620e+00  0.00000e+00
  -7423.15  6400.3125  9.77727e-01  8.32735e-01  9.77180e-01  0.00000e+00
  -7394.60  6400.9375  1.03915e+00  1.22134e+00  1.03875e+00  0.00000e+00
  -7366.05  6401.5625  1.00113e+00  9.09014e-01  1.00107e+00  0.00000e+00
  -7337.50  6402.1875  9.71299e-01  9.85769e-01  9.71499e-01  0.00000e+00
  -7308.95  6402.8125  9.71706e-01  9.73074e-01  9.71717e-01  0.00000e+00
  -7280.40  6403.4375  9.77451e-01  9.56511e-01  9.77164e-01  0.00000e+00
  -7251.85  6404.0625  1.01095e+00  1.01187e+00  1.01079e+00  0.00000e+00
  -7223.30  6404.6875  1.08028e+00  1.03210e+00  1.08041e+00  0.00000e+00
  -7194.75  6405.3125  1.13509e+00  1.27474e+00  1.13535e+00  0.00000e+00
  -7166.19  6405.9375  1.12482e+00  9.61157e-01  1.12520e+00  0.00000e+00
  -7137.64  6406.5625  1.12331e+00  1.33713e+00  1.12375e+00  0.00000e+00
  -7109.09  6407.1875  9.98264e-01  8.92225e-01  9.98446e-01  0.00000e+00
  -7080.54  6407.8125  9.34991e-01  8.55224e-01  9.35059e-01  0.00000e+00
  -7051.99  6408.4375  9.68419e-01  1.08501e+00  9.68254e-01  0.00000e+00
  -7023.44  6409.0625  9.65980e-01  8.50573e-01  9.65697e-01  0.00000e+00
  -6994.89  6409.6875  9.99445e-01  1.08058e+00  9.99317e-01  0.00000e+00
  -6966.34  6410.3125  9.86254e-01  9.96775e-01  9.86135e-01  0.00000e+00
  -6937.79  6410.9375  9.52501e-01  8.90403e-01  9.52314e-01  0.00000e+00
  -6909.24  6411.5625  1.00142e+00  9.78930e-01  1.00148e+00  0.00000e+00
  -6880.68  6412.1875  1.04144e+00  1.17466e+00  1.04184e+00  0.00000e+00
  -6852.13  6412.8125  9.98251e-01  8.65532e-01  9.98712e-01  0.00000e+00
  -6823.58  6413.4375  1.02152e+00  1.07114e+00  1.02160e+00  0.00000e+00
  -6795.03  6414.0625  1.04419e+00  1.05875e+00  1.04395e+00  0.00000e+00
  -6766.48  6414.6875  9.96023e-01  1.04333e+00  9.95850e-01  0.00000e+00
  -6737.93  6415.3125  9.27908e-01  8.39640e-01  9.27974e-01  0.00000e+00
  -6709.38  6415.9375  9.52877e-01  9.43577e-01  9.53017e-01  0.00000e+00
  -6680.83  6416.5625  1.01846e+00  1.05890e+00  1.01864e+00  0.00000e+00
  -6652.28  6417.1875  1.05143e+00  1.03044e+00  1.05170e+00  0.00000e+00
  -6623.73  6417.8125  1.08128e+00  1.08722e+00  1.08147e+00  0.00000e+00
  -6595.17  6418.4375  1.06640e+00  1.15292e+00  1.06639e+00  0.00000e+00
  -6566.62  6419.0625  1.00951e+00  8.80731e-01  1.00948e+00  0.00000e+00
  -6538.07  6419.6875  1.03626e+00  1.09401e+00  1.03611e+00  0.00000e+00
  -6509.52  6420.3125  1.05269e+00  1.06718e+00  1.05254e+00  0.00000e+00
  -6480.97  6420.9375  1.02455e+00  1.01676e+00  1.02436e+00  0.00000e+00
  -6452.42  6421.5625  1.01274e+00  9.87006e-01  1.01266e+00  0.00000e+00
  -6423.87  6422.1875  1.05052e+00  1.02335e+00  1.05069e+00  0.00000e+00
  -6395.32  6422.8125  1.04564e+00  1.21039e+00  1.04556e+00  0.00000e+00
  -6366.77  6423.4375  9.32386e-01  7.75217e-01  9.32037e-01  0.00000e+00
  -6338.21  6424.0625  9.11641e-01  9.43566e-01  9.11422e-01  0.00000e+00
  -6309.66  6424.6875  9.56451e-01  9.23038e-01  9.56437e-01  0.00000e+00
  -6281.11  6425.3125  9.95522e-01  1.05787e+00  9.95640e-01  0.00000e+00
  -6252.56  6425.9375  9.89058e-01  9.52355e-01  9.89083e-01  0.00000e+00
  -6224.01  6426.5625  9.42953e-01  1.03783e+00  9.42945e-01  0.00000e+00
  -6195.46  6427.1875  8.91184e-01  7.21781e-01  8.91249e-01  0.00000e+00
  -6166.91  6427.8125  9.66448e-01  1.03310e+00  9.66664e-01  0.00000e+00
  -6138.36  6428.4375  1.01451e+00  1.08237e+00  1.01475e+00  0.00000e+00
  -6109.81  6429.0625  9.98265e-01  8.96834e-01  9.98468e-01  0.00000e+00
  -6081.26  6429.6875  1.05447e+00  1.07938e+00  1.05486e+00  0.00000e+00
  -6052.70  6430.3125  1.06557e+00  1.18763e+00  1.06602e+00  0.00000e+00
  -6024.15  6430.9375  9.58909e-01  8.69752e-01  9.59035e-01  0.00000e+00
  -5995.60  6431.5625  9.38013e-01  8.61179e-01  9.37863e-01  0.00000e+00
  -5967.05  6432.1875  9.93738e-01  1.12904e+00  9.93602e-01  0.00000e+00
  -5938.50  6432.8125  1.01477e+00  8.45423e-01  1.01493e+00  0.00000e+00
  -5909.95  6433.4375  1.06527e+00  1.26301e+00  1.06548e+00  0.00000e+00
  -5881.40  6434.0625  1.01379e+00  9.10909e-01  1.01371e+00  0.00000e+00
  -5852.85  6434.6875  1.00323e+00  9.68917e-01  1.00316e+00  0.00000e+00
  -5824.30  6435.3125  1.03925e+00  1.13123e+00  1.03936e+00  0.00000e+00
  -5795.75  6435.9375  9.97952e-01  9.66090e-01  9.98080e-01  0.00000e+00
  -5767.19  6436.5625  9.70931e-01  9.25426e-01  9.70949e-01  0.00000e+00
  -5738.64  6437.1875  9.98850e-01  1.03154e+00  9.98653e-01  0.00000e+00
  -5710.09  6437.8125  9.80686e-01  1.04054e+00  9.80429e-01  0.00000e+00
  -5681.54  6438.4375  9.49067e-01  8.02164e-01  9.48637e-01  0.00000e+00
  -5652.99  6439.0625  1.00028e+00  1.12811e+00  9.99836e-01  0.00000e+00
  -5624.44  6439.6875  1.00472e+00  9.46893e-01  1.00447e+00  0.00000e+00
  -5595.89  6440.3125  1.03739e+00  9.95252e-01  1.03738e+00  0.00000e+00
  -5567.34  6440.9375  1.11598e+00  1.17906e+00  1.11613e+00  0.00000e+00
  -5538.79  6441.5625  1.09428e+00  1.17132e+00  1.09439e+00  0.00000e+00
  -5510.24  6442.1875  9.90298e-01  8.97181e-01  9.90100e-01  0.00000e+00
  -5481.68  6442.8125  9.73337e-01  9.47012e-01  9.73053e-01  0.00000e+00
  -5453.13  6443.4375  9.74353e-01  1.10004e+00  9.74158e-01  0.00000e+00
  -5424.58  6444.0625  9.16834e-01  7.66286e-01  9.16747e-01  0.00000e+00
  -5396.03  6444.6875  9.53539e-01  9.99203e-01  9.53610e-01  0.00000e+00
  -5367.48  6445.3125  9.63786e-01  1.05871e+00  9.63795e-01  0.00000e+00
  -5338.93  6445.9375  9.09505e-01  7.65223e-01  9.09516e-01  0.00000e+00
  -5310.38  6446.5625  9.39184e-01  1.02262e+00  9.39104e-01  0.00000e+00
  -5281.83  6447.1875  9.66379e-01  9.24777e-01  9.66132e-01  0.00000e+00
  -5253.28  6447.8125  9.81529e-01  1.01495e+00  9.81259e-01  0.00000e+00
  -5224.72  6448.4375  9.55395e-01  9.93579e-01  9.55221e-01  0.00000e+00
  -5196.17  6449.0625  9.32621e-01  8.06813e-01  9.32465e-01  0.00000e+00
  -5167.62  6449.6875  9.91788e-01  1.09343e+00  9.91506e-01  0.00000e+00
  -5139.07  6450.3125  1.00048e+00  9.90726e-01  1.00019e+00  0.00000e+00
  -5110.52  6450.9375  1.02591e+00  9.13480e-01  1.02570e+00  0.00000e+00
  -5081.97  6451.5625  1.08056e+00  1.28930e+00  1.08043e+00  0.00000e+00
  -5053.42  6452.1875  9.96229e-01  8.83548e-01  9.96101e-01  0.00000e+00
  -5024.87  6452.8125  9.78164e-01  9.08226e-01  9.77738e-01  0.00000e+00
  -4996.32  6453.4375  1.04955e+00  1.15781e+00  1.04905e+00  0.00000e+00
  -4967.77  6454.0625  1.02856e+00  1.01821e+00  1.02847e+00  0.00000e+00
  -4939.21  6454.6875  9.57073e-01  9.66774e-01  9.57288e-01  0.00000e+00
  -4910.66  6455.3125  9.58649e-01  8.09357e-01  9.58748e-01  0.00000e+00
  -4882.11  6455.9375  1.02249e+00  1.24275e+00  1.02230e+00  0.00000e+00
  -4853.56  6456.5625  9.25198e-01  8.59499e-01  9.25009e-01  0.00000e+00
  -4825.01  6457.1875  8.40225e-01  7.52688e-01  8.40107e-01  0.00000e+00
  -4796.46  6457.8125  8.98642e-01  8.99941e-01  8.98585e-01  0.00000e+00
  -4767.91  6458.4375  9.28089e-01  1.07431e+00  9.28254e-01  0.00000e+00
  -4739.36  6459.0625  8.66153e-01  6.93718e-01  8.66305e-01  0.00000e+00
  -4710.81  6459.6875  9.00865e-01  9.78351e-01  9.00912e-01  0.00000e+00
  -4682.26  6460.3125  9.71766e-01  9.01986e-01  9.71871e-01  0.00000e+00
  -4653.70  6460.9375  1.04876e+00  1.12731e+00  1.04916e+00  0.00000e+00
  -4625.15  6461.5625  1.08723e+00  1.03875e+00  1.08781e+00  0.00000e+00
  -4596.60  6462.1875  1.09738e+00  1.17579e+00  1.09757e+00  0.00000e+00
  -4568.05  6462.8125  1.03138e+00  1.03305e+00  1.03119e+00  0.00000e+00
  -4539.50  6463.4375  9.68955e-01  8.83037e-01  9.68824e-01  0.00000e+00
  -4510.95  6464.0625  1.00625e+00  1.02366e+00  1.00603e+00  0.00000e+00
  -4482.40  6464.6875  1.05565e+00  1.08151e+00  1.05527e+00  0.00000e+00
  -4453.85  6465.3125  1.04461e+00  1.07793e+00  1.04428e+00  0.00000e+00
  -4425.30  6465.9375  1.00622e+00  9.46609e-01  1.00613e+00  0.00000e+00
  -4396.74  6466.5625  9.84641e-01  1.05867e+00  9.84605e-01  2.82650e-09
  -4368.19  6467.1875  9.55100e-01  8.60826e-01  9.54945e-01  2.71495e-07
  -4339.64  6467.8125  9.82328e-01  1.02686e+00  9.82349e-01  7.07688e-06
  -4311.09  6468.4375  1.01778e+00  9.93965e-01  1.01787e+00  5.00599e-05
  -4282.54  6469.0625  1.03409e+00  1.07909e+00  1.03404e+00  9.60961e-05
  -4253.99  6469.6875  1.00638e+00  1.00063e+00  1.00622e+00  5.00599e-05
  -4225.44  6470.3125  9.61168e-01  9.63185e-01  9.61037e-01  7.07688e-06
  -4196.89  6470.9375  9.51330e-01  8.84412e-01  9.51005e-01  2.71495e-07
  -4168.34  6471.5625  9.50357e-01  1.08540e+00  9.49716e-01  2.82650e-09
  -4139.79  6472.1875  8.55848e-01  7.80282e-01  8.55457e-01  0.00000e+00
  -4111.23  6472.8125  8.00125e-01  7.78755e-01  7.99959e-01  0.00000e+00
  -4082.68  6473.4375  8.89725e-01  7.55760e-01  8.89523e-01  0.00000e+00
  -4054.13  6474.0625  1.06334e+00  1.24517e+00  1.06298e+00  0.00000e+00
  -4025.58  6474.6875  1.07840e+00  1.07888e+00  1.07775e+00  1.08012e-09
  -3997.03  6475.3125  1.02994e+00  9.53926e-01  1.02928e+00  1.03749e-07
  -3968.48  6475.9375  1.02471e+00  1.11271e+00  1.02439e+00  2.70718e-06
  -3939.93  6476.5625  9.79167e-01  9.28912e-01  9.79067e-01  1.94035e-05
  -3911.38  6477.1875  9.56772e-01  9.48531e-01  9.56519e-01  4.40249e-05
  -3882.83  6477.8125  1.00126e+00  9.47380e-01  1.00063e+00  7.52566e-05
  -3854.28  6478.4375  1.05079e+00  1.17747e+00  1.04980e+00  1.42064e-04
  -3825.72  6479.0625  1.02064e+00  9.25170e-01  1.01994e+00  1.33395e-04
  -3797.17  6479.6875  1.01603e+00  1.05904e+00  1.01580e+00  5.04619e-05
  -3768.62  6480.3125  1.00209e+00  1.01615e+00  1.00198e+00  6.40559e-06
  -3740.07  6480.9375  9.90614e-01  9.10825e-01  9.90691e-01  2.40289e-07
  -3711.52  6481.5625  1.00081e+00  1.13051e+00  1.00099e+00  2.06648e-07
  -3682.97  6482.1875  9.58435e-01  8.36780e-01  9.58257e-01  5.32270e-06
  -3654.42  6482.8125  9.77347e-01  1.01851e+00  9.77016e-01  3.76514e-05
  -3625.87  6483.4375  1.01438e+00  1.01150e+00  1.01414e+00  7.22764e-05
  -3597.32  6484.0625  1.06277e+00  1.01139e+00  1.06259e+00  3.76514e-05
  -3568.76  6484.6875  1.12758e+00  1.21579e+00  1.12737e+00  5.32270e-06
  -3540.21  6485.3125  1.12310e+00  1.09063e+00  1.12282e+00  2.04198e-07
  -3511.66  6485.9375  1.07250e+00  1.14271e+00  1.07226e+00  4.35094e-09
  -3483.11  6486.5625  1.03096e+00  8.83272e-01  1.03090e+00  2.13725e-07
  -3454.56  6487.1875  1.08010e+00  1.18894e+00  1.08018e+00  5.57289e-06
  -3426.01  6487.8125  1.08798e+00  1.06002e+00  1.08782e+00  3.95867e-05
  -3397.46  6488.4375  1.06712e+00  1.07440e+00  1.06691e+00  8.03083e-05
  -3368.91  6489.0625  1.04073e+00  1.05617e+00  1.04080e+00  7.23745e-05
  -3340.36  6489.6875  1.00036e+00  9.84969e-01  1.00043e+00  6.92031e-05
  -3311.81  6490.3125  9.76364e-01  9.64079e-01  9.76328e-01  4.26412e-05
  -3283.25  6490.9375  9.50409e-01  1.00200e+00  9.50232e-01  7.68555e-05
  -3254.70  6491.5625  9.29868e-01  8.13041e-01  9.29471e-01  1.81245e-04
  -3226.15  6492.1875  9.59291e-01  1.09112e+00  9.58635e-01  2.24185e-04
  -3197.60  6492.8125  9.67157e-01  8.21082e-01  9.66693e-01  2.64189e-04
  -3169.05  6493.4375  1.03060e+00  1.13568e+00  1.03043e+00  2.67689e-04
  -3140.50  6494.0625  1.04762e+00  1.03249e+00  1.04760e+00  1.27412e-04
  -3111.95  6494.6875  1.03295e+00  1.01923e+00  1.03297e+00  1.08847e-04
  -3083.40  6495.3125  1.01927e+00  1.06040e+00  1.01890e+00  2.91002e-04
  -3054.85  6495.9375  1.00653e+00  9.33261e-01  1.00576e+00  3.78998e-04
  -3026.30  6496.5625  1.09745e+00  1.03790e+00  1.09669e+00  2.77279e-04
  -2997.74  6497.1875  1.20586e+00  1.38094e+00  1.20531e+00  3.14161e-04
  -2969.19  6497.8125  1.13866e+00  1.10543e+00  1.13830e+00  3.23970e-04
  -2940.64  6498.4375  9.98004e-01  1.01902e+00  9.97788e-01  2.76420e-04
  -2912.09  6499.0625  8.49807e-01  8.52044e-01  8.49516e-01  3.61434e-04
  -2883.54  6499.6875  8.09580e-01  5.95004e-01  8.09226e-01  4.31368e-04
  -2854.99  6500.3125  9.11765e-01  1.15142e+00  9.11531e-01  5.01360e-04
  -2826.44  6500.9375  8.96432e-01  7.81569e-01  8.96056e-01  7.26427e-04
  -2797.89  6501.5625  9.40083e-01  8.64986e-01  9.39640e-01  7.13410e-04
  -2769.34  6502.1875  1.10756e+00  1.16203e+00  1.10721e+00  5.83133e-04
  -2740.78  6502.8125  1.16878e+00  1.31211e+00  1.16827e+00  6.61128e-04
  -2712.23  6503.4375  1.06715e+00  9.63491e-01  1.06669e+00  7.39993e-04
  -2683.68  6504.0625  9.57907e-01  1.05795e+00  9.57582e-01  7.43693e-04
  -2655.13  6504.6875  8.46827e-01  7.29831e-01  8.46448e-01  8.28429e-04
  -2626.58  6505.3125  8.70641e-01  8.06202e-01  8.69800e-01  1.09609e-03
  -2598.03  6505.9375  9.87562e-01  1.08886e+00  9.86590e-01  1.00051e-03
  -2569.48  6506.5625  1.02636e+00  9.99291e-01  1.02556e+00  8.33873e-04
  -2540.93  6507.1875  1.00141e+00  1.07164e+00  1.00079e+00  8.62738e-04
  -2512.38  6507.8125  9.43541e-01  8.66376e-01  9.42759e-01  9.53450e-04
  -2483.83  6508.4375  9.61259e-01  9.34925e-01  9.59840e-01  1.30436e-03
  -2455.27  6509.0625  1.02370e+00  1.08183e+00  1.02204e+00  1.36223e-03
  -2426.72  6509.6875  1.03535e+00  1.02285e+00  1.03399e+00  1.35068e-03
  -2398.17  6510.3125  1.03874e+00  1.02181e+00  1.03756e+00  1.68685e-03
  -2369.62  6510.9375  1.05779e+00  1.07784e+00  1.05636e+00  1.95461e-03
  -2341.07  6511.5625  1.05499e+00  1.06614e+00  1.05328e+00  2.01481e-03
  -2312.52  6512.1875  1.04766e+00  1.01534e+00  1.04617e+00  1.82477e-03
  -2283.97  6512.8125  1.10827e+00  1.04610e+00  1.10715e+00  1.57356e-03
  -2255.42  6513.4375  1.17177e+00  1.33815e+00  1.17029e+00  1.80335e-03
  -2226.87  6514.0625  1.08605e+00  1.03322e+00  1.08400e+00  2.12179e-03
  -2198.32  6514.6875  1.00144e+00  9.46623e-01  9.98925e-01  2.48809e-03
  -2169.76  6515.3125  9.60280e-01  1.06164e+00  9.57813e-01  2.71549e-03
  -2141.21  6515.9375  9.07917e-01  7.54846e-01  9.05413e-01  2.67658e-03
  -2112.66  6516.5625  9.25147e-01  1.05044e+00  9.22117e-01  3.21642e-03
  -2084.11  6517.1875  8.89837e-01  8.50584e-01  8.86543e-01  3.58675e-03
  -2055.56  6517.8125  8.65145e-01  8.19251e-01  8.61940e-01  3.92871e-03
  -2027.01  6518.4375  9.36691e-01  9.05636e-01  9.33031e-01  4.83111e-03
  -1998.46  6519.0625  1.02066e+00  1.11952e+00  1.01646e+00  5.26870e-03
  -1969.91  6519.6875  1.02242e+00  9.74196e-01  1.01796e+00  4.92816e-03
  -1941.36  6520.3125  1.02874e+00  1.02563e+00  1.02396e+00  4.88576e-03
  -1912.80  6520.9375  1.02520e+00  1.09776e+00  1.02023e+00  5.27506e-03
  -1884.25  6521.5625  1.00011e+00  8.79294e-01  9.94841e-01  5.92915e-03
  -1855.70  6522.1875  1.05922e+00  1.11266e+00  1.05292e+00  7.25707e-03
  -1827.15  6522.8125  1.10586e+00  1.12504e+00  1.09916e+00  7.70764e-03
  -1798.60  6523.4375  1.08746e+00  1.10413e+00  1.08017e+00  8.40291e-03
  -1770.05  6524.0625  1.02111e+00  1.04489e+00  1.01342e+00  8.79252e-03
  -1741.50  6524.6875  9.53520e-01  8.83503e-01  9.46080e-01  8.62490e-03
  -1712.95  6525.3125  9.43884e-01  9.81872e-01  9.35709e-01  9.40157e-03
  -1684.40  6525.9375  9.62604e-01  8.94569e-01  9.52906e-01  1.07285e-02
  -1655.85  6526.5625  9.88039e-01  1.10062e+00  9.77632e-01  1.13095e-02
  -1627.29  6527.1875  9.88144e-01  8.42131e-01  9.77901e-01  1.12124e-02
  -1598.74  6527.8125  1.04963e+00  1.16026e+00  1.03807e+00  1.29160e-02
  -1570.19  6528.4375  1.04538e+00  1.05311e+00  1.03116e+00  1.60921e-02
  -1541.64  6529.0625  1.00104e+00  9.46027e-01  9.84797e-01  1.83356e-02
  -1513.09  6529.6875  1.00106e+00  1.03344e+00  9.85102e-01  1.79120e-02
  -1484.54  6530.3125  9.78977e-01  1.00147e+00  9.62754e-01  1.81663e-02
  -1455.99  6530.9375  9.33561e-01  8.92212e-01  9.16236e-01  1.94808e-02
  -1427.44  6531.5625  9.18416e-01  9.34801e-01  8.99488e-01  2.14141e-02
  -1398.89  6532.1875  9.03513e-01  9.07932e-01  8.81817e-01  2.44994e-02
  -1370.34  6532.8125  8.82210e-01  8.69961e-01  8.57627e-01  2.78351e-02
  -1341.78  6533.4375  8.93717e-01  8.66740e-01  8.65062e-01  3.23515e-02
  -1313.23  6534.0625  9.98477e-01  9.06223e-01  9.68058e-01  3.40900e-02
  -1284.68  6534.6875  1.12905e+00  1.31730e+00  1.09717e+00  3.57078e-02
  -1256.13  6535.3125  1.07312e+00  1.06405e+00  1.03723e+00  4.01831e-02
  -1227.58  6535.9375  9.66244e-01  8.88021e-01  9.27038e-01  4.39402e-02
  -1199.03  6536.5625  9.71878e-01  9.53085e-01  9.30488e-01  4.66025e-02
  -1170.48  6537.1875  1.00337e+00  1.08197e+00  9.59802e-01  4.93639e-02
  -1141.93  6537.8125  9.55476e-01  9.40935e-01  9.09198e-01  5.23336e-02
  -1113.38  6538.4375  9.30923e-01  8.45143e-01  8.81014e-01  5.62153e-02
  -1084.83  6539.0625  1.00854e+00  1.03744e+00  9.54186e-01  6.10090e-02
  -1056.27  6539.6875  1.08088e+00  1.11327e+00  1.02246e+00  6.54631e-02
  -1027.72  6540.3125  1.10263e+00  1.09188e+00  1.04180e+00  6.83151e-02
   -999.17  6540.9375  1.12761e+00  1.10601e+00  1.05998e+00  7.60949e-02
   -970.62  6541.5625  1.12801e+00  1.22955e+00  1.05159e+00  8.57975e-02
   -942.07  6542.1875  1.05777e+00  9.74214e-01  9.73907e-01  9.44019e-02
   -913.52  6542.8125  1.04686e+00  1.02960e+00  9.57254e-01  1.01173e-01
   -884.97  6543.4375  1.07368e+00  1.12770e+00  9.76026e-01  1.10199e-01
   -856.42  6544.0625  1.04825e+00  1.04102e+00  9.39933e-01  1.22164e-01
   -827.87  6544.6875  1.03382e+00  9.74431e-01  9.20026e-01  1.28382e-01
   -799.31  6545.3125  1.06199e+00  1.12919e+00  9.43138e-01  1.34051e-01
   -770.76  6545.9375  1.06338e+00  1.01895e+00  9.35378e-01  1.44378e-01
   -742.21  6546.5625  1.07605e+00  1.09038e+00  9.37336e-01  1.56506e-01
   -713.66  6547.1875  1.09121e+00  1.10008e+00  9.44292e-01  1.65746e-01
   -685.11  6547.8125  1.12230e+00  1.05845e+00  9.70864e-01  1.70952e-01
   -656.56  6548.4375  1.16576e+00  1.28011e+00  1.00667e+00  1.79293e-01
   -628.01  6549.0625  1.13428e+00  1.06445e+00  9.61024e-01  1.95007e-01
   -599.46  6549.6875  1.08030e+00  1.16807e+00  8.93438e-01  2.10247e-01
   -570.91  6550.3125  1.03250e+00  8.88154e-01  8.41580e-01  2.14782e-01
   -542.36  6550.9375  1.07793e+00  1.16085e+00  8.83646e-01  2.18669e-01
   -513.80  6551.5625  1.11955e+00  1.07726e+00  9.11757e-01  2.33911e-01
   -485.25  6552.1875  1.11632e+00  1.21388e+00  8.90224e-01  2.54512e-01
   -456.70  6552.8125  1.06882e+00  9.64647e-01  8.29616e-01  2.69170e-01
   -428.15  6553.4375  1.10785e+00  1.10180e+00  8.56821e-01  2.82328e-01
   -399.60  6554.0625  1.22877e+00  1.19693e+00  9.63975e-01  2.97757e-01
   -371.05  6554.6875  1.30397e+00  1.46654e+00  1.03486e+00  3.02741e-01
   -342.50  6555.3125  1.24467e+00  1.14303e+00  9.73284e-01  3.05539e-01
   -313.95  6555.9375  1.24446e+00  1.20367e+00  9.59365e-01  3.21059e-01
   -285.40  6556.5625  1.31409e+00  1.40236e+00  9.70179e-01  3.87611e-01
   -256.85  6557.1875  1.55594e+00  1.14225e+00  8.94473e-01  7.45515e-01
   -228.29  6557.8125  2.46293e+00  2.16544e+00  8.97902e-01  1.76308e+00
   -199.74  6558.4375  3.71114e+00  4.19859e+00  9.82931e-01  3.07300e+00
   -171.19  6559.0625  4.34704e+00  4.60298e+00  1.02304e+00  3.74401e+00
   -142.64  6559.6875  4.35272e+00  4.35892e+00  9.51928e-01  3.83078e+00
   -114.09  6560.3125  4.22619e+00  4.15014e+00  8.80905e-01  3.76850e+00
    -85.54  6560.9375  4.21435e+00  4.17153e+00  9.31345e-01  3.69837e+00
    -56.99  6561.5625  4.26698e+00  4.32965e+00  1.05016e+00  3.62345e+00
    -28.44  6562.1875  4.23941e+00  4.27749e+00  1.09789e+00  3.53829e+00
      0.11  6562.8125  4.09663e+00  4.14696e+00  1.07604e+00  3.40217e+00
     28.67  6563.4375  3.90614e+00  3.82413e+00  1.08504e+00  3.17794e+00
     57.22  6564.0625  3.69686e+00  3.85539e+00  1.10801e+00  2.91662e+00
     85.77  6564.6875  3.32073e+00  3.33014e+00  9.80836e-01  2.63600e+00
    114.32  6565.3125  2.88127e+00  2.81094e+00  8.41528e-01  2.29765e+00
    142.87  6565.9375  2.52112e+00  2.52447e+00  8.52504e-01  1.87919e+00
    171.42  6566.5625  2.17389e+00  2.21810e+00  9.45614e-01  1.38317e+00
    199.97  6567.1875  1.79944e+00  1.75009e+00  1.00045e+00  8.99854e-01
    228.52  6567.8125  1.50624e+00  1.44472e+00  9.99352e-01  5.70793e-01
    257.07  6568.4375  1.40770e+00  1.26030e+00  1.02611e+00  4.29562e-01
    285.62  6569.0625  1.44230e+00  1.61116e+00  1.09354e+00  3.92678e-01
    314.18  6569.6875  1.34903e+00  1.34557e+00  1.01096e+00  3.81007e-01
    342.73  6570.3125  1.24329e+00  1.11224e+00  9.13965e-01  3.71294e-01
    371.28  6570.9375  1.32019e+00  1.29292e+00  9.99565e-01  3.61551e-01
    399.83  6571.5625  1.42305e+00  1.57718e+00  1.11323e+00  3.49638e-01
    428.38  6572.1875  1.39434e+00  1.30342e+00  1.09504e+00  3.37856e-01
    456.93  6572.8125  1.36165e+00  1.41520e+00  1.06728e+00  3.31858e-01
    485.48  6573.4375  1.30872e+00  1.30676e+00  1.02398e+00  3.20638e-01
    514.03  6574.0625  1.23040e+00  1.23061e+00  9.54318e-01  3.10944e-01
    542.58  6574.6875  1.17473e+00  1.13454e+00  9.09088e-01  2.99261e-01
    571.13  6575.3125  1.16271e+00  1.18143e+00  9.08765e-01  2.86278e-01
    599.69  6575.9375  1.16826e+00  1.13401e+00  9.29009e-01  2.69831e-01
    628.24  6576.5625  1.16561e+00  1.24161e+00  9.37531e-01  2.57283e-01
    656.79  6577.1875  1.12527e+00  1.05439e+00  9.04428e-01  2.49036e-01
    685.34  6577.8125  1.14383e+00  1.12643e+00  9.29878e-01  2.41020e-01
    713.89  6578.4375  1.19659e+00  1.24171e+00  9.88505e-01  2.34411e-01
    742.44  6579.0625  1.16290e+00  1.22828e+00  9.60561e-01  2.27961e-01
    770.99  6579.6875  1.04022e+00  1.01079e+00  8.51106e-01  2.13106e-01
    799.54  6580.3125  1.03888e+00  8.24003e-01  8.59985e-01  2.01679e-01
    828.09  6580.9375  1.19984e+00  1.42755e+00  1.03030e+00  1.91085e-01
    856.65  6581.5625  1.15722e+00  1.21613e+00  9.99763e-01  1.77551e-01
    885.20  6582.1875  9.93174e-01  8.47892e-01  8.43465e-01  1.68966e-01
    913.75  6582.8125  9.85087e-01  9.74424e-01  8.41054e-01  1.62701e-01
    942.30  6583.4375  1.06756e+00  1.08935e+00  9.28622e-01  1.56926e-01
    970.85  6584.0625  1.16703e+00  1.09763e+00  1.03608e+00  1.47956e-01
    999.40  6584.6875  1.21833e+00  1.43527e+00  1.09596e+00  1.38173e-01
   1027.95  6585.3125  1.09734e+00  9.72148e-01  9.81950e-01  1.30448e-01
   1056.50  6585.9375  1.01083e+00  1.01472e+00  9.03203e-01  1.21974e-01
   1085.05  6586.5625  9.75218e-01  9.99581e-01  8.74404e-01  1.14270e-01
   1113.60  6587.1875  9.49397e-01  8.84364e-01  8.53172e-01  1.08683e-01
   1142.16  6587.8125  1.00366e+00  9.86466e-01  9.10720e-01  1.04491e-01
   1170.71  6588.4375  1.08403e+00  1.14332e+00  9.96073e-01  9.87992e-02
   1199.26  6589.0625  1.10257e+00  1.09226e+00  1.02196e+00  9.07842e-02
   1227.81  6589.6875  1.07137e+00  1.11796e+00  9.97156e-01  8.37175e-02
   1256.36  6590.3125  9.91876e-01  9.78326e-01  9.20443e-01  8.05349e-02
   1284.91  6590.9375  9.27677e-01  8.86099e-01  8.59298e-01  7.71754e-02
   1313.46  6591.5625  9.25124e-01  9.28546e-01  8.62170e-01  7.11117e-02
   1342.01  6592.1875  9.66293e-01  9.24688e-01  9.07203e-01  6.64641e-02
   1370.56  6592.8125  1.01461e+00  1.09576e+00  9.57526e-01  6.42208e-02
   1399.11  6593.4375  1.00452e+00  9.59396e-01  9.50925e-01  6.05404e-02
   1427.67  6594.0625  9.74441e-01  1.03811e+00  9.24078e-01  5.68002e-02
   1456.22  6594.6875  9.84177e-01  8.05954e-01  9.36081e-01  5.43908e-02
   1484.77  6595.3125  1.05612e+00  1.29344e+00  1.01204e+00  5.01535e-02
   1513.32  6595.9375  1.00808e+00  8.52159e-01  9.67240e-01  4.63224e-02
   1541.87  6596.5625  9.65306e-01  1.07669e+00  9.25506e-01  4.47267e-02
   1570.42  6597.1875  9.13602e-01  8.25851e-01  8.74571e-01  4.35726e-02
   1598.97  6597.8125  9.13003e-01  9.17371e-01  8.75601e-01  4.18952e-02
   1627.52  6598.4375  9.35136e-01  9.73115e-01  9.00647e-01  3.88531e-02
   1656.07  6599.0625  9.41256e-01  8.77843e-01  9.10058e-01  3.53270e-02
   1684.63  6599.6875  9.34850e-01  1.06080e+00  9.05188e-01  3.36858e-02
   1713.18  6600.3125  8.52871e-01  7.65611e-01  8.23960e-01  3.28020e-02
   1741.73  6600.9375  8.57634e-01  7.84693e-01  8.29996e-01  3.12702e-02
   1770.28  6601.5625  1.00002e+00  1.00402e+00  9.74130e-01  2.93928e-02
   1798.83  6602.1875  1.07738e+00  1.25884e+00  1.05402e+00  2.66808e-02
   1827.38  6602.8125  9.71060e-01  8.74969e-01  9.49188e-01  2.49609e-02
   1855.93  6603.4375  8.91612e-01  8.75901e-01  8.71314e-01  2.31079e-02
   1884.48  6604.0625  8.79366e-01  8.92616e-01  8.60009e-01  2.18967e-02
   1913.03  6604.6875  8.95509e-01  8.40594e-01  8.76530e-01  2.13034e-02
   1941.58  6605.3125  9.64680e-01  9.80155e-01  9.46212e-01  2.07084e-02
   1970.14  6605.9375  9.88695e-01  1.08413e+00  9.70911e-01  2.00395e-02
   1998.69  6606.5625  8.94437e-01  8.71593e-01  8.78589e-01  1.81741e-02
   2027.24  6607.1875  8.23155e-01  7.37073e-01  8.09180e-01  1.62849e-02
   2055.79  6607.8125  8.55377e-01  8.92498e-01  8.41978e-01  1.55504e-02
   2084.34  6608.4375  8.96682e-01  8.87758e-01  8.83388e-01  1.52875e-02
   2112.89  6609.0625  9.25087e-01  9.29206e-01  9.12514e-01  1.44495e-02
   2141.44  6609.6875  9.19433e-01  9.83428e-01  9.07361e-01  1.38946e-02
   2169.99  6610.3125  9.25419e-01  7.48852e-01  9.13275e-01  1.38078e-02
   2198.54  6610.9375  9.91604e-01  1.22606e+00  9.79626e-01  1.33079e-02
   2227.09  6611.5625  9.50732e-01  7.79200e-01  9.39463e-01  1.25189e-02
   2255.65  6612.1875  9.44472e-01  1.04218e+00  9.34579e-01  1.15328e-02
   2284.20  6612.8125  9.27482e-01  8.87273e-01  9.18659e-01  1.06969e-02
   2312.75  6613.4375  8.99640e-01  9.21229e-01  8.90869e-01  1.04449e-02
   2341.30  6614.0625  8.93054e-01  8.41803e-01  8.84308e-01  1.01603e-02
   2369.85  6614.6875  9.14448e-01  9.66314e-01  9.06966e-01  8.68820e-03
   2398.40  6615.3125  9.41413e-01  8.65000e-01  9.34711e-01  7.94378e-03
   2426.95  6615.9375  9.98643e-01  1.06279e+00  9.92450e-01  7.44771e-03
   2455.50  6616.5625  9.70964e-01  1.05287e+00  9.64654e-01  7.26876e-03
   2484.05  6617.1875  9.03777e-01  7.25917e-01  8.96919e-01  7.61563e-03
   2512.61  6617.8125  9.78265e-01  1.04271e+00  9.71410e-01  7.50525e-03
   2541.16  6618.4375  9.96535e-01  1.13042e+00  9.90370e-01  6.87303e-03
   2569.71  6619.0625  9.06511e-01  7.34344e-01  9.00756e-01  6.60704e-03
   2598.26  6619.6875  9.43061e-01  9.72592e-01  9.37922e-01  6.25008e-03
   2626.81  6620.3125  1.00967e+00  1.06014e+00  1.00555e+00  5.31639e-03
   2655.36  6620.9375  9.93646e-01  9.99567e-01  9.89718e-01  5.19205e-03
   2683.91  6621.5625  9.45855e-01  9.32719e-01  9.41804e-01  5.22341e-03
   2712.46  6622.1875  9.12946e-01  9.08587e-01  9.09424e-01  4.37421e-03
   2741.01  6622.8125  8.95976e-01  8.96182e-01  8.92670e-01  3.92797e-03
   2769.56  6623.4375  9.23462e-01  8.52866e-01  9.19588e-01  4.40686e-03
   2798.12  6624.0625  1.02193e+00  1.05954e+00  1.01764e+00  4.58799e-03
   2826.67  6624.6875  1.09342e+00  1.11745e+00  1.08931e+00  4.17105e-03
   2855.22  6625.3125  1.03056e+00  1.17417e+00  1.02664e+00  4.06477e-03
   2883.77  6625.9375  8.62511e-01  6.93943e-01  8.58495e-01  4.33330e-03
   2912.32  6626.5625  8.32650e-01  8.28950e-01  8.29112e-01  3.86524e-03
   2940.87  6627.1875  8.87348e-01  9.21198e-01  8.84686e-01  3.05336e-03
   2969.42  6627.8125  9.45654e-01  8.74567e-01  9.43502e-01  2.63782e-03
   2997.97  6628.4375  1.02520e+00  1.10594e+00  1.02303e+00  2.81730e-03
   3026.52  6629.0625  9.79439e-01  1.08670e+00  9.77001e-01  2.97278e-03
   3055.07  6629.6875  8.42340e-01  6.76323e-01  8.39749e-01  2.95853e-03
   3083.63  6630.3125  8.24426e-01  8.87042e-01  8.22186e-01  2.68240e-03
   3112.18  6630.9375  8.79115e-01  7.78386e-01  8.77242e-01  2.44925e-03
   3140.73  6631.5625  9.84512e-01  1.06482e+00  9.82946e-01  2.04509e-03
   3169.28  6632.1875  1.00221e+00  1.07397e+00  1.00070e+00  1.55564e-03
   3197.83  6632.8125  9.49518e-01  8.25289e-01  9.48060e-01  1.47266e-03
   3226.38  6633.4375  9.36052e-01  1.07373e+00  9.34749e-01  1.67404e-03
   3254.93  6634.0625  8.77745e-01  7.72066e-01  8.75931e-01  1.94505e-03
   3283.48  6634.6875  9.05374e-01  8.61701e-01  9.03186e-01  2.02508e-03
   3312.03  6635.3125  1.00680e+00  1.07799e+00  1.00462e+00  2.09438e-03
   3340.58  6635.9375  1.03085e+00  1.05205e+00  1.02919e+00  1.65776e-03
   3369.14  6636.5625  9.86577e-01  9.80598e-01  9.84998e-01  1.34709e-03
   3397.69  6637.1875  9.15974e-01  9.55531e-01  9.14597e-01  1.16894e-03
   3426.24  6637.8125  8.80837e-01  7.35011e-01  8.79877e-01  1.10806e-03
   3454.79  6638.4375  9.54247e-01  1.05720e+00  9.53450e-01  1.00857e-03
   3483.34  6639.0625  9.79249e-01  9.75883e-01  9.78416e-01  9.08907e-04
   3511.89  6639.6875  9.46726e-01  9.53563e-01  9.45852e-01  9.83413e-04
   3540.44  6640.3125  9.05005e-01  9.06036e-01  9.04328e-01  9.28000e-04
   3568.99  6640.9375  8.99574e-01  8.31805e-01  8.98841e-01  8.38137e-04
   3597.54  6641.5625  9.78315e-01  9.78951e-01  9.77422e-01  7.39550e-04
   3626.10  6642.1875  1.01265e+00  1.15946e+00  1.01208e+00  4.94260e-04
   3654.65  6642.8125  9.39392e-01  7.99053e-01  9.39119e-01  4.78966e-04
   3683.20  6643.4375  9.84295e-01  9.46507e-01  9.83949e-01  4.78237e-04
   3711.75  6644.0625  1.10590e+00  1.19488e+00  1.10551e+00  4.07591e-04
   3740.30  6644.6875  1.13188e+00  1.13881e+00  1.13164e+00  3.81197e-04
   3768.85  6645.3125  1.08943e+00  1.10078e+00  1.08910e+00  4.89136e-04
   3797.40  6645.9375  1.04500e+00  1.01502e+00  1.04466e+00  5.83135e-04
   3825.95  6646.5625  1.06945e+00  1.00765e+00  1.06909e+00  5.62133e-04
   3854.50  6647.1875  1.15646e+00  1.21515e+00  1.15630e+00  3.18239e-04
   3883.05  6647.8125  1.16967e+00  1.23019e+00  1.16946e+00  1.29408e-04
   3911.61  6648.4375  1.11455e+00  1.03404e+00  1.11427e+00  1.15364e-04
   3940.16  6649.0625  1.08357e+00  1.16149e+00  1.08337e+00  1.56825e-04
   3968.71  6649.6875  1.04211e+00  9.62648e-01  1.04194e+00  2.50877e-04
   3997.26  6650.3125  1.03430e+00  1.08345e+00  1.03380e+00  5.17636e-04
   4025.81  6650.9375  1.03756e+00  9.82229e-01  1.03690e+00  5.88158e-04
   4054.36  6651.5625  1.05437e+00  1.11770e+00  1.05404e+00  3.84499e-04
   4082.91  6652.1875  1.10142e+00  9.54343e-01  1.10144e+00  2.75403e-04
   4111.46  6652.8125  1.19401e+00  1.38510e+00  1.19397e+00  2.74971e-04
   4140.01  6653.4375  1.14695e+00  1.09799e+00  1.14667e+00  3.46278e-04
   4168.56  6654.0625  1.03403e+00  1.07069e+00  1.03360e+00  4.09875e-04
   4197.12  6654.6875  9.36816e-01  8.70208e-01  9.36406e-01  3.08300e-04
   4225.67  6655.3125  9.28221e-01  8.95748e-01  9.27814e-01  2.15715e-04
   4254.22  6655.9375  9.99023e-01  9.99007e-01  9.98733e-01  2.64159e-04
   4282.77  6656.5625  1.04065e+00  1.12949e+00  1.04057e+00  2.89125e-04
   4311.32  6657.1875  1.01409e+00  9.30641e-01  1.01390e+00  2.31276e-04
   4339.87  6657.8125  1.02625e+00  1.05882e+00  1.02586e+00  2.75850e-04
   4368.42  6658.4375  1.06009e+00  1.02955e+00  1.05954e+00  3.76666e-04
   4396.97  6659.0625  1.09362e+00  1.13145e+00  1.09324e+00  2.65712e-04
   4425.52  6659.6875  1.06828e+00  1.10914e+00  1.06819e+00  1.99783e-04
   4454.08  6660.3125  9.61686e-01  9.77567e-01  9.61926e-01  1.42292e-04
   4482.63  6660.9375  8.92304e-01  7.48700e-01  8.92376e-01  1.19433e-04
   4511.18  6661.5625  9.56966e-01  1.03614e+00  9.56732e-01  8.27769e-05
   4539.73  6662.1875  1.02572e+00  9.87353e-01  1.02555e+00  9.94908e-05
   4568.28  6662.8125  1.09088e+00  1.10429e+00  1.09075e+00  1.37993e-04
   4596.83  6663.4375  1.10565e+00  1.19951e+00  1.10536e+00  1.05780e-04
   4625.38  6664.0625  1.05432e+00  9.38207e-01  1.05408e+00  8.58691e-05
   4653.93  6664.6875  1.02204e+00  1.15658e+00  1.02192e+00  1.65784e-04
   4682.48  6665.3125  9.39246e-01  8.39090e-01  9.39165e-01  2.16326e-04
   4711.03  6665.9375  9.34895e-01  9.02525e-01  9.34654e-01  1.95297e-04
   4739.59  6666.5625  1.06495e+00  9.94722e-01  1.06462e+00  2.40377e-04
   4768.14  6667.1875  1.17824e+00  1.40509e+00  1.17788e+00  2.28612e-04
   4796.69  6667.8125  1.11485e+00  9.84484e-01  1.11438e+00  2.13528e-04
   4825.24  6668.4375  1.14346e+00  1.04463e+00  1.14277e+00  3.04863e-04
   4853.79  6669.0625  1.25503e+00  1.45568e+00  1.25445e+00  2.87797e-04
   4882.34  6669.6875  1.18700e+00  1.14968e+00  1.18696e+00  1.16746e-04
   4910.89  6670.3125  1.06327e+00  1.03826e+00  1.06345e+00  3.75290e-05
   4939.44  6670.9375  9.61180e-01  1.01139e+00  9.61360e-01  4.95864e-05
   4967.99  6671.5625  8.64826e-01  7.75954e-01  8.65163e-01  6.24605e-05
   4996.54  6672.1875  8.87737e-01  8.32569e-01  8.88085e-01  7.98434e-05
   5025.10  6672.8125  9.78666e-01  1.07404e+00  9.78840e-01  4.44679e-05
   5053.65  6673.4375  9.82201e-01  9.79134e-01  9.82250e-01  4.32585e-05
   5082.20  6674.0625  9.58556e-01  9.13519e-01  9.58463e-01  1.13446e-04
   5110.75  6674.6875  9.57904e-01  1.02224e+00  9.57874e-01  1.41936e-04
   5139.30  6675.3125  9.56206e-01  8.59281e-01  9.56326e-01  9.35141e-05
   5167.85  6675.9375  1.01700e+00  1.06614e+00  1.01736e+00  7.93832e-05
   5196.40  6676.5625  1.07311e+00  1.06200e+00  1.07343e+00  9.02200e-05
   5224.95  6677.1875  1.07673e+00  1.14807e+00  1.07681e+00  1.21945e-04
   5253.50  6677.8125  1.03099e+00  9.58966e-01  1.03119e+00  1.17672e-04
   5282.06  6678.4375  9.95852e-01  1.07276e+00  9.96130e-01  1.24873e-04
   5310.61  6679.0625  9.67623e-01  8.51247e-01  9.68061e-01  6.11878e-05
   5339.16  6679.6875  1.00705e+00  1.08011e+00  1.00734e+00  8.60981e-06
   5367.71  6680.3125  1.03581e+00  1.00710e+00  1.03574e+00  3.30181e-07
   5396.26  6680.9375  1.08264e+00  1.04369e+00  1.08263e+00  3.43747e-09
   5424.81  6681.5625  1.13715e+00  1.23936e+00  1.13740e+00  0.00000e+00
   5453.36  6682.1875  1.13059e+00  1.04402e+00  1.13098e+00  0.00000e+00
   5481.91  6682.8125  1.14209e+00  1.20204e+00  1.14263e+00  0.00000e+00
   5510.46  6683.4375  1.11874e+00  1.12649e+00  1.11916e+00  0.00000e+00
   5539.01  6684.0625  1.06197e+00  1.04261e+00  1.06212e+00  0.00000e+00
   5567.57  6684.6875  1.00089e+00  1.04251e+00  1.00072e+00  0.00000e+00
   5596.12  6685.3125  9.34945e-01  8.72427e-01  9.34698e-01  0.00000e+00
   5624.67  6685.9375  9.46451e-01  9.14114e-01  9.46329e-01  0.00000e+00
   5653.22  6686.5625  1.01542e+00  1.04971e+00  1.01541e+00  0.00000e+00
   5681.77  6687.1875  1.03573e+00  1.07811e+00  1.03582e+00  0.00000e+00
   5710.32  6687.8125  1.00355e+00  9.66340e-01  1.00368e+00  0.00000e+00
   5738.87  6688.4375  1.01562e+00  9.76690e-01  1.01550e+00  0.00000e+00
   5767.42  6689.0625  1.06261e+00  1.12729e+00  1.06259e+00  8.01094e-10
   5795.97  6689.6875  1.06258e+00  1.03720e+00  1.06300e+00  7.69477e-08
   5824.52  6690.3125  1.03794e+00  1.07021e+00  1.03827e+00  2.00575e-06
   5853.08  6690.9375  9.74251e-01  9.93981e-01  9.74235e-01  1.41915e-05
   5881.63  6691.5625  9.14138e-01  8.31627e-01  9.14202e-01  2.75644e-05
   5910.18  6692.1875  9.22816e-01  9.69998e-01  9.23157e-01  2.27529e-05
   5938.73  6692.8125  9.27392e-01  9.13914e-01  9.27581e-01  6.25910e-05
   5967.28  6693.4375  9.38702e-01  9.08915e-01  9.38644e-01  1.16378e-04
   5995.83  6694.0625  9.42640e-01  1.03839e+00  9.42514e-01  6.05860e-05
   6024.38  6694.6875  9.19948e-01  7.82348e-01  9.19714e-01  8.56482e-06
   6052.93  6695.3125  9.94156e-01  1.03430e+00  9.94031e-01  3.28578e-07
   6081.48  6695.9375  1.00424e+00  1.15972e+00  1.00438e+00  3.42078e-09
   6110.04  6696.5625  8.57011e-01  7.45236e-01  8.57174e-01  0.00000e+00
   6138.59  6697.1875  8.02549e-01  7.37162e-01  8.02714e-01  0.00000e+00
   6167.14  6697.8125  8.93191e-01  9.00174e-01  8.93153e-01  0.00000e+00
   6195.69  6698.4375  9.95993e-01  1.02842e+00  9.95829e-01  0.00000e+00
   6224.24  6699.0625  1.01054e+00  1.08341e+00  1.01060e+00  0.00000e+00
   6252.79  6699.6875  9.40806e-01  8.87770e-01  9.40738e-01  0.00000e+00
   6281.34  6700.3125  9.10874e-01  8.86116e-01  9.10728e-01  0.00000e+00
   6309.89  6700.9375  9.30641e-01  9.53609e-01  9.30703e-01  0.00000e+00
   6338.44  6701.5625  9.44563e-01  9.28011e-01  9.44927e-01  0.00000e+00
   6366.99  6702.1875  9.33438e-01  9.93533e-01  9.33769e-01  0.00000e+00
   6395.55  6702.8125  9.00474e-01  8.19733e-01  9.00737e-01  0.00000e+00
   6424.10  6703.4375  9.41423e-01  9.37731e-01  9.41699e-01  0.00000e+00
   6452.65  6704.0625  1.02260e+00  1.03672e+00  1.02266e+00  0.00000e+00
   6481.20  6704.6875  1.03581e+00  1.12865e+00  1.03564e+00  0.00000e+00
   6509.75  6705.3125  9.67749e-01  8.89991e-01  9.67807e-01  0.00000e+00
   6538.30  6705.9375  1.00445e+00  8.94928e-01  1.00472e+00  0.00000e+00
   6566.85  6706.5625  1.08452e+00  1.33904e+00  1.08486e+00  0.00000e+00
   6595.40  6707.1875  1.02552e+00  8.03264e-01  1.02569e+00  0.00000e+00
   6623.95  6707.8125  1.04628e+00  1.15264e+00  1.04624e+00  0.00000e+00
   6652.50  6708.4375  1.02930e+00  1.06736e+00  1.02928e+00  0.00000e+00
   6681.06  6709.0625  9.24329e-01  8.93803e-01  9.24452e-01  0.00000e+00
   6709.61  6709.6875  8.51289e-01  8.19537e-01  8.51450e-01  0.00000e+00
   6738.16  6710.3125  8.26906e-01  8.51226e-01  8.27172e-01  0.00000e+00
   6766.71  6710.9375  8.51755e-01  7.47942e-01  8.52169e-01  0.00000e+00
   6795.26  6711.5625  9.64366e-01  1.02064e+00  9.64746e-01  0.00000e+00
   6823.81  6712.1875  1.01538e+00  1.09932e+00  1.01562e+00  0.00000e+00
   6852.36  6712.8125  9.67960e-01  8.95401e-01  9.68168e-01  0.00000e+00
   6880.91  6713.4375  9.60188e-01  9.59749e-01  9.60475e-01  0.00000e+00
   6909.46  6714.0625  9.25510e-01  1.05037e+00  9.26095e-01  0.00000e+00
   6938.02  6714.6875  8.44986e-01  6.43279e-01  8.45686e-01  0.00000e+00
   6966.57  6715.3125  8.85421e-01  1.01147e+00  8.86111e-01  0.00000e+00
   6995.12  6715.9375  9.53167e-01  8.25896e-01  9.53656e-01  0.00000e+00
   7023.67  6716.5625  1.10167e+00  1.12023e+00  1.10196e+00  0.00000e+00
   7052.22  6717.1875  1.15649e+00  1.39862e+00  1.15681e+00  0.00000e+00
   7080.77  6717.8125  9.86287e-01  8.16416e-01  9.86408e-01  0.00000e+00
   7109.32  6718.4375  9.30067e-01  8.70736e-01  9.30118e-01  0.00000e+00
   7137.87  6719.0625  1.02431e+00  1.05967e+00  1.02455e+00  0.00000e+00
   7166.42  6719.6875  1.07428e+00  1.14602e+00  1.07463e+00  0.00000e+00
   7194.97  6720.3125  1.07061e+00  9.52752e-01  1.07095e+00  0.00000e+00
   7223.53  6720.9375  1.02517e+00  1.29576e+00  1.02553e+00  0.00000e+00
   7252.08  6721.5625  8.60060e-01  5.66403e-01  8.60466e-01  0.00000e+00
   7280.63  6722.1875  8.28593e-01  1.00019e+00  8.29141e-01  0.00000e+00
   7309.18  6722.8125  8.43309e-01  6.63719e-01  8.43757e-01  0.00000e+00
   7337.73  6723.4375  9.42362e-01  1.03900e+00  9.42536e-01  0.00000e+00
   7366.28  6724.0625  9.78767e-01  1.04945e+00  9.78673e-01  0.00000e+00
   7394.83  6724.6875  9.74431e-01  7.87954e-01  9.74249e-01  0.00000e+00
   7423.38  6725.3125  1.04775e+00  1.26001e+00  1.04784e+00  0.00000e+00
   7451.93  6725.9375  1.01774e+00  9.00197e-01  1.01815e+00  0.00000e+00
   7480.48  6726.5625  9.80161e-01  1.05167e+00  9.80525e-01  0.00000e+00
   7509.04  6727.1875  9.40489e-01  8.92066e-01  9.40825e-01  0.00000e+00
   7537.59  6727.8125  9.27080e-01  9.27324e-01  9.27307e-01  0.00000e+00
   7566.14  6728.4375  9.56501e-01  9.29482e-01  9.56434e-01  0.00000e+00
   7594.69  6729.0625  1.01735e+00  1.02342e+00  1.01702e+00  0.00000e+00
   7623.24  6729.6875  1.04386e+00  1.11778e+00  1.04360e+00  0.00000e+00
   7651.79  6730.3125  1.01304e+00  9.39923e-01  1.01284e+00  0.00000e+00
   7680.34  6730.9375  1.03033e+00  1.03713e+00  1.03035e+00  0.00000e+00
   7708.89  6731.5625  1.07065e+00  1.08320e+00  1.07127e+00  0.00000e+00
   7737.44  6732.1875  1.05163e+00  1.12042e+00  1.05234e+00  0.00000e+00
   7765.99  6732.8125  9.54662e-01  9.23882e-01  9.54906e-01  0.00000e+00
   7794.55  6733.4375  9.11534e-01  8.17270e-01  9.11307e-01  0.00000e+00
   7823.10  6734.0625  9.70990e-01  1.03944e+00  9.70719e-01  0.00000e+00
   7851.65  6734.6875  1.01985e+00  9.74773e-01  1.01964e+00  0.00000e+00
   7880.20  6735.3125  1.01326e+00  1.15133e+00  1.01294e+00  0.00000e+00
   7908.75  6735.9375  9.59504e-01  7.64146e-01  9.59208e-01  0.00000e+00
   7937.30  6736.5625  9.74445e-01  1.16252e+00  9.74119e-01  0.00000e+00
   7965.85  6737.1875  9.27834e-01  8.00958e-01  9.27580e-01  0.00000e+00
   7994.40  6737.8125  9.20142e-01  9.61175e-01  9.20088e-01  0.00000e+00
   8022.95  6738.4375  9.56945e-01  9.03705e-01  9.57124e-01  0.00000e+00
   8051.51  6739.0625  9.90740e-01  1.08803e+00  9.90967e-01  0.00000e+00
   8080.06  6739.6875  1.00956e+00  8.59444e-01  1.00958e+00  0.00000e+00
   8108.61  6740.3125  1.05039e+00  1.25573e+00  1.05039e+00  0.00000e+00
   8137.16  6740.9375  9.69695e-01  8.63092e-01  9.69964e-01  0.00000e+00
   8165.71  6741.5625  9.24521e-01  9.11593e-01  9.25120e-01  0.00000e+00
   8194.26  6742.1875  1.02535e+00  8.93117e-01  1.02590e+00  0.00000e+00
   8222.81  6742.8125  1.14728e+00  1.42730e+00  1.14752e+00  0.00000e+00
   8251.36  6743.4375  1.03079e+00  9.42459e-01  1.03093e+00  0.00000e+00
   8279.91  6744.0625  8.97287e-01  8.49670e-01  8.97279e-01  0.00000e+00
   8308.46  6744.6875  9.00011e-01  8.48937e-01  8.99962e-01  0.00000e+00
   8337.02  6745.3125  9.54278e-01  1.03513e+00  9.54234e-01  0.00000e+00
   8365.57  6745.9375  9.41374e-01  9.32994e-01  9.41227e-01  0.00000e+00
   8394.12  6746.5625  9.49771e-01  8.50340e-01  9.49534e-01  0.00000e+00
   8422.67  6747.1875  1.04059e+00  1.12629e+00  1.04032e+00  0.00000e+00
   8451.22  6747.8125  1.06756e+00  1.08626e+00  1.06752e+00  0.00000e+00
   8479.77  6748.4375  1.03557e+00  1.00655e+00  1.03575e+00  0.00000e+00
   8508.32  6749.0625  9.83866e-01  1.06228e+00  9.83741e-01  0.00000e+00
   8536.87  6749.6875  9.11243e-01  8.02590e-01  9.10918e-01  0.00000e+00
   8565.42  6750.3125  9.47268e-01  9.29535e-01  9.47153e-01  0.00000e+00
   8593.97  6750.9375  1.05475e+00  1.07653e+00  1.05467e+00  0.00000e+00
   8622.53  6751.5625  1.10587e+00  1.17622e+00  1.10582e+00  0.00000e+00
   8651.08  6752.1875  1.06823e+00  1.03836e+00  1.06821e+00  0.00000e+00
   8679.63  6752.8125  1.02700e+00  1.02810e+00  1.02702e+00  0.00000e+00
   8708.18  6753.4375  1.00929e+00  9.92687e-01  1.00920e+00  0.00000e+00
   8736.73  6754.0625  1.00240e+00  1.02687e+00  1.00197e+00  0.00000e+00
   8765.28  6754.6875  1.02663e+00  9.35364e-01  1.02626e+00  0.00000e+00
   8793.83  6755.3125  1.12467e+00  1.17703e+00  1.12479e+00  0.00000e+00
   8822.38  6755.9375  1.17871e+00  1.23177e+00  1.17915e+00  0.00000e+00
   8850.93  6756.5625  1.19343e+00  1.08961e+00  1.19375e+00  0.00000e+00
   8879.49  6757.1875  1.25246e+00  1.34510e+00  1.25239e+00  0.00000e+00
   8908.04  6757.8125  1.18642e+00  1.29886e+00  1.18613e+00  0.00000e+00
   8936.59  6758.4375  1.01707e+00  8.51409e-01  1.01703e+00  0.00000e+00
   8965.14  6759.0625  9.78957e-01  1.00946e+00  9.79034e-01  0.00000e+00
   8993.69  6759.6875  9.94923e-01  9.96195e-01  9.94819e-01  0.00000e+00
   9022.24  6760.3125  9.72391e-01  1.01556e+00  9.72197e-01  0.00000e+00
   9050.79  6760.9375  9.31083e-01  8.61422e-01  9.30955e-01  0.00000e+00
   9079.34  6761.5625  9.31432e-01  9.72013e-01  9.31570e-01  0.00000e+00
   9107.89  6762.1875  9.19431e-01  9.26124e-01  9.19679e-01  0.00000e+00
   9136.44  6762.8125  9.62221e-01  8.14551e-01  9.62424e-01  0.00000e+00
   9165.00  6763.4375  1.12648e+00  1.24035e+00  1.12685e+00  0.00000e+00
   9193.55  6764.0625  1.20563e+00  1.24065e+00  1.20604e+00  0.00000e+00
   9222.10  6764.6875  1.15020e+00  1.19026e+00  1.15037e+00  0.00000e+00
   9250.65  6765.3125  1.03698e+00  1.00653e+00  1.03688e+00  0.00000e+00
   9279.20  6765.9375  9.84571e-01  9.08928e-01  9.84431e-01  0.00000e+00
   9307.75  6766.5625  1.03995e+00  1.05759e+00  1.03972e+00  0.00000e+00
   9336.30  6767.1875  1.11930e+00  1.11517e+00  1.11871e+00  0.00000e+00
   9364.85  6767.8125  1.16192e+00  1.21989e+00  1.16150e+00  0.00000e+00
   9393.40  6768.4375  1.14881e+00  1.11298e+00  1.14889e+00  0.00000e+00
   9421.95  6769.0625  1.11741e+00  1.17133e+00  1.11729e+00  0.00000e+00
   9450.51  6769.6875  1.06929e+00  1.01482e+00  1.06884e+00  0.00000e+00
   9479.06  6770.3125  1.09151e+00  1.03276e+00  1.09138e+00  0.00000e+00
   9507.61  6770.9375  1.11104e+00  1.30468e+00  1.11112e+00  0.00000e+00
   9536.16  6771.5625  1.00271e+00  8.46300e-01  1.00254e+00  0.00000e+00
   9564.71  6772.1875  9.55774e-01  1.00964e+00  9.55436e-01  0.00000e+00
   9593.26  6772.8125  9.43862e-01  9.12931e-01  9.43608e-01  0.00000e+00
   9621.81  6773.4375  9.36983e-01  9.50715e-01  9.36881e-01  0.00000e+00
   9650.36  6774.0625  9.16518e-01  9.37375e-01  9.16538e-01  0.00000e+00
   9678.91  6774.6875  8.76763e-01  8.52003e-01  8.76958e-01  0.00000e+00
   9707.47  6775.3125  8.67968e-01  8.47929e-01  8.68252e-01  0.00000e+00
   9736.02  6775.9375  8.87612e-01  9.13948e-01  8.87739e-01  0.00000e+00
   9764.57  6776.5625  9.33996e-01  8.44208e-01  9.34013e-01  0.00000e+00
   9793.12  6777.1875  9.84100e-01  1.15333e+00  9.84261e-01  0.00000e+00
   9821.67  6777.8125  9.07197e-01  8.38759e-01  9.07368e-01  0.00000e+00
   9850.22  6778.4375  8.89578e-01  7.75571e-01  8.89724e-01  0.00000e+00
   9878.77  6779.0625  1.02170e+00  1.07796e+00  1.02199e+00  0.00000e+00
   9907.32  6779.6875  1.08138e+00  1.20215e+00  1.08173e+00  0.00000e+00
   9935.87  6780.3125  1.02022e+00  8.97852e-01  1.02024e+00  0.00000e+00
   9964.42  6780.9375  9.90768e-01  1.08676e+00  9.90666e-01  0.00000e+00
   9992.98  6781.5625  9.43639e-01  8.80090e-01  9.43816e-01  0.00000e+00
  10021.53  6782.1875  9.49706e-01  9.10000e-01  9.49986e-01  0.00000e+00
  10050.08  6782.8125  1.01420e+00  1.06468e+00  1.01428e+00  0.00000e+00
  10078.63  6783.4375  1.04921e+00  1.02665e+00  1.04922e+00  0.00000e+00
  10107.18  6784.0625  1.04616e+00  1.11121e+00  1.04619e+00  0.00000e+00
  10135.73  6784.6875  9.79731e-01  9.58235e-01  9.79666e-01  0.00000e+00
  10164.28  6785.3125  8.80195e-01  9.23052e-01  8.80048e-01  0.00000e+00
  10192.83  6785.9375  7.89622e-01  6.99899e-01  7.89552e-01  0.00000e+00
  10221.38  6786.5625  8.11033e-01  7.83481e-01  8.11134e-01  0.00000e+00
  10249.93  6787.1875  9.28154e-01  9.13812e-01  9.28342e-01  0.00000e+00
  10278.49  6787.8125  1.03068e+00  1.11793e+00  1.03098e+00  0.00000e+00
  10307.04  6788.4375  1.02165e+00  1.03267e+00  1.02192e+00  0.00000e+00
  10335.59  6789.0625  9.87895e-01  9.18186e-01  9.87912e-01  0.00000e+00
  10364.14  6789.6875  1.03781e+00  1.03474e+00  1.03759e+00  0.00000e+00
  10392.69  6790.3125  1.10102e+00  1.15503e+00  1.10085e+00  0.00000e+00
  10421.24  6790.9375  1.09103e+00  1.09818e+00  1.09078e+00  0.00000e+00
  10449.79  6791.5625  1.02569e+00  1.04951e+00  1.02538e+00  0.00000e+00
  10478.34  6792.1875  9.53150e-01  9.04628e-01  9.52978e-01  0.00000e+00
  10506.89  6792.8125  9.48220e-01  9.15645e-01  9.48123e-01  0.00000e+00
  10535.45  6793.4375  9.72370e-01  1.04446e+00  9.72412e-01  0.00000e+00
  10564.00  6794.0625  9.34831e-01  9.13744e-01  9.35011e-01  0.00000e+00
  10592.55  6794.6875  8.92164e-01  8.78331e-01  8.92230e-01  0.00000e+00
  10621.10  6795.3125  9.00953e-01  8.64601e-01  9.00829e-01  0.00000e+00
  10649.65  6795.9375  9.72573e-01  9.60805e-01  9.72391e-01  0.00000e+00
  10678.20  6796.5625  1.04166e+00  1.10759e+00  1.04152e+00  0.00000e+00
  10706.75  6797.1875  1.02723e+00  1.03987e+00  1.02709e+00  0.00000e+00
  10735.30  6797.8125  1.02386e+00  9.08323e-01  1.02356e+00  0.00000e+00
  10763.85  6798.4375  1.11381e+00  1.19464e+00  1.11360e+00  0.00000e+00
  10792.40  6799.0625  1.12921e+00  1.19082e+00  1.12894e+00  0.00000e+00
  10820.96  6799.6875  1.03136e+00  1.00632e+00  1.03087e+00  0.00000e+00
  10849.51  6800.3125  9.15945e-01  9.37851e-01  9.15570e-01  0.00000e+00
  10878.06  6800.9375  8.29989e-01  7.53269e-01  8.29823e-01  0.00000e+00
  10906.61  6801.5625  8.18081e-01  8.49951e-01  8.17966e-01  0.00000e+00
  10935.16  6802.1875  8.65347e-01  7.68293e-01  8.65198e-01  0.00000e+00
  10963.71  6802.8125  9.70314e-01  1.06146e+00  9.70182e-01  0.00000e+00
  10992.26  6803.4375  1.01455e+00  1.00800e+00  1.01465e+00  0.00000e+00
  11020.81  6804.0625  1.00249e+00  1.02424e+00  1.00258e+00  0.00000e+00
  11049.36  6804.6875  9.67299e-01  9.59326e-01  9.67363e-01  0.00000e+00
  11077.91  6805.3125  9.35292e-01  9.26751e-01  9.35547e-01  0.00000e+00
  11106.47  6805.9375  9.23778e-01  9.17442e-01  9.23978e-01  0.00000e+00
  11135.02  6806.5625  9.43964e-01  9.12042e-01  9.43902e-01  0.00000e+00
  11163.57  6807.1875  9.85077e-01  1.03091e+00  9.85002e-01  0.00000e+00
  11192.12  6807.8125  1.01776e+00  9.59564e-01  1.01777e+00  0.00000e+00
  11220.67  6808.4375  1.06334e+00  1.12734e+00  1.06337e+00  0.00000e+00
  11249.22  6809.0625  1.06929e+00  1.04699e+00  1.06945e+00  0.00000e+00
  11277.77  6809.6875  1.04526e+00  1.08668e+00  1.04552e+00  0.00000e+00
  11306.32  6810.3125  1.01344e+00  9.49696e-01  1.01363e+00  0.00000e+00
  11334.87  6810.9375  9.99411e-01  1.07329e+00  9.99634e-01  0.00000e+00
  11363.43  6811.5625  9.54618e-01  9.01977e-01  9.54829e-01  0.00000e+00
  11391.98  6812.1875  9.15039e-01  9.54345e-01  9.14915e-01  0.00000e+00
  11420.53  6812.8125  8.84371e-01  8.34714e-01  8.83940e-01  0.00000e+00
  11449.08  6813.4375  9.27716e-01  8.75244e-01  9.27384e-01  0.00000e+00
  11477.63  6814.0625  1.02804e+00  1.09584e+00  1.02793e+00  0.00000e+00
  11506.18  6814.6875  1.05653e+00  1.07932e+00  1.05654e+00  0.00000e+00
  11534.73  6815.3125  1.00562e+00  1.02842e+00  1.00562e+00  0.00000e+00
  11563.28  6815.9375  9.79107e-01  8.53249e-01  9.79194e-01  0.00000e+00
  11591.83  6816.5625  1.00940e+00  1.17271e+00  1.00957e+00  0.00000e+00
  11620.38  6817.1875  9.40460e-01  8.69318e-01  9.40574e-01  0.00000e+00
  11648.94  6817.8125  8.76154e-01  8.72805e-01  8.76144e-01  0.00000e+00
  11677.49  6818.4375  8.96632e-01  8.21456e-01  8.96551e-01  0.00000e+00
  11706.04  6819.0625  9.66628e-01  1.05784e+00  9.66588e-01  0.00000e+00
  11734.59  6819.6875  9.58548e-01  9.62988e-01  9.58596e-01  0.00000e+00
  11763.14  6820.3125  9.02818e-01  8.81051e-01  9.03012e-01  0.00000e+00
  11791.69  6820.9375  8.40602e-01  8.95405e-01  8.40741e-01  0.00000e+00
  11820.24  6821.5625  7.90098e-01  6.75994e-01  7.89983e-01  0.00000e+00
  11848.79  6822.1875  8.91115e-01  8.29861e-01  8.90882e-01  0.00000e+00
  11877.34  6822.8125  1.04134e+00  1.20747e+00  1.04113e+00  0.00000e+00
  11905.89  6823.4375  1.02954e+00  1.00090e+00  1.02932e+00  0.00000e+00
  11934.45  6824.0625  9.76220e-01  9.39415e-01  9.76115e-01  0.00000e+00
  11963.00  6824.6875  9.38528e-01  1.02112e+00  9.38599e-01  0.00000e+00
  11991.55  6825.3125  8.93597e-01  7.56178e-01  8.93800e-01  0.00000e+00
  12020.10  6825.9375  9.09653e-01  1.03207e+00  9.09961e-01  0.00000e+00
  12048.65  6826.5625  8.62022e-01  8.32743e-01  8.62266e-01  0.00000e+00
  12077.20  6827.1875  8.12190e-01  7.67843e-01  8.12380e-01  0.00000e+00
  12105.75  6827.8125  8.59675e-01  8.16887e-01  8.59614e-01  0.00000e+00
  12134.30  6828.4375  9.64119e-01  1.00868e+00  9.63959e-01  0.00000e+00
  12162.85  6829.0625  1.01333e+00  1.05193e+00  1.01322e+00  0.00000e+00
  12191.40  6829.6875  9.89955e-01  9.80549e-01  9.89811e-01  0.00000e+00
  12219.96  6830.3125  9.46211e-01  9.67338e-01  9.46163e-01  0.00000e+00
  12248.51  6830.9375  9.50062e-01  8.18461e-01  9.49843e-01  0.00000e+00
  12277.06  6831.5625  9.71775e-01  1.22357e+00  9.71376e-01  0.00000e+00
  12305.61  6832.1875  8.71769e-01  6.45789e-01  8.71462e-01  0.00000e+00
  12334.16  6832.8125  8.86986e-01  9.47421e-01  8.86940e-01  0.00000e+00
  12362.71  6833.4375  9.31462e-01  9.66073e-01  9.31493e-01  0.00000e+00
  12391.26  6834.0625  9.49641e-01  8.74240e-01  9.49507e-01  0.00000e+00
  12419.81  6834.6875  1.07955e+00  1.00751e+00  1.07957e+00  0.00000e+00
  12448.36  6835.3125  1.19066e+00  1.46283e+00  1.19089e+00  0.00000e+00
  12476.92  6835.9375  1.08090e+00  9.18959e-01  1.08087e+00  0.00000e+00
  12505.47  6836.5625  9.91198e-01  1.04940e+00  9.91172e-01  0.00000e+00
  12534.02  6837.1875  9.53540e-01  8.85987e-01  9.53582e-01  0.00000e+00
  12562.57  6837.8125  9.62134e-01  9.83634e-01  9.62050e-01  0.00000e+00
  12591.12  6838.4375  9.58187e-01  9.98051e-01  9.58174e-01  0.00000e+00
  12619.67  6839.0625  9.22000e-01  8.70314e-01  9.21967e-01  0.00000e+00
  12648.22  6839.6875  9.35710e-01  9.25765e-01  9.35503e-01  0.00000e+00
  12676.77  6840.3125  9.88427e-01  9.93744e-01  9.88235e-01  0.00000e+00
  12705.32  6840.9375  1.02206e+00  1.05639e+00  1.02194e+00  0.00000e+00
  12733.87  6841.5625  1.02340e+00  9.93653e-01  1.02367e+00  0.00000e+00
  12762.43  6842.1875  1.01867e+00  1.06159e+00  1.01903e+00  0.00000e+00
  12790.98  6842.8125  9.93474e-01  9.57683e-01  9.93515e-01  0.00000e+00
  12819.53  6843.4375  9.60792e-01  1.01398e+00  9.60566e-01  0.00000e+00
  12848.08  6844.0625  9.14319e-01  8.52654e-01  9.14137e-01  0.00000e+00
  12876.63  6844.6875  9.06380e-01  9.24589e-01  9.06333e-01  0.00000e+00
  12905.18  6845.3125  8.87939e-01  9.31346e-01  8.87757e-01  0.00000e+00
  12933.73  6845.9375  8.80556e-01  7.46887e-01  8.80280e-01  0.00000e+00
  12962.28  6846.5625  9.67213e-01  1.06338e+00  9.66900e-01  0.00000e+00
  12990.83  6847.1875  1.01954e+00  9.92372e-01  1.01928e+00  0.00000e+00
  13019.38  6847.8125  1.01413e+00  1.08113e+00  1.01406e+00  0.00000e+00
  13047.94  6848.4375  9.49111e-01  9.25383e-01  9.49028e-01  0.00000e+00
  13076.49  6849.0625  9.18733e-01  8.47475e-01  9.18599e-01  0.00000e+00
  13105.04  6849.6875  9.83660e-01  1.00467e+00  9.83325e-01  0.00000e+00
  13133.59  6850.3125  1.07035e+00  1.05479e+00  1.06995e+00  0.00000e+00
  13162.14  6850.9375  1.09941e+00  1.21387e+00  1.09921e+00  0.00000e+00
  13190.69  6851.5625  1.02155e+00  9.65666e-01  1.02141e+00  0.00000e+00
  13219.24  6852.1875  1.00151e+00  9.07729e-01  1.00144e+00  0.00000e+00
  13247.79  6852.8125  1.05574e+00  1.19597e+00  1.05574e+00  0.00000e+00
  13276.34  6853.4375  1.04652e+00  9.32388e-01  1.04639e+00  0.00000e+00
  13304.90  6854.0625  1.02936e+00  1.16267e+00  1.02917e+00  0.00000e+00
  13333.45  6854.6875  9.48435e-01  8.64286e-01  9.48071e-01  0.00000e+00
  13362.00  6855.3125  8.80981e-01  9.20533e-01  8.80587e-01  0.00000e+00
  13390.55  6855.9375  8.45034e-01  7.82455e-01  8.44789e-01  0.00000e+00
  13419.10  6856.5625  8.72022e-01  8.73735e-01  8.72034e-01  0.00000e+00
  13447.65  6857.1875  9.54854e-01  9.15695e-01  9.54924e-01  0.00000e+00
  13476.20  6857.8125  1.05586e+00  1.11720e+00  1.05573e+00  0.00000e+00
  13504.75  6858.4375  1.12618e+00  1.07292e+00  1.12602e+00  0.00000e+00
  13533.30  6859.0625  1.14423e+00  1.28873e+00  1.14416e+00  0.00000e+00
  13561.85  6859.6875  1.01356e+00  9.96889e-01  1.01340e+00  0.00000e+00
  13590.41  6860.3125  8.90026e-01  7.72718e-01  8.89728e-01  0.00000e+00
  13618.96  6860.9375  9.17275e-01  9.33976e-01  9.16774e-01  0.00000e+00
  13647.51  6861.5625  9.79050e-01  1.00690e+00  9.78410e-01  0.00000e+00
  13676.06  6862.1875  1.02087e+00  9.76355e-01  1.02016e+00  0.00000e+00
  13704.61  6862.8125  1.04546e+00  1.14596e+00  1.04476e+00  0.00000e+00
  13733.16  6863.4375  9.96127e-01  9.36913e-01  9.95563e-01  0.00000e+00
  13761.71  6864.0625  9.37878e-01  9.89554e-01  9.37490e-01  0.00000e+00
  13790.26  6864.6875  8.96513e-01  8.07991e-01  8.96434e-01  0.00000e+00
  13818.81  6865.3125  9.26630e-01  9.48789e-01  9.26616e-01  0.00000e+00
  13847.36  6865.9375  9.15210e-01  1.02895e+00  9.15084e-01  0.00000e+00
  13875.92  6866.5625  8.42364e-01  6.78725e-01  8.42218e-01  0.00000e+00
  13904.47  6867.1875  9.32748e-01  8.97663e-01  9.32707e-01  0.00000e+00
  13933.02  6867.8125  1.05097e+00  1.24637e+00  1.05109e+00  0.00000e+00
  13961.57  6868.4375  1.00782e+00  8.87792e-01  1.00797e+00  0.00000e+00
  13990.12  6869.0625  9.98305e-01  1.00878e+00  9.98175e-01  0.00000e+00
  14018.67  6869.6875  9.99293e-01  1.07083e+00  9.98902e-01  0.00000e+00
  14047.22  6870.3125  9.25809e-01  8.85370e-01  9.25264e-01  0.00000e+00
  14075.77  6870.9375  8.40830e-01  8.80633e-01  8.40440e-01  0.00000e+00
  14104.32  6871.5625  7.74594e-01  6.91735e-01  7.74380e-01  0.00000e+00
  14132.88  6872.1875  7.89652e-01  8.04935e-01  7.89169e-01  0.00000e+00
  14161.43  6872.8125  8.76776e-01  8.00463e-01  8.76142e-01  0.00000e+00
  14189.98  6873.4375  1.00663e+00  1.09253e+00  1.00601e+00  0.00000e+00
  14218.53  6874.0625  1.05784e+00  1.07370e+00  1.05727e+00  0.00000e+00
  14247.08  6874.6875  1.03631e+00  1.03761e+00  1.03582e+00  0.00000e+00
  14275.63  6875.3125  9.83166e-01  1.01485e+00  9.82897e-01  0.00000e+00
  14304.18  6875.9375  9.19109e-01  8.63089e-01  9.18802e-01  0.00000e+00
  14332.73  6876.5625  8.84310e-01  9.29245e-01  8.83883e-01  0.00000e+00
  14361.28  6877.1875  8.39971e-01  8.10376e-01  8.39693e-01  0.00000e+00
  14389.83  6877.8125  8.14055e-01  8.16565e-01  8.14067e-01  0.00000e+00
  14418.39  6878.4375  8.91347e-01  7.28719e-01  8.91585e-01  0.00000e+00
  14446.94  6879.0625  1.03333e+00  1.28957e+00  1.03347e+00  0.00000e+00
  14475.49  6879.6875  1.00043e+00  8.88674e-01  1.00035e+00  0.00000e+00
  14504.04  6880.3125  9.81948e-01  9.56387e-01  9.81841e-01  0.00000e+00
  14532.59  6880.9375  1.04698e+00  1.05656e+00  1.04695e+00  0.00000e+00
  14561.14  6881.5625  1.05109e+00  1.16805e+00  1.05116e+00  0.00000e+00
  14589.69  6882.1875  9.54065e-01  8.55746e-01  9.54124e-01  0.00000e+00
  14618.24  6882.8125  9.32414e-01  9.09433e-01  9.32560e-01  0.00000e+00
  14646.79  6883.4375  1.01525e+00  9.78390e-01  1.01523e+00  0.00000e+00
  14675.34  6884.0625  1.08861e+00  1.21979e+00  1.08824e+00  0.00000e+00
  14703.90  6884.6875  1.07135e+00  9.65983e-01  1.07093e+00  0.00000e+00
  14732.45  6885.3125  1.06721e+00  1.14409e+00  1.06699e+00  0.00000e+00
  14761.00  6885.9375  9.86292e-01  1.05052e+00  9.86258e-01  0.00000e+00
  14789.55  6886.5625  8.68277e-01  7.12954e-01  8.68341e-01  0.00000e+00
  14818.10  6887.1875  8.73196e-01  9.48826e-01  8.73470e-01  0.00000e+00
  14846.65  6887.8125  9.24959e-01  8.30353e-01  9.25212e-01  0.00000e+00
  14875.20  6888.4375  1.01949e+00  1.08595e+00  1.01955e+00  0.00000e+00
  14903.75  6889.0625  1.04022e+00  1.11011e+00  1.04038e+00  0.00000e+00
  14932.30  6889.6875  9.78649e-01  8.97046e-01  9.78867e-01  0.00000e+00
  14960.86  6890.3125  9.56959e-01  9.99018e-01  9.56901e-01  0.00000e+00
  14989.41  6890.9375  9.49370e-01  9.11384e-01  9.48981e-01  0.00000e+00
  15017.96  6891.5625  9.66249e-01  9.72632e-01  9.65792e-01  0.00000e+00
  15046.51  6892.1875  9.98837e-01  9.91222e-01  9.98537e-01  0.00000e+00
  15075.06  6892.8125  1.00265e+00  1.06205e+00  1.00253e+00  0.00000e+00
  15103.61  6893.4375  9.40655e-01  9.36802e-01  9.40653e-01  0.00000e+00
  15132.16  6894.0625  9.58560e-01  7.63613e-01  9.58777e-01  0.00000e+00
  15160.71  6894.6875  1.09744e+00  1.33215e+00  1.09767e+00  0.00000e+00
  15189.26  6895.3125  1.09529e+00  1.00808e+00  1.09532e+00  0.00000e+00
  15217.81  6895.9375  1.08299e+00  1.06295e+00  1.08289e+00  0.00000e+00
  15246.37  6896.5625  1.09433e+00  1.17387e+00  1.09400e+00  0.00000e+00
  15274.92  6897.1875  1.02091e+00  1.01210e+00  1.02055e+00  0.00000e+00
  15303.47  6897.8125  9.29184e-01  9.05345e-01  9.29145e-01  0.00000e+00
  15332.02  6898.4375  9.30005e-01  8.31073e-01  9.30025e-01  0.00000e+00
  15360.57  6899.0625  1.04050e+00  1.10314e+00  1.04043e+00  0.00000e+00
  15389.12  6899.6875  1.13469e+00  1.11938e+00  1.13478e+00  0.00000e+00
  15417.67  6900.3125  1.16137e+00  1.24775e+00  1.16146e+00  0.00000e+00
  15446.22  6900.9375  1.07872e+00  1.08862e+00  1.07883e+00  0.00000e+00
  15474.77  6901.5625  1.01237e+00  8.69953e-01  1.01253e+00  0.00000e+00
  15503.32  6902.1875  1.03310e+00  1.19033e+00  1.03312e+00  0.00000e+00
  15531.88  6902.8125  9.65600e-01  9.16586e-01  9.65440e-01  0.00000e+00
  15560.43  6903.4375  9.64127e-01  8.03092e-01  9.63896e-01  0.00000e+00
  15588.98  6904.0625  1.09157e+00  1.27950e+00  1.09143e+00  0.00000e+00
  15617.53  6904.6875  1.12744e+00  1.02296e+00  1.12730e+00  0.00000e+00
  15646.08  6905.3125  1.12341e+00  1.23951e+00  1.12323e+00  0.00000e+00
  15674.63  6905.9375  1.03253e+00  1.02116e+00  1.03208e+00  0.00000e+00
  15703.18  6906.5625  9.59966e-01  8.37661e-01  9.59482e-01  0.00000e+00
  15731.73  6907.1875  9.74423e-01  1.10794e+00  9.74173e-01  0.00000e+00
  15760.28  6907.8125  9.24782e-01  8.62857e-01  9.24688e-01  0.00000e+00
  15788.84  6908.4375  9.10251e-01  8.59785e-01  9.10203e-01  0.00000e+00
  15817.39  6909.0625  9.75069e-01  1.00891e+00  9.74911e-01  0.00000e+00
  15845.94  6909.6875  1.01458e+00  1.03334e+00  1.01448e+00  0.00000e+00
  15874.49  6910.3125  9.77985e-01  1.03047e+00  9.77982e-01  0.00000e+00
  15903.04  6910.9375  8.66840e-01  8.61201e-01  8.66865e-01  0.00000e+00
  15931.59  6911.5625  8.11781e-01  6.73425e-01  8.11713e-01  0.00000e+00
  15960.14  6912.1875  8.86296e-01  9.80126e-01  8.85987e-01  0.00000e+00
  15988.69  6912.8125  9.23384e-01  9.19431e-01  9.23026e-01  0.00000e+00
  16017.24  6913.4375  9.32127e-01  8.98595e-01  9.32040e-01  0.00000e+00
  16045.79  6914.0625  9.59145e-01  1.00279e+00  9.59335e-01  0.00000e+00
  16074.35  6914.6875  9.62527e-01  9.37048e-01  9.62597e-01  0.00000e+00
  16102.90  6915.3125  9.49550e-01  9.93596e-01  9.49395e-01  0.00000e+00
  16131.45  6915.9375  9.19850e-01  8.69670e-01  9.19726e-01  0.00000e+00
  16160.00  6916.5625  8.93758e-01  9.60515e-01  8.93935e-01  0.00000e+00
  16188.55  6917.1875  8.64030e-01  7.71803e-01  8.64267e-01  0.00000e+00
  16217.10  6917.8125  9.26251e-01  9.11722e-01  9.26244e-01  0.00000e+00
  16245.65  6918.4375  1.03852e+00  1.07610e+00  1.03834e+00  0.00000e+00
  16274.20  6919.0625  1.10948e+00  1.11558e+00  1.10929e+00  0.00000e+00
  16302.75  6919.6875  1.15458e+00  1.14199e+00  1.15464e+00  0.00000e+00
  16331.30  6920.3125  1.16533e+00  1.24636e+00  1.16558e+00  0.00000e+00
  16359.86  6920.9375  1.12702e+00  1.03943e+00  1.12718e+00  0.00000e+00
  16388.41  6921.5625  1.11971e+00  1.17567e+00  1.11957e+00  0.00000e+00
  16416.96  6922.1875  1.03819e+00  1.12819e+00  1.03775e+00  0.00000e+00
  16445.51  6922.8125  8.95087e-01  7.49626e-01  8.94799e-01  0.00000e+00
  16474.06  6923.4375  9.07553e-01  8.73837e-01  9.07398e-01  0.00000e+00
  16502.61  6924.0625  1.00518e+00  1.08044e+00  1.00518e+00  0.00000e+00
  16531.16  6924.6875  1.02943e+00  1.02353e+00  1.02977e+00  0.00000e+00
  16559.71  6925.3125  9.93286e-01  1.03949e+00  9.93607e-01  0.00000e+00
  16588.26  6925.9375  9.78113e-01  8.39109e-01  9.78131e-01  0.00000e+00
  16616.81  6926.5625  1.06714e+00  1.15495e+00  1.06698e+00  0.00000e+00
  16645.37  6927.1875  1.10834e+00  1.12635e+00  1.10831e+00  0.00000e+00
  16673.92  6927.8125  1.04388e+00  1.10848e+00  1.04398e+00  0.00000e+00
  16702.47  6928.4375  9.84895e-01  8.01880e-01  9.85257e-01  0.00000e+00
  16731.02  6929.0625  1.04015e+00  1.19566e+00  1.04090e+00  0.00000e+00
  16759.57  6929.6875  1.05898e+00  9.49174e-01  1.05965e+00  0.00000e+00
  16788.12  6930.3125  1.05974e+00  1.19107e+00  1.06030e+00  0.00000e+00
  16816.67  6930.9375  1.00280e+00  9.04965e-01  1.00322e+00  0.00000e+00
  16845.22  6931.5625  9.53360e-01  1.03707e+00  9.53556e-01  0.00000e+00
  16873.77  6932.1875  9.10508e-01  8.04624e-01  9.10753e-01  0.00000e+00
  16902.33  6932.8125  9.43965e-01  9.70896e-01  9.44335e-01  0.00000e+00
  16930.88  6933.4375  9.86664e-01  1.02012e+00  9.86820e-01  0.00000e+00
  16959.43  6934.0625  1.03285e+00  9.19752e-01  1.03277e+00  0.00000e+00
  16987.98  6934.6875  1.07148e+00  1.30378e+00  1.07125e+00  0.00000e+00
  17016.53  6935.3125  9.41887e-01  8.20646e-01  9.41519e-01  0.00000e+00
  17045.08  6935.9375  8.48207e-01  8.28542e-01  8.47916e-01  0.00000e+00
  17073.63  6936.5625  8.40721e-01  8.54565e-01  8.40649e-01  0.00000e+00
  17102.18  6937.1875  8.72387e-01  8.00005e-01  8.72349e-01  0.00000e+00
  17130.73  6937.8125  9.47021e-01  1.02547e+00  9.47071e-01  0.00000e+00
  17159.28  6938.4375  9.87371e-01  9.34959e-01  9.87665e-01  0.00000e+00
  17187.84  6939.0625  9.81373e-01  1.11242e+00  9.81742e-01  0.00000e+00
  17216.39  6939.6875  9.74332e-01  7.25532e-01  9.74596e-01  0.00000e+00
  17244.94  6940.3125  1.10583e+00  1.29721e+00  1.10590e+00  0.00000e+00
  17273.49  6940.9375  1.14035e+00  1.12681e+00  1.14047e+00  0.00000e+00
  17302.04  6941.5625  1.14018e+00  1.03938e+00  1.14031e+00  0.00000e+00
  17330.59  6942.1875  1.17080e+00  1.35155e+00  1.17070e+00  0.00000e+00
  17359.14  6942.8125  1.10019e+00  9.67502e-01  1.10001e+00  0.00000e+00
  17387.69  6943.4375  1.05565e+00  1.13101e+00  1.05563e+00  0.00000e+00
  17416.24  6944.0625  1.00549e+00  9.70532e-01  1.00579e+00  0.00000e+00
  17444.79  6944.6875  9.55374e-01  9.70288e-01  9.55646e-01  0.00000e+00
  17473.35  6945.3125  9.57802e-01  8.60658e-01  9.57955e-01  0.00000e+00
  17501.90  6945.9375  9.92422e-01  1.14284e+00  9.92488e-01  0.00000e+00
  17530.45  6946.5625  9.22151e-01  8.66684e-01  9.21877e-01  0.00000e+00
  17559.00  6947.1875  9.03088e-01  7.90009e-01  9.02529e-01  0.00000e+00
  17587.55  6947.8125  9.96971e-01  1.10418e+00  9.96355e-01  0.00000e+00
  17616.10  6948.4375  1.00362e+00  1.03822e+00  1.00348e+00  0.00000e+00
  17644.65  6949.0625  1.00882e+00  8.27204e-01  1.00888e+00  0.00000e+00
  17673.20  6949.6875  1.14772e+00  1.27862e+00  1.14751e+00  0.00000e+00
