# day070  epoch=70.0d  L_Halpha=8.149e+40 erg/s  smooth_kms=25.0
# Columns:
#   1: Δv [km/s]      velocity offset from Hα (6562.81 Å), positive = redshift
#   2: lambda [Å]     observed wavelength
#   3: F_norm         total flux, smoothed, normalized to F_cont_baseline
#   4: F_norm_raw     total flux, RAW MC (no velocity smoothing)
#   5: F_cont_smooth  continuum-channel flux (continuum photons only)
#   6: F_vol_smooth   volumetric-channel flux (line emission contribution)
# Format: F_norm ≈ F_cont_smooth + F_vol_smooth (within MC noise)
# ----------------------------------------------------------------------------------------
 -16559.48  6200.3125  3.47680e-01  3.56604e-01  3.47680e-01  0.00000e+00
 -16530.93  6200.9375  3.59731e-01  3.12512e-01  3.59731e-01  0.00000e+00
 -16502.38  6201.5625  4.11418e-01  4.39340e-01  4.11418e-01  0.00000e+00
 -16473.83  6202.1875  4.45082e-01  4.62239e-01  4.45082e-01  0.00000e+00
 -16445.28  6202.8125  4.58785e-01  4.24565e-01  4.58785e-01  0.00000e+00
 -16416.73  6203.4375  4.65402e-01  5.36548e-01  4.65402e-01  0.00000e+00
 -16388.18  6204.0625  4.30180e-01  3.74996e-01  4.30180e-01  0.00000e+00
 -16359.63  6204.6875  4.15752e-01  4.34338e-01  4.15752e-01  0.00000e+00
 -16331.08  6205.3125  4.18209e-01  4.02398e-01  4.18209e-01  0.00000e+00
 -16302.53  6205.9375  4.45903e-01  4.20056e-01  4.45903e-01  0.00000e+00
 -16273.97  6206.5625  4.77776e-01  5.44217e-01  4.77776e-01  0.00000e+00
 -16245.42  6207.1875  4.57260e-01  4.23332e-01  4.57260e-01  0.00000e+00
 -16216.87  6207.8125  4.35371e-01  4.49138e-01  4.35371e-01  0.00000e+00
 -16188.32  6208.4375  4.32048e-01  3.98434e-01  4.32048e-01  0.00000e+00
 -16159.77  6209.0625  4.34866e-01  4.89227e-01  4.34866e-01  0.00000e+00
 -16131.22  6209.6875  4.10623e-01  3.68356e-01  4.10623e-01  0.00000e+00
 -16102.67  6210.3125  4.09747e-01  4.10969e-01  4.09747e-01  0.00000e+00
 -16074.12  6210.9375  4.22155e-01  4.36503e-01  4.22155e-01  0.00000e+00
 -16045.57  6211.5625  4.16959e-01  4.18833e-01  4.16959e-01  0.00000e+00
 -16017.01  6212.1875  4.31575e-01  3.76411e-01  4.31575e-01  0.00000e+00
 -15988.46  6212.8125  4.77254e-01  5.46631e-01  4.77254e-01  0.00000e+00
 -15959.91  6213.4375  4.82729e-01  4.50106e-01  4.82729e-01  0.00000e+00
 -15931.36  6214.0625  4.75906e-01  5.01563e-01  4.75906e-01  0.00000e+00
 -15902.81  6214.6875  4.55675e-01  4.51980e-01  4.55675e-01  0.00000e+00
 -15874.26  6215.3125  4.44586e-01  4.11622e-01  4.44586e-01  0.00000e+00
 -15845.71  6215.9375  4.54526e-01  4.96579e-01  4.54526e-01  0.00000e+00
 -15817.16  6216.5625  4.50604e-01  4.13681e-01  4.50604e-01  0.00000e+00
 -15788.61  6217.1875  4.62973e-01  4.75173e-01  4.62973e-01  0.00000e+00
 -15760.06  6217.8125  4.60185e-01  4.93889e-01  4.60185e-01  0.00000e+00
 -15731.50  6218.4375  4.18926e-01  3.99025e-01  4.18926e-01  0.00000e+00
 -15702.95  6219.0625  3.92349e-01  3.76369e-01  3.92349e-01  0.00000e+00
 -15674.40  6219.6875  3.87745e-01  4.06133e-01  3.87745e-01  0.00000e+00
 -15645.85  6220.3125  3.82555e-01  3.59474e-01  3.82555e-01  0.00000e+00
 -15617.30  6220.9375  3.89427e-01  4.03076e-01  3.89427e-01  0.00000e+00
 -15588.75  6221.5625  3.94672e-01  3.88655e-01  3.94672e-01  0.00000e+00
 -15560.20  6222.1875  3.94327e-01  4.05931e-01  3.94327e-01  0.00000e+00
 -15531.65  6222.8125  3.96320e-01  3.70325e-01  3.96320e-01  0.00000e+00
 -15503.10  6223.4375  4.07469e-01  4.39789e-01  4.07469e-01  0.00000e+00
 -15474.55  6224.0625  4.08116e-01  3.80188e-01  4.08116e-01  0.00000e+00
 -15445.99  6224.6875  4.30342e-01  4.23322e-01  4.30342e-01  0.00000e+00
 -15417.44  6225.3125  4.54060e-01  4.92558e-01  4.54060e-01  0.00000e+00
 -15388.89  6225.9375  4.27202e-01  4.36251e-01  4.27202e-01  0.00000e+00
 -15360.34  6226.5625  3.84003e-01  3.51886e-01  3.84003e-01  0.00000e+00
 -15331.79  6227.1875  3.70934e-01  3.83896e-01  3.70934e-01  0.00000e+00
 -15303.24  6227.8125  3.90253e-01  3.36766e-01  3.90253e-01  0.00000e+00
 -15274.69  6228.4375  4.39181e-01  4.99385e-01  4.39181e-01  0.00000e+00
 -15246.14  6229.0625  4.64368e-01  4.20427e-01  4.64368e-01  0.00000e+00
 -15217.59  6229.6875  4.77180e-01  5.37963e-01  4.77180e-01  0.00000e+00
 -15189.03  6230.3125  4.45736e-01  4.25906e-01  4.45736e-01  0.00000e+00
 -15160.48  6230.9375  4.10145e-01  4.02394e-01  4.10145e-01  0.00000e+00
 -15131.93  6231.5625  3.94029e-01  3.94821e-01  3.94029e-01  0.00000e+00
 -15103.38  6232.1875  3.79431e-01  3.86972e-01  3.79431e-01  0.00000e+00
 -15074.83  6232.8125  3.81295e-01  3.33866e-01  3.81295e-01  0.00000e+00
 -15046.28  6233.4375  4.06355e-01  4.65946e-01  4.06355e-01  0.00000e+00
 -15017.73  6234.0625  3.92605e-01  3.72386e-01  3.92605e-01  0.00000e+00
 -14989.18  6234.6875  3.72062e-01  3.72217e-01  3.72062e-01  0.00000e+00
 -14960.63  6235.3125  3.78152e-01  3.50230e-01  3.78152e-01  0.00000e+00
 -14932.08  6235.9375  4.13768e-01  4.26309e-01  4.13768e-01  0.00000e+00
 -14903.52  6236.5625  4.33099e-01  4.59723e-01  4.33099e-01  0.00000e+00
 -14874.97  6237.1875  4.07162e-01  4.13652e-01  4.07162e-01  0.00000e+00
 -14846.42  6237.8125  3.75225e-01  3.44865e-01  3.75225e-01  0.00000e+00
 -14817.87  6238.4375  3.90630e-01  3.68217e-01  3.90630e-01  0.00000e+00
 -14789.32  6239.0625  4.18810e-01  4.79091e-01  4.18810e-01  0.00000e+00
 -14760.77  6239.6875  4.03209e-01  3.66932e-01  4.03209e-01  0.00000e+00
 -14732.22  6240.3125  4.03862e-01  3.99143e-01  4.03862e-01  0.00000e+00
 -14703.67  6240.9375  4.42220e-01  4.19633e-01  4.42220e-01  0.00000e+00
 -14675.12  6241.5625  4.73832e-01  5.43453e-01  4.73832e-01  0.00000e+00
 -14646.57  6242.1875  4.49742e-01  4.12017e-01  4.49742e-01  0.00000e+00
 -14618.01  6242.8125  4.43439e-01  4.27275e-01  4.43439e-01  0.00000e+00
 -14589.46  6243.4375  4.64826e-01  4.89924e-01  4.64826e-01  0.00000e+00
 -14560.91  6244.0625  4.74930e-01  4.54639e-01  4.74930e-01  0.00000e+00
 -14532.36  6244.6875  4.72225e-01  5.12790e-01  4.72225e-01  0.00000e+00
 -14503.81  6245.3125  4.22340e-01  4.32944e-01  4.22340e-01  0.00000e+00
 -14475.26  6245.9375  3.70524e-01  3.10800e-01  3.70524e-01  0.00000e+00
 -14446.71  6246.5625  3.88504e-01  3.92047e-01  3.88504e-01  0.00000e+00
 -14418.16  6247.1875  4.36227e-01  4.37535e-01  4.36227e-01  0.00000e+00
 -14389.61  6247.8125  4.67964e-01  4.90833e-01  4.67964e-01  0.00000e+00
 -14361.06  6248.4375  4.67364e-01  4.70148e-01  4.67364e-01  0.00000e+00
 -14332.50  6249.0625  4.63278e-01  4.37653e-01  4.63278e-01  0.00000e+00
 -14303.95  6249.6875  4.65620e-01  5.08347e-01  4.65620e-01  0.00000e+00
 -14275.40  6250.3125  4.41223e-01  4.19724e-01  4.41223e-01  0.00000e+00
 -14246.85  6250.9375  4.46765e-01  3.98741e-01  4.46765e-01  0.00000e+00
 -14218.30  6251.5625  4.77657e-01  5.62416e-01  4.77657e-01  0.00000e+00
 -14189.75  6252.1875  4.46026e-01  4.12438e-01  4.46026e-01  0.00000e+00
 -14161.20  6252.8125  4.15131e-01  4.05528e-01  4.15131e-01  0.00000e+00
 -14132.65  6253.4375  4.13301e-01  4.14385e-01  4.13301e-01  0.00000e+00
 -14104.10  6254.0625  4.08722e-01  4.25228e-01  4.08722e-01  0.00000e+00
 -14075.54  6254.6875  4.08574e-01  3.61824e-01  4.08574e-01  0.00000e+00
 -14046.99  6255.3125  4.33411e-01  4.78646e-01  4.33411e-01  0.00000e+00
 -14018.44  6255.9375  4.28161e-01  4.24622e-01  4.28161e-01  0.00000e+00
 -13989.89  6256.5625  4.06905e-01  3.97868e-01  4.06905e-01  0.00000e+00
 -13961.34  6257.1875  3.95244e-01  4.02261e-01  3.95244e-01  0.00000e+00
 -13932.79  6257.8125  4.00760e-01  3.65060e-01  4.00760e-01  0.00000e+00
 -13904.24  6258.4375  4.34543e-01  4.60037e-01  4.34543e-01  0.00000e+00
 -13875.69  6259.0625  4.57398e-01  4.54994e-01  4.57398e-01  0.00000e+00
 -13847.14  6259.6875  4.68941e-01  4.66082e-01  4.68941e-01  0.00000e+00
 -13818.59  6260.3125  4.52458e-01  5.08993e-01  4.52458e-01  0.00000e+00
 -13790.03  6260.9375  3.98362e-01  3.39143e-01  3.98362e-01  0.00000e+00
 -13761.48  6261.5625  3.87281e-01  3.88324e-01  3.87281e-01  0.00000e+00
 -13732.93  6262.1875  3.91165e-01  4.23643e-01  3.91165e-01  0.00000e+00
 -13704.38  6262.8125  3.88471e-01  3.29091e-01  3.88471e-01  0.00000e+00
 -13675.83  6263.4375  4.29895e-01  4.53003e-01  4.29895e-01  0.00000e+00
 -13647.28  6264.0625  4.53093e-01  4.90743e-01  4.53093e-01  0.00000e+00
 -13618.73  6264.6875  4.25211e-01  4.08414e-01  4.25211e-01  0.00000e+00
 -13590.18  6265.3125  4.12429e-01  3.83315e-01  4.12429e-01  0.00000e+00
 -13561.63  6265.9375  4.26359e-01  4.63093e-01  4.26359e-01  0.00000e+00
 -13533.08  6266.5625  4.28770e-01  3.96073e-01  4.28770e-01  0.00000e+00
 -13504.52  6267.1875  4.39651e-01  4.60746e-01  4.39651e-01  0.00000e+00
 -13475.97  6267.8125  4.27188e-01  4.53252e-01  4.27188e-01  0.00000e+00
 -13447.42  6268.4375  4.04518e-01  3.43256e-01  4.04518e-01  0.00000e+00
 -13418.87  6269.0625  4.28493e-01  4.58288e-01  4.28493e-01  0.00000e+00
 -13390.32  6269.6875  4.40817e-01  4.55010e-01  4.40817e-01  0.00000e+00
 -13361.77  6270.3125  4.27620e-01  4.14082e-01  4.27620e-01  0.00000e+00
 -13333.22  6270.9375  4.41677e-01  4.07064e-01  4.41677e-01  0.00000e+00
 -13304.67  6271.5625  4.70992e-01  5.35542e-01  4.70992e-01  0.00000e+00
 -13276.12  6272.1875  4.42229e-01  4.30849e-01  4.42229e-01  0.00000e+00
 -13247.56  6272.8125  3.91687e-01  3.94383e-01  3.91687e-01  0.00000e+00
 -13219.01  6273.4375  3.88634e-01  3.08349e-01  3.88634e-01  0.00000e+00
 -13190.46  6274.0625  4.48364e-01  5.20753e-01  4.48364e-01  0.00000e+00
 -13161.91  6274.6875  4.71631e-01  4.52066e-01  4.71631e-01  0.00000e+00
 -13133.36  6275.3125  4.71644e-01  4.83115e-01  4.71644e-01  0.00000e+00
 -13104.81  6275.9375  4.48251e-01  4.79075e-01  4.48251e-01  0.00000e+00
 -13076.26  6276.5625  4.04217e-01  3.62458e-01  4.04217e-01  0.00000e+00
 -13047.71  6277.1875  4.15197e-01  3.80209e-01  4.15197e-01  0.00000e+00
 -13019.16  6277.8125  4.49919e-01  5.32236e-01  4.49919e-01  0.00000e+00
 -12990.61  6278.4375  4.41652e-01  3.65237e-01  4.41652e-01  0.00000e+00
 -12962.05  6279.0625  4.47842e-01  5.12356e-01  4.47842e-01  0.00000e+00
 -12933.50  6279.6875  4.22957e-01  4.05386e-01  4.22957e-01  0.00000e+00
 -12904.95  6280.3125  3.99253e-01  3.75997e-01  3.99253e-01  0.00000e+00
 -12876.40  6280.9375  4.16918e-01  4.13655e-01  4.16918e-01  0.00000e+00
 -12847.85  6281.5625  4.50045e-01  4.54263e-01  4.50045e-01  0.00000e+00
 -12819.30  6282.1875  4.62239e-01  4.94749e-01  4.62239e-01  0.00000e+00
 -12790.75  6282.8125  4.56455e-01  4.06938e-01  4.56455e-01  0.00000e+00
 -12762.20  6283.4375  4.59751e-01  5.22990e-01  4.59751e-01  0.00000e+00
 -12733.65  6284.0625  4.29996e-01  3.92736e-01  4.29996e-01  0.00000e+00
 -12705.10  6284.6875  4.09267e-01  4.16395e-01  4.09267e-01  0.00000e+00
 -12676.54  6285.3125  4.04936e-01  3.95587e-01  4.04936e-01  0.00000e+00
 -12647.99  6285.9375  4.04890e-01  4.12643e-01  4.04890e-01  0.00000e+00
 -12619.44  6286.5625  3.91402e-01  4.06233e-01  3.91402e-01  0.00000e+00
 -12590.89  6287.1875  3.65630e-01  3.47006e-01  3.65630e-01  0.00000e+00
 -12562.34  6287.8125  3.66999e-01  3.48217e-01  3.66999e-01  0.00000e+00
 -12533.79  6288.4375  4.01952e-01  4.02056e-01  4.01952e-01  0.00000e+00
 -12505.24  6289.0625  4.11576e-01  4.76833e-01  4.11576e-01  0.00000e+00
 -12476.69  6289.6875  3.77506e-01  3.05426e-01  3.77506e-01  0.00000e+00
 -12448.14  6290.3125  3.86980e-01  4.10150e-01  3.86980e-01  0.00000e+00
 -12419.58  6290.9375  4.21955e-01  3.94397e-01  4.21955e-01  0.00000e+00
 -12391.03  6291.5625  4.48385e-01  5.05871e-01  4.48385e-01  0.00000e+00
 -12362.48  6292.1875  4.35285e-01  3.99941e-01  4.35285e-01  0.00000e+00
 -12333.93  6292.8125  4.34307e-01  4.35913e-01  4.34307e-01  0.00000e+00
 -12305.38  6293.4375  4.45950e-01  4.52482e-01  4.45950e-01  0.00000e+00
 -12276.83  6294.0625  4.37452e-01  4.59157e-01  4.37452e-01  0.00000e+00
 -12248.28  6294.6875  4.22429e-01  3.78118e-01  4.22429e-01  0.00000e+00
 -12219.73  6295.3125  4.44712e-01  4.57151e-01  4.44712e-01  0.00000e+00
 -12191.18  6295.9375  4.57972e-01  4.87813e-01  4.57972e-01  0.00000e+00
 -12162.63  6296.5625  4.21495e-01  4.31973e-01  4.21495e-01  0.00000e+00
 -12134.07  6297.1875  3.96453e-01  3.21309e-01  3.96453e-01  0.00000e+00
 -12105.52  6297.8125  4.34362e-01  4.83498e-01  4.34362e-01  0.00000e+00
 -12076.97  6298.4375  4.49350e-01  4.55331e-01  4.49350e-01  0.00000e+00
 -12048.42  6299.0625  4.43365e-01  4.16788e-01  4.43365e-01  0.00000e+00
 -12019.87  6299.6875  4.40162e-01  4.89062e-01  4.40162e-01  0.00000e+00
 -11991.32  6300.3125  4.25989e-01  3.58524e-01  4.25989e-01  0.00000e+00
 -11962.77  6300.9375  4.31728e-01  5.06452e-01  4.31728e-01  0.00000e+00
 -11934.22  6301.5625  4.42354e-01  3.27528e-01  4.42354e-01  0.00000e+00
 -11905.67  6302.1875  4.86760e-01  6.16479e-01  4.86760e-01  0.00000e+00
 -11877.12  6302.8125  4.66839e-01  3.97446e-01  4.66839e-01  0.00000e+00
 -11848.56  6303.4375  4.59162e-01  4.69432e-01  4.59162e-01  0.00000e+00
 -11820.01  6304.0625  4.84793e-01  4.66984e-01  4.84793e-01  0.00000e+00
 -11791.46  6304.6875  5.03383e-01  5.48186e-01  5.03383e-01  0.00000e+00
 -11762.91  6305.3125  4.73933e-01  4.71777e-01  4.73933e-01  0.00000e+00
 -11734.36  6305.9375  4.24851e-01  4.18899e-01  4.24851e-01  0.00000e+00
 -11705.81  6306.5625  3.90632e-01  3.77867e-01  3.90632e-01  0.00000e+00
 -11677.26  6307.1875  3.66829e-01  3.85316e-01  3.66829e-01  0.00000e+00
 -11648.71  6307.8125  3.44113e-01  3.16543e-01  3.44113e-01  0.00000e+00
 -11620.16  6308.4375  3.63888e-01  3.33534e-01  3.63888e-01  0.00000e+00
 -11591.60  6309.0625  4.07202e-01  4.63830e-01  4.07202e-01  0.00000e+00
 -11563.05  6309.6875  4.14904e-01  3.78474e-01  4.14904e-01  0.00000e+00
 -11534.50  6310.3125  4.15188e-01  4.56117e-01  4.15188e-01  0.00000e+00
 -11505.95  6310.9375  4.19061e-01  3.53511e-01  4.19061e-01  0.00000e+00
 -11477.40  6311.5625  4.53804e-01  5.08503e-01  4.53804e-01  0.00000e+00
 -11448.85  6312.1875  4.56863e-01  4.52925e-01  4.56863e-01  0.00000e+00
 -11420.30  6312.8125  4.43592e-01  4.27024e-01  4.43592e-01  0.00000e+00
 -11391.75  6313.4375  4.41453e-01  4.61020e-01  4.41453e-01  0.00000e+00
 -11363.20  6314.0625  4.30651e-01  4.18422e-01  4.30651e-01  0.00000e+00
 -11334.65  6314.6875  4.22374e-01  4.28361e-01  4.22374e-01  0.00000e+00
 -11306.09  6315.3125  4.32133e-01  3.98126e-01  4.32133e-01  0.00000e+00
 -11277.54  6315.9375  4.59396e-01  5.00737e-01  4.59396e-01  0.00000e+00
 -11248.99  6316.5625  4.61084e-01  4.47282e-01  4.61084e-01  0.00000e+00
 -11220.44  6317.1875  4.70925e-01  4.47042e-01  4.70925e-01  0.00000e+00
 -11191.89  6317.8125  5.01491e-01  5.29041e-01  5.01491e-01  0.00000e+00
 -11163.34  6318.4375  4.88351e-01  5.27755e-01  4.88351e-01  0.00000e+00
 -11134.79  6319.0625  4.42437e-01  3.82813e-01  4.42437e-01  0.00000e+00
 -11106.24  6319.6875  4.41776e-01  4.55554e-01  4.41776e-01  0.00000e+00
 -11077.69  6320.3125  4.39592e-01  4.71721e-01  4.39592e-01  0.00000e+00
 -11049.14  6320.9375  4.13901e-01  3.71146e-01  4.13901e-01  0.00000e+00
 -11020.58  6321.5625  4.22556e-01  4.27775e-01  4.22556e-01  0.00000e+00
 -10992.03  6322.1875  4.55670e-01  4.42662e-01  4.55670e-01  0.00000e+00
 -10963.48  6322.8125  4.79409e-01  5.21814e-01  4.79409e-01  0.00000e+00
 -10934.93  6323.4375  4.65317e-01  4.45327e-01  4.65317e-01  0.00000e+00
 -10906.38  6324.0625  4.37242e-01  4.64745e-01  4.37242e-01  0.00000e+00
 -10877.83  6324.6875  4.08931e-01  3.67220e-01  4.08931e-01  0.00000e+00
 -10849.28  6325.3125  4.27495e-01  4.14995e-01  4.27495e-01  0.00000e+00
 -10820.73  6325.9375  4.74813e-01  4.92302e-01  4.74813e-01  0.00000e+00
 -10792.18  6326.5625  4.78316e-01  5.28605e-01  4.78316e-01  0.00000e+00
 -10763.62  6327.1875  4.24841e-01  3.91575e-01  4.24841e-01  0.00000e+00
 -10735.07  6327.8125  3.93599e-01  3.81562e-01  3.93599e-01  0.00000e+00
 -10706.52  6328.4375  4.19274e-01  3.76719e-01  4.19274e-01  0.00000e+00
 -10677.97  6329.0625  4.48728e-01  5.54294e-01  4.48728e-01  0.00000e+00
 -10649.42  6329.6875  4.11895e-01  3.32401e-01  4.11895e-01  0.00000e+00
 -10620.87  6330.3125  4.19548e-01  4.14865e-01  4.19548e-01  0.00000e+00
 -10592.32  6330.9375  4.49232e-01  5.00066e-01  4.49232e-01  0.00000e+00
 -10563.77  6331.5625  4.47469e-01  3.93422e-01  4.47469e-01  0.00000e+00
 -10535.22  6332.1875  4.50942e-01  5.11893e-01  4.50942e-01  0.00000e+00
 -10506.67  6332.8125  4.24661e-01  3.92615e-01  4.24661e-01  0.00000e+00
 -10478.11  6333.4375  4.24159e-01  3.93703e-01  4.24159e-01  0.00000e+00
 -10449.56  6334.0625  4.72449e-01  4.85786e-01  4.72449e-01  0.00000e+00
 -10421.01  6334.6875  5.02129e-01  5.36355e-01  5.02129e-01  0.00000e+00
 -10392.46  6335.3125  4.86980e-01  4.75414e-01  4.86980e-01  0.00000e+00
 -10363.91  6335.9375  4.80226e-01  4.53054e-01  4.80226e-01  0.00000e+00
 -10335.36  6336.5625  4.78160e-01  5.43786e-01  4.78160e-01  0.00000e+00
 -10306.81  6337.1875  4.46794e-01  3.77398e-01  4.46794e-01  0.00000e+00
 -10278.26  6337.8125  4.53424e-01  4.77997e-01  4.53424e-01  0.00000e+00
 -10249.71  6338.4375  4.54000e-01  4.76441e-01  4.54000e-01  0.00000e+00
 -10221.16  6339.0625  4.19472e-01  4.06783e-01  4.19472e-01  0.00000e+00
 -10192.60  6339.6875  3.83684e-01  3.91388e-01  3.83684e-01  0.00000e+00
 -10164.05  6340.3125  3.64927e-01  3.31845e-01  3.64927e-01  0.00000e+00
 -10135.50  6340.9375  3.87236e-01  3.83527e-01  3.87236e-01  0.00000e+00
 -10106.95  6341.5625  4.16721e-01  4.48288e-01  4.16721e-01  0.00000e+00
 -10078.40  6342.1875  4.32151e-01  3.87732e-01  4.32151e-01  0.00000e+00
 -10049.85  6342.8125  4.50013e-01  5.14924e-01  4.50013e-01  0.00000e+00
 -10021.30  6343.4375  4.36134e-01  3.87094e-01  4.36134e-01  0.00000e+00
  -9992.75  6344.0625  4.34731e-01  4.59337e-01  4.34731e-01  0.00000e+00
  -9964.20  6344.6875  4.25048e-01  4.30159e-01  4.25048e-01  0.00000e+00
  -9935.65  6345.3125  3.98527e-01  3.94103e-01  3.98527e-01  0.00000e+00
  -9907.09  6345.9375  3.85132e-01  3.67963e-01  3.85132e-01  0.00000e+00
  -9878.54  6346.5625  4.07730e-01  3.86972e-01  4.07730e-01  0.00000e+00
  -9849.99  6347.1875  4.34464e-01  4.94632e-01  4.34464e-01  0.00000e+00
  -9821.44  6347.8125  4.35707e-01  3.64943e-01  4.35707e-01  0.00000e+00
  -9792.89  6348.4375  4.70726e-01  5.10686e-01  4.70726e-01  0.00000e+00
  -9764.34  6349.0625  4.84049e-01  5.00312e-01  4.84049e-01  0.00000e+00
  -9735.79  6349.6875  4.62758e-01  4.46919e-01  4.62758e-01  0.00000e+00
  -9707.24  6350.3125  4.41015e-01  4.59835e-01  4.41015e-01  0.00000e+00
  -9678.69  6350.9375  4.24461e-01  3.89304e-01  4.24461e-01  0.00000e+00
  -9650.13  6351.5625  4.39877e-01  4.46517e-01  4.39877e-01  0.00000e+00
  -9621.58  6352.1875  4.62468e-01  4.67521e-01  4.62468e-01  0.00000e+00
  -9593.03  6352.8125  4.50986e-01  4.95142e-01  4.50986e-01  0.00000e+00
  -9564.48  6353.4375  4.16588e-01  3.48641e-01  4.16588e-01  0.00000e+00
  -9535.93  6354.0625  4.14684e-01  4.68605e-01  4.14684e-01  0.00000e+00
  -9507.38  6354.6875  4.07703e-01  3.62983e-01  4.07703e-01  0.00000e+00
  -9478.83  6355.3125  4.25848e-01  4.30370e-01  4.25848e-01  0.00000e+00
  -9450.28  6355.9375  4.40094e-01  4.80438e-01  4.40094e-01  0.00000e+00
  -9421.73  6356.5625  4.25557e-01  3.82486e-01  4.25557e-01  0.00000e+00
  -9393.18  6357.1875  4.44079e-01  4.42318e-01  4.44079e-01  0.00000e+00
  -9364.62  6357.8125  4.75611e-01  4.99248e-01  4.75611e-01  0.00000e+00
  -9336.07  6358.4375  4.79787e-01  4.76233e-01  4.79787e-01  0.00000e+00
  -9307.52  6359.0625  4.63246e-01  4.80400e-01  4.63246e-01  0.00000e+00
  -9278.97  6359.6875  4.15551e-01  4.33502e-01  4.15551e-01  0.00000e+00
  -9250.42  6360.3125  3.59598e-01  3.18688e-01  3.59598e-01  0.00000e+00
  -9221.87  6360.9375  3.62056e-01  3.32693e-01  3.62056e-01  0.00000e+00
  -9193.32  6361.5625  3.85940e-01  4.59669e-01  3.85940e-01  0.00000e+00
  -9164.77  6362.1875  3.78954e-01  2.97714e-01  3.78954e-01  0.00000e+00
  -9136.22  6362.8125  4.17850e-01  4.47631e-01  4.17850e-01  0.00000e+00
  -9107.67  6363.4375  4.50964e-01  4.71216e-01  4.50964e-01  0.00000e+00
  -9079.11  6364.0625  4.33537e-01  4.49285e-01  4.33537e-01  0.00000e+00
  -9050.56  6364.6875  4.05482e-01  3.65286e-01  4.05482e-01  0.00000e+00
  -9022.01  6365.3125  4.10774e-01  4.27718e-01  4.10774e-01  0.00000e+00
  -8993.46  6365.9375  4.18776e-01  4.16154e-01  4.18776e-01  0.00000e+00
  -8964.91  6366.5625  4.19538e-01  4.23705e-01  4.19538e-01  0.00000e+00
  -8936.36  6367.1875  4.28724e-01  4.06571e-01  4.28724e-01  0.00000e+00
  -8907.81  6367.8125  4.54558e-01  4.69908e-01  4.54558e-01  0.00000e+00
  -8879.26  6368.4375  4.55127e-01  4.88261e-01  4.55127e-01  0.00000e+00
  -8850.71  6369.0625  4.37419e-01  3.77826e-01  4.37419e-01  0.00000e+00
  -8822.15  6369.6875  4.49407e-01  4.98402e-01  4.49407e-01  0.00000e+00
  -8793.60  6370.3125  4.39186e-01  4.24621e-01  4.39186e-01  0.00000e+00
  -8765.05  6370.9375  4.07969e-01  4.30215e-01  4.07969e-01  0.00000e+00
  -8736.50  6371.5625  3.71657e-01  3.44624e-01  3.71657e-01  0.00000e+00
  -8707.95  6372.1875  3.74618e-01  3.45110e-01  3.74618e-01  0.00000e+00
  -8679.40  6372.8125  3.99473e-01  4.54746e-01  3.99473e-01  0.00000e+00
  -8650.85  6373.4375  3.78989e-01  3.64662e-01  3.78989e-01  0.00000e+00
  -8622.30  6374.0625  3.62198e-01  3.33656e-01  3.62198e-01  0.00000e+00
  -8593.75  6374.6875  3.86854e-01  3.91448e-01  3.86854e-01  0.00000e+00
  -8565.20  6375.3125  4.09165e-01  4.31983e-01  4.09165e-01  0.00000e+00
  -8536.64  6375.9375  3.96112e-01  4.02617e-01  3.96112e-01  3.99542e-08
  -8508.09  6376.5625  3.77254e-01  3.48629e-01  3.77250e-01  3.83774e-06
  -8479.54  6377.1875  3.81816e-01  3.97118e-01  3.81716e-01  1.00036e-04
  -8450.99  6377.8125  3.72202e-01  3.93710e-01  3.71494e-01  7.07626e-04
  -8422.44  6378.4375  3.63274e-01  2.99884e-01  3.61916e-01  1.35838e-03
  -8393.89  6379.0625  4.09913e-01  4.33937e-01  4.09205e-01  7.07626e-04
  -8365.34  6379.6875  4.46578e-01  4.72928e-01  4.46478e-01  1.00036e-04
  -8336.79  6380.3125  4.40971e-01  4.32245e-01  4.40967e-01  3.83774e-06
  -8308.24  6380.9375  4.29971e-01  4.28786e-01  4.29971e-01  3.99542e-08
  -8279.69  6381.5625  4.11350e-01  4.35611e-01  4.11350e-01  0.00000e+00
  -8251.13  6382.1875  3.81431e-01  3.49160e-01  3.81431e-01  0.00000e+00
  -8222.58  6382.8125  3.88768e-01  3.74377e-01  3.88768e-01  0.00000e+00
  -8194.03  6383.4375  4.35062e-01  4.32174e-01  4.35062e-01  0.00000e+00
  -8165.48  6384.0625  4.78147e-01  5.04747e-01  4.78147e-01  0.00000e+00
  -8136.93  6384.6875  4.76126e-01  4.97150e-01  4.76126e-01  0.00000e+00
  -8108.38  6385.3125  4.48226e-01  4.17458e-01  4.48226e-01  0.00000e+00
  -8079.83  6385.9375  4.43176e-01  4.52946e-01  4.43176e-01  0.00000e+00
  -8051.28  6386.5625  4.61739e-01  4.26573e-01  4.61739e-01  0.00000e+00
  -8022.73  6387.1875  4.75739e-01  5.56059e-01  4.75739e-01  3.85818e-08
  -7994.17  6387.8125  4.43311e-01  3.77496e-01  4.43307e-01  3.70591e-06
  -7965.62  6388.4375  4.46980e-01  4.52152e-01  4.46883e-01  9.65996e-05
  -7937.07  6389.0625  4.63827e-01  4.93910e-01  4.63144e-01  6.83359e-04
  -7908.52  6389.6875  4.57315e-01  4.26484e-01  4.55999e-01  1.31552e-03
  -7879.97  6390.3125  4.56243e-01  4.86749e-01  4.55460e-01  7.82534e-04
  -7851.42  6390.9375  4.53701e-01  4.15139e-01  4.52902e-01  7.98418e-04
  -7822.87  6391.5625  4.52999e-01  5.08700e-01  4.51648e-01  1.35097e-03
  -7794.32  6392.1875  4.29246e-01  3.80496e-01  4.28540e-01  7.05523e-04
  -7765.77  6392.8125  4.26288e-01  4.45611e-01  4.26094e-01  1.94763e-04
  -7737.22  6393.4375  4.24849e-01  4.26201e-01  4.24170e-01  6.79686e-04
  -7708.66  6394.0625  4.18243e-01  4.06136e-01  4.16945e-01  1.29747e-03
  -7680.11  6394.6875  4.13537e-01  4.34619e-01  4.12861e-01  6.75958e-04
  -7651.56  6395.3125  3.91559e-01  3.87023e-01  3.91456e-01  1.03181e-04
  -7623.01  6395.9375  3.77342e-01  3.53851e-01  3.77137e-01  2.05367e-04
  -7594.46  6396.5625  3.94956e-01  3.98369e-01  3.93458e-01  1.49794e-03
  -7565.91  6397.1875  4.28196e-01  4.16151e-01  4.24818e-01  3.37850e-03
  -7537.36  6397.8125  4.50494e-01  4.95678e-01  4.47768e-01  2.72576e-03
  -7508.81  6398.4375  4.48256e-01  3.98335e-01  4.47363e-01  8.92154e-04
  -7480.26  6399.0625  4.56474e-01  5.06003e-01  4.56272e-01  2.02608e-04
  -7451.71  6399.6875  4.43247e-01  4.16490e-01  4.42555e-01  6.92876e-04
  -7423.15  6400.3125  4.31168e-01  4.42000e-01  4.29842e-01  1.32648e-03
  -7394.60  6400.9375  4.25522e-01  4.14963e-01  4.24734e-01  7.88110e-04
  -7366.05  6401.5625  4.28266e-01  4.28862e-01  4.27464e-01  8.01850e-04
  -7337.50  6402.1875  4.40695e-01  4.33193e-01  4.39246e-01  1.44882e-03
  -7308.95  6402.8125  4.61058e-01  4.63829e-01  4.59578e-01  1.47920e-03
  -7280.40  6403.4375  4.76500e-01  4.87298e-01  4.74403e-01  2.09754e-03
  -7251.85  6404.0625  4.88323e-01  4.65827e-01  4.86307e-01  2.01655e-03
  -7223.30  6404.6875  4.97713e-01  5.40906e-01  4.96819e-01  8.94577e-04
  -7194.75  6405.3125  4.71755e-01  4.57916e-01  4.70830e-01  9.25112e-04
  -7166.19  6405.9375  4.48955e-01  4.31360e-01  4.46867e-01  2.08798e-03
  -7137.64  6406.5625  4.47160e-01  4.63112e-01  4.45022e-01  2.13819e-03
  -7109.09  6407.1875  4.39190e-01  4.32286e-01  4.37721e-01  1.46950e-03
  -7080.54  6407.8125  4.27774e-01  4.34968e-01  4.26183e-01  1.59133e-03
  -7051.99  6408.4375  4.25857e-01  3.99936e-01  4.23772e-01  2.08485e-03
  -7023.44  6409.0625  4.48339e-01  4.57604e-01  4.45265e-01  3.07391e-03
  -6994.89  6409.6875  4.65549e-01  4.79769e-01  4.61898e-01  3.65070e-03
  -6966.34  6410.3125  4.63019e-01  4.55964e-01  4.57498e-01  5.52113e-03
  -6937.79  6410.9375  4.56735e-01  4.64240e-01  4.51849e-01  4.88541e-03
  -6909.24  6411.5625  4.51397e-01  4.39807e-01  4.48339e-01  3.05830e-03
  -6880.68  6412.1875  4.55343e-01  4.55970e-01  4.52267e-01  3.07531e-03
  -6852.13  6412.8125  4.42384e-01  4.84030e-01  4.39591e-01  2.79394e-03
  -6823.58  6413.4375  4.17799e-01  3.44068e-01  4.14838e-01  2.96015e-03
  -6795.03  6414.0625  4.45786e-01  4.75509e-01  4.43704e-01  2.08163e-03
  -6766.48  6414.6875  4.38436e-01  5.08498e-01  4.36739e-01  1.69720e-03
  -6737.93  6415.3125  3.85321e-01  2.79734e-01  3.83080e-01  2.24047e-03
  -6709.38  6415.9375  4.12163e-01  4.38318e-01  4.08061e-01  4.10154e-03
  -6680.83  6416.5625  4.41990e-01  4.84294e-01  4.37368e-01  4.62171e-03
  -6652.28  6417.1875  4.30833e-01  3.82290e-01  4.27033e-01  3.80088e-03
  -6623.73  6417.8125  4.29779e-01  4.78035e-01  4.25384e-01  4.39515e-03
  -6595.17  6418.4375  4.17704e-01  3.76102e-01  4.11943e-01  5.76149e-03
  -6566.62  6419.0625  4.33355e-01  4.33724e-01  4.27564e-01  5.79079e-03
  -6538.07  6419.6875  4.70125e-01  4.71421e-01  4.63452e-01  6.67258e-03
  -6509.52  6420.3125  4.84239e-01  5.20754e-01  4.77279e-01  6.96017e-03
  -6480.97  6420.9375  4.51412e-01  4.48889e-01  4.45247e-01  6.16421e-03
  -6452.42  6421.5625  4.22037e-01  3.85472e-01  4.16223e-01  5.81407e-03
  -6423.87  6422.1875  4.39516e-01  4.40492e-01  4.31891e-01  7.62417e-03
  -6395.32  6422.8125  4.49184e-01  4.99322e-01  4.44217e-01  4.96669e-03
  -6366.77  6423.4375  4.21766e-01  3.73361e-01  4.19739e-01  2.02765e-03
  -6338.21  6424.0625  4.28866e-01  4.29814e-01  4.26327e-01  2.53887e-03
  -6309.66  6424.6875  4.76584e-01  4.49800e-01  4.71233e-01  5.35106e-03
  -6281.11  6425.3125  5.22648e-01  5.87308e-01  5.12058e-01  1.05902e-02
  -6252.56  6425.9375  5.10357e-01  4.89472e-01  4.96517e-01  1.38397e-02
  -6224.01  6426.5625  4.76539e-01  4.97839e-01  4.64544e-01  1.19949e-02
  -6195.46  6427.1875  4.57811e-01  4.01697e-01  4.49294e-01  8.51771e-03
  -6166.91  6427.8125  4.81617e-01  5.14725e-01  4.74217e-01  7.39935e-03
  -6138.36  6428.4375  4.92032e-01  4.96839e-01  4.82959e-01  9.07257e-03
  -6109.81  6429.0625  4.83691e-01  4.72580e-01  4.76024e-01  7.66654e-03
  -6081.26  6429.6875  4.71629e-01  4.96546e-01  4.66120e-01  5.50910e-03
  -6052.70  6430.3125  4.47651e-01  4.24792e-01  4.43687e-01  3.96392e-03
  -6024.15  6430.9375  4.51261e-01  4.29372e-01  4.46546e-01  4.71546e-03
  -5995.60  6431.5625  4.72106e-01  5.15035e-01  4.64584e-01  7.52131e-03
  -5967.05  6432.1875  4.64869e-01  4.37009e-01  4.59048e-01  5.82081e-03
  -5938.50  6432.8125  4.41537e-01  4.91173e-01  4.36005e-01  5.53180e-03
  -5909.95  6433.4375  4.06620e-01  3.40002e-01  3.98236e-01  8.38327e-03
  -5881.40  6434.0625  4.09301e-01  4.46526e-01  3.99995e-01  9.30596e-03
  -5852.85  6434.6875  4.08495e-01  3.96456e-01  3.97272e-01  1.12230e-02
  -5824.30  6435.3125  4.06477e-01  4.01699e-01  3.92719e-01  1.37585e-02
  -5795.75  6435.9375  4.18679e-01  4.14988e-01  4.05910e-01  1.27682e-02
  -5767.19  6436.5625  4.31286e-01  4.43339e-01  4.18371e-01  1.29153e-02
  -5738.64  6437.1875  4.21887e-01  4.37516e-01  4.11971e-01  9.91671e-03
  -5710.09  6437.8125  4.06243e-01  3.69636e-01  3.99555e-01  6.68798e-03
  -5681.54  6438.4375  4.22808e-01  4.34397e-01  4.13710e-01  9.09811e-03
  -5652.99  6439.0625  4.49965e-01  4.42518e-01  4.39177e-01  1.07880e-02
  -5624.44  6439.6875  4.76923e-01  4.83547e-01  4.65607e-01  1.13163e-02
  -5595.89  6440.3125  4.92141e-01  5.02706e-01  4.80414e-01  1.17270e-02
  -5567.34  6440.9375  4.82256e-01  4.96388e-01  4.70674e-01  1.15818e-02
  -5538.79  6441.5625  4.69913e-01  4.30577e-01  4.58938e-01  1.09749e-02
  -5510.24  6442.1875  4.85212e-01  5.11135e-01  4.72689e-01  1.25237e-02
  -5481.68  6442.8125  4.84870e-01  4.92250e-01  4.68498e-01  1.63719e-02
  -5453.13  6443.4375  4.61517e-01  4.60265e-01  4.44526e-01  1.69915e-02
  -5424.58  6444.0625  4.42967e-01  4.28081e-01  4.24853e-01  1.81135e-02
  -5396.03  6444.6875  4.36872e-01  4.51051e-01  4.19616e-01  1.72557e-02
  -5367.48  6445.3125  4.30761e-01  4.13492e-01  4.12855e-01  1.79052e-02
  -5338.93  6445.9375  4.27664e-01  4.47551e-01  4.11049e-01  1.66151e-02
  -5310.38  6446.5625  4.12735e-01  4.06201e-01  3.94745e-01  1.79908e-02
  -5281.83  6447.1875  4.07765e-01  3.85635e-01  3.87624e-01  2.01414e-02
  -5253.28  6447.8125  4.23849e-01  4.44455e-01  4.00137e-01  2.37120e-02
  -5224.72  6448.4375  4.38713e-01  4.17083e-01  4.10022e-01  2.86914e-02
  -5196.17  6449.0625  4.59311e-01  4.76933e-01  4.31555e-01  2.77562e-02
  -5167.62  6449.6875  4.60195e-01  4.76820e-01  4.37856e-01  2.23384e-02
  -5139.07  6450.3125  4.54041e-01  4.10631e-01  4.31916e-01  2.21250e-02
  -5110.52  6450.9375  4.73613e-01  5.10366e-01  4.47877e-01  2.57360e-02
  -5081.97  6451.5625  4.84451e-01  4.60363e-01  4.56996e-01  2.74552e-02
  -5053.42  6452.1875  5.02744e-01  5.08156e-01  4.75390e-01  2.73537e-02
  -5024.87  6452.8125  5.15897e-01  5.33764e-01  4.88898e-01  2.69986e-02
  -4996.32  6453.4375  4.97213e-01  5.07880e-01  4.65988e-01  3.12257e-02
  -4967.77  6454.0625  4.69936e-01  4.42131e-01  4.32289e-01  3.76470e-02
  -4939.21  6454.6875  4.67417e-01  4.74401e-01  4.28692e-01  3.87257e-02
  -4910.66  6455.3125  4.58214e-01  4.85837e-01  4.23559e-01  3.46555e-02
  -4882.11  6455.9375  4.56609e-01  3.73888e-01  4.21307e-01  3.53021e-02
  -4853.56  6456.5625  5.01724e-01  5.77611e-01  4.63459e-01  3.82654e-02
  -4825.01  6457.1875  4.85041e-01  5.02411e-01  4.45323e-01  3.97181e-02
  -4796.46  6457.8125  4.17762e-01  3.93220e-01  3.79668e-01  3.80943e-02
  -4767.91  6458.4375  3.88574e-01  3.57572e-01  3.56091e-01  3.24837e-02
  -4739.36  6459.0625  4.08993e-01  4.19025e-01  3.78774e-01  3.02185e-02
  -4710.81  6459.6875  4.33491e-01  4.38305e-01  3.98392e-01  3.50989e-02
  -4682.26  6460.3125  4.58515e-01  4.36928e-01  4.16550e-01  4.19652e-02
  -4653.70  6460.9375  4.95734e-01  5.21599e-01  4.38326e-01  5.74074e-02
  -4625.15  6461.5625  5.50818e-01  4.81954e-01  4.30094e-01  1.20724e-01
  -4596.60  6462.1875  6.37200e-01  7.11612e-01  4.33201e-01  2.03999e-01
  -4568.05  6462.8125  6.57880e-01  6.71215e-01  4.27773e-01  2.30107e-01
  -4539.50  6463.4375  6.32665e-01  6.07853e-01  3.84289e-01  2.48376e-01
  -4510.95  6464.0625  6.26406e-01  6.33430e-01  3.59950e-01  2.66456e-01
  -4482.40  6464.6875  6.36645e-01  6.16300e-01  3.59284e-01  2.77361e-01
  -4453.85  6465.3125  6.45610e-01  6.86080e-01  3.52908e-01  2.92702e-01
  -4425.30  6465.9375  6.10119e-01  6.18243e-01  3.34459e-01  2.75660e-01
  -4396.74  6466.5625  5.82955e-01  5.09998e-01  3.08584e-01  2.74371e-01
  -4368.19  6467.1875  6.22738e-01  6.61647e-01  3.26738e-01  2.96000e-01
  -4339.64  6467.8125  6.42469e-01  6.61339e-01  3.23233e-01  3.19236e-01
  -4311.09  6468.4375  6.06622e-01  6.25418e-01  2.76708e-01  3.29914e-01
  -4282.54  6469.0625  5.72594e-01  5.04986e-01  2.26489e-01  3.46106e-01
  -4253.99  6469.6875  5.93997e-01  6.32116e-01  1.97630e-01  3.96368e-01
  -4225.44  6470.3125  6.06737e-01  6.02096e-01  1.86708e-01  4.20030e-01
  -4196.89  6470.9375  5.85396e-01  6.17588e-01  1.90123e-01  3.95274e-01
  -4168.34  6471.5625  5.25469e-01  5.20427e-01  1.89589e-01  3.35879e-01
  -4139.79  6472.1875  4.52087e-01  4.54341e-01  1.70899e-01  2.81188e-01
  -4111.23  6472.8125  3.89578e-01  3.72136e-01  1.27139e-01  2.62438e-01
  -4082.68  6473.4375  3.72054e-01  3.33376e-01  1.11128e-01  2.60926e-01
  -4054.13  6474.0625  4.01605e-01  4.24207e-01  1.27636e-01  2.73969e-01
  -4025.58  6474.6875  4.04277e-01  4.41644e-01  1.22232e-01  2.82046e-01
  -3997.03  6475.3125  3.78847e-01  3.20848e-01  9.84265e-02  2.80420e-01
  -3968.48  6475.9375  3.91285e-01  4.18477e-01  8.76564e-02  3.03628e-01
  -3939.93  6476.5625  4.09849e-01  3.96223e-01  7.85165e-02  3.31333e-01
  -3911.38  6477.1875  4.31251e-01  4.30504e-01  7.67726e-02  3.54478e-01
  -3882.83  6477.8125  4.38661e-01  4.76320e-01  8.08644e-02  3.57797e-01
  -3854.28  6478.4375  4.07977e-01  3.89343e-01  7.45921e-02  3.33385e-01
  -3825.72  6479.0625  3.79025e-01  3.80541e-01  7.80830e-02  3.00942e-01
  -3797.17  6479.6875  3.67508e-01  3.50195e-01  8.85938e-02  2.78914e-01
  -3768.62  6480.3125  3.59385e-01  3.92933e-01  9.68230e-02  2.62562e-01
  -3740.07  6480.9375  3.33646e-01  3.06220e-01  8.80956e-02  2.45550e-01
  -3711.52  6481.5625  3.26227e-01  3.23244e-01  6.91298e-02  2.57097e-01
  -3682.97  6482.1875  3.33636e-01  3.42162e-01  6.45458e-02  2.69090e-01
  -3654.42  6482.8125  3.40501e-01  3.26271e-01  6.67248e-02  2.73776e-01
  -3625.87  6483.4375  3.51065e-01  3.68187e-01  5.57630e-02  2.95302e-01
  -3597.32  6484.0625  3.52001e-01  3.44254e-01  5.69538e-02  2.95047e-01
  -3568.76  6484.6875  3.55028e-01  3.51193e-01  5.35562e-02  3.01472e-01
  -3540.21  6485.3125  3.55168e-01  3.75451e-01  4.95233e-02  3.05645e-01
  -3511.66  6485.9375  3.34493e-01  3.28608e-01  5.56764e-02  2.78817e-01
  -3483.11  6486.5625  3.11739e-01  3.08623e-01  5.57582e-02  2.55981e-01
  -3454.56  6487.1875  3.05641e-01  2.91619e-01  4.56846e-02  2.59957e-01
  -3426.01  6487.8125  3.36407e-01  3.06951e-01  4.67227e-02  2.89684e-01
  -3397.46  6488.4375  3.79692e-01  4.37707e-01  6.88224e-02  3.10869e-01
  -3368.91  6489.0625  3.62149e-01  3.66316e-01  8.30609e-02  2.79088e-01
  -3340.36  6489.6875  3.21035e-01  2.94690e-01  7.72890e-02  2.43746e-01
  -3311.81  6490.3125  3.14195e-01  3.06942e-01  7.31174e-02  2.41078e-01
  -3283.25  6490.9375  3.19133e-01  3.43301e-01  6.36068e-02  2.55526e-01
  -3254.70  6491.5625  3.12009e-01  2.87646e-01  5.91248e-02  2.52885e-01
  -3226.15  6492.1875  3.25453e-01  3.20843e-01  5.60516e-02  2.69401e-01
  -3197.60  6492.8125  3.55944e-01  3.62366e-01  5.11809e-02  3.04763e-01
  -3169.05  6493.4375  3.93027e-01  3.71532e-01  6.00117e-02  3.33016e-01
  -3140.50  6494.0625  4.28770e-01  4.73658e-01  6.21987e-02  3.66571e-01
  -3111.95  6494.6875  4.33395e-01  4.04899e-01  4.62567e-02  3.87138e-01
  -3083.40  6495.3125  4.27158e-01  4.65748e-01  3.61164e-02  3.91041e-01
  -3054.85  6495.9375  4.03589e-01  3.72389e-01  2.50001e-02  3.78589e-01
  -3026.30  6496.5625  3.89171e-01  4.05932e-01  2.27492e-02  3.66422e-01
  -2997.74  6497.1875  3.71833e-01  3.69233e-01  3.82484e-02  3.33585e-01
  -2969.19  6497.8125  3.54106e-01  3.45756e-01  6.43288e-02  2.89777e-01
  -2940.64  6498.4375  3.49859e-01  3.46591e-01  6.37918e-02  2.86067e-01
  -2912.09  6499.0625  3.46403e-01  3.62821e-01  4.93111e-02  2.97092e-01
  -2883.54  6499.6875  3.41303e-01  3.08366e-01  3.82342e-02  3.03069e-01
  -2854.99  6500.3125  3.37793e-01  3.94476e-01  3.34578e-02  3.04335e-01
  -2826.44  6500.9375  3.11287e-01  2.54837e-01  2.80401e-02  2.83247e-01
  -2797.89  6501.5625  3.08398e-01  3.39500e-01  2.20789e-02  2.86319e-01
  -2769.34  6502.1875  3.04285e-01  2.91109e-01  1.51506e-02  2.89135e-01
  -2740.78  6502.8125  2.99837e-01  3.01476e-01  9.48661e-03  2.90350e-01
  -2712.23  6503.4375  2.99622e-01  3.00148e-01  1.03065e-02  2.89316e-01
  -2683.68  6504.0625  2.98232e-01  2.99784e-01  1.83517e-02  2.79880e-01
  -2655.13  6504.6875  3.11416e-01  2.82593e-01  2.46588e-02  2.86757e-01
  -2626.58  6505.3125  3.52527e-01  3.67371e-01  3.60252e-02  3.16502e-01
  -2598.03  6505.9375  3.79920e-01  3.98453e-01  3.77416e-02  3.42178e-01
  -2569.48  6506.5625  3.75357e-01  3.75860e-01  2.20940e-02  3.53263e-01
  -2540.93  6507.1875  3.78298e-01  3.43964e-01  1.75788e-02  3.60719e-01
  -2512.38  6507.8125  4.14356e-01  4.37111e-01  2.80558e-02  3.86301e-01
  -2483.83  6508.4375  4.74175e-01  4.16801e-01  2.98486e-02  4.44326e-01
  -2455.27  6509.0625  5.67825e-01  6.16535e-01  3.95395e-02  5.28285e-01
  -2426.72  6509.6875  6.19947e-01  6.36472e-01  5.34975e-02  5.66450e-01
  -2398.17  6510.3125  6.13705e-01  6.28229e-01  5.20437e-02  5.61662e-01
  -2369.62  6510.9375  5.82781e-01  5.74606e-01  3.38598e-02  5.48921e-01
  -2341.07  6511.5625  5.76931e-01  5.35278e-01  1.94786e-02  5.57452e-01
  -2312.52  6512.1875  5.98836e-01  6.54437e-01  2.15666e-02  5.77270e-01
  -2283.97  6512.8125  5.96743e-01  5.55318e-01  3.00504e-02  5.66692e-01
  -2255.42  6513.4375  6.07644e-01  6.23330e-01  3.12416e-02  5.76403e-01
  -2226.87  6514.0625  6.15144e-01  6.25438e-01  3.03883e-02  5.84756e-01
  -2198.32  6514.6875  6.12281e-01  5.94458e-01  1.82504e-02  5.94030e-01
  -2169.76  6515.3125  6.36299e-01  6.18731e-01  2.47759e-02  6.11523e-01
  -2141.21  6515.9375  6.79397e-01  7.02956e-01  4.94470e-02  6.29950e-01
  -2112.66  6516.5625  6.92431e-01  7.09751e-01  6.27971e-02  6.29634e-01
  -2084.11  6517.1875  6.78341e-01  6.60624e-01  6.45218e-02  6.13819e-01
  -2055.56  6517.8125  6.60638e-01  6.88761e-01  4.69428e-02  6.13695e-01
  -2027.01  6518.4375  6.36163e-01  6.02103e-01  3.92622e-02  5.96901e-01
  -1998.46  6519.0625  6.37657e-01  6.42431e-01  4.28392e-02  5.94818e-01
  -1969.91  6519.6875  6.50752e-01  6.54287e-01  3.58065e-02  6.14945e-01
  -1941.36  6520.3125  6.65369e-01  6.52524e-01  2.96100e-02  6.35759e-01
  -1912.80  6520.9375  6.95823e-01  6.92368e-01  3.12838e-02  6.64539e-01
  -1884.25  6521.5625  7.20810e-01  7.51195e-01  4.23262e-02  6.78484e-01
  -1855.70  6522.1875  7.20299e-01  6.99692e-01  5.53657e-02  6.64933e-01
  -1827.15  6522.8125  7.29809e-01  7.28424e-01  5.55536e-02  6.74255e-01
  -1798.60  6523.4375  7.54704e-01  7.52447e-01  4.49994e-02  7.09705e-01
  -1770.05  6524.0625  7.94991e-01  7.76174e-01  4.55021e-02  7.49489e-01
  -1741.50  6524.6875  8.53377e-01  8.69439e-01  5.30285e-02  8.00348e-01
  -1712.95  6525.3125  9.25680e-01  8.85036e-01  6.29200e-02  8.62760e-01
  -1684.40  6525.9375  1.02512e+00  1.05259e+00  6.19447e-02  9.63176e-01
  -1655.85  6526.5625  1.08872e+00  1.12799e+00  4.59626e-02  1.04276e+00
  -1627.29  6527.1875  1.09712e+00  1.07789e+00  3.88555e-02  1.05826e+00
  -1598.74  6527.8125  1.12374e+00  1.09576e+00  3.75263e-02  1.08622e+00
  -1570.19  6528.4375  1.20490e+00  1.19343e+00  4.64739e-02  1.15842e+00
  -1541.64  6529.0625  1.30723e+00  1.32162e+00  6.85116e-02  1.23872e+00
  -1513.09  6529.6875  1.34519e+00  1.43616e+00  8.18880e-02  1.26331e+00
  -1484.54  6530.3125  1.29262e+00  1.22586e+00  8.33859e-02  1.20923e+00
  -1455.99  6530.9375  1.25249e+00  1.28811e+00  6.04699e-02  1.19202e+00
  -1427.44  6531.5625  1.21673e+00  1.19484e+00  3.79126e-02  1.17881e+00
  -1398.89  6532.1875  1.21038e+00  1.17838e+00  3.35004e-02  1.17688e+00
  -1370.34  6532.8125  1.25714e+00  1.25799e+00  4.42973e-02  1.21284e+00
  -1341.78  6533.4375  1.30458e+00  1.33623e+00  6.47727e-02  1.23981e+00
  -1313.23  6534.0625  1.32506e+00  1.30041e+00  7.81499e-02  1.24691e+00
  -1284.68  6534.6875  1.35569e+00  1.36066e+00  7.58460e-02  1.27984e+00
  -1256.13  6535.3125  1.38808e+00  1.39889e+00  6.93469e-02  1.31873e+00
  -1227.58  6535.9375  1.41939e+00  1.39112e+00  6.85465e-02  1.35085e+00
  -1199.03  6536.5625  1.45278e+00  1.50188e+00  7.31646e-02  1.37961e+00
  -1170.48  6537.1875  1.45550e+00  1.42626e+00  7.36693e-02  1.38183e+00
  -1141.93  6537.8125  1.47175e+00  1.46414e+00  9.24087e-02  1.37935e+00
  -1113.38  6538.4375  1.49326e+00  1.52992e+00  1.20469e-01  1.37279e+00
  -1084.83  6539.0625  1.49757e+00  1.45657e+00  1.23162e-01  1.37441e+00
  -1056.27  6539.6875  1.55164e+00  1.51975e+00  1.24584e-01  1.42705e+00
  -1027.72  6540.3125  1.63463e+00  1.69975e+00  1.34169e-01  1.50046e+00
   -999.17  6540.9375  1.69483e+00  1.62470e+00  1.24656e-01  1.57017e+00
   -970.62  6541.5625  1.82397e+00  1.79962e+00  1.26031e-01  1.69794e+00
   -942.07  6542.1875  2.00999e+00  2.03663e+00  1.26830e-01  1.88316e+00
   -913.52  6542.8125  2.17402e+00  2.17546e+00  1.37461e-01  2.03656e+00
   -884.97  6543.4375  2.27593e+00  2.35443e+00  1.63243e-01  2.11269e+00
   -856.42  6544.0625  2.32274e+00  2.23446e+00  1.38971e-01  2.18377e+00
   -827.87  6544.6875  2.40471e+00  2.46593e+00  1.19287e-01  2.28542e+00
   -799.31  6545.3125  2.48521e+00  2.42983e+00  1.58534e-01  2.32668e+00
   -770.76  6545.9375  2.53210e+00  2.65953e+00  2.17074e-01  2.31502e+00
   -742.21  6546.5625  2.50678e+00  2.39208e+00  2.09451e-01  2.29733e+00
   -713.66  6547.1875  2.50603e+00  2.59752e+00  1.89078e-01  2.31695e+00
   -685.11  6547.8125  2.49100e+00  2.41967e+00  1.59666e-01  2.33134e+00
   -656.56  6548.4375  2.50924e+00  2.52965e+00  1.46916e-01  2.36233e+00
   -628.01  6549.0625  2.57244e+00  2.51620e+00  1.64364e-01  2.40808e+00
   -599.46  6549.6875  2.66606e+00  2.72524e+00  1.93253e-01  2.47281e+00
   -570.91  6550.3125  2.73643e+00  2.70026e+00  2.32555e-01  2.50387e+00
   -542.36  6550.9375  2.82578e+00  2.81447e+00  2.59262e-01  2.56651e+00
   -513.80  6551.5625  2.91921e+00  2.97642e+00  2.66695e-01  2.65252e+00
   -485.25  6552.1875  3.01388e+00  2.89789e+00  2.55250e-01  2.75863e+00
   -456.70  6552.8125  3.20527e+00  3.24014e+00  2.44248e-01  2.96102e+00
   -428.15  6553.4375  3.37144e+00  3.44962e+00  2.67982e-01  3.10346e+00
   -399.60  6554.0625  3.42473e+00  3.41307e+00  2.70370e-01  3.15436e+00
   -371.05  6554.6875  3.47511e+00  3.42388e+00  2.95509e-01  3.17960e+00
   -342.50  6555.3125  3.60633e+00  3.60894e+00  3.68208e-01  3.23812e+00
   -313.95  6555.9375  3.91830e+00  3.64989e+00  4.37366e-01  3.48094e+00
   -285.40  6556.5625  4.34575e+00  4.71094e+00  4.64098e-01  3.88165e+00
   -256.85  6557.1875  4.05628e+00  4.70871e+00  3.91706e-01  3.66457e+00
   -228.29  6557.8125  2.84353e+00  2.64220e+00  2.67280e-01  2.57625e+00
   -199.74  6558.4375  2.19541e+00  1.02074e+00  2.79794e-01  1.91561e+00
   -171.19  6559.0625  3.04084e+00  3.32220e+00  4.88443e-01  2.55240e+00
   -142.64  6559.6875  4.11245e+00  4.30166e+00  6.76995e-01  3.43545e+00
   -114.09  6560.3125  4.76018e+00  4.84979e+00  7.77699e-01  3.98248e+00
    -85.54  6560.9375  5.69525e+00  4.97368e+00  9.34381e-01  4.76087e+00
    -56.99  6561.5625  9.27876e+00  6.36287e+00  1.50573e+00  7.77303e+00
    -28.44  6562.1875  1.65473e+01  1.74766e+01  2.60571e+00  1.39416e+01
      0.11  6562.8125  2.28525e+01  2.53294e+01  3.48267e+00  1.93699e+01
     28.67  6563.4375  2.50872e+01  2.55301e+01  3.60951e+00  2.14776e+01
     57.22  6564.0625  2.47093e+01  2.54795e+01  3.52863e+00  2.11807e+01
     85.77  6564.6875  2.26754e+01  2.31340e+01  3.15191e+00  1.95234e+01
    114.32  6565.3125  1.95197e+01  1.96015e+01  2.62936e+00  1.68903e+01
    142.87  6565.9375  1.62592e+01  1.57534e+01  2.25663e+00  1.40025e+01
    171.42  6566.5625  1.36372e+01  1.36125e+01  1.98955e+00  1.16476e+01
    199.97  6567.1875  1.15721e+01  1.12187e+01  1.79422e+00  9.77789e+00
    228.52  6567.8125  1.00969e+01  9.95608e+00  1.58546e+00  8.51140e+00
    257.07  6568.4375  9.04264e+00  9.00800e+00  1.44890e+00  7.59373e+00
    285.62  6569.0625  8.10507e+00  8.15648e+00  1.34136e+00  6.76370e+00
    314.18  6569.6875  7.21887e+00  7.06540e+00  1.22762e+00  5.99125e+00
    342.73  6570.3125  6.55219e+00  6.48125e+00  1.17234e+00  5.37986e+00
    371.28  6570.9375  6.10440e+00  6.04723e+00  1.09499e+00  5.00941e+00
    399.83  6571.5625  5.75588e+00  5.80503e+00  9.89368e-01  4.76651e+00
    428.38  6572.1875  5.45966e+00  5.32088e+00  9.64698e-01  4.49496e+00
    456.93  6572.8125  5.26840e+00  5.35619e+00  1.07518e+00  4.19323e+00
    485.48  6573.4375  5.05751e+00  5.02893e+00  1.08239e+00  3.97512e+00
    514.03  6574.0625  4.79905e+00  4.86447e+00  1.01749e+00  3.78157e+00
    542.58  6574.6875  4.51536e+00  4.43475e+00  9.44237e-01  3.57112e+00
    571.13  6575.3125  4.27710e+00  4.31273e+00  8.96325e-01  3.38078e+00
    599.69  6575.9375  4.00621e+00  4.06286e+00  8.40359e-01  3.16585e+00
    628.24  6576.5625  3.69708e+00  3.60993e+00  7.34130e-01  2.96295e+00
    656.79  6577.1875  3.52759e+00  3.42726e+00  6.86996e-01  2.84059e+00
    685.34  6577.8125  3.50391e+00  3.56549e+00  7.33655e-01  2.77026e+00
    713.89  6578.4375  3.43500e+00  3.48573e+00  7.74828e-01  2.66018e+00
    742.44  6579.0625  3.33131e+00  3.21532e+00  7.94811e-01  2.53650e+00
    770.99  6579.6875  3.29981e+00  3.38814e+00  8.02031e-01  2.49778e+00
    799.54  6580.3125  3.28210e+00  3.17046e+00  7.76222e-01  2.50588e+00
    828.09  6580.9375  3.28159e+00  3.42460e+00  7.77406e-01  2.50418e+00
    856.65  6581.5625  3.23252e+00  3.09683e+00  7.98444e-01  2.43408e+00
    885.20  6582.1875  3.19836e+00  3.33806e+00  8.44436e-01  2.35392e+00
    913.75  6582.8125  3.08438e+00  3.03692e+00  7.99478e-01  2.28490e+00
    942.30  6583.4375  2.96380e+00  2.94873e+00  7.35348e-01  2.22845e+00
    970.85  6584.0625  2.90365e+00  2.87548e+00  7.03241e-01  2.20040e+00
    999.40  6584.6875  2.87949e+00  2.90156e+00  7.23617e-01  2.15587e+00
   1027.95  6585.3125  2.85301e+00  2.83342e+00  7.32382e-01  2.12062e+00
   1056.50  6585.9375  2.80668e+00  2.86754e+00  7.16349e-01  2.09033e+00
   1085.05  6586.5625  2.74655e+00  2.64750e+00  7.11671e-01  2.03488e+00
   1113.60  6587.1875  2.71627e+00  2.82888e+00  7.14814e-01  2.00145e+00
   1142.16  6587.8125  2.63864e+00  2.56708e+00  7.00386e-01  1.93826e+00
   1170.71  6588.4375  2.61380e+00  2.57319e+00  7.01439e-01  1.91236e+00
   1199.26  6589.0625  2.63839e+00  2.71188e+00  7.28161e-01  1.91023e+00
   1227.81  6589.6875  2.60073e+00  2.58941e+00  7.05224e-01  1.89551e+00
   1256.36  6590.3125  2.56737e+00  2.51295e+00  6.85470e-01  1.88190e+00
   1284.91  6590.9375  2.60071e+00  2.61549e+00  7.08572e-01  1.89214e+00
   1313.46  6591.5625  2.62294e+00  2.66488e+00  7.45210e-01  1.87773e+00
   1342.01  6592.1875  2.58913e+00  2.57573e+00  7.55464e-01  1.83366e+00
   1370.56  6592.8125  2.53043e+00  2.55870e+00  7.63199e-01  1.76724e+00
   1399.11  6593.4375  2.45305e+00  2.43595e+00  7.31282e-01  1.72177e+00
   1427.67  6594.0625  2.41046e+00  2.35911e+00  7.03682e-01  1.70678e+00
   1456.22  6594.6875  2.40387e+00  2.47767e+00  6.71602e-01  1.73227e+00
   1484.77  6595.3125  2.37854e+00  2.29617e+00  6.27371e-01  1.75117e+00
   1513.32  6595.9375  2.38273e+00  2.44426e+00  6.23898e-01  1.75884e+00
   1541.87  6596.5625  2.35418e+00  2.35164e+00  6.24235e-01  1.72995e+00
   1570.42  6597.1875  2.30395e+00  2.29042e+00  6.20025e-01  1.68392e+00
   1598.97  6597.8125  2.28774e+00  2.25579e+00  6.50734e-01  1.63701e+00
   1627.52  6598.4375  2.27614e+00  2.35693e+00  6.76800e-01  1.59934e+00
   1656.07  6599.0625  2.22319e+00  2.14548e+00  6.43675e-01  1.57952e+00
   1684.63  6599.6875  2.21751e+00  2.23163e+00  6.24135e-01  1.59337e+00
   1713.18  6600.3125  2.23895e+00  2.23608e+00  6.23629e-01  1.61532e+00
   1741.73  6600.9375  2.25358e+00  2.26129e+00  6.39287e-01  1.61430e+00
   1770.28  6601.5625  2.25374e+00  2.25984e+00  6.70116e-01  1.58362e+00
   1798.83  6602.1875  2.21582e+00  2.26094e+00  6.96231e-01  1.51959e+00
   1827.38  6602.8125  2.15190e+00  2.08938e+00  6.73186e-01  1.47872e+00
   1855.93  6603.4375  2.14587e+00  2.14057e+00  6.54687e-01  1.49118e+00
   1884.48  6604.0625  2.16271e+00  2.19877e+00  6.42443e-01  1.52027e+00
   1913.03  6604.6875  2.15551e+00  2.12190e+00  6.13666e-01  1.54184e+00
   1941.58  6605.3125  2.14674e+00  2.19179e+00  6.16922e-01  1.52982e+00
   1970.14  6605.9375  2.14242e+00  2.06297e+00  6.43239e-01  1.49919e+00
   1998.69  6606.5625  2.16731e+00  2.25314e+00  6.69570e-01  1.49774e+00
   2027.24  6607.1875  2.14791e+00  2.10713e+00  6.50094e-01  1.49782e+00
   2055.79  6607.8125  2.11346e+00  2.14742e+00  6.37957e-01  1.47550e+00
   2084.34  6608.4375  2.06793e+00  2.04913e+00  6.14011e-01  1.45392e+00
   2112.89  6609.0625  2.04500e+00  2.01538e+00  6.10176e-01  1.43483e+00
   2141.44  6609.6875  2.04638e+00  2.08862e+00  6.34454e-01  1.41192e+00
   2169.99  6610.3125  2.01577e+00  2.00793e+00  6.14873e-01  1.40089e+00
   2198.54  6610.9375  1.98879e+00  1.95884e+00  5.92377e-01  1.39641e+00
   2227.09  6611.5625  2.00005e+00  2.00857e+00  6.30783e-01  1.36927e+00
   2255.65  6612.1875  2.01819e+00  2.01735e+00  6.77678e-01  1.34052e+00
   2284.20  6612.8125  2.01895e+00  2.04294e+00  6.81363e-01  1.33758e+00
   2312.75  6613.4375  1.99135e+00  1.98445e+00  6.34652e-01  1.35670e+00
   2341.30  6614.0625  1.94621e+00  1.96679e+00  5.77436e-01  1.36878e+00
   2369.85  6614.6875  1.88878e+00  1.87457e+00  5.54396e-01  1.33439e+00
   2398.40  6615.3125  1.88820e+00  1.79923e+00  5.72305e-01  1.31590e+00
   2426.95  6615.9375  1.94399e+00  2.06222e+00  6.15671e-01  1.32832e+00
   2455.50  6616.5625  1.92597e+00  1.87970e+00  6.48117e-01  1.27785e+00
   2484.05  6617.1875  1.92257e+00  1.88274e+00  6.90358e-01  1.23221e+00
   2512.61  6617.8125  1.95156e+00  2.02561e+00  7.06851e-01  1.24471e+00
   2541.16  6618.4375  1.91184e+00  1.90663e+00  6.78223e-01  1.23361e+00
   2569.71  6619.0625  1.85462e+00  1.82273e+00  6.34490e-01  1.22013e+00
   2598.26  6619.6875  1.83742e+00  1.84074e+00  6.13897e-01  1.22352e+00
   2626.81  6620.3125  1.81650e+00  1.85099e+00  6.17966e-01  1.19854e+00
   2655.36  6620.9375  1.78574e+00  1.72465e+00  6.30326e-01  1.15542e+00
   2683.91  6621.5625  1.81759e+00  1.81383e+00  6.46760e-01  1.17083e+00
   2712.46  6622.1875  1.88058e+00  1.89140e+00  6.88479e-01  1.19211e+00
   2741.01  6622.8125  1.87597e+00  1.97393e+00  7.03033e-01  1.17294e+00
   2769.56  6623.4375  1.77394e+00  1.71053e+00  6.38895e-01  1.13505e+00
   2798.12  6624.0625  1.72273e+00  1.67890e+00  5.87879e-01  1.13485e+00
   2826.67  6624.6875  1.74729e+00  1.77297e+00  6.02122e-01  1.14517e+00
   2855.22  6625.3125  1.72692e+00  1.79724e+00  6.25203e-01  1.10172e+00
   2883.77  6625.9375  1.65453e+00  1.55954e+00  5.81066e-01  1.07347e+00
   2912.32  6626.5625  1.64046e+00  1.68356e+00  5.71892e-01  1.06857e+00
   2940.87  6627.1875  1.64524e+00  1.60898e+00  5.90875e-01  1.05437e+00
   2969.42  6627.8125  1.65322e+00  1.68804e+00  6.07308e-01  1.04591e+00
   2997.97  6628.4375  1.61786e+00  1.64944e+00  5.68976e-01  1.04888e+00
   3026.52  6629.0625  1.55235e+00  1.49694e+00  5.44922e-01  1.00743e+00
   3055.07  6629.6875  1.51359e+00  1.56237e+00  5.45090e-01  9.68505e-01
   3083.63  6630.3125  1.49001e+00  1.40856e+00  5.33012e-01  9.56994e-01
   3112.18  6630.9375  1.51098e+00  1.56969e+00  5.71985e-01  9.38995e-01
   3140.73  6631.5625  1.49129e+00  1.51137e+00  5.84410e-01  9.06879e-01
   3169.28  6632.1875  1.44981e+00  1.38525e+00  5.54904e-01  8.94903e-01
   3197.83  6632.8125  1.45600e+00  1.49573e+00  5.51006e-01  9.04998e-01
   3226.38  6633.4375  1.45047e+00  1.44975e+00  5.45131e-01  9.05335e-01
   3254.93  6634.0625  1.45837e+00  1.39678e+00  5.40621e-01  9.17748e-01
   3283.48  6634.6875  1.49558e+00  1.58307e+00  5.78334e-01  9.17248e-01
   3312.03  6635.3125  1.47544e+00  1.43918e+00  5.81400e-01  8.94042e-01
   3340.58  6635.9375  1.45188e+00  1.45336e+00  5.66096e-01  8.85785e-01
   3369.14  6636.5625  1.45006e+00  1.44321e+00  5.73390e-01  8.76675e-01
   3397.69  6637.1875  1.46252e+00  1.45132e+00  5.96113e-01  8.66405e-01
   3426.24  6637.8125  1.45508e+00  1.52038e+00  5.77328e-01  8.77755e-01
   3454.79  6638.4375  1.38776e+00  1.35856e+00  5.38460e-01  8.49299e-01
   3483.34  6639.0625  1.36043e+00  1.28871e+00  5.52862e-01  8.07568e-01
   3511.89  6639.6875  1.38728e+00  1.48395e+00  5.92021e-01  7.95255e-01
   3540.44  6640.3125  1.35760e+00  1.31122e+00  5.85866e-01  7.71739e-01
   3568.99  6640.9375  1.33097e+00  1.33624e+00  5.68488e-01  7.62483e-01
   3597.54  6641.5625  1.33126e+00  1.31286e+00  5.56412e-01  7.74850e-01
   3626.10  6642.1875  1.31984e+00  1.38040e+00  5.52871e-01  7.66967e-01
   3654.65  6642.8125  1.27503e+00  1.21468e+00  5.21005e-01  7.54026e-01
   3683.20  6643.4375  1.27613e+00  1.27522e+00  5.28254e-01  7.47880e-01
   3711.75  6644.0625  1.32152e+00  1.30116e+00  5.93052e-01  7.28471e-01
   3740.30  6644.6875  1.32923e+00  1.44493e+00  6.04131e-01  7.25102e-01
   3768.85  6645.3125  1.24627e+00  1.16181e+00  5.39925e-01  7.06347e-01
   3797.40  6645.9375  1.21107e+00  1.20307e+00  5.20837e-01  6.90230e-01
   3825.95  6646.5625  1.22814e+00  1.23784e+00  5.26049e-01  7.02096e-01
   3854.50  6647.1875  1.23821e+00  1.23983e+00  5.34922e-01  7.03291e-01
   3883.05  6647.8125  1.22202e+00  1.25154e+00  5.34239e-01  6.87785e-01
   3911.61  6648.4375  1.16392e+00  1.16988e+00  5.03491e-01  6.60425e-01
   3940.16  6649.0625  1.12350e+00  1.05053e+00  5.02112e-01  6.21388e-01
   3968.71  6649.6875  1.16257e+00  1.18421e+00  5.50381e-01  6.12190e-01
   3997.26  6650.3125  1.20770e+00  1.21933e+00  5.71543e-01  6.36160e-01
   4025.81  6650.9375  1.19051e+00  1.25311e+00  5.45038e-01  6.45468e-01
   4054.36  6651.5625  1.11751e+00  1.05791e+00  4.90763e-01  6.26749e-01
   4082.91  6652.1875  1.07774e+00  1.09174e+00  4.62719e-01  6.15022e-01
   4111.46  6652.8125  1.06326e+00  1.04803e+00  4.59722e-01  6.03542e-01
   4140.01  6653.4375  1.07140e+00  1.05565e+00  4.86776e-01  5.84622e-01
   4168.56  6654.0625  1.09600e+00  1.11977e+00  5.10261e-01  5.85743e-01
   4197.12  6654.6875  1.11775e+00  1.08386e+00  5.23076e-01  5.94678e-01
   4225.67  6655.3125  1.13774e+00  1.19264e+00  5.46196e-01  5.91539e-01
   4254.22  6655.9375  1.11105e+00  1.10128e+00  5.17375e-01  5.93680e-01
   4282.77  6656.5625  1.07881e+00  1.05358e+00  4.84893e-01  5.93916e-01
   4311.32  6657.1875  1.05468e+00  1.10592e+00  4.77135e-01  5.77547e-01
   4339.87  6657.8125  1.00757e+00  9.60361e-01  4.47185e-01  5.60385e-01
   4368.42  6658.4375  1.01118e+00  9.80736e-01  4.40770e-01  5.70406e-01
   4396.97  6659.0625  1.07302e+00  1.08801e+00  4.86219e-01  5.86796e-01
   4425.52  6659.6875  1.12510e+00  1.13756e+00  5.39364e-01  5.85741e-01
   4454.08  6660.3125  1.11110e+00  1.18037e+00  5.36908e-01  5.74191e-01
   4482.63  6660.9375  1.01793e+00  9.87192e-01  4.70993e-01  5.46933e-01
   4511.18  6661.5625  9.71815e-01  8.89490e-01  4.30501e-01  5.41314e-01
   4539.73  6662.1875  1.02264e+00  1.07059e+00  4.65329e-01  5.57310e-01
   4568.28  6662.8125  1.05315e+00  1.06424e+00  4.99589e-01  5.53562e-01
   4596.83  6663.4375  1.03216e+00  1.05072e+00  5.13417e-01  5.18739e-01
   4625.38  6664.0625  9.98471e-01  9.64736e-01  4.94198e-01  5.04273e-01
   4653.93  6664.6875  9.97363e-01  9.97231e-01  4.75816e-01  5.21547e-01
   4682.48  6665.3125  9.98909e-01  1.02911e+00  4.73313e-01  5.25596e-01
   4711.03  6665.9375  9.80686e-01  9.50348e-01  4.68744e-01  5.11941e-01
   4739.59  6666.5625  9.97385e-01  9.72963e-01  4.92972e-01  5.04413e-01
   4768.14  6667.1875  1.02858e+00  1.08864e+00  5.26296e-01  5.02279e-01
   4796.69  6667.8125  1.01208e+00  9.84523e-01  5.12124e-01  4.99956e-01
   4825.24  6668.4375  9.93813e-01  9.97697e-01  5.12172e-01  4.81641e-01
   4853.79  6669.0625  9.78746e-01  9.91025e-01  4.95829e-01  4.82917e-01
   4882.34  6669.6875  9.66165e-01  9.32520e-01  4.69327e-01  4.96839e-01
   4910.89  6670.3125  9.86257e-01  9.93337e-01  4.81150e-01  5.05107e-01
   4939.44  6670.9375  1.01110e+00  1.02058e+00  5.21929e-01  4.89168e-01
   4967.99  6671.5625  1.01701e+00  1.02095e+00  5.42535e-01  4.74474e-01
   4996.54  6672.1875  1.00250e+00  1.02028e+00  5.32432e-01  4.70065e-01
   5025.10  6672.8125  9.90205e-01  9.40800e-01  5.26768e-01  4.63437e-01
   5053.65  6673.4375  1.00739e+00  1.04934e+00  5.35934e-01  4.71455e-01
   5082.20  6674.0625  9.99468e-01  9.99715e-01  5.39840e-01  4.59629e-01
   5110.75  6674.6875  9.93837e-01  9.47180e-01  5.51121e-01  4.42716e-01
   5139.30  6675.3125  1.01312e+00  1.07162e+00  5.46483e-01  4.66640e-01
   5167.85  6675.9375  9.80771e-01  9.86046e-01  4.96875e-01  4.83896e-01
   5196.40  6676.5625  9.33592e-01  8.92363e-01  4.69282e-01  4.64310e-01
   5224.95  6677.1875  9.53544e-01  9.21334e-01  5.05397e-01  4.48147e-01
   5253.50  6677.8125  1.00139e+00  1.06927e+00  5.62804e-01  4.38585e-01
   5282.06  6678.4375  9.98354e-01  9.65990e-01  5.66931e-01  4.31422e-01
   5310.61  6679.0625  9.83640e-01  1.00782e+00  5.51063e-01  4.32577e-01
   5339.16  6679.6875  9.56555e-01  9.53711e-01  5.20624e-01  4.35931e-01
   5367.71  6680.3125  9.36146e-01  9.10142e-01  4.97566e-01  4.38580e-01
   5396.26  6680.9375  9.55227e-01  9.43858e-01  5.01628e-01  4.53599e-01
   5424.81  6681.5625  9.56679e-01  1.04234e+00  5.07548e-01  4.49130e-01
   5453.36  6682.1875  9.08867e-01  8.11692e-01  4.87359e-01  4.21508e-01
   5481.91  6682.8125  9.11090e-01  9.58757e-01  5.04193e-01  4.06897e-01
   5510.46  6683.4375  9.22291e-01  8.94744e-01  5.07801e-01  4.14490e-01
   5539.01  6684.0625  9.37727e-01  9.48085e-01  5.21543e-01  4.16184e-01
   5567.57  6684.6875  9.42350e-01  9.62281e-01  5.26045e-01  4.16305e-01
   5596.12  6685.3125  9.18444e-01  9.13156e-01  5.03659e-01  4.14786e-01
   5624.67  6685.9375  8.92892e-01  8.87426e-01  4.86411e-01  4.06481e-01
   5653.22  6686.5625  8.86947e-01  8.71485e-01  4.85641e-01  4.01306e-01
   5681.77  6687.1875  9.07586e-01  9.00833e-01  5.12029e-01  3.95557e-01
   5710.32  6687.8125  9.16845e-01  9.67427e-01  5.14072e-01  4.02773e-01
   5738.87  6688.4375  8.80988e-01  8.54178e-01  4.57933e-01  4.23055e-01
   5767.42  6689.0625  8.75899e-01  8.31192e-01  4.42991e-01  4.32908e-01
   5795.97  6689.6875  9.15262e-01  9.65229e-01  4.97549e-01  4.17713e-01
   5824.52  6690.3125  9.21109e-01  9.10122e-01  5.27685e-01  3.93424e-01
   5853.08  6690.9375  8.88568e-01  9.32396e-01  5.16042e-01  3.72526e-01
   5881.63  6691.5625  8.46668e-01  7.71968e-01  4.89545e-01  3.57123e-01
   5910.18  6692.1875  8.55126e-01  8.92165e-01  4.77145e-01  3.77981e-01
   5938.73  6692.8125  8.48102e-01  8.67623e-01  4.54063e-01  3.94039e-01
   5967.28  6693.4375  8.30078e-01  7.71452e-01  4.53418e-01  3.76660e-01
   5995.83  6694.0625  8.66350e-01  8.83746e-01  5.02844e-01  3.63506e-01
   6024.38  6694.6875  9.06674e-01  9.16580e-01  5.29158e-01  3.77516e-01
   6052.93  6695.3125  8.95175e-01  9.46790e-01  5.00915e-01  3.94260e-01
   6081.48  6695.9375  8.33428e-01  7.91591e-01  4.41675e-01  3.91753e-01
   6110.04  6696.5625  7.97615e-01  7.96395e-01  4.13839e-01  3.83776e-01
   6138.59  6697.1875  8.03039e-01  7.75629e-01  4.18347e-01  3.84692e-01
   6167.14  6697.8125  8.36177e-01  8.56819e-01  4.58997e-01  3.77180e-01
   6195.69  6698.4375  8.80096e-01  8.40335e-01  5.10485e-01  3.69612e-01
   6224.24  6699.0625  9.20945e-01  9.94259e-01  5.52090e-01  3.68855e-01
   6252.79  6699.6875  8.88496e-01  8.87732e-01  5.35537e-01  3.52959e-01
   6281.34  6700.3125  8.25748e-01  8.05177e-01  4.89958e-01  3.35790e-01
   6309.89  6700.9375  7.79008e-01  7.96529e-01  4.63395e-01  3.15614e-01
   6338.44  6701.5625  7.42593e-01  7.07226e-01  4.35793e-01  3.06800e-01
   6366.99  6702.1875  7.38301e-01  7.48779e-01  4.25020e-01  3.13281e-01
   6395.55  6702.8125  7.61600e-01  7.25418e-01  4.44258e-01  3.17342e-01
   6424.10  6703.4375  8.03308e-01  8.42887e-01  4.75260e-01  3.28048e-01
   6452.65  6704.0625  8.01910e-01  8.22324e-01  4.61007e-01  3.40903e-01
   6481.20  6704.6875  7.64277e-01  7.43543e-01  4.34329e-01  3.29948e-01
   6509.75  6705.3125  7.60411e-01  7.25003e-01  4.47151e-01  3.13260e-01
   6538.30  6705.9375  7.85932e-01  8.36090e-01  4.72950e-01  3.12982e-01
   6566.85  6706.5625  7.77749e-01  7.60223e-01  4.74664e-01  3.03085e-01
   6595.40  6707.1875  7.69246e-01  7.58270e-01  4.70069e-01  2.99177e-01
   6623.95  6707.8125  7.69676e-01  7.97252e-01  4.66211e-01  3.03465e-01
   6652.50  6708.4375  7.73256e-01  7.14953e-01  4.76849e-01  2.96408e-01
   6681.06  6709.0625  7.88499e-01  8.72067e-01  4.96897e-01  2.91602e-01
   6709.61  6709.6875  7.46894e-01  7.14979e-01  4.59333e-01  2.87562e-01
   6738.16  6710.3125  7.17059e-01  6.88545e-01  4.25971e-01  2.91089e-01
   6766.71  6710.9375  7.51924e-01  7.34027e-01  4.65924e-01  2.86001e-01
   6795.26  6711.5625  8.12722e-01  8.38394e-01  5.24054e-01  2.88667e-01
   6823.81  6712.1875  8.35801e-01  8.62177e-01  5.29702e-01  3.06099e-01
   6852.36  6712.8125  8.21627e-01  7.97854e-01  5.03407e-01  3.18220e-01
   6880.91  6713.4375  8.02936e-01  8.39978e-01  4.83831e-01  3.19105e-01
   6909.46  6714.0625  7.99032e-01  7.10212e-01  4.92211e-01  3.06822e-01
   6938.02  6714.6875  8.33820e-01  9.32512e-01  5.39343e-01  2.94477e-01
   6966.57  6715.3125  8.19545e-01  7.69129e-01  5.49518e-01  2.70026e-01
   6995.12  6715.9375  8.04426e-01  8.22343e-01  5.46960e-01  2.57466e-01
   7023.67  6716.5625  7.87456e-01  7.96778e-01  5.25549e-01  2.61908e-01
   7052.22  6717.1875  7.59447e-01  7.42762e-01  4.95939e-01  2.63508e-01
   7080.77  6717.8125  7.54643e-01  7.43900e-01  4.87248e-01  2.67395e-01
   7109.32  6718.4375  7.84070e-01  7.64292e-01  5.08389e-01  2.75681e-01
   7137.87  6719.0625  8.11155e-01  8.71277e-01  5.40255e-01  2.70900e-01
   7166.42  6719.6875  7.86271e-01  7.62409e-01  5.33866e-01  2.52404e-01
   7194.97  6720.3125  7.82529e-01  7.38825e-01  5.34545e-01  2.47984e-01
   7223.53  6720.9375  8.23816e-01  8.66279e-01  5.64460e-01  2.59356e-01
   7252.08  6721.5625  8.33820e-01  8.36333e-01  5.70334e-01  2.63486e-01
   7280.63  6722.1875  8.07742e-01  8.22244e-01  5.54962e-01  2.52780e-01
   7309.18  6722.8125  7.69610e-01  7.53357e-01  5.28969e-01  2.40641e-01
   7337.73  6723.4375  7.51495e-01  7.39077e-01  5.14683e-01  2.36811e-01
   7366.28  6724.0625  7.53593e-01  7.64820e-01  5.14107e-01  2.39486e-01
   7394.83  6724.6875  7.66413e-01  7.35760e-01  5.18662e-01  2.47751e-01
   7423.38  6725.3125  7.95577e-01  8.25728e-01  5.43205e-01  2.52372e-01
   7451.93  6725.9375  8.05383e-01  8.00571e-01  5.64369e-01  2.41014e-01
   7480.48  6726.5625  8.00091e-01  8.07297e-01  5.69475e-01  2.30616e-01
   7509.04  6727.1875  7.89554e-01  7.85472e-01  5.50242e-01  2.39311e-01
   7537.59  6727.8125  7.79328e-01  7.79985e-01  5.29860e-01  2.49467e-01
   7566.14  6728.4375  7.60171e-01  7.77761e-01  5.10944e-01  2.49228e-01
   7594.69  6729.0625  7.25511e-01  7.12548e-01  4.86799e-01  2.38711e-01
   7623.24  6729.6875  7.04842e-01  6.93084e-01  4.71362e-01  2.33480e-01
   7651.79  6730.3125  7.09376e-01  7.03864e-01  4.75316e-01  2.34060e-01
   7680.34  6730.9375  7.10499e-01  7.42963e-01  4.73268e-01  2.37231e-01
   7708.89  6731.5625  6.95538e-01  6.55522e-01  4.71733e-01  2.23805e-01
   7737.44  6732.1875  7.00297e-01  7.23205e-01  4.77295e-01  2.23002e-01
   7765.99  6732.8125  6.92975e-01  7.00797e-01  4.55536e-01  2.37439e-01
   7794.55  6733.4375  6.66184e-01  6.62626e-01  4.27020e-01  2.39164e-01
   7823.10  6734.0625  6.62405e-01  6.21944e-01  4.28083e-01  2.34322e-01
   7851.65  6734.6875  7.01838e-01  7.23295e-01  4.70879e-01  2.30959e-01
   7880.20  6735.3125  7.40657e-01  7.34098e-01  5.23080e-01  2.17577e-01
   7908.75  6735.9375  7.64504e-01  7.84180e-01  5.63741e-01  2.00763e-01
   7937.30  6736.5625  7.65148e-01  7.66128e-01  5.71741e-01  1.93408e-01
   7965.85  6737.1875  7.59886e-01  7.47087e-01  5.54514e-01  2.05372e-01
   7994.40  6737.8125  7.58583e-01  7.78983e-01  5.40532e-01  2.18051e-01
   8022.95  6738.4375  7.47942e-01  7.31814e-01  5.21462e-01  2.26480e-01
   8051.51  6739.0625  7.50620e-01  7.42698e-01  5.23628e-01  2.26992e-01
   8080.06  6739.6875  7.53240e-01  7.85824e-01  5.31449e-01  2.21791e-01
   8108.61  6740.3125  7.21869e-01  7.17495e-01  5.07160e-01  2.14709e-01
   8137.16  6740.9375  7.01883e-01  6.58577e-01  4.93979e-01  2.07905e-01
   8165.71  6741.5625  7.16915e-01  7.55486e-01  5.05431e-01  2.11484e-01
   8194.26  6742.1875  6.94283e-01  7.19262e-01  4.87999e-01  2.06284e-01
   8222.81  6742.8125  6.60509e-01  5.85710e-01  4.65134e-01  1.95375e-01
   8251.36  6743.4375  6.89472e-01  7.24330e-01  4.86867e-01  2.02605e-01
   8279.91  6744.0625  7.22328e-01  7.09784e-01  5.06409e-01  2.15918e-01
   8308.46  6744.6875  7.20785e-01  7.76126e-01  5.01197e-01  2.19588e-01
   8337.02  6745.3125  6.74048e-01  6.37988e-01  4.71822e-01  2.02226e-01
   8365.57  6745.9375  6.47865e-01  6.36241e-01  4.55489e-01  1.92376e-01
   8394.12  6746.5625  6.33618e-01  6.76554e-01  4.44626e-01  1.88992e-01
   8422.67  6747.1875  6.12725e-01  5.40828e-01  4.23260e-01  1.89465e-01
   8451.22  6747.8125  6.37987e-01  6.77893e-01  4.51886e-01  1.86101e-01
   8479.77  6748.4375  6.55814e-01  6.50272e-01  4.69564e-01  1.86250e-01
   8508.32  6749.0625  6.64868e-01  6.56210e-01  4.63128e-01  2.01740e-01
   8536.87  6749.6875  6.91869e-01  6.82634e-01  4.85730e-01  2.06139e-01
   8565.42  6750.3125  7.14491e-01  7.50363e-01  5.16205e-01  1.98286e-01
   8593.97  6750.9375  6.89250e-01  7.01051e-01  4.99569e-01  1.89681e-01
   8622.53  6751.5625  6.49591e-01  6.10537e-01  4.64035e-01  1.85556e-01
   8651.08  6752.1875  6.36990e-01  6.64410e-01  4.53572e-01  1.83417e-01
   8679.63  6752.8125  6.11298e-01  6.12562e-01  4.35773e-01  1.75526e-01
   8708.18  6753.4375  5.86510e-01  5.57875e-01  4.15937e-01  1.70573e-01
   8736.73  6754.0625  6.08136e-01  5.91122e-01  4.40397e-01  1.67738e-01
   8765.28  6754.6875  6.63072e-01  6.74742e-01  4.87682e-01  1.75390e-01
   8793.83  6755.3125  7.13992e-01  7.09952e-01  5.29165e-01  1.84826e-01
   8822.38  6755.9375  7.26158e-01  7.89931e-01  5.59192e-01  1.66966e-01
   8850.93  6756.5625  6.76846e-01  6.41222e-01  5.27221e-01  1.49625e-01
   8879.49  6757.1875  6.39698e-01  6.36820e-01  4.89010e-01  1.50688e-01
   8908.04  6757.8125  6.46968e-01  6.08491e-01  4.82652e-01  1.64316e-01
   8936.59  6758.4375  6.70398e-01  7.37360e-01  4.90664e-01  1.79734e-01
   8965.14  6759.0625  6.70119e-01  5.98440e-01  4.94252e-01  1.75867e-01
   8993.69  6759.6875  7.01716e-01  7.40167e-01  5.30866e-01  1.70850e-01
   9022.24  6760.3125  7.06220e-01  7.36720e-01  5.32667e-01  1.73553e-01
   9050.79  6760.9375  6.73026e-01  6.30667e-01  4.98689e-01  1.74337e-01
   9079.34  6761.5625  6.47724e-01  6.99031e-01  4.73227e-01  1.74496e-01
   9107.89  6762.1875  6.22284e-01  5.49408e-01  4.59123e-01  1.63162e-01
   9136.44  6762.8125  6.47036e-01  6.72501e-01  4.92858e-01  1.54177e-01
   9165.00  6763.4375  6.50614e-01  7.04330e-01  4.92509e-01  1.58104e-01
   9193.55  6764.0625  6.22763e-01  5.33393e-01  4.56041e-01  1.66722e-01
   9222.10  6764.6875  6.59054e-01  6.92223e-01  4.78732e-01  1.80321e-01
   9250.65  6765.3125  6.79694e-01  7.21517e-01  4.99672e-01  1.80022e-01
   9279.20  6765.9375  6.52578e-01  6.09673e-01  4.75156e-01  1.77422e-01
   9307.75  6766.5625  6.43859e-01  6.66438e-01  4.76078e-01  1.67781e-01
   9336.30  6767.1875  6.53748e-01  6.11496e-01  4.89046e-01  1.64701e-01
   9364.85  6767.8125  6.78850e-01  7.28290e-01  5.17333e-01  1.61517e-01
   9393.40  6768.4375  6.79128e-01  6.49852e-01  5.20770e-01  1.58358e-01
   9421.95  6769.0625  6.67433e-01  7.07215e-01  5.13710e-01  1.53723e-01
   9450.51  6769.6875  6.47755e-01  5.98189e-01  5.02687e-01  1.45067e-01
   9479.06  6770.3125  6.55575e-01  6.83936e-01  5.06599e-01  1.48976e-01
   9507.61  6770.9375  6.76837e-01  6.33984e-01  5.19746e-01  1.57091e-01
   9536.16  6771.5625  6.80501e-01  7.81897e-01  5.18974e-01  1.61527e-01
   9564.71  6772.1875  6.17508e-01  5.46559e-01  4.65935e-01  1.51573e-01
   9593.26  6772.8125  5.98292e-01  5.80653e-01  4.61087e-01  1.37205e-01
   9621.81  6773.4375  6.17220e-01  6.61702e-01  4.83827e-01  1.33394e-01
   9650.36  6774.0625  6.22208e-01  5.66504e-01  4.81582e-01  1.40626e-01
   9678.91  6774.6875  6.44062e-01  6.94227e-01  4.92292e-01  1.51769e-01
   9707.47  6775.3125  6.26422e-01  6.37127e-01  4.74922e-01  1.51500e-01
   9736.02  6775.9375  5.93929e-01  5.45899e-01  4.56803e-01  1.37127e-01
   9764.57  6776.5625  5.98329e-01  6.31687e-01  4.70484e-01  1.27846e-01
   9793.12  6777.1875  6.09830e-01  5.71684e-01  4.70864e-01  1.38967e-01
   9821.67  6777.8125  6.43305e-01  6.58776e-01  5.05587e-01  1.37719e-01
   9850.22  6778.4375  6.64451e-01  6.89072e-01  5.30307e-01  1.34144e-01
   9878.77  6779.0625  6.65515e-01  6.28557e-01  5.26198e-01  1.39318e-01
   9907.32  6779.6875  6.73604e-01  7.19629e-01  5.34795e-01  1.38808e-01
   9935.87  6780.3125  6.63892e-01  6.27985e-01  5.23484e-01  1.40408e-01
   9964.42  6780.9375  6.76002e-01  6.73061e-01  5.40860e-01  1.35142e-01
   9992.98  6781.5625  6.91364e-01  7.27176e-01  5.54262e-01  1.37102e-01
  10021.53  6782.1875  6.77696e-01  6.51746e-01  5.27213e-01  1.50483e-01
  10050.08  6782.8125  6.76969e-01  6.77225e-01  5.26720e-01  1.50249e-01
  10078.63  6783.4375  6.88375e-01  6.87962e-01  5.47842e-01  1.40533e-01
  10107.18  6784.0625  6.62863e-01  7.30396e-01  5.33150e-01  1.29714e-01
  10135.73  6784.6875  5.97798e-01  5.13721e-01  4.82962e-01  1.14836e-01
  10164.28  6785.3125  5.92629e-01  6.11305e-01  4.75690e-01  1.16939e-01
  10192.83  6785.9375  6.08240e-01  6.11798e-01  4.76318e-01  1.31923e-01
  10221.38  6786.5625  5.98589e-01  6.22893e-01  4.62910e-01  1.35679e-01
  10249.93  6787.1875  5.97266e-01  5.20041e-01  4.69482e-01  1.27784e-01
  10278.49  6787.8125  6.27767e-01  7.22540e-01  5.05547e-01  1.22220e-01
  10307.04  6788.4375  5.98218e-01  5.65086e-01  4.70705e-01  1.27512e-01
  10335.59  6789.0625  5.65550e-01  5.54663e-01  4.43471e-01  1.22079e-01
  10364.14  6789.6875  5.80561e-01  5.51749e-01  4.61307e-01  1.19254e-01
  10392.69  6790.3125  6.20194e-01  6.56775e-01  5.01233e-01  1.18961e-01
  10421.24  6790.9375  6.35436e-01  6.22995e-01  5.21271e-01  1.14165e-01
  10449.79  6791.5625  6.30533e-01  6.56410e-01  5.10916e-01  1.19618e-01
  10478.34  6792.1875  6.05112e-01  5.94701e-01  4.79034e-01  1.26078e-01
  10506.89  6792.8125  5.99390e-01  5.60946e-01  4.76146e-01  1.23243e-01
  10535.45  6793.4375  6.08837e-01  6.78773e-01  4.91220e-01  1.17616e-01
  10564.00  6794.0625  5.67049e-01  5.38606e-01  4.60375e-01  1.06673e-01
  10592.55  6794.6875  5.42702e-01  5.08000e-01  4.38606e-01  1.04096e-01
  10621.10  6795.3125  5.70467e-01  5.83825e-01  4.61299e-01  1.09168e-01
  10649.65  6795.9375  5.84844e-01  6.15171e-01  4.82438e-01  1.02407e-01
  10678.20  6796.5625  5.66203e-01  5.43067e-01  4.65808e-01  1.00396e-01
  10706.75  6797.1875  5.65152e-01  5.53336e-01  4.55211e-01  1.09942e-01
  10735.30  6797.8125  5.68738e-01  6.12347e-01  4.50891e-01  1.17848e-01
  10763.85  6798.4375  5.59173e-01  4.94591e-01  4.38759e-01  1.20414e-01
  10792.40  6799.0625  5.74027e-01  6.35632e-01  4.51372e-01  1.22655e-01
  10820.96  6799.6875  5.75575e-01  5.23238e-01  4.51639e-01  1.23936e-01
  10849.51  6800.3125  5.99893e-01  6.18874e-01  4.82734e-01  1.17159e-01
  10878.06  6800.9375  6.23359e-01  6.33230e-01  5.18195e-01  1.05164e-01
  10906.61  6801.5625  6.35651e-01  6.13251e-01  5.27612e-01  1.08039e-01
  10935.16  6802.1875  6.39162e-01  6.94655e-01  5.25151e-01  1.14010e-01
  10963.71  6802.8125  6.11407e-01  5.60756e-01  4.93583e-01  1.17824e-01
  10992.26  6803.4375  5.98602e-01  6.33774e-01  4.80691e-01  1.17911e-01
  11020.81  6804.0625  5.97080e-01  5.48047e-01  4.85979e-01  1.11101e-01
  11049.36  6804.6875  6.30277e-01  6.46245e-01  5.21130e-01  1.09147e-01
  11077.91  6805.3125  6.43872e-01  6.88566e-01  5.32018e-01  1.11854e-01
  11106.47  6805.9375  6.00730e-01  5.85972e-01  4.93901e-01  1.06829e-01
  11135.02  6806.5625  5.81095e-01  5.24809e-01  4.80470e-01  1.00625e-01
  11163.57  6807.1875  5.99060e-01  6.76098e-01  4.97724e-01  1.01336e-01
  11192.12  6807.8125  5.77274e-01  5.28595e-01  4.78546e-01  9.87289e-02
  11220.67  6808.4375  5.58410e-01  5.90167e-01  4.58797e-01  9.96130e-02
  11249.22  6809.0625  5.61213e-01  4.97224e-01  4.58441e-01  1.02772e-01
  11277.77  6809.6875  6.02089e-01  6.52833e-01  5.00181e-01  1.01908e-01
  11306.32  6810.3125  6.26345e-01  6.00839e-01  5.25837e-01  1.00507e-01
  11334.87  6810.9375  6.21273e-01  6.81176e-01  5.30566e-01  9.07074e-02
  11363.43  6811.5625  5.79156e-01  5.30020e-01  4.95295e-01  8.38610e-02
  11391.98  6812.1875  5.58581e-01  5.74562e-01  4.68291e-01  9.02891e-02
  11420.53  6812.8125  5.63007e-01  5.31589e-01  4.69023e-01  9.39846e-02
  11449.08  6813.4375  5.91763e-01  6.08123e-01  5.04598e-01  8.71651e-02
  11477.63  6814.0625  6.21071e-01  6.13458e-01  5.32483e-01  8.85887e-02
  11506.18  6814.6875  6.37404e-01  6.59553e-01  5.40634e-01  9.67704e-02
  11534.73  6815.3125  6.15002e-01  6.38451e-01  5.21260e-01  9.37418e-02
  11563.28  6815.9375  5.69828e-01  5.35566e-01  4.79744e-01  9.00841e-02
  11591.83  6816.5625  5.69668e-01  5.44359e-01  4.76016e-01  9.36519e-02
  11620.38  6817.1875  6.03220e-01  6.37071e-01  5.05430e-01  9.77892e-02
  11648.94  6817.8125  6.14801e-01  6.03426e-01  5.14576e-01  1.00225e-01
  11677.49  6818.4375  6.16975e-01  6.24044e-01  5.22568e-01  9.44074e-02
  11706.04  6819.0625  6.09171e-01  6.21731e-01  5.25113e-01  8.40581e-02
  11734.59  6819.6875  6.02080e-01  5.64438e-01  5.21781e-01  8.02994e-02
  11763.14  6820.3125  6.10766e-01  6.56005e-01  5.27163e-01  8.36038e-02
  11791.69  6820.9375  5.97900e-01  5.71076e-01  5.06889e-01  9.10105e-02
  11820.24  6821.5625  5.95067e-01  5.93236e-01  5.08566e-01  8.65012e-02
  11848.79  6822.1875  5.96842e-01  6.17652e-01  5.14786e-01  8.20553e-02
  11877.34  6822.8125  5.75936e-01  5.72356e-01  4.97579e-01  7.83571e-02
  11905.89  6823.4375  5.59549e-01  5.36639e-01  4.84225e-01  7.53247e-02
  11934.45  6824.0625  5.50864e-01  5.94148e-01  4.67588e-01  8.32760e-02
  11963.00  6824.6875  5.31972e-01  4.75404e-01  4.40038e-01  9.19345e-02
  11991.55  6825.3125  5.47412e-01  5.72994e-01  4.52459e-01  9.49535e-02
  12020.10  6825.9375  5.59229e-01  5.63071e-01  4.70158e-01  8.90711e-02
  12048.65  6826.5625  5.52263e-01  5.52586e-01  4.67486e-01  8.47766e-02
  12077.20  6827.1875  5.47347e-01  5.40060e-01  4.50869e-01  9.64777e-02
  12105.75  6827.8125  5.71034e-01  5.35036e-01  4.70073e-01  1.00962e-01
  12134.30  6828.4375  6.01151e-01  6.80666e-01  5.05125e-01  9.60254e-02
  12162.85  6829.0625  5.86925e-01  5.20139e-01  4.95663e-01  9.12621e-02
  12191.40  6829.6875  5.99873e-01  6.24519e-01  5.05450e-01  9.44235e-02
  12219.96  6830.3125  6.18317e-01  6.16760e-01  5.20083e-01  9.82344e-02
  12248.51  6830.9375  6.19445e-01  6.31583e-01  5.25980e-01  9.34648e-02
  12277.06  6831.5625  6.15788e-01  5.97178e-01  5.34313e-01  8.14754e-02
  12305.61  6832.1875  6.30463e-01  6.27934e-01  5.58332e-01  7.21305e-02
  12334.16  6832.8125  6.40925e-01  6.68908e-01  5.67948e-01  7.29775e-02
  12362.71  6833.4375  5.94465e-01  6.34967e-01  5.17283e-01  7.71818e-02
  12391.26  6834.0625  5.28220e-01  4.42103e-01  4.50404e-01  7.78167e-02
  12419.81  6834.6875  5.33568e-01  5.64110e-01  4.51030e-01  8.25373e-02
  12448.36  6835.3125  5.58171e-01  5.41072e-01  4.78448e-01  7.97228e-02
  12476.92  6835.9375  5.68232e-01  6.06788e-01  4.92647e-01  7.55853e-02
  12505.47  6836.5625  5.66613e-01  5.15153e-01  4.89406e-01  7.72076e-02
  12534.02  6837.1875  5.98836e-01  6.18577e-01  5.20971e-01  7.78647e-02
  12562.57  6837.8125  6.30448e-01  6.35896e-01  5.58727e-01  7.17208e-02
  12591.12  6838.4375  6.28661e-01  6.55497e-01  5.60562e-01  6.80983e-02
  12619.67  6839.0625  5.98782e-01  5.82534e-01  5.28418e-01  7.03639e-02
  12648.22  6839.6875  6.03438e-01  5.50082e-01  5.25802e-01  7.76368e-02
  12676.77  6840.3125  6.32953e-01  7.26691e-01  5.52623e-01  8.03292e-02
  12705.32  6840.9375  6.01400e-01  5.52084e-01  5.28405e-01  7.29953e-02
  12733.87  6841.5625  5.97699e-01  5.65729e-01  5.28313e-01  6.93861e-02
  12762.43  6842.1875  6.20782e-01  6.89967e-01  5.50627e-01  7.01544e-02
  12790.98  6842.8125  5.67949e-01  5.81796e-01  4.97677e-01  7.02720e-02
  12819.53  6843.4375  5.22809e-01  4.11074e-01  4.51843e-01  7.09659e-02
  12848.08  6844.0625  5.99763e-01  6.22406e-01  5.24765e-01  7.49977e-02
  12876.63  6844.6875  6.66672e-01  7.46254e-01  5.93379e-01  7.32931e-02
  12905.18  6845.3125  6.34734e-01  6.05507e-01  5.66543e-01  6.81915e-02
  12933.73  6845.9375  5.88470e-01  5.95281e-01  5.25318e-01  6.31513e-02
  12962.28  6846.5625  5.51496e-01  5.47723e-01  4.90131e-01  6.13650e-02
  12990.83  6847.1875  5.32102e-01  5.06065e-01  4.70597e-01  6.15046e-02
  13019.38  6847.8125  5.43310e-01  5.52278e-01  4.84513e-01  5.87966e-02
  13047.94  6848.4375  5.47734e-01  5.67263e-01  4.89484e-01  5.82498e-02
  13076.49  6849.0625  5.39329e-01  5.07898e-01  4.82682e-01  5.66469e-02
  13105.04  6849.6875  5.41081e-01  5.75769e-01  4.84080e-01  5.70013e-02
  13133.59  6850.3125  5.39301e-01  4.97178e-01  4.77239e-01  6.20616e-02
  13162.14  6850.9375  5.52136e-01  5.89190e-01  4.85740e-01  6.63960e-02
  13190.69  6851.5625  5.55990e-01  5.29325e-01  4.86444e-01  6.95460e-02
  13219.24  6852.1875  5.71412e-01  5.75061e-01  5.01563e-01  6.98496e-02
  13247.79  6852.8125  5.84079e-01  6.06361e-01  5.14419e-01  6.96595e-02
  13276.34  6853.4375  5.80285e-01  5.56621e-01  5.15830e-01  6.44554e-02
  13304.90  6854.0625  5.93814e-01  5.91787e-01  5.32678e-01  6.11356e-02
  13333.45  6854.6875  5.92194e-01  6.45762e-01  5.32595e-01  5.95986e-02
  13362.00  6855.3125  5.41801e-01  5.09067e-01  4.86310e-01  5.54906e-02
  13390.55  6855.9375  5.16858e-01  4.92348e-01  4.63884e-01  5.29741e-02
  13419.10  6856.5625  5.31661e-01  5.50420e-01  4.79335e-01  5.23268e-02
  13447.65  6857.1875  5.42749e-01  5.34150e-01  4.90157e-01  5.25916e-02
  13476.20  6857.8125  5.52878e-01  5.53711e-01  4.99848e-01  5.30297e-02
  13504.75  6858.4375  5.45209e-01  5.81947e-01  4.91863e-01  5.33462e-02
  13533.30  6859.0625  5.06305e-01  4.75478e-01  4.52055e-01  5.42501e-02
  13561.85  6859.6875  4.77116e-01  4.95237e-01  4.25186e-01  5.19303e-02
  13590.41  6860.3125  4.73446e-01  4.17843e-01  4.24082e-01  4.93647e-02
  13618.96  6860.9375  5.03863e-01  5.53020e-01  4.54260e-01  4.96037e-02
  13647.51  6861.5625  4.98302e-01  5.06768e-01  4.44248e-01  5.40542e-02
  13676.06  6862.1875  4.84482e-01  4.32647e-01  4.25348e-01  5.91335e-02
  13704.61  6862.8125  5.22577e-01  5.37973e-01  4.63633e-01  5.89437e-02
  13733.16  6863.4375  5.51769e-01  5.84790e-01  4.91627e-01  6.01422e-02
  13761.71  6864.0625  5.34841e-01  5.24376e-01  4.76861e-01  5.79792e-02
  13790.26  6864.6875  5.01902e-01  5.20419e-01  4.50063e-01  5.18385e-02
  13818.81  6865.3125  4.82636e-01  4.26115e-01  4.31314e-01  5.13212e-02
  13847.36  6865.9375  5.06886e-01  5.43184e-01  4.50324e-01  5.65615e-02
  13875.92  6866.5625  5.30584e-01  5.04943e-01  4.73056e-01  5.75280e-02
  13904.47  6867.1875  5.44842e-01  5.84624e-01  4.91455e-01  5.33862e-02
  13933.02  6867.8125  5.31976e-01  5.12532e-01  4.77944e-01  5.40329e-02
  13961.57  6868.4375  5.20550e-01  5.22747e-01  4.65636e-01  5.49142e-02
  13990.12  6869.0625  5.18825e-01  5.16278e-01  4.68506e-01  5.03191e-02
  14018.67  6869.6875  5.27159e-01  5.11808e-01  4.77562e-01  4.95975e-02
  14047.22  6870.3125  5.24706e-01  5.82699e-01  4.75128e-01  4.95782e-02
  14075.77  6870.9375  4.96833e-01  4.23654e-01  4.43333e-01  5.35006e-02
  14104.32  6871.5625  5.01616e-01  5.54313e-01  4.45851e-01  5.57652e-02
  14132.88  6872.1875  5.07437e-01  4.58375e-01  4.56647e-01  5.07899e-02
  14161.43  6872.8125  5.29923e-01  5.59953e-01  4.80807e-01  4.91153e-02
  14189.98  6873.4375  5.21846e-01  5.54060e-01  4.72562e-01  4.92839e-02
  14218.53  6874.0625  4.78088e-01  4.40039e-01  4.29697e-01  4.83914e-02
  14247.08  6874.6875  4.76399e-01  4.55261e-01  4.26113e-01  5.02859e-02
  14275.63  6875.3125  5.06978e-01  5.36222e-01  4.57780e-01  4.91980e-02
  14304.18  6875.9375  5.07170e-01  5.16721e-01  4.56968e-01  5.02022e-02
  14332.73  6876.5625  4.85648e-01  4.73587e-01  4.30799e-01  5.48491e-02
  14361.28  6877.1875  4.89830e-01  4.62817e-01  4.35326e-01  5.45038e-02
  14389.83  6877.8125  5.34390e-01  5.37104e-01  4.85631e-01  4.87595e-02
  14418.39  6878.4375  5.70784e-01  6.05721e-01  5.22989e-01  4.77955e-02
  14446.94  6879.0625  5.57922e-01  5.61505e-01  5.05940e-01  5.19821e-02
  14475.49  6879.6875  5.27489e-01  5.14639e-01  4.75539e-01  5.19495e-02
  14504.04  6880.3125  5.24251e-01  5.01591e-01  4.79283e-01  4.49679e-02
  14532.59  6880.9375  5.49871e-01  5.64048e-01  5.05183e-01  4.46881e-02
  14561.14  6881.5625  5.62120e-01  5.77521e-01  5.15102e-01  4.70188e-02
  14589.69  6882.1875  5.58404e-01  5.36870e-01  5.09560e-01  4.88439e-02
  14618.24  6882.8125  5.60014e-01  5.80384e-01  5.10702e-01  4.93120e-02
  14646.79  6883.4375  5.30027e-01  5.62157e-01  4.80698e-01  4.93287e-02
  14675.34  6884.0625  4.90921e-01  4.15090e-01  4.43680e-01  4.72411e-02
  14703.90  6884.6875  5.17898e-01  5.39996e-01  4.72772e-01  4.51261e-02
  14732.45  6885.3125  5.35024e-01  5.79355e-01  4.90634e-01  4.43900e-02
  14761.00  6885.9375  5.09649e-01  4.63464e-01  4.65314e-01  4.43355e-02
  14789.55  6886.5625  5.11473e-01  5.23723e-01  4.69720e-01  4.17533e-02
  14818.10  6887.1875  5.35113e-01  5.14077e-01  4.97927e-01  3.71861e-02
  14846.65  6887.8125  5.60681e-01  5.96492e-01  5.20061e-01  4.06201e-02
  14875.20  6888.4375  5.70439e-01  5.32831e-01  5.28302e-01  4.21375e-02
  14903.75  6889.0625  5.58077e-01  6.47460e-01  5.16898e-01  4.11796e-02
  14932.30  6889.6875  5.01870e-01  4.12175e-01  4.58245e-01  4.36254e-02
  14960.86  6890.3125  5.01128e-01  5.19369e-01  4.55954e-01  4.51733e-02
  14989.41  6890.9375  5.23372e-01  5.30752e-01  4.79702e-01  4.36699e-02
  15017.96  6891.5625  5.34534e-01  5.23396e-01  4.95728e-01  3.88058e-02
  15046.51  6892.1875  5.54943e-01  5.55490e-01  5.18088e-01  3.68542e-02
  15075.06  6892.8125  5.76929e-01  5.81022e-01  5.34886e-01  4.20423e-02
  15103.61  6893.4375  5.65509e-01  6.15627e-01  5.19031e-01  4.64781e-02
  15132.16  6894.0625  5.28598e-01  4.54881e-01  4.83554e-01  4.50438e-02
  15160.71  6894.6875  5.42554e-01  5.69058e-01  5.03675e-01  3.88795e-02
  15189.26  6895.3125  5.49917e-01  5.75633e-01  5.09565e-01  4.03515e-02
  15217.81  6895.9375  5.33171e-01  4.93897e-01  4.86393e-01  4.67786e-02
  15246.37  6896.5625  5.47977e-01  5.52143e-01  5.03595e-01  4.43817e-02
  15274.92  6897.1875  5.52526e-01  6.01551e-01  5.14736e-01  3.77898e-02
  15303.47  6897.8125  5.23431e-01  4.65996e-01  4.86672e-01  3.67585e-02
  15332.02  6898.4375  5.13325e-01  5.63927e-01  4.72482e-01  4.08435e-02
  15360.57  6899.0625  5.21487e-01  4.32108e-01  4.78801e-01  4.26858e-02
  15389.12  6899.6875  5.83973e-01  6.40751e-01  5.42588e-01  4.13858e-02
  15417.67  6900.3125  5.92679e-01  6.45228e-01  5.53643e-01  3.90357e-02
  15446.22  6900.9375  5.27340e-01  4.82350e-01  4.88703e-01  3.86377e-02
  15474.77  6901.5625  4.94467e-01  4.85116e-01  4.57553e-01  3.69142e-02
  15503.32  6902.1875  5.11231e-01  4.91729e-01  4.74362e-01  3.68683e-02
  15531.88  6902.8125  5.53291e-01  5.66473e-01  5.13024e-01  4.02663e-02
  15560.43  6903.4375  5.88930e-01  5.89316e-01  5.44432e-01  4.44983e-02
  15588.98  6904.0625  6.04300e-01  6.24121e-01  5.64075e-01  4.02247e-02
  15617.53  6904.6875  5.87685e-01  5.96802e-01  5.50904e-01  3.67808e-02
  15646.08  6905.3125  5.60093e-01  5.38242e-01  5.20901e-01  3.91920e-02
  15674.63  6905.9375  5.53324e-01  5.56143e-01  5.13374e-01  3.99502e-02
  15703.18  6906.5625  5.48244e-01  5.61520e-01  5.09963e-01  3.82811e-02
  15731.73  6907.1875  5.34838e-01  5.18451e-01  4.98592e-01  3.62462e-02
  15760.28  6907.8125  5.39718e-01  5.29479e-01  5.00181e-01  3.95370e-02
  15788.84  6908.4375  5.39181e-01  5.87473e-01  5.01454e-01  3.77271e-02
  15817.39  6909.0625  4.97843e-01  4.72719e-01  4.63978e-01  3.38651e-02
  15845.94  6909.6875  4.88613e-01  4.40639e-01  4.50407e-01  3.82060e-02
  15874.49  6910.3125  5.29486e-01  5.75837e-01  4.84994e-01  4.44921e-02
  15903.04  6910.9375  5.46683e-01  5.32100e-01  5.06690e-01  3.99932e-02
  15931.59  6911.5625  5.46128e-01  5.65153e-01  5.10065e-01  3.60636e-02
  15960.14  6912.1875  5.41522e-01  5.15337e-01  5.07984e-01  3.35380e-02
  15988.69  6912.8125  5.31528e-01  5.83120e-01  5.00887e-01  3.06417e-02
  16017.24  6913.4375  5.03024e-01  4.44322e-01  4.73806e-01  2.92177e-02
  16045.79  6914.0625  5.09675e-01  5.28291e-01  4.76605e-01  3.30701e-02
  16074.35  6914.6875  5.01685e-01  5.43924e-01  4.67101e-01  3.45838e-02
  16102.90  6915.3125  4.65972e-01  4.04378e-01  4.33509e-01  3.24627e-02
  16131.45  6915.9375  4.92552e-01  4.78838e-01  4.56671e-01  3.58811e-02
  16160.00  6916.5625  5.39665e-01  5.96573e-01  5.01580e-01  3.80856e-02
  16188.55  6917.1875  5.33036e-01  5.12665e-01  4.97747e-01  3.52897e-02
  16217.10  6917.8125  5.13756e-01  5.26162e-01  4.74854e-01  3.89019e-02
  16245.65  6918.4375  5.21951e-01  4.64864e-01  4.83265e-01  3.86861e-02
  16274.20  6919.0625  5.75966e-01  6.13013e-01  5.41530e-01  3.44362e-02
  16302.75  6919.6875  5.93268e-01  6.28985e-01  5.60686e-01  3.25819e-02
  16331.30  6920.3125  5.47540e-01  5.39565e-01  5.16477e-01  3.10631e-02
  16359.86  6920.9375  4.96834e-01  4.84312e-01  4.65494e-01  3.13398e-02
  16388.41  6921.5625  4.63996e-01  4.69464e-01  4.35673e-01  2.83222e-02
  16416.96  6922.1875  4.50252e-01  4.23740e-01  4.28580e-01  2.16716e-02
  16445.51  6922.8125  5.01461e-01  4.39130e-01  4.79041e-01  2.24196e-02
  16474.06  6923.4375  5.61517e-01  7.17364e-01  5.32070e-01  2.94465e-02
  16502.61  6924.0625  5.30075e-01  3.99233e-01  4.94525e-01  3.55502e-02
  16531.16  6924.6875  5.49147e-01  5.99268e-01  5.12034e-01  3.71128e-02
  16559.71  6925.3125  5.57023e-01  5.89385e-01  5.24131e-01  3.28921e-02
  16588.26  6925.9375  5.13373e-01  4.82066e-01  4.83317e-01  3.00563e-02
  16616.81  6926.5625  4.70143e-01  5.08564e-01  4.34241e-01  3.59017e-02
  16645.37  6927.1875  4.55093e-01  3.50555e-01  4.19268e-01  3.58246e-02
  16673.92  6927.8125  5.16306e-01  5.82226e-01  4.85014e-01  3.12920e-02
  16702.47  6928.4375  5.36112e-01  5.64691e-01  5.05929e-01  3.01821e-02
  16731.02  6929.0625  5.14943e-01  4.59084e-01  4.82786e-01  3.21570e-02
  16759.57  6929.6875  5.42808e-01  5.50621e-01  5.11996e-01  3.08126e-02
  16788.12  6930.3125  5.74369e-01  6.06753e-01  5.40744e-01  3.36249e-02
  16816.67  6930.9375  5.70194e-01  5.51938e-01  5.34068e-01  3.61265e-02
  16845.22  6931.5625  5.57729e-01  5.78856e-01  5.27312e-01  3.04173e-02
  16873.77  6932.1875  5.34814e-01  5.25082e-01  5.09769e-01  2.50446e-02
  16902.33  6932.8125  5.41309e-01  4.90591e-01  5.17153e-01  2.41562e-02
  16930.88  6933.4375  5.81392e-01  6.47619e-01  5.51655e-01  2.97373e-02
  16959.43  6934.0625  5.77548e-01  5.53120e-01  5.46043e-01  3.15052e-02
  16987.98  6934.6875  5.43600e-01  5.86030e-01  5.16535e-01  2.70653e-02
  17016.53  6935.3125  4.99021e-01  4.46154e-01  4.77797e-01  2.12241e-02
  17045.08  6935.9375  5.21842e-01  4.83475e-01  5.03085e-01  1.87564e-02
  17073.63  6936.5625  5.89380e-01  6.46317e-01  5.70089e-01  1.92905e-02
  17102.18  6937.1875  5.67216e-01  6.38343e-01  5.46615e-01  2.06008e-02
  17130.73  6937.8125  4.96004e-01  3.62992e-01  4.74485e-01  2.15193e-02
  17159.28  6938.4375  5.28885e-01  5.73825e-01  5.06272e-01  2.26125e-02
  17187.84  6939.0625  5.59716e-01  5.94152e-01  5.36229e-01  2.34864e-02
  17216.39  6939.6875  5.27718e-01  5.18309e-01  5.04206e-01  2.35125e-02
  17244.94  6940.3125  4.93380e-01  4.82568e-01  4.68319e-01  2.50610e-02
  17273.49  6940.9375  4.96194e-01  4.63367e-01  4.71528e-01  2.46655e-02
  17302.04  6941.5625  5.17009e-01  5.73438e-01  4.93313e-01  2.36963e-02
  17330.59  6942.1875  5.08807e-01  4.64450e-01  4.83349e-01  2.54583e-02
  17359.14  6942.8125  5.10639e-01  5.36937e-01  4.86140e-01  2.44992e-02
  17387.69  6943.4375  5.01760e-01  5.02549e-01  4.77083e-01  2.46766e-02
  17416.24  6944.0625  4.73976e-01  4.79223e-01  4.48425e-01  2.55506e-02
  17444.79  6944.6875  4.37504e-01  4.41367e-01  4.15069e-01  2.24346e-02
  17473.35  6945.3125  4.31295e-01  3.67096e-01  4.07004e-01  2.42913e-02
  17501.90  6945.9375  4.95538e-01  5.12696e-01  4.69850e-01  2.56882e-02
  17530.45  6946.5625  5.38448e-01  6.04465e-01  5.12394e-01  2.60531e-02
  17559.00  6947.1875  5.33455e-01  4.50612e-01  5.09867e-01  2.35878e-02
  17587.55  6947.8125  5.65177e-01  6.19058e-01  5.42521e-01  2.26557e-02
  17616.10  6948.4375  5.67704e-01  5.78505e-01  5.46931e-01  2.07727e-02
  17644.65  6949.0625  5.45642e-01  5.12507e-01  5.24627e-01  2.10141e-02
  17673.20  6949.6875  5.50687e-01  5.64088e-01  5.24056e-01  2.66312e-02
