# day130  epoch=130.0d  L_Halpha=6.554e+40 erg/s  smooth_kms=25.0
# Columns:
#   1: Δv [km/s]      velocity offset from Hα (6562.81 Å), positive = redshift
#   2: lambda [Å]     observed wavelength
#   3: F_norm         total flux, smoothed, normalized to F_cont_baseline
#   4: F_norm_raw     total flux, RAW MC (no velocity smoothing)
#   5: F_cont_smooth  continuum-channel flux (continuum photons only)
#   6: F_vol_smooth   volumetric-channel flux (line emission contribution)
# Format: F_norm ≈ F_cont_smooth + F_vol_smooth (within MC noise)
# ----------------------------------------------------------------------------------------
 -16559.48  6200.3125  1.00000e+00  1.00000e+00  1.95715e-03  0.00000e+00
 -16530.93  6200.9375  1.00000e+00  1.00000e+00  1.79866e-03  0.00000e+00
 -16502.38  6201.5625  1.00000e+00  1.00000e+00  1.63789e-03  0.00000e+00
 -16473.83  6202.1875  1.00000e+00  1.00000e+00  1.65230e-03  0.00000e+00
 -16445.28  6202.8125  1.00000e+00  1.00000e+00  1.69955e-03  0.00000e+00
 -16416.73  6203.4375  1.00000e+00  1.00000e+00  1.78234e-03  0.00000e+00
 -16388.18  6204.0625  1.00000e+00  1.00000e+00  1.80415e-03  0.00000e+00
 -16359.63  6204.6875  1.00000e+00  1.00000e+00  1.77046e-03  0.00000e+00
 -16331.08  6205.3125  1.00000e+00  1.00000e+00  1.77052e-03  0.00000e+00
 -16302.53  6205.9375  1.00000e+00  1.00000e+00  1.83066e-03  0.00000e+00
 -16273.97  6206.5625  1.00000e+00  1.00000e+00  1.96385e-03  0.00000e+00
 -16245.42  6207.1875  1.00000e+00  1.00000e+00  1.94793e-03  0.00000e+00
 -16216.87  6207.8125  1.00000e+00  1.00000e+00  1.92949e-03  0.00000e+00
 -16188.32  6208.4375  1.00000e+00  1.00000e+00  1.95603e-03  0.00000e+00
 -16159.77  6209.0625  1.00000e+00  1.00000e+00  1.86969e-03  0.00000e+00
 -16131.22  6209.6875  1.00000e+00  1.00000e+00  1.93102e-03  0.00000e+00
 -16102.67  6210.3125  1.00000e+00  1.00000e+00  2.03759e-03  0.00000e+00
 -16074.12  6210.9375  1.00000e+00  1.00000e+00  1.89763e-03  0.00000e+00
 -16045.57  6211.5625  1.00000e+00  1.00000e+00  1.63781e-03  0.00000e+00
 -16017.01  6212.1875  1.00000e+00  1.00000e+00  1.52173e-03  0.00000e+00
 -15988.46  6212.8125  1.00000e+00  1.00000e+00  1.65425e-03  0.00000e+00
 -15959.91  6213.4375  1.00000e+00  1.00000e+00  1.85765e-03  0.00000e+00
 -15931.36  6214.0625  1.00000e+00  1.00000e+00  1.90041e-03  0.00000e+00
 -15902.81  6214.6875  1.00000e+00  1.00000e+00  1.90794e-03  0.00000e+00
 -15874.26  6215.3125  1.00000e+00  1.00000e+00  1.94680e-03  0.00000e+00
 -15845.71  6215.9375  1.00000e+00  1.00000e+00  1.92988e-03  0.00000e+00
 -15817.16  6216.5625  1.00000e+00  1.00000e+00  1.85513e-03  0.00000e+00
 -15788.61  6217.1875  1.00000e+00  1.00000e+00  1.83906e-03  0.00000e+00
 -15760.06  6217.8125  1.00000e+00  1.00000e+00  1.82667e-03  0.00000e+00
 -15731.50  6218.4375  1.00000e+00  1.00000e+00  1.79119e-03  0.00000e+00
 -15702.95  6219.0625  1.00000e+00  1.00000e+00  1.76254e-03  0.00000e+00
 -15674.40  6219.6875  1.00000e+00  1.00000e+00  1.79390e-03  0.00000e+00
 -15645.85  6220.3125  1.00000e+00  1.00000e+00  1.76349e-03  0.00000e+00
 -15617.30  6220.9375  1.00000e+00  1.00000e+00  1.71003e-03  0.00000e+00
 -15588.75  6221.5625  1.00000e+00  1.00000e+00  1.81096e-03  0.00000e+00
 -15560.20  6222.1875  1.00000e+00  1.00000e+00  1.97084e-03  0.00000e+00
 -15531.65  6222.8125  1.00000e+00  1.00000e+00  1.94681e-03  0.00000e+00
 -15503.10  6223.4375  1.00000e+00  1.00000e+00  1.88751e-03  0.00000e+00
 -15474.55  6224.0625  1.00000e+00  1.00000e+00  1.95354e-03  0.00000e+00
 -15445.99  6224.6875  1.00000e+00  1.00000e+00  1.98233e-03  0.00000e+00
 -15417.44  6225.3125  1.00000e+00  1.00000e+00  1.91037e-03  0.00000e+00
 -15388.89  6225.9375  1.00000e+00  1.00000e+00  1.88627e-03  0.00000e+00
 -15360.34  6226.5625  1.00000e+00  1.00000e+00  1.85455e-03  0.00000e+00
 -15331.79  6227.1875  1.00000e+00  1.00000e+00  1.75342e-03  0.00000e+00
 -15303.24  6227.8125  1.00000e+00  1.00000e+00  1.77301e-03  0.00000e+00
 -15274.69  6228.4375  1.00000e+00  1.00000e+00  1.81569e-03  0.00000e+00
 -15246.14  6229.0625  1.00000e+00  1.00000e+00  1.80041e-03  0.00000e+00
 -15217.59  6229.6875  1.00000e+00  1.00000e+00  1.78542e-03  0.00000e+00
 -15189.03  6230.3125  1.00000e+00  1.00000e+00  1.81539e-03  0.00000e+00
 -15160.48  6230.9375  1.00000e+00  1.00000e+00  1.96076e-03  0.00000e+00
 -15131.93  6231.5625  1.00000e+00  1.00000e+00  1.96042e-03  0.00000e+00
 -15103.38  6232.1875  1.00000e+00  1.00000e+00  1.89907e-03  0.00000e+00
 -15074.83  6232.8125  1.00000e+00  1.00000e+00  1.84966e-03  0.00000e+00
 -15046.28  6233.4375  1.00000e+00  1.00000e+00  1.83356e-03  0.00000e+00
 -15017.73  6234.0625  1.00000e+00  1.00000e+00  1.84843e-03  0.00000e+00
 -14989.18  6234.6875  1.00000e+00  1.00000e+00  1.90466e-03  0.00000e+00
 -14960.63  6235.3125  1.00000e+00  1.00000e+00  1.97020e-03  0.00000e+00
 -14932.08  6235.9375  1.00000e+00  1.00000e+00  1.90942e-03  0.00000e+00
 -14903.52  6236.5625  1.00000e+00  1.00000e+00  1.80508e-03  0.00000e+00
 -14874.97  6237.1875  1.00000e+00  1.00000e+00  1.88761e-03  0.00000e+00
 -14846.42  6237.8125  1.00000e+00  1.00000e+00  2.03001e-03  0.00000e+00
 -14817.87  6238.4375  1.00000e+00  1.00000e+00  2.01587e-03  0.00000e+00
 -14789.32  6239.0625  1.00000e+00  1.00000e+00  1.93926e-03  0.00000e+00
 -14760.77  6239.6875  1.00000e+00  1.00000e+00  1.90437e-03  0.00000e+00
 -14732.22  6240.3125  1.00000e+00  1.00000e+00  1.90815e-03  0.00000e+00
 -14703.67  6240.9375  1.00000e+00  1.00000e+00  1.81467e-03  0.00000e+00
 -14675.12  6241.5625  1.00000e+00  1.00000e+00  1.73915e-03  0.00000e+00
 -14646.57  6242.1875  1.00000e+00  1.00000e+00  1.66433e-03  0.00000e+00
 -14618.01  6242.8125  1.00000e+00  1.00000e+00  1.56936e-03  0.00000e+00
 -14589.46  6243.4375  1.00000e+00  1.00000e+00  1.54501e-03  0.00000e+00
 -14560.91  6244.0625  1.00000e+00  1.00000e+00  1.65950e-03  0.00000e+00
 -14532.36  6244.6875  1.00000e+00  1.00000e+00  1.74952e-03  0.00000e+00
 -14503.81  6245.3125  1.00000e+00  1.00000e+00  1.79332e-03  0.00000e+00
 -14475.26  6245.9375  1.00000e+00  1.00000e+00  1.80200e-03  0.00000e+00
 -14446.71  6246.5625  1.00000e+00  1.00000e+00  1.78617e-03  0.00000e+00
 -14418.16  6247.1875  1.00000e+00  1.00000e+00  1.71061e-03  0.00000e+00
 -14389.61  6247.8125  1.00000e+00  1.00000e+00  1.63573e-03  0.00000e+00
 -14361.06  6248.4375  1.00000e+00  1.00000e+00  1.64572e-03  0.00000e+00
 -14332.50  6249.0625  1.00000e+00  1.00000e+00  1.68044e-03  0.00000e+00
 -14303.95  6249.6875  1.00000e+00  1.00000e+00  1.69863e-03  0.00000e+00
 -14275.40  6250.3125  1.00000e+00  1.00000e+00  1.68460e-03  0.00000e+00
 -14246.85  6250.9375  1.00000e+00  1.00000e+00  1.79007e-03  0.00000e+00
 -14218.30  6251.5625  1.00000e+00  1.00000e+00  1.91156e-03  0.00000e+00
 -14189.75  6252.1875  1.00000e+00  1.00000e+00  2.00883e-03  0.00000e+00
 -14161.20  6252.8125  1.00000e+00  1.00000e+00  2.08263e-03  0.00000e+00
 -14132.65  6253.4375  1.00000e+00  1.00000e+00  2.02313e-03  0.00000e+00
 -14104.10  6254.0625  1.00000e+00  1.00000e+00  1.82899e-03  0.00000e+00
 -14075.54  6254.6875  1.00000e+00  1.00000e+00  1.80778e-03  0.00000e+00
 -14046.99  6255.3125  1.00000e+00  1.00000e+00  1.95038e-03  0.00000e+00
 -14018.44  6255.9375  1.00000e+00  1.00000e+00  2.01959e-03  0.00000e+00
 -13989.89  6256.5625  1.00000e+00  1.00000e+00  2.00462e-03  0.00000e+00
 -13961.34  6257.1875  1.00000e+00  1.00000e+00  1.96926e-03  0.00000e+00
 -13932.79  6257.8125  1.00000e+00  1.00000e+00  1.95410e-03  0.00000e+00
 -13904.24  6258.4375  1.00000e+00  1.00000e+00  1.87118e-03  0.00000e+00
 -13875.69  6259.0625  1.00000e+00  1.00000e+00  1.82682e-03  0.00000e+00
 -13847.14  6259.6875  1.00000e+00  1.00000e+00  1.87269e-03  0.00000e+00
 -13818.59  6260.3125  1.00000e+00  1.00000e+00  1.95453e-03  0.00000e+00
 -13790.03  6260.9375  1.00000e+00  1.00000e+00  2.05279e-03  0.00000e+00
 -13761.48  6261.5625  1.00000e+00  1.00000e+00  2.06594e-03  0.00000e+00
 -13732.93  6262.1875  1.00000e+00  1.00000e+00  2.10790e-03  0.00000e+00
 -13704.38  6262.8125  1.00000e+00  1.00000e+00  2.11419e-03  0.00000e+00
 -13675.83  6263.4375  1.00000e+00  1.00000e+00  1.97888e-03  0.00000e+00
 -13647.28  6264.0625  1.00000e+00  1.00000e+00  2.02682e-03  0.00000e+00
 -13618.73  6264.6875  1.00000e+00  1.00000e+00  2.13339e-03  0.00000e+00
 -13590.18  6265.3125  1.00000e+00  1.00000e+00  2.12330e-03  0.00000e+00
 -13561.63  6265.9375  1.00000e+00  1.00000e+00  1.96325e-03  0.00000e+00
 -13533.08  6266.5625  1.00000e+00  1.00000e+00  1.82592e-03  0.00000e+00
 -13504.52  6267.1875  1.00000e+00  1.00000e+00  1.81700e-03  0.00000e+00
 -13475.97  6267.8125  1.00000e+00  1.00000e+00  1.80582e-03  0.00000e+00
 -13447.42  6268.4375  1.00000e+00  1.00000e+00  1.90851e-03  0.00000e+00
 -13418.87  6269.0625  1.00000e+00  1.00000e+00  1.98126e-03  0.00000e+00
 -13390.32  6269.6875  1.00000e+00  1.00000e+00  1.88464e-03  0.00000e+00
 -13361.77  6270.3125  1.00000e+00  1.00000e+00  1.76595e-03  0.00000e+00
 -13333.22  6270.9375  1.00000e+00  1.00000e+00  1.73813e-03  0.00000e+00
 -13304.67  6271.5625  1.00000e+00  1.00000e+00  1.80580e-03  0.00000e+00
 -13276.12  6272.1875  1.00000e+00  1.00000e+00  1.80157e-03  0.00000e+00
 -13247.56  6272.8125  1.00000e+00  1.00000e+00  1.82391e-03  0.00000e+00
 -13219.01  6273.4375  1.00000e+00  1.00000e+00  1.77521e-03  0.00000e+00
 -13190.46  6274.0625  1.00000e+00  1.00000e+00  1.75242e-03  0.00000e+00
 -13161.91  6274.6875  1.00000e+00  1.00000e+00  1.78089e-03  0.00000e+00
 -13133.36  6275.3125  1.00000e+00  1.00000e+00  1.80944e-03  0.00000e+00
 -13104.81  6275.9375  1.00000e+00  1.00000e+00  1.89882e-03  0.00000e+00
 -13076.26  6276.5625  1.00000e+00  1.00000e+00  1.90536e-03  0.00000e+00
 -13047.71  6277.1875  1.00000e+00  1.00000e+00  1.88529e-03  0.00000e+00
 -13019.16  6277.8125  1.00000e+00  1.00000e+00  1.87619e-03  0.00000e+00
 -12990.61  6278.4375  1.00000e+00  1.00000e+00  1.96041e-03  0.00000e+00
 -12962.05  6279.0625  1.00000e+00  1.00000e+00  1.91686e-03  0.00000e+00
 -12933.50  6279.6875  1.00000e+00  1.00000e+00  1.77221e-03  0.00000e+00
 -12904.95  6280.3125  1.00000e+00  1.00000e+00  1.72111e-03  0.00000e+00
 -12876.40  6280.9375  1.00000e+00  1.00000e+00  1.73757e-03  0.00000e+00
 -12847.85  6281.5625  1.00000e+00  1.00000e+00  1.76607e-03  0.00000e+00
 -12819.30  6282.1875  1.00000e+00  1.00000e+00  1.77714e-03  0.00000e+00
 -12790.75  6282.8125  1.00000e+00  1.00000e+00  1.71059e-03  0.00000e+00
 -12762.20  6283.4375  1.00000e+00  1.00000e+00  1.71614e-03  0.00000e+00
 -12733.65  6284.0625  1.00000e+00  1.00000e+00  1.66713e-03  0.00000e+00
 -12705.10  6284.6875  1.00000e+00  1.00000e+00  1.55247e-03  0.00000e+00
 -12676.54  6285.3125  1.00000e+00  1.00000e+00  1.57289e-03  0.00000e+00
 -12647.99  6285.9375  1.00000e+00  1.00000e+00  1.58783e-03  0.00000e+00
 -12619.44  6286.5625  1.00000e+00  1.00000e+00  1.60443e-03  0.00000e+00
 -12590.89  6287.1875  1.00000e+00  1.00000e+00  1.68727e-03  0.00000e+00
 -12562.34  6287.8125  1.00000e+00  1.00000e+00  1.77950e-03  0.00000e+00
 -12533.79  6288.4375  1.00000e+00  1.00000e+00  1.67627e-03  0.00000e+00
 -12505.24  6289.0625  1.00000e+00  1.00000e+00  1.69667e-03  0.00000e+00
 -12476.69  6289.6875  1.00000e+00  1.00000e+00  1.84717e-03  0.00000e+00
 -12448.14  6290.3125  1.00000e+00  1.00000e+00  1.90451e-03  0.00000e+00
 -12419.58  6290.9375  1.00000e+00  1.00000e+00  1.85273e-03  0.00000e+00
 -12391.03  6291.5625  1.00000e+00  1.00000e+00  1.86025e-03  0.00000e+00
 -12362.48  6292.1875  1.00000e+00  1.00000e+00  1.84247e-03  0.00000e+00
 -12333.93  6292.8125  1.00000e+00  1.00000e+00  1.77685e-03  0.00000e+00
 -12305.38  6293.4375  1.00000e+00  1.00000e+00  1.75184e-03  0.00000e+00
 -12276.83  6294.0625  1.00000e+00  1.00000e+00  1.66523e-03  0.00000e+00
 -12248.28  6294.6875  1.00000e+00  1.00000e+00  1.56410e-03  0.00000e+00
 -12219.73  6295.3125  1.00000e+00  1.00000e+00  1.55709e-03  0.00000e+00
 -12191.18  6295.9375  1.00000e+00  1.00000e+00  1.61970e-03  0.00000e+00
 -12162.63  6296.5625  1.00000e+00  1.00000e+00  1.70492e-03  0.00000e+00
 -12134.07  6297.1875  1.00000e+00  1.00000e+00  1.80638e-03  0.00000e+00
 -12105.52  6297.8125  1.00000e+00  1.00000e+00  1.89695e-03  0.00000e+00
 -12076.97  6298.4375  1.00000e+00  1.00000e+00  1.82970e-03  0.00000e+00
 -12048.42  6299.0625  1.00000e+00  1.00000e+00  1.72159e-03  0.00000e+00
 -12019.87  6299.6875  1.00000e+00  1.00000e+00  1.77283e-03  0.00000e+00
 -11991.32  6300.3125  1.00000e+00  1.00000e+00  1.86886e-03  0.00000e+00
 -11962.77  6300.9375  1.00000e+00  1.00000e+00  1.85233e-03  0.00000e+00
 -11934.22  6301.5625  1.00000e+00  1.00000e+00  1.79427e-03  0.00000e+00
 -11905.67  6302.1875  1.00000e+00  1.00000e+00  1.84698e-03  0.00000e+00
 -11877.12  6302.8125  1.00000e+00  1.00000e+00  1.84888e-03  0.00000e+00
 -11848.56  6303.4375  1.00000e+00  1.00000e+00  1.94226e-03  0.00000e+00
 -11820.01  6304.0625  1.00000e+00  1.00000e+00  2.05059e-03  0.00000e+00
 -11791.46  6304.6875  1.00000e+00  1.00000e+00  1.95403e-03  0.00000e+00
 -11762.91  6305.3125  1.00000e+00  1.00000e+00  1.91426e-03  0.00000e+00
 -11734.36  6305.9375  1.00000e+00  1.00000e+00  1.93809e-03  0.00000e+00
 -11705.81  6306.5625  1.00000e+00  1.00000e+00  1.89688e-03  0.00000e+00
 -11677.26  6307.1875  1.00000e+00  1.00000e+00  1.83397e-03  0.00000e+00
 -11648.71  6307.8125  1.00000e+00  1.00000e+00  1.85811e-03  0.00000e+00
 -11620.16  6308.4375  1.00000e+00  1.00000e+00  1.80834e-03  0.00000e+00
 -11591.60  6309.0625  1.00000e+00  1.00000e+00  1.73458e-03  0.00000e+00
 -11563.05  6309.6875  1.00000e+00  1.00000e+00  1.69887e-03  0.00000e+00
 -11534.50  6310.3125  1.00000e+00  1.00000e+00  1.73371e-03  0.00000e+00
 -11505.95  6310.9375  1.00000e+00  1.00000e+00  1.75953e-03  0.00000e+00
 -11477.40  6311.5625  1.00000e+00  1.00000e+00  1.81773e-03  0.00000e+00
 -11448.85  6312.1875  1.00000e+00  1.00000e+00  1.89527e-03  0.00000e+00
 -11420.30  6312.8125  1.00000e+00  1.00000e+00  1.81668e-03  0.00000e+00
 -11391.75  6313.4375  1.00000e+00  1.00000e+00  1.75012e-03  0.00000e+00
 -11363.20  6314.0625  1.00000e+00  1.00000e+00  1.75882e-03  0.00000e+00
 -11334.65  6314.6875  1.00000e+00  1.00000e+00  1.81479e-03  0.00000e+00
 -11306.09  6315.3125  1.00000e+00  1.00000e+00  1.98764e-03  0.00000e+00
 -11277.54  6315.9375  1.00000e+00  1.00000e+00  2.12135e-03  0.00000e+00
 -11248.99  6316.5625  1.00000e+00  1.00000e+00  2.09325e-03  0.00000e+00
 -11220.44  6317.1875  1.00000e+00  1.00000e+00  2.09044e-03  0.00000e+00
 -11191.89  6317.8125  1.00000e+00  1.00000e+00  2.09479e-03  0.00000e+00
 -11163.34  6318.4375  1.00000e+00  1.00000e+00  2.05651e-03  0.00000e+00
 -11134.79  6319.0625  1.00000e+00  1.00000e+00  2.04134e-03  0.00000e+00
 -11106.24  6319.6875  1.00000e+00  1.00000e+00  2.08539e-03  0.00000e+00
 -11077.69  6320.3125  1.00000e+00  1.00000e+00  2.05064e-03  0.00000e+00
 -11049.14  6320.9375  1.00000e+00  1.00000e+00  1.82863e-03  0.00000e+00
 -11020.58  6321.5625  1.00000e+00  1.00000e+00  1.76796e-03  0.00000e+00
 -10992.03  6322.1875  1.00000e+00  1.00000e+00  1.95902e-03  0.00000e+00
 -10963.48  6322.8125  1.00000e+00  1.00000e+00  2.14199e-03  0.00000e+00
 -10934.93  6323.4375  1.00000e+00  1.00000e+00  2.10775e-03  0.00000e+00
 -10906.38  6324.0625  1.00000e+00  1.00000e+00  1.94354e-03  0.00000e+00
 -10877.83  6324.6875  1.00000e+00  1.00000e+00  1.82721e-03  0.00000e+00
 -10849.28  6325.3125  1.00000e+00  1.00000e+00  1.88303e-03  0.00000e+00
 -10820.73  6325.9375  1.00000e+00  1.00000e+00  1.84896e-03  0.00000e+00
 -10792.18  6326.5625  1.00000e+00  1.00000e+00  1.76108e-03  0.00000e+00
 -10763.62  6327.1875  1.00000e+00  1.00000e+00  1.82689e-03  0.00000e+00
 -10735.07  6327.8125  1.00000e+00  1.00000e+00  1.84850e-03  0.00000e+00
 -10706.52  6328.4375  1.00000e+00  1.00000e+00  1.93954e-03  0.00000e+00
 -10677.97  6329.0625  1.00000e+00  1.00000e+00  2.06948e-03  0.00000e+00
 -10649.42  6329.6875  1.00000e+00  1.00000e+00  1.98904e-03  0.00000e+00
 -10620.87  6330.3125  1.00000e+00  1.00000e+00  1.84327e-03  0.00000e+00
 -10592.32  6330.9375  1.00000e+00  1.00000e+00  1.86103e-03  0.00000e+00
 -10563.77  6331.5625  1.00000e+00  1.00000e+00  1.94343e-03  0.00000e+00
 -10535.22  6332.1875  1.00000e+00  1.00000e+00  2.04326e-03  0.00000e+00
 -10506.67  6332.8125  1.00000e+00  1.00000e+00  2.09546e-03  0.00000e+00
 -10478.11  6333.4375  1.00000e+00  1.00000e+00  2.09754e-03  0.00000e+00
 -10449.56  6334.0625  1.00000e+00  1.00000e+00  2.07942e-03  0.00000e+00
 -10421.01  6334.6875  1.00000e+00  1.00000e+00  2.05039e-03  0.00000e+00
 -10392.46  6335.3125  1.00000e+00  1.00000e+00  1.92070e-03  0.00000e+00
 -10363.91  6335.9375  1.00000e+00  1.00000e+00  1.86433e-03  0.00000e+00
 -10335.36  6336.5625  1.00000e+00  1.00000e+00  1.82441e-03  0.00000e+00
 -10306.81  6337.1875  1.00000e+00  1.00000e+00  1.77669e-03  0.00000e+00
 -10278.26  6337.8125  1.00000e+00  1.00000e+00  1.81359e-03  0.00000e+00
 -10249.71  6338.4375  1.00000e+00  1.00000e+00  1.92518e-03  0.00000e+00
 -10221.16  6339.0625  1.00000e+00  1.00000e+00  1.92728e-03  0.00000e+00
 -10192.60  6339.6875  1.00000e+00  1.00000e+00  1.88696e-03  0.00000e+00
 -10164.05  6340.3125  1.00000e+00  1.00000e+00  1.95184e-03  0.00000e+00
 -10135.50  6340.9375  1.00000e+00  1.00000e+00  1.97110e-03  0.00000e+00
 -10106.95  6341.5625  1.00000e+00  1.00000e+00  1.81797e-03  0.00000e+00
 -10078.40  6342.1875  1.00000e+00  1.00000e+00  1.69468e-03  0.00000e+00
 -10049.85  6342.8125  1.00000e+00  1.00000e+00  1.71184e-03  0.00000e+00
 -10021.30  6343.4375  1.00000e+00  1.00000e+00  1.77852e-03  0.00000e+00
  -9992.75  6344.0625  1.00000e+00  1.00000e+00  1.74311e-03  0.00000e+00
  -9964.20  6344.6875  1.00000e+00  1.00000e+00  1.74538e-03  0.00000e+00
  -9935.65  6345.3125  1.00000e+00  1.00000e+00  1.85179e-03  0.00000e+00
  -9907.09  6345.9375  1.00000e+00  1.00000e+00  1.91950e-03  0.00000e+00
  -9878.54  6346.5625  1.00000e+00  1.00000e+00  1.90573e-03  0.00000e+00
  -9849.99  6347.1875  1.00000e+00  1.00000e+00  1.89476e-03  0.00000e+00
  -9821.44  6347.8125  1.00000e+00  1.00000e+00  1.89481e-03  0.00000e+00
  -9792.89  6348.4375  1.00000e+00  1.00000e+00  1.89304e-03  0.00000e+00
  -9764.34  6349.0625  1.00000e+00  1.00000e+00  1.81566e-03  0.00000e+00
  -9735.79  6349.6875  1.00000e+00  1.00000e+00  1.76056e-03  0.00000e+00
  -9707.24  6350.3125  1.00000e+00  1.00000e+00  1.84384e-03  0.00000e+00
  -9678.69  6350.9375  1.00000e+00  1.00000e+00  1.90965e-03  0.00000e+00
  -9650.13  6351.5625  1.00000e+00  1.00000e+00  1.92530e-03  0.00000e+00
  -9621.58  6352.1875  1.00000e+00  1.00000e+00  1.89372e-03  0.00000e+00
  -9593.03  6352.8125  1.00000e+00  1.00000e+00  1.87904e-03  0.00000e+00
  -9564.48  6353.4375  1.00000e+00  1.00000e+00  1.86524e-03  0.00000e+00
  -9535.93  6354.0625  1.00000e+00  1.00000e+00  1.83400e-03  0.00000e+00
  -9507.38  6354.6875  1.00000e+00  1.00000e+00  1.70439e-03  0.00000e+00
  -9478.83  6355.3125  1.00000e+00  1.00000e+00  1.64964e-03  0.00000e+00
  -9450.28  6355.9375  1.00000e+00  1.00000e+00  1.67085e-03  0.00000e+00
  -9421.73  6356.5625  1.00000e+00  1.00000e+00  1.72412e-03  0.00000e+00
  -9393.18  6357.1875  1.00000e+00  1.00000e+00  1.82382e-03  0.00000e+00
  -9364.62  6357.8125  1.00000e+00  1.00000e+00  1.84017e-03  0.00000e+00
  -9336.07  6358.4375  1.00000e+00  1.00000e+00  1.77062e-03  0.00000e+00
  -9307.52  6359.0625  1.00000e+00  1.00000e+00  1.75325e-03  0.00000e+00
  -9278.97  6359.6875  1.00000e+00  1.00000e+00  1.80707e-03  0.00000e+00
  -9250.42  6360.3125  1.00000e+00  1.00000e+00  1.95567e-03  0.00000e+00
  -9221.87  6360.9375  1.00000e+00  1.00000e+00  2.01655e-03  0.00000e+00
  -9193.32  6361.5625  1.00000e+00  1.00000e+00  1.92326e-03  0.00000e+00
  -9164.77  6362.1875  1.00000e+00  1.00000e+00  1.86757e-03  0.00000e+00
  -9136.22  6362.8125  1.00000e+00  1.00000e+00  1.87816e-03  0.00000e+00
  -9107.67  6363.4375  1.00000e+00  1.00000e+00  1.77941e-03  0.00000e+00
  -9079.11  6364.0625  1.00000e+00  1.00000e+00  1.74021e-03  0.00000e+00
  -9050.56  6364.6875  1.00000e+00  1.00000e+00  1.76562e-03  0.00000e+00
  -9022.01  6365.3125  1.00000e+00  1.00000e+00  1.76209e-03  0.00000e+00
  -8993.46  6365.9375  1.00000e+00  1.00000e+00  1.73317e-03  0.00000e+00
  -8964.91  6366.5625  1.00000e+00  1.00000e+00  1.78653e-03  0.00000e+00
  -8936.36  6367.1875  1.00000e+00  1.00000e+00  1.92153e-03  0.00000e+00
  -8907.81  6367.8125  1.00000e+00  1.00000e+00  1.90283e-03  0.00000e+00
  -8879.26  6368.4375  1.00000e+00  1.00000e+00  1.89060e-03  0.00000e+00
  -8850.71  6369.0625  1.00000e+00  1.00000e+00  1.89331e-03  0.00000e+00
  -8822.15  6369.6875  1.00000e+00  1.00000e+00  1.87434e-03  0.00000e+00
  -8793.60  6370.3125  1.00000e+00  1.00000e+00  1.88089e-03  0.00000e+00
  -8765.05  6370.9375  1.00000e+00  1.00000e+00  1.74555e-03  0.00000e+00
  -8736.50  6371.5625  1.00000e+00  1.00000e+00  1.62466e-03  0.00000e+00
  -8707.95  6372.1875  1.00000e+00  1.00000e+00  1.63816e-03  0.00000e+00
  -8679.40  6372.8125  1.00000e+00  1.00000e+00  1.66144e-03  0.00000e+00
  -8650.85  6373.4375  1.00000e+00  1.00000e+00  1.69076e-03  0.00000e+00
  -8622.30  6374.0625  1.00000e+00  1.00000e+00  1.76123e-03  0.00000e+00
  -8593.75  6374.6875  1.00000e+00  1.00000e+00  1.79929e-03  0.00000e+00
  -8565.20  6375.3125  1.00000e+00  1.00000e+00  1.91961e-03  0.00000e+00
  -8536.64  6375.9375  1.00000e+00  1.00000e+00  1.96918e-03  0.00000e+00
  -8508.09  6376.5625  1.00000e+00  1.00000e+00  1.92056e-03  0.00000e+00
  -8479.54  6377.1875  1.00000e+00  1.00000e+00  1.99521e-03  0.00000e+00
  -8450.99  6377.8125  1.00000e+00  1.00000e+00  2.03200e-03  0.00000e+00
  -8422.44  6378.4375  1.00000e+00  1.00000e+00  1.91436e-03  0.00000e+00
  -8393.89  6379.0625  1.00000e+00  1.00000e+00  1.81543e-03  0.00000e+00
  -8365.34  6379.6875  1.00000e+00  1.00000e+00  1.74930e-03  0.00000e+00
  -8336.79  6380.3125  1.00000e+00  1.00000e+00  1.82312e-03  0.00000e+00
  -8308.24  6380.9375  1.00000e+00  1.00000e+00  1.98402e-03  0.00000e+00
  -8279.69  6381.5625  1.00000e+00  1.00000e+00  2.01623e-03  0.00000e+00
  -8251.13  6382.1875  1.00000e+00  1.00000e+00  2.01131e-03  0.00000e+00
  -8222.58  6382.8125  1.00000e+00  1.00000e+00  1.90923e-03  0.00000e+00
  -8194.03  6383.4375  1.00000e+00  1.00000e+00  1.72502e-03  0.00000e+00
  -8165.48  6384.0625  1.00000e+00  1.00000e+00  1.70966e-03  0.00000e+00
  -8136.93  6384.6875  1.00000e+00  1.00000e+00  1.82892e-03  0.00000e+00
  -8108.38  6385.3125  1.00000e+00  1.00000e+00  1.86506e-03  0.00000e+00
  -8079.83  6385.9375  1.00000e+00  1.00000e+00  1.82608e-03  0.00000e+00
  -8051.28  6386.5625  1.00000e+00  1.00000e+00  1.90682e-03  0.00000e+00
  -8022.73  6387.1875  1.00000e+00  1.00000e+00  2.09386e-03  0.00000e+00
  -7994.17  6387.8125  1.00000e+00  1.00000e+00  2.01753e-03  0.00000e+00
  -7965.62  6388.4375  1.00000e+00  1.00000e+00  1.78160e-03  0.00000e+00
  -7937.07  6389.0625  1.00000e+00  1.00000e+00  1.66481e-03  0.00000e+00
  -7908.52  6389.6875  1.00000e+00  1.00000e+00  1.68485e-03  0.00000e+00
  -7879.97  6390.3125  1.00000e+00  1.00000e+00  1.75408e-03  0.00000e+00
  -7851.42  6390.9375  1.00000e+00  1.00000e+00  1.73986e-03  0.00000e+00
  -7822.87  6391.5625  1.00000e+00  1.00000e+00  1.64556e-03  0.00000e+00
  -7794.32  6392.1875  1.00000e+00  1.00000e+00  1.61917e-03  0.00000e+00
  -7765.77  6392.8125  1.00000e+00  1.00000e+00  1.67465e-03  0.00000e+00
  -7737.22  6393.4375  1.00000e+00  1.00000e+00  1.68726e-03  0.00000e+00
  -7708.66  6394.0625  1.00000e+00  1.00000e+00  1.73704e-03  0.00000e+00
  -7680.11  6394.6875  1.00000e+00  1.00000e+00  1.68860e-03  0.00000e+00
  -7651.56  6395.3125  1.00000e+00  1.00000e+00  1.71750e-03  0.00000e+00
  -7623.01  6395.9375  1.00000e+00  1.00000e+00  1.79185e-03  0.00000e+00
  -7594.46  6396.5625  1.00000e+00  1.00000e+00  1.83450e-03  0.00000e+00
  -7565.91  6397.1875  1.00000e+00  1.00000e+00  1.97147e-03  0.00000e+00
  -7537.36  6397.8125  1.00000e+00  1.00000e+00  2.07782e-03  0.00000e+00
  -7508.81  6398.4375  1.00000e+00  1.00000e+00  2.03923e-03  0.00000e+00
  -7480.26  6399.0625  1.00000e+00  1.00000e+00  1.89502e-03  0.00000e+00
  -7451.71  6399.6875  1.00000e+00  1.00000e+00  1.78754e-03  0.00000e+00
  -7423.15  6400.3125  1.00000e+00  1.00000e+00  1.69777e-03  0.00000e+00
  -7394.60  6400.9375  1.00000e+00  1.00000e+00  1.61554e-03  0.00000e+00
  -7366.05  6401.5625  1.00000e+00  1.00000e+00  1.67848e-03  0.00000e+00
  -7337.50  6402.1875  1.00000e+00  1.00000e+00  1.72686e-03  0.00000e+00
  -7308.95  6402.8125  1.00000e+00  1.00000e+00  1.65468e-03  0.00000e+00
  -7280.40  6403.4375  1.00000e+00  1.00000e+00  1.61403e-03  0.00000e+00
  -7251.85  6404.0625  1.00000e+00  1.00000e+00  1.71857e-03  0.00000e+00
  -7223.30  6404.6875  1.00000e+00  1.00000e+00  1.86728e-03  0.00000e+00
  -7194.75  6405.3125  1.00000e+00  1.00000e+00  1.97722e-03  0.00000e+00
  -7166.19  6405.9375  1.00000e+00  1.00000e+00  1.98310e-03  0.00000e+00
  -7137.64  6406.5625  1.00000e+00  1.00000e+00  1.83944e-03  0.00000e+00
  -7109.09  6407.1875  1.00000e+00  1.00000e+00  1.73903e-03  0.00000e+00
  -7080.54  6407.8125  1.00000e+00  1.00000e+00  1.73682e-03  0.00000e+00
  -7051.99  6408.4375  1.00000e+00  1.00000e+00  1.81870e-03  0.00000e+00
  -7023.44  6409.0625  1.00000e+00  1.00000e+00  1.76564e-03  0.00000e+00
  -6994.89  6409.6875  1.00000e+00  1.00000e+00  1.64207e-03  0.00000e+00
  -6966.34  6410.3125  1.00000e+00  1.00000e+00  1.71279e-03  0.00000e+00
  -6937.79  6410.9375  1.00000e+00  1.00000e+00  1.79608e-03  0.00000e+00
  -6909.24  6411.5625  1.00000e+00  1.00000e+00  1.82473e-03  0.00000e+00
  -6880.68  6412.1875  1.00000e+00  1.00000e+00  1.90840e-03  0.00000e+00
  -6852.13  6412.8125  1.00000e+00  1.00000e+00  1.82983e-03  0.00000e+00
  -6823.58  6413.4375  1.00000e+00  1.00000e+00  1.71529e-03  0.00000e+00
  -6795.03  6414.0625  1.00000e+00  1.00000e+00  1.78678e-03  0.00000e+00
  -6766.48  6414.6875  1.00000e+00  1.00000e+00  1.77845e-03  0.00000e+00
  -6737.93  6415.3125  1.00000e+00  1.00000e+00  1.75617e-03  0.00000e+00
  -6709.38  6415.9375  1.00000e+00  1.00000e+00  1.80085e-03  0.00000e+00
  -6680.83  6416.5625  1.00000e+00  1.00000e+00  1.83289e-03  0.00000e+00
  -6652.28  6417.1875  1.00000e+00  1.00000e+00  1.86664e-03  0.00000e+00
  -6623.73  6417.8125  1.00000e+00  1.00000e+00  1.92482e-03  0.00000e+00
  -6595.17  6418.4375  1.00000e+00  1.00000e+00  1.86963e-03  0.00000e+00
  -6566.62  6419.0625  1.00000e+00  1.00000e+00  1.80573e-03  0.00000e+00
  -6538.07  6419.6875  1.00000e+00  1.00000e+00  1.81936e-03  0.00000e+00
  -6509.52  6420.3125  1.00000e+00  1.00000e+00  1.85299e-03  0.00000e+00
  -6480.97  6420.9375  1.00000e+00  1.00000e+00  1.88798e-03  0.00000e+00
  -6452.42  6421.5625  1.00000e+00  1.00000e+00  1.84064e-03  0.00000e+00
  -6423.87  6422.1875  1.00000e+00  1.00000e+00  1.85597e-03  0.00000e+00
  -6395.32  6422.8125  1.00000e+00  1.00000e+00  1.89894e-03  0.00000e+00
  -6366.77  6423.4375  1.00000e+00  1.00000e+00  1.89190e-03  0.00000e+00
  -6338.21  6424.0625  1.00000e+00  1.00000e+00  1.77211e-03  0.00000e+00
  -6309.66  6424.6875  1.00000e+00  1.00000e+00  1.77107e-03  0.00000e+00
  -6281.11  6425.3125  1.00000e+00  1.00000e+00  1.83656e-03  0.00000e+00
  -6252.56  6425.9375  1.00000e+00  1.00000e+00  1.84716e-03  0.00000e+00
  -6224.01  6426.5625  1.00000e+00  1.00000e+00  1.80173e-03  0.00000e+00
  -6195.46  6427.1875  1.00000e+00  1.00000e+00  1.77076e-03  0.00000e+00
  -6166.91  6427.8125  1.00000e+00  1.00000e+00  1.72908e-03  0.00000e+00
  -6138.36  6428.4375  1.00000e+00  1.00000e+00  1.64197e-03  0.00000e+00
  -6109.81  6429.0625  1.00000e+00  1.00000e+00  1.67313e-03  0.00000e+00
  -6081.26  6429.6875  1.00000e+00  1.00000e+00  1.80212e-03  0.00000e+00
  -6052.70  6430.3125  1.00000e+00  1.00000e+00  1.88512e-03  0.00000e+00
  -6024.15  6430.9375  1.00000e+00  1.00000e+00  1.87872e-03  0.00000e+00
  -5995.60  6431.5625  1.00000e+00  1.00000e+00  1.80087e-03  0.00000e+00
  -5967.05  6432.1875  1.00000e+00  1.00000e+00  1.79572e-03  0.00000e+00
  -5938.50  6432.8125  1.00000e+00  1.00000e+00  1.86317e-03  0.00000e+00
  -5909.95  6433.4375  1.00000e+00  1.00000e+00  1.85236e-03  0.00000e+00
  -5881.40  6434.0625  1.00000e+00  1.00000e+00  1.78443e-03  0.00000e+00
  -5852.85  6434.6875  1.00000e+00  1.00000e+00  1.67881e-03  0.00000e+00
  -5824.30  6435.3125  1.00000e+00  1.00000e+00  1.64371e-03  0.00000e+00
  -5795.75  6435.9375  1.00000e+00  1.00000e+00  1.74271e-03  0.00000e+00
  -5767.19  6436.5625  1.00000e+00  1.00000e+00  1.75263e-03  0.00000e+00
  -5738.64  6437.1875  1.00000e+00  1.00000e+00  1.75938e-03  0.00000e+00
  -5710.09  6437.8125  1.00000e+00  1.00000e+00  1.77963e-03  0.00000e+00
  -5681.54  6438.4375  1.00000e+00  1.00000e+00  1.78984e-03  0.00000e+00
  -5652.99  6439.0625  1.00000e+00  1.00000e+00  1.80142e-03  0.00000e+00
  -5624.44  6439.6875  1.00000e+00  1.00000e+00  1.86939e-03  0.00000e+00
  -5595.89  6440.3125  1.00000e+00  1.00000e+00  1.89373e-03  0.00000e+00
  -5567.34  6440.9375  1.00000e+00  1.00000e+00  1.89930e-03  0.00000e+00
  -5538.79  6441.5625  1.00000e+00  1.00000e+00  1.88792e-03  0.00000e+00
  -5510.24  6442.1875  1.00000e+00  1.00000e+00  1.88687e-03  0.00000e+00
  -5481.68  6442.8125  1.00000e+00  1.00000e+00  1.87068e-03  0.00000e+00
  -5453.13  6443.4375  9.99999e-01  9.99999e-01  1.73424e-03  0.00000e+00
  -5424.58  6444.0625  9.99998e-01  9.99999e-01  1.69906e-03  0.00000e+00
  -5396.03  6444.6875  9.99997e-01  9.99998e-01  1.74396e-03  0.00000e+00
  -5367.48  6445.3125  9.99995e-01  9.99996e-01  1.88672e-03  0.00000e+00
  -5338.93  6445.9375  9.99991e-01  9.99992e-01  2.00685e-03  0.00000e+00
  -5310.38  6446.5625  9.99985e-01  9.99987e-01  1.91198e-03  0.00000e+00
  -5281.83  6447.1875  9.99975e-01  9.99977e-01  1.71322e-03  0.00000e+00
  -5253.28  6447.8125  9.99959e-01  9.99962e-01  1.75243e-03  0.00000e+00
  -5224.72  6448.4375  9.99932e-01  9.99938e-01  1.84472e-03  0.00000e+00
  -5196.17  6449.0625  9.99889e-01  9.99898e-01  1.77050e-03  0.00000e+00
  -5167.62  6449.6875  9.99823e-01  9.99836e-01  1.73919e-03  0.00000e+00
  -5139.07  6450.3125  9.99721e-01  9.99741e-01  1.91537e-03  0.00000e+00
  -5110.52  6450.9375  9.99567e-01  9.99595e-01  2.00696e-03  0.00000e+00
  -5081.97  6451.5625  9.99335e-01  9.99376e-01  1.99204e-03  0.00000e+00
  -5053.42  6452.1875  9.98994e-01  9.99051e-01  2.00687e-03  0.00000e+00
  -5024.87  6452.8125  9.98498e-01  9.98578e-01  1.85922e-03  0.00000e+00
  -4996.32  6453.4375  9.97789e-01  9.97898e-01  1.69974e-03  0.00000e+00
  -4967.77  6454.0625  9.96788e-01  9.96935e-01  1.77561e-03  0.00000e+00
  -4939.21  6454.6875  9.95396e-01  9.95590e-01  1.84044e-03  0.00000e+00
  -4910.66  6455.3125  9.93490e-01  9.93742e-01  1.71968e-03  0.00000e+00
  -4882.11  6455.9375  9.90916e-01  9.91239e-01  1.60238e-03  0.00000e+00
  -4853.56  6456.5625  9.87492e-01  9.87897e-01  1.62790e-03  0.00000e+00
  -4825.01  6457.1875  9.83002e-01  9.83502e-01  1.69067e-03  0.00000e+00
  -4796.46  6457.8125  9.77202e-01  9.77807e-01  1.76046e-03  0.00000e+00
  -4767.91  6458.4375  9.69816e-01  9.70536e-01  1.75794e-03  0.00000e+00
  -4739.36  6459.0625  9.60549e-01  9.61389e-01  1.79051e-03  0.00000e+00
  -4710.81  6459.6875  9.49090e-01  9.50052e-01  1.77255e-03  0.00000e+00
  -4682.26  6460.3125  9.35127e-01  9.36205e-01  1.67362e-03  0.00000e+00
  -4653.70  6460.9375  9.18359e-01  9.19543e-01  1.69950e-03  0.00000e+00
  -4625.15  6461.5625  8.98517e-01  8.99788e-01  1.74225e-03  0.00000e+00
  -4596.60  6462.1875  8.75377e-01  8.76710e-01  1.74785e-03  0.00000e+00
  -4568.05  6462.8125  8.48784e-01  8.50146e-01  1.68008e-03  0.00000e+00
  -4539.50  6463.4375  8.18667e-01  8.20019e-01  1.52520e-03  0.00000e+00
  -4510.95  6464.0625  7.85054e-01  7.86353e-01  1.39406e-03  0.00000e+00
  -4482.40  6464.6875  7.48086e-01  7.49286e-01  1.50267e-03  1.37595e-05
  -4453.85  6465.3125  7.08017e-01  7.09075e-01  1.60818e-03  1.34899e-03
  -4425.30  6465.9375  6.65220e-01  6.66092e-01  1.53542e-03  3.70771e-02
  -4396.74  6466.5625  6.20168e-01  6.20824e-01  1.47049e-03  3.12854e-01
  -4368.19  6467.1875  5.73336e-01  5.73849e-01  1.52724e-03  1.01961e+00
  -4339.64  6467.8125  5.24819e-01  5.25819e-01  1.57241e-03  2.97528e+00
  -4311.09  6468.4375  4.75260e-01  4.74261e-01  1.44875e-03  1.43938e+01
  -4282.54  6469.0625  4.26745e-01  4.26232e-01  1.36700e-03  3.56579e+01
  -4253.99  6469.6875  3.79915e-01  3.79259e-01  1.36450e-03  4.31764e+01
  -4225.44  6470.3125  3.34867e-01  3.33994e-01  1.21528e-03  3.79938e+01
  -4196.89  6470.9375  2.92074e-01  2.91016e-01  9.92635e-04  3.00365e+01
  -4168.34  6471.5625  2.52011e-01  2.50810e-01  8.72160e-04  2.82333e+01
  -4139.79  6472.1875  2.15049e-01  2.13749e-01  8.22759e-04  3.13073e+01
  -4111.23  6472.8125  1.81443e-01  1.80091e-01  7.58473e-04  3.43647e+01
  -4082.68  6473.4375  1.51334e-01  1.49972e-01  5.98448e-04  4.06273e+01
  -4054.13  6474.0625  1.24749e-01  1.23416e-01  5.69490e-04  4.23898e+01
  -4025.58  6474.6875  1.01619e-01  1.00347e-01  6.22925e-04  3.72509e+01
  -3997.03  6475.3125  8.17862e-02  8.06022e-02  5.88577e-04  3.57222e+01
  -3968.48  6475.9375  6.50289e-02  6.39506e-02  5.32668e-04  3.34287e+01
  -3939.93  6476.5625  5.10763e-02  5.01149e-02  5.04997e-04  3.36816e+01
  -3911.38  6477.1875  3.96285e-02  3.87884e-02  4.96257e-04  4.11127e+01
  -3882.83  6477.8125  3.03728e-02  2.96529e-02  4.43606e-04  3.73412e+01
  -3854.28  6478.4375  2.29989e-02  2.23936e-02  3.64794e-04  3.22470e+01
  -3825.72  6479.0625  1.72103e-02  1.67107e-02  3.56552e-04  3.51465e+01
  -3797.17  6479.6875  1.27330e-02  1.23279e-02  3.94998e-04  3.40991e+01
  -3768.62  6480.3125  9.32122e-03  8.99853e-03  3.90065e-04  2.47240e+01
  -3740.07  6480.9375  6.76001e-03  6.50738e-03  3.63855e-04  1.74789e+01
  -3711.52  6481.5625  4.86629e-03  4.67187e-03  3.87864e-04  2.56812e+01
  -3682.97  6482.1875  3.48753e-03  3.34042e-03  4.48576e-04  4.20020e+01
  -3654.42  6482.8125  2.49946e-03  2.38998e-03  4.76760e-04  5.77391e+01
  -3625.87  6483.4375  1.80292e-03  1.72279e-03  4.57295e-04  7.08876e+01
  -3597.32  6484.0625  1.32038e-03  1.26267e-03  3.49033e-04  7.75465e+01
  -3568.76  6484.6875  9.92398e-04  9.51509e-04  2.60021e-04  8.62530e+01
  -3540.21  6485.3125  7.74270e-04  7.45757e-04  2.29784e-04  9.60917e+01
  -3511.66  6485.9375  6.32983e-04  6.13415e-04  2.33266e-04  1.12707e+02
  -3483.11  6486.5625  5.44610e-04  5.31385e-04  3.02906e-04  1.24142e+02
  -3454.56  6487.1875  4.92115e-04  4.83312e-04  3.25000e-04  1.18056e+02
  -3426.01  6487.8125  4.63581e-04  4.57812e-04  2.89277e-04  1.16419e+02
  -3397.46  6488.4375  4.50813e-04  4.47082e-04  3.06969e-04  1.24948e+02
  -3368.91  6489.0625  4.48275e-04  4.45893e-04  2.69143e-04  1.44857e+02
  -3340.36  6489.6875  4.52290e-04  4.50786e-04  2.54196e-04  1.62307e+02
  -3311.81  6490.3125  4.60456e-04  4.59514e-04  2.82865e-04  1.71194e+02
  -3283.25  6490.9375  4.71231e-04  4.70643e-04  2.83717e-04  1.79748e+02
  -3254.70  6491.5625  4.83640e-04  4.83266e-04  2.68972e-04  1.93038e+02
  -3226.15  6492.1875  4.97082e-04  4.96842e-04  2.88640e-04  2.05567e+02
  -3197.60  6492.8125  5.11187e-04  5.11028e-04  3.13843e-04  2.14428e+02
  -3169.05  6493.4375  5.25733e-04  5.25617e-04  3.51619e-04  2.22191e+02
  -3140.50  6494.0625  5.40593e-04  5.40507e-04  3.45651e-04  2.33256e+02
  -3111.95  6494.6875  5.55693e-04  5.55617e-04  3.09332e-04  2.41899e+02
  -3083.40  6495.3125  5.70992e-04  5.70927e-04  2.45939e-04  2.54443e+02
  -3054.85  6495.9375  5.86466e-04  5.86403e-04  2.01728e-04  2.71286e+02
  -3026.30  6496.5625  6.02105e-04  6.02043e-04  2.18524e-04  2.75513e+02
  -2997.74  6497.1875  6.17906e-04  6.17844e-04  3.67789e-04  2.84038e+02
  -2969.19  6497.8125  6.33869e-04  6.33807e-04  4.42087e-04  2.92899e+02
  -2940.64  6498.4375  6.49995e-04  6.49932e-04  4.24172e-04  2.91624e+02
  -2912.09  6499.0625  6.66286e-04  6.66222e-04  5.27452e-04  2.96290e+02
  -2883.54  6499.6875  6.82745e-04  6.82679e-04  6.01285e-04  3.09105e+02
  -2854.99  6500.3125  6.99374e-04  6.99308e-04  5.84116e-04  3.24707e+02
  -2826.44  6500.9375  7.16178e-04  7.16110e-04  5.06276e-04  3.33474e+02
  -2797.89  6501.5625  7.33158e-04  7.33089e-04  4.48795e-04  3.46935e+02
  -2769.34  6502.1875  7.50316e-04  7.50248e-04  4.66182e-04  3.64016e+02
  -2740.78  6502.8125  7.67656e-04  7.67583e-04  4.74860e-04  3.82944e+02
  -2712.23  6503.4375  7.85185e-04  7.85112e-04  4.73501e-04  3.99189e+02
  -2683.68  6504.0625  8.02903e-04  8.02831e-04  5.46124e-04  4.08922e+02
  -2655.13  6504.6875  8.20813e-04  8.20736e-04  6.08662e-04  4.19322e+02
  -2626.58  6505.3125  8.38921e-04  8.38846e-04  6.02575e-04  4.47372e+02
  -2598.03  6505.9375  8.57230e-04  8.57149e-04  7.15392e-04  4.82269e+02
  -2569.48  6506.5625  8.75744e-04  8.75666e-04  7.76749e-04  4.92325e+02
  -2540.93  6507.1875  8.94467e-04  8.94385e-04  5.86072e-04  4.93233e+02
  -2512.38  6507.8125  9.13404e-04  9.13318e-04  4.97510e-04  4.97991e+02
  -2483.83  6508.4375  9.32561e-04  9.32478e-04  6.23995e-04  4.99395e+02
  -2455.27  6509.0625  9.51941e-04  9.51854e-04  7.06723e-04  5.12836e+02
  -2426.72  6509.6875  9.71548e-04  9.71458e-04  6.49032e-04  5.40029e+02
  -2398.17  6510.3125  9.91392e-04  9.91297e-04  6.18906e-04  5.57841e+02
  -2369.62  6510.9375  1.01148e-03  1.01139e-03  5.65628e-04  5.53212e+02
  -2341.07  6511.5625  1.03181e-03  1.03171e-03  5.05264e-04  5.51039e+02
  -2312.52  6512.1875  1.05239e-03  1.05229e-03  4.89727e-04  5.68670e+02
  -2283.97  6512.8125  1.07322e-03  1.07312e-03  5.58685e-04  6.04992e+02
  -2255.42  6513.4375  1.09433e-03  1.09422e-03  6.65535e-04  6.31906e+02
  -2226.87  6514.0625  1.11570e-03  1.11560e-03  6.81829e-04  6.48083e+02
  -2198.32  6514.6875  1.13736e-03  1.13725e-03  7.07354e-04  6.57258e+02
  -2169.76  6515.3125  1.15931e-03  1.15919e-03  7.63474e-04  6.72582e+02
  -2141.21  6515.9375  1.18155e-03  1.18144e-03  7.92982e-04  6.98738e+02
  -2112.66  6516.5625  1.20410e-03  1.20397e-03  8.90895e-04  7.18991e+02
  -2084.11  6517.1875  1.22696e-03  1.22684e-03  9.34194e-04  7.26646e+02
  -2055.56  6517.8125  1.25015e-03  1.25002e-03  1.03032e-03  7.27695e+02
  -2027.01  6518.4375  1.27368e-03  1.27355e-03  9.96435e-04  7.29677e+02
  -1998.46  6519.0625  1.29755e-03  1.29741e-03  8.24936e-04  7.48102e+02
  -1969.91  6519.6875  1.32177e-03  1.32163e-03  9.28140e-04  7.67445e+02
  -1941.36  6520.3125  1.34637e-03  1.34623e-03  1.10831e-03  7.71178e+02
  -1912.80  6520.9375  1.37134e-03  1.37119e-03  9.60006e-04  7.72251e+02
  -1884.25  6521.5625  1.39671e-03  1.39656e-03  7.78426e-04  8.05262e+02
  -1855.70  6522.1875  1.42248e-03  1.42233e-03  8.29931e-04  8.39906e+02
  -1827.15  6522.8125  1.44867e-03  1.44850e-03  9.47759e-04  8.51536e+02
  -1798.60  6523.4375  1.47529e-03  1.47512e-03  1.01338e-03  8.47551e+02
  -1770.05  6524.0625  1.50235e-03  1.50218e-03  1.01441e-03  8.41363e+02
  -1741.50  6524.6875  1.52988e-03  1.52970e-03  1.02171e-03  8.39938e+02
  -1712.95  6525.3125  1.55788e-03  1.55769e-03  1.01738e-03  8.42162e+02
  -1684.40  6525.9375  1.58638e-03  1.58618e-03  1.05263e-03  8.58834e+02
  -1655.85  6526.5625  1.61539e-03  1.61519e-03  1.16985e-03  8.81035e+02
  -1627.29  6527.1875  1.64493e-03  1.64472e-03  1.20942e-03  9.10161e+02
  -1598.74  6527.8125  1.67502e-03  1.67480e-03  1.14139e-03  9.45442e+02
  -1570.19  6528.4375  1.70569e-03  1.70547e-03  1.11712e-03  9.58228e+02
  -1541.64  6529.0625  1.73696e-03  1.73672e-03  1.24713e-03  9.58040e+02
  -1513.09  6529.6875  1.76884e-03  1.76860e-03  1.35362e-03  9.63791e+02
  -1484.54  6530.3125  1.80138e-03  1.80112e-03  1.20394e-03  9.43377e+02
  -1455.99  6530.9375  1.83460e-03  1.83433e-03  1.06480e-03  9.29358e+02
  -1427.44  6531.5625  1.86853e-03  1.86825e-03  1.21883e-03  9.60921e+02
  -1398.89  6532.1875  1.90321e-03  1.90291e-03  1.34657e-03  9.89978e+02
  -1370.34  6532.8125  1.93869e-03  1.93836e-03  1.24744e-03  9.95034e+02
  -1341.78  6533.4375  1.97501e-03  1.97466e-03  1.16054e-03  9.95352e+02
  -1313.23  6534.0625  2.01226e-03  2.01187e-03  1.20043e-03  1.01078e+03
  -1284.68  6534.6875  2.05053e-03  2.05009e-03  1.28384e-03  1.02122e+03
  -1256.13  6535.3125  2.08996e-03  2.08944e-03  1.30980e-03  1.01656e+03
  -1227.58  6535.9375  2.13078e-03  2.13014e-03  1.32158e-03  1.03330e+03
  -1199.03  6536.5625  2.17331e-03  2.17248e-03  1.49557e-03  1.05350e+03
  -1170.48  6537.1875  2.21805e-03  2.21694e-03  1.56905e-03  1.05819e+03
  -1141.93  6537.8125  2.26581e-03  2.26425e-03  1.38606e-03  1.06342e+03
  -1113.38  6538.4375  2.31780e-03  2.31555e-03  1.22866e-03  1.06217e+03
  -1084.83  6539.0625  2.37589e-03  2.37260e-03  1.27978e-03  1.04441e+03
  -1056.27  6539.6875  2.44293e-03  2.43807e-03  1.32006e-03  1.04491e+03
  -1027.72  6540.3125  2.52320e-03  2.51601e-03  1.26070e-03  1.06405e+03
   -999.17  6540.9375  2.62302e-03  2.61241e-03  1.37196e-03  1.06914e+03
   -970.62  6541.5625  2.75159e-03  2.73607e-03  1.64289e-03  1.05991e+03
   -942.07  6542.1875  2.92211e-03  2.89964e-03  1.88679e-03  1.05591e+03
   -913.52  6542.8125  3.15320e-03  3.12105e-03  1.87966e-03  1.04991e+03
   -884.97  6543.4375  3.47070e-03  3.42532e-03  1.72116e-03  1.05753e+03
   -856.42  6544.0625  3.90985e-03  3.84669e-03  1.63540e-03  1.06076e+03
   -827.87  6544.6875  4.51784e-03  4.43121e-03  1.65347e-03  1.05324e+03
   -799.31  6545.3125  5.35677e-03  5.23975e-03  1.81596e-03  1.06161e+03
   -770.76  6545.9375  6.50683e-03  6.35122e-03  1.85754e-03  1.10162e+03
   -742.21  6546.5625  8.06960e-03  7.86593e-03  1.80104e-03  1.12357e+03
   -713.66  6547.1875  1.01712e-02  9.90895e-03  1.83892e-03  1.10662e+03
   -685.11  6547.8125  1.29651e-02  1.26329e-02  2.03903e-03  1.08776e+03
   -656.56  6548.4375  1.66340e-02  1.62202e-02  2.17406e-03  1.08023e+03
   -628.01  6549.0625  2.13903e-02  2.08837e-02  2.10498e-03  1.08615e+03
   -599.46  6549.6875  2.74753e-02  2.68658e-02  2.15753e-03  1.08139e+03
   -570.91  6550.3125  3.51558e-02  3.44356e-02  2.38724e-03  1.06696e+03
   -542.36  6550.9375  4.47182e-02  4.38827e-02  2.57080e-03  1.07036e+03
   -513.80  6551.5625  5.64600e-02  5.55091e-02  2.50687e-03  1.09611e+03
   -485.25  6552.1875  7.06785e-02  6.96174e-02  2.28361e-03  1.12495e+03
   -456.70  6552.8125  8.76567e-02  8.64969e-02  2.24340e-03  1.12705e+03
   -428.15  6553.4375  1.07647e-01  1.06407e-01  2.28254e-03  1.10283e+03
   -399.60  6554.0625  1.30855e-01  1.29559e-01  2.30700e-03  1.09142e+03
   -371.05  6554.6875  1.57420e-01  1.56101e-01  2.29870e-03  1.10347e+03
   -342.50  6555.3125  1.87402e-01  1.86095e-01  2.19813e-03  1.11108e+03
   -313.95  6555.9375  2.20764e-01  2.19511e-01  2.10418e-03  1.11675e+03
   -285.40  6556.5625  2.57365e-01  2.56208e-01  2.28827e-03  1.11294e+03
   -256.85  6557.1875  2.96956e-01  2.95937e-01  2.52160e-03  1.11129e+03
   -228.29  6557.8125  3.39193e-01  3.38335e-01  2.51833e-03  1.11510e+03
   -199.74  6558.4375  3.83718e-01  3.82939e-01  2.49454e-03  1.12170e+03
   -171.19  6559.0625  4.30179e-01  4.29617e-01  2.49453e-03  1.12169e+03
   -142.64  6559.6875  4.77925e-01  4.77855e-01  2.34201e-03  1.12009e+03
   -114.09  6560.3125  5.26002e-01  5.26187e-01  2.23097e-03  1.09771e+03
    -85.54  6560.9375  5.73598e-01  5.74053e-01  2.35240e-03  1.07522e+03
    -56.99  6561.5625  6.20068e-01  6.20696e-01  2.41005e-03  1.06842e+03
    -28.44  6562.1875  6.64827e-01  6.65747e-01  2.47914e-03  1.08564e+03
      0.11  6562.8125  7.07310e-01  7.08328e-01  2.60394e-03  1.11125e+03
     28.67  6563.4375  7.47122e-01  7.48271e-01  2.68355e-03  1.12691e+03
     57.22  6564.0625  7.83956e-01  7.85205e-01  2.77144e-03  1.12197e+03
     85.77  6564.6875  8.17564e-01  8.18869e-01  2.71471e-03  1.09578e+03
    114.32  6565.3125  8.47794e-01  8.49116e-01  2.45139e-03  1.08754e+03
    142.87  6565.9375  8.74603e-01  8.75904e-01  2.31002e-03  1.09344e+03
    171.42  6566.5625  8.98041e-01  8.99289e-01  2.48513e-03  1.08069e+03
    199.97  6567.1875  9.18242e-01  9.19412e-01  2.67194e-03  1.07863e+03
    228.52  6567.8125  9.35405e-01  9.36477e-01  2.64401e-03  1.07631e+03
    257.07  6568.4375  9.49779e-01  9.50742e-01  2.64441e-03  1.06145e+03
    285.62  6569.0625  9.61644e-01  9.62493e-01  2.64660e-03  1.06625e+03
    314.18  6569.6875  9.71298e-01  9.72031e-01  2.64329e-03  1.06701e+03
    342.73  6570.3125  9.79037e-01  9.79658e-01  2.70318e-03  1.05640e+03
    371.28  6570.9375  9.85150e-01  9.85668e-01  2.74039e-03  1.04236e+03
    399.83  6571.5625  9.89906e-01  9.90329e-01  2.68196e-03  1.03613e+03
    428.38  6572.1875  9.93549e-01  9.93889e-01  2.67177e-03  1.04655e+03
    456.93  6572.8125  9.96295e-01  9.96564e-01  2.59492e-03  1.05086e+03
    485.48  6573.4375  9.98330e-01  9.98539e-01  2.52883e-03  1.04207e+03
    514.03  6574.0625  9.99811e-01  9.99971e-01  2.38174e-03  1.03347e+03
    542.58  6574.6875  1.00087e+00  1.00099e+00  2.27050e-03  1.03877e+03
    571.13  6575.3125  1.00161e+00  1.00169e+00  2.27101e-03  1.02992e+03
    599.69  6575.9375  1.00211e+00  1.00217e+00  2.27634e-03  1.01852e+03
    628.24  6576.5625  1.00243e+00  1.00248e+00  2.31618e-03  1.01464e+03
    656.79  6577.1875  1.00264e+00  1.00267e+00  2.53643e-03  1.01610e+03
    685.34  6577.8125  1.00275e+00  1.00277e+00  2.62509e-03  9.97543e+02
    713.89  6578.4375  1.00281e+00  1.00282e+00  2.53948e-03  9.86413e+02
    742.44  6579.0625  1.00282e+00  1.00283e+00  2.56325e-03  9.81907e+02
    770.99  6579.6875  1.00281e+00  1.00282e+00  2.68136e-03  9.99863e+02
    799.54  6580.3125  1.00279e+00  1.00279e+00  2.66146e-03  1.01493e+03
    828.09  6580.9375  1.00275e+00  1.00275e+00  2.58101e-03  9.95359e+02
    856.65  6581.5625  1.00270e+00  1.00270e+00  2.47264e-03  9.70100e+02
    885.20  6582.1875  1.00265e+00  1.00266e+00  2.50317e-03  9.48276e+02
    913.75  6582.8125  1.00261e+00  1.00261e+00  2.45185e-03  9.37241e+02
    942.30  6583.4375  1.00256e+00  1.00256e+00  2.36676e-03  9.42457e+02
    970.85  6584.0625  1.00251e+00  1.00251e+00  2.42219e-03  9.46480e+02
    999.40  6584.6875  1.00246e+00  1.00246e+00  2.47765e-03  9.35078e+02
   1027.95  6585.3125  1.00241e+00  1.00241e+00  2.55534e-03  9.27376e+02
   1056.50  6585.9375  1.00236e+00  1.00236e+00  2.60415e-03  9.23202e+02
   1085.05  6586.5625  1.00232e+00  1.00232e+00  2.71159e-03  9.09994e+02
   1113.60  6587.1875  1.00227e+00  1.00227e+00  2.80308e-03  8.88145e+02
   1142.16  6587.8125  1.00223e+00  1.00223e+00  2.76832e-03  8.76858e+02
   1170.71  6588.4375  1.00219e+00  1.00219e+00  2.65554e-03  8.63226e+02
   1199.26  6589.0625  1.00215e+00  1.00215e+00  2.49179e-03  8.59850e+02
   1227.81  6589.6875  1.00211e+00  1.00211e+00  2.55395e-03  8.58078e+02
   1256.36  6590.3125  1.00207e+00  1.00207e+00  2.66099e-03  8.48324e+02
   1284.91  6590.9375  1.00203e+00  1.00203e+00  2.60771e-03  8.35669e+02
   1313.46  6591.5625  1.00199e+00  1.00199e+00  2.51994e-03  8.20925e+02
   1342.01  6592.1875  1.00196e+00  1.00196e+00  2.45867e-03  8.06412e+02
   1370.56  6592.8125  1.00192e+00  1.00192e+00  2.39511e-03  8.04625e+02
   1399.11  6593.4375  1.00189e+00  1.00189e+00  2.46837e-03  8.06383e+02
   1427.67  6594.0625  1.00185e+00  1.00185e+00  2.59741e-03  7.98042e+02
   1456.22  6594.6875  1.00182e+00  1.00182e+00  2.57894e-03  7.90473e+02
   1484.77  6595.3125  1.00179e+00  1.00179e+00  2.54286e-03  7.89470e+02
   1513.32  6595.9375  1.00176e+00  1.00176e+00  2.65992e-03  7.81160e+02
   1541.87  6596.5625  1.00172e+00  1.00172e+00  2.53201e-03  7.73742e+02
   1570.42  6597.1875  1.00169e+00  1.00169e+00  2.31280e-03  7.69975e+02
   1598.97  6597.8125  1.00166e+00  1.00166e+00  2.30956e-03  7.58635e+02
   1627.52  6598.4375  1.00163e+00  1.00163e+00  2.44699e-03  7.40385e+02
   1656.07  6599.0625  1.00160e+00  1.00160e+00  2.50576e-03  7.20828e+02
   1684.63  6599.6875  1.00158e+00  1.00158e+00  2.45251e-03  7.11769e+02
   1713.18  6600.3125  1.00155e+00  1.00155e+00  2.51332e-03  7.18340e+02
   1741.73  6600.9375  1.00152e+00  1.00152e+00  2.49442e-03  7.06530e+02
   1770.28  6601.5625  1.00149e+00  1.00149e+00  2.26671e-03  6.89503e+02
   1798.83  6602.1875  1.00147e+00  1.00147e+00  2.23635e-03  6.84707e+02
   1827.38  6602.8125  1.00144e+00  1.00144e+00  2.21327e-03  6.85256e+02
   1855.93  6603.4375  1.00141e+00  1.00141e+00  2.10988e-03  6.72710e+02
   1884.48  6604.0625  1.00139e+00  1.00139e+00  2.18004e-03  6.52114e+02
   1913.03  6604.6875  1.00136e+00  1.00136e+00  2.41130e-03  6.39987e+02
   1941.58  6605.3125  1.00134e+00  1.00134e+00  2.45149e-03  6.29815e+02
   1970.14  6605.9375  1.00131e+00  1.00131e+00  2.27858e-03  6.22418e+02
   1998.69  6606.5625  1.00129e+00  1.00129e+00  2.08612e-03  6.17207e+02
   2027.24  6607.1875  1.00127e+00  1.00127e+00  2.04921e-03  6.12902e+02
   2055.79  6607.8125  1.00124e+00  1.00124e+00  2.15073e-03  6.04577e+02
   2084.34  6608.4375  1.00122e+00  1.00122e+00  2.21070e-03  5.99649e+02
   2112.89  6609.0625  1.00120e+00  1.00120e+00  2.21066e-03  5.99236e+02
   2141.44  6609.6875  1.00118e+00  1.00118e+00  2.14753e-03  5.96008e+02
   2169.99  6610.3125  1.00115e+00  1.00115e+00  2.17750e-03  5.97647e+02
   2198.54  6610.9375  1.00113e+00  1.00113e+00  2.17907e-03  5.95494e+02
   2227.09  6611.5625  1.00111e+00  1.00111e+00  2.14870e-03  5.76731e+02
   2255.65  6612.1875  1.00109e+00  1.00109e+00  2.09583e-03  5.57068e+02
   2284.20  6612.8125  1.00107e+00  1.00107e+00  2.20184e-03  5.43232e+02
   2312.75  6613.4375  1.00105e+00  1.00105e+00  2.33567e-03  5.42512e+02
   2341.30  6614.0625  1.00103e+00  1.00103e+00  2.37950e-03  5.42335e+02
   2369.85  6614.6875  1.00101e+00  1.00101e+00  2.37464e-03  5.19783e+02
   2398.40  6615.3125  1.00099e+00  1.00099e+00  2.30672e-03  4.98416e+02
   2426.95  6615.9375  1.00097e+00  1.00097e+00  2.33618e-03  4.99843e+02
   2455.50  6616.5625  1.00095e+00  1.00095e+00  2.41255e-03  4.96422e+02
   2484.05  6617.1875  1.00093e+00  1.00093e+00  2.37843e-03  4.97094e+02
   2512.61  6617.8125  1.00091e+00  1.00091e+00  2.22488e-03  4.90848e+02
   2541.16  6618.4375  1.00089e+00  1.00089e+00  2.15739e-03  4.80595e+02
   2569.71  6619.0625  1.00087e+00  1.00087e+00  2.18739e-03  4.76769e+02
   2598.26  6619.6875  1.00085e+00  1.00085e+00  2.15512e-03  4.66942e+02
   2626.81  6620.3125  1.00083e+00  1.00083e+00  2.07071e-03  4.48639e+02
   2655.36  6620.9375  1.00082e+00  1.00082e+00  2.02296e-03  4.32878e+02
   2683.91  6621.5625  1.00080e+00  1.00080e+00  2.02572e-03  4.29103e+02
   2712.46  6622.1875  1.00078e+00  1.00078e+00  1.94555e-03  4.23806e+02
   2741.01  6622.8125  1.00076e+00  1.00076e+00  2.07003e-03  4.09366e+02
   2769.56  6623.4375  1.00075e+00  1.00075e+00  2.20391e-03  4.03282e+02
   2798.12  6624.0625  1.00073e+00  1.00073e+00  2.05882e-03  3.96001e+02
   2826.67  6624.6875  1.00071e+00  1.00071e+00  2.02734e-03  3.85995e+02
   2855.22  6625.3125  1.00070e+00  1.00070e+00  2.03740e-03  3.82739e+02
   2883.77  6625.9375  1.00068e+00  1.00068e+00  1.98188e-03  3.87776e+02
   2912.32  6626.5625  1.00066e+00  1.00066e+00  1.97522e-03  3.82404e+02
   2940.87  6627.1875  1.00065e+00  1.00065e+00  2.01172e-03  3.65842e+02
   2969.42  6627.8125  1.00063e+00  1.00063e+00  2.05256e-03  3.53677e+02
   2997.97  6628.4375  1.00061e+00  1.00061e+00  2.06490e-03  3.55394e+02
   3026.52  6629.0625  1.00060e+00  1.00060e+00  2.10437e-03  3.56445e+02
   3055.07  6629.6875  1.00058e+00  1.00058e+00  2.04783e-03  3.46648e+02
   3083.63  6630.3125  1.00057e+00  1.00057e+00  2.02063e-03  3.30629e+02
   3112.18  6630.9375  1.00055e+00  1.00055e+00  2.03962e-03  3.24701e+02
   3140.73  6631.5625  1.00054e+00  1.00054e+00  2.09434e-03  3.27097e+02
   3169.28  6632.1875  1.00052e+00  1.00052e+00  2.08086e-03  3.18784e+02
   3197.83  6632.8125  1.00051e+00  1.00051e+00  2.01455e-03  3.14376e+02
   3226.38  6633.4375  1.00049e+00  1.00049e+00  1.98862e-03  3.12737e+02
   3254.93  6634.0625  1.00048e+00  1.00048e+00  1.93634e-03  3.04292e+02
   3283.48  6634.6875  1.00046e+00  1.00046e+00  1.93060e-03  2.98215e+02
   3312.03  6635.3125  1.00045e+00  1.00045e+00  2.06478e-03  2.98448e+02
   3340.58  6635.9375  1.00044e+00  1.00044e+00  2.08067e-03  3.00108e+02
   3369.14  6636.5625  1.00042e+00  1.00042e+00  2.00998e-03  2.97480e+02
   3397.69  6637.1875  1.00041e+00  1.00041e+00  1.95397e-03  2.96999e+02
   3426.24  6637.8125  1.00039e+00  1.00039e+00  1.93063e-03  2.92665e+02
   3454.79  6638.4375  1.00038e+00  1.00038e+00  1.97995e-03  2.85393e+02
   3483.34  6639.0625  1.00037e+00  1.00037e+00  1.95041e-03  2.77655e+02
   3511.89  6639.6875  1.00035e+00  1.00035e+00  1.96679e-03  2.70484e+02
   3540.44  6640.3125  1.00034e+00  1.00034e+00  1.96208e-03  2.56844e+02
   3568.99  6640.9375  1.00033e+00  1.00033e+00  1.94426e-03  2.47802e+02
   3597.54  6641.5625  1.00031e+00  1.00031e+00  2.00697e-03  2.51024e+02
   3626.10  6642.1875  1.00030e+00  1.00030e+00  2.06606e-03  2.57828e+02
   3654.65  6642.8125  1.00029e+00  1.00029e+00  2.17055e-03  2.53811e+02
   3683.20  6643.4375  1.00027e+00  1.00027e+00  2.28485e-03  2.44663e+02
   3711.75  6644.0625  1.00026e+00  1.00026e+00  2.23851e-03  2.38714e+02
   3740.30  6644.6875  1.00025e+00  1.00025e+00  2.06266e-03  2.38700e+02
   3768.85  6645.3125  1.00024e+00  1.00023e+00  1.98052e-03  2.40471e+02
   3797.40  6645.9375  1.00022e+00  1.00022e+00  2.00623e-03  2.42056e+02
   3825.95  6646.5625  1.00021e+00  1.00021e+00  2.00019e-03  2.35548e+02
   3854.50  6647.1875  1.00020e+00  1.00020e+00  1.92285e-03  2.26130e+02
   3883.05  6647.8125  1.00019e+00  1.00019e+00  1.87682e-03  2.19413e+02
   3911.61  6648.4375  1.00017e+00  1.00017e+00  1.86032e-03  2.10231e+02
   3940.16  6649.0625  1.00016e+00  1.00016e+00  1.93176e-03  2.13560e+02
   3968.71  6649.6875  1.00015e+00  1.00015e+00  1.99152e-03  2.25411e+02
   3997.26  6650.3125  1.00014e+00  1.00014e+00  1.96939e-03  2.25768e+02
   4025.81  6650.9375  1.00013e+00  1.00013e+00  1.91382e-03  2.08435e+02
   4054.36  6651.5625  1.00012e+00  1.00012e+00  1.93041e-03  1.96104e+02
   4082.91  6652.1875  1.00011e+00  1.00011e+00  2.11989e-03  1.94324e+02
   4111.46  6652.8125  1.00010e+00  1.00010e+00  2.19458e-03  1.96524e+02
   4140.01  6653.4375  1.00009e+00  1.00009e+00  2.21171e-03  2.00350e+02
   4168.56  6654.0625  1.00008e+00  1.00008e+00  2.23503e-03  2.01445e+02
   4197.12  6654.6875  1.00007e+00  1.00007e+00  2.21418e-03  1.98223e+02
   4225.67  6655.3125  1.00006e+00  1.00006e+00  2.11891e-03  1.92472e+02
   4254.22  6655.9375  1.00006e+00  1.00006e+00  2.05062e-03  1.87355e+02
   4282.77  6656.5625  1.00005e+00  1.00005e+00  2.03753e-03  1.88190e+02
   4311.32  6657.1875  1.00004e+00  1.00004e+00  2.07827e-03  1.86349e+02
   4339.87  6657.8125  1.00004e+00  1.00004e+00  2.11470e-03  1.79380e+02
   4368.42  6658.4375  1.00003e+00  1.00003e+00  2.08073e-03  1.73005e+02
   4396.97  6659.0625  1.00003e+00  1.00003e+00  2.02061e-03  1.69259e+02
   4425.52  6659.6875  1.00002e+00  1.00002e+00  1.92146e-03  1.67339e+02
   4454.08  6660.3125  1.00002e+00  1.00002e+00  1.80341e-03  1.67805e+02
   4482.63  6660.9375  1.00001e+00  1.00001e+00  1.71552e-03  1.69257e+02
   4511.18  6661.5625  1.00001e+00  1.00001e+00  1.74960e-03  1.66105e+02
   4539.73  6662.1875  1.00001e+00  1.00001e+00  1.88028e-03  1.61806e+02
   4568.28  6662.8125  1.00001e+00  1.00001e+00  2.05826e-03  1.64388e+02
   4596.83  6663.4375  1.00001e+00  1.00001e+00  2.08399e-03  1.68967e+02
   4625.38  6664.0625  1.00000e+00  1.00000e+00  1.98398e-03  1.70590e+02
   4653.93  6664.6875  1.00000e+00  1.00000e+00  1.92827e-03  1.67250e+02
   4682.48  6665.3125  1.00000e+00  1.00000e+00  1.89855e-03  1.66347e+02
   4711.03  6665.9375  1.00000e+00  1.00000e+00  1.87627e-03  1.65270e+02
   4739.59  6666.5625  1.00000e+00  1.00000e+00  1.86549e-03  1.59328e+02
   4768.14  6667.1875  1.00000e+00  1.00000e+00  1.87649e-03  1.57882e+02
   4796.69  6667.8125  1.00000e+00  1.00000e+00  1.92877e-03  1.56991e+02
   4825.24  6668.4375  1.00000e+00  1.00000e+00  1.88158e-03  1.48338e+02
   4853.79  6669.0625  1.00000e+00  1.00000e+00  1.79646e-03  1.38714e+02
   4882.34  6669.6875  1.00000e+00  1.00000e+00  1.80262e-03  1.38147e+02
   4910.89  6670.3125  1.00000e+00  1.00000e+00  1.92164e-03  1.41320e+02
   4939.44  6670.9375  1.00000e+00  1.00000e+00  2.00085e-03  1.42136e+02
   4967.99  6671.5625  1.00000e+00  1.00000e+00  2.02816e-03  1.40948e+02
   4996.54  6672.1875  1.00000e+00  1.00000e+00  1.97923e-03  1.41150e+02
   5025.10  6672.8125  1.00000e+00  1.00000e+00  1.91509e-03  1.39879e+02
   5053.65  6673.4375  1.00000e+00  1.00000e+00  1.84528e-03  1.37080e+02
   5082.20  6674.0625  1.00000e+00  1.00000e+00  1.86187e-03  1.34416e+02
   5110.75  6674.6875  1.00000e+00  1.00000e+00  1.91591e-03  1.38779e+02
   5139.30  6675.3125  1.00000e+00  1.00000e+00  1.86951e-03  1.41120e+02
   5167.85  6675.9375  1.00000e+00  1.00000e+00  1.81429e-03  1.34805e+02
   5196.40  6676.5625  1.00000e+00  1.00000e+00  1.85904e-03  1.28947e+02
   5224.95  6677.1875  1.00000e+00  1.00000e+00  1.94488e-03  1.29756e+02
   5253.50  6677.8125  1.00000e+00  1.00000e+00  1.94945e-03  1.35100e+02
   5282.06  6678.4375  1.00000e+00  1.00000e+00  1.75344e-03  1.34683e+02
   5310.61  6679.0625  1.00000e+00  1.00000e+00  1.68366e-03  1.27063e+02
   5339.16  6679.6875  1.00000e+00  1.00000e+00  1.82169e-03  1.19153e+02
   5367.71  6680.3125  1.00000e+00  1.00000e+00  1.84773e-03  1.18367e+02
   5396.26  6680.9375  1.00000e+00  1.00000e+00  1.85334e-03  1.20195e+02
   5424.81  6681.5625  1.00000e+00  1.00000e+00  1.83460e-03  1.22326e+02
   5453.36  6682.1875  1.00000e+00  1.00000e+00  1.77874e-03  1.20991e+02
   5481.91  6682.8125  1.00000e+00  1.00000e+00  1.73203e-03  1.18820e+02
   5510.46  6683.4375  1.00000e+00  1.00000e+00  1.80548e-03  1.20558e+02
   5539.01  6684.0625  1.00000e+00  1.00000e+00  1.90599e-03  1.23288e+02
   5567.57  6684.6875  1.00000e+00  1.00000e+00  1.96325e-03  1.20819e+02
   5596.12  6685.3125  1.00000e+00  1.00000e+00  1.99396e-03  1.17301e+02
   5624.67  6685.9375  1.00000e+00  1.00000e+00  1.91215e-03  1.18233e+02
   5653.22  6686.5625  1.00000e+00  1.00000e+00  1.88878e-03  1.14890e+02
   5681.77  6687.1875  1.00000e+00  1.00000e+00  1.95929e-03  1.10353e+02
   5710.32  6687.8125  1.00000e+00  1.00000e+00  1.98484e-03  1.13107e+02
   5738.87  6688.4375  1.00000e+00  1.00000e+00  2.00620e-03  1.15472e+02
   5767.42  6689.0625  1.00000e+00  1.00000e+00  2.02403e-03  1.08762e+02
   5795.97  6689.6875  1.00000e+00  1.00000e+00  1.89381e-03  1.03528e+02
   5824.52  6690.3125  1.00000e+00  1.00000e+00  1.73154e-03  1.01742e+02
   5853.08  6690.9375  1.00000e+00  1.00000e+00  1.76949e-03  1.05150e+02
   5881.63  6691.5625  1.00000e+00  1.00000e+00  1.83698e-03  1.09436e+02
   5910.18  6692.1875  1.00000e+00  1.00000e+00  1.78362e-03  1.05261e+02
   5938.73  6692.8125  1.00000e+00  1.00000e+00  1.72935e-03  1.00688e+02
   5967.28  6693.4375  1.00000e+00  1.00000e+00  1.71844e-03  9.47472e+01
   5995.83  6694.0625  1.00000e+00  1.00000e+00  1.70498e-03  9.25255e+01
   6024.38  6694.6875  1.00000e+00  1.00000e+00  1.73189e-03  9.12655e+01
   6052.93  6695.3125  1.00000e+00  1.00000e+00  1.80533e-03  8.90509e+01
   6081.48  6695.9375  1.00000e+00  1.00000e+00  1.81183e-03  8.85633e+01
   6110.04  6696.5625  1.00000e+00  1.00000e+00  1.74013e-03  9.01939e+01
   6138.59  6697.1875  1.00000e+00  1.00000e+00  1.74975e-03  8.69592e+01
   6167.14  6697.8125  1.00000e+00  1.00000e+00  1.81955e-03  8.54011e+01
   6195.69  6698.4375  1.00000e+00  1.00000e+00  1.86965e-03  8.56497e+01
   6224.24  6699.0625  1.00000e+00  1.00000e+00  1.93207e-03  7.91499e+01
   6252.79  6699.6875  1.00000e+00  1.00000e+00  1.93067e-03  7.81117e+01
   6281.34  6700.3125  1.00000e+00  1.00000e+00  1.96905e-03  8.29515e+01
   6309.89  6700.9375  1.00000e+00  1.00000e+00  1.94421e-03  8.45855e+01
   6338.44  6701.5625  1.00000e+00  1.00000e+00  1.84592e-03  8.29154e+01
   6366.99  6702.1875  1.00000e+00  1.00000e+00  1.75973e-03  8.11334e+01
   6395.55  6702.8125  1.00000e+00  1.00000e+00  1.64354e-03  8.15701e+01
   6424.10  6703.4375  1.00000e+00  1.00000e+00  1.58411e-03  8.40193e+01
   6452.65  6704.0625  1.00000e+00  1.00000e+00  1.61883e-03  8.37778e+01
   6481.20  6704.6875  1.00000e+00  1.00000e+00  1.74852e-03  8.61366e+01
   6509.75  6705.3125  1.00000e+00  1.00000e+00  1.86871e-03  8.60020e+01
   6538.30  6705.9375  1.00000e+00  1.00000e+00  1.97379e-03  7.97707e+01
   6566.85  6706.5625  1.00000e+00  1.00000e+00  2.00686e-03  7.14623e+01
   6595.40  6707.1875  1.00000e+00  1.00000e+00  1.98286e-03  6.93005e+01
   6623.95  6707.8125  1.00000e+00  1.00000e+00  1.95012e-03  7.08932e+01
   6652.50  6708.4375  1.00000e+00  1.00000e+00  1.98993e-03  7.41323e+01
   6681.06  6709.0625  1.00000e+00  1.00000e+00  1.99536e-03  7.88087e+01
   6709.61  6709.6875  1.00000e+00  1.00000e+00  1.87584e-03  8.02760e+01
   6738.16  6710.3125  1.00000e+00  1.00000e+00  1.83080e-03  8.13466e+01
   6766.71  6710.9375  1.00000e+00  1.00000e+00  1.81103e-03  7.84757e+01
   6795.26  6711.5625  1.00000e+00  1.00000e+00  1.84934e-03  7.90714e+01
   6823.81  6712.1875  1.00000e+00  1.00000e+00  2.03323e-03  7.93460e+01
   6852.36  6712.8125  1.00000e+00  1.00000e+00  2.04332e-03  7.58363e+01
   6880.91  6713.4375  1.00000e+00  1.00000e+00  1.98199e-03  7.45893e+01
   6909.46  6714.0625  1.00000e+00  1.00000e+00  2.05757e-03  7.28091e+01
   6938.02  6714.6875  1.00000e+00  1.00000e+00  2.00062e-03  7.08873e+01
   6966.57  6715.3125  1.00000e+00  1.00000e+00  1.94750e-03  7.01833e+01
   6995.12  6715.9375  1.00000e+00  1.00000e+00  1.92732e-03  6.70585e+01
   7023.67  6716.5625  1.00000e+00  1.00000e+00  1.80857e-03  6.29771e+01
   7052.22  6717.1875  1.00000e+00  1.00000e+00  1.79325e-03  6.29956e+01
   7080.77  6717.8125  1.00000e+00  1.00000e+00  1.84332e-03  6.56609e+01
   7109.32  6718.4375  1.00000e+00  1.00000e+00  1.86097e-03  6.40584e+01
   7137.87  6719.0625  1.00000e+00  1.00000e+00  1.84798e-03  5.93718e+01
   7166.42  6719.6875  1.00000e+00  1.00000e+00  1.78070e-03  5.78911e+01
   7194.97  6720.3125  1.00000e+00  1.00000e+00  1.71603e-03  5.74938e+01
   7223.53  6720.9375  1.00000e+00  1.00000e+00  1.66777e-03  5.48881e+01
   7252.08  6721.5625  1.00000e+00  1.00000e+00  1.65579e-03  5.28843e+01
   7280.63  6722.1875  1.00000e+00  1.00000e+00  1.71337e-03  5.41665e+01
   7309.18  6722.8125  1.00000e+00  1.00000e+00  1.79376e-03  5.45541e+01
   7337.73  6723.4375  1.00000e+00  1.00000e+00  1.77177e-03  5.53208e+01
   7366.28  6724.0625  1.00000e+00  1.00000e+00  1.72360e-03  5.57621e+01
   7394.83  6724.6875  1.00000e+00  1.00000e+00  1.81139e-03  5.62103e+01
   7423.38  6725.3125  1.00000e+00  1.00000e+00  1.92942e-03  5.64681e+01
   7451.93  6725.9375  1.00000e+00  1.00000e+00  1.83453e-03  5.67176e+01
   7480.48  6726.5625  1.00000e+00  1.00000e+00  1.76746e-03  5.86784e+01
   7509.04  6727.1875  1.00000e+00  1.00000e+00  1.82323e-03  5.79512e+01
   7537.59  6727.8125  1.00000e+00  1.00000e+00  1.92150e-03  5.58026e+01
   7566.14  6728.4375  1.00000e+00  1.00000e+00  1.98356e-03  5.40269e+01
   7594.69  6729.0625  1.00000e+00  1.00000e+00  1.89905e-03  5.47405e+01
   7623.24  6729.6875  1.00000e+00  1.00000e+00  1.79340e-03  5.41449e+01
   7651.79  6730.3125  1.00000e+00  1.00000e+00  1.78847e-03  5.04996e+01
   7680.34  6730.9375  1.00000e+00  1.00000e+00  1.91012e-03  4.79900e+01
   7708.89  6731.5625  1.00000e+00  1.00000e+00  1.88054e-03  4.73164e+01
   7737.44  6732.1875  1.00000e+00  1.00000e+00  1.80120e-03  4.76752e+01
   7765.99  6732.8125  1.00000e+00  1.00000e+00  1.80730e-03  4.79454e+01
   7794.55  6733.4375  1.00000e+00  1.00000e+00  1.77960e-03  4.63952e+01
   7823.10  6734.0625  1.00000e+00  1.00000e+00  1.82759e-03  4.22314e+01
   7851.65  6734.6875  1.00000e+00  1.00000e+00  1.83054e-03  4.15393e+01
   7880.20  6735.3125  1.00000e+00  1.00000e+00  1.77816e-03  4.39204e+01
   7908.75  6735.9375  1.00000e+00  1.00000e+00  1.79818e-03  4.63844e+01
   7937.30  6736.5625  1.00000e+00  1.00000e+00  1.89673e-03  4.78988e+01
   7965.85  6737.1875  1.00000e+00  1.00000e+00  1.90065e-03  4.68863e+01
   7994.40  6737.8125  1.00000e+00  1.00000e+00  1.85494e-03  4.34056e+01
   8022.95  6738.4375  1.00000e+00  1.00000e+00  1.78842e-03  4.12406e+01
   8051.51  6739.0625  1.00000e+00  1.00000e+00  1.66866e-03  4.17121e+01
   8080.06  6739.6875  1.00000e+00  1.00000e+00  1.61315e-03  4.07623e+01
   8108.61  6740.3125  1.00000e+00  1.00000e+00  1.56934e-03  4.12128e+01
   8137.16  6740.9375  1.00000e+00  1.00000e+00  1.51179e-03  4.34395e+01
   8165.71  6741.5625  1.00000e+00  1.00000e+00  1.61466e-03  4.29767e+01
   8194.26  6742.1875  1.00000e+00  1.00000e+00  1.76363e-03  4.18137e+01
   8222.81  6742.8125  1.00000e+00  1.00000e+00  1.80606e-03  4.30090e+01
   8251.36  6743.4375  1.00000e+00  1.00000e+00  1.72800e-03  4.42213e+01
   8279.91  6744.0625  1.00000e+00  1.00000e+00  1.63790e-03  4.24273e+01
   8308.46  6744.6875  1.00000e+00  1.00000e+00  1.49358e-03  3.95599e+01
   8337.02  6745.3125  1.00000e+00  1.00000e+00  1.48050e-03  3.65659e+01
   8365.57  6745.9375  1.00000e+00  1.00000e+00  1.56147e-03  3.60002e+01
   8394.12  6746.5625  1.00000e+00  1.00000e+00  1.52505e-03  3.77499e+01
   8422.67  6747.1875  1.00000e+00  1.00000e+00  1.51881e-03  3.90678e+01
   8451.22  6747.8125  1.00000e+00  1.00000e+00  1.64262e-03  3.84299e+01
   8479.77  6748.4375  1.00000e+00  1.00000e+00  1.80095e-03  4.02309e+01
   8508.32  6749.0625  1.00000e+00  1.00000e+00  1.85530e-03  4.07046e+01
   8536.87  6749.6875  1.00000e+00  1.00000e+00  1.81318e-03  3.83975e+01
   8565.42  6750.3125  1.00000e+00  1.00000e+00  1.71134e-03  3.67499e+01
   8593.97  6750.9375  1.00000e+00  1.00000e+00  1.71416e-03  3.46811e+01
   8622.53  6751.5625  1.00000e+00  1.00000e+00  1.77053e-03  3.27582e+01
   8651.08  6752.1875  1.00000e+00  1.00000e+00  1.71535e-03  3.41263e+01
   8679.63  6752.8125  1.00000e+00  1.00000e+00  1.57705e-03  3.32438e+01
   8708.18  6753.4375  1.00000e+00  1.00000e+00  1.57537e-03  3.14268e+01
   8736.73  6754.0625  1.00000e+00  1.00000e+00  1.67597e-03  3.12047e+01
   8765.28  6754.6875  1.00000e+00  1.00000e+00  1.75522e-03  3.21409e+01
   8793.83  6755.3125  1.00000e+00  1.00000e+00  1.86373e-03  3.33114e+01
   8822.38  6755.9375  1.00000e+00  1.00000e+00  1.84786e-03  3.41550e+01
   8850.93  6756.5625  1.00000e+00  1.00000e+00  1.75072e-03  3.53720e+01
   8879.49  6757.1875  1.00000e+00  1.00000e+00  1.70246e-03  3.62001e+01
   8908.04  6757.8125  1.00000e+00  1.00000e+00  1.66524e-03  3.64008e+01
   8936.59  6758.4375  1.00000e+00  1.00000e+00  1.57941e-03  3.65160e+01
   8965.14  6759.0625  1.00000e+00  1.00000e+00  1.53532e-03  3.55031e+01
   8993.69  6759.6875  1.00000e+00  1.00000e+00  1.62934e-03  3.58020e+01
   9022.24  6760.3125  1.00000e+00  1.00000e+00  1.76197e-03  3.64448e+01
   9050.79  6760.9375  1.00000e+00  1.00000e+00  1.78926e-03  3.62723e+01
   9079.34  6761.5625  1.00000e+00  1.00000e+00  1.78156e-03  3.46039e+01
   9107.89  6762.1875  1.00000e+00  1.00000e+00  1.80372e-03  3.41912e+01
   9136.44  6762.8125  1.00000e+00  1.00000e+00  1.88637e-03  3.36649e+01
   9165.00  6763.4375  1.00000e+00  1.00000e+00  1.98713e-03  3.04701e+01
   9193.55  6764.0625  1.00000e+00  1.00000e+00  1.87344e-03  2.87650e+01
   9222.10  6764.6875  1.00000e+00  1.00000e+00  1.70714e-03  2.93364e+01
   9250.65  6765.3125  1.00000e+00  1.00000e+00  1.64268e-03  2.82804e+01
   9279.20  6765.9375  1.00000e+00  1.00000e+00  1.70078e-03  2.77726e+01
   9307.75  6766.5625  1.00000e+00  1.00000e+00  1.75808e-03  2.94901e+01
   9336.30  6767.1875  1.00000e+00  1.00000e+00  1.78214e-03  2.93278e+01
   9364.85  6767.8125  1.00000e+00  1.00000e+00  1.83544e-03  2.86536e+01
   9393.40  6768.4375  1.00000e+00  1.00000e+00  1.81789e-03  2.80259e+01
   9421.95  6769.0625  1.00000e+00  1.00000e+00  1.74706e-03  2.43828e+01
   9450.51  6769.6875  1.00000e+00  1.00000e+00  1.74107e-03  2.22658e+01
   9479.06  6770.3125  1.00000e+00  1.00000e+00  1.78942e-03  2.52803e+01
   9507.61  6770.9375  1.00000e+00  1.00000e+00  1.89141e-03  2.66874e+01
   9536.16  6771.5625  1.00000e+00  1.00000e+00  1.92720e-03  2.57370e+01
   9564.71  6772.1875  1.00000e+00  1.00000e+00  1.89498e-03  2.48673e+01
   9593.26  6772.8125  1.00000e+00  1.00000e+00  1.78654e-03  2.43407e+01
   9621.81  6773.4375  1.00000e+00  1.00000e+00  1.65577e-03  2.51125e+01
   9650.36  6774.0625  1.00000e+00  1.00000e+00  1.58976e-03  2.50721e+01
   9678.91  6774.6875  1.00000e+00  1.00000e+00  1.48912e-03  2.38633e+01
   9707.47  6775.3125  1.00000e+00  1.00000e+00  1.49335e-03  2.40157e+01
   9736.02  6775.9375  1.00000e+00  1.00000e+00  1.68461e-03  2.34713e+01
   9764.57  6776.5625  1.00000e+00  1.00000e+00  1.79739e-03  2.35755e+01
   9793.12  6777.1875  1.00000e+00  1.00000e+00  1.79539e-03  2.31519e+01
   9821.67  6777.8125  1.00000e+00  1.00000e+00  1.71143e-03  2.22351e+01
   9850.22  6778.4375  1.00000e+00  1.00000e+00  1.69385e-03  2.25873e+01
   9878.77  6779.0625  1.00000e+00  1.00000e+00  1.71479e-03  2.24450e+01
   9907.32  6779.6875  1.00000e+00  1.00000e+00  1.79584e-03  2.15944e+01
   9935.87  6780.3125  1.00000e+00  1.00000e+00  1.79962e-03  2.18533e+01
   9964.42  6780.9375  1.00000e+00  1.00000e+00  1.69974e-03  2.13153e+01
   9992.98  6781.5625  1.00000e+00  1.00000e+00  1.57736e-03  2.14667e+01
  10021.53  6782.1875  1.00000e+00  1.00000e+00  1.59703e-03  2.33559e+01
  10050.08  6782.8125  1.00000e+00  1.00000e+00  1.74736e-03  2.28864e+01
  10078.63  6783.4375  1.00000e+00  1.00000e+00  1.69542e-03  2.07090e+01
  10107.18  6784.0625  1.00000e+00  1.00000e+00  1.60240e-03  2.07797e+01
  10135.73  6784.6875  1.00000e+00  1.00000e+00  1.51931e-03  2.17591e+01
  10164.28  6785.3125  1.00000e+00  1.00000e+00  1.52984e-03  2.26728e+01
  10192.83  6785.9375  1.00000e+00  1.00000e+00  1.63081e-03  2.40150e+01
  10221.38  6786.5625  1.00000e+00  1.00000e+00  1.64312e-03  2.30627e+01
  10249.93  6787.1875  1.00000e+00  1.00000e+00  1.63308e-03  1.95095e+01
  10278.49  6787.8125  1.00000e+00  1.00000e+00  1.73768e-03  1.86908e+01
  10307.04  6788.4375  1.00000e+00  1.00000e+00  1.79120e-03  1.97748e+01
  10335.59  6789.0625  1.00000e+00  1.00000e+00  1.68660e-03  1.99674e+01
  10364.14  6789.6875  1.00000e+00  1.00000e+00  1.68592e-03  1.98894e+01
  10392.69  6790.3125  1.00000e+00  1.00000e+00  1.66643e-03  1.89770e+01
  10421.24  6790.9375  1.00000e+00  1.00000e+00  1.64148e-03  1.73169e+01
  10449.79  6791.5625  1.00000e+00  1.00000e+00  1.66044e-03  1.75660e+01
  10478.34  6792.1875  1.00000e+00  1.00000e+00  1.68338e-03  1.95632e+01
  10506.89  6792.8125  1.00000e+00  1.00000e+00  1.75849e-03  1.94949e+01
  10535.45  6793.4375  1.00000e+00  1.00000e+00  1.76131e-03  1.80636e+01
  10564.00  6794.0625  1.00000e+00  1.00000e+00  1.74963e-03  1.68779e+01
  10592.55  6794.6875  1.00000e+00  1.00000e+00  1.73459e-03  1.73391e+01
  10621.10  6795.3125  1.00000e+00  1.00000e+00  1.66791e-03  1.82392e+01
  10649.65  6795.9375  1.00000e+00  1.00000e+00  1.64227e-03  1.83181e+01
  10678.20  6796.5625  1.00000e+00  1.00000e+00  1.60492e-03  1.81930e+01
  10706.75  6797.1875  1.00000e+00  1.00000e+00  1.61301e-03  1.84007e+01
  10735.30  6797.8125  1.00000e+00  1.00000e+00  1.68018e-03  1.77926e+01
  10763.85  6798.4375  1.00000e+00  1.00000e+00  1.73298e-03  1.74180e+01
  10792.40  6799.0625  1.00000e+00  1.00000e+00  1.73077e-03  1.77173e+01
  10820.96  6799.6875  1.00000e+00  1.00000e+00  1.77458e-03  1.75337e+01
  10849.51  6800.3125  1.00000e+00  1.00000e+00  1.83736e-03  1.67674e+01
  10878.06  6800.9375  1.00000e+00  1.00000e+00  1.69227e-03  1.57154e+01
  10906.61  6801.5625  1.00000e+00  1.00000e+00  1.67590e-03  1.56181e+01
  10935.16  6802.1875  1.00000e+00  1.00000e+00  1.68057e-03  1.50485e+01
  10963.71  6802.8125  1.00000e+00  1.00000e+00  1.68237e-03  1.45893e+01
  10992.26  6803.4375  1.00000e+00  1.00000e+00  1.65238e-03  1.41173e+01
  11020.81  6804.0625  1.00000e+00  1.00000e+00  1.54619e-03  1.29426e+01
  11049.36  6804.6875  1.00000e+00  1.00000e+00  1.57042e-03  1.23376e+01
  11077.91  6805.3125  1.00000e+00  1.00000e+00  1.66171e-03  1.37665e+01
  11106.47  6805.9375  1.00000e+00  1.00000e+00  1.67164e-03  1.46390e+01
  11135.02  6806.5625  1.00000e+00  1.00000e+00  1.64330e-03  1.44680e+01
  11163.57  6807.1875  1.00000e+00  1.00000e+00  1.70479e-03  1.60613e+01
  11192.12  6807.8125  1.00000e+00  1.00000e+00  1.69286e-03  1.65236e+01
  11220.67  6808.4375  1.00000e+00  1.00000e+00  1.64686e-03  1.64510e+01
  11249.22  6809.0625  1.00000e+00  1.00000e+00  1.66173e-03  1.60725e+01
  11277.77  6809.6875  1.00000e+00  1.00000e+00  1.63312e-03  1.53252e+01
  11306.32  6810.3125  1.00000e+00  1.00000e+00  1.59021e-03  1.42114e+01
  11334.87  6810.9375  1.00000e+00  1.00000e+00  1.62213e-03  1.27051e+01
  11363.43  6811.5625  1.00000e+00  1.00000e+00  1.71491e-03  1.22498e+01
  11391.98  6812.1875  1.00000e+00  1.00000e+00  1.80413e-03  1.29427e+01
  11420.53  6812.8125  1.00000e+00  1.00000e+00  1.85011e-03  1.34891e+01
  11449.08  6813.4375  1.00000e+00  1.00000e+00  1.84813e-03  1.42048e+01
  11477.63  6814.0625  1.00000e+00  1.00000e+00  1.81267e-03  1.57359e+01
  11506.18  6814.6875  1.00000e+00  1.00000e+00  1.63292e-03  1.59312e+01
  11534.73  6815.3125  1.00000e+00  1.00000e+00  1.57705e-03  1.44309e+01
  11563.28  6815.9375  1.00000e+00  1.00000e+00  1.81472e-03  1.23224e+01
  11591.83  6816.5625  1.00000e+00  1.00000e+00  1.90788e-03  1.10637e+01
  11620.38  6817.1875  1.00000e+00  1.00000e+00  1.79488e-03  1.04006e+01
  11648.94  6817.8125  1.00000e+00  1.00000e+00  1.73915e-03  1.08679e+01
  11677.49  6818.4375  1.00000e+00  1.00000e+00  1.70630e-03  1.10244e+01
  11706.04  6819.0625  1.00000e+00  1.00000e+00  1.72506e-03  1.04092e+01
  11734.59  6819.6875  1.00000e+00  1.00000e+00  1.75818e-03  9.01175e+00
  11763.14  6820.3125  1.00000e+00  1.00000e+00  1.76304e-03  8.15736e+00
  11791.69  6820.9375  1.00000e+00  1.00000e+00  1.76442e-03  9.30218e+00
  11820.24  6821.5625  1.00000e+00  1.00000e+00  1.81004e-03  1.08168e+01
  11848.79  6822.1875  1.00000e+00  1.00000e+00  1.84858e-03  1.02025e+01
  11877.34  6822.8125  1.00000e+00  1.00000e+00  1.88513e-03  9.29832e+00
  11905.89  6823.4375  1.00000e+00  1.00000e+00  1.89712e-03  8.08678e+00
  11934.45  6824.0625  1.00000e+00  1.00000e+00  1.84838e-03  8.49759e+00
  11963.00  6824.6875  1.00000e+00  1.00000e+00  1.70679e-03  1.20521e+01
  11991.55  6825.3125  1.00000e+00  1.00000e+00  1.60039e-03  1.38049e+01
  12020.10  6825.9375  1.00000e+00  1.00000e+00  1.58080e-03  1.24416e+01
  12048.65  6826.5625  1.00000e+00  1.00000e+00  1.54358e-03  1.17705e+01
  12077.20  6827.1875  1.00000e+00  1.00000e+00  1.51448e-03  1.16042e+01
  12105.75  6827.8125  1.00000e+00  1.00000e+00  1.52303e-03  1.01684e+01
  12134.30  6828.4375  1.00000e+00  1.00000e+00  1.58296e-03  9.42815e+00
  12162.85  6829.0625  1.00000e+00  1.00000e+00  1.68317e-03  9.42032e+00
  12191.40  6829.6875  1.00000e+00  1.00000e+00  1.71461e-03  9.34450e+00
  12219.96  6830.3125  1.00000e+00  1.00000e+00  1.66640e-03  8.53184e+00
  12248.51  6830.9375  1.00000e+00  1.00000e+00  1.70246e-03  8.54186e+00
  12277.06  6831.5625  1.00000e+00  1.00000e+00  1.70680e-03  9.03968e+00
  12305.61  6832.1875  1.00000e+00  1.00000e+00  1.72739e-03  9.92385e+00
  12334.16  6832.8125  1.00000e+00  1.00000e+00  1.71066e-03  9.01052e+00
  12362.71  6833.4375  1.00000e+00  1.00000e+00  1.70775e-03  7.86138e+00
  12391.26  6834.0625  1.00000e+00  1.00000e+00  1.86584e-03  8.49501e+00
  12419.81  6834.6875  1.00000e+00  1.00000e+00  1.93754e-03  8.74883e+00
  12448.36  6835.3125  1.00000e+00  1.00000e+00  1.77168e-03  8.99308e+00
  12476.92  6835.9375  1.00000e+00  1.00000e+00  1.68305e-03  9.51305e+00
  12505.47  6836.5625  1.00000e+00  1.00000e+00  1.72322e-03  1.05579e+01
  12534.02  6837.1875  1.00000e+00  1.00000e+00  1.84288e-03  1.13438e+01
  12562.57  6837.8125  1.00000e+00  1.00000e+00  1.79861e-03  1.08091e+01
  12591.12  6838.4375  1.00000e+00  1.00000e+00  1.75639e-03  9.15181e+00
  12619.67  6839.0625  1.00000e+00  1.00000e+00  1.71473e-03  8.36073e+00
  12648.22  6839.6875  1.00000e+00  1.00000e+00  1.56942e-03  8.68629e+00
  12676.77  6840.3125  1.00000e+00  1.00000e+00  1.62678e-03  8.56280e+00
  12705.32  6840.9375  1.00000e+00  1.00000e+00  1.81472e-03  8.46324e+00
  12733.87  6841.5625  1.00000e+00  1.00000e+00  1.78259e-03  9.64403e+00
  12762.43  6842.1875  1.00000e+00  1.00000e+00  1.63686e-03  9.78873e+00
  12790.98  6842.8125  1.00000e+00  1.00000e+00  1.55585e-03  8.44247e+00
  12819.53  6843.4375  1.00000e+00  1.00000e+00  1.67224e-03  7.38530e+00
  12848.08  6844.0625  1.00000e+00  1.00000e+00  1.72712e-03  7.45875e+00
  12876.63  6844.6875  1.00000e+00  1.00000e+00  1.65220e-03  8.18261e+00
  12905.18  6845.3125  1.00000e+00  1.00000e+00  1.62972e-03  8.57790e+00
  12933.73  6845.9375  1.00000e+00  1.00000e+00  1.60588e-03  8.63011e+00
  12962.28  6846.5625  1.00000e+00  1.00000e+00  1.52372e-03  7.96115e+00
  12990.83  6847.1875  1.00000e+00  1.00000e+00  1.51027e-03  7.84171e+00
  13019.38  6847.8125  1.00000e+00  1.00000e+00  1.59316e-03  8.77727e+00
  13047.94  6848.4375  1.00000e+00  1.00000e+00  1.61298e-03  8.81513e+00
  13076.49  6849.0625  1.00000e+00  1.00000e+00  1.66392e-03  6.68613e+00
  13105.04  6849.6875  1.00000e+00  1.00000e+00  1.69039e-03  5.72667e+00
  13133.59  6850.3125  1.00000e+00  1.00000e+00  1.65159e-03  6.71836e+00
  13162.14  6850.9375  1.00000e+00  1.00000e+00  1.58225e-03  7.39954e+00
  13190.69  6851.5625  1.00000e+00  1.00000e+00  1.49529e-03  6.23957e+00
  13219.24  6852.1875  1.00000e+00  1.00000e+00  1.41384e-03  5.01223e+00
  13247.79  6852.8125  1.00000e+00  1.00000e+00  1.52773e-03  4.78133e+00
  13276.34  6853.4375  1.00000e+00  1.00000e+00  1.66050e-03  5.29229e+00
  13304.90  6854.0625  1.00000e+00  1.00000e+00  1.71761e-03  6.23277e+00
  13333.45  6854.6875  1.00000e+00  1.00000e+00  1.71935e-03  6.52917e+00
  13362.00  6855.3125  1.00000e+00  1.00000e+00  1.66867e-03  5.99066e+00
  13390.55  6855.9375  1.00000e+00  1.00000e+00  1.63706e-03  5.33196e+00
  13419.10  6856.5625  1.00000e+00  1.00000e+00  1.66261e-03  5.31676e+00
  13447.65  6857.1875  1.00000e+00  1.00000e+00  1.75678e-03  6.16365e+00
  13476.20  6857.8125  1.00000e+00  1.00000e+00  1.72662e-03  6.35656e+00
  13504.75  6858.4375  1.00000e+00  1.00000e+00  1.64179e-03  5.65625e+00
  13533.30  6859.0625  1.00000e+00  1.00000e+00  1.54865e-03  5.49382e+00
  13561.85  6859.6875  1.00000e+00  1.00000e+00  1.48410e-03  5.53900e+00
  13590.41  6860.3125  1.00000e+00  1.00000e+00  1.54006e-03  5.04798e+00
  13618.96  6860.9375  1.00000e+00  1.00000e+00  1.58067e-03  5.50772e+00
  13647.51  6861.5625  1.00000e+00  1.00000e+00  1.57501e-03  6.51080e+00
  13676.06  6862.1875  1.00000e+00  1.00000e+00  1.67165e-03  6.11949e+00
  13704.61  6862.8125  1.00000e+00  1.00000e+00  1.73402e-03  5.61689e+00
  13733.16  6863.4375  1.00000e+00  1.00000e+00  1.69893e-03  4.98200e+00
  13761.71  6864.0625  1.00000e+00  1.00000e+00  1.66910e-03  4.62349e+00
  13790.26  6864.6875  1.00000e+00  1.00000e+00  1.59869e-03  4.61953e+00
  13818.81  6865.3125  1.00000e+00  1.00000e+00  1.63420e-03  4.64667e+00
  13847.36  6865.9375  1.00000e+00  1.00000e+00  1.71862e-03  4.14371e+00
  13875.92  6866.5625  1.00000e+00  1.00000e+00  1.71583e-03  3.54190e+00
  13904.47  6867.1875  1.00000e+00  1.00000e+00  1.67585e-03  3.89439e+00
  13933.02  6867.8125  1.00000e+00  1.00000e+00  1.61094e-03  3.53083e+00
  13961.57  6868.4375  1.00000e+00  1.00000e+00  1.52161e-03  3.12007e+00
  13990.12  6869.0625  1.00000e+00  1.00000e+00  1.58983e-03  3.75233e+00
  14018.67  6869.6875  1.00000e+00  1.00000e+00  1.75599e-03  4.84582e+00
  14047.22  6870.3125  1.00000e+00  1.00000e+00  1.78936e-03  5.24685e+00
  14075.77  6870.9375  1.00000e+00  1.00000e+00  1.72475e-03  5.46545e+00
  14104.32  6871.5625  1.00000e+00  1.00000e+00  1.58010e-03  5.89438e+00
  14132.88  6872.1875  1.00000e+00  1.00000e+00  1.56295e-03  5.93818e+00
  14161.43  6872.8125  1.00000e+00  1.00000e+00  1.60259e-03  5.55596e+00
  14189.98  6873.4375  1.00000e+00  1.00000e+00  1.57262e-03  4.86321e+00
  14218.53  6874.0625  1.00000e+00  1.00000e+00  1.64002e-03  5.27519e+00
  14247.08  6874.6875  1.00000e+00  1.00000e+00  1.70912e-03  5.73383e+00
  14275.63  6875.3125  1.00000e+00  1.00000e+00  1.65600e-03  5.02973e+00
  14304.18  6875.9375  1.00000e+00  1.00000e+00  1.61043e-03  4.20788e+00
  14332.73  6876.5625  1.00000e+00  1.00000e+00  1.75761e-03  4.47619e+00
  14361.28  6877.1875  1.00000e+00  1.00000e+00  1.92128e-03  4.75356e+00
  14389.83  6877.8125  1.00000e+00  1.00000e+00  1.89876e-03  5.10943e+00
  14418.39  6878.4375  1.00000e+00  1.00000e+00  1.74915e-03  5.11871e+00
  14446.94  6879.0625  1.00000e+00  1.00000e+00  1.67584e-03  5.03761e+00
  14475.49  6879.6875  1.00000e+00  1.00000e+00  1.72207e-03  5.28264e+00
  14504.04  6880.3125  1.00000e+00  1.00000e+00  1.81386e-03  5.28557e+00
  14532.59  6880.9375  1.00000e+00  1.00000e+00  1.83409e-03  4.43690e+00
  14561.14  6881.5625  1.00000e+00  1.00000e+00  1.74731e-03  4.10410e+00
  14589.69  6882.1875  1.00000e+00  1.00000e+00  1.73862e-03  3.51124e+00
  14618.24  6882.8125  1.00000e+00  1.00000e+00  1.65538e-03  2.77905e+00
  14646.79  6883.4375  1.00000e+00  1.00000e+00  1.59364e-03  3.27725e+00
  14675.34  6884.0625  1.00000e+00  1.00000e+00  1.52025e-03  4.06221e+00
  14703.90  6884.6875  1.00000e+00  1.00000e+00  1.37651e-03  5.11197e+00
  14732.45  6885.3125  1.00000e+00  1.00000e+00  1.40975e-03  5.18156e+00
  14761.00  6885.9375  1.00000e+00  1.00000e+00  1.56420e-03  4.36307e+00
  14789.55  6886.5625  1.00000e+00  1.00000e+00  1.67913e-03  4.18930e+00
  14818.10  6887.1875  1.00000e+00  1.00000e+00  1.72277e-03  4.30574e+00
  14846.65  6887.8125  1.00000e+00  1.00000e+00  1.72492e-03  4.91822e+00
  14875.20  6888.4375  1.00000e+00  1.00000e+00  1.68470e-03  5.41084e+00
  14903.75  6889.0625  1.00000e+00  1.00000e+00  1.62781e-03  4.88762e+00
  14932.30  6889.6875  1.00000e+00  1.00000e+00  1.64203e-03  4.91535e+00
  14960.86  6890.3125  1.00000e+00  1.00000e+00  1.65606e-03  4.49016e+00
  14989.41  6890.9375  1.00000e+00  1.00000e+00  1.69559e-03  3.87114e+00
  15017.96  6891.5625  1.00000e+00  1.00000e+00  1.76521e-03  3.56792e+00
  15046.51  6892.1875  1.00000e+00  1.00000e+00  1.84123e-03  3.81701e+00
  15075.06  6892.8125  1.00000e+00  1.00000e+00  1.79280e-03  4.29863e+00
  15103.61  6893.4375  1.00000e+00  1.00000e+00  1.73122e-03  4.20458e+00
  15132.16  6894.0625  1.00000e+00  1.00000e+00  1.69741e-03  3.65024e+00
  15160.71  6894.6875  1.00000e+00  1.00000e+00  1.70480e-03  3.27435e+00
  15189.26  6895.3125  1.00000e+00  1.00000e+00  1.71378e-03  3.73597e+00
  15217.81  6895.9375  1.00000e+00  1.00000e+00  1.66512e-03  3.64892e+00
  15246.37  6896.5625  1.00000e+00  1.00000e+00  1.64755e-03  3.03904e+00
  15274.92  6897.1875  1.00000e+00  1.00000e+00  1.60017e-03  2.75107e+00
  15303.47  6897.8125  1.00000e+00  1.00000e+00  1.58632e-03  3.21560e+00
  15332.02  6898.4375  1.00000e+00  1.00000e+00  1.55442e-03  3.33549e+00
  15360.57  6899.0625  1.00000e+00  1.00000e+00  1.54794e-03  2.86896e+00
  15389.12  6899.6875  1.00000e+00  1.00000e+00  1.64382e-03  2.44275e+00
  15417.67  6900.3125  1.00000e+00  1.00000e+00  1.70049e-03  2.11665e+00
  15446.22  6900.9375  1.00000e+00  1.00000e+00  1.59973e-03  2.46608e+00
  15474.77  6901.5625  1.00000e+00  1.00000e+00  1.63205e-03  2.72212e+00
  15503.32  6902.1875  1.00000e+00  1.00000e+00  1.80320e-03  2.49083e+00
  15531.88  6902.8125  1.00000e+00  1.00000e+00  1.75054e-03  2.96456e+00
  15560.43  6903.4375  1.00000e+00  1.00000e+00  1.57800e-03  3.14016e+00
  15588.98  6904.0625  1.00000e+00  1.00000e+00  1.52524e-03  2.72215e+00
  15617.53  6904.6875  1.00000e+00  1.00000e+00  1.54999e-03  3.07375e+00
  15646.08  6905.3125  1.00000e+00  1.00000e+00  1.52574e-03  3.81303e+00
  15674.63  6905.9375  1.00000e+00  1.00000e+00  1.62800e-03  3.00993e+00
  15703.18  6906.5625  1.00000e+00  1.00000e+00  1.81025e-03  2.51388e+00
  15731.73  6907.1875  1.00000e+00  1.00000e+00  1.77520e-03  2.80150e+00
  15760.28  6907.8125  1.00000e+00  1.00000e+00  1.76041e-03  2.87588e+00
  15788.84  6908.4375  1.00000e+00  1.00000e+00  1.76507e-03  3.17873e+00
  15817.39  6909.0625  1.00000e+00  1.00000e+00  1.73682e-03  3.18682e+00
  15845.94  6909.6875  1.00000e+00  1.00000e+00  1.69391e-03  2.20715e+00
  15874.49  6910.3125  1.00000e+00  1.00000e+00  1.68107e-03  1.66960e+00
  15903.04  6910.9375  1.00000e+00  1.00000e+00  1.68414e-03  1.65742e+00
  15931.59  6911.5625  1.00000e+00  1.00000e+00  1.68182e-03  1.42702e+00
  15960.14  6912.1875  1.00000e+00  1.00000e+00  1.76243e-03  1.55390e+00
  15988.69  6912.8125  1.00000e+00  1.00000e+00  1.85209e-03  1.91393e+00
  16017.24  6913.4375  1.00000e+00  1.00000e+00  1.89273e-03  2.08660e+00
  16045.79  6914.0625  1.00000e+00  1.00000e+00  1.84993e-03  1.83380e+00
  16074.35  6914.6875  1.00000e+00  1.00000e+00  1.79704e-03  1.69405e+00
  16102.90  6915.3125  1.00000e+00  1.00000e+00  1.70817e-03  1.24877e+00
  16131.45  6915.9375  1.00000e+00  1.00000e+00  1.66691e-03  1.33607e+00
  16160.00  6916.5625  1.00000e+00  1.00000e+00  1.62835e-03  1.95226e+00
  16188.55  6917.1875  1.00000e+00  1.00000e+00  1.68532e-03  2.66080e+00
  16217.10  6917.8125  1.00000e+00  1.00000e+00  1.77811e-03  3.04491e+00
  16245.65  6918.4375  1.00000e+00  1.00000e+00  1.79197e-03  3.06919e+00
  16274.20  6919.0625  1.00000e+00  1.00000e+00  1.73374e-03  2.86535e+00
  16302.75  6919.6875  1.00000e+00  1.00000e+00  1.73977e-03  2.27620e+00
  16331.30  6920.3125  1.00000e+00  1.00000e+00  1.83395e-03  2.49622e+00
  16359.86  6920.9375  1.00000e+00  1.00000e+00  1.73532e-03  3.01110e+00
  16388.41  6921.5625  1.00000e+00  1.00000e+00  1.55558e-03  2.49064e+00
  16416.96  6922.1875  1.00000e+00  1.00000e+00  1.56866e-03  1.79275e+00
  16445.51  6922.8125  1.00000e+00  1.00000e+00  1.65827e-03  2.29683e+00
  16474.06  6923.4375  1.00000e+00  1.00000e+00  1.65115e-03  3.20210e+00
  16502.61  6924.0625  1.00000e+00  1.00000e+00  1.70390e-03  3.80357e+00
  16531.16  6924.6875  1.00000e+00  1.00000e+00  1.80624e-03  3.12016e+00
  16559.71  6925.3125  1.00000e+00  1.00000e+00  1.75939e-03  2.35120e+00
  16588.26  6925.9375  1.00000e+00  1.00000e+00  1.78832e-03  2.11082e+00
  16616.81  6926.5625  1.00000e+00  1.00000e+00  1.85532e-03  1.78170e+00
  16645.37  6927.1875  1.00000e+00  1.00000e+00  1.92289e-03  1.67862e+00
  16673.92  6927.8125  1.00000e+00  1.00000e+00  1.95620e-03  1.60166e+00
  16702.47  6928.4375  1.00000e+00  1.00000e+00  1.90745e-03  1.62863e+00
  16731.02  6929.0625  1.00000e+00  1.00000e+00  1.75650e-03  1.64963e+00
  16759.57  6929.6875  1.00000e+00  1.00000e+00  1.66137e-03  1.85088e+00
  16788.12  6930.3125  1.00000e+00  1.00000e+00  1.60069e-03  2.45685e+00
  16816.67  6930.9375  1.00000e+00  1.00000e+00  1.58716e-03  2.93564e+00
  16845.22  6931.5625  1.00000e+00  1.00000e+00  1.56885e-03  2.29008e+00
  16873.77  6932.1875  1.00000e+00  1.00000e+00  1.49385e-03  2.05097e+00
  16902.33  6932.8125  1.00000e+00  1.00000e+00  1.45538e-03  2.21081e+00
  16930.88  6933.4375  1.00000e+00  1.00000e+00  1.54636e-03  1.66434e+00
  16959.43  6934.0625  1.00000e+00  1.00000e+00  1.63812e-03  1.40135e+00
  16987.98  6934.6875  1.00000e+00  1.00000e+00  1.59737e-03  1.44099e+00
  17016.53  6935.3125  1.00000e+00  1.00000e+00  1.63591e-03  1.74555e+00
  17045.08  6935.9375  1.00000e+00  1.00000e+00  1.72323e-03  2.46143e+00
  17073.63  6936.5625  1.00000e+00  1.00000e+00  1.76063e-03  2.65565e+00
  17102.18  6937.1875  1.00000e+00  1.00000e+00  1.69989e-03  2.15953e+00
  17130.73  6937.8125  1.00000e+00  1.00000e+00  1.64965e-03  1.67593e+00
  17159.28  6938.4375  1.00000e+00  1.00000e+00  1.70501e-03  1.58904e+00
  17187.84  6939.0625  1.00000e+00  1.00000e+00  1.73851e-03  1.36553e+00
  17216.39  6939.6875  1.00000e+00  1.00000e+00  1.72646e-03  1.97833e+00
  17244.94  6940.3125  1.00000e+00  1.00000e+00  1.65791e-03  2.50485e+00
  17273.49  6940.9375  1.00000e+00  1.00000e+00  1.57508e-03  2.21920e+00
  17302.04  6941.5625  1.00000e+00  1.00000e+00  1.54719e-03  2.10778e+00
  17330.59  6942.1875  1.00000e+00  1.00000e+00  1.61898e-03  1.63836e+00
  17359.14  6942.8125  1.00000e+00  1.00000e+00  1.77796e-03  1.38858e+00
  17387.69  6943.4375  1.00000e+00  1.00000e+00  1.82975e-03  1.81537e+00
  17416.24  6944.0625  1.00000e+00  1.00000e+00  1.79409e-03  2.05321e+00
  17444.79  6944.6875  1.00000e+00  1.00000e+00  1.74673e-03  2.06950e+00
  17473.35  6945.3125  1.00000e+00  1.00000e+00  1.66016e-03  1.34187e+00
  17501.90  6945.9375  1.00000e+00  1.00000e+00  1.73092e-03  9.09972e-01
  17530.45  6946.5625  1.00000e+00  1.00000e+00  1.76604e-03  1.06744e+00
  17559.00  6947.1875  1.00000e+00  1.00000e+00  1.68250e-03  1.44476e+00
  17587.55  6947.8125  1.00000e+00  1.00000e+00  1.68507e-03  1.40997e+00
  17616.10  6948.4375  1.00000e+00  1.00000e+00  1.71048e-03  1.00725e+00
  17644.65  6949.0625  1.00000e+00  1.00000e+00  1.69770e-03  7.26141e-01
  17673.20  6949.6875  1.00000e+00  1.00000e+00  1.79895e-03  5.62951e-01
