# day000.4  epoch=0.4d  L_Halpha=9.080e+39 erg/s  smooth_kms=25.0
# Columns:
#   1: Δv [km/s]      velocity offset from Hα (6562.81 Å), positive = redshift
#   2: lambda [Å]     observed wavelength
#   3: F_norm         total flux, smoothed, normalized to F_cont_baseline
#   4: F_norm_raw     total flux, RAW MC (no velocity smoothing)
#   5: F_cont_smooth  continuum-channel flux (continuum photons only)
#   6: F_vol_smooth   volumetric-channel flux (line emission contribution)
# Format: F_norm ≈ F_cont_smooth + F_vol_smooth (within MC noise)
# ----------------------------------------------------------------------------------------
 -16559.48  6200.3125  7.43354e-01  6.64255e-01  7.43128e-01  0.00000e+00
 -16530.93  6200.9375  8.92641e-01  8.95480e-01  8.92421e-01  0.00000e+00
 -16502.38  6201.5625  1.03557e+00  1.12111e+00  1.03540e+00  0.00000e+00
 -16473.83  6202.1875  1.04687e+00  1.07989e+00  1.04688e+00  0.00000e+00
 -16445.28  6202.8125  9.92515e-01  9.37661e-01  9.92716e-01  0.00000e+00
 -16416.73  6203.4375  9.44266e-01  1.02205e+00  9.44140e-01  0.00000e+00
 -16388.18  6204.0625  8.79774e-01  7.89908e-01  8.79224e-01  0.00000e+00
 -16359.63  6204.6875  8.99749e-01  8.81799e-01  8.99059e-01  0.00000e+00
 -16331.08  6205.3125  9.71142e-01  1.00767e+00  9.70913e-01  0.00000e+00
 -16302.53  6205.9375  9.67444e-01  1.03566e+00  9.67640e-01  0.00000e+00
 -16273.97  6206.5625  8.72069e-01  8.37501e-01  8.72150e-01  0.00000e+00
 -16245.42  6207.1875  7.98037e-01  7.78494e-01  7.97886e-01  0.00000e+00
 -16216.87  6207.8125  8.68114e-01  6.95692e-01  8.67829e-01  0.00000e+00
 -16188.32  6208.4375  1.07853e+00  1.24819e+00  1.07813e+00  0.00000e+00
 -16159.77  6209.0625  1.16109e+00  1.16724e+00  1.16058e+00  0.00000e+00
 -16131.22  6209.6875  1.09253e+00  1.17250e+00  1.09193e+00  0.00000e+00
 -16102.67  6210.3125  9.63192e-01  8.70300e-01  9.62804e-01  0.00000e+00
 -16074.12  6210.9375  8.95991e-01  9.19713e-01  8.95889e-01  0.00000e+00
 -16045.57  6211.5625  8.66961e-01  8.40630e-01  8.66921e-01  0.00000e+00
 -16017.01  6212.1875  8.68109e-01  8.61135e-01  8.68283e-01  0.00000e+00
 -15988.46  6212.8125  9.34780e-01  8.69141e-01  9.34991e-01  0.00000e+00
 -15959.91  6213.4375  1.10315e+00  1.07609e+00  1.10304e+00  0.00000e+00
 -15931.36  6214.0625  1.21899e+00  1.43989e+00  1.21861e+00  0.00000e+00
 -15902.81  6214.6875  1.15071e+00  9.91827e-01  1.15029e+00  0.00000e+00
 -15874.26  6215.3125  1.09551e+00  1.21309e+00  1.09541e+00  0.00000e+00
 -15845.71  6215.9375  1.06484e+00  9.02938e-01  1.06482e+00  0.00000e+00
 -15817.16  6216.5625  1.07894e+00  1.25821e+00  1.07871e+00  0.00000e+00
 -15788.61  6217.1875  1.01021e+00  9.09426e-01  1.00988e+00  0.00000e+00
 -15760.06  6217.8125  9.90351e-01  9.56631e-01  9.89944e-01  0.00000e+00
 -15731.50  6218.4375  1.02198e+00  1.10571e+00  1.02170e+00  0.00000e+00
 -15702.95  6219.0625  1.00261e+00  9.37717e-01  1.00264e+00  0.00000e+00
 -15674.40  6219.6875  9.76511e-01  1.05385e+00  9.76653e-01  0.00000e+00
 -15645.85  6220.3125  9.48000e-01  8.40302e-01  9.48112e-01  0.00000e+00
 -15617.30  6220.9375  9.93432e-01  1.03235e+00  9.93365e-01  0.00000e+00
 -15588.75  6221.5625  1.02428e+00  1.06899e+00  1.02395e+00  0.00000e+00
 -15560.20  6222.1875  1.01001e+00  9.53637e-01  1.00977e+00  0.00000e+00
 -15531.65  6222.8125  1.04186e+00  1.03792e+00  1.04171e+00  0.00000e+00
 -15503.10  6223.4375  1.06190e+00  1.14734e+00  1.06170e+00  0.00000e+00
 -15474.55  6224.0625  1.00605e+00  9.48899e-01  1.00576e+00  0.00000e+00
 -15445.99  6224.6875  9.60426e-01  9.84761e-01  9.60270e-01  0.00000e+00
 -15417.44  6225.3125  9.30607e-01  9.07734e-01  9.30755e-01  0.00000e+00
 -15388.89  6225.9375  9.62338e-01  8.88103e-01  9.62685e-01  0.00000e+00
 -15360.34  6226.5625  1.07079e+00  1.12121e+00  1.07099e+00  0.00000e+00
 -15331.79  6227.1875  1.07793e+00  1.21618e+00  1.07807e+00  0.00000e+00
 -15303.24  6227.8125  9.47727e-01  8.22775e-01  9.47882e-01  0.00000e+00
 -15274.69  6228.4375  8.89785e-01  9.02579e-01  8.89653e-01  0.00000e+00
 -15246.14  6229.0625  8.74487e-01  9.00328e-01  8.74343e-01  0.00000e+00
 -15217.59  6229.6875  8.89525e-01  7.73183e-01  8.89609e-01  0.00000e+00
 -15189.03  6230.3125  9.97890e-01  1.07178e+00  9.97987e-01  0.00000e+00
 -15160.48  6230.9375  1.06259e+00  1.08660e+00  1.06270e+00  0.00000e+00
 -15131.93  6231.5625  1.04126e+00  1.05702e+00  1.04142e+00  0.00000e+00
 -15103.38  6232.1875  9.41151e-01  1.02438e+00  9.41389e-01  0.00000e+00
 -15074.83  6232.8125  8.95273e-01  5.96988e-01  8.95308e-01  0.00000e+00
 -15046.28  6233.4375  1.08503e+00  1.26335e+00  1.08458e+00  0.00000e+00
 -15017.73  6234.0625  1.15572e+00  1.25663e+00  1.15517e+00  0.00000e+00
 -14989.18  6234.6875  1.04028e+00  9.71184e-01  1.04008e+00  0.00000e+00
 -14960.63  6235.3125  1.03196e+00  8.87016e-01  1.03172e+00  0.00000e+00
 -14932.08  6235.9375  1.15254e+00  1.32205e+00  1.15196e+00  0.00000e+00
 -14903.52  6236.5625  1.12909e+00  1.14822e+00  1.12859e+00  0.00000e+00
 -14874.97  6237.1875  1.03980e+00  9.38928e-01  1.03945e+00  0.00000e+00
 -14846.42  6237.8125  1.01317e+00  1.10683e+00  1.01291e+00  0.00000e+00
 -14817.87  6238.4375  9.64478e-01  8.95243e-01  9.64354e-01  0.00000e+00
 -14789.32  6239.0625  9.53336e-01  9.54931e-01  9.53262e-01  0.00000e+00
 -14760.77  6239.6875  9.70238e-01  9.82845e-01  9.70246e-01  0.00000e+00
 -14732.22  6240.3125  9.55200e-01  9.83386e-01  9.55354e-01  0.00000e+00
 -14703.67  6240.9375  9.08086e-01  8.88781e-01  9.08208e-01  0.00000e+00
 -14675.12  6241.5625  8.96525e-01  8.48095e-01  8.96712e-01  0.00000e+00
 -14646.57  6242.1875  9.27000e-01  9.86628e-01  9.27087e-01  0.00000e+00
 -14618.01  6242.8125  9.54976e-01  8.74283e-01  9.54927e-01  0.00000e+00
 -14589.46  6243.4375  1.01922e+00  1.07959e+00  1.01914e+00  0.00000e+00
 -14560.91  6244.0625  1.04613e+00  1.05158e+00  1.04603e+00  0.00000e+00
 -14532.36  6244.6875  1.02379e+00  1.03644e+00  1.02372e+00  0.00000e+00
 -14503.81  6245.3125  9.72076e-01  9.84197e-01  9.72067e-01  0.00000e+00
 -14475.26  6245.9375  9.05107e-01  8.92797e-01  9.05005e-01  0.00000e+00
 -14446.71  6246.5625  8.66231e-01  8.32543e-01  8.66028e-01  0.00000e+00
 -14418.16  6247.1875  8.65028e-01  8.92205e-01  8.65124e-01  0.00000e+00
 -14389.61  6247.8125  8.81624e-01  8.22555e-01  8.81829e-01  0.00000e+00
 -14361.06  6248.4375  9.14336e-01  9.93811e-01  9.14417e-01  0.00000e+00
 -14332.50  6249.0625  8.96115e-01  8.64724e-01  8.95950e-01  0.00000e+00
 -14303.95  6249.6875  8.98768e-01  8.58797e-01  8.98376e-01  0.00000e+00
 -14275.40  6250.3125  9.80714e-01  9.58696e-01  9.80352e-01  0.00000e+00
 -14246.85  6250.9375  1.05205e+00  1.16398e+00  1.05182e+00  0.00000e+00
 -14218.30  6251.5625  1.02883e+00  9.58094e-01  1.02875e+00  0.00000e+00
 -14189.75  6252.1875  9.93362e-01  1.06530e+00  9.93424e-01  0.00000e+00
 -14161.20  6252.8125  9.70076e-01  8.48271e-01  9.70205e-01  0.00000e+00
 -14132.65  6253.4375  9.85626e-01  1.12970e+00  9.85836e-01  0.00000e+00
 -14104.10  6254.0625  9.67591e-01  8.21866e-01  9.67714e-01  0.00000e+00
 -14075.54  6254.6875  1.03220e+00  1.07371e+00  1.03226e+00  0.00000e+00
 -14046.99  6255.3125  1.06936e+00  1.16663e+00  1.06950e+00  0.00000e+00
 -14018.44  6255.9375  1.01636e+00  9.13557e-01  1.01668e+00  0.00000e+00
 -13989.89  6256.5625  9.91649e-01  1.07078e+00  9.91993e-01  0.00000e+00
 -13961.34  6257.1875  9.23910e-01  9.23912e-01  9.24200e-01  0.00000e+00
 -13932.79  6257.8125  8.67545e-01  7.71739e-01  8.67900e-01  0.00000e+00
 -13904.24  6258.4375  8.99413e-01  9.64278e-01  8.99864e-01  0.00000e+00
 -13875.69  6259.0625  9.41185e-01  8.72006e-01  9.41509e-01  0.00000e+00
 -13847.14  6259.6875  9.73951e-01  1.08595e+00  9.73985e-01  0.00000e+00
 -13818.59  6260.3125  9.51809e-01  8.61600e-01  9.51793e-01  0.00000e+00
 -13790.03  6260.9375  9.77908e-01  9.81422e-01  9.77962e-01  0.00000e+00
 -13761.48  6261.5625  9.76646e-01  1.10559e+00  9.76508e-01  0.00000e+00
 -13732.93  6262.1875  8.93099e-01  7.48161e-01  8.92884e-01  0.00000e+00
 -13704.38  6262.8125  9.34907e-01  9.13539e-01  9.34934e-01  0.00000e+00
 -13675.83  6263.4375  1.03634e+00  1.11943e+00  1.03638e+00  0.00000e+00
 -13647.28  6264.0625  1.00852e+00  1.07326e+00  1.00846e+00  0.00000e+00
 -13618.73  6264.6875  9.01564e-01  8.07364e-01  9.01744e-01  0.00000e+00
 -13590.18  6265.3125  8.77694e-01  8.75608e-01  8.77896e-01  0.00000e+00
 -13561.63  6265.9375  8.81049e-01  9.35941e-01  8.80970e-01  0.00000e+00
 -13533.08  6266.5625  8.66649e-01  7.85508e-01  8.66680e-01  0.00000e+00
 -13504.52  6267.1875  9.53286e-01  9.03935e-01  9.53583e-01  0.00000e+00
 -13475.97  6267.8125  1.08175e+00  1.19915e+00  1.08201e+00  0.00000e+00
 -13447.42  6268.4375  1.08022e+00  1.08971e+00  1.08026e+00  0.00000e+00
 -13418.87  6269.0625  9.95505e-01  9.98842e-01  9.95414e-01  0.00000e+00
 -13390.32  6269.6875  9.25694e-01  8.80470e-01  9.25638e-01  0.00000e+00
 -13361.77  6270.3125  9.34389e-01  8.94634e-01  9.34423e-01  0.00000e+00
 -13333.22  6270.9375  9.56866e-01  1.07193e+00  9.56934e-01  0.00000e+00
 -13304.67  6271.5625  9.07370e-01  8.12091e-01  9.07531e-01  0.00000e+00
 -13276.12  6272.1875  8.87428e-01  9.38364e-01  8.87534e-01  0.00000e+00
 -13247.56  6272.8125  8.85736e-01  8.29956e-01  8.85991e-01  0.00000e+00
 -13219.01  6273.4375  9.04893e-01  9.51055e-01  9.05155e-01  0.00000e+00
 -13190.46  6274.0625  9.25954e-01  8.69992e-01  9.26018e-01  0.00000e+00
 -13161.91  6274.6875  9.53973e-01  1.02521e+00  9.53934e-01  0.00000e+00
 -13133.36  6275.3125  9.49129e-01  9.00195e-01  9.49162e-01  0.00000e+00
 -13104.81  6275.9375  9.67473e-01  9.65515e-01  9.67583e-01  0.00000e+00
 -13076.26  6276.5625  9.82107e-01  1.04052e+00  9.82230e-01  0.00000e+00
 -13047.71  6277.1875  9.60895e-01  8.99347e-01  9.60638e-01  0.00000e+00
 -13019.16  6277.8125  1.01092e+00  9.63173e-01  1.01049e+00  0.00000e+00
 -12990.61  6278.4375  1.08290e+00  1.21418e+00  1.08255e+00  0.00000e+00
 -12962.05  6279.0625  1.05457e+00  9.81156e-01  1.05422e+00  0.00000e+00
 -12933.50  6279.6875  1.03629e+00  1.05479e+00  1.03605e+00  0.00000e+00
 -12904.95  6280.3125  1.05341e+00  1.01418e+00  1.05326e+00  0.00000e+00
 -12876.40  6280.9375  1.04418e+00  1.16249e+00  1.04419e+00  0.00000e+00
 -12847.85  6281.5625  9.43423e-01  8.81115e-01  9.43461e-01  0.00000e+00
 -12819.30  6282.1875  9.41731e-01  7.86184e-01  9.41597e-01  0.00000e+00
 -12790.75  6282.8125  1.03844e+00  1.28004e+00  1.03832e+00  0.00000e+00
 -12762.20  6283.4375  9.77669e-01  8.67413e-01  9.77638e-01  0.00000e+00
 -12733.65  6284.0625  9.46624e-01  9.04051e-01  9.46618e-01  0.00000e+00
 -12705.10  6284.6875  1.00220e+00  1.05007e+00  1.00250e+00  0.00000e+00
 -12676.54  6285.3125  1.02602e+00  1.02317e+00  1.02649e+00  0.00000e+00
 -12647.99  6285.9375  1.02987e+00  1.01948e+00  1.02990e+00  0.00000e+00
 -12619.44  6286.5625  1.00918e+00  1.07363e+00  1.00899e+00  0.00000e+00
 -12590.89  6287.1875  9.24299e-01  9.01747e-01  9.24294e-01  0.00000e+00
 -12562.34  6287.8125  8.57124e-01  8.10508e-01  8.57171e-01  0.00000e+00
 -12533.79  6288.4375  8.34026e-01  8.87324e-01  8.33840e-01  0.00000e+00
 -12505.24  6289.0625  8.14151e-01  7.36906e-01  8.13885e-01  0.00000e+00
 -12476.69  6289.6875  8.41590e-01  8.87138e-01  8.41350e-01  0.00000e+00
 -12448.14  6290.3125  8.97774e-01  8.19433e-01  8.97525e-01  0.00000e+00
 -12419.58  6290.9375  9.77097e-01  1.07069e+00  9.76801e-01  0.00000e+00
 -12391.03  6291.5625  9.89239e-01  9.73094e-01  9.89011e-01  0.00000e+00
 -12362.48  6292.1875  9.97446e-01  9.42723e-01  9.97488e-01  0.00000e+00
 -12333.93  6292.8125  1.00605e+00  1.14110e+00  1.00617e+00  0.00000e+00
 -12305.38  6293.4375  9.28481e-01  8.36013e-01  9.28473e-01  0.00000e+00
 -12276.83  6294.0625  9.56628e-01  8.43865e-01  9.56498e-01  0.00000e+00
 -12248.28  6294.6875  1.07733e+00  1.25917e+00  1.07688e+00  0.00000e+00
 -12219.73  6295.3125  1.04383e+00  1.01839e+00  1.04345e+00  0.00000e+00
 -12191.18  6295.9375  9.68499e-01  9.20611e-01  9.68426e-01  0.00000e+00
 -12162.63  6296.5625  9.95199e-01  9.40242e-01  9.95121e-01  0.00000e+00
 -12134.07  6297.1875  1.04441e+00  1.18183e+00  1.04421e+00  0.00000e+00
 -12105.52  6297.8125  9.86860e-01  9.17715e-01  9.86451e-01  0.00000e+00
 -12076.97  6298.4375  9.36104e-01  9.40519e-01  9.35716e-01  0.00000e+00
 -12048.42  6299.0625  9.02770e-01  9.30873e-01  9.02515e-01  0.00000e+00
 -12019.87  6299.6875  8.86497e-01  7.95625e-01  8.86511e-01  0.00000e+00
 -11991.32  6300.3125  9.63287e-01  9.79214e-01  9.63466e-01  0.00000e+00
 -11962.77  6300.9375  1.04825e+00  1.08768e+00  1.04840e+00  0.00000e+00
 -11934.22  6301.5625  1.05993e+00  1.08504e+00  1.05989e+00  0.00000e+00
 -11905.67  6302.1875  1.04158e+00  9.98305e-01  1.04152e+00  0.00000e+00
 -11877.12  6302.8125  1.09135e+00  1.04086e+00  1.09132e+00  0.00000e+00
 -11848.56  6303.4375  1.16295e+00  1.28103e+00  1.16310e+00  0.00000e+00
 -11820.01  6304.0625  1.12198e+00  1.10239e+00  1.12210e+00  0.00000e+00
 -11791.46  6304.6875  1.06203e+00  1.02385e+00  1.06202e+00  0.00000e+00
 -11762.91  6305.3125  1.08357e+00  1.03776e+00  1.08353e+00  0.00000e+00
 -11734.36  6305.9375  1.10293e+00  1.25516e+00  1.10297e+00  0.00000e+00
 -11705.81  6306.5625  1.03367e+00  8.86900e-01  1.03382e+00  0.00000e+00
 -11677.26  6307.1875  1.01179e+00  1.11157e+00  1.01188e+00  0.00000e+00
 -11648.71  6307.8125  9.89901e-01  9.04136e-01  9.89914e-01  0.00000e+00
 -11620.16  6308.4375  9.78985e-01  1.06296e+00  9.79068e-01  0.00000e+00
 -11591.60  6309.0625  9.55016e-01  8.68662e-01  9.54998e-01  0.00000e+00
 -11563.05  6309.6875  9.69524e-01  1.02098e+00  9.69289e-01  0.00000e+00
 -11534.50  6310.3125  1.00567e+00  9.35614e-01  1.00568e+00  0.00000e+00
 -11505.95  6310.9375  1.07316e+00  1.12720e+00  1.07332e+00  0.00000e+00
 -11477.40  6311.5625  1.09009e+00  1.12309e+00  1.09022e+00  0.00000e+00
 -11448.85  6312.1875  1.05153e+00  1.02075e+00  1.05195e+00  0.00000e+00
 -11420.30  6312.8125  1.03923e+00  1.02873e+00  1.03976e+00  0.00000e+00
 -11391.75  6313.4375  1.06837e+00  1.04930e+00  1.06860e+00  0.00000e+00
 -11363.20  6314.0625  1.09650e+00  1.15382e+00  1.09665e+00  0.00000e+00
 -11334.65  6314.6875  1.06941e+00  1.04886e+00  1.06987e+00  0.00000e+00
 -11306.09  6315.3125  9.93851e-01  1.07314e+00  9.94190e-01  0.00000e+00
 -11277.54  6315.9375  9.37016e-01  7.44473e-01  9.36966e-01  0.00000e+00
 -11248.99  6316.5625  1.03269e+00  1.12437e+00  1.03251e+00  0.00000e+00
 -11220.44  6317.1875  1.09042e+00  1.13930e+00  1.09026e+00  0.00000e+00
 -11191.89  6317.8125  1.04097e+00  1.03588e+00  1.04089e+00  0.00000e+00
 -11163.34  6318.4375  1.03243e+00  9.12779e-01  1.03250e+00  0.00000e+00
 -11134.79  6319.0625  1.08295e+00  1.25162e+00  1.08320e+00  0.00000e+00
 -11106.24  6319.6875  9.87023e-01  9.82338e-01  9.87457e-01  0.00000e+00
 -11077.69  6320.3125  8.54043e-01  7.61970e-01  8.54461e-01  0.00000e+00
 -11049.14  6320.9375  8.28762e-01  8.49256e-01  8.29136e-01  0.00000e+00
 -11020.58  6321.5625  8.46715e-01  8.32361e-01  8.47185e-01  0.00000e+00
 -10992.03  6322.1875  9.61623e-01  8.06604e-01  9.61904e-01  0.00000e+00
 -10963.48  6322.8125  1.16487e+00  1.37393e+00  1.16518e+00  0.00000e+00
 -10934.93  6323.4375  1.19567e+00  1.17887e+00  1.19581e+00  0.00000e+00
 -10906.38  6324.0625  1.15578e+00  1.10409e+00  1.15582e+00  0.00000e+00
 -10877.83  6324.6875  1.14060e+00  1.21963e+00  1.14076e+00  0.00000e+00
 -10849.28  6325.3125  1.07007e+00  1.04613e+00  1.07036e+00  0.00000e+00
 -10820.73  6325.9375  1.03724e+00  9.45413e-01  1.03754e+00  0.00000e+00
 -10792.18  6326.5625  1.07134e+00  1.18287e+00  1.07152e+00  0.00000e+00
 -10763.62  6327.1875  1.02159e+00  1.01190e+00  1.02177e+00  0.00000e+00
 -10735.07  6327.8125  9.63341e-01  8.89370e-01  9.63689e-01  0.00000e+00
 -10706.52  6328.4375  9.84423e-01  1.02529e+00  9.84735e-01  0.00000e+00
 -10677.97  6329.0625  1.04585e+00  9.55368e-01  1.04598e+00  0.00000e+00
 -10649.42  6329.6875  1.10733e+00  1.27268e+00  1.10753e+00  0.00000e+00
 -10620.87  6330.3125  1.04419e+00  9.76844e-01  1.04452e+00  0.00000e+00
 -10592.32  6330.9375  1.01316e+00  9.51643e-01  1.01357e+00  0.00000e+00
 -10563.77  6331.5625  1.12153e+00  1.07166e+00  1.12185e+00  0.00000e+00
 -10535.22  6332.1875  1.19088e+00  1.43854e+00  1.19089e+00  0.00000e+00
 -10506.67  6332.8125  1.05152e+00  9.03061e-01  1.05152e+00  0.00000e+00
 -10478.11  6333.4375  9.60669e-01  9.64947e-01  9.60792e-01  0.00000e+00
 -10449.56  6334.0625  9.78932e-01  9.24939e-01  9.78957e-01  0.00000e+00
 -10421.01  6334.6875  1.06994e+00  1.07109e+00  1.06989e+00  0.00000e+00
 -10392.46  6335.3125  1.16082e+00  1.20830e+00  1.16083e+00  0.00000e+00
 -10363.91  6335.9375  1.15568e+00  1.21437e+00  1.15588e+00  0.00000e+00
 -10335.36  6336.5625  1.07797e+00  1.01987e+00  1.07819e+00  0.00000e+00
 -10306.81  6337.1875  1.02974e+00  1.04657e+00  1.02981e+00  0.00000e+00
 -10278.26  6337.8125  9.83478e-01  1.00171e+00  9.83465e-01  0.00000e+00
 -10249.71  6338.4375  9.39950e-01  8.79707e-01  9.39919e-01  0.00000e+00
 -10221.16  6339.0625  9.42767e-01  9.80705e-01  9.42743e-01  0.00000e+00
 -10192.60  6339.6875  9.43635e-01  9.22491e-01  9.43512e-01  0.00000e+00
 -10164.05  6340.3125  9.53650e-01  9.53816e-01  9.53454e-01  0.00000e+00
 -10135.50  6340.9375  1.00780e+00  9.49332e-01  1.00772e+00  0.00000e+00
 -10106.95  6341.5625  1.08964e+00  1.17215e+00  1.08978e+00  0.00000e+00
 -10078.40  6342.1875  1.08014e+00  1.10890e+00  1.08029e+00  0.00000e+00
 -10049.85  6342.8125  1.00556e+00  9.74133e-01  1.00563e+00  0.00000e+00
 -10021.30  6343.4375  9.91033e-01  9.22744e-01  9.90901e-01  0.00000e+00
  -9992.75  6344.0625  1.02691e+00  1.12387e+00  1.02655e+00  0.00000e+00
  -9964.20  6344.6875  9.76174e-01  9.79355e-01  9.75892e-01  0.00000e+00
  -9935.65  6345.3125  9.01658e-01  8.36583e-01  9.01292e-01  0.00000e+00
  -9907.09  6345.9375  8.70909e-01  9.37340e-01  8.70337e-01  0.00000e+00
  -9878.54  6346.5625  8.37027e-01  7.61714e-01  8.36568e-01  0.00000e+00
  -9849.99  6347.1875  8.71324e-01  8.62689e-01  8.71127e-01  0.00000e+00
  -9821.44  6347.8125  9.63951e-01  9.52402e-01  9.63697e-01  0.00000e+00
  -9792.89  6348.4375  1.01992e+00  1.12451e+00  1.01952e+00  0.00000e+00
  -9764.34  6349.0625  1.00197e+00  8.99349e-01  1.00165e+00  0.00000e+00
  -9735.79  6349.6875  9.99051e-01  1.10331e+00  9.98867e-01  0.00000e+00
  -9707.24  6350.3125  9.92963e-01  8.61988e-01  9.92941e-01  0.00000e+00
  -9678.69  6350.9375  1.05625e+00  1.13047e+00  1.05647e+00  0.00000e+00
  -9650.13  6351.5625  1.08204e+00  1.10497e+00  1.08240e+00  0.00000e+00
  -9621.58  6352.1875  1.03511e+00  1.04173e+00  1.03513e+00  0.00000e+00
  -9593.03  6352.8125  1.00222e+00  9.32302e-01  1.00199e+00  0.00000e+00
  -9564.48  6353.4375  1.00476e+00  1.09384e+00  1.00464e+00  0.00000e+00
  -9535.93  6354.0625  9.47279e-01  9.22277e-01  9.47262e-01  0.00000e+00
  -9507.38  6354.6875  9.06636e-01  8.53840e-01  9.06729e-01  0.00000e+00
  -9478.83  6355.3125  9.94849e-01  9.08441e-01  9.94795e-01  0.00000e+00
  -9450.28  6355.9375  1.11557e+00  1.30718e+00  1.11527e+00  0.00000e+00
  -9421.73  6356.5625  1.04730e+00  1.03039e+00  1.04714e+00  0.00000e+00
  -9393.18  6357.1875  9.33788e-01  8.57828e-01  9.33802e-01  0.00000e+00
  -9364.62  6357.8125  9.20272e-01  9.29299e-01  9.20233e-01  0.00000e+00
  -9336.07  6358.4375  9.44256e-01  9.39680e-01  9.44083e-01  0.00000e+00
  -9307.52  6359.0625  9.58769e-01  9.74546e-01  9.58587e-01  0.00000e+00
  -9278.97  6359.6875  9.08728e-01  9.90588e-01  9.08614e-01  0.00000e+00
  -9250.42  6360.3125  8.11288e-01  6.92804e-01  8.11101e-01  0.00000e+00
  -9221.87  6360.9375  8.10544e-01  8.29446e-01  8.10306e-01  0.00000e+00
  -9193.32  6361.5625  8.60591e-01  8.51742e-01  8.60475e-01  0.00000e+00
  -9164.77  6362.1875  9.35312e-01  8.98049e-01  9.35423e-01  0.00000e+00
  -9136.22  6362.8125  1.01832e+00  1.09185e+00  1.01857e+00  0.00000e+00
  -9107.67  6363.4375  1.00677e+00  1.04257e+00  1.00684e+00  0.00000e+00
  -9079.11  6364.0625  9.47751e-01  8.75077e-01  9.47630e-01  0.00000e+00
  -9050.56  6364.6875  9.59401e-01  9.66170e-01  9.59240e-01  0.00000e+00
  -9022.01  6365.3125  1.02936e+00  9.80710e-01  1.02924e+00  0.00000e+00
  -8993.46  6365.9375  1.07154e+00  1.22773e+00  1.07163e+00  0.00000e+00
  -8964.91  6366.5625  1.00113e+00  8.88274e-01  1.00129e+00  0.00000e+00
  -8936.36  6367.1875  9.61959e-01  1.00924e+00  9.62120e-01  0.00000e+00
  -8907.81  6367.8125  9.62469e-01  8.92838e-01  9.62732e-01  0.00000e+00
  -8879.26  6368.4375  9.82449e-01  1.06551e+00  9.82656e-01  0.00000e+00
  -8850.71  6369.0625  9.56699e-01  9.11980e-01  9.56761e-01  0.00000e+00
  -8822.15  6369.6875  9.04638e-01  9.72860e-01  9.04578e-01  0.00000e+00
  -8793.60  6370.3125  8.46229e-01  7.43786e-01  8.46186e-01  0.00000e+00
  -8765.05  6370.9375  8.57153e-01  9.06253e-01  8.57052e-01  0.00000e+00
  -8736.50  6371.5625  9.06536e-01  8.36643e-01  9.06416e-01  0.00000e+00
  -8707.95  6372.1875  1.04240e+00  1.00073e+00  1.04232e+00  0.00000e+00
  -8679.40  6372.8125  1.16885e+00  1.34512e+00  1.16871e+00  0.00000e+00
  -8650.85  6373.4375  1.11182e+00  1.07111e+00  1.11174e+00  0.00000e+00
  -8622.30  6374.0625  9.99076e-01  1.01028e+00  9.99207e-01  0.00000e+00
  -8593.75  6374.6875  9.42647e-01  8.59916e-01  9.42841e-01  0.00000e+00
  -8565.20  6375.3125  1.01966e+00  9.64873e-01  1.01975e+00  0.00000e+00
  -8536.64  6375.9375  1.12116e+00  1.28244e+00  1.12110e+00  0.00000e+00
  -8508.09  6376.5625  1.04270e+00  1.04992e+00  1.04251e+00  0.00000e+00
  -8479.54  6377.1875  9.27326e-01  8.11962e-01  9.27078e-01  0.00000e+00
  -8450.99  6377.8125  9.35485e-01  9.68124e-01  9.35298e-01  0.00000e+00
  -8422.44  6378.4375  9.58818e-01  9.82586e-01  9.58694e-01  0.00000e+00
  -8393.89  6379.0625  9.84740e-01  8.96935e-01  9.84561e-01  0.00000e+00
  -8365.34  6379.6875  1.06132e+00  1.14729e+00  1.06127e+00  0.00000e+00
  -8336.79  6380.3125  1.10375e+00  1.05953e+00  1.10396e+00  0.00000e+00
  -8308.24  6380.9375  1.17080e+00  1.14118e+00  1.17122e+00  0.00000e+00
  -8279.69  6381.5625  1.24079e+00  1.33886e+00  1.24115e+00  0.00000e+00
  -8251.13  6382.1875  1.19484e+00  1.21228e+00  1.19511e+00  0.00000e+00
  -8222.58  6382.8125  1.16318e+00  9.93396e-01  1.16337e+00  0.00000e+00
  -8194.03  6383.4375  1.22419e+00  1.42778e+00  1.22434e+00  0.00000e+00
  -8165.48  6384.0625  1.16951e+00  1.07444e+00  1.16939e+00  0.00000e+00
  -8136.93  6384.6875  1.05046e+00  1.17658e+00  1.05016e+00  0.00000e+00
  -8108.38  6385.3125  8.79408e-01  7.73717e-01  8.79243e-01  0.00000e+00
  -8079.83  6385.9375  8.02927e-01  7.58401e-01  8.02964e-01  0.00000e+00
  -8051.28  6386.5625  8.39080e-01  8.52707e-01  8.39131e-01  0.00000e+00
  -8022.73  6387.1875  9.18359e-01  8.67694e-01  9.18435e-01  0.00000e+00
  -7994.17  6387.8125  1.04464e+00  1.05929e+00  1.04456e+00  0.00000e+00
  -7965.62  6388.4375  1.10277e+00  1.23891e+00  1.10234e+00  0.00000e+00
  -7937.07  6389.0625  1.03916e+00  9.25334e-01  1.03869e+00  0.00000e+00
  -7908.52  6389.6875  1.00920e+00  1.06685e+00  1.00888e+00  0.00000e+00
  -7879.97  6390.3125  9.69190e-01  9.68969e-01  9.68944e-01  0.00000e+00
  -7851.42  6390.9375  9.36510e-01  8.73098e-01  9.36255e-01  0.00000e+00
  -7822.87  6391.5625  9.75668e-01  9.91549e-01  9.75205e-01  0.00000e+00
  -7794.32  6392.1875  1.01403e+00  1.04685e+00  1.01361e+00  0.00000e+00
  -7765.77  6392.8125  1.02108e+00  9.79596e-01  1.02085e+00  0.00000e+00
  -7737.22  6393.4375  9.82956e-01  1.12559e+00  9.82857e-01  0.00000e+00
  -7708.66  6394.0625  8.95999e-01  6.98028e-01  8.95984e-01  0.00000e+00
  -7680.11  6394.6875  9.36683e-01  1.02120e+00  9.36514e-01  0.00000e+00
  -7651.56  6395.3125  9.78237e-01  9.82613e-01  9.77955e-01  0.00000e+00
  -7623.01  6395.9375  9.83565e-01  9.57945e-01  9.83450e-01  0.00000e+00
  -7594.46  6396.5625  9.90697e-01  1.03360e+00  9.90469e-01  0.00000e+00
  -7565.91  6397.1875  9.58801e-01  9.63318e-01  9.58526e-01  0.00000e+00
  -7537.36  6397.8125  9.78956e-01  8.29083e-01  9.78992e-01  0.00000e+00
  -7508.81  6398.4375  1.05877e+00  1.28887e+00  1.05890e+00  0.00000e+00
  -7480.26  6399.0625  9.87016e-01  8.80973e-01  9.87069e-01  0.00000e+00
  -7451.71  6399.6875  9.33569e-01  9.17855e-01  9.33585e-01  0.00000e+00
  -7423.15  6400.3125  9.86589e-01  9.32695e-01  9.86643e-01  0.00000e+00
  -7394.60  6400.9375  1.05686e+00  1.17174e+00  1.05686e+00  0.00000e+00
  -7366.05  6401.5625  1.04001e+00  9.88420e-01  1.03981e+00  0.00000e+00
  -7337.50  6402.1875  1.05124e+00  9.99187e-01  1.05071e+00  0.00000e+00
  -7308.95  6402.8125  1.08054e+00  1.21325e+00  1.07986e+00  0.00000e+00
  -7280.40  6403.4375  1.00239e+00  9.46641e-01  1.00192e+00  0.00000e+00
  -7251.85  6404.0625  9.59554e-01  8.90557e-01  9.59165e-01  0.00000e+00
  -7223.30  6404.6875  9.96913e-01  1.06237e+00  9.96760e-01  0.00000e+00
  -7194.75  6405.3125  9.65239e-01  1.01120e+00  9.65544e-01  0.00000e+00
  -7166.19  6405.9375  8.79742e-01  8.07097e-01  8.79931e-01  0.00000e+00
  -7137.64  6406.5625  8.84501e-01  8.47882e-01  8.84434e-01  0.00000e+00
  -7109.09  6407.1875  9.93552e-01  9.65536e-01  9.93437e-01  0.00000e+00
  -7080.54  6407.8125  1.08790e+00  1.21807e+00  1.08767e+00  0.00000e+00
  -7051.99  6408.4375  1.06572e+00  9.99051e-01  1.06529e+00  0.00000e+00
  -7023.44  6409.0625  1.02875e+00  1.06899e+00  1.02822e+00  0.00000e+00
  -6994.89  6409.6875  9.57282e-01  9.89696e-01  9.56941e-01  0.00000e+00
  -6966.34  6410.3125  8.76327e-01  7.88249e-01  8.76048e-01  0.00000e+00
  -6937.79  6410.9375  9.21670e-01  8.62751e-01  9.21135e-01  0.00000e+00
  -6909.24  6411.5625  9.93920e-01  1.17058e+00  9.93217e-01  0.00000e+00
  -6880.68  6412.1875  9.28943e-01  8.33241e-01  9.28504e-01  0.00000e+00
  -6852.13  6412.8125  9.15721e-01  8.62890e-01  9.15621e-01  0.00000e+00
  -6823.58  6413.4375  9.82244e-01  1.05678e+00  9.82227e-01  0.00000e+00
  -6795.03  6414.0625  1.02216e+00  9.57911e-01  1.02222e+00  0.00000e+00
  -6766.48  6414.6875  1.07411e+00  1.12420e+00  1.07427e+00  0.00000e+00
  -6737.93  6415.3125  1.10450e+00  1.09070e+00  1.10455e+00  0.00000e+00
  -6709.38  6415.9375  1.12940e+00  1.11933e+00  1.12919e+00  0.00000e+00
  -6680.83  6416.5625  1.14242e+00  1.19733e+00  1.14247e+00  0.00000e+00
  -6652.28  6417.1875  1.11343e+00  1.07182e+00  1.11400e+00  0.00000e+00
  -6623.73  6417.8125  1.09231e+00  1.11467e+00  1.09288e+00  0.00000e+00
  -6595.17  6418.4375  1.04462e+00  1.07785e+00  1.04489e+00  0.00000e+00
  -6566.62  6419.0625  9.45762e-01  9.41024e-01  9.45782e-01  0.00000e+00
  -6538.07  6419.6875  8.75324e-01  8.02570e-01  8.75154e-01  0.00000e+00
  -6509.52  6420.3125  8.84080e-01  9.16852e-01  8.83784e-01  0.00000e+00
  -6480.97  6420.9375  8.94400e-01  8.92196e-01  8.94252e-01  0.00000e+00
  -6452.42  6421.5625  8.85389e-01  8.95078e-01  8.85226e-01  0.00000e+00
  -6423.87  6422.1875  8.86673e-01  8.49418e-01  8.86682e-01  0.00000e+00
  -6395.32  6422.8125  9.41092e-01  9.25773e-01  9.41272e-01  0.00000e+00
  -6366.77  6423.4375  1.03257e+00  1.04013e+00  1.03263e+00  0.00000e+00
  -6338.21  6424.0625  1.10186e+00  1.13764e+00  1.10172e+00  0.00000e+00
  -6309.66  6424.6875  1.10017e+00  1.13006e+00  1.09996e+00  0.00000e+00
  -6281.11  6425.3125  1.02500e+00  1.04789e+00  1.02486e+00  0.00000e+00
  -6252.56  6425.9375  9.54589e-01  8.72548e-01  9.54479e-01  0.00000e+00
  -6224.01  6426.5625  1.04802e+00  9.19068e-01  1.04789e+00  0.00000e+00
  -6195.46  6427.1875  1.19758e+00  1.47478e+00  1.19754e+00  0.00000e+00
  -6166.91  6427.8125  1.12649e+00  1.02106e+00  1.12658e+00  0.00000e+00
  -6138.36  6428.4375  1.10107e+00  9.76347e-01  1.10122e+00  0.00000e+00
  -6109.81  6429.0625  1.18068e+00  1.37690e+00  1.18076e+00  0.00000e+00
  -6081.26  6429.6875  1.12414e+00  1.04326e+00  1.12422e+00  0.00000e+00
  -6052.70  6430.3125  1.01522e+00  1.09747e+00  1.01530e+00  0.00000e+00
  -6024.15  6430.9375  9.23680e-01  7.78759e-01  9.23653e-01  0.00000e+00
  -5995.60  6431.5625  9.23156e-01  1.01886e+00  9.23242e-01  0.00000e+00
  -5967.05  6432.1875  9.20164e-01  8.49329e-01  9.20238e-01  0.00000e+00
  -5938.50  6432.8125  9.17429e-01  9.92954e-01  9.17293e-01  0.00000e+00
  -5909.95  6433.4375  9.35270e-01  7.95210e-01  9.35238e-01  0.00000e+00
  -5881.40  6434.0625  1.03235e+00  1.13489e+00  1.03244e+00  0.00000e+00
  -5852.85  6434.6875  1.04223e+00  1.10234e+00  1.04224e+00  0.00000e+00
  -5824.30  6435.3125  9.78963e-01  8.67795e-01  9.78951e-01  0.00000e+00
  -5795.75  6435.9375  9.73458e-01  1.05854e+00  9.73433e-01  0.00000e+00
  -5767.19  6436.5625  9.41718e-01  9.06872e-01  9.41646e-01  0.00000e+00
  -5738.64  6437.1875  9.18278e-01  9.03488e-01  9.18126e-01  0.00000e+00
  -5710.09  6437.8125  9.40644e-01  9.23388e-01  9.40404e-01  0.00000e+00
  -5681.54  6438.4375  9.53676e-01  1.02786e+00  9.53505e-01  0.00000e+00
  -5652.99  6439.0625  9.27497e-01  8.50246e-01  9.27341e-01  0.00000e+00
  -5624.44  6439.6875  9.90497e-01  9.33776e-01  9.90192e-01  0.00000e+00
  -5595.89  6440.3125  1.10371e+00  1.22117e+00  1.10334e+00  0.00000e+00
  -5567.34  6440.9375  1.12047e+00  1.08102e+00  1.12046e+00  0.00000e+00
  -5538.79  6441.5625  1.10296e+00  1.12820e+00  1.10320e+00  0.00000e+00
  -5510.24  6442.1875  1.03742e+00  1.09626e+00  1.03776e+00  0.00000e+00
  -5481.68  6442.8125  9.04904e-01  8.63549e-01  9.05204e-01  0.00000e+00
  -5453.13  6443.4375  7.99185e-01  7.88076e-01  7.99292e-01  0.00000e+00
  -5424.58  6444.0625  7.63312e-01  7.13824e-01  7.63312e-01  0.00000e+00
  -5396.03  6444.6875  8.28530e-01  7.80273e-01  8.28478e-01  0.00000e+00
  -5367.48  6445.3125  9.41648e-01  1.01838e+00  9.41620e-01  0.00000e+00
  -5338.93  6445.9375  9.75878e-01  9.85939e-01  9.75952e-01  0.00000e+00
  -5310.38  6446.5625  9.38131e-01  9.66866e-01  9.38452e-01  0.00000e+00
  -5281.83  6447.1875  9.21950e-01  8.04016e-01  9.22371e-01  0.00000e+00
  -5253.28  6447.8125  9.83916e-01  1.08135e+00  9.84392e-01  0.00000e+00
  -5224.72  6448.4375  9.48214e-01  1.01862e+00  9.48732e-01  0.00000e+00
  -5196.17  6449.0625  8.47587e-01  7.08557e-01  8.47928e-01  0.00000e+00
  -5167.62  6449.6875  8.85515e-01  8.86846e-01  8.85747e-01  0.00000e+00
  -5139.07  6450.3125  1.00046e+00  1.00515e+00  1.00064e+00  0.00000e+00
  -5110.52  6450.9375  1.09599e+00  1.12118e+00  1.09626e+00  0.00000e+00
  -5081.97  6451.5625  1.11827e+00  1.17490e+00  1.11862e+00  0.00000e+00
  -5053.42  6452.1875  1.02087e+00  1.07510e+00  1.02094e+00  0.00000e+00
  -5024.87  6452.8125  8.93007e-01  7.64065e-01  8.92899e-01  0.00000e+00
  -4996.32  6453.4375  8.84718e-01  9.17044e-01  8.84573e-01  0.00000e+00
  -4967.77  6454.0625  9.38002e-01  8.88404e-01  9.37798e-01  0.00000e+00
  -4939.21  6454.6875  1.00794e+00  1.06663e+00  1.00774e+00  0.00000e+00
  -4910.66  6455.3125  1.04434e+00  1.01048e+00  1.04417e+00  0.00000e+00
  -4882.11  6455.9375  1.01506e+00  1.14728e+00  1.01493e+00  0.00000e+00
  -4853.56  6456.5625  8.95362e-01  7.88148e-01  8.95271e-01  0.00000e+00
  -4825.01  6457.1875  8.76496e-01  8.08924e-01  8.76370e-01  0.00000e+00
  -4796.46  6457.8125  9.33130e-01  1.06133e+00  9.32929e-01  0.00000e+00
  -4767.91  6458.4375  9.06287e-01  8.34261e-01  9.06182e-01  0.00000e+00
  -4739.36  6459.0625  8.85236e-01  9.09460e-01  8.85188e-01  0.00000e+00
  -4710.81  6459.6875  8.78989e-01  8.68841e-01  8.78965e-01  0.00000e+00
  -4682.26  6460.3125  8.98295e-01  8.55045e-01  8.98315e-01  0.00000e+00
  -4653.70  6460.9375  9.41815e-01  1.00697e+00  9.41900e-01  0.00000e+00
  -4625.15  6461.5625  9.37023e-01  9.14749e-01  9.37124e-01  0.00000e+00
  -4596.60  6462.1875  9.07251e-01  9.42636e-01  9.07645e-01  0.00000e+00
  -4568.05  6462.8125  9.27349e-01  7.80969e-01  9.28048e-01  0.00000e+00
  -4539.50  6463.4375  1.05817e+00  1.15889e+00  1.05881e+00  0.00000e+00
  -4510.95  6464.0625  1.09482e+00  1.17898e+00  1.09521e+00  0.00000e+00
  -4482.40  6464.6875  1.02923e+00  9.17193e-01  1.02964e+00  0.00000e+00
  -4453.85  6465.3125  1.03385e+00  1.07798e+00  1.03444e+00  0.00000e+00
  -4425.30  6465.9375  1.07614e+00  1.01940e+00  1.07662e+00  0.00000e+00
  -4396.74  6466.5625  1.11141e+00  1.21257e+00  1.11186e+00  0.00000e+00
  -4368.19  6467.1875  1.07645e+00  1.02488e+00  1.07705e+00  1.46725e-09
  -4339.64  6467.8125  1.06425e+00  1.04140e+00  1.06480e+00  1.40934e-07
  -4311.09  6468.4375  1.10007e+00  1.11657e+00  1.10049e+00  3.67364e-06
  -4282.54  6469.0625  1.11626e+00  1.13389e+00  1.11662e+00  2.59863e-05
  -4253.99  6469.6875  1.05794e+00  1.13274e+00  1.05812e+00  4.98840e-05
  -4225.44  6470.3125  9.60333e-01  8.41961e-01  9.60316e-01  2.59863e-05
  -4196.89  6470.9375  9.66974e-01  9.74243e-01  9.67121e-01  3.67364e-06
  -4168.34  6471.5625  9.75786e-01  1.07582e+00  9.76174e-01  1.40934e-07
  -4139.79  6472.1875  9.15542e-01  8.12921e-01  9.15874e-01  1.46725e-09
  -4111.23  6472.8125  9.62798e-01  8.97575e-01  9.63132e-01  0.00000e+00
  -4082.68  6473.4375  1.02092e+00  1.25292e+00  1.02127e+00  0.00000e+00
  -4054.13  6474.0625  9.12132e-01  7.45186e-01  9.12367e-01  0.00000e+00
  -4025.58  6474.6875  8.62329e-01  9.07147e-01  8.62523e-01  0.00000e+00
  -3997.03  6475.3125  8.83193e-01  8.18726e-01  8.83363e-01  0.00000e+00
  -3968.48  6475.9375  9.30944e-01  9.97506e-01  9.31001e-01  0.00000e+00
  -3939.93  6476.5625  9.69364e-01  8.96225e-01  9.69295e-01  2.40674e-09
  -3911.38  6477.1875  1.02714e+00  1.09305e+00  1.02722e+00  2.31176e-07
  -3882.83  6477.8125  1.03900e+00  1.04034e+00  1.03935e+00  6.02591e-06
  -3854.28  6478.4375  1.03052e+00  1.00197e+00  1.03070e+00  4.26257e-05
  -3825.72  6479.0625  1.07687e+00  1.03700e+00  1.07688e+00  8.18316e-05
  -3797.17  6479.6875  1.11911e+00  1.24785e+00  1.11931e+00  4.32452e-05
  -3768.62  6480.3125  1.07074e+00  9.73292e-01  1.07084e+00  2.24188e-05
  -3740.07  6480.9375  1.02482e+00  1.11265e+00  1.02476e+00  1.22569e-04
  -3711.52  6481.5625  9.58500e-01  8.84972e-01  9.58594e-01  2.80151e-04
  -3682.97  6482.1875  8.95637e-01  9.73290e-01  8.95731e-01  2.37810e-04
  -3654.42  6482.8125  8.13541e-01  7.42842e-01  8.13429e-01  1.18509e-04
  -3625.87  6483.4375  7.81332e-01  7.81548e-01  7.81209e-01  1.04412e-04
  -3597.32  6484.0625  7.94312e-01  7.87005e-01  7.94359e-01  8.35482e-05
  -3568.76  6484.6875  8.28626e-01  8.08871e-01  8.28822e-01  3.53915e-05
  -3540.21  6485.3125  8.51354e-01  9.27615e-01  8.51619e-01  3.07580e-05
  -3511.66  6485.9375  8.55037e-01  7.34547e-01  8.55131e-01  7.19470e-05
  -3483.11  6486.5625  9.30665e-01  1.00589e+00  9.30834e-01  9.67667e-05
  -3454.56  6487.1875  1.00840e+00  9.46323e-01  1.00882e+00  4.56245e-05
  -3426.01  6487.8125  1.03048e+00  1.19832e+00  1.03093e+00  1.12146e-05
  -3397.46  6488.4375  9.56631e-01  8.03783e-01  9.56817e-01  3.56276e-05
  -3368.91  6489.0625  9.86798e-01  9.81404e-01  9.86789e-01  7.34742e-05
  -3340.36  6489.6875  1.05268e+00  1.15646e+00  1.05264e+00  8.14926e-05
  -3311.81  6490.3125  1.06243e+00  9.35702e-01  1.06240e+00  1.29697e-04
  -3283.25  6490.9375  1.11733e+00  1.21576e+00  1.11729e+00  1.80546e-04
  -3254.70  6491.5625  1.10041e+00  1.12867e+00  1.10033e+00  1.85324e-04
  -3226.15  6492.1875  1.03940e+00  9.51417e-01  1.03930e+00  1.57296e-04
  -3197.60  6492.8125  1.00189e+00  1.12874e+00  1.00185e+00  1.98491e-04
  -3169.05  6493.4375  9.17499e-01  8.03404e-01  9.17447e-01  1.60903e-04
  -3140.50  6494.0625  9.19604e-01  9.05130e-01  9.19524e-01  1.12145e-04
  -3111.95  6494.6875  9.92130e-01  1.01189e+00  9.91989e-01  1.78450e-04
  -3083.40  6495.3125  1.02018e+00  1.07393e+00  1.01985e+00  3.32806e-04
  -3054.85  6495.9375  9.94952e-01  9.42956e-01  9.94235e-01  5.46216e-04
  -3026.30  6496.5625  9.83311e-01  1.02153e+00  9.82477e-01  4.93834e-04
  -2997.74  6497.1875  9.57474e-01  9.42418e-01  9.57001e-01  2.84225e-04
  -2969.19  6497.8125  9.05261e-01  9.57980e-01  9.05048e-01  2.99983e-04
  -2940.64  6498.4375  9.05879e-01  7.05132e-01  9.05511e-01  3.85622e-04
  -2912.09  6499.0625  1.02992e+00  1.22145e+00  1.02941e+00  3.98724e-04
  -2883.54  6499.6875  1.06566e+00  9.80171e-01  1.06535e+00  2.93603e-04
  -2854.99  6500.3125  1.02762e+00  1.16185e+00  1.02738e+00  3.24835e-04
  -2826.44  6500.9375  9.20323e-01  8.17332e-01  9.19866e-01  6.00417e-04
  -2797.89  6501.5625  9.07871e-01  8.45081e-01  9.07101e-01  7.62834e-04
  -2769.34  6502.1875  9.85181e-01  1.06757e+00  9.84441e-01  6.42898e-04
  -2740.78  6502.8125  9.59204e-01  1.01904e+00  9.58474e-01  6.18458e-04
  -2712.23  6503.4375  8.37171e-01  7.90246e-01  8.36515e-01  6.20269e-04
  -2683.68  6504.0625  7.99627e-01  6.94747e-01  7.98909e-01  7.61080e-04
  -2655.13  6504.6875  8.77567e-01  9.61850e-01  8.76819e-01  1.02528e-03
  -2626.58  6505.3125  9.13964e-01  9.10288e-01  9.13297e-01  9.35246e-04
  -2598.03  6505.9375  9.57351e-01  8.64072e-01  9.56390e-01  9.73087e-04
  -2569.48  6506.5625  1.01334e+00  1.20647e+00  1.01214e+00  1.15476e-03
  -2540.93  6507.1875  9.70931e-01  7.94791e-01  9.69667e-01  1.21365e-03
  -2512.38  6507.8125  9.76359e-01  1.10353e+00  9.74946e-01  1.33634e-03
  -2483.83  6508.4375  9.86170e-01  8.62621e-01  9.84955e-01  1.29342e-03
  -2455.27  6509.0625  1.06274e+00  1.10522e+00  1.06152e+00  1.40794e-03
  -2426.72  6509.6875  1.13137e+00  1.16979e+00  1.13012e+00  1.62087e-03
  -2398.17  6510.3125  1.15349e+00  1.10713e+00  1.15243e+00  1.50482e-03
  -2369.62  6510.9375  1.17430e+00  1.23542e+00  1.17317e+00  1.47003e-03
  -2341.07  6511.5625  1.12127e+00  1.15453e+00  1.11993e+00  1.68416e-03
  -2312.52  6512.1875  1.00858e+00  9.77459e-01  1.00690e+00  2.07119e-03
  -2283.97  6512.8125  9.42441e-01  8.98498e-01  9.40403e-01  2.58244e-03
  -2255.42  6513.4375  9.56301e-01  9.44933e-01  9.53490e-01  3.37813e-03
  -2226.87  6514.0625  9.57808e-01  1.05669e+00  9.54437e-01  3.81911e-03
  -2198.32  6514.6875  9.22834e-01  7.77584e-01  9.19293e-01  4.10143e-03
  -2169.76  6515.3125  9.97948e-01  1.03201e+00  9.95107e-01  3.40919e-03
  -2141.21  6515.9375  1.04988e+00  1.15430e+00  1.04742e+00  2.81651e-03
  -2112.66  6516.5625  9.61233e-01  9.37934e-01  9.58439e-01  3.17417e-03
  -2084.11  6517.1875  8.56860e-01  8.33932e-01  8.53603e-01  3.61140e-03
  -2055.56  6517.8125  8.66224e-01  7.44161e-01  8.63029e-01  3.37407e-03
  -2027.01  6518.4375  1.01103e+00  1.07500e+00  1.00763e+00  3.62733e-03
  -1998.46  6519.0625  1.08562e+00  1.18937e+00  1.08142e+00  4.48725e-03
  -1969.91  6519.6875  1.04514e+00  9.45217e-01  1.04001e+00  5.85716e-03
  -1941.36  6520.3125  1.02595e+00  1.10021e+00  1.02029e+00  6.94260e-03
  -1912.80  6520.9375  9.40985e-01  9.87004e-01  9.35160e-01  7.00153e-03
  -1884.25  6521.5625  8.25364e-01  7.06266e-01  8.18766e-01  7.54019e-03
  -1855.70  6522.1875  8.39016e-01  8.36542e-01  8.32194e-01  7.68181e-03
  -1827.15  6522.8125  9.12076e-01  9.34849e-01  9.05259e-01  7.53236e-03
  -1798.60  6523.4375  9.38412e-01  9.72773e-01  9.30679e-01  8.33419e-03
  -1770.05  6524.0625  8.94073e-01  9.16267e-01  8.85981e-01  8.86896e-03
  -1741.50  6524.6875  8.47607e-01  7.65766e-01  8.39999e-01  8.62102e-03
  -1712.95  6525.3125  8.89448e-01  9.03352e-01  8.81217e-01  9.38918e-03
  -1684.40  6525.9375  9.90910e-01  9.36571e-01  9.81024e-01  1.12201e-02
  -1655.85  6526.5625  1.08478e+00  1.20549e+00  1.07276e+00  1.35252e-02
  -1627.29  6527.1875  1.03870e+00  1.06426e+00  1.02556e+00  1.46955e-02
  -1598.74  6527.8125  9.64597e-01  8.33297e-01  9.51801e-01  1.42699e-02
  -1570.19  6528.4375  1.01089e+00  1.07261e+00  9.98046e-01  1.44337e-02
  -1541.64  6529.0625  1.08051e+00  1.02742e+00  1.06655e+00  1.56692e-02
  -1513.09  6529.6875  1.09674e+00  1.25724e+00  1.08212e+00  1.63333e-02
  -1484.54  6530.3125  1.03963e+00  8.51162e-01  1.02334e+00  1.80429e-02
  -1455.99  6530.9375  1.07094e+00  1.17956e+00  1.05147e+00  2.15491e-02
  -1427.44  6531.5625  1.04166e+00  1.08788e+00  1.02028e+00  2.37881e-02
  -1398.89  6532.1875  9.54524e-01  8.49771e-01  9.32716e-01  2.43694e-02
  -1370.34  6532.8125  9.73253e-01  9.78571e-01  9.49897e-01  2.60807e-02
  -1341.78  6533.4375  1.06001e+00  1.03129e+00  1.03418e+00  2.86757e-02
  -1313.23  6534.0625  1.10789e+00  1.24272e+00  1.07819e+00  3.29407e-02
  -1284.68  6534.6875  1.06922e+00  9.39213e-01  1.03467e+00  3.85896e-02
  -1256.13  6535.3125  1.07863e+00  1.15348e+00  1.04127e+00  4.17000e-02
  -1227.58  6535.9375  1.07852e+00  1.05288e+00  1.03948e+00  4.34954e-02
  -1199.03  6536.5625  1.07690e+00  1.06706e+00  1.03692e+00  4.46764e-02
  -1170.48  6537.1875  1.08772e+00  1.11100e+00  1.04384e+00  4.89659e-02
  -1141.93  6537.8125  1.08640e+00  1.06710e+00  1.03549e+00  5.65998e-02
  -1113.38  6538.4375  1.09731e+00  1.09381e+00  1.04168e+00  6.18147e-02
  -1084.83  6539.0625  1.09468e+00  1.14582e+00  1.03485e+00  6.68056e-02
  -1056.27  6539.6875  1.06536e+00  1.00398e+00  1.00111e+00  7.19225e-02
  -1027.72  6540.3125  1.10739e+00  1.06798e+00  1.04042e+00  7.49167e-02
   -999.17  6540.9375  1.17126e+00  1.28086e+00  1.09933e+00  8.02189e-02
   -970.62  6541.5625  1.12457e+00  1.11353e+00  1.04509e+00  8.86673e-02
   -942.07  6542.1875  1.07621e+00  9.89545e-01  9.89219e-01  9.71384e-02
   -913.52  6542.8125  1.09323e+00  1.19178e+00  1.00047e+00  1.03487e-01
   -884.97  6543.4375  1.13692e+00  9.53016e-01  1.03671e+00  1.11669e-01
   -856.42  6544.0625  1.25193e+00  1.44971e+00  1.14540e+00  1.18621e-01
   -827.87  6544.6875  1.26288e+00  1.17596e+00  1.14938e+00  1.26579e-01
   -799.31  6545.3125  1.25175e+00  1.28786e+00  1.12837e+00  1.37891e-01
   -770.76  6545.9375  1.19713e+00  1.26720e+00  1.06164e+00  1.51514e-01
   -742.21  6546.5625  1.06068e+00  1.01481e+00  9.16617e-01  1.61012e-01
   -713.66  6547.1875  9.89478e-01  9.10914e-01  8.40560e-01  1.66135e-01
   -685.11  6547.8125  1.05593e+00  1.04594e+00  9.03554e-01  1.69581e-01
   -656.56  6548.4375  1.19206e+00  1.17143e+00  1.03180e+00  1.78254e-01
   -628.01  6549.0625  1.26990e+00  1.43162e+00  1.09921e+00  1.89739e-01
   -599.46  6549.6875  1.21371e+00  1.09780e+00  1.03045e+00  2.03649e-01
   -570.91  6550.3125  1.19363e+00  1.22874e+00  9.94157e-01  2.22030e-01
   -542.36  6550.9375  1.19512e+00  1.18976e+00  9.82656e-01  2.36955e-01
   -513.80  6551.5625  1.19084e+00  1.18524e+00  9.69515e-01  2.46949e-01
   -485.25  6552.1875  1.20781e+00  1.18492e+00  9.76954e-01  2.57254e-01
   -456.70  6552.8125  1.22723e+00  1.28316e+00  9.86513e-01  2.68127e-01
   -428.15  6553.4375  1.22297e+00  1.15922e+00  9.76748e-01  2.74732e-01
   -399.60  6554.0625  1.23752e+00  1.29210e+00  9.80966e-01  2.86366e-01
   -371.05  6554.6875  1.22800e+00  1.21617e+00  9.45852e-01  3.14656e-01
   -342.50  6555.3125  1.36198e+00  1.14905e+00  9.64666e-01  4.43087e-01
   -313.95  6555.9375  2.25975e+00  1.42108e+00  1.28227e+00  1.09023e+00
   -285.40  6556.5625  3.69079e+00  4.82528e+00  1.58243e+00  2.35174e+00
   -256.85  6557.1875  3.64441e+00  4.46274e+00  1.11421e+00  2.82266e+00
   -228.29  6557.8125  2.19864e+00  1.62670e+00  4.91928e-01  1.90446e+00
   -199.74  6558.4375  1.17496e+00  8.88971e-01  1.82733e-01  1.10741e+00
   -171.19  6559.0625  1.21897e+00  6.11012e-01  1.43185e-01  1.20045e+00
   -142.64  6559.6875  2.12773e+00  2.34415e+00  3.41953e-01  1.99260e+00
   -114.09  6560.3125  2.94883e+00  3.23532e+00  5.64087e-01  2.66106e+00
    -85.54  6560.9375  3.24805e+00  3.29532e+00  6.10732e-01  2.94272e+00
    -56.99  6561.5625  3.33132e+00  3.28350e+00  5.94878e-01  3.05295e+00
    -28.44  6562.1875  3.44135e+00  3.43757e+00  6.78088e-01  3.08283e+00
      0.11  6562.8125  3.54981e+00  3.60954e+00  8.22261e-01  3.04317e+00
     28.67  6563.4375  3.59558e+00  3.56297e+00  9.46119e-01  2.95644e+00
     57.22  6564.0625  3.53882e+00  3.73063e+00  1.00810e+00  2.82413e+00
     85.77  6564.6875  3.35862e+00  3.16339e+00  9.79867e-01  2.65441e+00
    114.32  6565.3125  3.25314e+00  3.36898e+00  1.06378e+00  2.44297e+00
    142.87  6565.9375  3.09088e+00  3.10969e+00  1.14006e+00  2.17674e+00
    171.42  6566.5625  2.78294e+00  2.87582e+00  1.13862e+00  1.83458e+00
    199.97  6567.1875  2.33234e+00  2.34410e+00  1.04933e+00  1.43116e+00
    228.52  6567.8125  1.88506e+00  1.75973e+00  9.78278e-01  1.01134e+00
    257.07  6568.4375  1.59177e+00  1.59960e+00  9.98867e-01  6.61298e-01
    285.62  6569.0625  1.39178e+00  1.34486e+00  9.72757e-01  4.67461e-01
    314.18  6569.6875  1.25268e+00  1.26163e+00  8.95545e-01  3.98565e-01
    342.73  6570.3125  1.21143e+00  1.07583e+00  8.71885e-01  3.79033e-01
    371.28  6570.9375  1.32964e+00  1.35152e+00  1.00004e+00  3.67875e-01
    399.83  6571.5625  1.42340e+00  1.55427e+00  1.10264e+00  3.57930e-01
    428.38  6572.1875  1.37289e+00  1.30530e+00  1.05659e+00  3.52955e-01
    456.93  6572.8125  1.30292e+00  1.35302e+00  9.97128e-01  3.41120e-01
    485.48  6573.4375  1.22630e+00  1.18898e+00  9.34820e-01  3.24932e-01
    514.03  6574.0625  1.18347e+00  1.16245e+00  9.02754e-01  3.12708e-01
    542.58  6574.6875  1.17925e+00  1.20025e+00  9.09116e-01  3.01076e-01
    571.13  6575.3125  1.19852e+00  1.13052e+00  9.40881e-01  2.87491e-01
    599.69  6575.9375  1.23481e+00  1.34389e+00  9.85188e-01  2.78478e-01
    628.24  6576.5625  1.24547e+00  1.10958e+00  1.00178e+00  2.71624e-01
    656.79  6577.1875  1.31218e+00  1.41006e+00  1.07645e+00  2.62513e-01
    685.34  6577.8125  1.29416e+00  1.35181e+00  1.06972e+00  2.50020e-01
    713.89  6578.4375  1.18877e+00  1.11900e+00  9.77267e-01  2.36148e-01
    742.44  6579.0625  1.16878e+00  1.11287e+00  9.66720e-01  2.25530e-01
    770.99  6579.6875  1.20842e+00  1.30358e+00  1.01556e+00  2.14812e-01
    799.54  6580.3125  1.19101e+00  1.13238e+00  1.00700e+00  2.04936e-01
    828.09  6580.9375  1.16406e+00  1.21903e+00  9.88701e-01  1.95358e-01
    856.65  6581.5625  1.12706e+00  1.07609e+00  9.62857e-01  1.83076e-01
    885.20  6582.1875  1.12547e+00  1.12666e+00  9.72633e-01  1.70673e-01
    913.75  6582.8125  1.13740e+00  1.15934e+00  9.90697e-01  1.63913e-01
    942.30  6583.4375  1.11134e+00  1.12831e+00  9.71631e-01  1.56004e-01
    970.85  6584.0625  1.06200e+00  1.04267e+00  9.28276e-01  1.49381e-01
    999.40  6584.6875  1.04923e+00  1.01390e+00  9.21835e-01  1.42277e-01
   1027.95  6585.3125  1.09694e+00  1.09049e+00  9.76946e-01  1.33931e-01
   1056.50  6585.9375  1.14280e+00  1.19791e+00  1.02781e+00  1.28258e-01
   1085.05  6586.5625  1.13740e+00  1.10934e+00  1.02810e+00  1.21933e-01
   1113.60  6587.1875  1.13986e+00  1.13259e+00  1.03822e+00  1.13511e-01
   1142.16  6587.8125  1.15384e+00  1.17586e+00  1.06057e+00  1.04282e-01
   1170.71  6588.4375  1.14224e+00  1.14460e+00  1.05729e+00  9.48028e-02
   1199.26  6589.0625  1.10841e+00  1.11662e+00  1.02814e+00  8.94519e-02
   1227.81  6589.6875  1.04818e+00  1.07260e+00  9.69332e-01  8.80966e-02
   1256.36  6590.3125  9.78022e-01  9.31526e-01  9.02862e-01  8.40785e-02
   1284.91  6590.9375  9.42785e-01  9.61473e-01  8.72385e-01  7.86872e-02
   1313.46  6591.5625  9.04051e-01  9.19381e-01  8.37293e-01  7.45213e-02
   1342.01  6592.1875  8.91477e-01  7.94308e-01  8.30229e-01  6.83966e-02
   1370.56  6592.8125  9.52755e-01  1.02982e+00  8.95546e-01  6.38819e-02
   1399.11  6593.4375  9.84359e-01  9.58330e-01  9.31344e-01  5.92078e-02
   1427.67  6594.0625  9.86446e-01  1.02060e+00  9.37297e-01  5.48878e-02
   1456.22  6594.6875  9.64862e-01  9.55790e-01  9.17984e-01  5.21153e-02
   1484.77  6595.3125  9.90359e-01  8.94650e-01  9.46075e-01  4.92856e-02
   1513.32  6595.9375  1.07814e+00  1.18920e+00  1.03656e+00  4.65252e-02
   1541.87  6596.5625  1.04111e+00  1.10638e+00  1.00056e+00  4.53773e-02
   1570.42  6597.1875  9.36675e-01  7.96094e-01  8.97534e-01  4.36148e-02
   1598.97  6597.8125  9.47543e-01  9.91318e-01  9.11705e-01  3.98489e-02
   1627.52  6598.4375  9.43211e-01  1.01312e+00  9.09267e-01  3.77706e-02
   1656.07  6599.0625  8.68391e-01  7.97132e-01  8.36626e-01  3.53702e-02
   1684.63  6599.6875  8.72478e-01  8.26298e-01  8.41621e-01  3.41947e-02
   1713.18  6600.3125  9.69606e-01  9.79857e-01  9.39202e-01  3.35338e-02
   1741.73  6600.9375  1.02449e+00  1.12658e+00  9.95625e-01  3.19610e-02
   1770.28  6601.5625  9.90126e-01  9.02371e-01  9.63681e-01  2.94159e-02
   1798.83  6602.1875  9.80977e-01  1.02606e+00  9.56331e-01  2.75003e-02
   1827.38  6602.8125  9.29199e-01  9.89184e-01  9.06476e-01  2.54780e-02
   1855.93  6603.4375  8.47795e-01  7.24722e-01  8.27780e-01  2.25291e-02
   1884.48  6604.0625  8.93804e-01  8.91748e-01  8.74813e-01  2.13765e-02
   1913.03  6604.6875  1.00893e+00  1.01588e+00  9.90076e-01  2.12316e-02
   1941.58  6605.3125  1.07301e+00  1.14755e+00  1.05507e+00  2.01644e-02
   1970.14  6605.9375  1.01033e+00  1.05676e+00  9.92752e-01  1.96619e-02
   1998.69  6606.5625  9.30350e-01  7.73959e-01  9.13335e-01  1.88723e-02
   2027.24  6607.1875  9.49090e-01  1.08760e+00  9.32654e-01  1.80010e-02
   2055.79  6607.8125  9.58664e-01  8.20666e-01  9.42198e-01  1.78659e-02
   2084.34  6608.4375  1.04245e+00  1.09265e+00  1.02599e+00  1.80455e-02
   2112.89  6609.0625  1.12465e+00  1.14577e+00  1.10875e+00  1.77236e-02
   2141.44  6609.6875  1.13579e+00  1.16077e+00  1.12172e+00  1.54870e-02
   2169.99  6610.3125  1.07041e+00  1.12425e+00  1.05870e+00  1.25439e-02
   2198.54  6610.9375  9.93870e-01  8.65312e-01  9.83090e-01  1.15961e-02
   2227.09  6611.5625  1.02568e+00  1.07502e+00  1.01528e+00  1.15026e-02
   2255.65  6612.1875  1.06255e+00  1.06612e+00  1.05260e+00  1.09328e-02
   2284.20  6612.8125  1.02140e+00  1.10921e+00  1.01167e+00  1.02429e-02
   2312.75  6613.4375  9.57510e-01  7.88500e-01  9.47257e-01  1.06056e-02
   2341.30  6614.0625  9.93876e-01  1.11534e+00  9.83362e-01  1.10366e-02
   2369.85  6614.6875  9.92845e-01  9.47821e-01  9.83679e-01  9.72020e-03
   2398.40  6615.3125  9.46857e-01  1.01226e+00  9.39307e-01  8.06369e-03
   2426.95  6615.9375  8.90146e-01  8.03967e-01  8.82968e-01  7.74144e-03
   2455.50  6616.5625  9.25228e-01  8.94259e-01  9.17842e-01  7.91982e-03
   2484.05  6617.1875  9.81326e-01  1.10222e+00  9.74726e-01  7.13393e-03
   2512.61  6617.8125  9.50825e-01  8.61322e-01  9.45065e-01  6.35343e-03
   2541.16  6618.4375  9.45682e-01  9.82480e-01  9.40323e-01  6.13580e-03
   2569.71  6619.0625  9.60969e-01  9.32631e-01  9.55981e-01  5.89230e-03
   2598.26  6619.6875  1.02397e+00  9.69970e-01  1.01936e+00  5.38549e-03
   2626.81  6620.3125  1.10093e+00  1.21994e+00  1.09637e+00  5.20945e-03
   2655.36  6620.9375  1.02922e+00  1.07392e+00  1.02435e+00  5.36406e-03
   2683.91  6621.5625  8.96090e-01  7.83863e-01  8.91235e-01  5.27163e-03
   2712.46  6622.1875  8.91444e-01  8.73030e-01  8.87263e-01  4.60948e-03
   2741.01  6622.8125  9.54140e-01  9.95904e-01  9.50517e-01  4.08276e-03
   2769.56  6623.4375  9.97650e-01  9.61657e-01  9.93701e-01  4.15348e-03
   2798.12  6624.0625  1.05406e+00  1.06548e+00  1.05008e+00  4.07439e-03
   2826.67  6624.6875  1.06025e+00  1.15520e+00  1.05637e+00  4.18585e-03
   2855.22  6625.3125  9.75338e-01  9.07805e-01  9.71700e-01  4.06944e-03
   2883.77  6625.9375  9.26523e-01  9.18177e-01  9.23182e-01  3.75127e-03
   2912.32  6626.5625  9.14202e-01  9.40092e-01  9.11419e-01  3.13689e-03
   2940.87  6627.1875  9.26719e-01  8.36334e-01  9.24437e-01  2.62732e-03
   2969.42  6627.8125  9.93003e-01  1.07985e+00  9.90788e-01  2.41170e-03
   2997.97  6628.4375  1.02100e+00  9.79892e-01  1.01892e+00  2.06443e-03
   3026.52  6629.0625  1.02888e+00  1.07001e+00  1.02692e+00  1.85883e-03
   3055.07  6629.6875  9.98381e-01  1.00747e+00  9.96483e-01  1.87749e-03
   3083.63  6630.3125  9.36954e-01  9.31352e-01  9.35029e-01  2.05088e-03
   3112.18  6630.9375  8.98114e-01  8.60936e-01  8.96212e-01  2.07629e-03
   3140.73  6631.5625  9.03387e-01  9.18284e-01  9.01275e-01  2.19054e-03
   3169.28  6632.1875  9.14942e-01  9.07492e-01  9.12812e-01  2.34879e-03
   3197.83  6632.8125  9.08681e-01  9.42110e-01  9.06936e-01  2.12712e-03
   3226.38  6633.4375  8.76797e-01  8.57617e-01  8.75076e-01  2.09014e-03
   3254.93  6634.0625  9.03642e-01  8.08234e-01  9.01876e-01  2.00732e-03
   3283.48  6634.6875  9.88065e-01  1.12712e+00  9.86213e-01  1.73504e-03
   3312.03  6635.3125  1.01740e+00  8.95740e-01  1.01579e+00  1.38218e-03
   3340.58  6635.9375  1.08347e+00  1.14993e+00  1.08207e+00  1.34656e-03
   3369.14  6636.5625  1.06773e+00  1.17972e+00  1.06655e+00  1.21463e-03
   3397.69  6637.1875  9.69273e-01  7.96001e-01  9.68305e-01  1.00181e-03
   3426.24  6637.8125  9.81079e-01  1.05882e+00  9.80258e-01  1.02878e-03
   3454.79  6638.4375  9.40134e-01  1.03426e+00  9.39510e-01  9.11738e-04
   3483.34  6639.0625  8.45945e-01  6.53138e-01  8.45391e-01  7.56216e-04
   3511.89  6639.6875  8.89007e-01  9.88688e-01  8.88352e-01  7.34512e-04
   3540.44  6640.3125  9.21134e-01  9.08583e-01  9.20211e-01  8.51162e-04
   3568.99  6640.9375  9.20506e-01  9.11501e-01  9.19075e-01  1.27203e-03
   3597.54  6641.5625  9.19659e-01  9.46851e-01  9.18163e-01  1.40015e-03
   3626.10  6642.1875  8.94699e-01  8.84963e-01  8.93727e-01  1.08123e-03
   3654.65  6642.8125  8.73621e-01  8.64819e-01  8.72863e-01  7.83961e-04
   3683.20  6643.4375  8.98500e-01  8.47053e-01  8.97607e-01  7.01685e-04
   3711.75  6644.0625  9.63055e-01  1.02271e+00  9.62108e-01  9.29528e-04
   3740.30  6644.6875  1.00448e+00  9.61222e-01  1.00373e+00  8.25195e-04
   3768.85  6645.3125  1.05155e+00  1.08442e+00  1.05108e+00  5.79380e-04
   3797.40  6645.9375  1.10849e+00  1.04881e+00  1.10812e+00  5.96985e-04
   3825.95  6646.5625  1.11597e+00  1.30926e+00  1.11581e+00  4.74416e-04
   3854.50  6647.1875  1.01342e+00  8.19596e-01  1.01330e+00  3.91182e-04
   3883.05  6647.8125  9.72672e-01  1.11166e+00  9.72528e-01  4.77818e-04
   3911.61  6648.4375  9.15521e-01  8.25599e-01  9.15308e-01  5.67586e-04
   3940.16  6649.0625  9.53879e-01  8.59492e-01  9.53492e-01  5.44908e-04
   3968.71  6649.6875  1.08581e+00  1.21829e+00  1.08530e+00  5.67201e-04
   3997.26  6650.3125  1.07607e+00  1.12200e+00  1.07560e+00  6.02349e-04
   4025.81  6650.9375  9.76677e-01  8.96644e-01  9.76224e-01  5.00074e-04
   4054.36  6651.5625  9.60587e-01  9.43494e-01  9.60143e-01  3.11554e-04
   4082.91  6652.1875  9.90744e-01  1.03424e+00  9.90220e-01  3.25634e-04
   4111.46  6652.8125  1.01587e+00  9.45864e-01  1.01512e+00  4.70669e-04
   4140.01  6653.4375  1.06407e+00  1.13876e+00  1.06324e+00  5.90472e-04
   4168.56  6654.0625  1.07409e+00  1.04205e+00  1.07350e+00  6.65742e-04
   4197.12  6654.6875  1.09481e+00  1.07073e+00  1.09459e+00  4.66475e-04
   4225.67  6655.3125  1.10253e+00  1.21028e+00  1.10259e+00  3.72315e-04
   4254.22  6655.9375  1.04165e+00  9.40624e-01  1.04159e+00  4.93701e-04
   4282.77  6656.5625  1.02105e+00  1.07417e+00  1.02054e+00  5.00082e-04
   4311.32  6657.1875  1.02862e+00  9.58671e-01  1.02808e+00  4.59411e-04
   4339.87  6657.8125  1.07725e+00  1.11461e+00  1.07714e+00  3.68631e-04
   4368.42  6658.4375  1.09368e+00  1.12731e+00  1.09369e+00  2.72872e-04
   4396.97  6659.0625  1.00873e+00  1.07509e+00  1.00865e+00  3.14838e-04
   4425.52  6659.6875  8.96497e-01  7.64014e-01  8.96536e-01  2.42604e-04
   4454.08  6660.3125  9.62343e-01  8.86605e-01  9.62284e-01  1.91240e-04
   4482.63  6660.9375  1.13851e+00  1.24977e+00  1.13820e+00  2.71191e-04
   4511.18  6661.5625  1.19957e+00  1.23681e+00  1.19944e+00  2.94648e-04
   4539.73  6662.1875  1.23527e+00  1.07559e+00  1.23521e+00  3.05644e-04
   4568.28  6662.8125  1.32509e+00  1.54507e+00  1.32481e+00  2.78805e-04
   4596.83  6663.4375  1.23296e+00  1.20795e+00  1.23284e+00  2.44578e-04
   4625.38  6664.0625  1.06170e+00  1.03909e+00  1.06168e+00  2.25511e-04
   4653.93  6664.6875  9.69753e-01  9.04015e-01  9.69423e-01  1.35253e-04
   4682.48  6665.3125  9.99832e-01  9.61545e-01  9.99345e-01  9.00969e-05
   4711.03  6665.9375  1.05315e+00  1.17092e+00  1.05274e+00  1.53253e-04
   4739.59  6666.5625  1.03138e+00  9.37075e-01  1.03095e+00  1.63900e-04
   4768.14  6667.1875  1.05365e+00  1.06981e+00  1.05338e+00  1.10169e-04
   4796.69  6667.8125  1.07592e+00  1.12815e+00  1.07569e+00  1.76795e-04
   4825.24  6668.4375  1.03250e+00  1.02387e+00  1.03223e+00  2.50283e-04
   4853.79  6669.0625  1.06004e+00  9.03004e-01  1.05991e+00  1.66173e-04
   4882.34  6669.6875  1.22246e+00  1.34156e+00  1.22235e+00  1.17630e-04
   4910.89  6670.3125  1.22064e+00  1.39673e+00  1.22037e+00  8.26437e-05
   4939.44  6670.9375  1.02555e+00  8.44347e-01  1.02515e+00  7.78829e-05
   4967.99  6671.5625  9.47879e-01  9.72640e-01  9.47644e-01  6.88010e-05
   4996.54  6672.1875  9.67066e-01  9.22219e-01  9.67119e-01  7.79524e-05
   5025.10  6672.8125  1.00708e+00  1.06046e+00  1.00710e+00  9.82994e-05
   5053.65  6673.4375  1.03942e+00  9.75250e-01  1.03939e+00  4.76581e-05
   5082.20  6674.0625  1.09445e+00  1.14230e+00  1.09447e+00  1.42155e-05
   5110.75  6674.6875  1.07524e+00  1.16085e+00  1.07533e+00  5.53092e-05
   5139.30  6675.3125  9.91933e-01  8.59959e-01  9.92110e-01  1.12931e-04
   5167.85  6675.9375  9.78827e-01  1.06865e+00  9.79073e-01  7.29027e-05
   5196.40  6676.5625  9.67688e-01  8.97017e-01  9.67938e-01  2.23486e-05
   5224.95  6677.1875  1.01851e+00  9.81211e-01  1.01884e+00  3.58821e-05
   5253.50  6677.8125  1.07152e+00  1.21954e+00  1.07172e+00  6.57297e-05
   5282.06  6678.4375  1.00278e+00  9.21431e-01  1.00287e+00  3.54157e-05
   5310.61  6679.0625  9.75555e-01  9.36890e-01  9.75709e-01  1.35222e-05
   5339.16  6679.6875  1.01705e+00  1.06621e+00  1.01714e+00  1.68656e-05
   5367.71  6680.3125  1.05782e+00  9.89424e-01  1.05783e+00  8.69125e-06
   5396.26  6680.9375  1.10437e+00  1.19784e+00  1.10433e+00  1.22839e-06
   5424.81  6681.5625  1.06486e+00  1.06617e+00  1.06475e+00  4.71256e-08
   5453.36  6682.1875  9.67631e-01  9.73506e-01  9.67572e-01  4.90619e-10
   5481.91  6682.8125  8.96704e-01  8.34413e-01  8.96699e-01  0.00000e+00
   5510.46  6683.4375  9.10787e-01  9.01644e-01  9.10851e-01  0.00000e+00
   5539.01  6684.0625  9.66656e-01  9.78268e-01  9.66763e-01  0.00000e+00
   5567.57  6684.6875  9.93343e-01  1.02625e+00  9.93634e-01  0.00000e+00
   5596.12  6685.3125  9.49327e-01  9.85153e-01  9.49778e-01  0.00000e+00
   5624.67  6685.9375  8.75493e-01  8.14788e-01  8.75892e-01  0.00000e+00
   5653.22  6686.5625  8.84191e-01  8.41054e-01  8.84618e-01  0.00000e+00
   5681.77  6687.1875  9.51381e-01  1.00961e+00  9.51623e-01  0.00000e+00
   5710.32  6687.8125  9.78060e-01  9.63130e-01  9.78062e-01  0.00000e+00
   5738.87  6688.4375  9.86875e-01  9.90959e-01  9.86912e-01  0.00000e+00
   5767.42  6689.0625  9.80127e-01  1.01276e+00  9.80304e-01  0.00000e+00
   5795.97  6689.6875  9.74127e-01  8.96082e-01  9.74142e-01  0.00000e+00
   5824.52  6690.3125  1.02998e+00  1.06674e+00  1.02965e+00  0.00000e+00
   5853.08  6690.9375  1.07976e+00  1.08351e+00  1.07933e+00  0.00000e+00
   5881.63  6691.5625  1.08756e+00  1.11782e+00  1.08738e+00  3.91468e-10
   5910.18  6692.1875  1.06695e+00  1.03762e+00  1.06716e+00  3.76018e-08
   5938.73  6692.8125  1.03251e+00  1.09388e+00  1.03263e+00  9.80142e-07
   5967.28  6693.4375  9.79740e-01  9.00474e-01  9.79647e-01  6.93326e-06
   5995.83  6694.0625  9.74031e-01  1.01296e+00  9.73769e-01  1.33092e-05
   6024.38  6694.6875  9.79744e-01  9.48831e-01  9.79440e-01  6.93326e-06
   6052.93  6695.3125  9.83845e-01  1.02348e+00  9.83631e-01  9.80142e-07
   6081.48  6695.9375  9.83887e-01  9.26267e-01  9.83713e-01  3.76018e-08
   6110.04  6696.5625  9.79719e-01  1.08015e+00  9.79660e-01  3.91468e-10
   6138.59  6697.1875  9.26129e-01  8.41315e-01  9.26392e-01  0.00000e+00
   6167.14  6697.8125  9.14555e-01  9.31816e-01  9.14811e-01  0.00000e+00
   6195.69  6698.4375  8.97829e-01  9.49459e-01  8.97714e-01  0.00000e+00
   6224.24  6699.0625  8.30906e-01  7.91270e-01  8.30699e-01  0.00000e+00
   6252.79  6699.6875  8.18028e-01  7.57672e-01  8.17818e-01  0.00000e+00
   6281.34  6700.3125  8.49757e-01  9.50000e-01  8.49711e-01  0.00000e+00
   6309.89  6700.9375  8.34298e-01  7.56272e-01  8.34545e-01  0.00000e+00
   6338.44  6701.5625  8.88378e-01  8.48528e-01  8.88630e-01  0.00000e+00
   6366.99  6702.1875  1.03506e+00  1.03692e+00  1.03516e+00  0.00000e+00
   6395.55  6702.8125  1.13665e+00  1.24802e+00  1.13689e+00  0.00000e+00
   6424.10  6703.4375  1.06823e+00  1.11421e+00  1.06867e+00  0.00000e+00
   6452.65  6704.0625  9.82693e-01  7.89516e-01  9.82993e-01  0.00000e+00
   6481.20  6704.6875  1.03272e+00  1.18811e+00  1.03296e+00  0.00000e+00
   6509.75  6705.3125  1.05129e+00  9.48892e-01  1.05155e+00  0.00000e+00
   6538.30  6705.9375  1.07848e+00  1.14460e+00  1.07878e+00  0.00000e+00
   6566.85  6706.5625  1.07865e+00  1.07419e+00  1.07879e+00  0.00000e+00
   6595.40  6707.1875  1.07770e+00  1.02551e+00  1.07786e+00  0.00000e+00
   6623.95  6707.8125  1.10276e+00  1.17468e+00  1.10298e+00  0.00000e+00
   6652.50  6708.4375  1.06045e+00  1.06834e+00  1.06069e+00  0.00000e+00
   6681.06  6709.0625  9.96558e-01  9.47996e-01  9.96735e-01  0.00000e+00
   6709.61  6709.6875  1.01376e+00  9.72377e-01  1.01376e+00  0.00000e+00
   6738.16  6710.3125  1.08202e+00  1.13517e+00  1.08190e+00  0.00000e+00
   6766.71  6710.9375  1.08677e+00  1.12252e+00  1.08669e+00  0.00000e+00
   6795.26  6711.5625  1.05495e+00  9.82779e-01  1.05511e+00  0.00000e+00
   6823.81  6712.1875  1.06484e+00  1.11548e+00  1.06498e+00  0.00000e+00
   6852.36  6712.8125  1.04287e+00  1.05507e+00  1.04292e+00  0.00000e+00
   6880.91  6713.4375  9.83814e-01  9.71801e-01  9.83828e-01  0.00000e+00
   6909.46  6714.0625  9.35090e-01  9.28615e-01  9.35211e-01  0.00000e+00
   6938.02  6714.6875  8.98947e-01  9.07644e-01  8.99155e-01  0.00000e+00
   6966.57  6715.3125  8.93140e-01  8.28515e-01  8.93243e-01  0.00000e+00
   6995.12  6715.9375  9.37062e-01  9.88008e-01  9.37053e-01  0.00000e+00
   7023.67  6716.5625  9.41586e-01  9.58349e-01  9.41604e-01  0.00000e+00
   7052.22  6717.1875  8.94977e-01  8.96781e-01  8.95028e-01  0.00000e+00
   7080.77  6717.8125  8.56436e-01  8.20027e-01  8.56543e-01  0.00000e+00
   7109.32  6718.4375  8.73634e-01  8.60956e-01  8.73891e-01  0.00000e+00
   7137.87  6719.0625  9.41942e-01  9.17807e-01  9.42091e-01  0.00000e+00
   7166.42  6719.6875  1.00277e+00  1.08205e+00  1.00290e+00  0.00000e+00
   7194.97  6720.3125  9.71390e-01  9.78798e-01  9.71582e-01  0.00000e+00
   7223.53  6720.9375  9.39631e-01  8.44351e-01  9.39881e-01  0.00000e+00
   7252.08  6721.5625  1.01156e+00  1.03969e+00  1.01186e+00  0.00000e+00
   7280.63  6722.1875  1.10656e+00  1.09492e+00  1.10686e+00  0.00000e+00
   7309.18  6722.8125  1.13032e+00  1.25472e+00  1.13032e+00  0.00000e+00
   7337.73  6723.4375  1.04617e+00  9.61007e-01  1.04597e+00  0.00000e+00
   7366.28  6724.0625  1.00804e+00  9.93838e-01  1.00765e+00  0.00000e+00
   7394.83  6724.6875  1.01945e+00  1.05242e+00  1.01889e+00  0.00000e+00
   7423.38  6725.3125  1.04831e+00  9.62146e-01  1.04788e+00  0.00000e+00
   7451.93  6725.9375  1.12484e+00  1.20231e+00  1.12454e+00  0.00000e+00
   7480.48  6726.5625  1.14039e+00  1.15660e+00  1.14019e+00  0.00000e+00
   7509.04  6727.1875  1.10801e+00  1.07670e+00  1.10793e+00  0.00000e+00
   7537.59  6727.8125  1.08840e+00  1.11902e+00  1.08857e+00  0.00000e+00
   7566.14  6728.4375  1.08712e+00  1.02150e+00  1.08745e+00  0.00000e+00
   7594.69  6729.0625  1.15924e+00  1.14668e+00  1.15960e+00  0.00000e+00
   7623.24  6729.6875  1.20971e+00  1.33935e+00  1.20981e+00  0.00000e+00
   7651.79  6730.3125  1.12665e+00  1.07898e+00  1.12658e+00  0.00000e+00
   7680.34  6730.9375  1.04572e+00  1.01932e+00  1.04578e+00  0.00000e+00
   7708.89  6731.5625  1.03680e+00  1.01356e+00  1.03711e+00  0.00000e+00
   7737.44  6732.1875  1.04290e+00  1.10253e+00  1.04333e+00  0.00000e+00
   7765.99  6732.8125  1.02218e+00  9.55220e-01  1.02234e+00  0.00000e+00
   7794.55  6733.4375  1.01198e+00  1.08855e+00  1.01190e+00  0.00000e+00
   7823.10  6734.0625  9.93697e-01  9.00521e-01  9.93706e-01  0.00000e+00
   7851.65  6734.6875  1.03419e+00  1.06839e+00  1.03420e+00  0.00000e+00
   7880.20  6735.3125  1.06933e+00  1.09125e+00  1.06937e+00  0.00000e+00
   7908.75  6735.9375  1.05487e+00  1.06159e+00  1.05523e+00  0.00000e+00
   7937.30  6736.5625  1.03547e+00  1.00039e+00  1.03611e+00  0.00000e+00
   7965.85  6737.1875  1.01437e+00  1.09090e+00  1.01490e+00  0.00000e+00
   7994.40  6737.8125  9.60250e-01  8.80557e-01  9.60394e-01  0.00000e+00
   8022.95  6738.4375  9.59159e-01  9.71243e-01  9.59120e-01  0.00000e+00
   8051.51  6739.0625  9.75807e-01  9.96768e-01  9.75819e-01  0.00000e+00
   8080.06  6739.6875  9.75566e-01  9.50462e-01  9.75646e-01  0.00000e+00
   8108.61  6740.3125  9.99204e-01  9.89780e-01  9.99277e-01  0.00000e+00
   8137.16  6740.9375  1.01410e+00  1.07524e+00  1.01416e+00  0.00000e+00
   8165.71  6741.5625  9.79362e-01  9.39725e-01  9.79566e-01  0.00000e+00
   8194.26  6742.1875  9.86066e-01  9.43912e-01  9.86254e-01  0.00000e+00
   8222.81  6742.8125  1.05752e+00  1.07282e+00  1.05756e+00  0.00000e+00
   8251.36  6743.4375  1.06751e+00  1.18891e+00  1.06745e+00  0.00000e+00
   8279.91  6744.0625  1.00588e+00  8.38404e-01  1.00586e+00  0.00000e+00
   8308.46  6744.6875  1.03785e+00  1.13224e+00  1.03800e+00  0.00000e+00
   8337.02  6745.3125  1.07034e+00  1.02250e+00  1.07058e+00  0.00000e+00
   8365.57  6745.9375  1.10249e+00  1.11782e+00  1.10294e+00  0.00000e+00
   8394.12  6746.5625  1.08701e+00  1.18040e+00  1.08744e+00  0.00000e+00
   8422.67  6747.1875  1.00970e+00  8.91597e-01  1.00983e+00  0.00000e+00
   8451.22  6747.8125  1.00615e+00  1.04832e+00  1.00618e+00  0.00000e+00
   8479.77  6748.4375  1.00186e+00  1.02811e+00  1.00187e+00  0.00000e+00
   8508.32  6749.0625  9.85762e-01  9.06482e-01  9.85573e-01  0.00000e+00
   8536.87  6749.6875  1.00306e+00  1.09869e+00  1.00272e+00  0.00000e+00
   8565.42  6750.3125  9.94782e-01  9.01196e-01  9.94519e-01  0.00000e+00
   8593.97  6750.9375  1.02036e+00  1.08149e+00  1.02019e+00  0.00000e+00
   8622.53  6751.5625  1.04226e+00  1.00010e+00  1.04237e+00  0.00000e+00
   8651.08  6752.1875  1.06069e+00  1.10082e+00  1.06083e+00  0.00000e+00
   8679.63  6752.8125  1.03019e+00  1.06841e+00  1.03019e+00  0.00000e+00
   8708.18  6753.4375  9.99295e-01  8.70949e-01  9.99099e-01  0.00000e+00
   8736.73  6754.0625  1.03665e+00  1.16957e+00  1.03628e+00  0.00000e+00
   8765.28  6754.6875  1.00842e+00  9.46583e-01  1.00824e+00  0.00000e+00
   8793.83  6755.3125  9.48654e-01  1.01615e+00  9.48813e-01  0.00000e+00
   8822.38  6755.9375  8.93979e-01  7.91105e-01  8.94231e-01  0.00000e+00
   8850.93  6756.5625  9.30897e-01  9.39876e-01  9.30979e-01  0.00000e+00
   8879.49  6757.1875  9.82451e-01  1.03577e+00  9.82548e-01  0.00000e+00
   8908.04  6757.8125  9.44220e-01  9.74765e-01  9.44537e-01  0.00000e+00
   8936.59  6758.4375  8.69701e-01  8.09309e-01  8.70027e-01  0.00000e+00
   8965.14  6759.0625  8.67490e-01  8.46615e-01  8.67886e-01  0.00000e+00
   8993.69  6759.6875  9.19495e-01  9.38564e-01  9.19927e-01  0.00000e+00
   9022.24  6760.3125  9.93507e-01  9.34107e-01  9.93729e-01  0.00000e+00
   9050.79  6760.9375  1.07057e+00  1.17524e+00  1.07092e+00  0.00000e+00
   9079.34  6761.5625  1.01808e+00  1.06438e+00  1.01847e+00  0.00000e+00
   9107.89  6762.1875  9.07058e-01  8.07862e-01  9.07309e-01  0.00000e+00
   9136.44  6762.8125  9.65305e-01  8.39115e-01  9.65401e-01  0.00000e+00
   9165.00  6763.4375  1.10622e+00  1.35058e+00  1.10623e+00  0.00000e+00
   9193.55  6764.0625  1.06342e+00  9.57233e-01  1.06348e+00  0.00000e+00
   9222.10  6764.6875  9.86125e-01  1.04006e+00  9.86247e-01  0.00000e+00
   9250.65  6765.3125  9.09570e-01  8.81968e-01  9.09844e-01  0.00000e+00
   9279.20  6765.9375  8.40461e-01  8.45070e-01  8.40586e-01  0.00000e+00
   9307.75  6766.5625  8.16644e-01  7.53662e-01  8.16634e-01  0.00000e+00
   9336.30  6767.1875  8.48578e-01  8.93651e-01  8.48652e-01  0.00000e+00
   9364.85  6767.8125  8.72407e-01  8.48584e-01  8.72331e-01  0.00000e+00
   9393.40  6768.4375  8.92834e-01  9.07277e-01  8.92607e-01  0.00000e+00
   9421.95  6769.0625  8.90838e-01  9.21007e-01  8.90713e-01  0.00000e+00
   9450.51  6769.6875  8.82624e-01  8.12506e-01  8.82720e-01  0.00000e+00
   9479.06  6770.3125  9.33634e-01  9.56289e-01  9.33921e-01  0.00000e+00
   9507.61  6770.9375  9.73090e-01  1.01869e+00  9.73432e-01  0.00000e+00
   9536.16  6771.5625  1.01229e+00  8.81214e-01  1.01259e+00  0.00000e+00
   9564.71  6772.1875  1.06419e+00  1.28997e+00  1.06444e+00  0.00000e+00
   9593.26  6772.8125  9.54512e-01  8.52724e-01  9.54810e-01  0.00000e+00
   9621.81  6773.4375  8.49148e-01  8.48942e-01  8.49445e-01  0.00000e+00
   9650.36  6774.0625  8.18258e-01  7.86282e-01  8.18400e-01  0.00000e+00
   9678.91  6774.6875  8.43854e-01  8.26467e-01  8.43841e-01  0.00000e+00
   9707.47  6775.3125  8.96346e-01  9.19938e-01  8.96293e-01  0.00000e+00
   9736.02  6775.9375  9.11194e-01  9.43143e-01  9.11271e-01  0.00000e+00
   9764.57  6776.5625  8.94479e-01  8.49162e-01  8.94550e-01  0.00000e+00
   9793.12  6777.1875  8.77972e-01  9.50149e-01  8.77819e-01  0.00000e+00
   9821.67  6777.8125  8.60694e-01  7.46567e-01  8.60505e-01  0.00000e+00
   9850.22  6778.4375  9.45323e-01  9.55581e-01  9.45284e-01  0.00000e+00
   9878.77  6779.0625  1.04151e+00  1.10661e+00  1.04141e+00  0.00000e+00
   9907.32  6779.6875  1.01511e+00  1.07400e+00  1.01492e+00  0.00000e+00
   9935.87  6780.3125  9.20282e-01  8.40490e-01  9.20216e-01  0.00000e+00
   9964.42  6780.9375  9.21217e-01  8.71095e-01  9.21342e-01  0.00000e+00
   9992.98  6781.5625  9.70166e-01  1.07682e+00  9.70312e-01  0.00000e+00
  10021.53  6782.1875  9.03348e-01  9.20746e-01  9.03441e-01  0.00000e+00
  10050.08  6782.8125  8.23787e-01  7.00301e-01  8.23875e-01  0.00000e+00
  10078.63  6783.4375  8.74951e-01  9.09226e-01  8.75046e-01  0.00000e+00
  10107.18  6784.0625  9.65019e-01  9.45277e-01  9.65208e-01  0.00000e+00
  10135.73  6784.6875  1.03152e+00  1.08852e+00  1.03173e+00  0.00000e+00
  10164.28  6785.3125  1.05235e+00  1.01416e+00  1.05257e+00  0.00000e+00
  10192.83  6785.9375  1.03385e+00  1.13177e+00  1.03411e+00  0.00000e+00
  10221.38  6786.5625  9.54678e-01  8.69190e-01  9.54949e-01  0.00000e+00
  10249.93  6787.1875  8.81385e-01  9.70234e-01  8.81596e-01  0.00000e+00
  10278.49  6787.8125  8.02887e-01  6.92258e-01  8.03049e-01  0.00000e+00
  10307.04  6788.4375  7.82444e-01  8.50176e-01  7.82492e-01  0.00000e+00
  10335.59  6789.0625  7.80971e-01  7.06266e-01  7.80994e-01  0.00000e+00
  10364.14  6789.6875  8.43724e-01  8.42016e-01  8.43858e-01  0.00000e+00
  10392.69  6790.3125  9.59185e-01  9.41593e-01  9.59211e-01  0.00000e+00
  10421.24  6790.9375  1.04439e+00  1.14009e+00  1.04434e+00  0.00000e+00
  10449.79  6791.5625  1.02117e+00  1.00335e+00  1.02093e+00  0.00000e+00
  10478.34  6792.1875  9.35204e-01  9.89739e-01  9.34911e-01  0.00000e+00
  10506.89  6792.8125  8.64080e-01  7.34801e-01  8.63858e-01  0.00000e+00
  10535.45  6793.4375  9.53484e-01  9.14320e-01  9.53312e-01  0.00000e+00
  10564.00  6794.0625  1.10081e+00  1.21439e+00  1.10063e+00  0.00000e+00
  10592.55  6794.6875  1.09524e+00  1.15052e+00  1.09503e+00  0.00000e+00
  10621.10  6795.3125  1.02246e+00  8.96216e-01  1.02262e+00  0.00000e+00
  10649.65  6795.9375  1.03876e+00  1.10576e+00  1.03902e+00  0.00000e+00
  10678.20  6796.5625  1.01753e+00  1.05981e+00  1.01760e+00  0.00000e+00
  10706.75  6797.1875  9.49872e-01  8.73055e-01  9.49968e-01  0.00000e+00
  10735.30  6797.8125  9.51174e-01  9.58005e-01  9.51229e-01  0.00000e+00
  10763.85  6798.4375  9.72549e-01  1.00564e+00  9.72406e-01  0.00000e+00
  10792.40  6799.0625  1.00721e+00  9.00274e-01  1.00719e+00  0.00000e+00
  10820.96  6799.6875  1.06328e+00  1.23607e+00  1.06345e+00  0.00000e+00
  10849.51  6800.3125  1.01802e+00  9.03375e-01  1.01811e+00  0.00000e+00
  10878.06  6800.9375  9.59869e-01  1.07521e+00  9.59675e-01  0.00000e+00
  10906.61  6801.5625  9.10252e-01  7.45553e-01  9.09978e-01  0.00000e+00
  10935.16  6802.1875  9.81251e-01  1.02828e+00  9.80914e-01  0.00000e+00
  10963.71  6802.8125  1.00730e+00  1.14499e+00  1.00684e+00  0.00000e+00
  10992.26  6803.4375  9.22619e-01  7.59714e-01  9.22443e-01  0.00000e+00
  11020.81  6804.0625  9.19859e-01  1.00439e+00  9.20034e-01  0.00000e+00
  11049.36  6804.6875  9.25791e-01  8.84456e-01  9.26013e-01  0.00000e+00
  11077.91  6805.3125  9.69942e-01  9.17447e-01  9.69938e-01  0.00000e+00
  11106.47  6805.9375  1.04589e+00  1.14346e+00  1.04543e+00  0.00000e+00
  11135.02  6806.5625  1.01338e+00  1.03834e+00  1.01292e+00  0.00000e+00
  11163.57  6807.1875  9.49388e-01  8.46257e-01  9.49362e-01  0.00000e+00
  11192.12  6807.8125  9.52366e-01  1.04306e+00  9.52421e-01  0.00000e+00
  11220.67  6808.4375  9.46319e-01  8.62909e-01  9.46282e-01  0.00000e+00
  11249.22  6809.0625  9.83696e-01  1.00661e+00  9.83595e-01  0.00000e+00
  11277.77  6809.6875  9.98474e-01  1.06689e+00  9.98335e-01  0.00000e+00
  11306.32  6810.3125  9.53594e-01  8.86168e-01  9.53371e-01  0.00000e+00
  11334.87  6810.9375  9.81653e-01  9.34350e-01  9.81495e-01  0.00000e+00
  11363.43  6811.5625  1.05090e+00  1.15227e+00  1.05092e+00  0.00000e+00
  11391.98  6812.1875  1.03360e+00  1.00662e+00  1.03361e+00  0.00000e+00
  11420.53  6812.8125  1.01196e+00  9.75181e-01  1.01212e+00  0.00000e+00
  11449.08  6813.4375  1.00639e+00  1.08343e+00  1.00665e+00  0.00000e+00
  11477.63  6814.0625  9.37769e-01  9.12967e-01  9.37983e-01  0.00000e+00
  11506.18  6814.6875  8.82615e-01  8.40678e-01  8.82852e-01  0.00000e+00
  11534.73  6815.3125  9.06836e-01  8.89244e-01  9.07017e-01  0.00000e+00
  11563.28  6815.9375  9.83115e-01  9.78056e-01  9.83172e-01  0.00000e+00
  11591.83  6816.5625  1.05263e+00  1.08881e+00  1.05246e+00  0.00000e+00
  11620.38  6817.1875  1.01994e+00  1.12091e+00  1.01971e+00  0.00000e+00
  11648.94  6817.8125  9.05728e-01  7.84164e-01  9.05677e-01  0.00000e+00
  11677.49  6818.4375  9.08001e-01  8.74722e-01  9.08266e-01  0.00000e+00
  11706.04  6819.0625  9.63600e-01  1.06892e+00  9.63965e-01  0.00000e+00
  11734.59  6819.6875  9.44164e-01  8.75929e-01  9.44405e-01  0.00000e+00
  11763.14  6820.3125  9.46812e-01  9.54775e-01  9.46974e-01  0.00000e+00
  11791.69  6820.9375  9.59157e-01  9.89773e-01  9.59164e-01  0.00000e+00
  11820.24  6821.5625  9.45898e-01  9.16663e-01  9.45737e-01  0.00000e+00
  11848.79  6822.1875  9.51316e-01  9.53674e-01  9.51163e-01  0.00000e+00
  11877.34  6822.8125  9.72331e-01  9.69389e-01  9.72346e-01  0.00000e+00
  11905.89  6823.4375  9.92397e-01  9.94179e-01  9.92406e-01  0.00000e+00
  11934.45  6824.0625  9.69393e-01  1.05427e+00  9.69223e-01  0.00000e+00
  11963.00  6824.6875  9.86752e-01  7.19010e-01  9.86406e-01  0.00000e+00
  11991.55  6825.3125  1.16791e+00  1.40577e+00  1.16751e+00  0.00000e+00
  12020.10  6825.9375  1.22827e+00  1.16309e+00  1.22797e+00  0.00000e+00
  12048.65  6826.5625  1.19311e+00  1.27155e+00  1.19270e+00  0.00000e+00
  12077.20  6827.1875  1.10353e+00  1.07779e+00  1.10304e+00  0.00000e+00
  12105.75  6827.8125  1.05918e+00  9.61405e-01  1.05882e+00  0.00000e+00
  12134.30  6828.4375  1.09835e+00  1.20198e+00  1.09811e+00  0.00000e+00
  12162.85  6829.0625  1.10854e+00  1.02276e+00  1.10834e+00  0.00000e+00
  12191.40  6829.6875  1.12621e+00  1.21109e+00  1.12606e+00  0.00000e+00
  12219.96  6830.3125  1.14278e+00  1.02611e+00  1.14286e+00  0.00000e+00
  12248.51  6830.9375  1.14387e+00  1.35382e+00  1.14398e+00  0.00000e+00
  12277.06  6831.5625  1.01995e+00  8.75831e-01  1.01977e+00  0.00000e+00
  12305.61  6832.1875  9.63318e-01  9.65475e-01  9.63169e-01  0.00000e+00
  12334.16  6832.8125  9.81746e-01  9.89073e-01  9.81708e-01  0.00000e+00
  12362.71  6833.4375  1.02140e+00  9.69452e-01  1.02127e+00  0.00000e+00
  12391.26  6834.0625  1.04774e+00  1.17876e+00  1.04740e+00  0.00000e+00
  12419.81  6834.6875  9.62834e-01  9.09813e-01  9.62413e-01  0.00000e+00
  12448.36  6835.3125  8.77511e-01  8.69112e-01  8.77137e-01  0.00000e+00
  12476.92  6835.9375  8.58891e-01  8.12614e-01  8.58672e-01  0.00000e+00
  12505.47  6836.5625  9.05179e-01  9.14542e-01  9.05105e-01  0.00000e+00
  12534.02  6837.1875  9.99645e-01  9.46399e-01  9.99740e-01  0.00000e+00
  12562.57  6837.8125  1.14967e+00  1.15814e+00  1.14961e+00  0.00000e+00
  12591.12  6838.4375  1.21435e+00  1.39642e+00  1.21424e+00  0.00000e+00
  12619.67  6839.0625  1.12040e+00  9.77558e-01  1.12036e+00  0.00000e+00
  12648.22  6839.6875  1.11559e+00  1.09171e+00  1.11543e+00  0.00000e+00
  12676.77  6840.3125  1.13543e+00  1.28714e+00  1.13526e+00  0.00000e+00
  12705.32  6840.9375  1.03954e+00  9.22980e-01  1.03935e+00  0.00000e+00
  12733.87  6841.5625  9.50844e-01  1.05020e+00  9.50853e-01  0.00000e+00
  12762.43  6842.1875  8.63026e-01  7.52445e-01  8.63492e-01  0.00000e+00
  12790.98  6842.8125  8.77640e-01  8.59278e-01  8.78132e-01  0.00000e+00
  12819.53  6843.4375  9.71430e-01  9.81644e-01  9.71344e-01  0.00000e+00
  12848.08  6844.0625  1.01909e+00  1.10037e+00  1.01853e+00  0.00000e+00
  12876.63  6844.6875  9.88395e-01  9.29487e-01  9.88010e-01  0.00000e+00
  12905.18  6845.3125  9.89212e-01  9.82953e-01  9.89131e-01  0.00000e+00
  12933.73  6845.9375  1.01259e+00  1.04713e+00  1.01252e+00  0.00000e+00
  12962.28  6846.5625  1.02661e+00  9.70718e-01  1.02628e+00  0.00000e+00
  12990.83  6847.1875  1.04032e+00  1.13173e+00  1.04002e+00  0.00000e+00
  13019.38  6847.8125  9.89398e-01  9.46982e-01  9.89499e-01  0.00000e+00
  13047.94  6848.4375  9.19979e-01  9.55256e-01  9.20381e-01  0.00000e+00
  13076.49  6849.0625  8.33922e-01  8.28368e-01  8.34153e-01  0.00000e+00
  13105.04  6849.6875  8.12409e-01  6.81099e-01  8.12555e-01  0.00000e+00
  13133.59  6850.3125  9.13310e-01  1.00128e+00  9.13630e-01  0.00000e+00
  13162.14  6850.9375  9.51844e-01  9.96873e-01  9.52199e-01  0.00000e+00
  13190.69  6851.5625  9.24397e-01  8.51041e-01  9.24627e-01  0.00000e+00
  13219.24  6852.1875  9.43891e-01  9.79407e-01  9.43886e-01  0.00000e+00
  13247.79  6852.8125  9.76011e-01  9.46659e-01  9.75929e-01  0.00000e+00
  13276.34  6853.4375  1.01144e+00  1.04126e+00  1.01144e+00  0.00000e+00
  13304.90  6854.0625  1.04200e+00  1.00703e+00  1.04196e+00  0.00000e+00
  13333.45  6854.6875  1.05091e+00  1.13594e+00  1.05071e+00  0.00000e+00
  13362.00  6855.3125  9.78954e-01  9.63091e-01  9.78644e-01  0.00000e+00
  13390.55  6855.9375  9.28704e-01  8.43237e-01  9.28485e-01  0.00000e+00
  13419.10  6856.5625  9.73695e-01  1.01017e+00  9.73626e-01  0.00000e+00
  13447.65  6857.1875  9.68893e-01  1.06633e+00  9.69065e-01  0.00000e+00
  13476.20  6857.8125  9.14355e-01  7.47842e-01  9.14702e-01  0.00000e+00
  13504.75  6858.4375  9.88276e-01  1.03666e+00  9.88507e-01  0.00000e+00
  13533.30  6859.0625  1.02706e+00  1.14456e+00  1.02701e+00  0.00000e+00
  13561.85  6859.6875  9.36594e-01  8.51572e-01  9.36521e-01  0.00000e+00
  13590.41  6860.3125  8.86343e-01  8.88989e-01  8.86601e-01  0.00000e+00
  13618.96  6860.9375  9.06816e-01  8.61206e-01  9.07415e-01  0.00000e+00
  13647.51  6861.5625  9.63792e-01  1.00615e+00  9.64425e-01  0.00000e+00
  13676.06  6862.1875  9.89261e-01  9.92327e-01  9.89639e-01  0.00000e+00
  13704.61  6862.8125  9.78333e-01  9.92320e-01  9.78570e-01  0.00000e+00
  13733.16  6863.4375  9.52921e-01  9.40529e-01  9.53060e-01  0.00000e+00
  13761.71  6864.0625  9.40724e-01  9.35919e-01  9.40932e-01  0.00000e+00
  13790.26  6864.6875  9.78346e-01  9.14292e-01  9.78446e-01  0.00000e+00
  13818.81  6865.3125  1.05353e+00  1.13551e+00  1.05345e+00  0.00000e+00
  13847.36  6865.9375  1.03508e+00  1.07756e+00  1.03501e+00  0.00000e+00
  13875.92  6866.5625  9.57607e-01  8.80653e-01  9.57738e-01  0.00000e+00
  13904.47  6867.1875  9.31922e-01  9.70474e-01  9.32132e-01  0.00000e+00
  13933.02  6867.8125  9.19468e-01  8.87873e-01  9.19562e-01  0.00000e+00
  13961.57  6868.4375  9.30429e-01  9.28479e-01  9.30290e-01  0.00000e+00
  13990.12  6869.0625  9.71904e-01  9.50484e-01  9.71603e-01  0.00000e+00
  14018.67  6869.6875  9.98736e-01  1.07940e+00  9.98517e-01  0.00000e+00
  14047.22  6870.3125  9.90815e-01  8.89049e-01  9.90684e-01  0.00000e+00
  14075.77  6870.9375  1.03010e+00  1.09217e+00  1.02998e+00  0.00000e+00
  14104.32  6871.5625  1.00333e+00  1.07948e+00  1.00336e+00  0.00000e+00
  14132.88  6872.1875  9.14484e-01  7.93231e-01  9.14539e-01  0.00000e+00
  14161.43  6872.8125  9.36153e-01  9.36128e-01  9.35968e-01  0.00000e+00
  14189.98  6873.4375  9.81085e-01  1.06520e+00  9.80874e-01  0.00000e+00
  14218.53  6874.0625  9.69015e-01  8.80937e-01  9.68811e-01  0.00000e+00
  14247.08  6874.6875  9.86744e-01  1.05085e+00  9.86572e-01  0.00000e+00
  14275.63  6875.3125  1.01013e+00  9.39500e-01  1.01015e+00  0.00000e+00
  14304.18  6875.9375  1.04330e+00  1.12080e+00  1.04355e+00  0.00000e+00
  14332.73  6876.5625  9.93793e-01  1.03374e+00  9.93884e-01  0.00000e+00
  14361.28  6877.1875  9.20066e-01  7.91796e-01  9.19965e-01  0.00000e+00
  14389.83  6877.8125  9.21752e-01  1.04178e+00  9.21434e-01  0.00000e+00
  14418.39  6878.4375  9.13828e-01  7.92172e-01  9.13552e-01  0.00000e+00
  14446.94  6879.0625  9.92429e-01  9.98315e-01  9.92543e-01  0.00000e+00
  14475.49  6879.6875  1.06673e+00  1.17800e+00  1.06707e+00  0.00000e+00
  14504.04  6880.3125  1.02556e+00  9.76220e-01  1.02571e+00  0.00000e+00
  14532.59  6880.9375  1.01707e+00  9.51245e-01  1.01697e+00  0.00000e+00
  14561.14  6881.5625  1.04062e+00  1.18640e+00  1.04028e+00  0.00000e+00
  14589.69  6882.1875  1.01996e+00  8.34421e-01  1.01945e+00  0.00000e+00
  14618.24  6882.8125  1.08299e+00  1.20861e+00  1.08245e+00  0.00000e+00
  14646.79  6883.4375  1.06730e+00  1.10213e+00  1.06698e+00  0.00000e+00
  14675.34  6884.0625  9.80267e-01  9.06476e-01  9.80215e-01  0.00000e+00
  14703.90  6884.6875  9.66095e-01  9.61984e-01  9.65960e-01  0.00000e+00
  14732.45  6885.3125  9.63590e-01  1.03274e+00  9.63362e-01  0.00000e+00
  14761.00  6885.9375  9.47175e-01  8.22433e-01  9.47117e-01  0.00000e+00
  14789.55  6886.5625  1.01554e+00  1.08259e+00  1.01557e+00  0.00000e+00
  14818.10  6887.1875  1.07770e+00  1.05586e+00  1.07780e+00  0.00000e+00
  14846.65  6887.8125  1.07689e+00  1.17465e+00  1.07708e+00  0.00000e+00
  14875.20  6888.4375  1.02571e+00  9.10897e-01  1.02603e+00  0.00000e+00
  14903.75  6889.0625  1.05801e+00  1.07301e+00  1.05827e+00  0.00000e+00
  14932.30  6889.6875  1.10009e+00  1.16454e+00  1.10017e+00  0.00000e+00
  14960.86  6890.3125  1.09816e+00  1.02080e+00  1.09812e+00  0.00000e+00
  14989.41  6890.9375  1.15489e+00  1.15586e+00  1.15497e+00  0.00000e+00
  15017.96  6891.5625  1.18666e+00  1.30688e+00  1.18680e+00  0.00000e+00
  15046.51  6892.1875  1.13180e+00  1.00607e+00  1.13165e+00  0.00000e+00
  15075.06  6892.8125  1.09443e+00  1.22699e+00  1.09406e+00  0.00000e+00
  15103.61  6893.4375  1.00814e+00  9.12652e-01  1.00787e+00  0.00000e+00
  15132.16  6894.0625  9.34971e-01  1.00208e+00  9.34774e-01  0.00000e+00
  15160.71  6894.6875  8.76325e-01  7.95385e-01  8.76260e-01  0.00000e+00
  15189.26  6895.3125  9.17019e-01  8.68372e-01  9.16928e-01  0.00000e+00
  15217.81  6895.9375  1.04657e+00  1.07994e+00  1.04652e+00  0.00000e+00
  15246.37  6896.5625  1.12169e+00  1.19532e+00  1.12167e+00  0.00000e+00
  15274.92  6897.1875  1.12201e+00  1.04883e+00  1.12175e+00  0.00000e+00
  15303.47  6897.8125  1.13494e+00  1.19908e+00  1.13462e+00  0.00000e+00
  15332.02  6898.4375  1.09871e+00  1.10804e+00  1.09860e+00  0.00000e+00
  15360.57  6899.0625  1.02087e+00  1.01387e+00  1.02106e+00  0.00000e+00
  15389.12  6899.6875  9.98902e-01  9.07590e-01  9.98992e-01  0.00000e+00
  15417.67  6900.3125  1.07736e+00  1.11441e+00  1.07728e+00  0.00000e+00
  15446.22  6900.9375  1.10625e+00  1.19985e+00  1.10616e+00  0.00000e+00
  15474.77  6901.5625  1.01692e+00  9.78338e-01  1.01700e+00  0.00000e+00
  15503.32  6902.1875  9.73868e-01  8.85831e-01  9.73955e-01  0.00000e+00
  15531.88  6902.8125  1.05510e+00  1.07425e+00  1.05497e+00  0.00000e+00
  15560.43  6903.4375  1.12400e+00  1.19125e+00  1.12392e+00  0.00000e+00
  15588.98  6904.0625  1.08395e+00  1.10471e+00  1.08411e+00  0.00000e+00
  15617.53  6904.6875  1.01778e+00  9.46297e-01  1.01798e+00  0.00000e+00
  15646.08  6905.3125  1.03048e+00  1.03439e+00  1.03061e+00  0.00000e+00
  15674.63  6905.9375  1.08696e+00  1.07427e+00  1.08694e+00  0.00000e+00
  15703.18  6906.5625  1.12972e+00  1.17930e+00  1.12982e+00  0.00000e+00
  15731.73  6907.1875  1.10449e+00  1.12010e+00  1.10485e+00  0.00000e+00
  15760.28  6907.8125  1.03491e+00  1.02579e+00  1.03552e+00  0.00000e+00
  15788.84  6908.4375  9.84045e-01  9.59219e-01  9.84453e-01  0.00000e+00
  15817.39  6909.0625  1.01185e+00  9.39850e-01  1.01203e+00  0.00000e+00
  15845.94  6909.6875  1.09418e+00  1.19184e+00  1.09438e+00  0.00000e+00
  15874.49  6910.3125  1.12309e+00  1.06218e+00  1.12315e+00  0.00000e+00
  15903.04  6910.9375  1.10082e+00  1.23135e+00  1.10065e+00  0.00000e+00
  15931.59  6911.5625  1.00774e+00  8.92851e-01  1.00767e+00  0.00000e+00
  15960.14  6912.1875  9.87285e-01  9.89765e-01  9.87396e-01  0.00000e+00
  15988.69  6912.8125  9.92067e-01  1.05649e+00  9.92195e-01  0.00000e+00
  16017.24  6913.4375  9.55734e-01  8.85427e-01  9.55875e-01  0.00000e+00
  16045.79  6914.0625  9.66336e-01  9.77015e-01  9.66332e-01  0.00000e+00
  16074.35  6914.6875  9.86867e-01  1.01552e+00  9.86668e-01  0.00000e+00
  16102.90  6915.3125  9.82587e-01  9.53325e-01  9.82433e-01  0.00000e+00
  16131.45  6915.9375  9.96428e-01  1.00264e+00  9.96422e-01  0.00000e+00
  16160.00  6916.5625  1.02505e+00  1.00952e+00  1.02516e+00  0.00000e+00
  16188.55  6917.1875  1.02260e+00  1.11166e+00  1.02259e+00  0.00000e+00
  16217.10  6917.8125  9.99505e-01  8.49033e-01  9.99249e-01  0.00000e+00
  16245.65  6918.4375  1.08163e+00  1.15087e+00  1.08123e+00  0.00000e+00
  16274.20  6919.0625  1.15089e+00  1.16057e+00  1.15077e+00  0.00000e+00
  16302.75  6919.6875  1.12862e+00  1.20723e+00  1.12889e+00  0.00000e+00
  16331.30  6920.3125  1.09544e+00  9.18446e-01  1.09557e+00  0.00000e+00
  16359.86  6920.9375  1.15978e+00  1.31091e+00  1.15958e+00  0.00000e+00
  16388.41  6921.5625  1.14236e+00  1.11765e+00  1.14226e+00  0.00000e+00
  16416.96  6922.1875  1.07538e+00  1.07079e+00  1.07552e+00  0.00000e+00
  16445.51  6922.8125  1.03815e+00  1.01868e+00  1.03830e+00  0.00000e+00
  16474.06  6923.4375  1.06757e+00  1.00535e+00  1.06749e+00  0.00000e+00
  16502.61  6924.0625  1.16463e+00  1.20409e+00  1.16434e+00  0.00000e+00
  16531.16  6924.6875  1.19275e+00  1.28900e+00  1.19249e+00  0.00000e+00
  16559.71  6925.3125  1.13404e+00  1.02416e+00  1.13378e+00  0.00000e+00
  16588.26  6925.9375  1.11463e+00  1.19995e+00  1.11412e+00  0.00000e+00
  16616.81  6926.5625  1.11634e+00  9.93231e-01  1.11593e+00  0.00000e+00
  16645.37  6927.1875  1.16506e+00  1.27502e+00  1.16493e+00  0.00000e+00
  16673.92  6927.8125  1.10274e+00  1.17106e+00  1.10261e+00  0.00000e+00
  16702.47  6928.4375  9.83754e-01  8.18784e-01  9.83635e-01  0.00000e+00
  16731.02  6929.0625  9.85991e-01  1.07692e+00  9.85808e-01  0.00000e+00
  16759.57  6929.6875  9.97799e-01  9.47404e-01  9.97428e-01  0.00000e+00
  16788.12  6930.3125  1.06421e+00  9.99832e-01  1.06370e+00  0.00000e+00
  16816.67  6930.9375  1.20097e+00  1.26798e+00  1.20070e+00  0.00000e+00
  16845.22  6931.5625  1.25505e+00  1.31635e+00  1.25513e+00  0.00000e+00
  16873.77  6932.1875  1.23368e+00  1.15073e+00  1.23389e+00  0.00000e+00
  16902.33  6932.8125  1.19628e+00  1.34824e+00  1.19631e+00  0.00000e+00
  16930.88  6933.4375  1.09521e+00  9.44253e-01  1.09528e+00  0.00000e+00
  16959.43  6934.0625  1.08592e+00  1.11726e+00  1.08607e+00  0.00000e+00
  16987.98  6934.6875  1.09807e+00  1.13752e+00  1.09814e+00  0.00000e+00
  17016.53  6935.3125  1.05715e+00  1.03515e+00  1.05714e+00  0.00000e+00
  17045.08  6935.9375  1.01452e+00  1.01935e+00  1.01439e+00  0.00000e+00
  17073.63  6936.5625  9.41344e-01  1.01327e+00  9.41193e-01  0.00000e+00
  17102.18  6937.1875  8.99803e-01  6.79356e-01  8.99620e-01  0.00000e+00
  17130.73  6937.8125  1.02958e+00  1.15684e+00  1.02950e+00  0.00000e+00
  17159.28  6938.4375  1.08244e+00  1.14371e+00  1.08258e+00  0.00000e+00
  17187.84  6939.0625  9.76585e-01  1.00054e+00  9.76745e-01  0.00000e+00
  17216.39  6939.6875  9.30627e-01  7.04072e-01  9.30554e-01  0.00000e+00
  17244.94  6940.3125  1.08752e+00  1.21677e+00  1.08716e+00  0.00000e+00
  17273.49  6940.9375  1.12778e+00  1.27016e+00  1.12740e+00  0.00000e+00
  17302.04  6941.5625  1.00400e+00  8.39279e-01  1.00385e+00  0.00000e+00
  17330.59  6942.1875  9.60427e-01  1.04379e+00  9.60383e-01  0.00000e+00
  17359.14  6942.8125  9.36080e-01  8.77144e-01  9.36087e-01  0.00000e+00
  17387.69  6943.4375  9.33249e-01  9.57231e-01  9.33239e-01  0.00000e+00
  17416.24  6944.0625  9.72199e-01  9.01893e-01  9.72113e-01  0.00000e+00
  17444.79  6944.6875  1.06049e+00  1.11128e+00  1.06043e+00  0.00000e+00
  17473.35  6945.3125  1.09900e+00  1.13802e+00  1.09916e+00  0.00000e+00
  17501.90  6945.9375  1.05758e+00  1.05747e+00  1.05768e+00  0.00000e+00
  17530.45  6946.5625  1.00414e+00  9.83815e-01  1.00426e+00  0.00000e+00
  17559.00  6947.1875  9.93937e-01  9.64977e-01  9.94049e-01  0.00000e+00
  17587.55  6947.8125  1.03103e+00  1.03975e+00  1.03086e+00  0.00000e+00
  17616.10  6948.4375  1.09191e+00  1.05557e+00  1.09145e+00  0.00000e+00
  17644.65  6949.0625  1.11224e+00  1.25631e+00  1.11154e+00  0.00000e+00
  17673.20  6949.6875  1.02194e+00  9.28591e-01  1.02127e+00  0.00000e+00
