# day080  epoch=80.0d  L_Halpha=6.068e+40 erg/s  smooth_kms=25.0
# Columns:
#   1: Δv [km/s]      velocity offset from Hα (6562.81 Å), positive = redshift
#   2: lambda [Å]     observed wavelength
#   3: F_norm         total flux, smoothed, normalized to F_cont_baseline
#   4: F_norm_raw     total flux, RAW MC (no velocity smoothing)
#   5: F_cont_smooth  continuum-channel flux (continuum photons only)
#   6: F_vol_smooth   volumetric-channel flux (line emission contribution)
# Format: F_norm ≈ F_cont_smooth + F_vol_smooth (within MC noise)
# ----------------------------------------------------------------------------------------
 -16559.48  6200.3125  4.41891e-01  4.77934e-01  4.41891e-01  0.00000e+00
 -16530.93  6200.9375  3.90297e-01  3.63818e-01  3.90297e-01  0.00000e+00
 -16502.38  6201.5625  3.76625e-01  3.31423e-01  3.76625e-01  0.00000e+00
 -16473.83  6202.1875  4.04288e-01  4.59844e-01  4.04288e-01  0.00000e+00
 -16445.28  6202.8125  3.85336e-01  3.89943e-01  3.85336e-01  0.00000e+00
 -16416.73  6203.4375  3.64027e-01  3.03584e-01  3.64027e-01  0.00000e+00
 -16388.18  6204.0625  4.06637e-01  4.25490e-01  4.06637e-01  0.00000e+00
 -16359.63  6204.6875  4.49741e-01  4.68700e-01  4.49741e-01  0.00000e+00
 -16331.08  6205.3125  4.68245e-01  4.51887e-01  4.68245e-01  0.00000e+00
 -16302.53  6205.9375  4.99571e-01  4.92874e-01  4.99571e-01  0.00000e+00
 -16273.97  6206.5625  5.31654e-01  5.59221e-01  5.31654e-01  0.00000e+00
 -16245.42  6207.1875  5.16741e-01  5.41636e-01  5.16741e-01  0.00000e+00
 -16216.87  6207.8125  4.59358e-01  4.48769e-01  4.59358e-01  0.00000e+00
 -16188.32  6208.4375  4.17849e-01  3.89292e-01  4.17849e-01  0.00000e+00
 -16159.77  6209.0625  4.26516e-01  4.14940e-01  4.26516e-01  0.00000e+00
 -16131.22  6209.6875  4.57629e-01  4.76480e-01  4.57629e-01  0.00000e+00
 -16102.67  6210.3125  4.78424e-01  4.62412e-01  4.78424e-01  0.00000e+00
 -16074.12  6210.9375  4.62492e-01  5.43840e-01  4.62492e-01  0.00000e+00
 -16045.57  6211.5625  3.91853e-01  3.17885e-01  3.91853e-01  0.00000e+00
 -16017.01  6212.1875  3.71289e-01  3.72293e-01  3.71289e-01  0.00000e+00
 -15988.46  6212.8125  4.01752e-01  3.82254e-01  4.01752e-01  0.00000e+00
 -15959.91  6213.4375  4.29703e-01  4.80890e-01  4.29703e-01  0.00000e+00
 -15931.36  6214.0625  4.12130e-01  3.94171e-01  4.12130e-01  0.00000e+00
 -15902.81  6214.6875  3.94336e-01  3.84612e-01  3.94336e-01  0.00000e+00
 -15874.26  6215.3125  4.03023e-01  3.94660e-01  4.03023e-01  0.00000e+00
 -15845.71  6215.9375  4.14665e-01  4.38944e-01  4.14665e-01  0.00000e+00
 -15817.16  6216.5625  3.99532e-01  4.00239e-01  3.99532e-01  0.00000e+00
 -15788.61  6217.1875  3.81426e-01  3.60035e-01  3.81426e-01  0.00000e+00
 -15760.06  6217.8125  3.82918e-01  3.97217e-01  3.82918e-01  0.00000e+00
 -15731.50  6218.4375  3.94012e-01  3.66622e-01  3.94012e-01  0.00000e+00
 -15702.95  6219.0625  4.15271e-01  4.45116e-01  4.15271e-01  0.00000e+00
 -15674.40  6219.6875  4.10889e-01  4.16672e-01  4.10889e-01  0.00000e+00
 -15645.85  6220.3125  4.06013e-01  3.61740e-01  4.06013e-01  0.00000e+00
 -15617.30  6220.9375  4.14579e-01  4.85876e-01  4.14579e-01  0.00000e+00
 -15588.75  6221.5625  3.93698e-01  3.28559e-01  3.93698e-01  0.00000e+00
 -15560.20  6222.1875  4.05484e-01  4.24467e-01  4.05484e-01  0.00000e+00
 -15531.65  6222.8125  4.13609e-01  4.40710e-01  4.13609e-01  0.00000e+00
 -15503.10  6223.4375  3.97531e-01  3.64292e-01  3.97531e-01  0.00000e+00
 -15474.55  6224.0625  4.24647e-01  3.95417e-01  4.24647e-01  0.00000e+00
 -15445.99  6224.6875  4.78131e-01  5.30900e-01  4.78131e-01  0.00000e+00
 -15417.44  6225.3125  4.80976e-01  4.79874e-01  4.80976e-01  0.00000e+00
 -15388.89  6225.9375  4.59764e-01  4.50882e-01  4.59764e-01  0.00000e+00
 -15360.34  6226.5625  4.54145e-01  4.46433e-01  4.54145e-01  0.00000e+00
 -15331.79  6227.1875  4.63022e-01  4.62286e-01  4.63022e-01  0.00000e+00
 -15303.24  6227.8125  4.48400e-01  5.00033e-01  4.48400e-01  0.00000e+00
 -15274.69  6228.4375  3.98216e-01  3.42219e-01  3.98216e-01  0.00000e+00
 -15246.14  6229.0625  3.70817e-01  4.07448e-01  3.70817e-01  0.00000e+00
 -15217.59  6229.6875  3.55601e-01  3.07454e-01  3.55601e-01  0.00000e+00
 -15189.03  6230.3125  3.73855e-01  3.89674e-01  3.73855e-01  0.00000e+00
 -15160.48  6230.9375  3.82915e-01  4.09891e-01  3.82915e-01  0.00000e+00
 -15131.93  6231.5625  3.57087e-01  3.43353e-01  3.57087e-01  0.00000e+00
 -15103.38  6232.1875  3.45314e-01  3.23396e-01  3.45314e-01  0.00000e+00
 -15074.83  6232.8125  3.60121e-01  3.77493e-01  3.60121e-01  0.00000e+00
 -15046.28  6233.4375  3.74032e-01  3.61328e-01  3.74032e-01  0.00000e+00
 -15017.73  6234.0625  4.07753e-01  3.85285e-01  4.07753e-01  0.00000e+00
 -14989.18  6234.6875  4.59403e-01  4.89581e-01  4.59403e-01  0.00000e+00
 -14960.63  6235.3125  4.68030e-01  4.95245e-01  4.68030e-01  0.00000e+00
 -14932.08  6235.9375  4.21563e-01  4.26792e-01  4.21563e-01  0.00000e+00
 -14903.52  6236.5625  3.87930e-01  3.25778e-01  3.87930e-01  0.00000e+00
 -14874.97  6237.1875  4.25837e-01  4.37692e-01  4.25837e-01  0.00000e+00
 -14846.42  6237.8125  4.78219e-01  4.88492e-01  4.78219e-01  0.00000e+00
 -14817.87  6238.4375  4.93094e-01  5.24818e-01  4.93094e-01  0.00000e+00
 -14789.32  6239.0625  4.70766e-01  4.51032e-01  4.70766e-01  0.00000e+00
 -14760.77  6239.6875  4.54158e-01  4.56156e-01  4.54158e-01  0.00000e+00
 -14732.22  6240.3125  4.48248e-01  4.44234e-01  4.48248e-01  0.00000e+00
 -14703.67  6240.9375  4.45448e-01  4.47665e-01  4.45448e-01  0.00000e+00
 -14675.12  6241.5625  4.36828e-01  4.47020e-01  4.36828e-01  0.00000e+00
 -14646.57  6242.1875  4.30124e-01  4.01029e-01  4.30124e-01  0.00000e+00
 -14618.01  6242.8125  4.38327e-01  4.67270e-01  4.38327e-01  0.00000e+00
 -14589.46  6243.4375  4.25368e-01  4.26652e-01  4.25368e-01  0.00000e+00
 -14560.91  6244.0625  4.10674e-01  3.82811e-01  4.10674e-01  0.00000e+00
 -14532.36  6244.6875  4.22456e-01  4.35194e-01  4.22456e-01  0.00000e+00
 -14503.81  6245.3125  4.16577e-01  4.49275e-01  4.16577e-01  0.00000e+00
 -14475.26  6245.9375  3.99209e-01  3.32552e-01  3.99209e-01  0.00000e+00
 -14446.71  6246.5625  4.22701e-01  4.68214e-01  4.22701e-01  0.00000e+00
 -14418.16  6247.1875  4.22230e-01  4.27259e-01  4.22230e-01  0.00000e+00
 -14389.61  6247.8125  3.99034e-01  3.84616e-01  3.99034e-01  0.00000e+00
 -14361.06  6248.4375  4.00673e-01  3.82521e-01  4.00673e-01  0.00000e+00
 -14332.50  6249.0625  4.23368e-01  4.44586e-01  4.23368e-01  0.00000e+00
 -14303.95  6249.6875  4.45983e-01  4.16857e-01  4.45983e-01  0.00000e+00
 -14275.40  6250.3125  4.78511e-01  5.06299e-01  4.78511e-01  0.00000e+00
 -14246.85  6250.9375  4.94951e-01  4.88277e-01  4.94951e-01  0.00000e+00
 -14218.30  6251.5625  5.02555e-01  5.04217e-01  5.02555e-01  0.00000e+00
 -14189.75  6252.1875  4.95969e-01  5.21673e-01  4.95969e-01  0.00000e+00
 -14161.20  6252.8125  4.64200e-01  4.47760e-01  4.64200e-01  0.00000e+00
 -14132.65  6253.4375  4.37394e-01  4.40214e-01  4.37394e-01  0.00000e+00
 -14104.10  6254.0625  4.23688e-01  4.11142e-01  4.23688e-01  0.00000e+00
 -14075.54  6254.6875  4.27054e-01  4.24376e-01  4.27054e-01  0.00000e+00
 -14046.99  6255.3125  4.37807e-01  4.43620e-01  4.37807e-01  0.00000e+00
 -14018.44  6255.9375  4.39090e-01  4.44499e-01  4.39090e-01  0.00000e+00
 -13989.89  6256.5625  4.25393e-01  4.35659e-01  4.25393e-01  0.00000e+00
 -13961.34  6257.1875  4.24840e-01  3.70449e-01  4.24840e-01  0.00000e+00
 -13932.79  6257.8125  4.43437e-01  5.23431e-01  4.43437e-01  0.00000e+00
 -13904.24  6258.4375  4.17082e-01  3.70072e-01  4.17082e-01  0.00000e+00
 -13875.69  6259.0625  4.14841e-01  3.98854e-01  4.14841e-01  0.00000e+00
 -13847.14  6259.6875  4.32381e-01  4.79153e-01  4.32381e-01  0.00000e+00
 -13818.59  6260.3125  4.19087e-01  3.86833e-01  4.19087e-01  0.00000e+00
 -13790.03  6260.9375  4.30291e-01  4.13049e-01  4.30291e-01  0.00000e+00
 -13761.48  6261.5625  4.59614e-01  4.94998e-01  4.59614e-01  0.00000e+00
 -13732.93  6262.1875  4.32204e-01  4.71572e-01  4.32204e-01  0.00000e+00
 -13704.38  6262.8125  3.80323e-01  2.97066e-01  3.80323e-01  0.00000e+00
 -13675.83  6263.4375  3.87309e-01  4.32121e-01  3.87309e-01  0.00000e+00
 -13647.28  6264.0625  3.86303e-01  3.84286e-01  3.86303e-01  0.00000e+00
 -13618.73  6264.6875  3.85075e-01  3.47876e-01  3.85075e-01  0.00000e+00
 -13590.18  6265.3125  4.13795e-01  4.46071e-01  4.13795e-01  0.00000e+00
 -13561.63  6265.9375  4.25642e-01  4.18538e-01  4.25642e-01  0.00000e+00
 -13533.08  6266.5625  4.14617e-01  4.39076e-01  4.14617e-01  0.00000e+00
 -13504.52  6267.1875  3.90696e-01  3.63329e-01  3.90696e-01  0.00000e+00
 -13475.97  6267.8125  3.88472e-01  3.89287e-01  3.88472e-01  0.00000e+00
 -13447.42  6268.4375  4.01786e-01  3.98433e-01  4.01786e-01  0.00000e+00
 -13418.87  6269.0625  4.01765e-01  4.35002e-01  4.01765e-01  0.00000e+00
 -13390.32  6269.6875  3.91885e-01  3.35729e-01  3.91885e-01  0.00000e+00
 -13361.77  6270.3125  4.07804e-01  4.55261e-01  4.07804e-01  0.00000e+00
 -13333.22  6270.9375  3.92850e-01  3.97570e-01  3.92850e-01  0.00000e+00
 -13304.67  6271.5625  3.83317e-01  3.15676e-01  3.83317e-01  0.00000e+00
 -13276.12  6272.1875  4.16427e-01  4.89099e-01  4.16427e-01  0.00000e+00
 -13247.56  6272.8125  4.11243e-01  3.81661e-01  4.11243e-01  0.00000e+00
 -13219.01  6273.4375  3.98762e-01  4.06529e-01  3.98762e-01  0.00000e+00
 -13190.46  6274.0625  3.89515e-01  3.93385e-01  3.89515e-01  0.00000e+00
 -13161.91  6274.6875  3.80436e-01  3.65469e-01  3.80436e-01  0.00000e+00
 -13133.36  6275.3125  3.83887e-01  3.90509e-01  3.83887e-01  0.00000e+00
 -13104.81  6275.9375  3.75346e-01  3.96830e-01  3.75346e-01  0.00000e+00
 -13076.26  6276.5625  3.54038e-01  3.23683e-01  3.54038e-01  0.00000e+00
 -13047.71  6277.1875  3.75615e-01  3.47240e-01  3.75615e-01  0.00000e+00
 -13019.16  6277.8125  4.24277e-01  4.72050e-01  4.24277e-01  0.00000e+00
 -12990.61  6278.4375  4.36773e-01  4.21939e-01  4.36773e-01  0.00000e+00
 -12962.05  6279.0625  4.48546e-01  4.36537e-01  4.48546e-01  0.00000e+00
 -12933.50  6279.6875  4.86091e-01  4.79451e-01  4.86091e-01  0.00000e+00
 -12904.95  6280.3125  5.09175e-01  5.61072e-01  5.09175e-01  0.00000e+00
 -12876.40  6280.9375  4.73987e-01  4.63896e-01  4.73987e-01  0.00000e+00
 -12847.85  6281.5625  4.33317e-01  4.14959e-01  4.33317e-01  0.00000e+00
 -12819.30  6282.1875  4.39465e-01  4.06519e-01  4.39465e-01  0.00000e+00
 -12790.75  6282.8125  4.64446e-01  5.27220e-01  4.64446e-01  0.00000e+00
 -12762.20  6283.4375  4.52681e-01  4.09626e-01  4.52681e-01  0.00000e+00
 -12733.65  6284.0625  4.63009e-01  4.56390e-01  4.63009e-01  0.00000e+00
 -12705.10  6284.6875  4.66615e-01  5.34905e-01  4.66615e-01  0.00000e+00
 -12676.54  6285.3125  4.19956e-01  3.62076e-01  4.19956e-01  0.00000e+00
 -12647.99  6285.9375  4.12115e-01  4.06344e-01  4.12115e-01  0.00000e+00
 -12619.44  6286.5625  4.33143e-01  4.52410e-01  4.33143e-01  0.00000e+00
 -12590.89  6287.1875  4.31554e-01  4.34584e-01  4.31554e-01  0.00000e+00
 -12562.34  6287.8125  4.06358e-01  4.21528e-01  4.06358e-01  0.00000e+00
 -12533.79  6288.4375  3.82589e-01  3.42709e-01  3.82589e-01  0.00000e+00
 -12505.24  6289.0625  4.01273e-01  4.03497e-01  4.01273e-01  0.00000e+00
 -12476.69  6289.6875  4.35174e-01  4.42686e-01  4.35174e-01  0.00000e+00
 -12448.14  6290.3125  4.42597e-01  4.70968e-01  4.42597e-01  0.00000e+00
 -12419.58  6290.9375  4.23874e-01  3.97794e-01  4.23874e-01  0.00000e+00
 -12391.03  6291.5625  4.33731e-01  4.14870e-01  4.33731e-01  0.00000e+00
 -12362.48  6292.1875  4.76700e-01  4.86388e-01  4.76700e-01  0.00000e+00
 -12333.93  6292.8125  4.96260e-01  5.32552e-01  4.96260e-01  0.00000e+00
 -12305.38  6293.4375  4.51118e-01  4.72104e-01  4.51118e-01  0.00000e+00
 -12276.83  6294.0625  3.88554e-01  3.33384e-01  3.88554e-01  0.00000e+00
 -12248.28  6294.6875  3.78128e-01  3.92162e-01  3.78128e-01  0.00000e+00
 -12219.73  6295.3125  3.95969e-01  3.70889e-01  3.95969e-01  0.00000e+00
 -12191.18  6295.9375  4.19304e-01  4.53947e-01  4.19304e-01  0.00000e+00
 -12162.63  6296.5625  4.09830e-01  4.14568e-01  4.09830e-01  0.00000e+00
 -12134.07  6297.1875  4.04268e-01  3.53339e-01  4.04268e-01  0.00000e+00
 -12105.52  6297.8125  4.48585e-01  4.68352e-01  4.48585e-01  0.00000e+00
 -12076.97  6298.4375  4.60382e-01  5.22669e-01  4.60382e-01  0.00000e+00
 -12048.42  6299.0625  3.96704e-01  3.68709e-01  3.96704e-01  0.00000e+00
 -12019.87  6299.6875  3.50884e-01  3.19166e-01  3.50884e-01  0.00000e+00
 -11991.32  6300.3125  3.60204e-01  3.65153e-01  3.60204e-01  0.00000e+00
 -11962.77  6300.9375  3.95336e-01  3.73649e-01  3.95336e-01  0.00000e+00
 -11934.22  6301.5625  4.37461e-01  4.69848e-01  4.37461e-01  0.00000e+00
 -11905.67  6302.1875  4.45794e-01  4.52429e-01  4.45794e-01  0.00000e+00
 -11877.12  6302.8125  4.35266e-01  4.19696e-01  4.35266e-01  0.00000e+00
 -11848.56  6303.4375  4.31629e-01  4.46744e-01  4.31629e-01  0.00000e+00
 -11820.01  6304.0625  4.21893e-01  4.12095e-01  4.21893e-01  0.00000e+00
 -11791.46  6304.6875  3.99451e-01  4.31264e-01  3.99451e-01  0.00000e+00
 -11762.91  6305.3125  3.78278e-01  3.13212e-01  3.78278e-01  0.00000e+00
 -11734.36  6305.9375  4.04519e-01  4.39330e-01  4.04519e-01  0.00000e+00
 -11705.81  6306.5625  4.32163e-01  4.14880e-01  4.32163e-01  0.00000e+00
 -11677.26  6307.1875  4.45920e-01  4.76818e-01  4.45920e-01  0.00000e+00
 -11648.71  6307.8125  4.40164e-01  4.18446e-01  4.40164e-01  0.00000e+00
 -11620.16  6308.4375  4.34946e-01  4.53487e-01  4.34946e-01  0.00000e+00
 -11591.60  6309.0625  4.32920e-01  4.06062e-01  4.32920e-01  0.00000e+00
 -11563.05  6309.6875  4.46912e-01  4.62272e-01  4.46912e-01  0.00000e+00
 -11534.50  6310.3125  4.54480e-01  4.56433e-01  4.54480e-01  0.00000e+00
 -11505.95  6310.9375  4.47262e-01  4.55906e-01  4.47262e-01  0.00000e+00
 -11477.40  6311.5625  4.48621e-01  4.08376e-01  4.48621e-01  0.00000e+00
 -11448.85  6312.1875  4.54747e-01  5.30001e-01  4.54747e-01  0.00000e+00
 -11420.30  6312.8125  4.21223e-01  3.60406e-01  4.21223e-01  0.00000e+00
 -11391.75  6313.4375  4.18940e-01  4.27354e-01  4.18940e-01  0.00000e+00
 -11363.20  6314.0625  4.30601e-01  4.45839e-01  4.30601e-01  0.00000e+00
 -11334.65  6314.6875  4.18136e-01  4.18435e-01  4.18136e-01  0.00000e+00
 -11306.09  6315.3125  3.87299e-01  4.03556e-01  3.87299e-01  0.00000e+00
 -11277.54  6315.9375  3.63446e-01  3.15082e-01  3.63446e-01  0.00000e+00
 -11248.99  6316.5625  3.90910e-01  3.94303e-01  3.90910e-01  0.00000e+00
 -11220.44  6317.1875  4.23397e-01  4.59442e-01  4.23397e-01  0.00000e+00
 -11191.89  6317.8125  4.51776e-01  3.75251e-01  4.51776e-01  0.00000e+00
 -11163.34  6318.4375  5.21331e-01  5.84009e-01  5.21331e-01  0.00000e+00
 -11134.79  6319.0625  5.39134e-01  5.63111e-01  5.39134e-01  0.00000e+00
 -11106.24  6319.6875  5.09483e-01  4.74927e-01  5.09483e-01  0.00000e+00
 -11077.69  6320.3125  4.92796e-01  5.20635e-01  4.92796e-01  0.00000e+00
 -11049.14  6320.9375  4.65882e-01  4.53365e-01  4.65882e-01  0.00000e+00
 -11020.58  6321.5625  4.26211e-01  4.52577e-01  4.26211e-01  0.00000e+00
 -10992.03  6322.1875  3.96604e-01  3.29997e-01  3.96604e-01  0.00000e+00
 -10963.48  6322.8125  4.09449e-01  4.62180e-01  4.09449e-01  0.00000e+00
 -10934.93  6323.4375  4.09776e-01  3.78400e-01  4.09776e-01  0.00000e+00
 -10906.38  6324.0625  4.10333e-01  4.30809e-01  4.10333e-01  0.00000e+00
 -10877.83  6324.6875  4.11640e-01  3.93927e-01  4.11640e-01  0.00000e+00
 -10849.28  6325.3125  4.27798e-01  4.23459e-01  4.27798e-01  0.00000e+00
 -10820.73  6325.9375  4.54352e-01  4.61322e-01  4.54352e-01  0.00000e+00
 -10792.18  6326.5625  4.54667e-01  4.89339e-01  4.54667e-01  0.00000e+00
 -10763.62  6327.1875  4.22530e-01  3.94332e-01  4.22530e-01  0.00000e+00
 -10735.07  6327.8125  4.18917e-01  3.96083e-01  4.18917e-01  0.00000e+00
 -10706.52  6328.4375  4.31733e-01  4.82738e-01  4.31733e-01  0.00000e+00
 -10677.97  6329.0625  4.07975e-01  3.80453e-01  4.07975e-01  0.00000e+00
 -10649.42  6329.6875  3.91091e-01  3.91068e-01  3.91091e-01  0.00000e+00
 -10620.87  6330.3125  3.95249e-01  3.84230e-01  3.95249e-01  0.00000e+00
 -10592.32  6330.9375  4.03747e-01  4.23567e-01  4.03747e-01  0.00000e+00
 -10563.77  6331.5625  4.04186e-01  3.84586e-01  4.04186e-01  0.00000e+00
 -10535.22  6332.1875  4.15549e-01  4.20364e-01  4.15549e-01  0.00000e+00
 -10506.67  6332.8125  4.19317e-01  4.39636e-01  4.19317e-01  0.00000e+00
 -10478.11  6333.4375  3.96166e-01  3.94796e-01  3.96166e-01  0.00000e+00
 -10449.56  6334.0625  3.88891e-01  3.42317e-01  3.88891e-01  0.00000e+00
 -10421.01  6334.6875  4.13456e-01  4.64606e-01  4.13456e-01  0.00000e+00
 -10392.46  6335.3125  4.07874e-01  3.91813e-01  4.07874e-01  0.00000e+00
 -10363.91  6335.9375  3.95022e-01  3.93733e-01  3.95022e-01  0.00000e+00
 -10335.36  6336.5625  3.94460e-01  3.91395e-01  3.94460e-01  0.00000e+00
 -10306.81  6337.1875  4.10674e-01  3.90523e-01  4.10674e-01  0.00000e+00
 -10278.26  6337.8125  4.37220e-01  4.67409e-01  4.37220e-01  0.00000e+00
 -10249.71  6338.4375  4.33890e-01  4.37102e-01  4.33890e-01  0.00000e+00
 -10221.16  6339.0625  4.12697e-01  4.08224e-01  4.12697e-01  0.00000e+00
 -10192.60  6339.6875  4.16392e-01  3.77309e-01  4.16392e-01  0.00000e+00
 -10164.05  6340.3125  4.42479e-01  4.97431e-01  4.42479e-01  0.00000e+00
 -10135.50  6340.9375  4.34065e-01  4.08184e-01  4.34065e-01  0.00000e+00
 -10106.95  6341.5625  4.16710e-01  4.36914e-01  4.16710e-01  0.00000e+00
 -10078.40  6342.1875  4.03414e-01  3.75739e-01  4.03414e-01  0.00000e+00
 -10049.85  6342.8125  4.19624e-01  4.10789e-01  4.19624e-01  0.00000e+00
 -10021.30  6343.4375  4.38307e-01  4.82242e-01  4.38307e-01  0.00000e+00
  -9992.75  6344.0625  4.27743e-01  3.89179e-01  4.27743e-01  0.00000e+00
  -9964.20  6344.6875  4.36104e-01  4.45836e-01  4.36104e-01  0.00000e+00
  -9935.65  6345.3125  4.52152e-01  4.56200e-01  4.52152e-01  0.00000e+00
  -9907.09  6345.9375  4.75576e-01  4.43719e-01  4.75576e-01  0.00000e+00
  -9878.54  6346.5625  5.03942e-01  5.63113e-01  5.03942e-01  0.00000e+00
  -9849.99  6347.1875  4.92122e-01  4.57931e-01  4.92122e-01  0.00000e+00
  -9821.44  6347.8125  4.70070e-01  5.05467e-01  4.70070e-01  0.00000e+00
  -9792.89  6348.4375  4.31306e-01  4.13903e-01  4.31306e-01  0.00000e+00
  -9764.34  6349.0625  4.14665e-01  3.80496e-01  4.14665e-01  0.00000e+00
  -9735.79  6349.6875  4.26323e-01  4.72750e-01  4.26323e-01  0.00000e+00
  -9707.24  6350.3125  4.22566e-01  3.78539e-01  4.22566e-01  0.00000e+00
  -9678.69  6350.9375  4.25047e-01  4.69385e-01  4.25047e-01  0.00000e+00
  -9650.13  6351.5625  4.19798e-01  3.75272e-01  4.19798e-01  0.00000e+00
  -9621.58  6352.1875  4.36327e-01  4.57307e-01  4.36327e-01  0.00000e+00
  -9593.03  6352.8125  4.55527e-01  4.44676e-01  4.55527e-01  0.00000e+00
  -9564.48  6353.4375  4.55764e-01  4.95232e-01  4.55764e-01  0.00000e+00
  -9535.93  6354.0625  4.39645e-01  3.88400e-01  4.39645e-01  0.00000e+00
  -9507.38  6354.6875  4.56976e-01  4.75261e-01  4.56976e-01  0.00000e+00
  -9478.83  6355.3125  4.72796e-01  4.83504e-01  4.72796e-01  0.00000e+00
  -9450.28  6355.9375  4.58846e-01  4.69953e-01  4.58846e-01  0.00000e+00
  -9421.73  6356.5625  4.36349e-01  4.15425e-01  4.36349e-01  0.00000e+00
  -9393.18  6357.1875  4.45841e-01  4.24838e-01  4.45841e-01  0.00000e+00
  -9364.62  6357.8125  4.65187e-01  5.15923e-01  4.65187e-01  0.00000e+00
  -9336.07  6358.4375  4.38894e-01  4.27522e-01  4.38894e-01  0.00000e+00
  -9307.52  6359.0625  4.25078e-01  3.75959e-01  4.25078e-01  0.00000e+00
  -9278.97  6359.6875  4.42392e-01  5.11054e-01  4.42392e-01  0.00000e+00
  -9250.42  6360.3125  4.33647e-01  3.73741e-01  4.33647e-01  0.00000e+00
  -9221.87  6360.9375  4.46135e-01  4.77503e-01  4.46135e-01  0.00000e+00
  -9193.32  6361.5625  4.58784e-01  4.45782e-01  4.58784e-01  0.00000e+00
  -9164.77  6362.1875  4.70584e-01  4.70225e-01  4.70584e-01  0.00000e+00
  -9136.22  6362.8125  4.66139e-01  5.07972e-01  4.66139e-01  0.00000e+00
  -9107.67  6363.4375  4.40837e-01  3.82912e-01  4.40837e-01  0.00000e+00
  -9079.11  6364.0625  4.48001e-01  4.77983e-01  4.48001e-01  0.00000e+00
  -9050.56  6364.6875  4.32095e-01  4.64746e-01  4.32095e-01  0.00000e+00
  -9022.01  6365.3125  4.08336e-01  3.19958e-01  4.08336e-01  0.00000e+00
  -8993.46  6365.9375  4.50245e-01  5.01915e-01  4.50245e-01  0.00000e+00
  -8964.91  6366.5625  4.76594e-01  4.76437e-01  4.76594e-01  0.00000e+00
  -8936.36  6367.1875  4.83096e-01  4.66258e-01  4.83096e-01  0.00000e+00
  -8907.81  6367.8125  4.79484e-01  5.32938e-01  4.79484e-01  0.00000e+00
  -8879.26  6368.4375  4.45237e-01  3.95133e-01  4.45237e-01  3.18297e-08
  -8850.71  6369.0625  4.45183e-01  4.46386e-01  4.45180e-01  3.05735e-06
  -8822.15  6369.6875  4.67596e-01  4.72706e-01  4.67516e-01  7.96941e-05
  -8793.60  6370.3125  4.60434e-01  5.02381e-01  4.59871e-01  5.63734e-04
  -8765.05  6370.9375  4.27360e-01  3.73432e-01  4.26278e-01  1.08216e-03
  -8736.50  6371.5625  4.46783e-01  4.32729e-01  4.46219e-01  5.63734e-04
  -8707.95  6372.1875  4.72692e-01  5.45929e-01  4.72612e-01  7.96941e-05
  -8679.40  6372.8125  4.29073e-01  4.01834e-01  4.29070e-01  3.05735e-06
  -8650.85  6373.4375  4.00872e-01  3.61030e-01  4.00872e-01  3.18297e-08
  -8622.30  6374.0625  4.22786e-01  4.52372e-01  4.22786e-01  0.00000e+00
  -8593.75  6374.6875  4.43111e-01  4.21391e-01  4.43111e-01  0.00000e+00
  -8565.20  6375.3125  4.64236e-01  4.81581e-01  4.64236e-01  0.00000e+00
  -8536.64  6375.9375  4.60001e-01  4.85880e-01  4.60001e-01  0.00000e+00
  -8508.09  6376.5625  4.37278e-01  3.94912e-01  4.37278e-01  0.00000e+00
  -8479.54  6377.1875  4.53187e-01  4.53294e-01  4.53187e-01  0.00000e+00
  -8450.99  6377.8125  4.66669e-01  5.12830e-01  4.66669e-01  0.00000e+00
  -8422.44  6378.4375  4.35410e-01  4.10015e-01  4.35410e-01  0.00000e+00
  -8393.89  6379.0625  4.12049e-01  4.08502e-01  4.12049e-01  0.00000e+00
  -8365.34  6379.6875  4.06872e-01  4.07898e-01  4.06872e-01  0.00000e+00
  -8336.79  6380.3125  4.08576e-01  4.01820e-01  4.08576e-01  0.00000e+00
  -8308.24  6380.9375  4.36849e-01  4.05452e-01  4.36849e-01  0.00000e+00
  -8279.69  6381.5625  4.91126e-01  5.22291e-01  4.91126e-01  0.00000e+00
  -8251.13  6382.1875  5.04697e-01  5.36133e-01  5.04696e-01  3.37887e-08
  -8222.58  6382.8125  4.70744e-01  4.49793e-01  4.70741e-01  3.24552e-06
  -8194.03  6383.4375  4.42997e-01  4.49284e-01  4.42913e-01  8.45989e-05
  -8165.48  6384.0625  4.53939e-01  3.91395e-01  4.53341e-01  5.98429e-04
  -8136.93  6384.6875  4.95675e-01  5.77601e-01  4.94526e-01  1.14876e-03
  -8108.38  6385.3125  4.70148e-01  4.64844e-01  4.69550e-01  5.98429e-04
  -8079.83  6385.9375  4.23436e-01  3.89341e-01  4.23351e-01  8.45989e-05
  -8051.28  6386.5625  4.01977e-01  4.38459e-01  4.01974e-01  3.24552e-06
  -8022.73  6387.1875  3.79139e-01  3.35255e-01  3.79138e-01  6.69856e-08
  -7994.17  6387.8125  3.87736e-01  3.98257e-01  3.87733e-01  3.18867e-06
  -7965.62  6388.4375  4.12080e-01  4.03904e-01  4.11997e-01  8.31171e-05
  -7937.07  6389.0625  4.31142e-01  4.49074e-01  4.30554e-01  5.87948e-04
  -7908.52  6389.6875  4.26674e-01  4.36322e-01  4.25545e-01  1.12864e-03
  -7879.97  6390.3125  4.29677e-01  3.77340e-01  4.29089e-01  5.87948e-04
  -7851.42  6390.9375  4.78696e-01  5.05970e-01  4.78613e-01  8.31171e-05
  -7822.87  6391.5625  5.07177e-01  5.33192e-01  5.07174e-01  3.18867e-06
  -7794.32  6392.1875  4.91877e-01  4.84207e-01  4.91877e-01  3.31969e-08
  -7765.77  6392.8125  4.86268e-01  4.55829e-01  4.86268e-01  0.00000e+00
  -7737.22  6393.4375  4.86203e-01  5.52642e-01  4.86203e-01  0.00000e+00
  -7708.66  6394.0625  4.42037e-01  3.99929e-01  4.42037e-01  0.00000e+00
  -7680.11  6394.6875  4.19709e-01  4.11461e-01  4.19709e-01  0.00000e+00
  -7651.56  6395.3125  4.31383e-01  4.32016e-01  4.31383e-01  0.00000e+00
  -7623.01  6395.9375  4.47495e-01  4.48190e-01  4.47495e-01  0.00000e+00
  -7594.46  6396.5625  4.51818e-01  4.72632e-01  4.51818e-01  0.00000e+00
  -7565.91  6397.1875  4.60086e-01  4.03219e-01  4.60086e-01  0.00000e+00
  -7537.36  6397.8125  4.91402e-01  5.60203e-01  4.91402e-01  0.00000e+00
  -7508.81  6398.4375  4.89702e-01  4.45765e-01  4.89702e-01  0.00000e+00
  -7480.26  6399.0625  4.78263e-01  5.27335e-01  4.78263e-01  0.00000e+00
  -7451.71  6399.6875  4.49205e-01  4.10330e-01  4.49205e-01  0.00000e+00
  -7423.15  6400.3125  4.43165e-01  4.43966e-01  4.43165e-01  0.00000e+00
  -7394.60  6400.9375  4.53450e-01  4.60265e-01  4.53450e-01  3.36123e-08
  -7366.05  6401.5625  4.48862e-01  4.60034e-01  4.48859e-01  3.22857e-06
  -7337.50  6402.1875  4.27081e-01  4.23627e-01  4.26997e-01  8.41571e-05
  -7308.95  6402.8125  4.02049e-01  4.04460e-01  4.01453e-01  5.95338e-04
  -7280.40  6403.4375  3.87864e-01  3.68429e-01  3.86718e-01  1.14595e-03
  -7251.85  6404.0625  4.06720e-01  3.91805e-01  4.06042e-01  6.78376e-04
  -7223.30  6404.6875  4.46035e-01  4.64860e-01  4.45361e-01  6.74709e-04
  -7194.75  6405.3125  4.69747e-01  4.66330e-01  4.68534e-01  1.21321e-03
  -7166.19  6405.9375  4.50500e-01  5.14597e-01  4.49330e-01  1.17036e-03
  -7137.64  6406.5625  3.90633e-01  3.18254e-01  3.89431e-01  1.20216e-03
  -7109.09  6407.1875  3.81050e-01  3.93691e-01  3.80454e-01  5.95772e-04
  -7080.54  6407.8125  3.96222e-01  3.95431e-01  3.95883e-01  3.38691e-04
  -7051.99  6408.4375  3.98259e-01  4.15982e-01  3.96319e-01  1.94035e-03
  -7023.44  6409.0625  4.08406e-01  3.54998e-01  4.03748e-01  4.65817e-03
  -6994.89  6409.6875  4.66346e-01  4.85556e-01  4.61644e-01  4.70210e-03
  -6966.34  6410.3125  5.08650e-01  5.44593e-01  5.05419e-01  3.23134e-03
  -6937.79  6410.9375  4.94820e-01  4.93401e-01  4.92161e-01  2.65905e-03
  -6909.24  6411.5625  4.76112e-01  4.49530e-01  4.73031e-01  3.08155e-03
  -6880.68  6412.1875  4.87258e-01  4.96992e-01  4.83639e-01  3.61911e-03
  -6852.13  6412.8125  5.07742e-01  4.95074e-01  5.04677e-01  3.06536e-03
  -6823.58  6413.4375  5.13749e-01  5.59949e-01  5.11271e-01  2.47825e-03
  -6795.03  6414.0625  4.95824e-01  4.44478e-01  4.93836e-01  1.98772e-03
  -6766.48  6414.6875  5.06308e-01  5.27807e-01  5.04290e-01  2.01786e-03
  -6737.93  6415.3125  5.24325e-01  5.11293e-01  5.20749e-01  3.57632e-03
  -6709.38  6415.9375  5.25697e-01  5.64614e-01  5.21467e-01  4.23031e-03
  -6680.83  6416.5625  4.99492e-01  4.71800e-01  4.95102e-01  4.39006e-03
  -6652.28  6417.1875  4.95884e-01  4.81267e-01  4.90564e-01  5.32004e-03
  -6623.73  6417.8125  5.24024e-01  5.28448e-01  5.19863e-01  4.16120e-03
  -6595.17  6418.4375  5.42034e-01  5.63207e-01  5.40040e-01  1.99361e-03
  -6566.62  6419.0625  5.10275e-01  5.44747e-01  5.08901e-01  1.37404e-03
  -6538.07  6419.6875  4.53242e-01  3.98913e-01  4.51985e-01  1.25652e-03
  -6509.52  6420.3125  4.56650e-01  4.37101e-01  4.54780e-01  1.86978e-03
  -6480.97  6420.9375  4.77519e-01  5.47091e-01  4.75132e-01  2.38730e-03
  -6452.42  6421.5625  4.49217e-01  3.98613e-01  4.46644e-01  2.57280e-03
  -6423.87  6422.1875  4.33980e-01  4.55179e-01  4.30963e-01  3.01655e-03
  -6395.32  6422.8125  4.22550e-01  4.17887e-01  4.19187e-01  3.36368e-03
  -6366.77  6423.4375  4.20714e-01  3.95818e-01  4.16369e-01  4.34504e-03
  -6338.21  6424.0625  4.41513e-01  4.62220e-01  4.34903e-01  6.61038e-03
  -6309.66  6424.6875  4.50371e-01  4.50755e-01  4.45220e-01  5.15107e-03
  -6281.11  6425.3125  4.58217e-01  4.39329e-01  4.52897e-01  5.32006e-03
  -6252.56  6425.9375  4.84239e-01  4.92395e-01  4.76219e-01  8.02052e-03
  -6224.01  6426.5625  4.91695e-01  5.24882e-01  4.85304e-01  6.39098e-03
  -6195.46  6427.1875  4.67914e-01  4.38759e-01  4.65028e-01  2.88605e-03
  -6166.91  6427.8125  4.58086e-01  4.66115e-01  4.55432e-01  2.65449e-03
  -6138.36  6428.4375  4.61079e-01  4.49960e-01  4.57301e-01  3.77807e-03
  -6109.81  6429.0625  4.75100e-01  4.73073e-01  4.70287e-01  4.81241e-03
  -6081.26  6429.6875  4.77376e-01  5.12804e-01  4.71524e-01  5.85168e-03
  -6052.70  6430.3125  4.45588e-01  4.26256e-01  4.41996e-01  3.59218e-03
  -6024.15  6430.9375  4.17768e-01  4.19604e-01  4.16663e-01  1.10495e-03
  -5995.60  6431.5625  4.10592e-01  3.89038e-01  4.09290e-01  1.30214e-03
  -5967.05  6432.1875  4.24946e-01  4.39010e-01  4.22399e-01  2.54629e-03
  -5938.50  6432.8125  4.57168e-01  4.12196e-01  4.54142e-01  3.02610e-03
  -5909.95  6433.4375  4.80116e-01  5.86166e-01  4.75769e-01  4.34694e-03
  -5881.40  6434.0625  4.38921e-01  3.52963e-01  4.34034e-01  4.88705e-03
  -5852.85  6434.6875  4.23962e-01  4.68351e-01  4.17749e-01  6.21337e-03
  -5824.30  6435.3125  4.21854e-01  3.82606e-01  4.15151e-01  6.70344e-03
  -5795.75  6435.9375  4.38994e-01  4.52292e-01  4.33340e-01  5.65387e-03
  -5767.19  6436.5625  4.40350e-01  4.74772e-01  4.35237e-01  5.11292e-03
  -5738.64  6437.1875  4.05150e-01  3.80980e-01  3.99515e-01  5.63563e-03
  -5710.09  6437.8125  4.02633e-01  3.63158e-01  3.96053e-01  6.57934e-03
  -5681.54  6438.4375  4.27750e-01  4.92432e-01  4.21613e-01  6.13722e-03
  -5652.99  6439.0625  4.04444e-01  3.84207e-01  3.99137e-01  5.30679e-03
  -5624.44  6439.6875  3.85078e-01  3.59867e-01  3.77753e-01  7.32489e-03
  -5595.89  6440.3125  4.03844e-01  4.13638e-01  3.94888e-01  8.95616e-03
  -5567.34  6440.9375  4.29356e-01  4.21721e-01  4.21671e-01  7.68485e-03
  -5538.79  6441.5625  4.42952e-01  4.71059e-01  4.34553e-01  8.39962e-03
  -5510.24  6442.1875  4.26243e-01  4.21693e-01  4.15334e-01  1.09097e-02
  -5481.68  6442.8125  4.03941e-01  3.96621e-01  3.92315e-01  1.16259e-02
  -5453.13  6443.4375  4.05417e-01  3.84984e-01  3.93970e-01  1.14476e-02
  -5424.58  6444.0625  4.33964e-01  4.41580e-01  4.19868e-01  1.40964e-02
  -5396.03  6444.6875  4.58906e-01  4.67753e-01  4.42169e-01  1.67370e-02
  -5367.48  6445.3125  4.56857e-01  4.76608e-01  4.41764e-01  1.50928e-02
  -5338.93  6445.9375  4.38842e-01  4.13307e-01  4.24122e-01  1.47205e-02
  -5310.38  6446.5625  4.51752e-01  4.35680e-01  4.38921e-01  1.28308e-02
  -5281.83  6447.1875  4.86467e-01  5.09011e-01  4.71635e-01  1.48320e-02
  -5253.28  6447.8125  4.86471e-01  5.12084e-01  4.69727e-01  1.67442e-02
  -5224.72  6448.4375  4.44935e-01  4.35317e-01  4.29240e-01  1.56954e-02
  -5196.17  6449.0625  4.02300e-01  3.99604e-01  3.87464e-01  1.48358e-02
  -5167.62  6449.6875  3.81068e-01  3.59434e-01  3.64617e-01  1.64512e-02
  -5139.07  6450.3125  3.84753e-01  3.95523e-01  3.63322e-01  2.14306e-02
  -5110.52  6450.9375  3.97463e-01  3.80209e-01  3.74388e-01  2.30758e-02
  -5081.97  6451.5625  4.23463e-01  4.30521e-01  4.04635e-01  1.88287e-02
  -5053.42  6452.1875  4.55194e-01  4.45314e-01  4.41686e-01  1.35081e-02
  -5024.87  6452.8125  4.78513e-01  5.07567e-01  4.68308e-01  1.02052e-02
  -4996.32  6453.4375  4.64836e-01  4.72156e-01  4.54421e-01  1.04151e-02
  -4967.77  6454.0625  4.32563e-01  4.17881e-01  4.20323e-01  1.22398e-02
  -4939.21  6454.6875  4.09072e-01  4.20035e-01  3.94335e-01  1.47366e-02
  -4910.66  6455.3125  4.01130e-01  3.64465e-01  3.82986e-01  1.81441e-02
  -4882.11  6455.9375  4.21236e-01  4.45809e-01  4.00541e-01  2.06953e-02
  -4853.56  6456.5625  4.34581e-01  4.28263e-01  4.11402e-01  2.31791e-02
  -4825.01  6457.1875  4.48374e-01  4.38346e-01  4.26868e-01  2.15067e-02
  -4796.46  6457.8125  4.72861e-01  4.83095e-01  4.55387e-01  1.74740e-02
  -4767.91  6458.4375  4.99837e-01  4.83164e-01  4.85461e-01  1.43763e-02
  -4739.36  6459.0625  5.35421e-01  5.46880e-01  5.20304e-01  1.51166e-02
  -4710.81  6459.6875  5.51342e-01  5.75169e-01  5.32101e-01  1.92416e-02
  -4682.26  6460.3125  5.35174e-01  5.25072e-01  5.12899e-01  2.22746e-02
  -4653.70  6460.9375  5.14766e-01  5.17714e-01  4.92019e-01  2.27473e-02
  -4625.15  6461.5625  4.80469e-01  5.09188e-01  4.57909e-01  2.25601e-02
  -4596.60  6462.1875  4.46507e-01  3.81067e-01  4.18830e-01  2.76767e-02
  -4568.05  6462.8125  4.85973e-01  4.77542e-01  4.32628e-01  5.33448e-02
  -4539.50  6463.4375  5.46918e-01  5.93718e-01  4.58323e-01  8.85957e-02
  -4510.95  6464.0625  5.50815e-01  5.54832e-01  4.31896e-01  1.18919e-01
  -4482.40  6464.6875  5.30038e-01  5.13935e-01  3.80918e-01  1.49120e-01
  -4453.85  6465.3125  5.14119e-01  5.36805e-01  3.34168e-01  1.79951e-01
  -4425.30  6465.9375  4.94318e-01  4.64246e-01  2.93562e-01  2.00755e-01
  -4396.74  6466.5625  4.74868e-01  5.21081e-01  2.79202e-01  1.95666e-01
  -4368.19  6467.1875  4.41353e-01  3.93085e-01  2.63945e-01  1.77408e-01
  -4339.64  6467.8125  4.59353e-01  4.34665e-01  2.73257e-01  1.86096e-01
  -4311.09  6468.4375  5.16929e-01  5.48494e-01  2.80232e-01  2.36698e-01
  -4282.54  6469.0625  5.14158e-01  5.73031e-01  2.51722e-01  2.62436e-01
  -4253.99  6469.6875  4.34853e-01  4.03985e-01  1.81760e-01  2.53094e-01
  -4225.44  6470.3125  3.92787e-01  3.37932e-01  1.36027e-01  2.56760e-01
  -4196.89  6470.9375  4.28860e-01  4.46339e-01  1.39175e-01  2.89685e-01
  -4168.34  6471.5625  4.52361e-01  4.93161e-01  1.36020e-01  3.16341e-01
  -4139.79  6472.1875  4.28270e-01  3.98576e-01  1.27470e-01  3.00800e-01
  -4111.23  6472.8125  3.84405e-01  4.46102e-01  1.30226e-01  2.54179e-01
  -4082.68  6473.4375  3.35342e-01  2.32361e-01  1.15461e-01  2.19882e-01
  -4054.13  6474.0625  3.53028e-01  4.12999e-01  1.10211e-01  2.42817e-01
  -4025.58  6474.6875  3.85335e-01  3.25675e-01  1.14855e-01  2.70480e-01
  -3997.03  6475.3125  4.30738e-01  4.88361e-01  1.36608e-01  2.94130e-01
  -3968.48  6475.9375  4.53849e-01  4.16488e-01  1.46318e-01  3.07531e-01
  -3939.93  6476.5625  4.58970e-01  5.19456e-01  1.54400e-01  3.04570e-01
  -3911.38  6477.1875  4.32886e-01  3.82696e-01  1.48246e-01  2.84639e-01
  -3882.83  6477.8125  4.08688e-01  4.57809e-01  1.27093e-01  2.81595e-01
  -3854.28  6478.4375  3.53062e-01  3.47003e-01  9.27786e-02  2.60284e-01
  -3825.72  6479.0625  3.13723e-01  2.52232e-01  6.88485e-02  2.44875e-01
  -3797.17  6479.6875  3.38192e-01  3.71448e-01  7.93099e-02  2.58882e-01
  -3768.62  6480.3125  3.53996e-01  3.56731e-01  7.93367e-02  2.74660e-01
  -3740.07  6480.9375  3.43500e-01  3.50814e-01  6.85273e-02  2.74972e-01
  -3711.52  6481.5625  3.19081e-01  3.20179e-01  5.60727e-02  2.63008e-01
  -3682.97  6482.1875  2.81111e-01  2.96640e-01  3.88633e-02  2.42247e-01
  -3654.42  6482.8125  2.52466e-01  1.99627e-01  2.49699e-02  2.27496e-01
  -3625.87  6483.4375  2.63688e-01  2.98374e-01  2.54333e-02  2.38255e-01
  -3597.32  6484.0625  2.59304e-01  2.62528e-01  3.35655e-02  2.25739e-01
  -3568.76  6484.6875  2.47418e-01  2.17732e-01  5.72919e-02  1.90126e-01
  -3540.21  6485.3125  2.39768e-01  2.95422e-01  8.30502e-02  1.56717e-01
  -3511.66  6485.9375  2.05400e-01  1.56603e-01  6.02112e-02  1.45189e-01
  -3483.11  6486.5625  2.02214e-01  2.03647e-01  4.67002e-02  1.55514e-01
  -3454.56  6487.1875  2.21065e-01  2.28341e-01  5.09086e-02  1.70156e-01
  -3426.01  6487.8125  2.42116e-01  2.23500e-01  4.36565e-02  1.98460e-01
  -3397.46  6488.4375  2.77317e-01  2.85927e-01  4.45284e-02  2.32789e-01
  -3368.91  6489.0625  2.95373e-01  3.23068e-01  6.16809e-02  2.33693e-01
  -3340.36  6489.6875  2.75318e-01  2.70993e-01  6.19443e-02  2.13374e-01
  -3311.81  6490.3125  2.59213e-01  2.33582e-01  4.28098e-02  2.16403e-01
  -3283.25  6490.9375  2.73762e-01  2.82114e-01  3.95900e-02  2.34172e-01
  -3254.70  6491.5625  2.90316e-01  2.96065e-01  4.98952e-02  2.40421e-01
  -3226.15  6492.1875  3.07898e-01  2.83862e-01  6.38015e-02  2.44096e-01
  -3197.60  6492.8125  3.24678e-01  3.73699e-01  8.74783e-02  2.37199e-01
  -3169.05  6493.4375  3.04670e-01  2.82354e-01  7.82673e-02  2.26402e-01
  -3140.50  6494.0625  2.95781e-01  2.76914e-01  6.51108e-02  2.30670e-01
  -3111.95  6494.6875  3.02423e-01  3.38142e-01  6.36119e-02  2.38811e-01
  -3083.40  6495.3125  2.77793e-01  2.72427e-01  4.12715e-02  2.36522e-01
  -3054.85  6495.9375  2.55892e-01  2.28574e-01  2.79554e-02  2.27937e-01
  -3026.30  6496.5625  2.72850e-01  2.71027e-01  3.49859e-02  2.37864e-01
  -2997.74  6497.1875  2.95419e-01  3.18698e-01  3.22312e-02  2.63188e-01
  -2969.19  6497.8125  2.96576e-01  2.83058e-01  2.84136e-02  2.68162e-01
  -2940.64  6498.4375  2.93078e-01  3.07917e-01  4.28389e-02  2.50239e-01
  -2912.09  6499.0625  2.84575e-01  2.71926e-01  4.21083e-02  2.42466e-01
  -2883.54  6499.6875  2.78611e-01  2.88407e-01  2.74748e-02  2.51137e-01
  -2854.99  6500.3125  2.70466e-01  2.65423e-01  1.50436e-02  2.55423e-01
  -2826.44  6500.9375  2.76199e-01  2.55356e-01  1.15852e-02  2.64614e-01
  -2797.89  6501.5625  3.11707e-01  3.12426e-01  1.83832e-02  2.93323e-01
  -2769.34  6502.1875  3.53387e-01  3.63089e-01  2.47935e-02  3.28593e-01
  -2740.78  6502.8125  3.84277e-01  3.79964e-01  3.25518e-02  3.51725e-01
  -2712.23  6503.4375  4.00812e-01  4.23134e-01  3.70467e-02  3.63765e-01
  -2683.68  6504.0625  3.81330e-01  3.97507e-01  4.26736e-02  3.38656e-01
  -2655.13  6504.6875  3.49683e-01  3.11041e-01  3.70636e-02  3.12619e-01
  -2626.58  6505.3125  3.46825e-01  3.66765e-01  2.65628e-02  3.20262e-01
  -2598.03  6505.9375  3.41133e-01  3.42376e-01  2.96666e-02  3.11467e-01
  -2569.48  6506.5625  3.49994e-01  3.03720e-01  3.91766e-02  3.10818e-01
  -2540.93  6507.1875  3.99005e-01  4.31885e-01  4.34531e-02  3.55552e-01
  -2512.38  6507.8125  4.26672e-01  4.34351e-01  3.31161e-02  3.93556e-01
  -2483.83  6508.4375  4.12149e-01  4.36613e-01  2.12426e-02  3.90907e-01
  -2455.27  6509.0625  3.84099e-01  3.42438e-01  2.89839e-02  3.55115e-01
  -2426.72  6509.6875  3.91227e-01  4.00694e-01  4.21514e-02  3.49076e-01
  -2398.17  6510.3125  4.14353e-01  4.06189e-01  4.46220e-02  3.69731e-01
  -2369.62  6510.9375  4.29146e-01  4.54109e-01  4.27075e-02  3.86439e-01
  -2341.07  6511.5625  4.21561e-01  4.12028e-01  2.99973e-02  3.91564e-01
  -2312.52  6512.1875  4.20905e-01  4.04246e-01  2.47423e-02  3.96163e-01
  -2283.97  6512.8125  4.29957e-01  4.60392e-01  2.35212e-02  4.06436e-01
  -2255.42  6513.4375  4.25743e-01  3.96825e-01  2.17877e-02  4.03955e-01
  -2226.87  6514.0625  4.30949e-01  4.50271e-01  2.95584e-02  4.01391e-01
  -2198.32  6514.6875  4.35515e-01  4.20770e-01  3.47265e-02  4.00789e-01
  -2169.76  6515.3125  4.44345e-01  4.53106e-01  2.83502e-02  4.15995e-01
  -2141.21  6515.9375  4.60688e-01  4.42159e-01  3.06771e-02  4.30011e-01
  -2112.66  6516.5625  4.91967e-01  5.00526e-01  3.53016e-02  4.56665e-01
  -2084.11  6517.1875  5.28805e-01  5.20622e-01  2.66870e-02  5.02118e-01
  -2055.56  6517.8125  5.90707e-01  5.58499e-01  1.98807e-02  5.70826e-01
  -2027.01  6518.4375  6.82866e-01  7.10280e-01  2.61992e-02  6.56667e-01
  -1998.46  6519.0625  7.43103e-01  7.67341e-01  2.68618e-02  7.16241e-01
  -1969.91  6519.6875  7.50841e-01  7.61102e-01  2.93258e-02  7.21515e-01
  -1941.36  6520.3125  7.60202e-01  7.08397e-01  3.69106e-02  7.23291e-01
  -1912.80  6520.9375  8.20849e-01  8.37146e-01  4.79986e-02  7.72850e-01
  -1884.25  6521.5625  8.70582e-01  9.03538e-01  3.40470e-02  8.36535e-01
  -1855.70  6522.1875  8.63763e-01  8.72070e-01  2.28950e-02  8.40868e-01
  -1827.15  6522.8125  8.39010e-01  8.16952e-01  2.64784e-02  8.12532e-01
  -1798.60  6523.4375  8.44827e-01  8.32581e-01  4.63714e-02  7.98456e-01
  -1770.05  6524.0625  8.72315e-01  8.83034e-01  6.66000e-02  8.05715e-01
  -1741.50  6524.6875  8.71966e-01  9.10520e-01  6.54769e-02  8.06489e-01
  -1712.95  6525.3125  8.46559e-01  7.93132e-01  5.76275e-02  7.88932e-01
  -1684.40  6525.9375  8.68885e-01  8.66704e-01  5.68395e-02  8.12045e-01
  -1655.85  6526.5625  9.03099e-01  9.39304e-01  6.24636e-02  8.40635e-01
  -1627.29  6527.1875  8.90505e-01  8.95447e-01  5.89958e-02  8.31510e-01
  -1598.74  6527.8125  8.74385e-01  8.32210e-01  5.08790e-02  8.23506e-01
  -1570.19  6528.4375  9.00531e-01  9.16441e-01  5.16668e-02  8.48864e-01
  -1541.64  6529.0625  9.26921e-01  9.33613e-01  5.62253e-02  8.70696e-01
  -1513.09  6529.6875  9.37404e-01  9.35764e-01  5.75740e-02  8.79830e-01
  -1484.54  6530.3125  9.50920e-01  9.41435e-01  7.04969e-02  8.80423e-01
  -1455.99  6530.9375  9.76919e-01  9.81108e-01  8.75497e-02  8.89369e-01
  -1427.44  6531.5625  1.02706e+00  9.83992e-01  1.10608e-01  9.16454e-01
  -1398.89  6532.1875  1.09048e+00  1.15953e+00  1.47273e-01  9.43208e-01
  -1370.34  6532.8125  1.09065e+00  1.08897e+00  1.35586e-01  9.55066e-01
  -1341.78  6533.4375  1.08810e+00  1.02898e+00  1.01288e-01  9.86817e-01
  -1313.23  6534.0625  1.15819e+00  1.16738e+00  1.07512e-01  1.05067e+00
  -1284.68  6534.6875  1.26756e+00  1.24519e+00  1.15319e-01  1.15224e+00
  -1256.13  6535.3125  1.43241e+00  1.37948e+00  1.09439e-01  1.32297e+00
  -1227.58  6535.9375  1.62649e+00  1.71535e+00  1.06006e-01  1.52049e+00
  -1199.03  6536.5625  1.72434e+00  1.74290e+00  9.63796e-02  1.62796e+00
  -1170.48  6537.1875  1.76012e+00  1.73569e+00  8.94692e-02  1.67065e+00
  -1141.93  6537.8125  1.81510e+00  1.81229e+00  1.05315e-01  1.70979e+00
  -1113.38  6538.4375  1.87084e+00  1.89892e+00  1.17880e-01  1.75296e+00
  -1084.83  6539.0625  1.88583e+00  1.89657e+00  1.10137e-01  1.77569e+00
  -1056.27  6539.6875  1.88463e+00  1.86082e+00  1.20244e-01  1.76438e+00
  -1027.72  6540.3125  1.91965e+00  1.89927e+00  1.34330e-01  1.78532e+00
   -999.17  6540.9375  1.98360e+00  2.00203e+00  1.36330e-01  1.84727e+00
   -970.62  6541.5625  2.01437e+00  2.05166e+00  1.36005e-01  1.87836e+00
   -942.07  6542.1875  2.00149e+00  1.97383e+00  1.38177e-01  1.86331e+00
   -913.52  6542.8125  1.99883e+00  2.00281e+00  1.45639e-01  1.85319e+00
   -884.97  6543.4375  1.99329e+00  2.01936e+00  1.53335e-01  1.83996e+00
   -856.42  6544.0625  1.99435e+00  1.91901e+00  1.52823e-01  1.84152e+00
   -827.87  6544.6875  2.03040e+00  2.11534e+00  1.41241e-01  1.88916e+00
   -799.31  6545.3125  2.03448e+00  1.97357e+00  1.44791e-01  1.88969e+00
   -770.76  6545.9375  2.06358e+00  2.07624e+00  1.92693e-01  1.87089e+00
   -742.21  6546.5625  2.11685e+00  2.10403e+00  2.01752e-01  1.91510e+00
   -713.66  6547.1875  2.17475e+00  2.19136e+00  1.68315e-01  2.00644e+00
   -685.11  6547.8125  2.27770e+00  2.17989e+00  1.73718e-01  2.10398e+00
   -656.56  6548.4375  2.50586e+00  2.49315e+00  1.92016e-01  2.31385e+00
   -628.01  6549.0625  2.75146e+00  2.85209e+00  1.82661e-01  2.56880e+00
   -599.46  6549.6875  2.91955e+00  2.83979e+00  2.05750e-01  2.71380e+00
   -570.91  6550.3125  3.08478e+00  3.16357e+00  2.81481e-01  2.80330e+00
   -542.36  6550.9375  3.17582e+00  3.19790e+00  3.29417e-01  2.84640e+00
   -513.80  6551.5625  3.17713e+00  3.20153e+00  3.32478e-01  2.84465e+00
   -485.25  6552.1875  3.12696e+00  3.13536e+00  2.72827e-01  2.85413e+00
   -456.70  6552.8125  3.09261e+00  3.02178e+00  2.46026e-01  2.84658e+00
   -428.15  6553.4375  3.13574e+00  3.15433e+00  2.69374e-01  2.86636e+00
   -399.60  6554.0625  3.20660e+00  3.19647e+00  2.83718e-01  2.92288e+00
   -371.05  6554.6875  3.34257e+00  3.23686e+00  3.11564e-01  3.03101e+00
   -342.50  6555.3125  3.56561e+00  3.66895e+00  3.60514e-01  3.20510e+00
   -313.95  6555.9375  3.77717e+00  3.67541e+00  3.98704e-01  3.37846e+00
   -285.40  6556.5625  4.02792e+00  4.06014e+00  4.31188e-01  3.59673e+00
   -256.85  6557.1875  3.96576e+00  4.51129e+00  4.40310e-01  3.52545e+00
   -228.29  6557.8125  3.26196e+00  3.12666e+00  3.74907e-01  2.88705e+00
   -199.74  6558.4375  2.78834e+00  2.15545e+00  4.04364e-01  2.38397e+00
   -171.19  6559.0625  3.17381e+00  3.25001e+00  5.89979e-01  2.58383e+00
   -142.64  6559.6875  3.76381e+00  3.89718e+00  7.60142e-01  3.00366e+00
   -114.09  6560.3125  4.12549e+00  4.18014e+00  8.38310e-01  3.28718e+00
    -85.54  6560.9375  4.69459e+00  4.22964e+00  8.99280e-01  3.79531e+00
    -56.99  6561.5625  7.40122e+00  4.83236e+00  1.33819e+00  6.06303e+00
    -28.44  6562.1875  1.35561e+01  1.38636e+01  2.39306e+00  1.11631e+01
      0.11  6562.8125  1.94159e+01  2.17872e+01  3.43515e+00  1.59807e+01
     28.67  6563.4375  2.16168e+01  2.22447e+01  3.89478e+00  1.77220e+01
     57.22  6564.0625  2.13267e+01  2.16108e+01  3.94725e+00  1.73795e+01
     85.77  6564.6875  1.97061e+01  2.05155e+01  3.79469e+00  1.59114e+01
    114.32  6565.3125  1.67844e+01  1.68688e+01  3.09153e+00  1.36929e+01
    142.87  6565.9375  1.36005e+01  1.30327e+01  2.27139e+00  1.13291e+01
    171.42  6566.5625  1.12040e+01  1.10376e+01  1.88451e+00  9.31953e+00
    199.97  6567.1875  9.48604e+00  9.31325e+00  1.67109e+00  7.81495e+00
    228.52  6567.8125  8.25241e+00  8.02224e+00  1.44438e+00  6.80802e+00
    257.07  6568.4375  7.35255e+00  7.50065e+00  1.34696e+00  6.00559e+00
    285.62  6569.0625  6.54352e+00  6.30858e+00  1.27068e+00  5.27284e+00
    314.18  6569.6875  5.99062e+00  5.95303e+00  1.25502e+00  4.73560e+00
    342.73  6570.3125  5.65573e+00  5.59316e+00  1.24175e+00  4.41398e+00
    371.28  6570.9375  5.30888e+00  5.52639e+00  1.14451e+00  4.16437e+00
    399.83  6571.5625  4.82795e+00  4.64047e+00  9.96138e-01  3.83181e+00
    428.38  6572.1875  4.53687e+00  4.41936e+00  9.74507e-01  3.56237e+00
    456.93  6572.8125  4.46579e+00  4.52944e+00  1.03592e+00  3.42987e+00
    485.48  6573.4375  4.30542e+00  4.44767e+00  1.00459e+00  3.30083e+00
    514.03  6574.0625  3.99458e+00  3.86884e+00  9.03653e-01  3.09093e+00
    542.58  6574.6875  3.74527e+00  3.78307e+00  8.29744e-01  2.91553e+00
    571.13  6575.3125  3.60611e+00  3.45317e+00  8.29676e-01  2.77643e+00
    599.69  6575.9375  3.58036e+00  3.70255e+00  9.04634e-01  2.67573e+00
    628.24  6576.5625  3.51767e+00  3.45864e+00  9.18910e-01  2.59875e+00
    656.79  6577.1875  3.44645e+00  3.47604e+00  8.96647e-01  2.54980e+00
    685.34  6577.8125  3.36055e+00  3.37008e+00  8.83412e-01  2.47714e+00
    713.89  6578.4375  3.23116e+00  3.25759e+00  8.61098e-01  2.37006e+00
    742.44  6579.0625  3.07539e+00  3.04679e+00  8.26798e-01  2.24859e+00
    770.99  6579.6875  2.92373e+00  2.96127e+00  7.73463e-01  2.15027e+00
    799.54  6580.3125  2.82419e+00  2.67723e+00  7.42467e-01  2.08172e+00
    828.09  6580.9375  2.83859e+00  2.94170e+00  7.53925e-01  2.08467e+00
    856.65  6581.5625  2.83654e+00  2.77666e+00  7.45833e-01  2.09071e+00
    885.20  6582.1875  2.80433e+00  2.89424e+00  7.46915e-01  2.05741e+00
    913.75  6582.8125  2.72204e+00  2.65749e+00  7.20790e-01  2.00125e+00
    942.30  6583.4375  2.64420e+00  2.69706e+00  6.86854e-01  1.95735e+00
    970.85  6584.0625  2.58301e+00  2.49841e+00  6.83269e-01  1.89975e+00
    999.40  6584.6875  2.59920e+00  2.60791e+00  7.23066e-01  1.87613e+00
   1027.95  6585.3125  2.64164e+00  2.65914e+00  7.42224e-01  1.89941e+00
   1056.50  6585.9375  2.63946e+00  2.66997e+00  7.43319e-01  1.89614e+00
   1085.05  6586.5625  2.58289e+00  2.58953e+00  7.34862e-01  1.84803e+00
   1113.60  6587.1875  2.52634e+00  2.48049e+00  7.23651e-01  1.80269e+00
   1142.16  6587.8125  2.52228e+00  2.52439e+00  7.33075e-01  1.78920e+00
   1170.71  6588.4375  2.50511e+00  2.57365e+00  7.10785e-01  1.79433e+00
   1199.26  6589.0625  2.46215e+00  2.35200e+00  7.01679e-01  1.76047e+00
   1227.81  6589.6875  2.49180e+00  2.54053e+00  7.64319e-01  1.72749e+00
   1256.36  6590.3125  2.46811e+00  2.55933e+00  7.58544e-01  1.70957e+00
   1284.91  6590.9375  2.34721e+00  2.26777e+00  6.88183e-01  1.65902e+00
   1313.46  6591.5625  2.31341e+00  2.24777e+00  6.89148e-01  1.62426e+00
   1342.01  6592.1875  2.38700e+00  2.43228e+00  7.38042e-01  1.64895e+00
   1370.56  6592.8125  2.46592e+00  2.41929e+00  7.55854e-01  1.71007e+00
   1399.11  6593.4375  2.48864e+00  2.64379e+00  7.54755e-01  1.73388e+00
   1427.67  6594.0625  2.36061e+00  2.31607e+00  6.91402e-01  1.66921e+00
   1456.22  6594.6875  2.24597e+00  2.16682e+00  6.52240e-01  1.59373e+00
   1484.77  6595.3125  2.23308e+00  2.27827e+00  6.54794e-01  1.57828e+00
   1513.32  6595.9375  2.23433e+00  2.18989e+00  6.72546e-01  1.56179e+00
   1541.87  6596.5625  2.22965e+00  2.29824e+00  6.92240e-01  1.53741e+00
   1570.42  6597.1875  2.18647e+00  2.14251e+00  6.61471e-01  1.52500e+00
   1598.97  6597.8125  2.18266e+00  2.14907e+00  6.74898e-01  1.50776e+00
   1627.52  6598.4375  2.24998e+00  2.24302e+00  7.29955e-01  1.52002e+00
   1656.07  6599.0625  2.30351e+00  2.37646e+00  7.74184e-01  1.52933e+00
   1684.63  6599.6875  2.25647e+00  2.27450e+00  7.42529e-01  1.51394e+00
   1713.18  6600.3125  2.18489e+00  2.10970e+00  7.09400e-01  1.47549e+00
   1741.73  6600.9375  2.16673e+00  2.22488e+00  7.16756e-01  1.44997e+00
   1770.28  6601.5625  2.14830e+00  2.09632e+00  7.14155e-01  1.43414e+00
   1798.83  6602.1875  2.17384e+00  2.15871e+00  7.48520e-01  1.42532e+00
   1827.38  6602.8125  2.21379e+00  2.27047e+00  7.94452e-01  1.41934e+00
   1855.93  6603.4375  2.17381e+00  2.19993e+00  7.60514e-01  1.41330e+00
   1884.48  6604.0625  2.08301e+00  2.05836e+00  7.00183e-01  1.38282e+00
   1913.03  6604.6875  2.05557e+00  1.96876e+00  6.93681e-01  1.36189e+00
   1941.58  6605.3125  2.07997e+00  2.21385e+00  6.99310e-01  1.38066e+00
   1970.14  6605.9375  2.03265e+00  1.94329e+00  6.91783e-01  1.34086e+00
   1998.69  6606.5625  2.01109e+00  2.03513e+00  7.02591e-01  1.30850e+00
   2027.24  6607.1875  2.00142e+00  2.01247e+00  6.94355e-01  1.30707e+00
   2055.79  6607.8125  1.97873e+00  1.95340e+00  6.55478e-01  1.32325e+00
   2084.34  6608.4375  1.94879e+00  2.01013e+00  6.37057e-01  1.31173e+00
   2112.89  6609.0625  1.91486e+00  1.80417e+00  6.68022e-01  1.24684e+00
   2141.44  6609.6875  1.91744e+00  2.04587e+00  7.05661e-01  1.21177e+00
   2169.99  6610.3125  1.87394e+00  1.77650e+00  6.62605e-01  1.21134e+00
   2198.54  6610.9375  1.89541e+00  1.87178e+00  6.63577e-01  1.23183e+00
   2227.09  6611.5625  1.91623e+00  2.06764e+00  6.85538e-01  1.23069e+00
   2255.65  6612.1875  1.84078e+00  1.69174e+00  6.54122e-01  1.18666e+00
   2284.20  6612.8125  1.82650e+00  1.90159e+00  6.42623e-01  1.18388e+00
   2312.75  6613.4375  1.78741e+00  1.80860e+00  6.02146e-01  1.18526e+00
   2341.30  6614.0625  1.72790e+00  1.64550e+00  5.74300e-01  1.15360e+00
   2369.85  6614.6875  1.72986e+00  1.78361e+00  5.96533e-01  1.13333e+00
   2398.40  6615.3125  1.71069e+00  1.71357e+00  5.95095e-01  1.11560e+00
   2426.95  6615.9375  1.70319e+00  1.62231e+00  6.00813e-01  1.10238e+00
   2455.50  6616.5625  1.73480e+00  1.84465e+00  6.40582e-01  1.09421e+00
   2484.05  6617.1875  1.69660e+00  1.65119e+00  6.19993e-01  1.07660e+00
   2512.61  6617.8125  1.65936e+00  1.65289e+00  6.04522e-01  1.05484e+00
   2541.16  6618.4375  1.66006e+00  1.64852e+00  5.96687e-01  1.06338e+00
   2569.71  6619.0625  1.65376e+00  1.70066e+00  5.97732e-01  1.05603e+00
   2598.26  6619.6875  1.59888e+00  1.58698e+00  5.52413e-01  1.04647e+00
   2626.81  6620.3125  1.53128e+00  1.53554e+00  5.10317e-01  1.02096e+00
   2655.36  6620.9375  1.50081e+00  1.43815e+00  5.00685e-01  1.00012e+00
   2683.91  6621.5625  1.53361e+00  1.56255e+00  5.56977e-01  9.76635e-01
   2712.46  6622.1875  1.55423e+00  1.57440e+00  5.78801e-01  9.75430e-01
   2741.01  6622.8125  1.54584e+00  1.52211e+00  5.64579e-01  9.81258e-01
   2769.56  6623.4375  1.53910e+00  1.56760e+00  5.67427e-01  9.71674e-01
   2798.12  6624.0625  1.51922e+00  1.50102e+00  5.70850e-01  9.48366e-01
   2826.67  6624.6875  1.50514e+00  1.50659e+00  5.62452e-01  9.42691e-01
   2855.22  6625.3125  1.48027e+00  1.51287e+00  5.41319e-01  9.38955e-01
   2883.77  6625.9375  1.42801e+00  1.40132e+00  5.23456e-01  9.04559e-01
   2912.32  6626.5625  1.39727e+00  1.38980e+00  5.20805e-01  8.76465e-01
   2940.87  6627.1875  1.41296e+00  1.37661e+00  5.45031e-01  8.67933e-01
   2969.42  6627.8125  1.46347e+00  1.49135e+00  5.98786e-01  8.64688e-01
   2997.97  6628.4375  1.45983e+00  1.52687e+00  5.95787e-01  8.64044e-01
   3026.52  6629.0625  1.38035e+00  1.33262e+00  5.55866e-01  8.24487e-01
   3055.07  6629.6875  1.33067e+00  1.31739e+00  5.53488e-01  7.77179e-01
   3083.63  6630.3125  1.32171e+00  1.32982e+00  5.66965e-01  7.54745e-01
   3112.18  6630.9375  1.32715e+00  1.29864e+00  5.59597e-01  7.67554e-01
   3140.73  6631.5625  1.33343e+00  1.38840e+00  5.49726e-01  7.83708e-01
   3169.28  6632.1875  1.29868e+00  1.27432e+00  5.12849e-01  7.85832e-01
   3197.83  6632.8125  1.27358e+00  1.25726e+00  4.86239e-01  7.87344e-01
   3226.38  6633.4375  1.27577e+00  1.28746e+00  4.94292e-01  7.81474e-01
   3254.93  6634.0625  1.26835e+00  1.27768e+00  5.18038e-01  7.50314e-01
   3283.48  6634.6875  1.25651e+00  1.23131e+00  5.29655e-01  7.26858e-01
   3312.03  6635.3125  1.25634e+00  1.27972e+00  5.30636e-01  7.25699e-01
   3340.58  6635.9375  1.21453e+00  1.26149e+00  5.26189e-01  6.88343e-01
   3369.14  6636.5625  1.14975e+00  1.05910e+00  4.91324e-01  6.58431e-01
   3397.69  6637.1875  1.14235e+00  1.20062e+00  4.78850e-01  6.63498e-01
   3426.24  6637.8125  1.13492e+00  1.09870e+00  4.70426e-01  6.64499e-01
   3454.79  6638.4375  1.17840e+00  1.11576e+00  5.21489e-01  6.56914e-01
   3483.34  6639.0625  1.26523e+00  1.36358e+00  6.04327e-01  6.60903e-01
   3511.89  6639.6875  1.25301e+00  1.26620e+00  6.08850e-01  6.44155e-01
   3540.44  6640.3125  1.18375e+00  1.15424e+00  5.76764e-01  6.06990e-01
   3568.99  6640.9375  1.15104e+00  1.13743e+00  5.57237e-01  5.93803e-01
   3597.54  6641.5625  1.15739e+00  1.15195e+00  5.55921e-01  6.01470e-01
   3626.10  6642.1875  1.17612e+00  1.18162e+00  5.90948e-01  5.85172e-01
   3654.65  6642.8125  1.17741e+00  1.20060e+00  5.98597e-01  5.78814e-01
   3683.20  6643.4375  1.15072e+00  1.14083e+00  5.49687e-01  6.01035e-01
   3711.75  6644.0625  1.12820e+00  1.12120e+00  5.27055e-01  6.01144e-01
   3740.30  6644.6875  1.13618e+00  1.10831e+00  5.60299e-01  5.75880e-01
   3768.85  6645.3125  1.16500e+00  1.19826e+00  5.73521e-01  5.91483e-01
   3797.40  6645.9375  1.15000e+00  1.17602e+00  5.45876e-01  6.04126e-01
   3825.95  6646.5625  1.07290e+00  1.09060e+00  4.98589e-01  5.74309e-01
   3854.50  6647.1875  1.00339e+00  9.22636e-01  4.65886e-01  5.37500e-01
   3883.05  6647.8125  1.01374e+00  1.04071e+00  4.97855e-01  5.15890e-01
   3911.61  6648.4375  1.03392e+00  1.03728e+00  5.19144e-01  5.14780e-01
   3940.16  6649.0625  1.02737e+00  1.04375e+00  5.07430e-01  5.19944e-01
   3968.71  6649.6875  1.02029e+00  9.78525e-01  5.08553e-01  5.11741e-01
   3997.26  6650.3125  1.04194e+00  1.07033e+00  5.37256e-01  5.04685e-01
   4025.81  6650.9375  1.05071e+00  1.04828e+00  5.43198e-01  5.07511e-01
   4054.36  6651.5625  1.02406e+00  1.06250e+00  5.30440e-01  4.93622e-01
   4082.91  6652.1875  9.59171e-01  9.40537e-01  4.84320e-01  4.74851e-01
   4111.46  6652.8125  9.19057e-01  8.80151e-01  4.55360e-01  4.63697e-01
   4140.01  6653.4375  9.30890e-01  9.47437e-01  4.80370e-01  4.50520e-01
   4168.56  6654.0625  9.44410e-01  9.45016e-01  5.08687e-01  4.35723e-01
   4197.12  6654.6875  9.46250e-01  9.50181e-01  5.12125e-01  4.34125e-01
   4225.67  6655.3125  9.43972e-01  9.37330e-01  5.09009e-01  4.34963e-01
   4254.22  6655.9375  9.19487e-01  9.72032e-01  4.94395e-01  4.25092e-01
   4282.77  6656.5625  8.85181e-01  7.89835e-01  4.75376e-01  4.09805e-01
   4311.32  6657.1875  9.17980e-01  9.63928e-01  5.06781e-01  4.11198e-01
   4339.87  6657.8125  9.30313e-01  9.53075e-01  5.01858e-01  4.28456e-01
   4368.42  6658.4375  8.71293e-01  9.06147e-01  4.45342e-01  4.25951e-01
   4396.97  6659.0625  8.33872e-01  6.90262e-01  4.26180e-01  4.07691e-01
   4425.52  6659.6875  8.99301e-01  1.00906e+00  4.85593e-01  4.13708e-01
   4454.08  6660.3125  8.98606e-01  9.10516e-01  4.88610e-01  4.09995e-01
   4482.63  6660.9375  8.50185e-01  8.01112e-01  4.54690e-01  3.95496e-01
   4511.18  6661.5625  8.60003e-01  8.52462e-01  4.70574e-01  3.89429e-01
   4539.73  6662.1875  8.94601e-01  9.18719e-01  5.07533e-01  3.87068e-01
   4568.28  6662.8125  8.99679e-01  9.07185e-01  5.16093e-01  3.83586e-01
   4596.83  6663.4375  8.95683e-01  8.66944e-01  5.11243e-01  3.84440e-01
   4625.38  6664.0625  8.92757e-01  9.49373e-01  5.05000e-01  3.87757e-01
   4653.93  6664.6875  8.73487e-01  8.02002e-01  5.03339e-01  3.70148e-01
   4682.48  6665.3125  8.88376e-01  9.33137e-01  5.25517e-01  3.62859e-01
   4711.03  6665.9375  8.75624e-01  8.93689e-01  5.15281e-01  3.60342e-01
   4739.59  6666.5625  8.42895e-01  7.94610e-01  4.88110e-01  3.54785e-01
   4768.14  6667.1875  8.53334e-01  8.67292e-01  4.93378e-01  3.59956e-01
   4796.69  6667.8125  8.69862e-01  8.77020e-01  4.98056e-01  3.71807e-01
   4825.24  6668.4375  8.74258e-01  8.67048e-01  4.95791e-01  3.78466e-01
   4853.79  6669.0625  8.81915e-01  8.84239e-01  4.96185e-01  3.85731e-01
   4882.34  6669.6875  8.91679e-01  8.91375e-01  5.03045e-01  3.88634e-01
   4910.89  6670.3125  9.13716e-01  8.90255e-01  5.24260e-01  3.89456e-01
   4939.44  6670.9375  9.41909e-01  9.81707e-01  5.59685e-01  3.82224e-01
   4967.99  6671.5625  9.13885e-01  9.44958e-01  5.45850e-01  3.68035e-01
   4996.54  6672.1875  8.52596e-01  8.02736e-01  5.01441e-01  3.51156e-01
   5025.10  6672.8125  8.57837e-01  8.20820e-01  5.16345e-01  3.41491e-01
   5053.65  6673.4375  8.99414e-01  9.69998e-01  5.57940e-01  3.41474e-01
   5082.20  6674.0625  8.80765e-01  8.66101e-01  5.37794e-01  3.42971e-01
   5110.75  6674.6875  8.56332e-01  8.27968e-01  5.19121e-01  3.37211e-01
   5139.30  6675.3125  8.59704e-01  8.86195e-01  5.32793e-01  3.26911e-01
   5167.85  6675.9375  8.38188e-01  8.52215e-01  5.04048e-01  3.34140e-01
   5196.40  6676.5625  8.05466e-01  7.68891e-01  4.68972e-01  3.36494e-01
   5224.95  6677.1875  8.20467e-01  8.05563e-01  4.89901e-01  3.30566e-01
   5253.50  6677.8125  8.61565e-01  8.85810e-01  5.38635e-01  3.22930e-01
   5282.06  6678.4375  8.63636e-01  8.91433e-01  5.32297e-01  3.31340e-01
   5310.61  6679.0625  8.17148e-01  8.15065e-01  4.83154e-01  3.33995e-01
   5339.16  6679.6875  7.84752e-01  7.36174e-01  4.63309e-01  3.21443e-01
   5367.71  6680.3125  8.08051e-01  8.23596e-01  4.99098e-01  3.08952e-01
   5396.26  6680.9375  8.35509e-01  8.41877e-01  5.24001e-01  3.11509e-01
   5424.81  6681.5625  8.29445e-01  8.56568e-01  5.15173e-01  3.14272e-01
   5453.36  6682.1875  7.75997e-01  7.91498e-01  4.72788e-01  3.03209e-01
   5481.91  6682.8125  7.31407e-01  6.51947e-01  4.38053e-01  2.93354e-01
   5510.46  6683.4375  7.46380e-01  8.07743e-01  4.62915e-01  2.83465e-01
   5539.01  6684.0625  7.45145e-01  7.15073e-01  4.66452e-01  2.78694e-01
   5567.57  6684.6875  7.42067e-01  7.53174e-01  4.51828e-01  2.90240e-01
   5596.12  6685.3125  7.31796e-01  7.47808e-01  4.41732e-01  2.90064e-01
   5624.67  6685.9375  7.18497e-01  6.79177e-01  4.29776e-01  2.88722e-01
   5653.22  6686.5625  7.45163e-01  7.45936e-01  4.55542e-01  2.89621e-01
   5681.77  6687.1875  7.60512e-01  8.17572e-01  4.91062e-01  2.69450e-01
   5710.32  6687.8125  7.22464e-01  6.88975e-01  4.69721e-01  2.52744e-01
   5738.87  6688.4375  7.20169e-01  6.74295e-01  4.58219e-01  2.61950e-01
   5767.42  6689.0625  7.57228e-01  8.22514e-01  4.88355e-01  2.68873e-01
   5795.97  6689.6875  7.28850e-01  7.45915e-01  4.56036e-01  2.72814e-01
   5824.52  6690.3125  6.91874e-01  6.02234e-01  4.18088e-01  2.73785e-01
   5853.08  6690.9375  7.24138e-01  7.86269e-01  4.54321e-01  2.69817e-01
   5881.63  6691.5625  7.28550e-01  7.29749e-01  4.64810e-01  2.63741e-01
   5910.18  6692.1875  7.28116e-01  6.74206e-01  4.64840e-01  2.63276e-01
   5938.73  6692.8125  7.72315e-01  8.10892e-01  5.07739e-01  2.64576e-01
   5967.28  6693.4375  7.82508e-01  8.10185e-01  5.20042e-01  2.62466e-01
   5995.83  6694.0625  7.59845e-01  7.16175e-01  5.02637e-01  2.57208e-01
   6024.38  6694.6875  7.62092e-01  7.86118e-01  5.07173e-01  2.54919e-01
   6052.93  6695.3125  7.48220e-01  7.66081e-01  5.04302e-01  2.43918e-01
   6081.48  6695.9375  7.17051e-01  6.84025e-01  4.82824e-01  2.34228e-01
   6110.04  6696.5625  7.13376e-01  7.22997e-01  4.77386e-01  2.35991e-01
   6138.59  6697.1875  7.32831e-01  7.04599e-01  4.97556e-01  2.35275e-01
   6167.14  6697.8125  7.71629e-01  7.93549e-01  5.38293e-01  2.33336e-01
   6195.69  6698.4375  7.90215e-01  8.01497e-01  5.58586e-01  2.31629e-01
   6224.24  6699.0625  7.68735e-01  7.91942e-01  5.31529e-01  2.37207e-01
   6252.79  6699.6875  7.34644e-01  6.90994e-01  4.82766e-01  2.51877e-01
   6281.34  6700.3125  7.34031e-01  7.50493e-01  4.75118e-01  2.58913e-01
   6309.89  6700.9375  7.30795e-01  7.42273e-01  4.84484e-01  2.46311e-01
   6338.44  6701.5625  7.15994e-01  6.97012e-01  4.85251e-01  2.30743e-01
   6366.99  6702.1875  7.28534e-01  7.09210e-01  5.00840e-01  2.27694e-01
   6395.55  6702.8125  7.41412e-01  8.04246e-01  5.12532e-01  2.28879e-01
   6424.10  6703.4375  7.08481e-01  6.64618e-01  4.91523e-01  2.16958e-01
   6452.65  6704.0625  6.82827e-01  7.07801e-01  4.65756e-01  2.17071e-01
   6481.20  6704.6875  6.73634e-01  6.30902e-01  4.44631e-01  2.29003e-01
   6509.75  6705.3125  6.93666e-01  7.16110e-01  4.61923e-01  2.31743e-01
   6538.30  6705.9375  6.99673e-01  7.16271e-01  4.74247e-01  2.25427e-01
   6566.85  6706.5625  6.87814e-01  6.59103e-01  4.67949e-01  2.19865e-01
   6595.40  6707.1875  6.86607e-01  7.15086e-01  4.64836e-01  2.21771e-01
   6623.95  6707.8125  6.73292e-01  6.58157e-01  4.49929e-01  2.23363e-01
   6652.50  6708.4375  6.62334e-01  6.66655e-01  4.44902e-01  2.17432e-01
   6681.06  6709.0625  6.73775e-01  6.40382e-01  4.64307e-01  2.09468e-01
   6709.61  6709.6875  7.16094e-01  7.30930e-01  5.08788e-01  2.07306e-01
   6738.16  6710.3125  7.17102e-01  7.91305e-01  5.14846e-01  2.02256e-01
   6766.71  6710.9375  6.69531e-01  5.68791e-01  4.74964e-01  1.94567e-01
   6795.26  6711.5625  6.62617e-01  7.44483e-01  4.65232e-01  1.97385e-01
   6823.81  6712.1875  6.36383e-01  5.87986e-01  4.42271e-01  1.94112e-01
   6852.36  6712.8125  6.57284e-01  6.05880e-01  4.67430e-01  1.89854e-01
   6880.91  6713.4375  7.25126e-01  8.02367e-01  5.25830e-01  1.99296e-01
   6909.46  6714.0625  7.01510e-01  7.38913e-01  5.10453e-01  1.91057e-01
   6938.02  6714.6875  6.12260e-01  5.65772e-01  4.38458e-01  1.73803e-01
   6966.57  6715.3125  5.83765e-01  5.42228e-01  4.12060e-01  1.71705e-01
   6995.12  6715.9375  6.14844e-01  6.52738e-01  4.32483e-01  1.82362e-01
   7023.67  6716.5625  6.22465e-01  6.23016e-01  4.38861e-01  1.83604e-01
   7052.22  6717.1875  6.18239e-01  5.99044e-01  4.28376e-01  1.89863e-01
   7080.77  6717.8125  6.21194e-01  6.50229e-01  4.31913e-01  1.89281e-01
   7109.32  6718.4375  6.14167e-01  5.87235e-01  4.28019e-01  1.86148e-01
   7137.87  6719.0625  6.37712e-01  6.17221e-01  4.50809e-01  1.86903e-01
   7166.42  6719.6875  6.87980e-01  7.13806e-01  5.04252e-01  1.83728e-01
   7194.97  6720.3125  7.09468e-01  7.20987e-01  5.30633e-01  1.78835e-01
   7223.53  6720.9375  6.86020e-01  7.08764e-01  5.15701e-01  1.70319e-01
   7252.08  6721.5625  6.17406e-01  6.33044e-01  4.55136e-01  1.62270e-01
   7280.63  6722.1875  5.59753e-01  4.82588e-01  4.01030e-01  1.58723e-01
   7309.18  6722.8125  5.78094e-01  6.05559e-01  4.19815e-01  1.58279e-01
   7337.73  6723.4375  6.04207e-01  6.08044e-01  4.51270e-01  1.52937e-01
   7366.28  6724.0625  6.18611e-01  6.06259e-01  4.61939e-01  1.56672e-01
   7394.83  6724.6875  6.45205e-01  6.45175e-01  4.83807e-01  1.61398e-01
   7423.38  6725.3125  6.62567e-01  6.90677e-01  5.00013e-01  1.62554e-01
   7451.93  6725.9375  6.48387e-01  6.38625e-01  4.92926e-01  1.55461e-01
   7480.48  6726.5625  6.23498e-01  6.34543e-01  4.75315e-01  1.48182e-01
   7509.04  6727.1875  5.92004e-01  5.88470e-01  4.50147e-01  1.41857e-01
   7537.59  6727.8125  5.77074e-01  5.46972e-01  4.32020e-01  1.45054e-01
   7566.14  6728.4375  6.00037e-01  6.05106e-01  4.46628e-01  1.53410e-01
   7594.69  6729.0625  6.19349e-01  6.46768e-01  4.62769e-01  1.56580e-01
   7623.24  6729.6875  6.19817e-01  5.83157e-01  4.75953e-01  1.43865e-01
   7651.79  6730.3125  6.14554e-01  6.81726e-01  4.86133e-01  1.28421e-01
   7680.34  6730.9375  5.94414e-01  5.04763e-01  4.61352e-01  1.33062e-01
   7708.89  6731.5625  6.35672e-01  6.66409e-01  4.88063e-01  1.47609e-01
   7737.44  6732.1875  6.83870e-01  6.89258e-01  5.33411e-01  1.50459e-01
   7765.99  6732.8125  6.93222e-01  7.20421e-01  5.37862e-01  1.55360e-01
   7794.55  6733.4375  6.72093e-01  6.56338e-01  5.18647e-01  1.53446e-01
   7823.10  6734.0625  6.68031e-01  6.46296e-01  5.22145e-01  1.45886e-01
   7851.65  6734.6875  6.87767e-01  7.08282e-01  5.40982e-01  1.46785e-01
   7880.20  6735.3125  6.71088e-01  7.11995e-01  5.21580e-01  1.49509e-01
   7908.75  6735.9375  6.23195e-01  5.62958e-01  4.80021e-01  1.43174e-01
   7937.30  6736.5625  6.07858e-01  6.47139e-01  4.77870e-01  1.29987e-01
   7965.85  6737.1875  6.01905e-01  5.56845e-01  4.79312e-01  1.22593e-01
   7994.40  6737.8125  6.16946e-01  6.43945e-01  4.89542e-01  1.27404e-01
   8022.95  6738.4375  6.06413e-01  6.33883e-01  4.73717e-01  1.32696e-01
   8051.51  6739.0625  5.66881e-01  5.29715e-01  4.33991e-01  1.32890e-01
   8080.06  6739.6875  5.59515e-01  5.59956e-01  4.22475e-01  1.37040e-01
   8108.61  6740.3125  5.81159e-01  5.67560e-01  4.41154e-01  1.40005e-01
   8137.16  6740.9375  6.11959e-01  6.26509e-01  4.68175e-01  1.43784e-01
   8165.71  6741.5625  6.12169e-01  6.45734e-01  4.66758e-01  1.45411e-01
   8194.26  6742.1875  5.79649e-01  5.46435e-01  4.34781e-01  1.44868e-01
   8222.81  6742.8125  5.75798e-01  5.66822e-01  4.28765e-01  1.47033e-01
   8251.36  6743.4375  5.95849e-01  6.05908e-01  4.54178e-01  1.41671e-01
   8279.91  6744.0625  5.88322e-01  6.22274e-01  4.52729e-01  1.35593e-01
   8308.46  6744.6875  5.32558e-01  5.31623e-01  4.03567e-01  1.28991e-01
   8337.02  6745.3125  5.00676e-01  4.27501e-01  3.80149e-01  1.20527e-01
   8365.57  6745.9375  5.49330e-01  5.76024e-01  4.26338e-01  1.22993e-01
   8394.12  6746.5625  5.97780e-01  6.12289e-01  4.74023e-01  1.23757e-01
   8422.67  6747.1875  6.06501e-01  6.16268e-01  4.87201e-01  1.19300e-01
   8451.22  6747.8125  5.84215e-01  5.99687e-01  4.68130e-01  1.16085e-01
   8479.77  6748.4375  5.57883e-01  5.19686e-01  4.39079e-01  1.18803e-01
   8508.32  6749.0625  5.65670e-01  5.75715e-01  4.47379e-01  1.18290e-01
   8536.87  6749.6875  5.64602e-01  5.96339e-01  4.48437e-01  1.16165e-01
   8565.42  6750.3125  5.38069e-01  5.02785e-01  4.25136e-01  1.12933e-01
   8593.97  6750.9375  5.41738e-01  5.34830e-01  4.34395e-01  1.07344e-01
   8622.53  6751.5625  5.52442e-01  5.92686e-01  4.52486e-01  9.99564e-02
   8651.08  6752.1875  5.45406e-01  4.92421e-01  4.47750e-01  9.76559e-02
   8679.63  6752.8125  5.57508e-01  6.04075e-01  4.54304e-01  1.03204e-01
   8708.18  6753.4375  5.55566e-01  5.26730e-01  4.49288e-01  1.06278e-01
   8736.73  6754.0625  5.60301e-01  5.68315e-01  4.59462e-01  1.00840e-01
   8765.28  6754.6875  5.61331e-01  5.76302e-01  4.62532e-01  9.87984e-02
   8793.83  6755.3125  5.42349e-01  5.36051e-01  4.37557e-01  1.04793e-01
   8822.38  6755.9375  5.26350e-01  5.22968e-01  4.20536e-01  1.05814e-01
   8850.93  6756.5625  5.50549e-01  4.94303e-01  4.48182e-01  1.02366e-01
   8879.49  6757.1875  6.16423e-01  6.74075e-01  5.12985e-01  1.03438e-01
   8908.04  6757.8125  6.26520e-01  6.48275e-01  5.18284e-01  1.08237e-01
   8936.59  6758.4375  5.79429e-01  5.72548e-01  4.73429e-01  1.06001e-01
   8965.14  6759.0625  5.44004e-01  5.16014e-01  4.50041e-01  9.39628e-02
   8993.69  6759.6875  5.59930e-01  5.41119e-01  4.64995e-01  9.49356e-02
   9022.24  6760.3125  5.96740e-01  6.30784e-01  4.99284e-01  9.74556e-02
   9050.79  6760.9375  5.86028e-01  6.10430e-01  4.94269e-01  9.17587e-02
   9079.34  6761.5625  5.34967e-01  5.17619e-01  4.41092e-01  9.38747e-02
   9107.89  6762.1875  5.18693e-01  4.68563e-01  4.21305e-01  9.73887e-02
   9136.44  6762.8125  5.31309e-01  6.14293e-01  4.36465e-01  9.48444e-02
   9165.00  6763.4375  5.10785e-01  4.33597e-01  4.15719e-01  9.50655e-02
   9193.55  6764.0625  5.35868e-01  5.47014e-01  4.35559e-01  1.00310e-01
   9222.10  6764.6875  5.58190e-01  6.13398e-01  4.54960e-01  1.03231e-01
   9250.65  6765.3125  5.29736e-01  4.83490e-01  4.31271e-01  9.84659e-02
   9279.20  6765.9375  5.12800e-01  5.42127e-01  4.20703e-01  9.20975e-02
   9307.75  6766.5625  5.08933e-01  4.62931e-01  4.18894e-01  9.00389e-02
   9336.30  6767.1875  5.15961e-01  5.75139e-01  4.24180e-01  9.17807e-02
   9364.85  6767.8125  5.00962e-01  4.51605e-01  4.09786e-01  9.11751e-02
   9393.40  6768.4375  5.17624e-01  5.15270e-01  4.26092e-01  9.15321e-02
   9421.95  6769.0625  5.41017e-01  5.81252e-01  4.51718e-01  8.92989e-02
   9450.51  6769.6875  5.16892e-01  5.13135e-01  4.34997e-01  8.18950e-02
   9479.06  6770.3125  4.89103e-01  4.64217e-01  4.10185e-01  7.89177e-02
   9507.61  6770.9375  5.05598e-01  4.87065e-01  4.24843e-01  8.07546e-02
   9536.16  6771.5625  5.42831e-01  5.76578e-01  4.62033e-01  8.07981e-02
   9564.71  6772.1875  5.64738e-01  5.32551e-01  4.82199e-01  8.25386e-02
   9593.26  6772.8125  5.80364e-01  6.32490e-01  4.97372e-01  8.29913e-02
   9621.81  6773.4375  5.82681e-01  5.16138e-01  4.97857e-01  8.48237e-02
   9650.36  6774.0625  6.01246e-01  6.74248e-01  5.12570e-01  8.86756e-02
   9678.91  6774.6875  5.97166e-01  5.33396e-01  5.09894e-01  8.72719e-02
   9707.47  6775.3125  5.95592e-01  6.67230e-01  5.11752e-01  8.38392e-02
   9736.02  6775.9375  5.84516e-01  4.99177e-01  4.98008e-01  8.65085e-02
   9764.57  6776.5625  6.12231e-01  6.68586e-01  5.27239e-01  8.49915e-02
   9793.12  6777.1875  6.18805e-01  6.10247e-01  5.41411e-01  7.73940e-02
   9821.67  6777.8125  5.98628e-01  6.10751e-01  5.22444e-01  7.61842e-02
   9850.22  6778.4375  5.73687e-01  5.59878e-01  4.92756e-01  8.09314e-02
   9878.77  6779.0625  5.57624e-01  5.61893e-01  4.76761e-01  8.08633e-02
   9907.32  6779.6875  5.42394e-01  5.44085e-01  4.66765e-01  7.56290e-02
   9935.87  6780.3125  5.18867e-01  5.27930e-01  4.46654e-01  7.22134e-02
   9964.42  6780.9375  5.10236e-01  4.62706e-01  4.38406e-01  7.18297e-02
   9992.98  6781.5625  5.45610e-01  5.67334e-01  4.71124e-01  7.44856e-02
  10021.53  6782.1875  5.67305e-01  5.89336e-01  4.91359e-01  7.59466e-02
  10050.08  6782.8125  5.49491e-01  5.46192e-01  4.73149e-01  7.63422e-02
  10078.63  6783.4375  5.16877e-01  5.27892e-01  4.42723e-01  7.41544e-02
  10107.18  6784.0625  5.01056e-01  4.50640e-01  4.27939e-01  7.31170e-02
  10135.73  6784.6875  5.34432e-01  5.51195e-01  4.64064e-01  7.03676e-02
  10164.28  6785.3125  5.53978e-01  5.93079e-01  4.84177e-01  6.98009e-02
  10192.83  6785.9375  5.47473e-01  4.87557e-01  4.82534e-01  6.49393e-02
  10221.38  6786.5625  5.65803e-01  6.17225e-01  5.04959e-01  6.08439e-02
  10249.93  6787.1875  5.60101e-01  5.45428e-01  4.98124e-01  6.19776e-02
  10278.49  6787.8125  5.53081e-01  5.37719e-01  4.83742e-01  6.93391e-02
  10307.04  6788.4375  5.54844e-01  5.86442e-01  4.81255e-01  7.35895e-02
  10335.59  6789.0625  5.31135e-01  5.20196e-01  4.55754e-01  7.53812e-02
  10364.14  6789.6875  5.06881e-01  5.01510e-01  4.27925e-01  7.89566e-02
  10392.69  6790.3125  5.01228e-01  4.91543e-01  4.18230e-01  8.29980e-02
  10421.24  6790.9375  5.09686e-01  5.12485e-01  4.33409e-01  7.62772e-02
  10449.79  6791.5625  5.08651e-01  5.30468e-01  4.38167e-01  7.04835e-02
  10478.34  6792.1875  5.04131e-01  4.59241e-01  4.34611e-01  6.95198e-02
  10506.89  6792.8125  5.38082e-01  5.48388e-01  4.68704e-01  6.93783e-02
  10535.45  6793.4375  5.52909e-01  6.07603e-01  4.80284e-01  7.26256e-02
  10564.00  6794.0625  5.14674e-01  4.74430e-01  4.39499e-01  7.51742e-02
  10592.55  6794.6875  5.00696e-01  4.92933e-01  4.24615e-01  7.60813e-02
  10621.10  6795.3125  5.09598e-01  5.26507e-01  4.36332e-01  7.32660e-02
  10649.65  6795.9375  5.06243e-01  5.01144e-01  4.43095e-01  6.31479e-02
  10678.20  6796.5625  5.16508e-01  4.86000e-01  4.57532e-01  5.89763e-02
  10706.75  6797.1875  5.41123e-01  5.89496e-01  4.83308e-01  5.78153e-02
  10735.30  6797.8125  5.31348e-01  5.14758e-01  4.67039e-01  6.43082e-02
  10763.85  6798.4375  5.36883e-01  4.97892e-01  4.69288e-01  6.75948e-02
  10792.40  6799.0625  5.65806e-01  6.28849e-01  5.00833e-01  6.49735e-02
  10820.96  6799.6875  5.55480e-01  5.20764e-01  4.86362e-01  6.91179e-02
  10849.51  6800.3125  5.44807e-01  5.60076e-01  4.69974e-01  7.48323e-02
  10878.06  6800.9375  5.27783e-01  5.37542e-01  4.59181e-01  6.86013e-02
  10906.61  6801.5625  5.06256e-01  4.77307e-01  4.48449e-01  5.78066e-02
  10935.16  6802.1875  5.01671e-01  5.29860e-01  4.44588e-01  5.70828e-02
  10963.71  6802.8125  5.08945e-01  4.53276e-01  4.51483e-01  5.74619e-02
  10992.26  6803.4375  5.42906e-01  5.93562e-01  4.89194e-01  5.37122e-02
  11020.81  6804.0625  5.34127e-01  5.51412e-01  4.82644e-01  5.14827e-02
  11049.36  6804.6875  5.18843e-01  4.41887e-01  4.65583e-01  5.32609e-02
  11077.91  6805.3125  5.71127e-01  6.09344e-01  5.10786e-01  6.03415e-02
  11106.47  6805.9375  6.17780e-01  6.14916e-01  5.51176e-01  6.66038e-02
  11135.02  6806.5625  6.02864e-01  6.79785e-01  5.38510e-01  6.43541e-02
  11163.57  6807.1875  5.26041e-01  4.61856e-01  4.72895e-01  5.31464e-02
  11192.12  6807.8125  5.10154e-01  4.69718e-01  4.63158e-01  4.69961e-02
  11220.67  6808.4375  5.36458e-01  6.19148e-01  4.83329e-01  5.31293e-02
  11249.22  6809.0625  5.11845e-01  4.55346e-01  4.54145e-01  5.77004e-02
  11277.77  6809.6875  4.87802e-01  5.33332e-01  4.32254e-01  5.55480e-02
  11306.32  6810.3125  4.67071e-01  4.12409e-01  4.15744e-01  5.13273e-02
  11334.87  6810.9375  4.82328e-01  5.01208e-01  4.33825e-01  4.85025e-02
  11363.43  6811.5625  5.07985e-01  5.02999e-01  4.60843e-01  4.71417e-02
  11391.98  6812.1875  5.45538e-01  5.18016e-01  4.97058e-01  4.84805e-02
  11420.53  6812.8125  5.85406e-01  6.44927e-01  5.33930e-01  5.14757e-02
  11449.08  6813.4375  5.55011e-01  5.70214e-01  5.00856e-01  5.41548e-02
  11477.63  6814.0625  4.97410e-01  4.50674e-01  4.44726e-01  5.26844e-02
  11506.18  6814.6875  4.89423e-01  4.91211e-01  4.38273e-01  5.11496e-02
  11534.73  6815.3125  4.99984e-01  5.13158e-01  4.52332e-01  4.76523e-02
  11563.28  6815.9375  5.06004e-01  4.81835e-01  4.60290e-01  4.57139e-02
  11591.83  6816.5625  5.03469e-01  5.61724e-01  4.56294e-01  4.71743e-02
  11620.38  6817.1875  4.87506e-01  4.04564e-01  4.41414e-01  4.60913e-02
  11648.94  6817.8125  5.37763e-01  5.50323e-01  4.94887e-01  4.28762e-02
  11677.49  6818.4375  5.78451e-01  6.48381e-01  5.36036e-01  4.24147e-02
  11706.04  6819.0625  5.44017e-01  5.05902e-01  5.04626e-01  3.93911e-02
  11734.59  6819.6875  5.16175e-01  5.18447e-01  4.77354e-01  3.88214e-02
  11763.14  6820.3125  5.07186e-01  5.04627e-01  4.64481e-01  4.27053e-02
  11791.69  6820.9375  4.93790e-01  5.08950e-01  4.47712e-01  4.60778e-02
  11820.24  6821.5625  4.84728e-01  4.44617e-01  4.38615e-01  4.61124e-02
  11848.79  6822.1875  5.00961e-01  5.34331e-01  4.52086e-01  4.88758e-02
  11877.34  6822.8125  5.13573e-01  4.82759e-01  4.65306e-01  4.82664e-02
  11905.89  6823.4375  5.22471e-01  5.68434e-01  4.80954e-01  4.15164e-02
  11934.45  6824.0625  5.22837e-01  4.63452e-01  4.81226e-01  4.16105e-02
  11963.00  6824.6875  5.59529e-01  5.84528e-01  5.15359e-01  4.41707e-02
  11991.55  6825.3125  5.78708e-01  6.09055e-01  5.33653e-01  4.50552e-02
  12020.10  6825.9375  5.41897e-01  5.46856e-01  4.98791e-01  4.31059e-02
  12048.65  6826.5625  4.93573e-01  4.70945e-01  4.56803e-01  3.67695e-02
  12077.20  6827.1875  4.83267e-01  4.62389e-01  4.48660e-01  3.46073e-02
  12105.75  6827.8125  4.99276e-01  5.26043e-01  4.59874e-01  3.94021e-02
  12134.30  6828.4375  5.08928e-01  4.79872e-01  4.65975e-01  4.29532e-02
  12162.85  6829.0625  5.13911e-01  5.62233e-01  4.72197e-01  4.17142e-02
  12191.40  6829.6875  4.98191e-01  4.52941e-01  4.59103e-01  3.90884e-02
  12219.96  6830.3125  5.06148e-01  5.19108e-01  4.69970e-01  3.61784e-02
  12248.51  6830.9375  5.12884e-01  5.29296e-01  4.78990e-01  3.38941e-02
  12277.06  6831.5625  4.98947e-01  4.89143e-01  4.62498e-01  3.64489e-02
  12305.61  6832.1875  5.10676e-01  4.67893e-01  4.68114e-01  4.25615e-02
  12334.16  6832.8125  5.33927e-01  6.20527e-01  4.86084e-01  4.78438e-02
  12362.71  6833.4375  4.98980e-01  4.49739e-01  4.56447e-01  4.25334e-02
  12391.26  6834.0625  4.94451e-01  4.63282e-01  4.58197e-01  3.62544e-02
  12419.81  6834.6875  5.07598e-01  5.95968e-01  4.73000e-01  3.45974e-02
  12448.36  6835.3125  4.72166e-01  3.90464e-01  4.37964e-01  3.42023e-02
  12476.92  6835.9375  4.76321e-01  5.03883e-01  4.40805e-01  3.55153e-02
  12505.47  6836.5625  4.91426e-01  4.90612e-01  4.55774e-01  3.56521e-02
  12534.02  6837.1875  5.00536e-01  4.86334e-01  4.65467e-01  3.50690e-02
  12562.57  6837.8125  4.99921e-01  5.50490e-01  4.64805e-01  3.51158e-02
  12591.12  6838.4375  4.86156e-01  4.08645e-01  4.49925e-01  3.62308e-02
  12619.67  6839.0625  5.19623e-01  5.62679e-01  4.80789e-01  3.88347e-02
  12648.22  6839.6875  5.42292e-01  5.39429e-01  5.06199e-01  3.60927e-02
  12676.77  6840.3125  5.37339e-01  5.50565e-01  5.06493e-01  3.08465e-02
  12705.32  6840.9375  5.15840e-01  5.13684e-01  4.82027e-01  3.38136e-02
  12733.87  6841.5625  4.85021e-01  4.94035e-01  4.41718e-01  4.33024e-02
  12762.43  6842.1875  4.62731e-01  4.29604e-01  4.18611e-01  4.41195e-02
  12790.98  6842.8125  4.74070e-01  4.84413e-01  4.35504e-01  3.85658e-02
  12819.53  6843.4375  5.04227e-01  4.78097e-01  4.67894e-01  3.63329e-02
  12848.08  6844.0625  5.13682e-01  6.01545e-01  4.76738e-01  3.69437e-02
  12876.63  6844.6875  4.75757e-01  3.85622e-01  4.39790e-01  3.59671e-02
  12905.18  6845.3125  5.01060e-01  5.08489e-01  4.62588e-01  3.84717e-02
  12933.73  6845.9375  5.61351e-01  5.69731e-01  5.24229e-01  3.71221e-02
  12962.28  6846.5625  5.76491e-01  6.31284e-01  5.41070e-01  3.54215e-02
  12990.83  6847.1875  5.26900e-01  5.04632e-01  4.89712e-01  3.71877e-02
  13019.38  6847.8125  4.83165e-01  4.68241e-01  4.47836e-01  3.53297e-02
  13047.94  6848.4375  4.81279e-01  4.64232e-01  4.54375e-01  2.69039e-02
  13076.49  6849.0625  5.06086e-01  5.14112e-01  4.82092e-01  2.39935e-02
  13105.04  6849.6875  5.12586e-01  5.44354e-01  4.86502e-01  2.60833e-02
  13133.59  6850.3125  4.90365e-01  4.61158e-01  4.62048e-01  2.83167e-02
  13162.14  6850.9375  4.91770e-01  4.83586e-01  4.64302e-01  2.74679e-02
  13190.69  6851.5625  5.08854e-01  5.30231e-01  4.79694e-01  2.91599e-02
  13219.24  6852.1875  5.19218e-01  4.90897e-01  4.85663e-01  3.35545e-02
  13247.79  6852.8125  5.28700e-01  5.70996e-01  4.93172e-01  3.55285e-02
  13276.34  6853.4375  4.98713e-01  5.01515e-01  4.66320e-01  3.23928e-02
  13304.90  6854.0625  4.77691e-01  4.13051e-01  4.47439e-01  3.02519e-02
  13333.45  6854.6875  5.06935e-01  5.62059e-01  4.77689e-01  2.92454e-02
  13362.00  6855.3125  5.08896e-01  4.94847e-01  4.80455e-01  2.84413e-02
  13390.55  6855.9375  4.77427e-01  5.16382e-01  4.51228e-01  2.61997e-02
  13419.10  6856.5625  4.51637e-01  3.66016e-01  4.25608e-01  2.60290e-02
  13447.65  6857.1875  4.98414e-01  5.27675e-01  4.72443e-01  2.59713e-02
  13476.20  6857.8125  5.39231e-01  5.68078e-01  5.14279e-01  2.49512e-02
  13504.75  6858.4375  5.29120e-01  5.27524e-01  4.99948e-01  2.91720e-02
  13533.30  6859.0625  5.27564e-01  4.83703e-01  4.96283e-01  3.12814e-02
  13561.85  6859.6875  5.57893e-01  6.03681e-01  5.31034e-01  2.68590e-02
  13590.41  6860.3125  5.72203e-01  5.41590e-01  5.48890e-01  2.33130e-02
  13618.96  6860.9375  5.93511e-01  6.03182e-01  5.68680e-01  2.48308e-02
  13647.51  6861.5625  5.91014e-01  6.38861e-01  5.63073e-01  2.79405e-02
  13676.06  6862.1875  5.42036e-01  5.06056e-01  5.11694e-01  3.03421e-02
  13704.61  6862.8125  5.18080e-01  5.07631e-01  4.89677e-01  2.84037e-02
  13733.16  6863.4375  5.27259e-01  5.27366e-01  5.01760e-01  2.54998e-02
  13761.71  6864.0625  5.27199e-01  5.57147e-01  5.01026e-01  2.61729e-02
  13790.26  6864.6875  5.16297e-01  4.69500e-01  4.89486e-01  2.68103e-02
  13818.81  6865.3125  5.53572e-01  5.42435e-01  5.27136e-01  2.64361e-02
  13847.36  6865.9375  5.83781e-01  6.68306e-01  5.54208e-01  2.95729e-02
  13875.92  6866.5625  5.43596e-01  4.85889e-01  5.12998e-01  3.05986e-02
  13904.47  6867.1875  5.13646e-01  5.40596e-01  4.84678e-01  2.89681e-02
  13933.02  6867.8125  4.88731e-01  4.72614e-01  4.60747e-01  2.79836e-02
  13961.57  6868.4375  4.56536e-01  4.84084e-01  4.26955e-01  2.95803e-02
  13990.12  6869.0625  4.37477e-01  3.69149e-01  4.11243e-01  2.62346e-02
  14018.67  6869.6875  4.82741e-01  4.97088e-01  4.60852e-01  2.18889e-02
  14047.22  6870.3125  5.12125e-01  5.74615e-01  4.90165e-01  2.19599e-02
  14075.77  6870.9375  4.68015e-01  4.43862e-01  4.42531e-01  2.54847e-02
  14104.32  6871.5625  4.47416e-01  3.96583e-01  4.23472e-01  2.39441e-02
  14132.88  6872.1875  4.86123e-01  5.19942e-01  4.65154e-01  2.09688e-02
  14161.43  6872.8125  4.97576e-01  5.20158e-01  4.76670e-01  2.09065e-02
  14189.98  6873.4375  4.58759e-01  4.62092e-01  4.38970e-01  1.97893e-02
  14218.53  6874.0625  4.18348e-01  3.90400e-01  3.98824e-01  1.95236e-02
  14247.08  6874.6875  4.24737e-01  4.02644e-01  4.04196e-01  2.05405e-02
  14275.63  6875.3125  4.54318e-01  4.92761e-01  4.33561e-01  2.07567e-02
  14304.18  6875.9375  4.51989e-01  4.45466e-01  4.30964e-01  2.10246e-02
  14332.73  6876.5625  4.55328e-01  4.21658e-01  4.30402e-01  2.49262e-02
  14361.28  6877.1875  4.90757e-01  5.15912e-01  4.63488e-01  2.72691e-02
  14389.83  6877.8125  5.08188e-01  5.16618e-01  4.79883e-01  2.83048e-02
  14418.39  6878.4375  4.98481e-01  5.00483e-01  4.69139e-01  2.93423e-02
  14446.94  6879.0625  4.74350e-01  4.86031e-01  4.49784e-01  2.45667e-02
  14475.49  6879.6875  4.52741e-01  4.16548e-01  4.33795e-01  1.89463e-02
  14504.04  6880.3125  4.33982e-01  5.02358e-01  4.16941e-01  1.70417e-02
  14532.59  6880.9375  4.00563e-01  3.06657e-01  3.82220e-01  1.83436e-02
  14561.14  6881.5625  4.21606e-01  4.76459e-01  4.02502e-01  1.91047e-02
  14589.69  6882.1875  4.63368e-01  3.90595e-01  4.44588e-01  1.87801e-02
  14618.24  6882.8125  4.87626e-01  6.32623e-01  4.68431e-01  1.91953e-02
  14646.79  6883.4375  4.24865e-01  3.18583e-01  4.07908e-01  1.69575e-02
  14675.34  6884.0625  4.13241e-01  4.19726e-01  3.96263e-01  1.69782e-02
  14703.90  6884.6875  4.33077e-01  4.68890e-01  4.15699e-01  1.73779e-02
  14732.45  6885.3125  4.43828e-01  3.77907e-01  4.27124e-01  1.67043e-02
  14761.00  6885.9375  4.95837e-01  5.33604e-01  4.77916e-01  1.79207e-02
  14789.55  6886.5625  5.10720e-01  5.56457e-01  4.93400e-01  1.73202e-02
  14818.10  6887.1875  4.82850e-01  4.17299e-01  4.66041e-01  1.68092e-02
  14846.65  6887.8125  4.98739e-01  5.22618e-01  4.81800e-01  1.69394e-02
  14875.20  6888.4375  5.16071e-01  5.22636e-01  4.98632e-01  1.74386e-02
  14903.75  6889.0625  4.95153e-01  5.25942e-01  4.77994e-01  1.71586e-02
  14932.30  6889.6875  4.54879e-01  4.10098e-01  4.35835e-01  1.90442e-02
  14960.86  6890.3125  4.47343e-01  4.61999e-01  4.27576e-01  1.97663e-02
  14989.41  6890.9375  4.56495e-01  4.37939e-01  4.40404e-01  1.60912e-02
  15017.96  6891.5625  4.63465e-01  4.97827e-01  4.47725e-01  1.57403e-02
  15046.51  6892.1875  4.58416e-01  4.19563e-01  4.41773e-01  1.66427e-02
  15075.06  6892.8125  4.75233e-01  4.89830e-01  4.60518e-01  1.47156e-02
  15103.61  6893.4375  4.81818e-01  5.06615e-01  4.66888e-01  1.49298e-02
  15132.16  6894.0625  4.79349e-01  4.24650e-01  4.63116e-01  1.62325e-02
  15160.71  6894.6875  5.04928e-01  5.54105e-01  4.86189e-01  1.87393e-02
  15189.26  6895.3125  5.07498e-01  4.91509e-01  4.89328e-01  1.81697e-02
  15217.81  6895.9375  5.10586e-01  4.97089e-01  4.93657e-01  1.69297e-02
  15246.37  6896.5625  5.22190e-01  5.51854e-01  5.03735e-01  1.84545e-02
  15274.92  6897.1875  5.12579e-01  4.96842e-01  4.91027e-01  2.15521e-02
  15303.47  6897.8125  5.06691e-01  5.06209e-01  4.84125e-01  2.25658e-02
  15332.02  6898.4375  5.09779e-01  5.09586e-01  4.92247e-01  1.75317e-02
  15360.57  6899.0625  5.08647e-01  5.18343e-01  4.93763e-01  1.48837e-02
  15389.12  6899.6875  5.01929e-01  4.87930e-01  4.87037e-01  1.48917e-02
  15417.67  6900.3125  4.87685e-01  5.23208e-01  4.72813e-01  1.48724e-02
  15446.22  6900.9375  4.57484e-01  4.19357e-01  4.43861e-01  1.36227e-02
  15474.77  6901.5625  4.59754e-01  4.55304e-01  4.43646e-01  1.61074e-02
  15503.32  6902.1875  4.85904e-01  4.90235e-01  4.66855e-01  1.90487e-02
  15531.88  6902.8125  4.88651e-01  5.27548e-01  4.72089e-01  1.65616e-02
  15560.43  6903.4375  4.69912e-01  4.12574e-01  4.54629e-01  1.52833e-02
  15588.98  6904.0625  4.73032e-01  5.25819e-01  4.57193e-01  1.58390e-02
  15617.53  6904.6875  4.61536e-01  4.26012e-01  4.47003e-01  1.45331e-02
  15646.08  6905.3125  4.76499e-01  4.57937e-01  4.58218e-01  1.82811e-02
  15674.63  6905.9375  4.99711e-01  5.62183e-01  4.80712e-01  1.89988e-02
  15703.18  6906.5625  4.80343e-01  4.31630e-01  4.65146e-01  1.51966e-02
  15731.73  6907.1875  4.67102e-01  5.04373e-01  4.53674e-01  1.34285e-02
  15760.28  6907.8125  4.52708e-01  4.18055e-01  4.40873e-01  1.18354e-02
  15788.84  6908.4375  4.62403e-01  4.62744e-01  4.50861e-01  1.15425e-02
  15817.39  6909.0625  4.75092e-01  5.04514e-01  4.62716e-01  1.23756e-02
  15845.94  6909.6875  4.77840e-01  4.29931e-01  4.64563e-01  1.32762e-02
  15874.49  6910.3125  5.10995e-01  5.35464e-01  4.97157e-01  1.38385e-02
  15903.04  6910.9375  5.26940e-01  5.48885e-01  5.11549e-01  1.53901e-02
  15931.59  6911.5625  5.09924e-01  4.92372e-01  4.94180e-01  1.57443e-02
  15960.14  6912.1875  4.86810e-01  5.15580e-01  4.72325e-01  1.44854e-02
  15988.69  6912.8125  4.72749e-01  4.08946e-01  4.60301e-01  1.24483e-02
  16017.24  6913.4375  5.03967e-01  5.42493e-01  4.92419e-01  1.15480e-02
  16045.79  6914.0625  5.24596e-01  5.17262e-01  5.11385e-01  1.32109e-02
  16074.35  6914.6875  5.12270e-01  5.50599e-01  4.98769e-01  1.35009e-02
  16102.90  6915.3125  4.81695e-01  4.30030e-01  4.68983e-01  1.27123e-02
  16131.45  6915.9375  4.72705e-01  5.15641e-01  4.58734e-01  1.39707e-02
  16160.00  6916.5625  4.65657e-01  4.16990e-01  4.50066e-01  1.55907e-02
  16188.55  6917.1875  4.90524e-01  5.03605e-01  4.74416e-01  1.61077e-02
  16217.10  6917.8125  5.11998e-01  5.35972e-01  4.94986e-01  1.70120e-02
  16245.65  6918.4375  5.05241e-01  4.87895e-01  4.87642e-01  1.75989e-02
  16274.20  6919.0625  4.98487e-01  5.12587e-01  4.82488e-01  1.59990e-02
  16302.75  6919.6875  4.91527e-01  4.76713e-01  4.76491e-01  1.50355e-02
  16331.30  6920.3125  4.92987e-01  4.98336e-01  4.79954e-01  1.30322e-02
  16359.86  6920.9375  4.96727e-01  4.98062e-01  4.86580e-01  1.01472e-02
  16388.41  6921.5625  5.22888e-01  4.74333e-01  5.11328e-01  1.15593e-02
  16416.96  6922.1875  5.66468e-01  6.43765e-01  5.52331e-01  1.41368e-02
  16445.51  6922.8125  5.48245e-01  5.30033e-01  5.31671e-01  1.65739e-02
  16474.06  6923.4375  5.24783e-01  4.97967e-01  5.07119e-01  1.76639e-02
  16502.61  6924.0625  5.35186e-01  5.51423e-01  5.20589e-01  1.45971e-02
  16531.16  6924.6875  5.30318e-01  5.47420e-01  5.17250e-01  1.30676e-02
  16559.71  6925.3125  4.90394e-01  4.96827e-01  4.77321e-01  1.30722e-02
  16588.26  6925.9375  4.47720e-01  4.22352e-01  4.34465e-01  1.32557e-02
  16616.81  6926.5625  4.57599e-01  4.17160e-01  4.45736e-01  1.18626e-02
  16645.37  6927.1875  5.06912e-01  5.54038e-01  4.95901e-01  1.10113e-02
  16673.92  6927.8125  5.01679e-01  5.33339e-01  4.91772e-01  9.90682e-03
  16702.47  6928.4375  4.65937e-01  3.99739e-01  4.55597e-01  1.03394e-02
  16731.02  6929.0625  4.78922e-01  5.10811e-01  4.67341e-01  1.15809e-02
  16759.57  6929.6875  4.96254e-01  4.82060e-01  4.84873e-01  1.13807e-02
  16788.12  6930.3125  4.98175e-01  5.27129e-01  4.86754e-01  1.14213e-02
  16816.67  6930.9375  4.77874e-01  4.64563e-01  4.66053e-01  1.18207e-02
  16845.22  6931.5625  4.71104e-01  4.46797e-01  4.59177e-01  1.19268e-02
  16873.77  6932.1875  4.70994e-01  5.28029e-01  4.58244e-01  1.27502e-02
  16902.33  6932.8125  4.43108e-01  3.89110e-01  4.30236e-01  1.28720e-02
  16930.88  6933.4375  4.57325e-01  4.48970e-01  4.44410e-01  1.29153e-02
  16959.43  6934.0625  4.91415e-01  5.28109e-01  4.81406e-01  1.00086e-02
  16987.98  6934.6875  4.87822e-01  4.82292e-01  4.79148e-01  8.67405e-03
  17016.53  6935.3125  4.83666e-01  4.56903e-01  4.74690e-01  8.97687e-03
  17045.08  6935.9375  4.87424e-01  5.43099e-01  4.76039e-01  1.13854e-02
  17073.63  6936.5625  4.95250e-01  3.86270e-01  4.81994e-01  1.32555e-02
  17102.18  6937.1875  5.43033e-01  6.67843e-01  5.30639e-01  1.23942e-02
  17130.73  6937.8125  5.42712e-01  4.49703e-01  5.31416e-01  1.12958e-02
  17159.28  6938.4375  5.55638e-01  6.21547e-01  5.44941e-01  1.06965e-02
  17187.84  6939.0625  5.50540e-01  5.18127e-01  5.39838e-01  1.07020e-02
  17216.39  6939.6875  5.21712e-01  5.75147e-01  5.10852e-01  1.08600e-02
  17244.94  6940.3125  4.78537e-01  4.12918e-01  4.69787e-01  8.74972e-03
  17273.49  6940.9375  4.86068e-01  4.93349e-01  4.80078e-01  5.99048e-03
  17302.04  6941.5625  5.01893e-01  5.37461e-01  4.94246e-01  7.64785e-03
  17330.59  6942.1875  4.94233e-01  4.48497e-01  4.84731e-01  9.50150e-03
  17359.14  6942.8125  4.99788e-01  5.45175e-01  4.91502e-01  8.28658e-03
  17387.69  6943.4375  4.98680e-01  4.50668e-01  4.90909e-01  7.77032e-03
  17416.24  6944.0625  5.04498e-01  5.58380e-01  4.95690e-01  8.80770e-03
  17444.79  6944.6875  4.91965e-01  4.47243e-01  4.81863e-01  1.01022e-02
  17473.35  6945.3125  4.89472e-01  5.21947e-01  4.78450e-01  1.10220e-02
  17501.90  6945.9375  4.87095e-01  4.55528e-01  4.75967e-01  1.11282e-02
  17530.45  6946.5625  4.94014e-01  5.20821e-01  4.84623e-01  9.39087e-03
  17559.00  6947.1875  5.07552e-01  4.63813e-01  5.00480e-01  7.07175e-03
  17587.55  6947.8125  5.27330e-01  5.90590e-01  5.20435e-01  6.89524e-03
  17616.10  6948.4375  5.14318e-01  4.71079e-01  5.06693e-01  7.62594e-03
  17644.65  6949.0625  5.18231e-01  5.24300e-01  5.11809e-01  6.42203e-03
  17673.20  6949.6875  5.33829e-01  5.40605e-01  5.29623e-01  4.20608e-03
