# day030  epoch=30.0d  L_Halpha=5.541e+40 erg/s  smooth_kms=25.0
# Columns:
#   1: Δv [km/s]      velocity offset from Hα (6562.81 Å), positive = redshift
#   2: lambda [Å]     observed wavelength
#   3: F_norm         total flux, smoothed, normalized to F_cont_baseline
#   4: F_norm_raw     total flux, RAW MC (no velocity smoothing)
#   5: F_cont_smooth  continuum-channel flux (continuum photons only)
#   6: F_vol_smooth   volumetric-channel flux (line emission contribution)
# Format: F_norm ≈ F_cont_smooth + F_vol_smooth (within MC noise)
# ----------------------------------------------------------------------------------------
 -16559.48  6200.3125  1.42091e-01  1.50858e-01  1.42091e-01  0.00000e+00
 -16530.93  6200.9375  1.29154e-01  1.22585e-01  1.29154e-01  0.00000e+00
 -16502.38  6201.5625  1.17908e-01  1.20864e-01  1.17908e-01  0.00000e+00
 -16473.83  6202.1875  1.12021e-01  1.02307e-01  1.12021e-01  0.00000e+00
 -16445.28  6202.8125  1.11900e-01  1.21398e-01  1.11900e-01  0.00000e+00
 -16416.73  6203.4375  1.07250e-01  1.03359e-01  1.07250e-01  0.00000e+00
 -16388.18  6204.0625  1.03154e-01  1.02312e-01  1.03154e-01  0.00000e+00
 -16359.63  6204.6875  1.07576e-01  9.86622e-02  1.07576e-01  0.00000e+00
 -16331.08  6205.3125  1.23247e-01  1.25102e-01  1.23247e-01  0.00000e+00
 -16302.53  6205.9375  1.37498e-01  1.44048e-01  1.37498e-01  0.00000e+00
 -16273.97  6206.5625  1.36140e-01  1.47065e-01  1.36140e-01  0.00000e+00
 -16245.42  6207.1875  1.26478e-01  1.08737e-01  1.26478e-01  0.00000e+00
 -16216.87  6207.8125  1.26235e-01  1.38974e-01  1.26235e-01  0.00000e+00
 -16188.32  6208.4375  1.25463e-01  1.15756e-01  1.25463e-01  0.00000e+00
 -16159.77  6209.0625  1.33245e-01  1.28549e-01  1.33245e-01  0.00000e+00
 -16131.22  6209.6875  1.49628e-01  1.54124e-01  1.49628e-01  0.00000e+00
 -16102.67  6210.3125  1.57230e-01  1.67878e-01  1.57230e-01  0.00000e+00
 -16074.12  6210.9375  1.55320e-01  1.41917e-01  1.55320e-01  0.00000e+00
 -16045.57  6211.5625  1.50473e-01  1.74907e-01  1.50473e-01  0.00000e+00
 -16017.01  6212.1875  1.31930e-01  1.13308e-01  1.31930e-01  0.00000e+00
 -15988.46  6212.8125  1.21204e-01  1.26089e-01  1.21204e-01  0.00000e+00
 -15959.91  6213.4375  1.19119e-01  1.10806e-01  1.19119e-01  0.00000e+00
 -15931.36  6214.0625  1.20061e-01  1.30326e-01  1.20061e-01  0.00000e+00
 -15902.81  6214.6875  1.19672e-01  1.06349e-01  1.19672e-01  0.00000e+00
 -15874.26  6215.3125  1.21609e-01  1.37922e-01  1.21609e-01  0.00000e+00
 -15845.71  6215.9375  1.16703e-01  1.04769e-01  1.16703e-01  0.00000e+00
 -15817.16  6216.5625  1.16939e-01  1.18780e-01  1.16939e-01  0.00000e+00
 -15788.61  6217.1875  1.17780e-01  1.24194e-01  1.17780e-01  0.00000e+00
 -15760.06  6217.8125  1.13991e-01  1.06054e-01  1.13991e-01  0.00000e+00
 -15731.50  6218.4375  1.14047e-01  1.19173e-01  1.14047e-01  0.00000e+00
 -15702.95  6219.0625  1.18211e-01  1.07705e-01  1.18211e-01  0.00000e+00
 -15674.40  6219.6875  1.31226e-01  1.33927e-01  1.31226e-01  0.00000e+00
 -15645.85  6220.3125  1.35313e-01  1.55392e-01  1.35313e-01  0.00000e+00
 -15617.30  6220.9375  1.23872e-01  1.03118e-01  1.23872e-01  0.00000e+00
 -15588.75  6221.5625  1.26552e-01  1.28172e-01  1.26552e-01  0.00000e+00
 -15560.20  6222.1875  1.32689e-01  1.42731e-01  1.32689e-01  0.00000e+00
 -15531.65  6222.8125  1.22400e-01  1.28232e-01  1.22400e-01  0.00000e+00
 -15503.10  6223.4375  1.12434e-01  8.84763e-02  1.12434e-01  0.00000e+00
 -15474.55  6224.0625  1.26641e-01  1.33489e-01  1.26641e-01  0.00000e+00
 -15445.99  6224.6875  1.48480e-01  1.43527e-01  1.48480e-01  0.00000e+00
 -15417.44  6225.3125  1.62461e-01  1.80929e-01  1.62461e-01  0.00000e+00
 -15388.89  6225.9375  1.56288e-01  1.53183e-01  1.56288e-01  0.00000e+00
 -15360.34  6226.5625  1.41224e-01  1.44659e-01  1.41224e-01  0.00000e+00
 -15331.79  6227.1875  1.24793e-01  1.21945e-01  1.24793e-01  0.00000e+00
 -15303.24  6227.8125  1.13810e-01  1.07591e-01  1.13810e-01  0.00000e+00
 -15274.69  6228.4375  1.09677e-01  1.15033e-01  1.09677e-01  0.00000e+00
 -15246.14  6229.0625  1.05990e-01  9.99460e-02  1.05990e-01  0.00000e+00
 -15217.59  6229.6875  1.08832e-01  1.06705e-01  1.08832e-01  0.00000e+00
 -15189.03  6230.3125  1.20957e-01  1.15159e-01  1.20957e-01  0.00000e+00
 -15160.48  6230.9375  1.32124e-01  1.49111e-01  1.32124e-01  0.00000e+00
 -15131.93  6231.5625  1.26791e-01  1.22852e-01  1.26791e-01  0.00000e+00
 -15103.38  6232.1875  1.20357e-01  1.13948e-01  1.20357e-01  0.00000e+00
 -15074.83  6232.8125  1.22030e-01  1.25835e-01  1.22030e-01  0.00000e+00
 -15046.28  6233.4375  1.22045e-01  1.22245e-01  1.22045e-01  0.00000e+00
 -15017.73  6234.0625  1.12052e-01  1.26078e-01  1.12052e-01  0.00000e+00
 -14989.18  6234.6875  9.91004e-02  7.22343e-02  9.91004e-02  0.00000e+00
 -14960.63  6235.3125  1.08726e-01  1.16920e-01  1.08726e-01  0.00000e+00
 -14932.08  6235.9375  1.24854e-01  1.20775e-01  1.24854e-01  0.00000e+00
 -14903.52  6236.5625  1.26877e-01  1.53199e-01  1.26877e-01  0.00000e+00
 -14874.97  6237.1875  1.05786e-01  8.98968e-02  1.05786e-01  0.00000e+00
 -14846.42  6237.8125  9.47448e-02  8.72481e-02  9.47448e-02  0.00000e+00
 -14817.87  6238.4375  1.03553e-01  1.01100e-01  1.03553e-01  0.00000e+00
 -14789.32  6239.0625  1.12938e-01  1.26018e-01  1.12938e-01  0.00000e+00
 -14760.77  6239.6875  1.09562e-01  1.05165e-01  1.09562e-01  0.00000e+00
 -14732.22  6240.3125  1.10657e-01  1.00032e-01  1.10657e-01  0.00000e+00
 -14703.67  6240.9375  1.27894e-01  1.27787e-01  1.27894e-01  0.00000e+00
 -14675.12  6241.5625  1.44494e-01  1.56090e-01  1.44494e-01  0.00000e+00
 -14646.57  6242.1875  1.40103e-01  1.50472e-01  1.40103e-01  0.00000e+00
 -14618.01  6242.8125  1.22083e-01  1.10130e-01  1.22083e-01  0.00000e+00
 -14589.46  6243.4375  1.13559e-01  1.13174e-01  1.13559e-01  0.00000e+00
 -14560.91  6244.0625  1.13366e-01  1.12955e-01  1.13366e-01  0.00000e+00
 -14532.36  6244.6875  1.24567e-01  1.06685e-01  1.24567e-01  0.00000e+00
 -14503.81  6245.3125  1.47455e-01  1.67731e-01  1.47455e-01  0.00000e+00
 -14475.26  6245.9375  1.52440e-01  1.55563e-01  1.52440e-01  0.00000e+00
 -14446.71  6246.5625  1.44882e-01  1.39129e-01  1.44882e-01  0.00000e+00
 -14418.16  6247.1875  1.39277e-01  1.44051e-01  1.39277e-01  0.00000e+00
 -14389.61  6247.8125  1.28109e-01  1.33846e-01  1.28109e-01  0.00000e+00
 -14361.06  6248.4375  1.21014e-01  9.60869e-02  1.21014e-01  0.00000e+00
 -14332.50  6249.0625  1.31284e-01  1.51987e-01  1.31284e-01  0.00000e+00
 -14303.95  6249.6875  1.34946e-01  1.25219e-01  1.34946e-01  0.00000e+00
 -14275.40  6250.3125  1.41352e-01  1.37595e-01  1.41352e-01  0.00000e+00
 -14246.85  6250.9375  1.45264e-01  1.67488e-01  1.45264e-01  0.00000e+00
 -14218.30  6251.5625  1.36890e-01  1.12401e-01  1.36890e-01  0.00000e+00
 -14189.75  6252.1875  1.44189e-01  1.49235e-01  1.44189e-01  0.00000e+00
 -14161.20  6252.8125  1.49620e-01  1.65899e-01  1.49620e-01  0.00000e+00
 -14132.65  6253.4375  1.41854e-01  1.23651e-01  1.41854e-01  0.00000e+00
 -14104.10  6254.0625  1.42902e-01  1.51801e-01  1.42902e-01  0.00000e+00
 -14075.54  6254.6875  1.42709e-01  1.42452e-01  1.42709e-01  0.00000e+00
 -14046.99  6255.3125  1.37329e-01  1.38749e-01  1.37329e-01  0.00000e+00
 -14018.44  6255.9375  1.31925e-01  1.28520e-01  1.31925e-01  0.00000e+00
 -13989.89  6256.5625  1.29765e-01  1.30497e-01  1.29765e-01  0.00000e+00
 -13961.34  6257.1875  1.28505e-01  1.28964e-01  1.28505e-01  0.00000e+00
 -13932.79  6257.8125  1.28002e-01  1.24574e-01  1.28002e-01  0.00000e+00
 -13904.24  6258.4375  1.25300e-01  1.36428e-01  1.25300e-01  0.00000e+00
 -13875.69  6259.0625  1.15327e-01  1.06311e-01  1.15327e-01  0.00000e+00
 -13847.14  6259.6875  1.11934e-01  1.10213e-01  1.11934e-01  0.00000e+00
 -13818.59  6260.3125  1.17754e-01  1.14182e-01  1.17754e-01  0.00000e+00
 -13790.03  6260.9375  1.23321e-01  1.34073e-01  1.23321e-01  0.00000e+00
 -13761.48  6261.5625  1.20549e-01  1.15063e-01  1.20549e-01  0.00000e+00
 -13732.93  6262.1875  1.25562e-01  1.12624e-01  1.25562e-01  0.00000e+00
 -13704.38  6262.8125  1.34232e-01  1.62890e-01  1.34232e-01  0.00000e+00
 -13675.83  6263.4375  1.26098e-01  1.02814e-01  1.26098e-01  0.00000e+00
 -13647.28  6264.0625  1.19305e-01  1.41012e-01  1.19305e-01  0.00000e+00
 -13618.73  6264.6875  1.04619e-01  9.16268e-02  1.04619e-01  0.00000e+00
 -13590.18  6265.3125  9.68267e-02  9.47282e-02  9.68267e-02  0.00000e+00
 -13561.63  6265.9375  1.08473e-01  9.10930e-02  1.08473e-01  0.00000e+00
 -13533.08  6266.5625  1.26928e-01  1.57802e-01  1.26928e-01  0.00000e+00
 -13504.52  6267.1875  1.26059e-01  1.07440e-01  1.26059e-01  0.00000e+00
 -13475.97  6267.8125  1.30682e-01  1.31641e-01  1.30682e-01  0.00000e+00
 -13447.42  6268.4375  1.34274e-01  1.51723e-01  1.34274e-01  0.00000e+00
 -13418.87  6269.0625  1.25267e-01  1.07677e-01  1.25267e-01  0.00000e+00
 -13390.32  6269.6875  1.26744e-01  1.29857e-01  1.26744e-01  0.00000e+00
 -13361.77  6270.3125  1.27928e-01  1.39700e-01  1.27928e-01  0.00000e+00
 -13333.22  6270.9375  1.27843e-01  1.01186e-01  1.27843e-01  0.00000e+00
 -13304.67  6271.5625  1.46064e-01  1.61409e-01  1.46064e-01  0.00000e+00
 -13276.12  6272.1875  1.48368e-01  1.68021e-01  1.48368e-01  0.00000e+00
 -13247.56  6272.8125  1.28557e-01  1.07578e-01  1.28557e-01  0.00000e+00
 -13219.01  6273.4375  1.21950e-01  1.26559e-01  1.21950e-01  0.00000e+00
 -13190.46  6274.0625  1.28544e-01  1.15415e-01  1.28544e-01  0.00000e+00
 -13161.91  6274.6875  1.36587e-01  1.59725e-01  1.36587e-01  0.00000e+00
 -13133.36  6275.3125  1.23209e-01  1.21064e-01  1.23209e-01  0.00000e+00
 -13104.81  6275.9375  1.07286e-01  9.42756e-02  1.07286e-01  0.00000e+00
 -13076.26  6276.5625  1.14792e-01  1.05588e-01  1.14792e-01  0.00000e+00
 -13047.71  6277.1875  1.39810e-01  1.43091e-01  1.39810e-01  0.00000e+00
 -13019.16  6277.8125  1.51989e-01  1.76268e-01  1.51989e-01  0.00000e+00
 -12990.61  6278.4375  1.37162e-01  1.26755e-01  1.37162e-01  0.00000e+00
 -12962.05  6279.0625  1.34246e-01  1.11279e-01  1.34246e-01  0.00000e+00
 -12933.50  6279.6875  1.47992e-01  1.80525e-01  1.47992e-01  0.00000e+00
 -12904.95  6280.3125  1.37333e-01  1.30216e-01  1.37333e-01  0.00000e+00
 -12876.40  6280.9375  1.23546e-01  1.12448e-01  1.23546e-01  0.00000e+00
 -12847.85  6281.5625  1.22401e-01  1.31924e-01  1.22401e-01  0.00000e+00
 -12819.30  6282.1875  1.22636e-01  1.10861e-01  1.22636e-01  0.00000e+00
 -12790.75  6282.8125  1.30149e-01  1.34193e-01  1.30149e-01  0.00000e+00
 -12762.20  6283.4375  1.30491e-01  1.45816e-01  1.30491e-01  0.00000e+00
 -12733.65  6284.0625  1.21239e-01  9.96150e-02  1.21239e-01  0.00000e+00
 -12705.10  6284.6875  1.27330e-01  1.33871e-01  1.27330e-01  0.00000e+00
 -12676.54  6285.3125  1.35390e-01  1.38514e-01  1.35390e-01  0.00000e+00
 -12647.99  6285.9375  1.35537e-01  1.36551e-01  1.35537e-01  0.00000e+00
 -12619.44  6286.5625  1.33056e-01  1.30751e-01  1.33056e-01  0.00000e+00
 -12590.89  6287.1875  1.25111e-01  1.39392e-01  1.25111e-01  0.00000e+00
 -12562.34  6287.8125  1.14641e-01  8.94362e-02  1.14641e-01  0.00000e+00
 -12533.79  6288.4375  1.26187e-01  1.30732e-01  1.26187e-01  0.00000e+00
 -12505.24  6289.0625  1.40742e-01  1.49934e-01  1.40742e-01  0.00000e+00
 -12476.69  6289.6875  1.38169e-01  1.43256e-01  1.38169e-01  0.00000e+00
 -12448.14  6290.3125  1.26413e-01  1.21336e-01  1.26413e-01  0.00000e+00
 -12419.58  6290.9375  1.22897e-01  1.14211e-01  1.22897e-01  0.00000e+00
 -12391.03  6291.5625  1.26704e-01  1.39344e-01  1.26704e-01  0.00000e+00
 -12362.48  6292.1875  1.27007e-01  1.13418e-01  1.27007e-01  0.00000e+00
 -12333.93  6292.8125  1.31490e-01  1.41895e-01  1.31490e-01  0.00000e+00
 -12305.38  6293.4375  1.26198e-01  1.32943e-01  1.26198e-01  0.00000e+00
 -12276.83  6294.0625  1.13813e-01  1.01372e-01  1.13813e-01  0.00000e+00
 -12248.28  6294.6875  1.16145e-01  1.10931e-01  1.16145e-01  0.00000e+00
 -12219.73  6295.3125  1.23827e-01  1.40195e-01  1.23827e-01  0.00000e+00
 -12191.18  6295.9375  1.28941e-01  1.01296e-01  1.28941e-01  0.00000e+00
 -12162.63  6296.5625  1.41127e-01  1.74276e-01  1.41127e-01  0.00000e+00
 -12134.07  6297.1875  1.28112e-01  1.24494e-01  1.28112e-01  0.00000e+00
 -12105.52  6297.8125  1.12156e-01  9.32004e-02  1.12156e-01  0.00000e+00
 -12076.97  6298.4375  1.20486e-01  1.23585e-01  1.20486e-01  0.00000e+00
 -12048.42  6299.0625  1.32377e-01  1.38814e-01  1.32377e-01  0.00000e+00
 -12019.87  6299.6875  1.32289e-01  1.35502e-01  1.32289e-01  0.00000e+00
 -11991.32  6300.3125  1.22524e-01  1.25848e-01  1.22524e-01  0.00000e+00
 -11962.77  6300.9375  1.17250e-01  9.78173e-02  1.17250e-01  0.00000e+00
 -11934.22  6301.5625  1.23757e-01  1.44639e-01  1.23757e-01  0.00000e+00
 -11905.67  6302.1875  1.25289e-01  1.06500e-01  1.25289e-01  0.00000e+00
 -11877.12  6302.8125  1.35640e-01  1.42133e-01  1.35640e-01  0.00000e+00
 -11848.56  6303.4375  1.41938e-01  1.51455e-01  1.41938e-01  0.00000e+00
 -11820.01  6304.0625  1.28702e-01  1.35956e-01  1.28702e-01  0.00000e+00
 -11791.46  6304.6875  1.14549e-01  8.91872e-02  1.14549e-01  0.00000e+00
 -11762.91  6305.3125  1.19362e-01  1.36859e-01  1.19362e-01  0.00000e+00
 -11734.36  6305.9375  1.23256e-01  1.10851e-01  1.23256e-01  0.00000e+00
 -11705.81  6306.5625  1.28927e-01  1.37144e-01  1.28927e-01  0.00000e+00
 -11677.26  6307.1875  1.30612e-01  1.30708e-01  1.30612e-01  0.00000e+00
 -11648.71  6307.8125  1.29794e-01  1.25963e-01  1.29794e-01  0.00000e+00
 -11620.16  6308.4375  1.31608e-01  1.35703e-01  1.31608e-01  0.00000e+00
 -11591.60  6309.0625  1.35448e-01  1.25865e-01  1.35448e-01  0.00000e+00
 -11563.05  6309.6875  1.37852e-01  1.57835e-01  1.37852e-01  0.00000e+00
 -11534.50  6310.3125  1.24671e-01  1.16115e-01  1.24671e-01  0.00000e+00
 -11505.95  6310.9375  1.15140e-01  1.08321e-01  1.15140e-01  0.00000e+00
 -11477.40  6311.5625  1.17547e-01  1.20502e-01  1.17547e-01  0.00000e+00
 -11448.85  6312.1875  1.22483e-01  1.19218e-01  1.22483e-01  0.00000e+00
 -11420.30  6312.8125  1.29895e-01  1.29707e-01  1.29895e-01  0.00000e+00
 -11391.75  6313.4375  1.33141e-01  1.44382e-01  1.33141e-01  0.00000e+00
 -11363.20  6314.0625  1.30715e-01  1.15079e-01  1.30715e-01  0.00000e+00
 -11334.65  6314.6875  1.35384e-01  1.46992e-01  1.35384e-01  0.00000e+00
 -11306.09  6315.3125  1.35262e-01  1.32597e-01  1.35262e-01  0.00000e+00
 -11277.54  6315.9375  1.31318e-01  1.32632e-01  1.31318e-01  0.00000e+00
 -11248.99  6316.5625  1.26945e-01  1.27728e-01  1.26945e-01  0.00000e+00
 -11220.44  6317.1875  1.29596e-01  1.13426e-01  1.29596e-01  0.00000e+00
 -11191.89  6317.8125  1.35294e-01  1.66372e-01  1.35294e-01  0.00000e+00
 -11163.34  6318.4375  1.24784e-01  9.89871e-02  1.24784e-01  0.00000e+00
 -11134.79  6319.0625  1.27427e-01  1.32376e-01  1.27427e-01  0.00000e+00
 -11106.24  6319.6875  1.38152e-01  1.37361e-01  1.38152e-01  0.00000e+00
 -11077.69  6320.3125  1.40703e-01  1.52828e-01  1.40703e-01  0.00000e+00
 -11049.14  6320.9375  1.31815e-01  1.24574e-01  1.31815e-01  0.00000e+00
 -11020.58  6321.5625  1.27100e-01  1.24103e-01  1.27100e-01  0.00000e+00
 -10992.03  6322.1875  1.30562e-01  1.30364e-01  1.30562e-01  0.00000e+00
 -10963.48  6322.8125  1.36673e-01  1.35648e-01  1.36673e-01  0.00000e+00
 -10934.93  6323.4375  1.39855e-01  1.48334e-01  1.39855e-01  0.00000e+00
 -10906.38  6324.0625  1.41431e-01  1.24219e-01  1.41431e-01  0.00000e+00
 -10877.83  6324.6875  1.39150e-01  1.77624e-01  1.39150e-01  0.00000e+00
 -10849.28  6325.3125  1.24545e-01  7.57547e-02  1.24545e-01  0.00000e+00
 -10820.73  6325.9375  1.37837e-01  1.61260e-01  1.37837e-01  0.00000e+00
 -10792.18  6326.5625  1.44603e-01  1.51313e-01  1.44603e-01  0.00000e+00
 -10763.62  6327.1875  1.37853e-01  1.23856e-01  1.37853e-01  0.00000e+00
 -10735.07  6327.8125  1.36613e-01  1.50995e-01  1.36613e-01  0.00000e+00
 -10706.52  6328.4375  1.32953e-01  1.18428e-01  1.32953e-01  0.00000e+00
 -10677.97  6329.0625  1.34257e-01  1.45017e-01  1.34257e-01  0.00000e+00
 -10649.42  6329.6875  1.36037e-01  1.24994e-01  1.36037e-01  0.00000e+00
 -10620.87  6330.3125  1.43104e-01  1.48699e-01  1.43104e-01  0.00000e+00
 -10592.32  6330.9375  1.48221e-01  1.49394e-01  1.48221e-01  0.00000e+00
 -10563.77  6331.5625  1.47506e-01  1.49869e-01  1.47506e-01  0.00000e+00
 -10535.22  6332.1875  1.45718e-01  1.40512e-01  1.45718e-01  0.00000e+00
 -10506.67  6332.8125  1.46542e-01  1.51384e-01  1.46542e-01  0.00000e+00
 -10478.11  6333.4375  1.45174e-01  1.43293e-01  1.45174e-01  0.00000e+00
 -10449.56  6334.0625  1.44237e-01  1.42975e-01  1.44237e-01  0.00000e+00
 -10421.01  6334.6875  1.45001e-01  1.46974e-01  1.45001e-01  0.00000e+00
 -10392.46  6335.3125  1.47713e-01  1.40975e-01  1.47713e-01  0.00000e+00
 -10363.91  6335.9375  1.51862e-01  1.62472e-01  1.51862e-01  0.00000e+00
 -10335.36  6336.5625  1.46632e-01  1.45367e-01  1.46632e-01  0.00000e+00
 -10306.81  6337.1875  1.36972e-01  1.36946e-01  1.36972e-01  0.00000e+00
 -10278.26  6337.8125  1.29122e-01  1.26737e-01  1.29122e-01  0.00000e+00
 -10249.71  6338.4375  1.22846e-01  1.25532e-01  1.22846e-01  0.00000e+00
 -10221.16  6339.0625  1.14621e-01  1.15241e-01  1.14621e-01  0.00000e+00
 -10192.60  6339.6875  1.13813e-01  9.70092e-02  1.13813e-01  0.00000e+00
 -10164.05  6340.3125  1.26416e-01  1.39762e-01  1.26416e-01  0.00000e+00
 -10135.50  6340.9375  1.25736e-01  1.37101e-01  1.25736e-01  0.00000e+00
 -10106.95  6341.5625  1.23217e-01  8.69510e-02  1.23217e-01  0.00000e+00
 -10078.40  6342.1875  1.41578e-01  1.75436e-01  1.41578e-01  0.00000e+00
 -10049.85  6342.8125  1.43565e-01  1.31841e-01  1.43565e-01  0.00000e+00
 -10021.30  6343.4375  1.41068e-01  1.41310e-01  1.41068e-01  0.00000e+00
  -9992.75  6344.0625  1.34590e-01  1.52075e-01  1.34590e-01  0.00000e+00
  -9964.20  6344.6875  1.22963e-01  9.26770e-02  1.22963e-01  0.00000e+00
  -9935.65  6345.3125  1.31852e-01  1.47195e-01  1.31852e-01  0.00000e+00
  -9907.09  6345.9375  1.38955e-01  1.37494e-01  1.38955e-01  0.00000e+00
  -9878.54  6346.5625  1.39119e-01  1.39756e-01  1.39119e-01  0.00000e+00
  -9849.99  6347.1875  1.35983e-01  1.41343e-01  1.35983e-01  0.00000e+00
  -9821.44  6347.8125  1.34940e-01  1.19535e-01  1.34940e-01  0.00000e+00
  -9792.89  6348.4375  1.51850e-01  1.48542e-01  1.51850e-01  0.00000e+00
  -9764.34  6349.0625  1.58700e-01  1.98794e-01  1.58700e-01  0.00000e+00
  -9735.79  6349.6875  1.28029e-01  1.06361e-01  1.28029e-01  0.00000e+00
  -9707.24  6350.3125  1.08952e-01  9.79519e-02  1.08952e-01  0.00000e+00
  -9678.69  6350.9375  1.19609e-01  1.13250e-01  1.19609e-01  0.00000e+00
  -9650.13  6351.5625  1.34846e-01  1.54364e-01  1.34846e-01  0.00000e+00
  -9621.58  6352.1875  1.36098e-01  1.22364e-01  1.36098e-01  0.00000e+00
  -9593.03  6352.8125  1.36955e-01  1.49214e-01  1.36955e-01  0.00000e+00
  -9564.48  6353.4375  1.35714e-01  1.24569e-01  1.35714e-01  0.00000e+00
  -9535.93  6354.0625  1.39684e-01  1.44756e-01  1.39684e-01  0.00000e+00
  -9507.38  6354.6875  1.48471e-01  1.38679e-01  1.48471e-01  0.00000e+00
  -9478.83  6355.3125  1.55979e-01  1.76132e-01  1.55979e-01  0.00000e+00
  -9450.28  6355.9375  1.52063e-01  1.35365e-01  1.52063e-01  0.00000e+00
  -9421.73  6356.5625  1.51762e-01  1.63537e-01  1.51762e-01  0.00000e+00
  -9393.18  6357.1875  1.51471e-01  1.40638e-01  1.51471e-01  0.00000e+00
  -9364.62  6357.8125  1.53158e-01  1.62773e-01  1.53158e-01  0.00000e+00
  -9336.07  6358.4375  1.47808e-01  1.49302e-01  1.47808e-01  0.00000e+00
  -9307.52  6359.0625  1.43884e-01  1.28197e-01  1.43884e-01  0.00000e+00
  -9278.97  6359.6875  1.47905e-01  1.67498e-01  1.47905e-01  0.00000e+00
  -9250.42  6360.3125  1.38271e-01  1.33661e-01  1.38271e-01  0.00000e+00
  -9221.87  6360.9375  1.27770e-01  1.20890e-01  1.27770e-01  0.00000e+00
  -9193.32  6361.5625  1.30842e-01  1.26237e-01  1.30842e-01  0.00000e+00
  -9164.77  6362.1875  1.34605e-01  1.50999e-01  1.34605e-01  0.00000e+00
  -9136.22  6362.8125  1.22227e-01  1.18019e-01  1.22227e-01  0.00000e+00
  -9107.67  6363.4375  1.09478e-01  1.03377e-01  1.09478e-01  0.00000e+00
  -9079.11  6364.0625  1.09540e-01  1.05369e-01  1.09540e-01  0.00000e+00
  -9050.56  6364.6875  1.19885e-01  1.17491e-01  1.19885e-01  0.00000e+00
  -9022.01  6365.3125  1.25384e-01  1.43671e-01  1.25384e-01  0.00000e+00
  -8993.46  6365.9375  1.14214e-01  1.03888e-01  1.14214e-01  0.00000e+00
  -8964.91  6366.5625  1.05232e-01  1.07040e-01  1.05232e-01  0.00000e+00
  -8936.36  6367.1875  1.07983e-01  9.29393e-02  1.07983e-01  0.00000e+00
  -8907.81  6367.8125  1.18511e-01  1.38109e-01  1.18511e-01  0.00000e+00
  -8879.26  6368.4375  1.17435e-01  1.08134e-01  1.17435e-01  0.00000e+00
  -8850.71  6369.0625  1.15038e-01  1.18973e-01  1.15038e-01  0.00000e+00
  -8822.15  6369.6875  1.13440e-01  1.11722e-01  1.13440e-01  0.00000e+00
  -8793.60  6370.3125  1.12485e-01  1.11695e-01  1.12485e-01  0.00000e+00
  -8765.05  6370.9375  1.12591e-01  1.14610e-01  1.12591e-01  0.00000e+00
  -8736.50  6371.5625  1.15659e-01  1.06330e-01  1.15659e-01  0.00000e+00
  -8707.95  6372.1875  1.20537e-01  1.36727e-01  1.20537e-01  0.00000e+00
  -8679.40  6372.8125  1.17477e-01  1.04764e-01  1.17477e-01  0.00000e+00
  -8650.85  6373.4375  1.27232e-01  1.17314e-01  1.27232e-01  0.00000e+00
  -8622.30  6374.0625  1.44201e-01  1.65339e-01  1.44201e-01  0.00000e+00
  -8593.75  6374.6875  1.33636e-01  1.44028e-01  1.33636e-01  0.00000e+00
  -8565.20  6375.3125  1.06946e-01  9.03035e-02  1.06946e-01  0.00000e+00
  -8536.64  6375.9375  9.97078e-02  9.32389e-02  9.97078e-02  0.00000e+00
  -8508.09  6376.5625  1.15260e-01  1.06936e-01  1.15260e-01  0.00000e+00
  -8479.54  6377.1875  1.33077e-01  1.55053e-01  1.33077e-01  0.00000e+00
  -8450.99  6377.8125  1.27895e-01  1.26767e-01  1.27895e-01  0.00000e+00
  -8422.44  6378.4375  1.17990e-01  1.05786e-01  1.17990e-01  0.00000e+00
  -8393.89  6379.0625  1.15956e-01  1.31238e-01  1.15956e-01  0.00000e+00
  -8365.34  6379.6875  1.17322e-01  9.00650e-02  1.17322e-01  0.00000e+00
  -8336.79  6380.3125  1.39920e-01  1.48902e-01  1.39920e-01  0.00000e+00
  -8308.24  6380.9375  1.51497e-01  1.76546e-01  1.51497e-01  0.00000e+00
  -8279.69  6381.5625  1.29314e-01  1.23381e-01  1.29314e-01  0.00000e+00
  -8251.13  6382.1875  1.10147e-01  9.19297e-02  1.10147e-01  0.00000e+00
  -8222.58  6382.8125  1.11640e-01  1.23163e-01  1.11640e-01  0.00000e+00
  -8194.03  6383.4375  1.17297e-01  1.02657e-01  1.17297e-01  0.00000e+00
  -8165.48  6384.0625  1.24676e-01  1.43874e-01  1.24676e-01  0.00000e+00
  -8136.93  6384.6875  1.19913e-01  1.11855e-01  1.19913e-01  0.00000e+00
  -8108.38  6385.3125  1.16179e-01  1.13203e-01  1.16179e-01  0.00000e+00
  -8079.83  6385.9375  1.14841e-01  1.25416e-01  1.14841e-01  0.00000e+00
  -8051.28  6386.5625  1.11726e-01  9.40574e-02  1.11726e-01  0.00000e+00
  -8022.73  6387.1875  1.17877e-01  1.31961e-01  1.17877e-01  0.00000e+00
  -7994.17  6387.8125  1.25281e-01  1.08582e-01  1.25281e-01  0.00000e+00
  -7965.62  6388.4375  1.38496e-01  1.52567e-01  1.38496e-01  0.00000e+00
  -7937.07  6389.0625  1.41904e-01  1.42373e-01  1.41904e-01  0.00000e+00
  -7908.52  6389.6875  1.31193e-01  1.41413e-01  1.31193e-01  0.00000e+00
  -7879.97  6390.3125  1.18432e-01  9.78017e-02  1.18432e-01  0.00000e+00
  -7851.42  6390.9375  1.23459e-01  1.28796e-01  1.23459e-01  0.00000e+00
  -7822.87  6391.5625  1.28211e-01  1.37659e-01  1.28211e-01  0.00000e+00
  -7794.32  6392.1875  1.25019e-01  1.12958e-01  1.25019e-01  0.00000e+00
  -7765.77  6392.8125  1.29513e-01  1.33167e-01  1.29513e-01  0.00000e+00
  -7737.22  6393.4375  1.31572e-01  1.39156e-01  1.31572e-01  0.00000e+00
  -7708.66  6394.0625  1.22334e-01  1.21531e-01  1.22334e-01  0.00000e+00
  -7680.11  6394.6875  1.12010e-01  1.07597e-01  1.12010e-01  0.00000e+00
  -7651.56  6395.3125  1.07914e-01  1.08996e-01  1.07914e-01  0.00000e+00
  -7623.01  6395.9375  1.17494e-01  9.59711e-02  1.17494e-01  0.00000e+00
  -7594.46  6396.5625  1.42841e-01  1.63330e-01  1.42841e-01  0.00000e+00
  -7565.91  6397.1875  1.54108e-01  1.54062e-01  1.54108e-01  0.00000e+00
  -7537.36  6397.8125  1.56234e-01  1.50832e-01  1.56234e-01  0.00000e+00
  -7508.81  6398.4375  1.51609e-01  1.74046e-01  1.51609e-01  0.00000e+00
  -7480.26  6399.0625  1.27522e-01  1.16347e-01  1.27522e-01  0.00000e+00
  -7451.71  6399.6875  1.12648e-01  1.00312e-01  1.12648e-01  0.00000e+00
  -7423.15  6400.3125  1.23867e-01  1.17118e-01  1.23867e-01  0.00000e+00
  -7394.60  6400.9375  1.41988e-01  1.58258e-01  1.41988e-01  0.00000e+00
  -7366.05  6401.5625  1.41980e-01  1.44564e-01  1.41980e-01  0.00000e+00
  -7337.50  6402.1875  1.39401e-01  1.20209e-01  1.39401e-01  0.00000e+00
  -7308.95  6402.8125  1.41836e-01  1.73704e-01  1.41836e-01  0.00000e+00
  -7280.40  6403.4375  1.28891e-01  1.03079e-01  1.28891e-01  0.00000e+00
  -7251.85  6404.0625  1.29201e-01  1.32872e-01  1.29201e-01  0.00000e+00
  -7223.30  6404.6875  1.34205e-01  1.42361e-01  1.34205e-01  0.00000e+00
  -7194.75  6405.3125  1.26963e-01  1.27653e-01  1.26963e-01  0.00000e+00
  -7166.19  6405.9375  1.20377e-01  1.08989e-01  1.20377e-01  0.00000e+00
  -7137.64  6406.5625  1.24308e-01  1.30761e-01  1.24308e-01  0.00000e+00
  -7109.09  6407.1875  1.26106e-01  1.27858e-01  1.26106e-01  0.00000e+00
  -7080.54  6407.8125  1.31920e-01  1.14071e-01  1.31920e-01  0.00000e+00
  -7051.99  6408.4375  1.43956e-01  1.71630e-01  1.43956e-01  0.00000e+00
  -7023.44  6409.0625  1.39459e-01  1.23984e-01  1.39459e-01  0.00000e+00
  -6994.89  6409.6875  1.42300e-01  1.36525e-01  1.42300e-01  0.00000e+00
  -6966.34  6410.3125  1.50355e-01  1.68767e-01  1.50355e-01  0.00000e+00
  -6937.79  6410.9375  1.42146e-01  1.35254e-01  1.42146e-01  0.00000e+00
  -6909.24  6411.5625  1.32963e-01  1.31310e-01  1.32963e-01  0.00000e+00
  -6880.68  6412.1875  1.27412e-01  1.31464e-01  1.27412e-01  0.00000e+00
  -6852.13  6412.8125  1.23824e-01  1.14009e-01  1.23824e-01  0.00000e+00
  -6823.58  6413.4375  1.32059e-01  1.28997e-01  1.32059e-01  0.00000e+00
  -6795.03  6414.0625  1.38150e-01  1.59011e-01  1.38150e-01  0.00000e+00
  -6766.48  6414.6875  1.29954e-01  1.11228e-01  1.29954e-01  0.00000e+00
  -6737.93  6415.3125  1.33504e-01  1.33919e-01  1.33504e-01  0.00000e+00
  -6709.38  6415.9375  1.39893e-01  1.52316e-01  1.39893e-01  0.00000e+00
  -6680.83  6416.5625  1.35190e-01  1.27145e-01  1.35190e-01  0.00000e+00
  -6652.28  6417.1875  1.36126e-01  1.30943e-01  1.36126e-01  0.00000e+00
  -6623.73  6417.8125  1.37114e-01  1.56447e-01  1.37114e-01  0.00000e+00
  -6595.17  6418.4375  1.23081e-01  1.11108e-01  1.23081e-01  0.00000e+00
  -6566.62  6419.0625  1.14616e-01  1.12300e-01  1.14616e-01  0.00000e+00
  -6538.07  6419.6875  1.12131e-01  1.18784e-01  1.12131e-01  0.00000e+00
  -6509.52  6420.3125  1.08425e-01  9.90384e-02  1.08425e-01  0.00000e+00
  -6480.97  6420.9375  1.15768e-01  1.11682e-01  1.15768e-01  0.00000e+00
  -6452.42  6421.5625  1.33279e-01  1.33559e-01  1.33279e-01  0.00000e+00
  -6423.87  6422.1875  1.43351e-01  1.60570e-01  1.43351e-01  1.07025e-08
  -6395.32  6422.8125  1.40078e-01  1.23135e-01  1.40077e-01  1.02801e-06
  -6366.77  6423.4375  1.39907e-01  1.56159e-01  1.39880e-01  2.67966e-05
  -6338.21  6424.0625  1.41105e-01  1.17770e-01  1.40916e-01  1.89552e-04
  -6309.66  6424.6875  1.49966e-01  1.74304e-01  1.49602e-01  3.63868e-04
  -6281.11  6425.3125  1.49014e-01  1.33042e-01  1.48824e-01  1.89552e-04
  -6252.56  6425.9375  1.45123e-01  1.62926e-01  1.45097e-01  2.67966e-05
  -6224.01  6426.5625  1.35563e-01  1.19939e-01  1.35562e-01  1.02801e-06
  -6195.46  6427.1875  1.32585e-01  1.39555e-01  1.32585e-01  1.07025e-08
  -6166.91  6427.8125  1.33170e-01  1.26970e-01  1.33170e-01  0.00000e+00
  -6138.36  6428.4375  1.41817e-01  1.35380e-01  1.41817e-01  0.00000e+00
  -6109.81  6429.0625  1.54134e-01  1.67901e-01  1.54134e-01  0.00000e+00
  -6081.26  6429.6875  1.51254e-01  1.53060e-01  1.51254e-01  0.00000e+00
  -6052.70  6430.3125  1.39910e-01  1.35896e-01  1.39910e-01  0.00000e+00
  -6024.15  6430.9375  1.27388e-01  1.36434e-01  1.27388e-01  1.38878e-08
  -5995.60  6431.5625  1.15288e-01  9.90792e-02  1.15287e-01  1.33397e-06
  -5967.05  6432.1875  1.23047e-01  1.16321e-01  1.23013e-01  3.47718e-05
  -5938.50  6432.8125  1.39093e-01  1.55408e-01  1.38847e-01  2.45966e-04
  -5909.95  6433.4375  1.33598e-01  1.42096e-01  1.33126e-01  4.72162e-04
  -5881.40  6434.0625  1.21016e-01  9.75737e-02  1.20770e-01  2.45966e-04
  -5852.85  6434.6875  1.28603e-01  1.36974e-01  1.28568e-01  3.47718e-05
  -5824.30  6435.3125  1.33414e-01  1.43332e-01  1.33413e-01  1.33397e-06
  -5795.75  6435.9375  1.28198e-01  1.15411e-01  1.28198e-01  1.38878e-08
  -5767.19  6436.5625  1.28708e-01  1.36584e-01  1.28708e-01  0.00000e+00
  -5738.64  6437.1875  1.22601e-01  1.28951e-01  1.22601e-01  0.00000e+00
  -5710.09  6437.8125  1.09917e-01  1.00227e-01  1.09917e-01  8.57715e-09
  -5681.54  6438.4375  1.12814e-01  1.01543e-01  1.12814e-01  8.23864e-07
  -5652.99  6439.0625  1.34049e-01  1.37067e-01  1.34028e-01  2.14851e-05
  -5624.44  6439.6875  1.47591e-01  1.65408e-01  1.47438e-01  1.52863e-04
  -5595.89  6440.3125  1.36081e-01  1.36126e-01  1.35765e-01  3.16457e-04
  -5567.34  6440.9375  1.18758e-01  1.10533e-01  1.18430e-01  3.27732e-04
  -5538.79  6441.5625  1.14529e-01  1.09470e-01  1.14169e-01  3.59358e-04
  -5510.24  6442.1875  1.16086e-01  1.26556e-01  1.15908e-01  1.78539e-04
  -5481.68  6442.8125  1.13199e-01  1.02588e-01  1.13147e-01  5.18024e-05
  -5453.13  6443.4375  1.15536e-01  1.21314e-01  1.15348e-01  1.88161e-04
  -5424.58  6444.0625  1.28466e-01  1.06672e-01  1.28106e-01  3.60083e-04
  -5396.03  6444.6875  1.49122e-01  1.79745e-01  1.48913e-01  2.09393e-04
  -5367.48  6445.3125  1.48727e-01  1.37587e-01  1.48543e-01  1.84817e-04
  -5338.93  6445.9375  1.45075e-01  1.44565e-01  1.44748e-01  3.27722e-04
  -5310.38  6446.5625  1.38483e-01  1.54927e-01  1.38153e-01  3.30855e-04
  -5281.83  6447.1875  1.22485e-01  1.02943e-01  1.22129e-01  3.56419e-04
  -5253.28  6447.8125  1.21059e-01  1.23219e-01  1.20851e-01  2.07763e-04
  -5224.72  6448.4375  1.25186e-01  1.30770e-01  1.24924e-01  2.61512e-04
  -5196.17  6449.0625  1.29544e-01  1.15076e-01  1.29087e-01  4.57312e-04
  -5167.62  6449.6875  1.41258e-01  1.55192e-01  1.40982e-01  2.76678e-04
  -5139.07  6450.3125  1.43675e-01  1.42996e-01  1.43325e-01  3.49962e-04
  -5110.52  6450.9375  1.42796e-01  1.35451e-01  1.41921e-01  8.74753e-04
  -5081.97  6451.5625  1.40351e-01  1.60059e-01  1.39256e-01  1.09545e-03
  -5053.42  6452.1875  1.28780e-01  1.08099e-01  1.27788e-01  9.92432e-04
  -5024.87  6452.8125  1.34374e-01  1.31574e-01  1.33328e-01  1.04593e-03
  -4996.32  6453.4375  1.47501e-01  1.60681e-01  1.46607e-01  8.94610e-04
  -4967.77  6454.0625  1.43491e-01  1.46752e-01  1.42656e-01  8.35196e-04
  -4939.21  6454.6875  1.28560e-01  1.26936e-01  1.27542e-01  1.01800e-03
  -4910.66  6455.3125  1.20577e-01  1.08421e-01  1.19446e-01  1.13136e-03
  -4882.11  6455.9375  1.26458e-01  1.32072e-01  1.24994e-01  1.46383e-03
  -4853.56  6456.5625  1.34109e-01  1.30614e-01  1.32465e-01  1.64378e-03
  -4825.01  6457.1875  1.38310e-01  1.46965e-01  1.36753e-01  1.55670e-03
  -4796.46  6457.8125  1.35343e-01  1.30929e-01  1.33794e-01  1.54919e-03
  -4767.91  6458.4375  1.30360e-01  1.35705e-01  1.29200e-01  1.16019e-03
  -4739.36  6459.0625  1.28030e-01  1.14953e-01  1.27022e-01  1.00846e-03
  -4710.81  6459.6875  1.30689e-01  1.46678e-01  1.29402e-01  1.28691e-03
  -4682.26  6460.3125  1.25863e-01  1.15933e-01  1.23831e-01  2.03254e-03
  -4653.70  6460.9375  1.26123e-01  1.23981e-01  1.23392e-01  2.73143e-03
  -4625.15  6461.5625  1.30404e-01  1.37161e-01  1.28565e-01  1.83867e-03
  -4596.60  6462.1875  1.24526e-01  1.30079e-01  1.22704e-01  1.82250e-03
  -4568.05  6462.8125  1.17202e-01  1.00127e-01  1.14813e-01  2.38953e-03
  -4539.50  6463.4375  1.23253e-01  1.33252e-01  1.21141e-01  2.11196e-03
  -4510.95  6464.0625  1.30254e-01  1.23221e-01  1.28693e-01  1.56109e-03
  -4482.40  6464.6875  1.38491e-01  1.43202e-01  1.36493e-01  1.99840e-03
  -4453.85  6465.3125  1.47093e-01  1.41690e-01  1.43684e-01  3.40886e-03
  -4425.30  6465.9375  1.50421e-01  1.66789e-01  1.46286e-01  4.13519e-03
  -4396.74  6466.5625  1.36359e-01  1.34390e-01  1.32387e-01  3.97258e-03
  -4368.19  6467.1875  1.19407e-01  1.13351e-01  1.15243e-01  4.16420e-03
  -4339.64  6467.8125  1.20792e-01  1.04402e-01  1.17506e-01  3.28665e-03
  -4311.09  6468.4375  1.40616e-01  1.52014e-01  1.38009e-01  2.60680e-03
  -4282.54  6469.0625  1.50903e-01  1.59093e-01  1.46747e-01  4.15597e-03
  -4253.99  6469.6875  1.52639e-01  1.37508e-01  1.47239e-01  5.40016e-03
  -4225.44  6470.3125  1.61684e-01  1.74053e-01  1.56464e-01  5.21925e-03
  -4196.89  6470.9375  1.62318e-01  1.63260e-01  1.56580e-01  5.73787e-03
  -4168.34  6471.5625  1.50444e-01  1.58068e-01  1.42972e-01  7.47276e-03
  -4139.79  6472.1875  1.35208e-01  1.22833e-01  1.26144e-01  9.06367e-03
  -4111.23  6472.8125  1.36854e-01  1.28032e-01  1.27239e-01  9.61576e-03
  -4082.68  6473.4375  1.50742e-01  1.61988e-01  1.43142e-01  7.59975e-03
  -4054.13  6474.0625  1.55333e-01  1.55058e-01  1.49961e-01  5.37263e-03
  -4025.58  6474.6875  1.50968e-01  1.56486e-01  1.44644e-01  6.32430e-03
  -3997.03  6475.3125  1.48912e-01  1.31694e-01  1.40407e-01  8.50584e-03
  -3968.48  6475.9375  1.55915e-01  1.73352e-01  1.46246e-01  9.66890e-03
  -3939.93  6476.5625  1.50654e-01  1.50403e-01  1.41711e-01  8.94314e-03
  -3911.38  6477.1875  1.45562e-01  1.28363e-01  1.36560e-01  9.00141e-03
  -3882.83  6477.8125  1.51764e-01  1.70148e-01  1.41917e-01  9.84601e-03
  -3854.28  6478.4375  1.44078e-01  1.44722e-01  1.32219e-01  1.18583e-02
  -3825.72  6479.0625  1.34677e-01  1.18057e-01  1.20630e-01  1.40462e-02
  -3797.17  6479.6875  1.39886e-01  1.50513e-01  1.27234e-01  1.26515e-02
  -3768.62  6480.3125  1.39947e-01  1.42356e-01  1.30571e-01  9.37622e-03
  -3740.07  6480.9375  1.39005e-01  1.26119e-01  1.29928e-01  9.07634e-03
  -3711.52  6481.5625  1.56755e-01  1.49520e-01  1.44602e-01  1.21532e-02
  -3682.97  6482.1875  1.73200e-01  2.04915e-01  1.59273e-01  1.39273e-02
  -3654.42  6482.8125  1.61970e-01  1.45862e-01  1.48078e-01  1.38925e-02
  -3625.87  6483.4375  1.54966e-01  1.52261e-01  1.38759e-01  1.62061e-02
  -3597.32  6484.0625  1.61183e-01  1.58723e-01  1.44110e-01  1.70725e-02
  -3568.76  6484.6875  1.63794e-01  1.80631e-01  1.47976e-01  1.58181e-02
  -3540.21  6485.3125  1.62746e-01  1.31880e-01  1.44139e-01  1.86064e-02
  -3511.66  6485.9375  1.67471e-01  2.10593e-01  1.46914e-01  2.05574e-02
  -3483.11  6486.5625  1.49396e-01  1.22115e-01  1.28075e-01  2.13204e-02
  -3454.56  6487.1875  1.42257e-01  1.42198e-01  1.19703e-01  2.25543e-02
  -3426.01  6487.8125  1.44941e-01  1.55088e-01  1.20207e-01  2.47334e-02
  -3397.46  6488.4375  1.48647e-01  1.25135e-01  1.22743e-01  2.59045e-02
  -3368.91  6489.0625  1.63706e-01  1.86220e-01  1.36087e-01  2.76187e-02
  -3340.36  6489.6875  1.60894e-01  1.64564e-01  1.32219e-01  2.86751e-02
  -3311.81  6490.3125  1.48922e-01  1.34602e-01  1.20662e-01  2.82600e-02
  -3283.25  6490.9375  1.52371e-01  1.53928e-01  1.25959e-01  2.64117e-02
  -3254.70  6491.5625  1.66405e-01  1.59201e-01  1.41627e-01  2.47783e-02
  -3226.15  6492.1875  1.81841e-01  1.93543e-01  1.55673e-01  2.61678e-02
  -3197.60  6492.8125  1.75499e-01  1.93810e-01  1.45121e-01  3.03783e-02
  -3169.05  6493.4375  1.51839e-01  1.29798e-01  1.19265e-01  3.25738e-02
  -3140.50  6494.0625  1.55513e-01  1.38456e-01  1.18844e-01  3.66696e-02
  -3111.95  6494.6875  1.77788e-01  2.06228e-01  1.35434e-01  4.23539e-02
  -3083.40  6495.3125  1.79415e-01  1.69909e-01  1.35738e-01  4.36764e-02
  -3054.85  6495.9375  1.83512e-01  1.71342e-01  1.39291e-01  4.42208e-02
  -3026.30  6496.5625  1.93139e-01  2.18995e-01  1.46222e-01  4.69169e-02
  -2997.74  6497.1875  1.80468e-01  1.74195e-01  1.33285e-01  4.71826e-02
  -2969.19  6497.8125  1.72209e-01  1.52815e-01  1.24968e-01  4.72409e-02
  -2940.64  6498.4375  1.85056e-01  1.97736e-01  1.31385e-01  5.36706e-02
  -2912.09  6499.0625  1.92347e-01  1.93472e-01  1.36022e-01  5.63249e-02
  -2883.54  6499.6875  1.91292e-01  1.90719e-01  1.34608e-01  5.66839e-02
  -2854.99  6500.3125  1.89171e-01  1.91236e-01  1.30263e-01  5.89086e-02
  -2826.44  6500.9375  1.93323e-01  1.77756e-01  1.29316e-01  6.40063e-02
  -2797.89  6501.5625  2.03916e-01  2.26364e-01  1.32681e-01  7.12347e-02
  -2769.34  6502.1875  2.03030e-01  1.87559e-01  1.28903e-01  7.41277e-02
  -2740.78  6502.8125  2.04436e-01  2.13064e-01  1.30641e-01  7.37954e-02
  -2712.23  6503.4375  2.03368e-01  2.03119e-01  1.32828e-01  7.05396e-02
  -2683.68  6504.0625  2.02118e-01  1.94691e-01  1.27233e-01  7.48843e-02
  -2655.13  6504.6875  2.04936e-01  2.14759e-01  1.22917e-01  8.20186e-02
  -2626.58  6505.3125  2.04745e-01  1.95782e-01  1.19046e-01  8.56986e-02
  -2598.03  6505.9375  2.12748e-01  2.09195e-01  1.25093e-01  8.76542e-02
  -2569.48  6506.5625  2.27377e-01  2.33126e-01  1.31821e-01  9.55563e-02
  -2540.93  6507.1875  2.41429e-01  2.33506e-01  1.37790e-01  1.03639e-01
  -2512.38  6507.8125  2.57803e-01  2.64751e-01  1.50249e-01  1.07554e-01
  -2483.83  6508.4375  2.59291e-01  2.77505e-01  1.49375e-01  1.09916e-01
  -2455.27  6509.0625  2.47496e-01  2.22432e-01  1.35024e-01  1.12472e-01
  -2426.72  6509.6875  2.52151e-01  2.60577e-01  1.30004e-01  1.22148e-01
  -2398.17  6510.3125  2.51068e-01  2.67668e-01  1.19042e-01  1.32026e-01
  -2369.62  6510.9375  2.40532e-01  2.12001e-01  1.08073e-01  1.32459e-01
  -2341.07  6511.5625  2.52092e-01  2.61853e-01  1.16623e-01  1.35469e-01
  -2312.52  6512.1875  2.72393e-01  2.63243e-01  1.30580e-01  1.41812e-01
  -2283.97  6512.8125  2.89602e-01  3.07078e-01  1.43622e-01  1.45980e-01
  -2255.42  6513.4375  2.94695e-01  2.85457e-01  1.43067e-01  1.51627e-01
  -2226.87  6514.0625  3.08974e-01  2.96453e-01  1.40326e-01  1.68648e-01
  -2198.32  6514.6875  3.36367e-01  3.50586e-01  1.49410e-01  1.86957e-01
  -2169.76  6515.3125  3.52077e-01  3.52577e-01  1.55801e-01  1.96276e-01
  -2141.21  6515.9375  3.52334e-01  3.62931e-01  1.56324e-01  1.96011e-01
  -2112.66  6516.5625  3.38220e-01  3.39116e-01  1.40073e-01  1.98147e-01
  -2084.11  6517.1875  3.34729e-01  3.02839e-01  1.21489e-01  2.13240e-01
  -2055.56  6517.8125  3.53276e-01  3.86664e-01  1.22843e-01  2.30433e-01
  -2027.01  6518.4375  3.58377e-01  3.39143e-01  1.26497e-01  2.31880e-01
  -1998.46  6519.0625  3.70971e-01  3.68523e-01  1.35718e-01  2.35253e-01
  -1969.91  6519.6875  3.90504e-01  4.02797e-01  1.40300e-01  2.50204e-01
  -1941.36  6520.3125  4.05614e-01  3.88302e-01  1.41446e-01  2.64168e-01
  -1912.80  6520.9375  4.24336e-01  4.45073e-01  1.48837e-01  2.75499e-01
  -1884.25  6521.5625  4.34623e-01  4.19173e-01  1.50277e-01  2.84346e-01
  -1855.70  6522.1875  4.48449e-01  4.56373e-01  1.49994e-01  2.98455e-01
  -1827.15  6522.8125  4.54840e-01  4.63775e-01  1.34929e-01  3.19911e-01
  -1798.60  6523.4375  4.45249e-01  4.46426e-01  1.11220e-01  3.34029e-01
  -1770.05  6524.0625  4.45707e-01  4.17119e-01  1.02895e-01  3.42812e-01
  -1741.50  6524.6875  4.82142e-01  4.83415e-01  1.16400e-01  3.65742e-01
  -1712.95  6525.3125  5.25950e-01  5.39468e-01  1.36425e-01  3.89525e-01
  -1684.40  6525.9375  5.50972e-01  5.52488e-01  1.44256e-01  4.06716e-01
  -1655.85  6526.5625  5.67423e-01  5.65374e-01  1.41259e-01  4.26164e-01
  -1627.29  6527.1875  5.93803e-01  5.78858e-01  1.38730e-01  4.55073e-01
  -1598.74  6527.8125  6.30472e-01  6.47738e-01  1.49854e-01  4.80618e-01
  -1570.19  6528.4375  6.47233e-01  6.58326e-01  1.52240e-01  4.94992e-01
  -1541.64  6529.0625  6.51644e-01  6.30134e-01  1.35609e-01  5.16036e-01
  -1513.09  6529.6875  6.68215e-01  6.84808e-01  1.20890e-01  5.47326e-01
  -1484.54  6530.3125  6.90644e-01  6.65173e-01  1.16037e-01  5.74606e-01
  -1455.99  6530.9375  7.32558e-01  7.39852e-01  1.18658e-01  6.13900e-01
  -1427.44  6531.5625  7.67447e-01  7.88710e-01  1.14301e-01  6.53146e-01
  -1398.89  6532.1875  7.82971e-01  7.61224e-01  1.02012e-01  6.80959e-01
  -1370.34  6532.8125  8.04931e-01  8.21934e-01  1.02161e-01  7.02770e-01
  -1341.78  6533.4375  8.33551e-01  8.05463e-01  1.09733e-01  7.23818e-01
  -1313.23  6534.0625  8.87936e-01  8.92866e-01  1.13457e-01  7.74479e-01
  -1284.68  6534.6875  9.67415e-01  9.41974e-01  1.07175e-01  8.60240e-01
  -1256.13  6535.3125  1.08257e+00  1.08180e+00  1.05828e-01  9.76738e-01
  -1227.58  6535.9375  1.26939e+00  1.17338e+00  1.02575e-01  1.16681e+00
  -1199.03  6536.5625  1.52858e+00  1.61995e+00  1.04417e-01  1.42416e+00
  -1170.48  6537.1875  1.69365e+00  1.74426e+00  1.00632e-01  1.59302e+00
  -1141.93  6537.8125  1.74653e+00  1.73453e+00  8.93349e-02  1.65719e+00
  -1113.38  6538.4375  1.78726e+00  1.77597e+00  1.00297e-01  1.68696e+00
  -1084.83  6539.0625  1.82727e+00  1.86289e+00  1.20162e-01  1.70711e+00
  -1056.27  6539.6875  1.82786e+00  1.82778e+00  1.16809e-01  1.71105e+00
  -1027.72  6540.3125  1.82116e+00  1.79825e+00  1.02319e-01  1.71885e+00
   -999.17  6540.9375  1.84396e+00  1.84383e+00  9.67243e-02  1.74723e+00
   -970.62  6541.5625  1.88009e+00  1.88152e+00  1.07512e-01  1.77258e+00
   -942.07  6542.1875  1.91557e+00  1.91441e+00  1.13296e-01  1.80227e+00
   -913.52  6542.8125  1.94382e+00  1.95461e+00  1.10210e-01  1.83361e+00
   -884.97  6543.4375  1.93928e+00  1.97455e+00  1.05778e-01  1.83350e+00
   -856.42  6544.0625  1.92175e+00  1.85233e+00  1.01379e-01  1.82038e+00
   -827.87  6544.6875  1.94781e+00  1.99354e+00  9.84884e-02  1.84932e+00
   -799.31  6545.3125  1.96314e+00  1.94904e+00  9.61441e-02  1.86699e+00
   -770.76  6545.9375  1.98529e+00  1.96252e+00  9.37970e-02  1.89149e+00
   -742.21  6546.5625  2.03901e+00  2.04944e+00  1.02040e-01  1.93697e+00
   -713.66  6547.1875  2.10347e+00  2.08597e+00  1.11036e-01  1.99244e+00
   -685.11  6547.8125  2.18910e+00  2.19019e+00  1.12260e-01  2.07684e+00
   -656.56  6548.4375  2.35326e+00  2.23306e+00  1.09510e-01  2.24375e+00
   -628.01  6549.0625  2.61986e+00  2.71676e+00  1.05154e-01  2.51470e+00
   -599.46  6549.6875  2.83835e+00  2.81900e+00  9.98150e-02  2.73854e+00
   -570.91  6550.3125  2.96484e+00  3.06852e+00  9.64014e-02  2.86844e+00
   -542.36  6550.9375  2.96368e+00  2.96143e+00  8.36755e-02  2.88001e+00
   -513.80  6551.5625  2.92131e+00  2.89059e+00  8.24605e-02  2.83885e+00
   -485.25  6552.1875  2.90372e+00  2.92791e+00  9.84066e-02  2.80531e+00
   -456.70  6552.8125  2.88355e+00  2.86685e+00  9.74361e-02  2.78612e+00
   -428.15  6553.4375  2.88603e+00  2.86437e+00  8.95684e-02  2.79647e+00
   -399.60  6554.0625  2.96301e+00  2.91672e+00  9.46921e-02  2.86832e+00
   -371.05  6554.6875  3.26019e+00  3.01449e+00  1.02002e-01  3.15819e+00
   -342.50  6555.3125  3.89866e+00  3.97225e+00  9.52918e-02  3.80337e+00
   -313.95  6555.9375  5.09877e+00  4.23062e+00  9.11604e-02  5.00761e+00
   -285.40  6556.5625  6.91447e+00  7.62270e+00  9.13107e-02  6.82316e+00
   -256.85  6557.1875  6.91696e+00  9.24896e+00  9.29579e-02  6.82400e+00
   -228.29  6557.8125  3.95410e+00  3.12631e+00  7.62922e-02  3.87780e+00
   -199.74  6558.4375  1.55793e+00  8.40515e-02  3.76629e-02  1.52027e+00
   -171.19  6559.0625  1.67882e+00  1.47017e+00  3.15562e-02  1.64726e+00
   -142.64  6559.6875  2.89166e+00  3.07697e+00  7.13240e-02  2.82033e+00
   -114.09  6560.3125  4.04526e+00  4.03306e+00  1.20689e-01  3.92457e+00
    -85.54  6560.9375  5.29123e+00  4.99878e+00  1.61017e-01  5.13022e+00
    -56.99  6561.5625  7.01506e+00  6.83298e+00  2.33949e-01  6.78111e+00
    -28.44  6562.1875  8.69199e+00  9.45509e+00  3.29141e-01  8.36285e+00
      0.11  6562.8125  9.34869e+00  9.53244e+00  4.07359e-01  8.94133e+00
     28.67  6563.4375  9.10440e+00  9.42292e+00  4.24429e-01  8.67997e+00
     57.22  6564.0625  8.21538e+00  8.35525e+00  3.76690e-01  7.83869e+00
     85.77  6564.6875  6.96634e+00  6.92020e+00  3.28432e-01  6.63791e+00
    114.32  6565.3125  5.62373e+00  5.73185e+00  2.87972e-01  5.33576e+00
    142.87  6565.9375  4.27363e+00  4.09747e+00  2.43256e-01  4.03038e+00
    171.42  6566.5625  3.21205e+00  3.02504e+00  2.16589e-01  2.99546e+00
    199.97  6567.1875  2.57692e+00  2.45805e+00  1.97838e-01  2.37908e+00
    228.52  6567.8125  2.25027e+00  2.20290e+00  1.76498e-01  2.07377e+00
    257.07  6568.4375  2.09467e+00  2.04433e+00  1.71373e-01  1.92329e+00
    285.62  6569.0625  2.02885e+00  2.04387e+00  1.76744e-01  1.85210e+00
    314.18  6569.6875  1.96625e+00  1.98066e+00  1.70481e-01  1.79577e+00
    342.73  6570.3125  1.88257e+00  1.87462e+00  1.60192e-01  1.72237e+00
    371.28  6570.9375  1.81544e+00  1.78890e+00  1.60682e-01  1.65475e+00
    399.83  6571.5625  1.77561e+00  1.79827e+00  1.67487e-01  1.60813e+00
    428.38  6572.1875  1.74136e+00  1.70649e+00  1.78202e-01  1.56316e+00
    456.93  6572.8125  1.70931e+00  1.76189e+00  1.76158e-01  1.53316e+00
    485.48  6573.4375  1.63723e+00  1.62165e+00  1.68389e-01  1.46884e+00
    514.03  6574.0625  1.56218e+00  1.55136e+00  1.68627e-01  1.39355e+00
    542.58  6574.6875  1.51615e+00  1.50444e+00  1.68843e-01  1.34731e+00
    571.13  6575.3125  1.49008e+00  1.49551e+00  1.74935e-01  1.31515e+00
    599.69  6575.9375  1.46755e+00  1.45875e+00  1.70697e-01  1.29685e+00
    628.24  6576.5625  1.42098e+00  1.47815e+00  1.73395e-01  1.24759e+00
    656.79  6577.1875  1.33625e+00  1.28059e+00  1.60266e-01  1.17598e+00
    685.34  6577.8125  1.27857e+00  1.30081e+00  1.54448e-01  1.12413e+00
    713.89  6578.4375  1.23337e+00  1.21523e+00  1.50461e-01  1.08291e+00
    742.44  6579.0625  1.18974e+00  1.21038e+00  1.53023e-01  1.03671e+00
    770.99  6579.6875  1.15314e+00  1.11110e+00  1.68671e-01  9.84473e-01
    799.54  6580.3125  1.13884e+00  1.17393e+00  1.82810e-01  9.56027e-01
    828.09  6580.9375  1.09238e+00  1.11079e+00  1.78709e-01  9.13671e-01
    856.65  6581.5625  1.02266e+00  9.88476e-01  1.56170e-01  8.66493e-01
    885.20  6582.1875  9.92367e-01  9.80255e-01  1.55104e-01  8.37263e-01
    913.75  6582.8125  9.77223e-01  1.01273e+00  1.62046e-01  8.15177e-01
    942.30  6583.4375  9.29163e-01  9.19608e-01  1.50011e-01  7.79151e-01
    970.85  6584.0625  8.78031e-01  8.70228e-01  1.40148e-01  7.37883e-01
    999.40  6584.6875  8.51964e-01  8.33531e-01  1.36289e-01  7.15675e-01
   1027.95  6585.3125  8.36486e-01  8.70075e-01  1.37107e-01  6.99379e-01
   1056.50  6585.9375  8.09849e-01  7.72381e-01  1.37390e-01  6.72460e-01
   1085.05  6586.5625  8.02600e-01  8.18955e-01  1.47407e-01  6.55193e-01
   1113.60  6587.1875  7.80521e-01  8.06301e-01  1.50668e-01  6.29852e-01
   1142.16  6587.8125  7.34371e-01  7.02760e-01  1.39250e-01  5.95122e-01
   1170.71  6588.4375  7.09673e-01  7.16532e-01  1.40671e-01  5.69002e-01
   1199.26  6589.0625  6.89435e-01  6.98289e-01  1.47129e-01  5.42306e-01
   1227.81  6589.6875  6.65306e-01  6.47007e-01  1.45635e-01  5.19671e-01
   1256.36  6590.3125  6.57919e-01  6.60973e-01  1.50007e-01  5.07912e-01
   1284.91  6590.9375  6.54821e-01  6.59333e-01  1.51032e-01  5.03789e-01
   1313.46  6591.5625  6.49015e-01  6.41191e-01  1.54744e-01  4.94271e-01
   1342.01  6592.1875  6.45527e-01  6.52964e-01  1.60018e-01  4.85509e-01
   1370.56  6592.8125  6.25096e-01  6.45833e-01  1.54423e-01  4.70674e-01
   1399.11  6593.4375  5.89482e-01  5.60982e-01  1.49121e-01  4.40361e-01
   1427.67  6594.0625  5.70521e-01  5.85831e-01  1.55018e-01  4.15503e-01
   1456.22  6594.6875  5.59710e-01  5.38626e-01  1.55028e-01  4.04682e-01
   1484.77  6595.3125  5.53532e-01  5.79114e-01  1.52146e-01  4.01385e-01
   1513.32  6595.9375  5.31557e-01  5.21302e-01  1.44844e-01  3.86714e-01
   1541.87  6596.5625  5.07936e-01  5.09798e-01  1.41672e-01  3.66264e-01
   1570.42  6597.1875  4.96873e-01  4.79771e-01  1.48480e-01  3.48393e-01
   1598.97  6597.8125  4.94836e-01  5.16220e-01  1.59942e-01  3.34894e-01
   1627.52  6598.4375  4.75161e-01  4.75771e-01  1.55982e-01  3.19179e-01
   1656.07  6599.0625  4.59098e-01  4.30095e-01  1.42186e-01  3.16912e-01
   1684.63  6599.6875  4.65356e-01  4.89783e-01  1.47112e-01  3.18244e-01
   1713.18  6600.3125  4.49975e-01  4.62606e-01  1.50877e-01  2.99099e-01
   1741.73  6600.9375  4.21190e-01  3.91481e-01  1.42414e-01  2.78776e-01
   1770.28  6601.5625  4.12278e-01  4.31941e-01  1.40920e-01  2.71358e-01
   1798.83  6602.1875  4.07257e-01  3.86730e-01  1.31684e-01  2.75573e-01
   1827.38  6602.8125  4.17374e-01  4.18545e-01  1.38643e-01  2.78732e-01
   1855.93  6603.4375  4.26224e-01  4.45038e-01  1.56281e-01  2.69942e-01
   1884.48  6604.0625  4.11571e-01  4.10628e-01  1.53102e-01  2.58469e-01
   1913.03  6604.6875  4.04381e-01  3.73845e-01  1.47042e-01  2.57339e-01
   1941.58  6605.3125  4.20959e-01  4.47871e-01  1.66090e-01  2.54870e-01
   1970.14  6605.9375  4.11372e-01  4.28201e-01  1.69753e-01  2.41619e-01
   1998.69  6606.5625  3.87026e-01  3.47077e-01  1.55997e-01  2.31028e-01
   2027.24  6607.1875  3.83819e-01  4.19351e-01  1.54857e-01  2.28962e-01
   2055.79  6607.8125  3.67047e-01  3.50626e-01  1.47063e-01  2.19984e-01
   2084.34  6608.4375  3.54969e-01  3.50301e-01  1.41662e-01  2.13307e-01
   2112.89  6609.0625  3.61110e-01  3.55657e-01  1.52962e-01  2.08148e-01
   2141.44  6609.6875  3.75510e-01  3.78459e-01  1.69564e-01  2.05946e-01
   2169.99  6610.3125  3.78366e-01  3.97782e-01  1.72154e-01  2.06212e-01
   2198.54  6610.9375  3.66235e-01  3.44344e-01  1.63699e-01  2.02536e-01
   2227.09  6611.5625  3.58013e-01  3.80363e-01  1.66586e-01  1.91428e-01
   2255.65  6612.1875  3.36042e-01  3.31008e-01  1.57540e-01  1.78502e-01
   2284.20  6612.8125  3.14506e-01  3.03498e-01  1.48387e-01  1.66119e-01
   2312.75  6613.4375  3.07324e-01  3.11812e-01  1.45213e-01  1.62111e-01
   2341.30  6614.0625  3.03689e-01  2.99872e-01  1.46928e-01  1.56761e-01
   2369.85  6614.6875  3.08470e-01  2.98731e-01  1.51335e-01  1.57135e-01
   2398.40  6615.3125  3.24581e-01  3.30912e-01  1.58642e-01  1.65938e-01
   2426.95  6615.9375  3.37663e-01  3.37926e-01  1.68161e-01  1.69502e-01
   2455.50  6616.5625  3.38930e-01  3.52534e-01  1.75317e-01  1.63614e-01
   2484.05  6617.1875  3.26625e-01  3.17550e-01  1.73344e-01  1.53281e-01
   2512.61  6617.8125  3.10239e-01  3.24846e-01  1.57659e-01  1.52580e-01
   2541.16  6618.4375  2.95135e-01  2.68145e-01  1.41436e-01  1.53699e-01
   2569.71  6619.0625  2.95993e-01  3.15665e-01  1.47089e-01  1.48904e-01
   2598.26  6619.6875  2.94382e-01  2.81501e-01  1.50905e-01  1.43477e-01
   2626.81  6620.3125  2.98736e-01  2.97714e-01  1.53212e-01  1.45524e-01
   2655.36  6620.9375  2.96875e-01  3.21575e-01  1.51298e-01  1.45577e-01
   2683.91  6621.5625  2.70900e-01  2.59761e-01  1.34414e-01  1.36486e-01
   2712.46  6622.1875  2.61535e-01  2.32234e-01  1.29936e-01  1.31599e-01
   2741.01  6622.8125  2.77819e-01  3.10126e-01  1.42366e-01  1.35453e-01
   2769.56  6623.4375  2.72640e-01  2.67034e-01  1.41100e-01  1.31540e-01
   2798.12  6624.0625  2.58253e-01  2.55471e-01  1.43283e-01  1.14970e-01
   2826.67  6624.6875  2.54266e-01  2.45993e-01  1.48195e-01  1.06071e-01
   2855.22  6625.3125  2.52496e-01  2.71045e-01  1.40917e-01  1.11579e-01
   2883.77  6625.9375  2.40892e-01  2.25209e-01  1.34368e-01  1.06525e-01
   2912.32  6626.5625  2.43353e-01  2.35208e-01  1.46915e-01  9.64383e-02
   2940.87  6627.1875  2.50355e-01  2.75625e-01  1.52721e-01  9.76341e-02
   2969.42  6627.8125  2.32241e-01  2.27970e-01  1.35338e-01  9.69029e-02
   2997.97  6628.4375  2.14209e-01  1.98162e-01  1.21897e-01  9.23123e-02
   3026.52  6629.0625  2.14970e-01  2.22389e-01  1.20064e-01  9.49061e-02
   3055.07  6629.6875  2.18252e-01  2.14422e-01  1.18408e-01  9.98441e-02
   3083.63  6630.3125  2.25253e-01  2.20551e-01  1.23903e-01  1.01350e-01
   3112.18  6630.9375  2.36377e-01  2.43636e-01  1.33539e-01  1.02838e-01
   3140.73  6631.5625  2.43848e-01  2.38311e-01  1.42804e-01  1.01045e-01
   3169.28  6632.1875  2.48032e-01  2.58310e-01  1.54377e-01  9.36545e-02
   3197.83  6632.8125  2.39442e-01  2.43889e-01  1.53247e-01  8.61943e-02
   3226.38  6633.4375  2.28442e-01  2.12392e-01  1.49770e-01  7.86718e-02
   3254.93  6634.0625  2.31468e-01  2.37830e-01  1.54722e-01  7.67452e-02
   3283.48  6634.6875  2.28128e-01  2.41773e-01  1.51743e-01  7.63855e-02
   3312.03  6635.3125  2.17280e-01  1.93565e-01  1.41541e-01  7.57389e-02
   3340.58  6635.9375  2.21922e-01  2.33753e-01  1.43852e-01  7.80703e-02
   3369.14  6636.5625  2.18237e-01  2.30585e-01  1.42605e-01  7.56323e-02
   3397.69  6637.1875  2.08915e-01  1.79475e-01  1.33298e-01  7.56171e-02
   3426.24  6637.8125  2.18516e-01  2.38657e-01  1.39569e-01  7.89472e-02
   3454.79  6638.4375  2.15935e-01  2.21592e-01  1.36664e-01  7.92707e-02
   3483.34  6639.0625  2.05178e-01  1.86651e-01  1.30845e-01  7.43334e-02
   3511.89  6639.6875  2.04131e-01  2.22606e-01  1.35374e-01  6.87562e-02
   3540.44  6640.3125  1.95341e-01  1.85387e-01  1.31030e-01  6.43107e-02
   3568.99  6640.9375  1.85582e-01  1.92072e-01  1.21796e-01  6.37852e-02
   3597.54  6641.5625  1.78020e-01  1.69079e-01  1.14340e-01  6.36799e-02
   3626.10  6642.1875  1.79678e-01  1.78415e-01  1.15243e-01  6.44348e-02
   3654.65  6642.8125  1.89148e-01  1.87050e-01  1.21767e-01  6.73801e-02
   3683.20  6643.4375  1.95507e-01  2.06555e-01  1.30671e-01  6.48357e-02
   3711.75  6644.0625  1.84220e-01  1.91854e-01  1.20946e-01  6.32734e-02
   3740.30  6644.6875  1.65391e-01  1.50766e-01  1.05121e-01  6.02694e-02
   3768.85  6645.3125  1.66762e-01  1.55898e-01  1.07808e-01  5.89539e-02
   3797.40  6645.9375  1.76274e-01  2.02674e-01  1.18835e-01  5.74394e-02
   3825.95  6646.5625  1.74755e-01  1.45239e-01  1.22852e-01  5.19032e-02
   3854.50  6647.1875  1.83009e-01  2.06470e-01  1.33023e-01  4.99859e-02
   3883.05  6647.8125  1.82188e-01  1.73161e-01  1.32621e-01  4.95672e-02
   3911.61  6648.4375  1.76502e-01  1.83614e-01  1.27146e-01  4.93562e-02
   3940.16  6649.0625  1.76579e-01  1.58295e-01  1.27730e-01  4.88488e-02
   3968.71  6649.6875  1.87967e-01  2.03077e-01  1.43051e-01  4.49155e-02
   3997.26  6650.3125  1.90127e-01  1.89484e-01  1.50442e-01  3.96856e-02
   4025.81  6650.9375  1.80579e-01  1.88174e-01  1.42554e-01  3.80245e-02
   4054.36  6651.5625  1.72121e-01  1.53395e-01  1.33122e-01  3.89992e-02
   4082.91  6652.1875  1.82354e-01  1.83925e-01  1.39717e-01  4.26368e-02
   4111.46  6652.8125  1.87432e-01  2.11489e-01  1.43880e-01  4.35521e-02
   4140.01  6653.4375  1.68190e-01  1.54868e-01  1.25986e-01  4.22036e-02
   4168.56  6654.0625  1.54018e-01  1.51580e-01  1.12768e-01  4.12497e-02
   4197.12  6654.6875  1.58308e-01  1.44223e-01  1.18299e-01  4.00091e-02
   4225.67  6655.3125  1.71533e-01  1.91380e-01  1.30843e-01  4.06903e-02
   4254.22  6655.9375  1.70986e-01  1.64241e-01  1.32757e-01  3.82295e-02
   4282.77  6656.5625  1.67856e-01  1.67362e-01  1.34324e-01  3.35313e-02
   4311.32  6657.1875  1.63636e-01  1.72444e-01  1.29363e-01  3.42736e-02
   4339.87  6657.8125  1.52318e-01  1.46142e-01  1.15200e-01  3.71186e-02
   4368.42  6658.4375  1.51306e-01  1.39719e-01  1.15315e-01  3.59902e-02
   4396.97  6659.0625  1.73162e-01  1.64417e-01  1.38623e-01  3.45393e-02
   4425.52  6659.6875  1.90236e-01  2.30784e-01  1.57567e-01  3.26681e-02
   4454.08  6660.3125  1.74982e-01  1.47828e-01  1.42391e-01  3.25909e-02
   4482.63  6660.9375  1.65604e-01  1.75783e-01  1.31757e-01  3.38467e-02
   4511.18  6661.5625  1.61215e-01  1.55974e-01  1.30413e-01  3.08026e-02
   4539.73  6662.1875  1.63202e-01  1.55612e-01  1.34898e-01  2.83038e-02
   4568.28  6662.8125  1.76837e-01  1.78259e-01  1.48859e-01  2.79776e-02
   4596.83  6663.4375  1.86808e-01  1.98406e-01  1.58589e-01  2.82191e-02
   4625.38  6664.0625  1.88018e-01  1.74814e-01  1.57553e-01  3.04651e-02
   4653.93  6664.6875  1.87933e-01  2.07860e-01  1.55636e-01  3.22969e-02
   4682.48  6665.3125  1.73354e-01  1.65581e-01  1.44578e-01  2.87761e-02
   4711.03  6665.9375  1.54248e-01  1.60687e-01  1.29495e-01  2.47523e-02
   4739.59  6666.5625  1.42448e-01  1.22716e-01  1.19517e-01  2.29312e-02
   4768.14  6667.1875  1.50980e-01  1.54730e-01  1.27693e-01  2.32866e-02
   4796.69  6667.8125  1.63728e-01  1.67758e-01  1.37977e-01  2.57513e-02
   4825.24  6668.4375  1.67653e-01  1.70379e-01  1.41440e-01  2.62137e-02
   4853.79  6669.0625  1.63119e-01  1.67391e-01  1.38428e-01  2.46910e-02
   4882.34  6669.6875  1.57078e-01  1.46357e-01  1.33599e-01  2.34792e-02
   4910.89  6670.3125  1.54884e-01  1.69369e-01  1.30501e-01  2.43831e-02
   4939.44  6670.9375  1.56456e-01  1.27441e-01  1.32642e-01  2.38144e-02
   4967.99  6671.5625  1.71696e-01  1.99007e-01  1.49886e-01  2.18100e-02
   4996.54  6672.1875  1.67159e-01  1.68342e-01  1.47453e-01  1.97054e-02
   5025.10  6672.8125  1.52054e-01  1.42050e-01  1.33477e-01  1.85773e-02
   5053.65  6673.4375  1.56852e-01  1.41858e-01  1.39004e-01  1.78484e-02
   5082.20  6674.0625  1.71490e-01  1.98583e-01  1.53547e-01  1.79433e-02
   5110.75  6674.6875  1.63154e-01  1.57411e-01  1.46570e-01  1.65833e-02
   5139.30  6675.3125  1.52401e-01  1.42988e-01  1.36285e-01  1.61161e-02
   5167.85  6675.9375  1.59224e-01  1.54470e-01  1.42934e-01  1.62895e-02
   5196.40  6676.5625  1.70292e-01  1.83930e-01  1.55337e-01  1.49545e-02
   5224.95  6677.1875  1.70220e-01  1.63676e-01  1.56862e-01  1.33574e-02
   5253.50  6677.8125  1.68680e-01  1.71623e-01  1.54269e-01  1.44108e-02
   5282.06  6678.4375  1.61797e-01  1.70096e-01  1.45062e-01  1.67349e-02
   5310.61  6679.0625  1.45631e-01  1.41171e-01  1.29189e-01  1.64425e-02
   5339.16  6679.6875  1.40757e-01  1.22434e-01  1.26581e-01  1.41765e-02
   5367.71  6680.3125  1.51149e-01  1.70536e-01  1.36867e-01  1.42825e-02
   5396.26  6680.9375  1.49140e-01  1.45447e-01  1.36073e-01  1.30667e-02
   5424.81  6681.5625  1.41094e-01  1.41471e-01  1.29067e-01  1.20271e-02
   5453.36  6682.1875  1.40893e-01  1.28564e-01  1.27574e-01  1.33184e-02
   5481.91  6682.8125  1.45678e-01  1.65893e-01  1.30125e-01  1.55525e-02
   5510.46  6683.4375  1.45546e-01  1.20350e-01  1.30155e-01  1.53907e-02
   5539.01  6684.0625  1.54647e-01  1.75455e-01  1.43037e-01  1.16098e-02
   5567.57  6684.6875  1.52474e-01  1.49468e-01  1.41648e-01  1.08261e-02
   5596.12  6685.3125  1.44127e-01  1.41735e-01  1.32460e-01  1.16661e-02
   5624.67  6685.9375  1.42034e-01  1.38453e-01  1.30668e-01  1.13664e-02
   5653.22  6686.5625  1.42760e-01  1.48830e-01  1.31225e-01  1.15349e-02
   5681.77  6687.1875  1.40530e-01  1.36178e-01  1.27689e-01  1.28415e-02
   5710.32  6687.8125  1.44073e-01  1.37173e-01  1.32284e-01  1.17894e-02
   5738.87  6688.4375  1.48049e-01  1.67289e-01  1.38410e-01  9.63913e-03
   5767.42  6689.0625  1.39236e-01  1.25085e-01  1.29627e-01  9.60855e-03
   5795.97  6689.6875  1.37498e-01  1.38276e-01  1.27328e-01  1.01699e-02
   5824.52  6690.3125  1.43702e-01  1.41115e-01  1.33631e-01  1.00707e-02
   5853.08  6690.9375  1.43745e-01  1.60040e-01  1.33585e-01  1.01598e-02
   5881.63  6691.5625  1.28789e-01  1.20587e-01  1.18513e-01  1.02755e-02
   5910.18  6692.1875  1.19676e-01  1.11724e-01  1.09701e-01  9.97507e-03
   5938.73  6692.8125  1.24207e-01  1.27282e-01  1.16020e-01  8.18684e-03
   5967.28  6693.4375  1.36830e-01  1.24209e-01  1.30321e-01  6.50890e-03
   5995.83  6694.0625  1.53842e-01  1.71882e-01  1.46622e-01  7.22052e-03
   6024.38  6694.6875  1.56793e-01  1.52894e-01  1.49513e-01  7.27949e-03
   6052.93  6695.3125  1.55780e-01  1.52994e-01  1.48866e-01  6.91427e-03
   6081.48  6695.9375  1.54479e-01  1.64257e-01  1.47088e-01  7.39169e-03
   6110.04  6696.5625  1.44998e-01  1.39892e-01  1.35781e-01  9.21769e-03
   6138.59  6697.1875  1.35440e-01  1.37558e-01  1.25119e-01  1.03212e-02
   6167.14  6697.8125  1.30775e-01  1.22858e-01  1.22342e-01  8.43259e-03
   6195.69  6698.4375  1.38063e-01  1.33891e-01  1.30657e-01  7.40612e-03
   6224.24  6699.0625  1.53313e-01  1.56148e-01  1.44446e-01  8.86644e-03
   6252.79  6699.6875  1.56471e-01  1.75026e-01  1.45486e-01  1.09855e-02
   6281.34  6700.3125  1.37942e-01  1.31414e-01  1.28878e-01  9.06444e-03
   6309.89  6700.9375  1.29786e-01  1.07879e-01  1.22747e-01  7.03902e-03
   6338.44  6701.5625  1.47490e-01  1.57534e-01  1.41343e-01  6.14763e-03
   6366.99  6702.1875  1.53678e-01  1.73448e-01  1.46340e-01  7.33780e-03
   6395.55  6702.8125  1.34653e-01  1.23884e-01  1.27748e-01  6.90480e-03
   6424.10  6703.4375  1.20114e-01  1.17119e-01  1.14437e-01  5.67699e-03
   6452.65  6704.0625  1.25881e-01  1.07286e-01  1.20159e-01  5.72149e-03
   6481.20  6704.6875  1.42857e-01  1.69700e-01  1.37033e-01  5.82394e-03
   6509.75  6705.3125  1.42764e-01  1.29534e-01  1.36915e-01  5.84909e-03
   6538.30  6705.9375  1.34678e-01  1.52264e-01  1.28676e-01  6.00196e-03
   6566.85  6706.5625  1.23571e-01  1.01558e-01  1.18551e-01  5.01992e-03
   6595.40  6707.1875  1.30439e-01  1.31900e-01  1.24316e-01  6.12314e-03
   6623.95  6707.8125  1.42429e-01  1.52351e-01  1.35287e-01  7.14294e-03
   6652.50  6708.4375  1.46556e-01  1.36874e-01  1.41697e-01  4.85876e-03
   6681.06  6709.0625  1.51616e-01  1.61925e-01  1.47477e-01  4.13915e-03
   6709.61  6709.6875  1.53699e-01  1.43653e-01  1.49111e-01  4.58728e-03
   6738.16  6710.3125  1.49118e-01  1.74089e-01  1.44376e-01  4.74262e-03
   6766.71  6710.9375  1.35869e-01  1.04744e-01  1.30037e-01  5.83227e-03
   6795.26  6711.5625  1.48005e-01  1.48777e-01  1.41783e-01  6.22239e-03
   6823.81  6712.1875  1.61152e-01  1.88133e-01  1.56094e-01  5.05749e-03
   6852.36  6712.8125  1.45865e-01  1.34556e-01  1.41748e-01  4.11624e-03
   6880.91  6713.4375  1.31651e-01  1.27628e-01  1.26598e-01  5.05309e-03
   6909.46  6714.0625  1.29268e-01  1.28752e-01  1.22791e-01  6.47716e-03
   6938.02  6714.6875  1.32338e-01  1.28603e-01  1.26627e-01  5.71105e-03
   6966.57  6715.3125  1.34022e-01  1.45297e-01  1.29075e-01  4.94726e-03
   6995.12  6715.9375  1.24699e-01  1.22312e-01  1.20192e-01  4.50674e-03
   7023.67  6716.5625  1.17673e-01  1.07941e-01  1.13659e-01  4.01418e-03
   7052.22  6717.1875  1.23720e-01  1.25601e-01  1.19302e-01  4.41754e-03
   7080.77  6717.8125  1.36082e-01  1.31494e-01  1.30812e-01  5.26990e-03
   7109.32  6718.4375  1.54113e-01  1.53304e-01  1.49394e-01  4.71859e-03
   7137.87  6719.0625  1.73310e-01  1.77251e-01  1.69112e-01  4.19824e-03
   7166.42  6719.6875  1.83307e-01  1.90613e-01  1.79578e-01  3.72955e-03
   7194.97  6720.3125  1.78022e-01  1.83002e-01  1.73821e-01  4.20034e-03
   7223.53  6720.9375  1.60014e-01  1.63190e-01  1.54338e-01  5.67583e-03
   7252.08  6721.5625  1.42106e-01  1.29450e-01  1.36188e-01  5.91751e-03
   7280.63  6722.1875  1.36476e-01  1.40077e-01  1.31886e-01  4.59000e-03
   7309.18  6722.8125  1.28654e-01  1.38141e-01  1.25298e-01  3.35609e-03
   7337.73  6723.4375  1.19467e-01  9.67314e-02  1.16480e-01  2.98710e-03
   7366.28  6724.0625  1.22088e-01  1.43650e-01  1.19119e-01  2.96905e-03
   7394.83  6724.6875  1.17769e-01  1.04039e-01  1.14654e-01  3.11492e-03
   7423.38  6725.3125  1.20076e-01  1.19336e-01  1.17821e-01  2.25508e-03
   7451.93  6725.9375  1.33147e-01  1.28694e-01  1.31578e-01  1.56908e-03
   7480.48  6726.5625  1.44430e-01  1.59380e-01  1.43024e-01  1.40588e-03
   7509.04  6727.1875  1.46825e-01  1.33672e-01  1.44599e-01  2.22674e-03
   7537.59  6727.8125  1.62761e-01  1.52855e-01  1.59672e-01  3.08913e-03
   7566.14  6728.4375  1.79867e-01  2.12937e-01  1.77630e-01  2.23662e-03
   7594.69  6729.0625  1.68481e-01  1.52880e-01  1.67285e-01  1.19617e-03
   7623.24  6729.6875  1.53688e-01  1.61634e-01  1.52649e-01  1.03883e-03
   7651.79  6730.3125  1.43259e-01  1.32170e-01  1.41484e-01  1.77559e-03
   7680.34  6730.9375  1.41389e-01  1.45109e-01  1.38011e-01  3.37868e-03
   7708.89  6731.5625  1.44396e-01  1.37775e-01  1.40974e-01  3.42271e-03
   7737.44  6732.1875  1.45255e-01  1.61935e-01  1.42741e-01  2.51408e-03
   7765.99  6732.8125  1.45345e-01  1.15250e-01  1.43815e-01  1.52950e-03
   7794.55  6733.4375  1.62559e-01  1.83399e-01  1.61489e-01  1.06952e-03
   7823.10  6734.0625  1.61818e-01  1.75944e-01  1.60588e-01  1.22944e-03
   7851.65  6734.6875  1.43221e-01  1.21620e-01  1.41254e-01  1.96725e-03
   7880.20  6735.3125  1.36473e-01  1.49932e-01  1.33545e-01  2.92745e-03
   7908.75  6735.9375  1.33054e-01  1.18401e-01  1.30674e-01  2.38038e-03
   7937.30  6736.5625  1.36032e-01  1.45397e-01  1.34144e-01  1.88824e-03
   7965.85  6737.1875  1.34601e-01  1.35424e-01  1.31956e-01  2.64477e-03
   7994.40  6737.8125  1.30053e-01  1.24604e-01  1.27240e-01  2.81367e-03
   8022.95  6738.4375  1.29244e-01  1.33745e-01  1.27254e-01  1.98956e-03
   8051.51  6739.0625  1.27354e-01  1.25411e-01  1.25397e-01  1.95772e-03
   8080.06  6739.6875  1.32728e-01  1.19995e-01  1.30756e-01  1.97162e-03
   8108.61  6740.3125  1.47283e-01  1.62290e-01  1.45549e-01  1.73455e-03
   8137.16  6740.9375  1.53966e-01  1.46289e-01  1.52168e-01  1.79784e-03
   8165.71  6741.5625  1.56359e-01  1.65818e-01  1.54360e-01  1.99938e-03
   8194.26  6742.1875  1.49363e-01  1.51513e-01  1.47633e-01  1.72988e-03
   8222.81  6742.8125  1.39773e-01  1.29109e-01  1.38148e-01  1.62412e-03
   8251.36  6743.4375  1.30725e-01  1.51898e-01  1.29504e-01  1.22137e-03
   8279.91  6744.0625  1.15249e-01  9.03038e-02  1.14542e-01  7.06582e-04
   8308.46  6744.6875  1.23966e-01  1.17101e-01  1.23198e-01  7.68213e-04
   8337.02  6745.3125  1.42684e-01  1.65761e-01  1.41518e-01  1.16554e-03
   8365.57  6745.9375  1.43260e-01  1.30627e-01  1.41737e-01  1.52299e-03
   8394.12  6746.5625  1.45501e-01  1.47032e-01  1.44200e-01  1.30140e-03
   8422.67  6747.1875  1.45711e-01  1.57905e-01  1.44752e-01  9.59632e-04
   8451.22  6747.8125  1.37355e-01  1.22991e-01  1.36725e-01  6.30295e-04
   8479.77  6748.4375  1.32247e-01  1.47331e-01  1.31689e-01  5.57399e-04
   8508.32  6749.0625  1.27345e-01  1.06623e-01  1.27073e-01  2.72350e-04
   8536.87  6749.6875  1.31889e-01  1.48317e-01  1.31738e-01  1.51785e-04
   8565.42  6750.3125  1.34765e-01  1.21519e-01  1.33928e-01  8.36644e-04
   8593.97  6750.9375  1.47184e-01  1.43861e-01  1.45355e-01  1.82942e-03
   8622.53  6751.5625  1.57032e-01  1.82522e-01  1.55597e-01  1.43463e-03
   8651.08  6752.1875  1.52100e-01  1.22990e-01  1.51335e-01  7.64650e-04
   8679.63  6752.8125  1.54103e-01  1.81646e-01  1.53332e-01  7.70906e-04
   8708.18  6753.4375  1.40304e-01  1.33992e-01  1.39721e-01  5.83273e-04
   8736.73  6754.0625  1.25907e-01  1.15636e-01  1.25351e-01  5.56186e-04
   8765.28  6754.6875  1.35117e-01  1.22354e-01  1.33964e-01  1.15311e-03
   8793.83  6755.3125  1.54676e-01  1.76707e-01  1.53118e-01  1.55885e-03
   8822.38  6755.9375  1.56157e-01  1.50695e-01  1.54725e-01  1.43203e-03
   8850.93  6756.5625  1.50571e-01  1.52403e-01  1.49413e-01  1.15853e-03
   8879.49  6757.1875  1.40216e-01  1.48377e-01  1.39458e-01  7.58550e-04
   8908.04  6757.8125  1.20094e-01  1.17556e-01  1.19682e-01  4.12511e-04
   8936.59  6758.4375  1.07104e-01  9.25762e-02  1.06472e-01  6.32459e-04
   8965.14  6759.0625  1.14365e-01  1.15366e-01  1.13275e-01  1.09082e-03
   8993.69  6759.6875  1.31142e-01  1.26893e-01  1.30127e-01  1.01518e-03
   9022.24  6760.3125  1.41801e-01  1.61316e-01  1.41245e-01  5.55859e-04
   9050.79  6760.9375  1.33503e-01  1.26561e-01  1.32710e-01  7.92177e-04
   9079.34  6761.5625  1.29258e-01  1.18237e-01  1.27582e-01  1.67636e-03
   9107.89  6762.1875  1.39344e-01  1.45719e-01  1.37745e-01  1.59908e-03
   9136.44  6762.8125  1.44967e-01  1.48866e-01  1.44099e-01  8.67783e-04
   9165.00  6763.4375  1.34049e-01  1.48648e-01  1.33432e-01  6.17161e-04
   9193.55  6764.0625  1.19528e-01  8.80726e-02  1.18686e-01  8.42306e-04
   9222.10  6764.6875  1.26463e-01  1.45411e-01  1.25529e-01  9.34327e-04
   9250.65  6765.3125  1.27318e-01  1.27705e-01  1.26876e-01  4.42057e-04
   9279.20  6765.9375  1.30966e-01  1.07042e-01  1.30672e-01  2.93979e-04
   9307.75  6766.5625  1.50566e-01  1.74797e-01  1.49704e-01  8.61970e-04
   9336.30  6767.1875  1.46120e-01  1.56861e-01  1.44819e-01  1.30151e-03
   9364.85  6767.8125  1.19689e-01  1.10221e-01  1.18880e-01  8.09323e-04
   9393.40  6768.4375  1.08464e-01  9.19048e-02  1.08192e-01  2.71452e-04
   9421.95  6769.0625  1.22017e-01  1.26342e-01  1.21953e-01  6.40609e-05
   9450.51  6769.6875  1.37168e-01  1.42109e-01  1.37159e-01  9.75726e-06
   9479.06  6770.3125  1.43935e-01  1.43695e-01  1.43929e-01  5.44204e-06
   9507.61  6770.9375  1.51172e-01  1.45649e-01  1.51169e-01  2.91420e-06
   9536.16  6771.5625  1.64413e-01  1.66047e-01  1.64408e-01  5.45853e-06
   9564.71  6772.1875  1.72201e-01  1.83438e-01  1.72166e-01  3.54947e-05
   9593.26  6772.8125  1.66511e-01  1.61955e-01  1.66435e-01  7.63039e-05
   9621.81  6773.4375  1.53390e-01  1.65323e-01  1.53289e-01  1.00831e-04
   9650.36  6774.0625  1.37967e-01  1.19284e-01  1.37815e-01  1.52261e-04
   9678.91  6774.6875  1.38226e-01  1.41845e-01  1.38001e-01  2.25474e-04
   9707.47  6775.3125  1.44814e-01  1.44529e-01  1.44497e-01  3.17072e-04
   9736.02  6775.9375  1.49903e-01  1.49592e-01  1.49742e-01  1.60765e-04
   9764.57  6776.5625  1.47546e-01  1.61638e-01  1.47523e-01  2.26942e-05
   9793.12  6777.1875  1.37690e-01  1.18235e-01  1.37689e-01  8.74901e-07
   9821.67  6777.8125  1.33783e-01  1.53938e-01  1.33783e-01  1.24235e-08
   9850.22  6778.4375  1.27866e-01  1.05145e-01  1.27866e-01  8.31777e-09
   9878.77  6779.0625  1.34977e-01  1.43568e-01  1.34977e-01  1.83537e-07
   9907.32  6779.6875  1.35789e-01  1.50157e-01  1.35784e-01  4.84197e-06
   9935.87  6780.3125  1.27213e-01  1.03228e-01  1.27174e-01  3.92853e-05
   9964.42  6780.9375  1.34855e-01  1.45601e-01  1.34744e-01  1.11111e-04
   9992.98  6781.5625  1.39602e-01  1.45182e-01  1.39476e-01  1.26410e-04
  10021.53  6782.1875  1.43301e-01  1.22264e-01  1.43248e-01  5.35704e-05
  10050.08  6782.8125  1.58354e-01  1.79141e-01  1.58347e-01  7.11838e-06
  10078.63  6783.4375  1.53458e-01  1.62368e-01  1.53458e-01  3.85141e-07
  10107.18  6784.0625  1.35652e-01  1.17503e-01  1.35652e-01  4.81234e-07
  10135.73  6784.6875  1.33029e-01  1.37164e-01  1.33022e-01  6.83945e-06
  10164.28  6785.3125  1.29571e-01  1.40801e-01  1.29523e-01  4.75841e-05
  10192.83  6785.9375  1.22369e-01  1.00346e-01  1.22277e-01  9.13131e-05
  10221.38  6786.5625  1.33081e-01  1.40070e-01  1.33033e-01  4.75679e-05
  10249.93  6787.1875  1.42011e-01  1.50528e-01  1.42004e-01  6.72459e-06
  10278.49  6787.8125  1.32203e-01  1.39798e-01  1.32202e-01  2.57982e-07
  10307.04  6788.4375  1.19663e-01  9.75897e-02  1.19663e-01  2.68978e-09
  10335.59  6789.0625  1.22645e-01  1.38402e-01  1.22645e-01  2.18471e-12
  10364.14  6789.6875  1.25477e-01  1.11822e-01  1.25477e-01  1.05399e-12
  10392.69  6790.3125  1.28638e-01  1.44744e-01  1.28638e-01  5.07438e-11
  10421.24  6790.9375  1.29925e-01  1.09282e-01  1.29925e-01  4.73360e-09
  10449.79  6791.5625  1.38499e-01  1.57199e-01  1.38499e-01  1.31445e-07
  10478.34  6792.1875  1.40919e-01  1.29541e-01  1.40918e-01  1.65124e-06
  10506.89  6792.8125  1.46407e-01  1.48731e-01  1.46385e-01  2.21766e-05
  10535.45  6793.4375  1.53413e-01  1.55873e-01  1.53261e-01  1.52341e-04
  10564.00  6794.0625  1.52633e-01  1.57782e-01  1.52269e-01  3.64712e-04
  10592.55  6794.6875  1.37307e-01  1.48085e-01  1.36776e-01  5.31336e-04
  10621.10  6795.3125  1.13471e-01  9.87682e-02  1.12834e-01  6.36277e-04
  10649.65  6795.9375  1.05869e-01  1.00727e-01  1.05565e-01  3.03423e-04
  10678.20  6796.5625  1.16986e-01  1.11389e-01  1.16944e-01  4.20917e-05
  10706.75  6797.1875  1.36730e-01  1.40725e-01  1.36729e-01  1.60730e-06
  10735.30  6797.8125  1.53110e-01  1.55086e-01  1.53110e-01  1.67219e-08
  10763.85  6798.4375  1.58902e-01  1.69065e-01  1.58902e-01  7.24433e-13
  10792.40  6799.0625  1.57568e-01  1.44007e-01  1.57568e-01  1.77694e-13
  10820.96  6799.6875  1.59905e-01  1.73628e-01  1.59905e-01  5.92767e-12
  10849.51  6800.3125  1.53017e-01  1.50371e-01  1.53017e-01  1.17856e-10
  10878.06  6800.9375  1.35760e-01  1.47016e-01  1.35760e-01  1.08491e-09
  10906.61  6801.5625  1.19257e-01  9.48514e-02  1.19257e-01  1.01878e-08
  10935.16  6802.1875  1.24337e-01  1.30493e-01  1.24337e-01  6.48194e-08
  10963.71  6802.8125  1.27143e-01  1.42484e-01  1.27142e-01  1.75006e-07
  10992.26  6803.4375  1.20441e-01  9.65038e-02  1.20440e-01  4.58068e-07
  11020.81  6804.0625  1.25434e-01  1.43880e-01  1.25434e-01  7.69163e-07
  11049.36  6804.6875  1.28160e-01  1.13693e-01  1.28159e-01  3.96459e-07
  11077.91  6805.3125  1.31677e-01  1.45591e-01  1.31677e-01  5.60028e-08
  11106.47  6805.9375  1.30519e-01  1.20937e-01  1.30519e-01  8.14229e-09
  11135.02  6806.5625  1.32882e-01  1.34693e-01  1.32881e-01  5.75414e-07
  11163.57  6807.1875  1.33746e-01  1.41079e-01  1.33731e-01  1.49977e-05
  11192.12  6807.8125  1.25913e-01  1.23672e-01  1.25807e-01  1.06089e-04
  11220.67  6808.4375  1.24502e-01  1.10495e-01  1.24298e-01  2.03652e-04
  11249.22  6809.0625  1.34875e-01  1.49585e-01  1.34769e-01  1.06092e-04
  11277.77  6809.6875  1.48234e-01  1.23255e-01  1.48219e-01  1.52192e-05
  11306.32  6810.3125  1.66345e-01  2.00226e-01  1.66339e-01  6.23273e-06
  11334.87  6810.9375  1.62078e-01  1.48412e-01  1.62038e-01  3.98006e-05
  11363.43  6811.5625  1.54268e-01  1.57460e-01  1.54192e-01  7.62742e-05
  11391.98  6812.1875  1.46980e-01  1.50944e-01  1.46940e-01  3.97179e-05
  11420.53  6812.8125  1.34986e-01  1.32502e-01  1.34980e-01  5.61449e-06
  11449.08  6813.4375  1.32500e-01  1.17680e-01  1.32500e-01  2.15424e-07
  11477.63  6814.0625  1.45496e-01  1.54258e-01  1.45496e-01  2.24419e-09
  11506.18  6814.6875  1.49864e-01  1.60523e-01  1.49864e-01  7.24713e-09
  11534.73  6815.3125  1.42970e-01  1.29572e-01  1.42969e-01  6.96109e-07
  11563.28  6815.9375  1.42441e-01  1.51113e-01  1.42423e-01  1.81450e-05
  11591.83  6816.5625  1.46462e-01  1.31635e-01  1.46334e-01  1.28353e-04
  11620.38  6817.1875  1.52482e-01  1.73735e-01  1.52235e-01  2.46389e-04
  11648.94  6817.8125  1.39647e-01  1.40095e-01  1.39519e-01  1.28353e-04
  11677.49  6818.4375  1.32472e-01  1.00204e-01  1.32454e-01  1.81450e-05
  11706.04  6819.0625  1.50632e-01  1.78729e-01  1.50631e-01  6.96109e-07
  11734.59  6819.6875  1.55706e-01  1.47217e-01  1.55706e-01  7.24711e-09
  11763.14  6820.3125  1.50989e-01  1.60407e-01  1.50989e-01  0.00000e+00
  11791.69  6820.9375  1.49018e-01  1.30516e-01  1.49018e-01  0.00000e+00
  11820.24  6821.5625  1.63063e-01  1.67258e-01  1.63063e-01  0.00000e+00
  11848.79  6822.1875  1.69099e-01  1.91806e-01  1.69099e-01  0.00000e+00
  11877.34  6822.8125  1.51426e-01  1.37123e-01  1.51426e-01  0.00000e+00
  11905.89  6823.4375  1.36581e-01  1.40742e-01  1.36581e-01  0.00000e+00
  11934.45  6824.0625  1.27665e-01  1.21489e-01  1.27665e-01  0.00000e+00
  11963.00  6824.6875  1.21869e-01  1.27795e-01  1.21869e-01  0.00000e+00
  11991.55  6825.3125  1.19889e-01  1.05731e-01  1.19889e-01  0.00000e+00
  12020.10  6825.9375  1.26715e-01  1.38934e-01  1.26715e-01  0.00000e+00
  12048.65  6826.5625  1.36967e-01  1.16851e-01  1.36967e-01  0.00000e+00
  12077.20  6827.1875  1.51854e-01  1.77621e-01  1.51854e-01  0.00000e+00
  12105.75  6827.8125  1.51166e-01  1.39752e-01  1.51166e-01  0.00000e+00
  12134.30  6828.4375  1.52880e-01  1.49330e-01  1.52880e-01  0.00000e+00
  12162.85  6829.0625  1.63581e-01  1.65685e-01  1.63581e-01  0.00000e+00
  12191.40  6829.6875  1.65208e-01  1.80504e-01  1.65208e-01  0.00000e+00
  12219.96  6830.3125  1.54097e-01  1.39960e-01  1.54096e-01  2.11283e-08
  12248.51  6830.9375  1.56214e-01  1.48794e-01  1.56212e-01  2.02944e-06
  12277.06  6831.5625  1.64085e-01  1.86138e-01  1.64033e-01  5.29002e-05
  12305.61  6832.1875  1.65041e-01  1.33339e-01  1.64667e-01  3.74202e-04
  12334.16  6832.8125  1.66109e-01  2.16155e-01  1.65390e-01  7.18327e-04
  12362.71  6833.4375  1.42206e-01  1.02459e-01  1.41831e-01  3.74202e-04
  12391.26  6834.0625  1.29487e-01  1.51892e-01  1.29434e-01  5.29002e-05
  12419.81  6834.6875  1.26221e-01  9.67319e-02  1.26219e-01  2.02944e-06
  12448.36  6835.3125  1.34394e-01  1.62045e-01  1.34394e-01  2.11283e-08
  12476.92  6835.9375  1.39491e-01  1.09739e-01  1.39491e-01  0.00000e+00
  12505.47  6836.5625  1.46813e-01  1.84451e-01  1.46813e-01  0.00000e+00
  12534.02  6837.1875  1.39818e-01  1.07178e-01  1.39818e-01  0.00000e+00
  12562.57  6837.8125  1.37094e-01  1.66502e-01  1.37094e-01  0.00000e+00
  12591.12  6838.4375  1.21181e-01  1.09352e-01  1.21181e-01  0.00000e+00
  12619.67  6839.0625  1.11562e-01  9.98728e-02  1.11562e-01  0.00000e+00
  12648.22  6839.6875  1.25674e-01  1.22294e-01  1.25674e-01  0.00000e+00
  12676.77  6840.3125  1.49818e-01  1.52725e-01  1.49818e-01  0.00000e+00
  12705.32  6840.9375  1.66686e-01  1.75621e-01  1.66686e-01  0.00000e+00
  12733.87  6841.5625  1.63696e-01  1.74520e-01  1.63696e-01  0.00000e+00
  12762.43  6842.1875  1.46673e-01  1.36860e-01  1.46673e-01  0.00000e+00
  12790.98  6842.8125  1.36928e-01  1.36183e-01  1.36928e-01  0.00000e+00
  12819.53  6843.4375  1.42969e-01  1.26703e-01  1.42969e-01  0.00000e+00
  12848.08  6844.0625  1.57974e-01  1.80109e-01  1.57974e-01  0.00000e+00
  12876.63  6844.6875  1.52277e-01  1.54710e-01  1.52277e-01  0.00000e+00
  12905.18  6845.3125  1.38514e-01  1.24865e-01  1.38514e-01  0.00000e+00
  12933.73  6845.9375  1.37271e-01  1.43087e-01  1.37271e-01  0.00000e+00
  12962.28  6846.5625  1.37665e-01  1.35882e-01  1.37665e-01  0.00000e+00
  12990.83  6847.1875  1.37986e-01  1.36562e-01  1.37986e-01  0.00000e+00
  13019.38  6847.8125  1.37706e-01  1.43927e-01  1.37706e-01  0.00000e+00
  13047.94  6848.4375  1.37354e-01  1.25014e-01  1.37354e-01  0.00000e+00
  13076.49  6849.0625  1.45528e-01  1.52037e-01  1.45528e-01  0.00000e+00
  13105.04  6849.6875  1.47722e-01  1.55533e-01  1.47722e-01  0.00000e+00
  13133.59  6850.3125  1.39886e-01  1.33990e-01  1.39886e-01  0.00000e+00
  13162.14  6850.9375  1.41010e-01  1.30547e-01  1.41010e-01  0.00000e+00
  13190.69  6851.5625  1.54094e-01  1.62875e-01  1.54094e-01  0.00000e+00
  13219.24  6852.1875  1.62383e-01  1.62327e-01  1.62383e-01  0.00000e+00
  13247.79  6852.8125  1.69943e-01  1.61466e-01  1.69943e-01  0.00000e+00
  13276.34  6853.4375  1.71810e-01  2.00109e-01  1.71810e-01  0.00000e+00
  13304.90  6854.0625  1.50224e-01  1.35839e-01  1.50224e-01  0.00000e+00
  13333.45  6854.6875  1.38361e-01  1.25650e-01  1.38361e-01  0.00000e+00
  13362.00  6855.3125  1.45449e-01  1.54819e-01  1.45449e-01  0.00000e+00
  13390.55  6855.9375  1.47860e-01  1.50005e-01  1.47860e-01  0.00000e+00
  13419.10  6856.5625  1.55530e-01  1.31023e-01  1.55530e-01  0.00000e+00
  13447.65  6857.1875  1.68110e-01  2.11865e-01  1.68110e-01  0.00000e+00
  13476.20  6857.8125  1.45678e-01  1.32644e-01  1.45678e-01  0.00000e+00
  13504.75  6858.4375  1.26755e-01  1.06718e-01  1.26755e-01  0.00000e+00
  13533.30  6859.0625  1.35363e-01  1.44560e-01  1.35363e-01  0.00000e+00
  13561.85  6859.6875  1.42929e-01  1.45368e-01  1.42929e-01  0.00000e+00
  13590.41  6860.3125  1.43247e-01  1.41859e-01  1.43247e-01  0.00000e+00
  13618.96  6860.9375  1.44850e-01  1.41861e-01  1.44850e-01  0.00000e+00
  13647.51  6861.5625  1.42865e-01  1.58237e-01  1.42865e-01  0.00000e+00
  13676.06  6862.1875  1.39185e-01  1.10416e-01  1.39185e-01  0.00000e+00
  13704.61  6862.8125  1.54407e-01  1.70645e-01  1.54407e-01  0.00000e+00
  13733.16  6863.4375  1.58866e-01  1.70083e-01  1.58866e-01  0.00000e+00
  13761.71  6864.0625  1.52442e-01  1.30027e-01  1.52442e-01  0.00000e+00
  13790.26  6864.6875  1.56918e-01  1.76124e-01  1.56918e-01  0.00000e+00
  13818.81  6865.3125  1.50149e-01  1.48722e-01  1.50149e-01  0.00000e+00
  13847.36  6865.9375  1.38595e-01  1.31324e-01  1.38595e-01  0.00000e+00
  13875.92  6866.5625  1.32662e-01  1.39249e-01  1.32662e-01  0.00000e+00
  13904.47  6867.1875  1.19207e-01  1.26022e-01  1.19207e-01  0.00000e+00
  13933.02  6867.8125  1.08850e-01  8.17989e-02  1.08850e-01  0.00000e+00
  13961.57  6868.4375  1.21692e-01  1.35713e-01  1.21692e-01  0.00000e+00
  13990.12  6869.0625  1.31637e-01  1.32567e-01  1.31637e-01  0.00000e+00
  14018.67  6869.6875  1.35486e-01  1.30545e-01  1.35486e-01  0.00000e+00
  14047.22  6870.3125  1.39758e-01  1.47622e-01  1.39758e-01  0.00000e+00
  14075.77  6870.9375  1.31517e-01  1.40537e-01  1.31517e-01  0.00000e+00
  14104.32  6871.5625  1.15478e-01  1.01078e-01  1.15478e-01  0.00000e+00
  14132.88  6872.1875  1.14613e-01  1.11456e-01  1.14613e-01  0.00000e+00
  14161.43  6872.8125  1.22941e-01  1.29269e-01  1.22941e-01  0.00000e+00
  14189.98  6873.4375  1.30893e-01  1.20860e-01  1.30893e-01  0.00000e+00
  14218.53  6874.0625  1.40544e-01  1.53499e-01  1.40544e-01  0.00000e+00
  14247.08  6874.6875  1.38554e-01  1.39573e-01  1.38554e-01  0.00000e+00
  14275.63  6875.3125  1.33672e-01  1.22815e-01  1.33672e-01  0.00000e+00
  14304.18  6875.9375  1.32143e-01  1.49579e-01  1.32143e-01  0.00000e+00
  14332.73  6876.5625  1.22852e-01  1.07803e-01  1.22852e-01  0.00000e+00
  14361.28  6877.1875  1.20142e-01  1.25928e-01  1.20142e-01  0.00000e+00
  14389.83  6877.8125  1.23101e-01  1.15431e-01  1.23101e-01  0.00000e+00
  14418.39  6878.4375  1.35399e-01  1.30829e-01  1.35399e-01  0.00000e+00
  14446.94  6879.0625  1.45915e-01  1.66667e-01  1.45915e-01  0.00000e+00
  14475.49  6879.6875  1.37887e-01  1.28408e-01  1.37887e-01  0.00000e+00
  14504.04  6880.3125  1.35401e-01  1.25409e-01  1.35401e-01  0.00000e+00
  14532.59  6880.9375  1.39116e-01  1.60085e-01  1.39116e-01  0.00000e+00
  14561.14  6881.5625  1.30879e-01  1.15001e-01  1.30879e-01  0.00000e+00
  14589.69  6882.1875  1.30864e-01  1.31510e-01  1.30864e-01  0.00000e+00
  14618.24  6882.8125  1.37719e-01  1.40937e-01  1.37719e-01  0.00000e+00
  14646.79  6883.4375  1.51676e-01  1.31162e-01  1.51676e-01  0.00000e+00
  14675.34  6884.0625  1.68844e-01  2.05900e-01  1.68844e-01  0.00000e+00
  14703.90  6884.6875  1.55487e-01  1.44950e-01  1.55487e-01  0.00000e+00
  14732.45  6885.3125  1.39278e-01  1.31987e-01  1.39278e-01  0.00000e+00
  14761.00  6885.9375  1.44887e-01  1.32021e-01  1.44887e-01  0.00000e+00
  14789.55  6886.5625  1.56364e-01  1.83227e-01  1.56364e-01  0.00000e+00
  14818.10  6887.1875  1.43325e-01  1.38302e-01  1.43325e-01  0.00000e+00
  14846.65  6887.8125  1.26394e-01  1.17612e-01  1.26394e-01  0.00000e+00
  14875.20  6888.4375  1.23192e-01  1.23683e-01  1.23192e-01  0.00000e+00
  14903.75  6889.0625  1.27369e-01  1.23031e-01  1.27369e-01  0.00000e+00
  14932.30  6889.6875  1.33778e-01  1.39088e-01  1.33778e-01  0.00000e+00
  14960.86  6890.3125  1.31371e-01  1.39514e-01  1.31371e-01  0.00000e+00
  14989.41  6890.9375  1.25669e-01  1.07445e-01  1.25669e-01  0.00000e+00
  15017.96  6891.5625  1.31480e-01  1.44104e-01  1.31480e-01  0.00000e+00
  15046.51  6892.1875  1.30730e-01  1.31638e-01  1.30730e-01  0.00000e+00
  15075.06  6892.8125  1.23529e-01  1.21380e-01  1.23529e-01  0.00000e+00
  15103.61  6893.4375  1.26744e-01  1.11852e-01  1.26744e-01  0.00000e+00
  15132.16  6894.0625  1.41669e-01  1.57116e-01  1.41669e-01  0.00000e+00
  15160.71  6894.6875  1.43349e-01  1.46350e-01  1.43349e-01  0.00000e+00
  15189.26  6895.3125  1.34329e-01  1.31032e-01  1.34329e-01  0.00000e+00
  15217.81  6895.9375  1.30850e-01  1.24850e-01  1.30850e-01  0.00000e+00
  15246.37  6896.5625  1.34002e-01  1.39116e-01  1.34002e-01  0.00000e+00
  15274.92  6897.1875  1.31480e-01  1.36812e-01  1.31480e-01  0.00000e+00
  15303.47  6897.8125  1.31061e-01  1.11165e-01  1.31061e-01  0.00000e+00
  15332.02  6898.4375  1.52673e-01  1.52856e-01  1.52673e-01  0.00000e+00
  15360.57  6899.0625  1.68329e-01  1.98319e-01  1.68329e-01  0.00000e+00
  15389.12  6899.6875  1.55219e-01  1.37492e-01  1.55219e-01  0.00000e+00
  15417.67  6900.3125  1.46638e-01  1.47848e-01  1.46638e-01  0.00000e+00
  15446.22  6900.9375  1.43619e-01  1.48120e-01  1.43619e-01  0.00000e+00
  15474.77  6901.5625  1.37146e-01  1.33118e-01  1.37146e-01  0.00000e+00
  15503.32  6902.1875  1.36077e-01  1.30669e-01  1.36077e-01  0.00000e+00
  15531.88  6902.8125  1.37579e-01  1.49961e-01  1.37579e-01  0.00000e+00
  15560.43  6903.4375  1.35216e-01  1.19057e-01  1.35216e-01  0.00000e+00
  15588.98  6904.0625  1.37035e-01  1.53979e-01  1.37035e-01  0.00000e+00
  15617.53  6904.6875  1.30623e-01  1.22700e-01  1.30623e-01  0.00000e+00
  15646.08  6905.3125  1.27945e-01  1.22767e-01  1.27945e-01  0.00000e+00
  15674.63  6905.9375  1.31862e-01  1.39498e-01  1.31862e-01  0.00000e+00
  15703.18  6906.5625  1.30296e-01  1.27878e-01  1.30296e-01  0.00000e+00
  15731.73  6907.1875  1.25547e-01  1.29959e-01  1.25547e-01  0.00000e+00
  15760.28  6907.8125  1.27398e-01  1.06762e-01  1.27398e-01  0.00000e+00
  15788.84  6908.4375  1.32402e-01  1.69486e-01  1.32402e-01  0.00000e+00
  15817.39  6909.0625  1.13714e-01  9.18748e-02  1.13714e-01  0.00000e+00
  15845.94  6909.6875  1.06377e-01  1.00100e-01  1.06377e-01  0.00000e+00
  15874.49  6910.3125  1.21772e-01  1.16707e-01  1.21772e-01  0.00000e+00
  15903.04  6910.9375  1.35301e-01  1.57466e-01  1.35301e-01  0.00000e+00
  15931.59  6911.5625  1.27354e-01  1.19772e-01  1.27354e-01  0.00000e+00
  15960.14  6912.1875  1.21450e-01  1.12669e-01  1.21450e-01  0.00000e+00
  15988.69  6912.8125  1.29127e-01  1.32468e-01  1.29127e-01  0.00000e+00
  16017.24  6913.4375  1.38112e-01  1.37861e-01  1.38112e-01  0.00000e+00
  16045.79  6914.0625  1.44914e-01  1.45728e-01  1.44914e-01  0.00000e+00
  16074.35  6914.6875  1.46268e-01  1.53853e-01  1.46268e-01  0.00000e+00
  16102.90  6915.3125  1.40999e-01  1.34413e-01  1.40999e-01  0.00000e+00
  16131.45  6915.9375  1.39522e-01  1.40076e-01  1.39522e-01  0.00000e+00
  16160.00  6916.5625  1.40124e-01  1.41454e-01  1.40124e-01  0.00000e+00
  16188.55  6917.1875  1.37111e-01  1.40428e-01  1.37111e-01  0.00000e+00
  16217.10  6917.8125  1.33657e-01  1.25360e-01  1.33657e-01  0.00000e+00
  16245.65  6918.4375  1.35273e-01  1.41757e-01  1.35273e-01  0.00000e+00
  16274.20  6919.0625  1.33576e-01  1.33431e-01  1.33576e-01  0.00000e+00
  16302.75  6919.6875  1.33269e-01  1.24369e-01  1.33269e-01  0.00000e+00
  16331.30  6920.3125  1.35866e-01  1.51452e-01  1.35866e-01  0.00000e+00
  16359.86  6920.9375  1.33583e-01  1.15413e-01  1.33583e-01  0.00000e+00
  16388.41  6921.5625  1.37707e-01  1.52813e-01  1.37707e-01  0.00000e+00
  16416.96  6922.1875  1.39694e-01  1.26081e-01  1.39694e-01  0.00000e+00
  16445.51  6922.8125  1.38020e-01  1.60326e-01  1.38020e-01  0.00000e+00
  16474.06  6923.4375  1.20412e-01  1.11372e-01  1.20412e-01  0.00000e+00
  16502.61  6924.0625  1.13592e-01  9.41507e-02  1.13592e-01  0.00000e+00
  16531.16  6924.6875  1.35621e-01  1.37579e-01  1.35621e-01  0.00000e+00
  16559.71  6925.3125  1.55099e-01  1.75115e-01  1.55099e-01  0.00000e+00
  16588.26  6925.9375  1.49070e-01  1.46474e-01  1.49070e-01  0.00000e+00
  16616.81  6926.5625  1.38570e-01  1.31524e-01  1.38570e-01  0.00000e+00
  16645.37  6927.1875  1.39590e-01  1.37971e-01  1.39590e-01  0.00000e+00
  16673.92  6927.8125  1.48827e-01  1.44677e-01  1.48827e-01  0.00000e+00
  16702.47  6928.4375  1.49383e-01  1.75460e-01  1.49383e-01  0.00000e+00
  16731.02  6929.0625  1.26598e-01  1.12878e-01  1.26598e-01  0.00000e+00
  16759.57  6929.6875  1.16518e-01  9.91929e-02  1.16518e-01  0.00000e+00
  16788.12  6930.3125  1.29503e-01  1.42316e-01  1.29503e-01  0.00000e+00
  16816.67  6930.9375  1.40362e-01  1.33475e-01  1.40362e-01  0.00000e+00
  16845.22  6931.5625  1.48117e-01  1.55737e-01  1.48117e-01  0.00000e+00
  16873.77  6932.1875  1.42648e-01  1.54670e-01  1.42648e-01  0.00000e+00
  16902.33  6932.8125  1.26615e-01  1.10480e-01  1.26615e-01  0.00000e+00
  16930.88  6933.4375  1.25576e-01  1.23770e-01  1.25576e-01  0.00000e+00
  16959.43  6934.0625  1.34504e-01  1.37367e-01  1.34504e-01  0.00000e+00
  16987.98  6934.6875  1.38977e-01  1.42841e-01  1.38977e-01  0.00000e+00
  17016.53  6935.3125  1.37713e-01  1.35693e-01  1.37713e-01  0.00000e+00
  17045.08  6935.9375  1.35350e-01  1.37807e-01  1.35350e-01  0.00000e+00
  17073.63  6936.5625  1.32583e-01  1.29113e-01  1.32583e-01  0.00000e+00
  17102.18  6937.1875  1.28701e-01  1.37276e-01  1.28701e-01  0.00000e+00
  17130.73  6937.8125  1.29597e-01  1.04571e-01  1.29597e-01  0.00000e+00
  17159.28  6938.4375  1.41016e-01  1.70844e-01  1.41016e-01  0.00000e+00
  17187.84  6939.0625  1.34063e-01  1.23911e-01  1.34063e-01  0.00000e+00
  17216.39  6939.6875  1.30390e-01  1.18678e-01  1.30390e-01  0.00000e+00
  17244.94  6940.3125  1.44659e-01  1.48718e-01  1.44659e-01  0.00000e+00
  17273.49  6940.9375  1.54206e-01  1.65529e-01  1.54206e-01  0.00000e+00
  17302.04  6941.5625  1.48334e-01  1.45775e-01  1.48334e-01  0.00000e+00
  17330.59  6942.1875  1.42780e-01  1.35633e-01  1.42780e-01  0.00000e+00
  17359.14  6942.8125  1.40534e-01  1.52973e-01  1.40534e-01  0.00000e+00
  17387.69  6943.4375  1.29253e-01  1.24795e-01  1.29253e-01  0.00000e+00
  17416.24  6944.0625  1.23597e-01  1.11405e-01  1.23597e-01  0.00000e+00
  17444.79  6944.6875  1.29728e-01  1.41420e-01  1.29728e-01  0.00000e+00
  17473.35  6945.3125  1.33563e-01  1.23910e-01  1.33563e-01  0.00000e+00
  17501.90  6945.9375  1.41307e-01  1.45004e-01  1.41307e-01  0.00000e+00
  17530.45  6946.5625  1.49448e-01  1.49822e-01  1.49448e-01  0.00000e+00
  17559.00  6947.1875  1.56128e-01  1.53840e-01  1.56128e-01  0.00000e+00
  17587.55  6947.8125  1.56970e-01  1.70938e-01  1.56970e-01  0.00000e+00
  17616.10  6948.4375  1.41332e-01  1.41254e-01  1.41332e-01  0.00000e+00
  17644.65  6949.0625  1.30374e-01  1.08379e-01  1.30374e-01  0.00000e+00
  17673.20  6949.6875  1.40388e-01  1.52801e-01  1.40388e-01  0.00000e+00
