# day000.6  epoch=0.6d  L_Halpha=2.624e+40 erg/s  smooth_kms=25.0
# Columns:
#   1: Δv [km/s]      velocity offset from Hα (6562.81 Å), positive = redshift
#   2: lambda [Å]     observed wavelength
#   3: F_norm         total flux, smoothed, normalized to F_cont_baseline
#   4: F_norm_raw     total flux, RAW MC (no velocity smoothing)
#   5: F_cont_smooth  continuum-channel flux (continuum photons only)
#   6: F_vol_smooth   volumetric-channel flux (line emission contribution)
# Format: F_norm ≈ F_cont_smooth + F_vol_smooth (within MC noise)
# ----------------------------------------------------------------------------------------
 -16559.48  6200.3125  1.07404e+00  1.21224e+00  1.07371e+00  0.00000e+00
 -16530.93  6200.9375  8.90219e-01  7.59392e-01  8.89624e-01  0.00000e+00
 -16502.38  6201.5625  8.16291e-01  7.80564e-01  8.15940e-01  0.00000e+00
 -16473.83  6202.1875  8.97068e-01  8.38335e-01  8.97227e-01  0.00000e+00
 -16445.28  6202.8125  1.00647e+00  1.12973e+00  1.00647e+00  0.00000e+00
 -16416.73  6203.4375  9.72726e-01  1.00245e+00  9.72207e-01  0.00000e+00
 -16388.18  6204.0625  8.83654e-01  7.90401e-01  8.83167e-01  0.00000e+00
 -16359.63  6204.6875  9.04478e-01  8.87616e-01  9.04435e-01  0.00000e+00
 -16331.08  6205.3125  9.65763e-01  1.03733e+00  9.66026e-01  0.00000e+00
 -16302.53  6205.9375  1.03498e+00  8.77281e-01  1.03536e+00  0.00000e+00
 -16273.97  6206.5625  1.16967e+00  1.33895e+00  1.17020e+00  0.00000e+00
 -16245.42  6207.1875  1.18112e+00  1.16183e+00  1.18217e+00  0.00000e+00
 -16216.87  6207.8125  1.08505e+00  1.14964e+00  1.08588e+00  0.00000e+00
 -16188.32  6208.4375  9.75698e-01  8.67286e-01  9.75809e-01  0.00000e+00
 -16159.77  6209.0625  9.88412e-01  9.56945e-01  9.89034e-01  0.00000e+00
 -16131.22  6209.6875  1.04571e+00  1.15092e+00  1.04666e+00  0.00000e+00
 -16102.67  6210.3125  1.03655e+00  9.51233e-01  1.03732e+00  0.00000e+00
 -16074.12  6210.9375  1.06695e+00  1.08438e+00  1.06746e+00  0.00000e+00
 -16045.57  6211.5625  1.10557e+00  1.13026e+00  1.10684e+00  0.00000e+00
 -16017.01  6212.1875  1.07468e+00  1.12651e+00  1.07628e+00  0.00000e+00
 -15988.46  6212.8125  1.00494e+00  9.28260e-01  1.00540e+00  0.00000e+00
 -15959.91  6213.4375  9.99575e-01  1.01068e+00  9.99724e-01  0.00000e+00
 -15931.36  6214.0625  1.03686e+00  1.01239e+00  1.03701e+00  0.00000e+00
 -15902.81  6214.6875  1.06658e+00  1.13093e+00  1.06648e+00  0.00000e+00
 -15874.26  6215.3125  1.07937e+00  9.88457e-01  1.07924e+00  0.00000e+00
 -15845.71  6215.9375  1.15459e+00  1.18080e+00  1.15541e+00  0.00000e+00
 -15817.16  6216.5625  1.17269e+00  1.30758e+00  1.17399e+00  0.00000e+00
 -15788.61  6217.1875  1.10721e+00  9.15360e-01  1.10787e+00  0.00000e+00
 -15760.06  6217.8125  1.09882e+00  1.30294e+00  1.09905e+00  0.00000e+00
 -15731.50  6218.4375  1.06523e+00  8.34716e-01  1.06517e+00  0.00000e+00
 -15702.95  6219.0625  1.13632e+00  1.27998e+00  1.13639e+00  0.00000e+00
 -15674.40  6219.6875  1.16746e+00  1.12938e+00  1.16797e+00  0.00000e+00
 -15645.85  6220.3125  1.10607e+00  1.22146e+00  1.10689e+00  0.00000e+00
 -15617.30  6220.9375  1.01158e+00  8.35711e-01  1.01216e+00  0.00000e+00
 -15588.75  6221.5625  1.01885e+00  1.12919e+00  1.01938e+00  0.00000e+00
 -15560.20  6222.1875  1.01971e+00  9.52283e-01  1.02078e+00  0.00000e+00
 -15531.65  6222.8125  1.00544e+00  1.08572e+00  1.00616e+00  0.00000e+00
 -15503.10  6223.4375  9.93914e-01  8.64057e-01  9.93662e-01  0.00000e+00
 -15474.55  6224.0625  1.00656e+00  1.18116e+00  1.00589e+00  0.00000e+00
 -15445.99  6224.6875  9.24666e-01  8.25489e-01  9.24275e-01  0.00000e+00
 -15417.44  6225.3125  9.05161e-01  8.44683e-01  9.05242e-01  0.00000e+00
 -15388.89  6225.9375  9.35722e-01  1.08406e+00  9.36160e-01  0.00000e+00
 -15360.34  6226.5625  9.00303e-01  7.46201e-01  9.00933e-01  0.00000e+00
 -15331.79  6227.1875  9.45417e-01  1.00374e+00  9.46254e-01  0.00000e+00
 -15303.24  6227.8125  9.80119e-01  1.01980e+00  9.80769e-01  0.00000e+00
 -15274.69  6228.4375  9.78295e-01  8.95629e-01  9.78197e-01  0.00000e+00
 -15246.14  6229.0625  9.98627e-01  1.10520e+00  9.98477e-01  0.00000e+00
 -15217.59  6229.6875  9.75991e-01  8.91432e-01  9.75838e-01  0.00000e+00
 -15189.03  6230.3125  9.85496e-01  1.01717e+00  9.85096e-01  0.00000e+00
 -15160.48  6230.9375  1.00433e+00  9.95192e-01  1.00451e+00  0.00000e+00
 -15131.93  6231.5625  9.88353e-01  1.03876e+00  9.89092e-01  0.00000e+00
 -15103.38  6232.1875  9.13700e-01  9.12221e-01  9.14263e-01  0.00000e+00
 -15074.83  6232.8125  8.69866e-01  7.68984e-01  8.69553e-01  0.00000e+00
 -15046.28  6233.4375  9.19870e-01  9.86381e-01  9.19203e-01  0.00000e+00
 -15017.73  6234.0625  9.51747e-01  9.39312e-01  9.51568e-01  0.00000e+00
 -14989.18  6234.6875  9.90667e-01  9.41571e-01  9.90926e-01  0.00000e+00
 -14960.63  6235.3125  1.05780e+00  1.12746e+00  1.05811e+00  0.00000e+00
 -14932.08  6235.9375  1.05708e+00  1.06511e+00  1.05747e+00  0.00000e+00
 -14903.52  6236.5625  9.97666e-01  1.00914e+00  9.97735e-01  0.00000e+00
 -14874.97  6237.1875  9.24626e-01  9.19946e-01  9.24626e-01  0.00000e+00
 -14846.42  6237.8125  9.42983e-01  7.75204e-01  9.43142e-01  0.00000e+00
 -14817.87  6238.4375  1.02240e+00  1.30591e+00  1.02256e+00  0.00000e+00
 -14789.32  6239.0625  9.49551e-01  7.44284e-01  9.49227e-01  0.00000e+00
 -14760.77  6239.6875  9.70520e-01  9.87724e-01  9.69808e-01  0.00000e+00
 -14732.22  6240.3125  1.03061e+00  1.12207e+00  1.02965e+00  0.00000e+00
 -14703.67  6240.9375  1.01039e+00  9.34238e-01  1.00932e+00  0.00000e+00
 -14675.12  6241.5625  1.01172e+00  1.05069e+00  1.01089e+00  0.00000e+00
 -14646.57  6242.1875  1.00506e+00  1.00324e+00  1.00465e+00  0.00000e+00
 -14618.01  6242.8125  9.74606e-01  9.85113e-01  9.74795e-01  0.00000e+00
 -14589.46  6243.4375  9.54773e-01  9.15948e-01  9.54532e-01  0.00000e+00
 -14560.91  6244.0625  1.00118e+00  9.62816e-01  1.00037e+00  0.00000e+00
 -14532.36  6244.6875  1.06856e+00  1.15414e+00  1.06765e+00  0.00000e+00
 -14503.81  6245.3125  1.02374e+00  1.06543e+00  1.02269e+00  0.00000e+00
 -14475.26  6245.9375  9.20502e-01  8.38008e-01  9.19953e-01  0.00000e+00
 -14446.71  6246.5625  8.69558e-01  9.24741e-01  8.69635e-01  0.00000e+00
 -14418.16  6247.1875  8.60775e-01  7.47370e-01  8.61330e-01  0.00000e+00
 -14389.61  6247.8125  9.35470e-01  9.95699e-01  9.35725e-01  0.00000e+00
 -14361.06  6248.4375  9.85215e-01  1.00413e+00  9.84783e-01  0.00000e+00
 -14332.50  6249.0625  9.81034e-01  9.76096e-01  9.80221e-01  0.00000e+00
 -14303.95  6249.6875  9.88864e-01  9.56536e-01  9.88546e-01  0.00000e+00
 -14275.40  6250.3125  1.03032e+00  1.04859e+00  1.03037e+00  0.00000e+00
 -14246.85  6250.9375  1.04809e+00  1.07920e+00  1.04844e+00  0.00000e+00
 -14218.30  6251.5625  1.01327e+00  1.01732e+00  1.01374e+00  0.00000e+00
 -14189.75  6252.1875  9.83427e-01  9.35868e-01  9.83699e-01  0.00000e+00
 -14161.20  6252.8125  1.02360e+00  1.00027e+00  1.02352e+00  0.00000e+00
 -14132.65  6253.4375  1.04762e+00  1.17541e+00  1.04678e+00  0.00000e+00
 -14104.10  6254.0625  9.51600e-01  8.99448e-01  9.50734e-01  0.00000e+00
 -14075.54  6254.6875  9.05715e-01  8.08771e-01  9.05048e-01  0.00000e+00
 -14046.99  6255.3125  9.92788e-01  1.03419e+00  9.92505e-01  0.00000e+00
 -14018.44  6255.9375  1.09752e+00  1.07026e+00  1.09764e+00  0.00000e+00
 -13989.89  6256.5625  1.13782e+00  1.27049e+00  1.13703e+00  0.00000e+00
 -13961.34  6257.1875  1.05065e+00  9.93750e-01  1.04997e+00  0.00000e+00
 -13932.79  6257.8125  9.67158e-01  9.58696e-01  9.66976e-01  0.00000e+00
 -13904.24  6258.4375  9.65627e-01  8.99439e-01  9.64835e-01  0.00000e+00
 -13875.69  6259.0625  1.05691e+00  1.05529e+00  1.05609e+00  0.00000e+00
 -13847.14  6259.6875  1.11891e+00  1.23691e+00  1.11856e+00  0.00000e+00
 -13818.59  6260.3125  1.03138e+00  1.02874e+00  1.03140e+00  0.00000e+00
 -13790.03  6260.9375  9.32841e-01  8.35369e-01  9.33241e-01  0.00000e+00
 -13761.48  6261.5625  9.29729e-01  9.86590e-01  9.30479e-01  0.00000e+00
 -13732.93  6262.1875  9.41632e-01  8.85286e-01  9.41988e-01  0.00000e+00
 -13704.38  6262.8125  9.55278e-01  1.03178e+00  9.54930e-01  0.00000e+00
 -13675.83  6263.4375  9.64627e-01  8.44999e-01  9.64116e-01  0.00000e+00
 -13647.28  6264.0625  9.76383e-01  1.17452e+00  9.75748e-01  0.00000e+00
 -13618.73  6264.6875  9.24848e-01  7.02660e-01  9.24421e-01  0.00000e+00
 -13590.18  6265.3125  9.80123e-01  1.09720e+00  9.80127e-01  0.00000e+00
 -13561.63  6265.9375  9.74008e-01  1.03941e+00  9.74272e-01  0.00000e+00
 -13533.08  6266.5625  9.29742e-01  7.38123e-01  9.30095e-01  0.00000e+00
 -13504.52  6267.1875  1.02243e+00  1.14204e+00  1.02267e+00  0.00000e+00
 -13475.97  6267.8125  1.03281e+00  1.09805e+00  1.03302e+00  0.00000e+00
 -13447.42  6268.4375  9.39824e-01  8.59516e-01  9.40247e-01  0.00000e+00
 -13418.87  6269.0625  9.34579e-01  8.94544e-01  9.35534e-01  0.00000e+00
 -13390.32  6269.6875  1.02603e+00  1.02779e+00  1.02663e+00  0.00000e+00
 -13361.77  6270.3125  1.09236e+00  1.17389e+00  1.09182e+00  0.00000e+00
 -13333.22  6270.9375  1.04297e+00  1.05366e+00  1.04219e+00  0.00000e+00
 -13304.67  6271.5625  9.22886e-01  9.35128e-01  9.22266e-01  0.00000e+00
 -13276.12  6272.1875  7.95560e-01  7.70408e-01  7.94773e-01  0.00000e+00
 -13247.56  6272.8125  7.49462e-01  6.58228e-01  7.49345e-01  0.00000e+00
 -13219.01  6273.4375  8.36503e-01  8.41397e-01  8.36983e-01  0.00000e+00
 -13190.46  6274.0625  9.60241e-01  9.79881e-01  9.60520e-01  0.00000e+00
 -13161.91  6274.6875  1.02998e+00  1.06998e+00  1.03010e+00  0.00000e+00
 -13133.36  6275.3125  9.76891e-01  1.07624e+00  9.77363e-01  0.00000e+00
 -13104.81  6275.9375  8.26528e-01  7.28354e-01  8.27247e-01  0.00000e+00
 -13076.26  6276.5625  7.59367e-01  7.37756e-01  7.60198e-01  0.00000e+00
 -13047.71  6277.1875  7.86549e-01  7.70520e-01  7.86583e-01  0.00000e+00
 -13019.16  6277.8125  8.41020e-01  8.60191e-01  8.40424e-01  0.00000e+00
 -12990.61  6278.4375  8.95068e-01  8.67192e-01  8.94491e-01  0.00000e+00
 -12962.05  6279.0625  9.42559e-01  9.99021e-01  9.42243e-01  0.00000e+00
 -12933.50  6279.6875  9.55597e-01  9.10518e-01  9.55158e-01  0.00000e+00
 -12904.95  6280.3125  9.49144e-01  1.02870e+00  9.48391e-01  0.00000e+00
 -12876.40  6280.9375  8.97220e-01  8.38386e-01  8.96358e-01  0.00000e+00
 -12847.85  6281.5625  8.75540e-01  8.82884e-01  8.75033e-01  0.00000e+00
 -12819.30  6282.1875  9.17736e-01  8.41382e-01  9.17796e-01  0.00000e+00
 -12790.75  6282.8125  9.66535e-01  1.12971e+00  9.66834e-01  0.00000e+00
 -12762.20  6283.4375  9.47361e-01  7.68797e-01  9.47750e-01  0.00000e+00
 -12733.65  6284.0625  9.85291e-01  1.12426e+00  9.85854e-01  0.00000e+00
 -12705.10  6284.6875  9.38949e-01  9.46009e-01  9.39116e-01  0.00000e+00
 -12676.54  6285.3125  8.55395e-01  7.73200e-01  8.54725e-01  0.00000e+00
 -12647.99  6285.9375  8.76054e-01  8.65441e-01  8.75432e-01  0.00000e+00
 -12619.44  6286.5625  9.14885e-01  9.94996e-01  9.14880e-01  0.00000e+00
 -12590.89  6287.1875  9.01735e-01  8.23535e-01  9.01854e-01  0.00000e+00
 -12562.34  6287.8125  9.19003e-01  9.63948e-01  9.19146e-01  0.00000e+00
 -12533.79  6288.4375  9.47702e-01  8.99313e-01  9.47735e-01  0.00000e+00
 -12505.24  6289.0625  9.67319e-01  1.05072e+00  9.67234e-01  0.00000e+00
 -12476.69  6289.6875  9.29213e-01  8.84895e-01  9.28822e-01  0.00000e+00
 -12448.14  6290.3125  8.81976e-01  9.13610e-01  8.80811e-01  0.00000e+00
 -12419.58  6290.9375  8.23923e-01  8.19269e-01  8.23175e-01  0.00000e+00
 -12391.03  6291.5625  8.33737e-01  6.99215e-01  8.33650e-01  0.00000e+00
 -12362.48  6292.1875  9.72433e-01  1.05366e+00  9.72044e-01  0.00000e+00
 -12333.93  6292.8125  1.03190e+00  1.12278e+00  1.03113e+00  0.00000e+00
 -12305.38  6293.4375  9.72759e-01  8.94742e-01  9.71967e-01  0.00000e+00
 -12276.83  6294.0625  9.61291e-01  9.55099e-01  9.60095e-01  0.00000e+00
 -12248.28  6294.6875  9.61869e-01  1.02916e+00  9.60291e-01  0.00000e+00
 -12219.73  6295.3125  8.86983e-01  8.79656e-01  8.85811e-01  0.00000e+00
 -12191.18  6295.9375  8.45218e-01  7.38858e-01  8.44712e-01  0.00000e+00
 -12162.63  6296.5625  9.35210e-01  9.52000e-01  9.35499e-01  0.00000e+00
 -12134.07  6297.1875  1.02287e+00  1.09587e+00  1.02358e+00  0.00000e+00
 -12105.52  6297.8125  1.00528e+00  1.01360e+00  1.00515e+00  0.00000e+00
 -12076.97  6298.4375  9.98713e-01  8.81488e-01  9.98116e-01  0.00000e+00
 -12048.42  6299.0625  1.07277e+00  1.18963e+00  1.07303e+00  0.00000e+00
 -12019.87  6299.6875  1.09878e+00  1.03212e+00  1.09968e+00  0.00000e+00
 -11991.32  6300.3125  1.08305e+00  1.18997e+00  1.08419e+00  0.00000e+00
 -11962.77  6300.9375  9.89377e-01  9.45527e-01  9.90078e-01  0.00000e+00
 -11934.22  6301.5625  9.26939e-01  8.70550e-01  9.26096e-01  0.00000e+00
 -11905.67  6302.1875  9.74693e-01  9.51038e-01  9.73002e-01  0.00000e+00
 -11877.12  6302.8125  1.04380e+00  1.11959e+00  1.04285e+00  0.00000e+00
 -11848.56  6303.4375  1.02739e+00  1.02937e+00  1.02729e+00  0.00000e+00
 -11820.01  6304.0625  9.79509e-01  9.53466e-01  9.79418e-01  0.00000e+00
 -11791.46  6304.6875  9.70561e-01  9.53440e-01  9.70303e-01  0.00000e+00
 -11762.91  6305.3125  9.58756e-01  1.03172e+00  9.58280e-01  0.00000e+00
 -11734.36  6305.9375  9.12512e-01  8.28538e-01  9.12341e-01  0.00000e+00
 -11705.81  6306.5625  9.47280e-01  9.24830e-01  9.47759e-01  0.00000e+00
 -11677.26  6307.1875  1.03995e+00  1.07173e+00  1.04073e+00  0.00000e+00
 -11648.71  6307.8125  1.08314e+00  1.12332e+00  1.08448e+00  0.00000e+00
 -11620.16  6308.4375  1.06921e+00  1.04392e+00  1.07046e+00  0.00000e+00
 -11591.60  6309.0625  1.05906e+00  1.06413e+00  1.05984e+00  0.00000e+00
 -11563.05  6309.6875  1.03403e+00  1.07461e+00  1.03415e+00  0.00000e+00
 -11534.50  6310.3125  9.97554e-01  9.23662e-01  9.97318e-01  0.00000e+00
 -11505.95  6310.9375  1.03677e+00  1.03386e+00  1.03684e+00  0.00000e+00
 -11477.40  6311.5625  1.12153e+00  1.12150e+00  1.12214e+00  0.00000e+00
 -11448.85  6312.1875  1.17288e+00  1.23354e+00  1.17350e+00  0.00000e+00
 -11420.30  6312.8125  1.12549e+00  1.15405e+00  1.12598e+00  0.00000e+00
 -11391.75  6313.4375  1.00468e+00  1.00823e+00  1.00532e+00  0.00000e+00
 -11363.20  6314.0625  9.26607e-01  8.14766e-01  9.26932e-01  0.00000e+00
 -11334.65  6314.6875  9.72791e-01  1.00833e+00  9.72478e-01  0.00000e+00
 -11306.09  6315.3125  1.02854e+00  1.04584e+00  1.02807e+00  0.00000e+00
 -11277.54  6315.9375  1.03898e+00  1.04694e+00  1.03918e+00  0.00000e+00
 -11248.99  6316.5625  1.03969e+00  1.02013e+00  1.03995e+00  0.00000e+00
 -11220.44  6317.1875  1.06907e+00  1.04941e+00  1.06907e+00  0.00000e+00
 -11191.89  6317.8125  1.07602e+00  1.18741e+00  1.07619e+00  0.00000e+00
 -11163.34  6318.4375  1.06975e+00  8.57187e-01  1.07018e+00  0.00000e+00
 -11134.79  6319.0625  1.16712e+00  1.35486e+00  1.16729e+00  0.00000e+00
 -11106.24  6319.6875  1.15687e+00  1.12941e+00  1.15699e+00  0.00000e+00
 -11077.69  6320.3125  1.10147e+00  1.06516e+00  1.10136e+00  0.00000e+00
 -11049.14  6320.9375  1.14727e+00  1.06744e+00  1.14669e+00  0.00000e+00
 -11020.58  6321.5625  1.22328e+00  1.39498e+00  1.22263e+00  0.00000e+00
 -10992.03  6322.1875  1.19356e+00  1.06436e+00  1.19305e+00  0.00000e+00
 -10963.48  6322.8125  1.15783e+00  1.28905e+00  1.15757e+00  0.00000e+00
 -10934.93  6323.4375  1.07048e+00  9.85054e-01  1.07062e+00  0.00000e+00
 -10906.38  6324.0625  1.00359e+00  1.03397e+00  1.00406e+00  0.00000e+00
 -10877.83  6324.6875  9.45893e-01  9.44410e-01  9.45944e-01  0.00000e+00
 -10849.28  6325.3125  9.06607e-01  8.56164e-01  9.06898e-01  0.00000e+00
 -10820.73  6325.9375  9.51483e-01  9.19485e-01  9.52145e-01  0.00000e+00
 -10792.18  6326.5625  1.02595e+00  1.09783e+00  1.02562e+00  0.00000e+00
 -10763.62  6327.1875  1.02636e+00  1.02884e+00  1.02523e+00  0.00000e+00
 -10735.07  6327.8125  1.01868e+00  9.51147e-01  1.01794e+00  0.00000e+00
 -10706.52  6328.4375  1.04660e+00  1.13506e+00  1.04626e+00  0.00000e+00
 -10677.97  6329.0625  1.04599e+00  9.60165e-01  1.04559e+00  0.00000e+00
 -10649.42  6329.6875  1.04871e+00  1.15291e+00  1.04824e+00  0.00000e+00
 -10620.87  6330.3125  1.02316e+00  9.18560e-01  1.02192e+00  0.00000e+00
 -10592.32  6330.9375  1.04543e+00  1.09805e+00  1.04371e+00  0.00000e+00
 -10563.77  6331.5625  1.06403e+00  1.05293e+00  1.06302e+00  0.00000e+00
 -10535.22  6332.1875  1.06937e+00  1.06999e+00  1.06914e+00  0.00000e+00
 -10506.67  6332.8125  1.08167e+00  1.07057e+00  1.08118e+00  0.00000e+00
 -10478.11  6333.4375  1.04799e+00  1.15520e+00  1.04768e+00  0.00000e+00
 -10449.56  6334.0625  9.54902e-01  8.27272e-01  9.55551e-01  0.00000e+00
 -10421.01  6334.6875  9.68716e-01  9.73237e-01  9.69404e-01  0.00000e+00
 -10392.46  6335.3125  1.10990e+00  1.00112e+00  1.11025e+00  0.00000e+00
 -10363.91  6335.9375  1.27495e+00  1.47810e+00  1.27476e+00  0.00000e+00
 -10335.36  6336.5625  1.24511e+00  1.23108e+00  1.24495e+00  0.00000e+00
 -10306.81  6337.1875  1.15283e+00  1.08675e+00  1.15239e+00  0.00000e+00
 -10278.26  6337.8125  1.12558e+00  1.16973e+00  1.12489e+00  0.00000e+00
 -10249.71  6338.4375  1.10744e+00  1.05682e+00  1.10663e+00  0.00000e+00
 -10221.16  6339.0625  1.07471e+00  1.17813e+00  1.07362e+00  0.00000e+00
 -10192.60  6339.6875  1.02905e+00  8.67771e-01  1.02785e+00  0.00000e+00
 -10164.05  6340.3125  1.10174e+00  1.16065e+00  1.10021e+00  0.00000e+00
 -10135.50  6340.9375  1.18489e+00  1.19215e+00  1.18348e+00  0.00000e+00
 -10106.95  6341.5625  1.20697e+00  1.23873e+00  1.20606e+00  0.00000e+00
 -10078.40  6342.1875  1.14775e+00  1.20189e+00  1.14712e+00  0.00000e+00
 -10049.85  6342.8125  1.01095e+00  9.89323e-01  1.01121e+00  0.00000e+00
 -10021.30  6343.4375  8.99950e-01  8.58768e-01  9.00695e-01  0.00000e+00
  -9992.75  6344.0625  9.49209e-01  7.83519e-01  9.49421e-01  0.00000e+00
  -9964.20  6344.6875  1.12311e+00  1.32755e+00  1.12294e+00  0.00000e+00
  -9935.65  6345.3125  1.15912e+00  1.10516e+00  1.15902e+00  0.00000e+00
  -9907.09  6345.9375  1.15068e+00  1.14246e+00  1.15072e+00  0.00000e+00
  -9878.54  6346.5625  1.13239e+00  1.21178e+00  1.13258e+00  0.00000e+00
  -9849.99  6347.1875  1.04060e+00  9.95964e-01  1.04110e+00  0.00000e+00
  -9821.44  6347.8125  9.41522e-01  9.83756e-01  9.41961e-01  0.00000e+00
  -9792.89  6348.4375  9.26898e-01  7.26409e-01  9.27236e-01  0.00000e+00
  -9764.34  6349.0625  1.05485e+00  1.22107e+00  1.05597e+00  0.00000e+00
  -9735.79  6349.6875  1.07748e+00  1.08344e+00  1.07865e+00  0.00000e+00
  -9707.24  6350.3125  1.00159e+00  9.98257e-01  1.00115e+00  0.00000e+00
  -9678.69  6350.9375  9.56592e-01  9.00161e-01  9.55203e-01  0.00000e+00
  -9650.13  6351.5625  1.01244e+00  9.68638e-01  1.01186e+00  0.00000e+00
  -9621.58  6352.1875  1.09547e+00  1.20118e+00  1.09570e+00  0.00000e+00
  -9593.03  6352.8125  1.04836e+00  1.08448e+00  1.04849e+00  0.00000e+00
  -9564.48  6353.4375  9.68526e-01  8.35016e-01  9.68391e-01  0.00000e+00
  -9535.93  6354.0625  9.91413e-01  1.07408e+00  9.91692e-01  0.00000e+00
  -9507.38  6354.6875  9.86193e-01  9.83196e-01  9.86479e-01  0.00000e+00
  -9478.83  6355.3125  9.56080e-01  9.35711e-01  9.55966e-01  0.00000e+00
  -9450.28  6355.9375  1.02187e+00  8.95528e-01  1.02179e+00  0.00000e+00
  -9421.73  6356.5625  1.14207e+00  1.35211e+00  1.14203e+00  0.00000e+00
  -9393.18  6357.1875  1.07336e+00  1.05287e+00  1.07304e+00  0.00000e+00
  -9364.62  6357.8125  9.43662e-01  8.87313e-01  9.43409e-01  0.00000e+00
  -9336.07  6358.4375  9.11523e-01  8.83953e-01  9.11211e-01  0.00000e+00
  -9307.52  6359.0625  9.47728e-01  9.48294e-01  9.47475e-01  0.00000e+00
  -9278.97  6359.6875  9.47268e-01  1.04458e+00  9.46979e-01  0.00000e+00
  -9250.42  6360.3125  8.97480e-01  7.59746e-01  8.97153e-01  0.00000e+00
  -9221.87  6360.9375  9.11060e-01  1.01436e+00  9.10363e-01  0.00000e+00
  -9193.32  6361.5625  8.92023e-01  8.51304e-01  8.90881e-01  0.00000e+00
  -9164.77  6362.1875  8.72779e-01  8.67872e-01  8.72193e-01  0.00000e+00
  -9136.22  6362.8125  8.87273e-01  8.75033e-01  8.87350e-01  0.00000e+00
  -9107.67  6363.4375  9.04366e-01  9.38835e-01  9.03877e-01  0.00000e+00
  -9079.11  6364.0625  9.27761e-01  8.50470e-01  9.26682e-01  0.00000e+00
  -9050.56  6364.6875  9.91276e-01  1.05873e+00  9.90416e-01  0.00000e+00
  -9022.01  6365.3125  9.84166e-01  1.03028e+00  9.83693e-01  0.00000e+00
  -8993.46  6365.9375  9.09709e-01  8.57098e-01  9.08769e-01  0.00000e+00
  -8964.91  6366.5625  8.86381e-01  8.67032e-01  8.85136e-01  0.00000e+00
  -8936.36  6367.1875  9.12533e-01  9.25853e-01  9.11619e-01  0.00000e+00
  -8907.81  6367.8125  9.49056e-01  9.20198e-01  9.48227e-01  0.00000e+00
  -8879.26  6368.4375  9.65967e-01  1.05200e+00  9.65541e-01  0.00000e+00
  -8850.71  6369.0625  9.17631e-01  8.64999e-01  9.17606e-01  0.00000e+00
  -8822.15  6369.6875  8.96930e-01  8.80606e-01  8.96831e-01  0.00000e+00
  -8793.60  6370.3125  9.06834e-01  9.43106e-01  9.06504e-01  0.00000e+00
  -8765.05  6370.9375  9.10313e-01  8.58887e-01  9.10061e-01  0.00000e+00
  -8736.50  6371.5625  9.43001e-01  9.73237e-01  9.42101e-01  0.00000e+00
  -8707.95  6372.1875  9.69834e-01  9.58624e-01  9.68639e-01  0.00000e+00
  -8679.40  6372.8125  9.62435e-01  1.02381e+00  9.61686e-01  0.00000e+00
  -8650.85  6373.4375  9.55104e-01  8.21288e-01  9.54622e-01  0.00000e+00
  -8622.30  6374.0625  9.98958e-01  1.14951e+00  9.98694e-01  0.00000e+00
  -8593.75  6374.6875  9.39532e-01  9.12631e-01  9.39660e-01  0.00000e+00
  -8565.20  6375.3125  8.70860e-01  8.02483e-01  8.70999e-01  0.00000e+00
  -8536.64  6375.9375  9.04054e-01  9.01151e-01  9.04338e-01  0.00000e+00
  -8508.09  6376.5625  9.40640e-01  1.01239e+00  9.41043e-01  0.00000e+00
  -8479.54  6377.1875  8.98064e-01  8.81560e-01  8.97744e-01  0.00000e+00
  -8450.99  6377.8125  8.80424e-01  8.00304e-01  8.79668e-01  0.00000e+00
  -8422.44  6378.4375  9.36643e-01  1.00322e+00  9.36387e-01  0.00000e+00
  -8393.89  6379.0625  9.49810e-01  9.58511e-01  9.50080e-01  0.00000e+00
  -8365.34  6379.6875  9.41205e-01  8.91219e-01  9.41577e-01  0.00000e+00
  -8336.79  6380.3125  9.53860e-01  1.02449e+00  9.53637e-01  0.00000e+00
  -8308.24  6380.9375  9.83395e-01  8.40621e-01  9.82364e-01  0.00000e+00
  -8279.69  6381.5625  1.06253e+00  1.23203e+00  1.06126e+00  0.00000e+00
  -8251.13  6382.1875  1.05887e+00  9.61808e-01  1.05821e+00  0.00000e+00
  -8222.58  6382.8125  1.09009e+00  1.08255e+00  1.08987e+00  0.00000e+00
  -8194.03  6383.4375  1.15115e+00  1.19830e+00  1.15147e+00  0.00000e+00
  -8165.48  6384.0625  1.08488e+00  1.21592e+00  1.08578e+00  0.00000e+00
  -8136.93  6384.6875  9.39923e-01  7.28773e-01  9.40773e-01  0.00000e+00
  -8108.38  6385.3125  9.37265e-01  1.03582e+00  9.37575e-01  0.00000e+00
  -8079.83  6385.9375  9.51286e-01  9.11748e-01  9.51017e-01  0.00000e+00
  -8051.28  6386.5625  9.64835e-01  9.62163e-01  9.64582e-01  0.00000e+00
  -8022.73  6387.1875  9.62583e-01  1.02872e+00  9.62770e-01  0.00000e+00
  -7994.17  6387.8125  8.95733e-01  8.70546e-01  8.96262e-01  0.00000e+00
  -7965.62  6388.4375  9.05169e-01  7.57046e-01  9.05465e-01  0.00000e+00
  -7937.07  6389.0625  9.99400e-01  1.21217e+00  9.99090e-01  0.00000e+00
  -7908.52  6389.6875  9.53831e-01  8.63403e-01  9.53406e-01  0.00000e+00
  -7879.97  6390.3125  8.79761e-01  9.22759e-01  8.79569e-01  0.00000e+00
  -7851.42  6390.9375  8.30360e-01  7.81019e-01  8.30716e-01  0.00000e+00
  -7822.87  6391.5625  8.94586e-01  7.69100e-01  8.95109e-01  0.00000e+00
  -7794.32  6392.1875  1.05058e+00  1.22450e+00  1.05058e+00  0.00000e+00
  -7765.77  6392.8125  1.08114e+00  1.03437e+00  1.08086e+00  0.00000e+00
  -7737.22  6393.4375  1.07839e+00  1.06588e+00  1.07813e+00  0.00000e+00
  -7708.66  6394.0625  1.08630e+00  1.13625e+00  1.08604e+00  0.00000e+00
  -7680.11  6394.6875  1.06698e+00  1.01524e+00  1.06737e+00  0.00000e+00
  -7651.56  6395.3125  1.05837e+00  1.10453e+00  1.05951e+00  0.00000e+00
  -7623.01  6395.9375  1.01768e+00  1.02220e+00  1.01897e+00  0.00000e+00
  -7594.46  6396.5625  9.84036e-01  9.13416e-01  9.84732e-01  0.00000e+00
  -7565.91  6397.1875  9.77150e-01  1.08373e+00  9.76976e-01  0.00000e+00
  -7537.36  6397.8125  9.02099e-01  8.52481e-01  9.01599e-01  0.00000e+00
  -7508.81  6398.4375  8.56939e-01  8.16622e-01  8.56714e-01  0.00000e+00
  -7480.26  6399.0625  9.12177e-01  8.72112e-01  9.12560e-01  0.00000e+00
  -7451.71  6399.6875  9.72584e-01  1.09941e+00  9.73027e-01  0.00000e+00
  -7423.15  6400.3125  9.27722e-01  8.60412e-01  9.27852e-01  0.00000e+00
  -7394.60  6400.9375  8.70182e-01  9.26018e-01  8.70069e-01  0.00000e+00
  -7366.05  6401.5625  8.90030e-01  6.87019e-01  8.90033e-01  0.00000e+00
  -7337.50  6402.1875  1.00238e+00  1.24645e+00  1.00245e+00  0.00000e+00
  -7308.95  6402.8125  9.40320e-01  8.98375e-01  9.39709e-01  0.00000e+00
  -7280.40  6403.4375  8.71963e-01  7.34438e-01  8.71333e-01  0.00000e+00
  -7251.85  6404.0625  9.35316e-01  1.05778e+00  9.35180e-01  0.00000e+00
  -7223.30  6404.6875  1.00501e+00  8.54717e-01  1.00435e+00  0.00000e+00
  -7194.75  6405.3125  1.08817e+00  1.28836e+00  1.08693e+00  0.00000e+00
  -7166.19  6405.9375  1.06196e+00  9.37826e-01  1.06069e+00  0.00000e+00
  -7137.64  6406.5625  1.00870e+00  1.13934e+00  1.00823e+00  0.00000e+00
  -7109.09  6407.1875  9.03335e-01  8.14988e-01  9.04044e-01  0.00000e+00
  -7080.54  6407.8125  8.55587e-01  8.39597e-01  8.56317e-01  0.00000e+00
  -7051.99  6408.4375  9.49452e-01  8.18750e-01  9.48949e-01  0.00000e+00
  -7023.44  6409.0625  1.08933e+00  1.33064e+00  1.08809e+00  0.00000e+00
  -6994.89  6409.6875  1.07778e+00  9.24082e-01  1.07649e+00  0.00000e+00
  -6966.34  6410.3125  1.08812e+00  1.15534e+00  1.08679e+00  0.00000e+00
  -6937.79  6410.9375  1.08689e+00  1.09701e+00  1.08536e+00  0.00000e+00
  -6909.24  6411.5625  1.02499e+00  1.04796e+00  1.02310e+00  0.00000e+00
  -6880.68  6412.1875  9.59630e-01  8.98266e-01  9.57571e-01  0.00000e+00
  -6852.13  6412.8125  9.44170e-01  9.78999e-01  9.42814e-01  0.00000e+00
  -6823.58  6413.4375  9.72722e-01  8.79129e-01  9.72240e-01  0.00000e+00
  -6795.03  6414.0625  1.05602e+00  1.14128e+00  1.05620e+00  0.00000e+00
  -6766.48  6414.6875  1.09086e+00  1.07296e+00  1.09169e+00  0.00000e+00
  -6737.93  6415.3125  1.08557e+00  1.11411e+00  1.08582e+00  0.00000e+00
  -6709.38  6415.9375  1.07770e+00  1.02618e+00  1.07718e+00  0.00000e+00
  -6680.83  6416.5625  1.05644e+00  1.16694e+00  1.05580e+00  0.00000e+00
  -6652.28  6417.1875  9.53357e-01  9.01078e-01  9.53152e-01  0.00000e+00
  -6623.73  6417.8125  9.16736e-01  8.09328e-01  9.16193e-01  0.00000e+00
  -6595.17  6418.4375  9.93574e-01  1.09041e+00  9.92492e-01  0.00000e+00
  -6566.62  6419.0625  1.02417e+00  9.98585e-01  1.02345e+00  0.00000e+00
  -6538.07  6419.6875  1.04417e+00  1.02890e+00  1.04403e+00  0.00000e+00
  -6509.52  6420.3125  1.11834e+00  1.07919e+00  1.11868e+00  0.00000e+00
  -6480.97  6420.9375  1.20856e+00  1.28077e+00  1.20883e+00  0.00000e+00
  -6452.42  6421.5625  1.18086e+00  1.26025e+00  1.18106e+00  0.00000e+00
  -6423.87  6422.1875  1.05359e+00  9.74574e-01  1.05407e+00  0.00000e+00
  -6395.32  6422.8125  9.98933e-01  9.68230e-01  9.99907e-01  0.00000e+00
  -6366.77  6423.4375  1.02257e+00  1.04277e+00  1.02321e+00  0.00000e+00
  -6338.21  6424.0625  1.09936e+00  9.90548e-01  1.09874e+00  0.00000e+00
  -6309.66  6424.6875  1.18328e+00  1.39881e+00  1.18217e+00  0.00000e+00
  -6281.11  6425.3125  1.12152e+00  9.94346e-01  1.12096e+00  0.00000e+00
  -6252.56  6425.9375  1.09500e+00  1.10799e+00  1.09532e+00  0.00000e+00
  -6224.01  6426.5625  1.12590e+00  1.11351e+00  1.12626e+00  0.00000e+00
  -6195.46  6427.1875  1.11537e+00  1.20324e+00  1.11560e+00  0.00000e+00
  -6166.91  6427.8125  9.85461e-01  1.01228e+00  9.84946e-01  0.00000e+00
  -6138.36  6428.4375  8.97849e-01  6.76012e-01  8.97017e-01  0.00000e+00
  -6109.81  6429.0625  1.01393e+00  1.13138e+00  1.01376e+00  0.00000e+00
  -6081.26  6429.6875  1.06780e+00  1.13195e+00  1.06774e+00  0.00000e+00
  -6052.70  6430.3125  9.79686e-01  9.78531e-01  9.79401e-01  0.00000e+00
  -6024.15  6430.9375  9.69464e-01  7.63394e-01  9.69214e-01  0.00000e+00
  -5995.60  6431.5625  1.12910e+00  1.30011e+00  1.12886e+00  0.00000e+00
  -5967.05  6432.1875  1.17652e+00  1.19044e+00  1.17604e+00  0.00000e+00
  -5938.50  6432.8125  1.09797e+00  1.11668e+00  1.09732e+00  0.00000e+00
  -5909.95  6433.4375  1.00567e+00  9.66847e-01  1.00475e+00  0.00000e+00
  -5881.40  6434.0625  9.88415e-01  9.27888e-01  9.87840e-01  0.00000e+00
  -5852.85  6434.6875  1.03500e+00  1.10067e+00  1.03494e+00  0.00000e+00
  -5824.30  6435.3125  1.03371e+00  1.03300e+00  1.03351e+00  0.00000e+00
  -5795.75  6435.9375  1.01769e+00  9.78870e-01  1.01767e+00  0.00000e+00
  -5767.19  6436.5625  1.03239e+00  1.06685e+00  1.03276e+00  0.00000e+00
  -5738.64  6437.1875  1.05059e+00  1.00489e+00  1.05068e+00  0.00000e+00
  -5710.09  6437.8125  1.07062e+00  1.13403e+00  1.07048e+00  0.00000e+00
  -5681.54  6438.4375  1.01732e+00  1.04525e+00  1.01721e+00  0.00000e+00
  -5652.99  6439.0625  9.25743e-01  8.68863e-01  9.24866e-01  0.00000e+00
  -5624.44  6439.6875  9.10614e-01  8.73462e-01  9.09437e-01  0.00000e+00
  -5595.89  6440.3125  9.34273e-01  1.01521e+00  9.33657e-01  0.00000e+00
  -5567.34  6440.9375  9.52376e-01  8.18410e-01  9.52387e-01  0.00000e+00
  -5538.79  6441.5625  1.04085e+00  1.14067e+00  1.04070e+00  0.00000e+00
  -5510.24  6442.1875  1.07712e+00  1.07277e+00  1.07660e+00  0.00000e+00
  -5481.68  6442.8125  1.05675e+00  1.06535e+00  1.05612e+00  0.00000e+00
  -5453.13  6443.4375  1.00890e+00  1.03855e+00  1.00802e+00  0.00000e+00
  -5424.58  6444.0625  9.67512e-01  8.81124e-01  9.66447e-01  0.00000e+00
  -5396.03  6444.6875  9.94795e-01  1.04180e+00  9.93484e-01  0.00000e+00
  -5367.48  6445.3125  1.01579e+00  1.00890e+00  1.01464e+00  0.00000e+00
  -5338.93  6445.9375  1.03294e+00  1.01046e+00  1.03226e+00  0.00000e+00
  -5310.38  6446.5625  1.06674e+00  1.09528e+00  1.06713e+00  0.00000e+00
  -5281.83  6447.1875  1.09504e+00  1.05751e+00  1.09554e+00  0.00000e+00
  -5253.28  6447.8125  1.09163e+00  1.20833e+00  1.09199e+00  0.00000e+00
  -5224.72  6448.4375  1.04845e+00  8.84772e-01  1.04858e+00  0.00000e+00
  -5196.17  6449.0625  1.07235e+00  1.21738e+00  1.07198e+00  0.00000e+00
  -5167.62  6449.6875  1.10374e+00  9.22751e-01  1.10283e+00  0.00000e+00
  -5139.07  6450.3125  1.20585e+00  1.34466e+00  1.20471e+00  0.00000e+00
  -5110.52  6450.9375  1.16149e+00  1.27934e+00  1.16051e+00  0.00000e+00
  -5081.97  6451.5625  9.86840e-01  8.13657e-01  9.85521e-01  0.00000e+00
  -5053.42  6452.1875  9.64562e-01  9.67057e-01  9.62818e-01  0.00000e+00
  -5024.87  6452.8125  1.02557e+00  1.05153e+00  1.02441e+00  0.00000e+00
  -4996.32  6453.4375  1.06642e+00  1.04694e+00  1.06631e+00  0.00000e+00
  -4967.77  6454.0625  1.09138e+00  1.13716e+00  1.09136e+00  0.00000e+00
  -4939.21  6454.6875  1.10196e+00  1.04017e+00  1.10188e+00  0.00000e+00
  -4910.66  6455.3125  1.12783e+00  1.18936e+00  1.12785e+00  0.00000e+00
  -4882.11  6455.9375  1.06864e+00  1.14218e+00  1.06856e+00  0.00000e+00
  -4853.56  6456.5625  9.77352e-01  8.05572e-01  9.77787e-01  0.00000e+00
  -4825.01  6457.1875  1.01454e+00  1.10445e+00  1.01504e+00  0.00000e+00
  -4796.46  6457.8125  1.04891e+00  1.02840e+00  1.04933e+00  0.00000e+00
  -4767.91  6458.4375  1.10348e+00  1.02772e+00  1.10371e+00  0.00000e+00
  -4739.36  6459.0625  1.18501e+00  1.32025e+00  1.18473e+00  0.00000e+00
  -4710.81  6459.6875  1.11714e+00  1.14865e+00  1.11650e+00  0.00000e+00
  -4682.26  6460.3125  9.94988e-01  8.86201e-01  9.94586e-01  0.00000e+00
  -4653.70  6460.9375  1.00850e+00  9.75644e-01  1.00838e+00  0.00000e+00
  -4625.15  6461.5625  1.03421e+00  1.20350e+00  1.03393e+00  0.00000e+00
  -4596.60  6462.1875  9.58161e-01  7.86722e-01  9.57796e-01  0.00000e+00
  -4568.05  6462.8125  9.55011e-01  1.04978e+00  9.54721e-01  0.00000e+00
  -4539.50  6463.4375  9.79589e-01  8.81030e-01  9.79928e-01  0.00000e+00
  -4510.95  6464.0625  1.01708e+00  1.13467e+00  1.01749e+00  0.00000e+00
  -4482.40  6464.6875  1.02873e+00  9.01180e-01  1.02826e+00  0.00000e+00
  -4453.85  6465.3125  1.09315e+00  1.17465e+00  1.09215e+00  0.00000e+00
  -4425.30  6465.9375  1.11578e+00  1.12317e+00  1.11481e+00  0.00000e+00
  -4396.74  6466.5625  1.05716e+00  1.10723e+00  1.05582e+00  0.00000e+00
  -4368.19  6467.1875  9.97168e-01  8.74357e-01  9.96333e-01  0.00000e+00
  -4339.64  6467.8125  1.03426e+00  1.09030e+00  1.03425e+00  0.00000e+00
  -4311.09  6468.4375  1.02937e+00  1.09954e+00  1.02981e+00  0.00000e+00
  -4282.54  6469.0625  9.52125e-01  8.70800e-01  9.52651e-01  0.00000e+00
  -4253.99  6469.6875  9.70940e-01  9.14967e-01  9.70951e-01  0.00000e+00
  -4225.44  6470.3125  1.07013e+00  1.13317e+00  1.06986e+00  0.00000e+00
  -4196.89  6470.9375  1.06882e+00  1.16311e+00  1.06890e+00  0.00000e+00
  -4168.34  6471.5625  9.77114e-01  8.54031e-01  9.77398e-01  0.00000e+00
  -4139.79  6472.1875  9.50971e-01  1.02205e+00  9.50740e-01  5.91636e-09
  -4111.23  6472.8125  9.68922e-01  8.55819e-01  9.68473e-01  5.68287e-07
  -4082.68  6473.4375  1.06154e+00  1.11587e+00  1.06138e+00  1.48132e-05
  -4054.13  6474.0625  1.07620e+00  1.20192e+00  1.07583e+00  1.04784e-04
  -4025.58  6474.6875  9.82913e-01  8.35104e-01  9.82302e-01  2.01146e-04
  -3997.03  6475.3125  9.92533e-01  1.01668e+00  9.92390e-01  1.04784e-04
  -3968.48  6475.9375  1.03503e+00  1.07388e+00  1.03520e+00  1.48132e-05
  -3939.93  6476.5625  1.06697e+00  9.80369e-01  1.06694e+00  5.68287e-07
  -3911.38  6477.1875  1.15470e+00  1.20919e+00  1.15468e+00  5.91636e-09
  -3882.83  6477.8125  1.18455e+00  1.24616e+00  1.18423e+00  0.00000e+00
  -3854.28  6478.4375  1.11671e+00  1.09121e+00  1.11650e+00  0.00000e+00
  -3825.72  6479.0625  1.04193e+00  1.05340e+00  1.04270e+00  0.00000e+00
  -3797.17  6479.6875  1.05461e+00  8.99545e-01  1.05582e+00  0.00000e+00
  -3768.62  6480.3125  1.17168e+00  1.32817e+00  1.17293e+00  0.00000e+00
  -3740.07  6480.9375  1.15392e+00  1.19439e+00  1.15490e+00  0.00000e+00
  -3711.52  6481.5625  1.07247e+00  9.30571e-01  1.07303e+00  0.00000e+00
  -3682.97  6482.1875  1.05036e+00  1.22259e+00  1.05077e+00  0.00000e+00
  -3654.42  6482.8125  9.72113e-01  8.30716e-01  9.72652e-01  2.19908e-09
  -3625.87  6483.4375  1.01812e+00  9.47446e-01  1.01874e+00  2.11229e-07
  -3597.32  6484.0625  1.10501e+00  1.33060e+00  1.10551e+00  5.50597e-06
  -3568.76  6484.6875  1.01361e+00  8.96396e-01  1.01388e+00  3.89477e-05
  -3540.21  6485.3125  1.00451e+00  8.95489e-01  1.00511e+00  7.47749e-05
  -3511.66  6485.9375  1.10712e+00  1.27064e+00  1.10863e+00  3.99037e-05
  -3483.11  6486.5625  1.08792e+00  1.04098e+00  1.08876e+00  3.05905e-05
  -3454.56  6487.1875  9.98432e-01  1.06590e+00  9.98431e-01  1.82799e-04
  -3426.01  6487.8125  9.16177e-01  7.92992e-01  9.16292e-01  4.09744e-04
  -3397.46  6488.4375  9.48675e-01  9.64535e-01  9.48564e-01  4.88709e-04
  -3368.91  6489.0625  1.00750e+00  1.04458e+00  1.00698e+00  5.22575e-04
  -3340.36  6489.6875  9.78333e-01  1.04200e+00  9.78122e-01  2.45696e-04
  -3311.81  6490.3125  9.32730e-01  7.71163e-01  9.32577e-01  3.40636e-05
  -3283.25  6490.9375  9.56881e-01  1.13914e+00  9.56173e-01  2.50858e-06
  -3254.70  6491.5625  9.16511e-01  7.79552e-01  9.15663e-01  3.18065e-05
  -3226.15  6492.1875  9.43031e-01  9.58283e-01  9.42079e-01  2.33069e-04
  -3197.60  6492.8125  1.00178e+00  1.04374e+00  1.00055e+00  5.19377e-04
  -3169.05  6493.4375  1.02084e+00  9.85531e-01  1.01941e+00  5.08835e-04
  -3140.50  6494.0625  1.04791e+00  1.06912e+00  1.04704e+00  3.88252e-04
  -3111.95  6494.6875  1.06855e+00  1.06654e+00  1.06885e+00  1.61137e-04
  -3083.40  6495.3125  1.08494e+00  1.07314e+00  1.08611e+00  5.88981e-05
  -3054.85  6495.9375  1.07785e+00  1.14767e+00  1.07889e+00  2.84010e-04
  -3026.30  6496.5625  1.03089e+00  9.51616e-01  1.03062e+00  6.89949e-04
  -2997.74  6497.1875  1.01553e+00  1.07326e+00  1.01460e+00  8.40797e-04
  -2969.19  6497.8125  1.01059e+00  9.33971e-01  1.00963e+00  1.21454e-03
  -2940.64  6498.4375  9.94839e-01  1.13541e+00  9.92982e-01  2.12155e-03
  -2912.09  6499.0625  9.19950e-01  7.80710e-01  9.17075e-01  2.56585e-03
  -2883.54  6499.6875  9.37664e-01  9.53197e-01  9.35051e-01  1.84127e-03
  -2854.99  6500.3125  9.90620e-01  1.02846e+00  9.89083e-01  9.88547e-04
  -2826.44  6500.9375  9.80801e-01  9.99176e-01  9.80274e-01  7.09609e-04
  -2797.89  6501.5625  9.80596e-01  8.79331e-01  9.80633e-01  9.84010e-04
  -2769.34  6502.1875  1.03642e+00  1.14598e+00  1.03628e+00  1.35388e-03
  -2740.78  6502.8125  1.00616e+00  1.01168e+00  1.00545e+00  1.66054e-03
  -2712.23  6503.4375  9.51543e-01  8.73607e-01  9.49865e-01  2.27906e-03
  -2683.68  6504.0625  9.73776e-01  1.00709e+00  9.72105e-01  2.40561e-03
  -2655.13  6504.6875  9.98761e-01  9.97030e-01  9.96886e-01  2.14772e-03
  -2626.58  6505.3125  9.89993e-01  1.02321e+00  9.88014e-01  1.88679e-03
  -2598.03  6505.9375  9.71455e-01  9.14756e-01  9.70335e-01  1.82775e-03
  -2569.48  6506.5625  1.00937e+00  1.00383e+00  1.00825e+00  2.43827e-03
  -2540.93  6507.1875  1.04038e+00  1.11962e+00  1.03825e+00  3.13477e-03
  -2512.38  6507.8125  9.83560e-01  9.65293e-01  9.80837e-01  2.80301e-03
  -2483.83  6508.4375  9.31170e-01  8.83502e-01  9.28186e-01  2.81113e-03
  -2455.27  6509.0625  9.36571e-01  9.61302e-01  9.32594e-01  4.10679e-03
  -2426.72  6509.6875  9.50154e-01  9.30882e-01  9.45436e-01  4.85512e-03
  -2398.17  6510.3125  9.67577e-01  9.77948e-01  9.62368e-01  5.89213e-03
  -2369.62  6510.9375  9.55198e-01  1.00799e+00  9.50247e-01  6.67091e-03
  -2341.07  6511.5625  9.59049e-01  8.01812e-01  9.54096e-01  6.87604e-03
  -2312.52  6512.1875  1.07704e+00  1.17790e+00  1.07207e+00  6.83974e-03
  -2283.97  6512.8125  1.11607e+00  1.18050e+00  1.11061e+00  6.99401e-03
  -2255.42  6513.4375  1.03639e+00  1.00065e+00  1.03095e+00  6.86947e-03
  -2226.87  6514.0625  9.88951e-01  9.41407e-01  9.84345e-01  6.49269e-03
  -2198.32  6514.6875  1.00602e+00  1.04513e+00  1.00073e+00  7.65915e-03
  -2169.76  6515.3125  1.07473e+00  9.39889e-01  1.06843e+00  8.89211e-03
  -2141.21  6515.9375  1.15804e+00  1.40050e+00  1.15005e+00  1.00937e-02
  -2112.66  6516.5625  1.07692e+00  9.49517e-01  1.06564e+00  1.28417e-02
  -2084.11  6517.1875  1.04636e+00  1.00509e+00  1.03431e+00  1.39019e-02
  -2055.56  6517.8125  1.10250e+00  1.16264e+00  1.09189e+00  1.33196e-02
  -2027.01  6518.4375  1.09194e+00  1.12171e+00  1.08045e+00  1.46237e-02
  -1998.46  6519.0625  1.04392e+00  9.82546e-01  1.03040e+00  1.65465e-02
  -1969.91  6519.6875  1.06778e+00  1.05147e+00  1.05349e+00  1.76652e-02
  -1941.36  6520.3125  1.14295e+00  1.14748e+00  1.12898e+00  1.78801e-02
  -1912.80  6520.9375  1.14934e+00  1.27470e+00  1.13385e+00  1.90954e-02
  -1884.25  6521.5625  1.02632e+00  9.69914e-01  1.00785e+00  2.23365e-02
  -1855.70  6522.1875  1.00357e+00  8.27225e-01  9.82154e-01  2.62089e-02
  -1827.15  6522.8125  1.14085e+00  1.31718e+00  1.11645e+00  3.00599e-02
  -1798.60  6523.4375  1.17387e+00  1.13439e+00  1.14614e+00  3.34036e-02
  -1770.05  6524.0625  1.12766e+00  1.18226e+00  1.09776e+00  3.54739e-02
  -1741.50  6524.6875  1.07400e+00  9.94030e-01  1.04581e+00  3.40135e-02
  -1712.95  6525.3125  1.08120e+00  1.10771e+00  1.05312e+00  3.37212e-02
  -1684.40  6525.9375  1.13012e+00  1.07971e+00  1.09967e+00  3.60383e-02
  -1655.85  6526.5625  1.21804e+00  1.23386e+00  1.18139e+00  4.34606e-02
  -1627.29  6527.1875  1.22533e+00  1.37998e+00  1.18107e+00  5.23616e-02
  -1598.74  6527.8125  1.10298e+00  9.59749e-01  1.05494e+00  5.65996e-02
  -1570.19  6528.4375  1.04705e+00  1.10503e+00  9.98135e-01  5.81060e-02
  -1541.64  6529.0625  1.08131e+00  9.36052e-01  1.03290e+00  5.83510e-02
  -1513.09  6529.6875  1.22324e+00  1.30977e+00  1.17446e+00  5.83641e-02
  -1484.54  6530.3125  1.27669e+00  1.37902e+00  1.22316e+00  6.36985e-02
  -1455.99  6530.9375  1.20636e+00  1.10680e+00  1.14690e+00  7.09456e-02
  -1427.44  6531.5625  1.19843e+00  1.20200e+00  1.13217e+00  7.78903e-02
  -1398.89  6532.1875  1.19752e+00  1.28202e+00  1.12489e+00  8.50618e-02
  -1370.34  6532.8125  1.17763e+00  1.01404e+00  1.09786e+00  9.41867e-02
  -1341.78  6533.4375  1.21061e+00  1.40711e+00  1.12339e+00  1.03869e-01
  -1313.23  6534.0625  1.17484e+00  1.01216e+00  1.08096e+00  1.12644e-01
  -1284.68  6534.6875  1.21179e+00  1.26330e+00  1.10541e+00  1.28704e-01
  -1256.13  6535.3125  1.27834e+00  1.26455e+00  1.16050e+00  1.42576e-01
  -1227.58  6535.9375  1.30120e+00  1.36240e+00  1.17894e+00  1.47300e-01
  -1199.03  6536.5625  1.25761e+00  1.24156e+00  1.12128e+00  1.63929e-01
  -1170.48  6537.1875  1.18965e+00  1.20913e+00  1.03769e+00  1.82647e-01
  -1141.93  6537.8125  1.15000e+00  1.07178e+00  9.91682e-01  1.90475e-01
  -1113.38  6538.4375  1.18665e+00  1.21423e+00  1.01600e+00  2.05137e-01
  -1084.83  6539.0625  1.22941e+00  1.23610e+00  1.03879e+00  2.28437e-01
  -1056.27  6539.6875  1.26045e+00  1.24688e+00  1.05038e+00  2.50998e-01
  -1027.72  6540.3125  1.34866e+00  1.26514e+00  1.12225e+00  2.70666e-01
   -999.17  6540.9375  1.44378e+00  1.63649e+00  1.19754e+00  2.95294e-01
   -970.62  6541.5625  1.41085e+00  1.28038e+00  1.14234e+00  3.22987e-01
   -942.07  6542.1875  1.41528e+00  1.45088e+00  1.12578e+00  3.48347e-01
   -913.52  6542.8125  1.42531e+00  1.45627e+00  1.11982e+00  3.66987e-01
   -884.97  6543.4375  1.36682e+00  1.38818e+00  1.04149e+00  3.89944e-01
   -856.42  6544.0625  1.31133e+00  1.22637e+00  9.47634e-01  4.35407e-01
   -827.87  6544.6875  1.35536e+00  1.35253e+00  9.52118e-01  4.82860e-01
   -799.31  6545.3125  1.42006e+00  1.47532e+00  9.88280e-01  5.17619e-01
   -770.76  6545.9375  1.41209e+00  1.42232e+00  9.54993e-01  5.48132e-01
   -742.21  6546.5625  1.40637e+00  1.32261e+00  9.21914e-01  5.81567e-01
   -713.66  6547.1875  1.48085e+00  1.52026e+00  9.56872e-01  6.29583e-01
   -685.11  6547.8125  1.55772e+00  1.55008e+00  9.95802e-01  6.74908e-01
   -656.56  6548.4375  1.62288e+00  1.62684e+00  1.03191e+00  7.09161e-01
   -628.01  6549.0625  1.71747e+00  1.66523e+00  1.08707e+00  7.56373e-01
   -599.46  6549.6875  1.86731e+00  1.88101e+00  1.19262e+00  8.10303e-01
   -570.91  6550.3125  1.95164e+00  2.08075e+00  1.24604e+00  8.47617e-01
   -542.36  6550.9375  1.85407e+00  1.86242e+00  1.11730e+00  8.84493e-01
   -513.80  6551.5625  1.71286e+00  1.64060e+00  9.25613e-01  9.45117e-01
   -485.25  6552.1875  1.70253e+00  1.62729e+00  8.52936e-01  1.01995e+00
   -456.70  6552.8125  1.79982e+00  1.86171e+00  9.01823e-01  1.07842e+00
   -428.15  6553.4375  1.87321e+00  1.85148e+00  9.31882e-01  1.13051e+00
   -399.60  6554.0625  1.90769e+00  1.97116e+00  9.31314e-01  1.17186e+00
   -371.05  6554.6875  1.96491e+00  1.79551e+00  9.44678e-01  1.22374e+00
   -342.50  6555.3125  2.12777e+00  2.28998e+00  1.04259e+00  1.30211e+00
   -313.95  6555.9375  2.64151e+00  1.99557e+00  1.09055e+00  1.86158e+00
   -285.40  6556.5625  5.06890e+00  2.99526e+00  1.19859e+00  4.64525e+00
   -256.85  6557.1875  8.43338e+00  1.20388e+01  1.19235e+00  8.69176e+00
   -228.29  6557.8125  7.78774e+00  8.63144e+00  8.26594e-01  8.35602e+00
   -199.74  6558.4375  4.66130e+00  3.46829e+00  4.60812e-01  5.04256e+00
   -171.19  6559.0625  3.31941e+00  1.95767e+00  3.45434e-01  3.57104e+00
   -142.64  6559.6875  4.43865e+00  4.51906e+00  3.14272e-01  4.95241e+00
   -114.09  6560.3125  6.06093e+00  6.47529e+00  3.81308e-01  6.81999e+00
    -85.54  6560.9375  7.03196e+00  7.17325e+00  5.51271e-01  7.78168e+00
    -56.99  6561.5625  7.46704e+00  7.61410e+00  7.18346e-01  8.10218e+00
    -28.44  6562.1875  7.57830e+00  7.62122e+00  7.73866e-01  8.16776e+00
      0.11  6562.8125  7.48430e+00  7.57317e+00  7.79549e-01  8.04819e+00
     28.67  6563.4375  7.21436e+00  7.25520e+00  8.28507e-01  7.66691e+00
     57.22  6564.0625  6.79161e+00  6.85932e+00  9.25986e-01  7.04348e+00
     85.77  6564.6875  6.20949e+00  6.27795e+00  1.00918e+00  6.24506e+00
    114.32  6565.3125  5.49386e+00  5.49231e+00  1.06865e+00  5.31390e+00
    142.87  6565.9375  4.71980e+00  4.74711e+00  1.14960e+00  4.28693e+00
    171.42  6566.5625  3.90625e+00  3.91204e+00  1.17271e+00  3.28235e+00
    199.97  6567.1875  3.11536e+00  3.05028e+00  1.06432e+00  2.46305e+00
    228.52  6567.8125  2.54650e+00  2.31800e+00  9.64694e-01  1.89919e+00
    257.07  6568.4375  2.34049e+00  2.31093e+00  1.01727e+00  1.58792e+00
    285.62  6569.0625  2.32117e+00  2.30827e+00  1.09036e+00  1.47685e+00
    314.18  6569.6875  2.31032e+00  2.36003e+00  1.12567e+00  1.42178e+00
    342.73  6570.3125  2.18547e+00  2.28763e+00  1.04880e+00  1.36487e+00
    371.28  6570.9375  2.00086e+00  1.81986e+00  8.96523e-01  1.32678e+00
    399.83  6571.5625  1.93677e+00  2.03635e+00  8.50627e-01  1.30458e+00
    428.38  6572.1875  1.89937e+00  1.81020e+00  8.45782e-01  1.26482e+00
    456.93  6572.8125  1.90539e+00  1.94035e+00  8.95953e-01  1.21217e+00
    485.48  6573.4375  1.91976e+00  1.91585e+00  9.48572e-01  1.16611e+00
    514.03  6574.0625  1.94910e+00  1.89423e+00  1.01824e+00  1.11631e+00
    542.58  6574.6875  1.96190e+00  2.11994e+00  1.07031e+00  1.06825e+00
    571.13  6575.3125  1.88300e+00  1.73471e+00  1.02061e+00  1.03367e+00
    599.69  6575.9375  1.83817e+00  1.96008e+00  1.00206e+00  1.00298e+00
    628.24  6576.5625  1.78915e+00  1.66329e+00  9.88565e-01  9.61046e-01
    656.79  6577.1875  1.79182e+00  1.87112e+00  1.02573e+00  9.20708e-01
    685.34  6577.8125  1.77084e+00  1.75305e+00  1.03874e+00  8.80088e-01
    713.89  6578.4375  1.71796e+00  1.73784e+00  1.02624e+00  8.31141e-01
    742.44  6579.0625  1.65654e+00  1.64452e+00  1.01268e+00  7.73039e-01
    770.99  6579.6875  1.64494e+00  1.56583e+00  1.03395e+00  7.33534e-01
    799.54  6580.3125  1.68892e+00  1.78121e+00  1.11009e+00  6.94228e-01
    828.09  6580.9375  1.65146e+00  1.66643e+00  1.11340e+00  6.45071e-01
    856.65  6581.5625  1.57603e+00  1.51032e+00  1.06229e+00  6.16478e-01
    885.20  6582.1875  1.50495e+00  1.63004e+00  1.01367e+00  5.89777e-01
    913.75  6582.8125  1.39755e+00  1.24820e+00  9.39458e-01  5.49790e-01
    942.30  6583.4375  1.41997e+00  1.41016e+00  9.82640e-01  5.24673e-01
    970.85  6584.0625  1.50299e+00  1.56296e+00  1.07534e+00  5.12449e-01
    999.40  6584.6875  1.48113e+00  1.54904e+00  1.07730e+00  4.83533e-01
   1027.95  6585.3125  1.42052e+00  1.26623e+00  1.05023e+00  4.43631e-01
   1056.50  6585.9375  1.43656e+00  1.58829e+00  1.08665e+00  4.19743e-01
   1085.05  6586.5625  1.44037e+00  1.26902e+00  1.10548e+00  4.01829e-01
   1113.60  6587.1875  1.48682e+00  1.64961e+00  1.17109e+00  3.78091e-01
   1142.16  6587.8125  1.41286e+00  1.41967e+00  1.12113e+00  3.49375e-01
   1170.71  6588.4375  1.28601e+00  1.20917e+00  1.01589e+00  3.24782e-01
   1199.26  6589.0625  1.29248e+00  1.22159e+00  1.04101e+00  3.02749e-01
   1227.81  6589.6875  1.39447e+00  1.47087e+00  1.15838e+00  2.83511e-01
   1256.36  6590.3125  1.43523e+00  1.43396e+00  1.21248e+00  2.67352e-01
   1284.91  6590.9375  1.34539e+00  1.50176e+00  1.12981e+00  2.58694e-01
   1313.46  6591.5625  1.17037e+00  9.61525e-01  9.64746e-01  2.46644e-01
   1342.01  6592.1875  1.15543e+00  1.19584e+00  9.69447e-01  2.23541e-01
   1370.56  6592.8125  1.21418e+00  1.20217e+00  1.04232e+00  2.07594e-01
   1399.11  6593.4375  1.25222e+00  1.28801e+00  1.08892e+00  1.98016e-01
   1427.67  6594.0625  1.29025e+00  1.21829e+00  1.12788e+00  1.96091e-01
   1456.22  6594.6875  1.37697e+00  1.42002e+00  1.21460e+00  1.95735e-01
   1484.77  6595.3125  1.44566e+00  1.44935e+00  1.29242e+00  1.84956e-01
   1513.32  6595.9375  1.46857e+00  1.49525e+00  1.33305e+00  1.63256e-01
   1541.87  6596.5625  1.43028e+00  1.46336e+00  1.30265e+00  1.53892e-01
   1570.42  6597.1875  1.31500e+00  1.35363e+00  1.19095e+00  1.49596e-01
   1598.97  6597.8125  1.24096e+00  1.04302e+00  1.12389e+00  1.41261e-01
   1627.52  6598.4375  1.28918e+00  1.48449e+00  1.17478e+00  1.38119e-01
   1656.07  6599.0625  1.21757e+00  1.18377e+00  1.11124e+00  1.28025e-01
   1684.63  6599.6875  1.10699e+00  1.06162e+00  1.00980e+00  1.16319e-01
   1713.18  6600.3125  1.07861e+00  1.06528e+00  9.87365e-01  1.09236e-01
   1741.73  6600.9375  1.09007e+00  1.09983e+00  1.00363e+00  1.03690e-01
   1770.28  6601.5625  1.08214e+00  1.11198e+00  1.00138e+00  9.68699e-02
   1798.83  6602.1875  1.07171e+00  1.00054e+00  9.97151e-01  8.93443e-02
   1827.38  6602.8125  1.12527e+00  1.14052e+00  1.05580e+00  8.33198e-02
   1855.93  6603.4375  1.14926e+00  1.24203e+00  1.08286e+00  7.95820e-02
   1884.48  6604.0625  1.13204e+00  9.83468e-01  1.06709e+00  7.79870e-02
   1913.03  6604.6875  1.23549e+00  1.26323e+00  1.17311e+00  7.49279e-02
   1941.58  6605.3125  1.32390e+00  1.43718e+00  1.26382e+00  7.19588e-02
   1970.14  6605.9375  1.30895e+00  1.20594e+00  1.24855e+00  7.23260e-02
   1998.69  6606.5625  1.31534e+00  1.39623e+00  1.25705e+00  6.99144e-02
   2027.24  6607.1875  1.31648e+00  1.23645e+00  1.26295e+00  6.43157e-02
   2055.79  6607.8125  1.29468e+00  1.43764e+00  1.24407e+00  6.04312e-02
   2084.34  6608.4375  1.18072e+00  1.09756e+00  1.13289e+00  5.67232e-02
   2112.89  6609.0625  1.12801e+00  1.06229e+00  1.08021e+00  5.69768e-02
   2141.44  6609.6875  1.11583e+00  1.27887e+00  1.06950e+00  5.64517e-02
   2169.99  6610.3125  1.03878e+00  8.54225e-01  9.99176e-01  4.84090e-02
   2198.54  6610.9375  1.07098e+00  1.13664e+00  1.03466e+00  4.40386e-02
   2227.09  6611.5625  1.11554e+00  1.12520e+00  1.07680e+00  4.64921e-02
   2255.65  6612.1875  1.10009e+00  1.12260e+00  1.06306e+00  4.43659e-02
   2284.20  6612.8125  1.05479e+00  1.04608e+00  1.02145e+00  4.03981e-02
   2312.75  6613.4375  1.06558e+00  9.66627e-01  1.03415e+00  3.81264e-02
   2341.30  6614.0625  1.17984e+00  1.23472e+00  1.15083e+00  3.54771e-02
   2369.85  6614.6875  1.27386e+00  1.27936e+00  1.24771e+00  3.23036e-02
   2398.40  6615.3125  1.26733e+00  1.38039e+00  1.24230e+00  3.05873e-02
   2426.95  6615.9375  1.19778e+00  1.03645e+00  1.17244e+00  3.06822e-02
   2455.50  6616.5625  1.19776e+00  1.33272e+00  1.17506e+00  2.76495e-02
   2484.05  6617.1875  1.19014e+00  1.05381e+00  1.17069e+00  2.36608e-02
   2512.61  6617.8125  1.20467e+00  1.34192e+00  1.18842e+00  1.95023e-02
   2541.16  6618.4375  1.11508e+00  1.11579e+00  1.09958e+00  1.80545e-02
   2569.71  6619.0625  9.79122e-01  9.27305e-01  9.61550e-01  2.01025e-02
   2598.26  6619.6875  9.43866e-01  8.86693e-01  9.25858e-01  2.12073e-02
   2626.81  6620.3125  1.04491e+00  9.91410e-01  1.02865e+00  1.95919e-02
   2655.36  6620.9375  1.17441e+00  1.30543e+00  1.15931e+00  1.76784e-02
   2683.91  6621.5625  1.16814e+00  1.16101e+00  1.15332e+00  1.70318e-02
   2712.46  6622.1875  1.10065e+00  1.08553e+00  1.08712e+00  1.59194e-02
   2741.01  6622.8125  1.02211e+00  1.07805e+00  1.00962e+00  1.52806e-02
   2769.56  6623.4375  9.30240e-01  8.45644e-01  9.16847e-01  1.62745e-02
   2798.12  6624.0625  9.22818e-01  9.14253e-01  9.10379e-01  1.52500e-02
   2826.67  6624.6875  9.67335e-01  9.78221e-01  9.55689e-01  1.43463e-02
   2855.22  6625.3125  9.69106e-01  1.03505e+00  9.57095e-01  1.47316e-02
   2883.77  6625.9375  9.45938e-01  8.30417e-01  9.34404e-01  1.44790e-02
   2912.32  6626.5625  1.01701e+00  1.04166e+00  1.00663e+00  1.29561e-02
   2940.87  6627.1875  1.04089e+00  1.18012e+00  1.03066e+00  1.17386e-02
   2969.42  6627.8125  9.15992e-01  8.41155e-01  9.06465e-01  1.06987e-02
   2997.97  6628.4375  8.59067e-01  7.71914e-01  8.50790e-01  1.01663e-02
   3026.52  6629.0625  9.60970e-01  9.49710e-01  9.52086e-01  1.09596e-02
   3055.07  6629.6875  1.04134e+00  1.19931e+00  1.03219e+00  1.07178e-02
   3083.63  6630.3125  9.85798e-01  8.75005e-01  9.77861e-01  9.06113e-03
   3112.18  6630.9375  9.55433e-01  1.00391e+00  9.48766e-01  7.72430e-03
   3140.73  6631.5625  9.63072e-01  8.93341e-01  9.57561e-01  6.64337e-03
   3169.28  6632.1875  1.00532e+00  1.05936e+00  1.00011e+00  6.31777e-03
   3197.83  6632.8125  1.00870e+00  1.01815e+00  1.00359e+00  5.79508e-03
   3226.38  6633.4375  9.48990e-01  9.87386e-01  9.44386e-01  4.82700e-03
   3254.93  6634.0625  8.83809e-01  7.90097e-01  8.79073e-01  4.89876e-03
   3283.48  6634.6875  8.63075e-01  9.62718e-01  8.57288e-01  6.07047e-03
   3312.03  6635.3125  8.25908e-01  7.24878e-01  8.21225e-01  5.54428e-03
   3340.58  6635.9375  8.61611e-01  8.70787e-01  8.58275e-01  4.07580e-03
   3369.14  6636.5625  9.50915e-01  9.30976e-01  9.47455e-01  3.35258e-03
   3397.69  6637.1875  9.95679e-01  1.11566e+00  9.91100e-01  3.95106e-03
   3426.24  6637.8125  9.61256e-01  8.46376e-01  9.55698e-01  4.91479e-03
   3454.79  6638.4375  9.99805e-01  1.01143e+00  9.94705e-01  5.14570e-03
   3483.34  6639.0625  1.06600e+00  1.10335e+00  1.06175e+00  4.30356e-03
   3511.89  6639.6875  1.07680e+00  1.07863e+00  1.07264e+00  3.56853e-03
   3540.44  6640.3125  1.03265e+00  1.07817e+00  1.02948e+00  3.17924e-03
   3568.99  6640.9375  9.08445e-01  9.45425e-01  9.05534e-01  3.24300e-03
   3597.54  6641.5625  8.01443e-01  6.40466e-01  7.98455e-01  3.13244e-03
   3626.10  6642.1875  8.27406e-01  9.28794e-01  8.25328e-01  2.24272e-03
   3654.65  6642.8125  8.77728e-01  7.71702e-01  8.75470e-01  2.16717e-03
   3683.20  6643.4375  9.88008e-01  1.02806e+00  9.84833e-01  3.24175e-03
   3711.75  6644.0625  1.08563e+00  1.11793e+00  1.08269e+00  2.95449e-03
   3740.30  6644.6875  1.11089e+00  1.12298e+00  1.10911e+00  2.09909e-03
   3768.85  6645.3125  1.08118e+00  1.11480e+00  1.07970e+00  2.00727e-03
   3797.40  6645.9375  1.04749e+00  9.65005e-01  1.04589e+00  2.00719e-03
   3825.95  6646.5625  1.08115e+00  1.11361e+00  1.07879e+00  2.24975e-03
   3854.50  6647.1875  1.07610e+00  1.14916e+00  1.07308e+00  2.60223e-03
   3883.05  6647.8125  9.67332e-01  9.57691e-01  9.64568e-01  2.09220e-03
   3911.61  6648.4375  9.06324e-01  7.64983e-01  9.03954e-01  1.09958e-03
   3940.16  6649.0625  9.48389e-01  1.10306e+00  9.46407e-01  5.32676e-04
   3968.71  6649.6875  9.48877e-01  8.12736e-01  9.47342e-01  5.89308e-04
   3997.26  6650.3125  9.74251e-01  1.09039e+00  9.72940e-01  9.04006e-04
   4025.81  6650.9375  9.73246e-01  8.85590e-01  9.72340e-01  1.00379e-03
   4054.36  6651.5625  9.86319e-01  1.04583e+00  9.84891e-01  1.39690e-03
   4082.91  6652.1875  9.51645e-01  9.82827e-01  9.48963e-01  1.72783e-03
   4111.46  6652.8125  8.75315e-01  8.24389e-01  8.73039e-01  1.70512e-03
   4140.01  6653.4375  8.80470e-01  8.20351e-01  8.79551e-01  1.11578e-03
   4168.56  6654.0625  9.59787e-01  1.01941e+00  9.58968e-01  6.38571e-04
   4197.12  6654.6875  9.98397e-01  9.97243e-01  9.96594e-01  1.06095e-03
   4225.67  6655.3125  1.00326e+00  1.00414e+00  1.00130e+00  1.39516e-03
   4254.22  6655.9375  9.94301e-01  1.01017e+00  9.93270e-01  7.13974e-04
   4282.77  6656.5625  9.37638e-01  9.84408e-01  9.37681e-01  5.95829e-04
   4311.32  6657.1875  8.47674e-01  7.81690e-01  8.47994e-01  1.26552e-03
   4339.87  6657.8125  8.07162e-01  8.32882e-01  8.07145e-01  1.27570e-03
   4368.42  6658.4375  8.65960e-01  6.98293e-01  8.65388e-01  8.03448e-04
   4396.97  6659.0625  1.01585e+00  1.21690e+00  1.01454e+00  8.87907e-04
   4425.52  6659.6875  1.03773e+00  9.65172e-01  1.03644e+00  9.64675e-04
   4454.08  6660.3125  9.72221e-01  1.09455e+00  9.71192e-01  8.17417e-04
   4482.63  6660.9375  8.92323e-01  7.00657e-01  8.91625e-01  6.03027e-04
   4511.18  6661.5625  9.14021e-01  1.05277e+00  9.13717e-01  6.03914e-04
   4539.73  6662.1875  8.94385e-01  8.46738e-01  8.94130e-01  9.65962e-04
   4568.28  6662.8125  9.02302e-01  8.25557e-01  9.02245e-01  9.28317e-04
   4596.83  6663.4375  9.46549e-01  1.09644e+00  9.46577e-01  9.17458e-04
   4625.38  6664.0625  8.62721e-01  8.29302e-01  8.62290e-01  1.07228e-03
   4653.93  6664.6875  7.99469e-01  6.94759e-01  7.99238e-01  6.84974e-04
   4682.48  6665.3125  9.00963e-01  8.77978e-01  9.01311e-01  5.40555e-04
   4711.03  6665.9375  1.01801e+00  1.15018e+00  1.01821e+00  9.11081e-04
   4739.59  6666.5625  9.88211e-01  9.75233e-01  9.87659e-01  7.77972e-04
   4768.14  6667.1875  9.63672e-01  8.39967e-01  9.63370e-01  2.75917e-04
   4796.69  6667.8125  9.84768e-01  1.19983e+00  9.85603e-01  8.15890e-05
   4825.24  6668.4375  9.25972e-01  7.03511e-01  9.27199e-01  2.36087e-04
   4853.79  6669.0625  9.76224e-01  1.08150e+00  9.77182e-01  3.96004e-04
   4882.34  6669.6875  1.05024e+00  9.82275e-01  1.05119e+00  2.14351e-04
   4910.89  6670.3125  1.08071e+00  1.21724e+00  1.08110e+00  1.53125e-04
   4939.44  6670.9375  1.05136e+00  9.07770e-01  1.05109e+00  3.27039e-04
   4967.99  6671.5625  1.09088e+00  1.15751e+00  1.09047e+00  4.19031e-04
   4996.54  6672.1875  1.08632e+00  1.14843e+00  1.08567e+00  4.87287e-04
   5025.10  6672.8125  9.75937e-01  9.64259e-01  9.75400e-01  5.73197e-04
   5053.65  6673.4375  9.30439e-01  7.72998e-01  9.30409e-01  4.38093e-04
   5082.20  6674.0625  9.84590e-01  1.17423e+00  9.84731e-01  2.32901e-04
   5110.75  6674.6875  8.80283e-01  8.91060e-01  8.80001e-01  3.31881e-04
   5139.30  6675.3125  7.51456e-01  5.88211e-01  7.51218e-01  4.81673e-04
   5167.85  6675.9375  8.35321e-01  8.16703e-01  8.35784e-01  2.97510e-04
   5196.40  6676.5625  9.73166e-01  1.08598e+00  9.73630e-01  1.34226e-04
   5224.95  6677.1875  9.54788e-01  9.96718e-01  9.55198e-01  2.23066e-04
   5253.50  6677.8125  8.73060e-01  7.72289e-01  8.73942e-01  4.51616e-04
   5282.06  6678.4375  8.91485e-01  9.00477e-01  8.92609e-01  3.93548e-04
   5310.61  6679.0625  9.51218e-01  9.55099e-01  9.52340e-01  1.85422e-04
   5339.16  6679.6875  9.33001e-01  1.05791e+00  9.33878e-01  1.19065e-04
   5367.71  6680.3125  8.46581e-01  6.82506e-01  8.47276e-01  8.13488e-05
   5396.26  6680.9375  9.29803e-01  8.80132e-01  9.30733e-01  2.74930e-05
   5424.81  6681.5625  1.09760e+00  1.21879e+00  1.09870e+00  2.71523e-05
   5453.36  6682.1875  1.08321e+00  1.18587e+00  1.08393e+00  1.69746e-04
   5481.91  6682.8125  9.70771e-01  7.83903e-01  9.70812e-01  3.25627e-04
   5510.46  6683.4375  1.00085e+00  1.06657e+00  1.00063e+00  1.69630e-04
   5539.01  6684.0625  1.04331e+00  1.06334e+00  1.04300e+00  2.39803e-05
   5567.57  6684.6875  1.05084e+00  1.00129e+00  1.05036e+00  9.19971e-07
   5596.12  6685.3125  1.03615e+00  1.16669e+00  1.03569e+00  9.57771e-09
   5624.67  6685.9375  9.73793e-01  8.08708e-01  9.73969e-01  0.00000e+00
   5653.22  6686.5625  9.92570e-01  1.09277e+00  9.93329e-01  0.00000e+00
   5681.77  6687.1875  9.67509e-01  9.84705e-01  9.68277e-01  0.00000e+00
   5710.32  6687.8125  9.40590e-01  8.08813e-01  9.41182e-01  0.00000e+00
   5738.87  6688.4375  1.00806e+00  1.12063e+00  1.00889e+00  2.66707e-09
   5767.42  6689.0625  1.02197e+00  9.94792e-01  1.02280e+00  2.56181e-07
   5795.97  6689.6875  1.01840e+00  1.00130e+00  1.01849e+00  6.67770e-06
   5824.52  6690.3125  1.04225e+00  1.05110e+00  1.04165e+00  4.72362e-05
   5853.08  6690.9375  1.02629e+00  1.09794e+00  1.02579e+00  9.06758e-05
   5881.63  6691.5625  9.77981e-01  8.61046e-01  9.78126e-01  4.72362e-05
   5910.18  6692.1875  9.88291e-01  1.07548e+00  9.88177e-01  6.67770e-06
   5938.73  6692.8125  9.46024e-01  9.61026e-01  9.45365e-01  2.56181e-07
   5967.28  6693.4375  9.06977e-01  7.82414e-01  9.06958e-01  2.66707e-09
   5995.83  6694.0625  9.63483e-01  1.06330e+00  9.63734e-01  8.52174e-09
   6024.38  6694.6875  9.95659e-01  9.37052e-01  9.95142e-01  8.18542e-07
   6052.93  6695.3125  1.01125e+00  1.07333e+00  1.01050e+00  2.13364e-05
   6081.48  6695.9375  9.70015e-01  9.83845e-01  9.70140e-01  1.50928e-04
   6110.04  6696.5625  9.19440e-01  8.45930e-01  9.20591e-01  2.89725e-04
   6138.59  6697.1875  9.49436e-01  9.55215e-01  9.50971e-01  1.50928e-04
   6167.14  6697.8125  9.62168e-01  1.05968e+00  9.63426e-01  2.13364e-05
   6195.69  6698.4375  9.37480e-01  7.78420e-01  9.38410e-01  8.18542e-07
   6224.24  6699.0625  1.00992e+00  1.09759e+00  1.01060e+00  8.52174e-09
   6252.79  6699.6875  1.02214e+00  1.08977e+00  1.02253e+00  0.00000e+00
   6281.34  6700.3125  9.78739e-01  8.41930e-01  9.79759e-01  0.00000e+00
   6309.89  6700.9375  1.05436e+00  1.07915e+00  1.05535e+00  0.00000e+00
   6338.44  6701.5625  1.10381e+00  1.23129e+00  1.10403e+00  0.00000e+00
   6366.99  6702.1875  1.03221e+00  9.33204e-01  1.03249e+00  0.00000e+00
   6395.55  6702.8125  1.00188e+00  1.01964e+00  1.00261e+00  0.00000e+00
   6424.10  6703.4375  9.79363e-01  1.02458e+00  9.80412e-01  0.00000e+00
   6452.65  6704.0625  9.46055e-01  8.53879e-01  9.46683e-01  0.00000e+00
   6481.20  6704.6875  1.01446e+00  9.95330e-01  1.01484e+00  0.00000e+00
   6509.75  6705.3125  1.08298e+00  1.22072e+00  1.08389e+00  0.00000e+00
   6538.30  6705.9375  1.04653e+00  9.37864e-01  1.04770e+00  0.00000e+00
   6566.85  6706.5625  1.04583e+00  1.09308e+00  1.04677e+00  0.00000e+00
   6595.40  6707.1875  1.07849e+00  1.01186e+00  1.07916e+00  0.00000e+00
   6623.95  6707.8125  1.08201e+00  1.24261e+00  1.08271e+00  0.00000e+00
   6652.50  6708.4375  9.85739e-01  8.58103e-01  9.86350e-01  0.00000e+00
   6681.06  6709.0625  9.41528e-01  9.83147e-01  9.41926e-01  0.00000e+00
   6709.61  6709.6875  9.49979e-01  8.87871e-01  9.49881e-01  0.00000e+00
   6738.16  6710.3125  9.92632e-01  1.04001e+00  9.92082e-01  0.00000e+00
   6766.71  6710.9375  1.02463e+00  9.98192e-01  1.02495e+00  0.00000e+00
   6795.26  6711.5625  1.07376e+00  1.05886e+00  1.07506e+00  0.00000e+00
   6823.81  6712.1875  1.13784e+00  1.16340e+00  1.13951e+00  0.00000e+00
   6852.36  6712.8125  1.11986e+00  1.22516e+00  1.12152e+00  8.96189e-09
   6880.91  6713.4375  1.04943e+00  8.73066e-01  1.05028e+00  8.60820e-07
   6909.46  6714.0625  1.07673e+00  1.19618e+00  1.07714e+00  2.24384e-05
   6938.02  6714.6875  1.04762e+00  1.05467e+00  1.04808e+00  1.58723e-04
   6966.57  6715.3125  1.00778e+00  8.97963e-01  1.00819e+00  3.04689e-04
   6995.12  6715.9375  1.07584e+00  1.12288e+00  1.07646e+00  1.58723e-04
   7023.67  6716.5625  1.11861e+00  1.16769e+00  1.11910e+00  2.24384e-05
   7052.22  6717.1875  1.08464e+00  1.06374e+00  1.08482e+00  8.60820e-07
   7080.77  6717.8125  1.06557e+00  1.03335e+00  1.06614e+00  8.96189e-09
   7109.32  6718.4375  1.07540e+00  1.11278e+00  1.07589e+00  0.00000e+00
   7137.87  6719.0625  1.02289e+00  1.08929e+00  1.02285e+00  6.74387e-09
   7166.42  6719.6875  9.85593e-01  7.67243e-01  9.86262e-01  6.47771e-07
   7194.97  6720.3125  1.07223e+00  1.28314e+00  1.07381e+00  1.68850e-05
   7223.53  6720.9375  1.05303e+00  9.83886e-01  1.05408e+00  1.19440e-04
   7252.08  6721.5625  1.06026e+00  9.64182e-01  1.06075e+00  2.29280e-04
   7280.63  6722.1875  1.16048e+00  1.27110e+00  1.16132e+00  1.19440e-04
   7309.18  6722.8125  1.13166e+00  1.20884e+00  1.13244e+00  1.68850e-05
   7337.73  6723.4375  1.01486e+00  8.81101e-01  1.01552e+00  6.47771e-07
   7366.28  6724.0625  9.97678e-01  1.04973e+00  9.98002e-01  6.74387e-09
   7394.83  6724.6875  1.03923e+00  9.49522e-01  1.03912e+00  0.00000e+00
   7423.38  6725.3125  1.07973e+00  1.23653e+00  1.08010e+00  0.00000e+00
   7451.93  6725.9375  9.94270e-01  9.45736e-01  9.95012e-01  0.00000e+00
   7480.48  6726.5625  9.09848e-01  8.63531e-01  9.10560e-01  0.00000e+00
   7509.04  6727.1875  9.19087e-01  9.08444e-01  9.19655e-01  0.00000e+00
   7537.59  6727.8125  9.89048e-01  9.57736e-01  9.88988e-01  0.00000e+00
   7566.14  6728.4375  1.05541e+00  1.13900e+00  1.05507e+00  0.00000e+00
   7594.69  6729.0625  9.97321e-01  1.06086e+00  9.97433e-01  0.00000e+00
   7623.24  6729.6875  9.19212e-01  7.25457e-01  9.19689e-01  0.00000e+00
   7651.79  6730.3125  9.99264e-01  1.09547e+00  9.99928e-01  0.00000e+00
   7680.34  6730.9375  1.05042e+00  1.07621e+00  1.05104e+00  0.00000e+00
   7708.89  6731.5625  1.00466e+00  1.02153e+00  1.00521e+00  0.00000e+00
   7737.44  6732.1875  9.18702e-01  9.20353e-01  9.19079e-01  0.00000e+00
   7765.99  6732.8125  8.67450e-01  7.88919e-01  8.67803e-01  0.00000e+00
   7794.55  6733.4375  9.20218e-01  9.18515e-01  9.20896e-01  0.00000e+00
   7823.10  6734.0625  1.01576e+00  1.02702e+00  1.01661e+00  0.00000e+00
   7851.65  6734.6875  1.08822e+00  1.10307e+00  1.08890e+00  0.00000e+00
   7880.20  6735.3125  1.09906e+00  1.16641e+00  1.09929e+00  0.00000e+00
   7908.75  6735.9375  1.11153e+00  9.36224e-01  1.11137e+00  0.00000e+00
   7937.30  6736.5625  1.21705e+00  1.38361e+00  1.21665e+00  0.00000e+00
   7965.85  6737.1875  1.23094e+00  1.18700e+00  1.23114e+00  0.00000e+00
   7994.40  6737.8125  1.19900e+00  1.20996e+00  1.20044e+00  0.00000e+00
   8022.95  6738.4375  1.12513e+00  1.20468e+00  1.12657e+00  0.00000e+00
   8051.51  6739.0625  9.50856e-01  9.39903e-01  9.51525e-01  0.00000e+00
   8080.06  6739.6875  8.15132e-01  6.94022e-01  8.15688e-01  0.00000e+00
   8108.61  6740.3125  8.33748e-01  8.55334e-01  8.34396e-01  0.00000e+00
   8137.16  6740.9375  9.24075e-01  8.77146e-01  9.24502e-01  0.00000e+00
   8165.71  6741.5625  1.02488e+00  1.09142e+00  1.02520e+00  0.00000e+00
   8194.26  6742.1875  1.02393e+00  1.09603e+00  1.02408e+00  0.00000e+00
   8222.81  6742.8125  9.49340e-01  8.47482e-01  9.49600e-01  0.00000e+00
   8251.36  6743.4375  9.63742e-01  9.69731e-01  9.64306e-01  0.00000e+00
   8279.91  6744.0625  1.05826e+00  9.95989e-01  1.05903e+00  0.00000e+00
   8308.46  6744.6875  1.07671e+00  1.35043e+00  1.07712e+00  0.00000e+00
   8337.02  6745.3125  9.03598e-01  6.80811e-01  9.03170e-01  0.00000e+00
   8365.57  6745.9375  8.85441e-01  8.47623e-01  8.84430e-01  0.00000e+00
   8394.12  6746.5625  1.01667e+00  1.06025e+00  1.01582e+00  0.00000e+00
   8422.67  6747.1875  1.09732e+00  1.13081e+00  1.09754e+00  0.00000e+00
   8451.22  6747.8125  1.06916e+00  1.14296e+00  1.06974e+00  0.00000e+00
   8479.77  6748.4375  1.02920e+00  8.41033e-01  1.02953e+00  0.00000e+00
   8508.32  6749.0625  1.09129e+00  1.26434e+00  1.09161e+00  0.00000e+00
   8536.87  6749.6875  1.06893e+00  1.01448e+00  1.06953e+00  0.00000e+00
   8565.42  6750.3125  1.04514e+00  9.99966e-01  1.04550e+00  0.00000e+00
   8593.97  6750.9375  1.06483e+00  1.14253e+00  1.06467e+00  0.00000e+00
   8622.53  6751.5625  1.06395e+00  9.69615e-01  1.06336e+00  0.00000e+00
   8651.08  6752.1875  1.07728e+00  1.18801e+00  1.07675e+00  0.00000e+00
   8679.63  6752.8125  1.02251e+00  9.81467e-01  1.02246e+00  0.00000e+00
   8708.18  6753.4375  9.61041e-01  9.56541e-01  9.61066e-01  0.00000e+00
   8736.73  6754.0625  9.24224e-01  9.30021e-01  9.23638e-01  0.00000e+00
   8765.28  6754.6875  9.04267e-01  8.71200e-01  9.03643e-01  0.00000e+00
   8793.83  6755.3125  9.26084e-01  9.22089e-01  9.26088e-01  0.00000e+00
   8822.38  6755.9375  9.54065e-01  9.89431e-01  9.54844e-01  0.00000e+00
   8850.93  6756.5625  9.78453e-01  9.08506e-01  9.79716e-01  0.00000e+00
   8879.49  6757.1875  1.03118e+00  1.10324e+00  1.03198e+00  0.00000e+00
   8908.04  6757.8125  1.03663e+00  1.02823e+00  1.03736e+00  0.00000e+00
   8936.59  6758.4375  1.04927e+00  9.80723e-01  1.05075e+00  0.00000e+00
   8965.14  6759.0625  1.08156e+00  1.20793e+00  1.08346e+00  0.00000e+00
   8993.69  6759.6875  1.02995e+00  9.60323e-01  1.03170e+00  0.00000e+00
   9022.24  6760.3125  1.00623e+00  9.90563e-01  1.00802e+00  0.00000e+00
   9050.79  6760.9375  1.03640e+00  1.04182e+00  1.03798e+00  0.00000e+00
   9079.34  6761.5625  1.04303e+00  1.09306e+00  1.04425e+00  0.00000e+00
   9107.89  6762.1875  1.01448e+00  9.55116e-01  1.01536e+00  0.00000e+00
   9136.44  6762.8125  1.00579e+00  1.05215e+00  1.00627e+00  0.00000e+00
   9165.00  6763.4375  9.61618e-01  9.78682e-01  9.62140e-01  0.00000e+00
   9193.55  6764.0625  9.15031e-01  8.40065e-01  9.15273e-01  0.00000e+00
   9222.10  6764.6875  9.68098e-01  9.44085e-01  9.68094e-01  0.00000e+00
   9250.65  6765.3125  1.04816e+00  1.13534e+00  1.04875e+00  0.00000e+00
   9279.20  6765.9375  1.07124e+00  9.94194e-01  1.07149e+00  0.00000e+00
   9307.75  6766.5625  1.06520e+00  1.19849e+00  1.06499e+00  0.00000e+00
   9336.30  6767.1875  9.55560e-01  9.11151e-01  9.56002e-01  0.00000e+00
   9364.85  6767.8125  8.87205e-01  7.84100e-01  8.87626e-01  0.00000e+00
   9393.40  6768.4375  9.37023e-01  1.00797e+00  9.36754e-01  0.00000e+00
   9421.95  6769.0625  9.78637e-01  9.42828e-01  9.77964e-01  0.00000e+00
   9450.51  6769.6875  1.03706e+00  1.02245e+00  1.03704e+00  0.00000e+00
   9479.06  6770.3125  1.12615e+00  1.13383e+00  1.12658e+00  0.00000e+00
   9507.61  6770.9375  1.15586e+00  1.25721e+00  1.15601e+00  0.00000e+00
   9536.16  6771.5625  1.08766e+00  1.01972e+00  1.08834e+00  0.00000e+00
   9564.71  6772.1875  1.05162e+00  1.04262e+00  1.05237e+00  0.00000e+00
   9593.26  6772.8125  1.02826e+00  1.09330e+00  1.02843e+00  0.00000e+00
   9621.81  6773.4375  9.63369e-01  8.99418e-01  9.63356e-01  0.00000e+00
   9650.36  6774.0625  9.21557e-01  9.61654e-01  9.21686e-01  0.00000e+00
   9678.91  6774.6875  8.86278e-01  8.45824e-01  8.86408e-01  0.00000e+00
   9707.47  6775.3125  8.68792e-01  8.97910e-01  8.69074e-01  0.00000e+00
   9736.02  6775.9375  8.97807e-01  7.91452e-01  8.98153e-01  0.00000e+00
   9764.57  6776.5625  1.01112e+00  1.08024e+00  1.01108e+00  0.00000e+00
   9793.12  6777.1875  1.09499e+00  1.08848e+00  1.09422e+00  0.00000e+00
   9821.67  6777.8125  1.07208e+00  1.20592e+00  1.07136e+00  0.00000e+00
   9850.22  6778.4375  9.48442e-01  8.20748e-01  9.48367e-01  0.00000e+00
   9878.77  6779.0625  9.01307e-01  9.27350e-01  9.01444e-01  0.00000e+00
   9907.32  6779.6875  9.36243e-01  8.59448e-01  9.36427e-01  0.00000e+00
   9935.87  6780.3125  1.00895e+00  1.09789e+00  1.00928e+00  0.00000e+00
   9964.42  6780.9375  1.01626e+00  1.00076e+00  1.01751e+00  0.00000e+00
   9992.98  6781.5625  9.71421e-01  1.01173e+00  9.72774e-01  0.00000e+00
  10021.53  6782.1875  9.36634e-01  8.42305e-01  9.37431e-01  0.00000e+00
  10050.08  6782.8125  1.00225e+00  1.00035e+00  1.00226e+00  0.00000e+00
  10078.63  6783.4375  1.07317e+00  1.16211e+00  1.07249e+00  0.00000e+00
  10107.18  6784.0625  1.04072e+00  1.01908e+00  1.04049e+00  0.00000e+00
  10135.73  6784.6875  9.56278e-01  1.00876e+00  9.56677e-01  0.00000e+00
  10164.28  6785.3125  9.01225e-01  7.49754e-01  9.01281e-01  0.00000e+00
  10192.83  6785.9375  9.63856e-01  1.05072e+00  9.63717e-01  0.00000e+00
  10221.38  6786.5625  9.88160e-01  1.01138e+00  9.87835e-01  0.00000e+00
  10249.93  6787.1875  9.61630e-01  9.14501e-01  9.61076e-01  0.00000e+00
  10278.49  6787.8125  9.72003e-01  9.89854e-01  9.71128e-01  0.00000e+00
  10307.04  6788.4375  1.01810e+00  9.60981e-01  1.01741e+00  0.00000e+00
  10335.59  6789.0625  1.07159e+00  1.16992e+00  1.07166e+00  0.00000e+00
  10364.14  6789.6875  1.03305e+00  1.02694e+00  1.03317e+00  0.00000e+00
  10392.69  6790.3125  9.70352e-01  9.25725e-01  9.69869e-01  0.00000e+00
  10421.24  6790.9375  9.39971e-01  9.87566e-01  9.38988e-01  0.00000e+00
  10449.79  6791.5625  8.99998e-01  8.59007e-01  8.99291e-01  0.00000e+00
  10478.34  6792.1875  9.11330e-01  8.67830e-01  9.11193e-01  0.00000e+00
  10506.89  6792.8125  9.63380e-01  1.03273e+00  9.63402e-01  0.00000e+00
  10535.45  6793.4375  9.75472e-01  9.32319e-01  9.74588e-01  0.00000e+00
  10564.00  6794.0625  9.81186e-01  1.02163e+00  9.79663e-01  0.00000e+00
  10592.55  6794.6875  9.76473e-01  9.40059e-01  9.75778e-01  0.00000e+00
  10621.10  6795.3125  9.57903e-01  1.02688e+00  9.58111e-01  0.00000e+00
  10649.65  6795.9375  9.16201e-01  8.39138e-01  9.17217e-01  0.00000e+00
  10678.20  6796.5625  9.51974e-01  9.17601e-01  9.52988e-01  0.00000e+00
  10706.75  6797.1875  9.80599e-01  1.14791e+00  9.81161e-01  0.00000e+00
  10735.30  6797.8125  8.94275e-01  7.60619e-01  8.94479e-01  0.00000e+00
  10763.85  6798.4375  9.46148e-01  8.38693e-01  9.46325e-01  0.00000e+00
  10792.40  6799.0625  1.12001e+00  1.27565e+00  1.12013e+00  0.00000e+00
  10820.96  6799.6875  1.11501e+00  1.18911e+00  1.11520e+00  0.00000e+00
  10849.51  6800.3125  9.96363e-01  8.71458e-01  9.96440e-01  0.00000e+00
  10878.06  6800.9375  9.99470e-01  9.84222e-01  9.99661e-01  0.00000e+00
  10906.61  6801.5625  1.02290e+00  1.14618e+00  1.02319e+00  0.00000e+00
  10935.16  6802.1875  9.18702e-01  8.83245e-01  9.18815e-01  0.00000e+00
  10963.71  6802.8125  8.24473e-01  7.62522e-01  8.24881e-01  0.00000e+00
  10992.26  6803.4375  8.25005e-01  8.34838e-01  8.25770e-01  0.00000e+00
  11020.81  6804.0625  8.58749e-01  8.45180e-01  8.59399e-01  0.00000e+00
  11049.36  6804.6875  8.92118e-01  9.17771e-01  8.92192e-01  0.00000e+00
  11077.91  6805.3125  9.15891e-01  8.84707e-01  9.15778e-01  0.00000e+00
  11106.47  6805.9375  9.27766e-01  9.91325e-01  9.27659e-01  0.00000e+00
  11135.02  6806.5625  8.81159e-01  8.71541e-01  8.81163e-01  0.00000e+00
  11163.57  6807.1875  8.51450e-01  7.79476e-01  8.51895e-01  0.00000e+00
  11192.12  6807.8125  8.89450e-01  9.47794e-01  8.90236e-01  0.00000e+00
  11220.67  6808.4375  9.46630e-01  8.52615e-01  9.47162e-01  0.00000e+00
  11249.22  6809.0625  1.01966e+00  1.14646e+00  1.02035e+00  0.00000e+00
  11277.77  6809.6875  9.90485e-01  9.73778e-01  9.91894e-01  0.00000e+00
  11306.32  6810.3125  9.43312e-01  8.86061e-01  9.45027e-01  0.00000e+00
  11334.87  6810.9375  9.56039e-01  9.93945e-01  9.57668e-01  0.00000e+00
  11363.43  6811.5625  9.67580e-01  9.46011e-01  9.69171e-01  0.00000e+00
  11391.98  6812.1875  9.93892e-01  9.77089e-01  9.94621e-01  0.00000e+00
  11420.53  6812.8125  1.00147e+00  1.09125e+00  1.00134e+00  0.00000e+00
  11449.08  6813.4375  9.29501e-01  8.80985e-01  9.29810e-01  0.00000e+00
  11477.63  6814.0625  8.71130e-01  8.69927e-01  8.71740e-01  0.00000e+00
  11506.18  6814.6875  8.74007e-01  8.14944e-01  8.74835e-01  0.00000e+00
  11534.73  6815.3125  9.09315e-01  9.91430e-01  9.10417e-01  0.00000e+00
  11563.28  6815.9375  8.94717e-01  8.60007e-01  8.95261e-01  0.00000e+00
  11591.83  6816.5625  9.24115e-01  8.42614e-01  9.23943e-01  0.00000e+00
  11620.38  6817.1875  1.01526e+00  1.12839e+00  1.01501e+00  0.00000e+00
  11648.94  6817.8125  1.05278e+00  9.64744e-01  1.05238e+00  0.00000e+00
  11677.49  6818.4375  1.02544e+00  1.22542e+00  1.02466e+00  0.00000e+00
  11706.04  6819.0625  8.84932e-01  7.19471e-01  8.84449e-01  0.00000e+00
  11734.59  6819.6875  9.03985e-01  7.99678e-01  9.03816e-01  0.00000e+00
  11763.14  6820.3125  1.04101e+00  1.23409e+00  1.04064e+00  0.00000e+00
  11791.69  6820.9375  1.02844e+00  9.63132e-01  1.02835e+00  0.00000e+00
  11820.24  6821.5625  9.85236e-01  9.96055e-01  9.85339e-01  0.00000e+00
  11848.79  6822.1875  1.00672e+00  9.24400e-01  1.00633e+00  0.00000e+00
  11877.34  6822.8125  1.06275e+00  1.18344e+00  1.06250e+00  0.00000e+00
  11905.89  6823.4375  1.04258e+00  9.83686e-01  1.04288e+00  0.00000e+00
  11934.45  6824.0625  1.02606e+00  1.03362e+00  1.02636e+00  0.00000e+00
  11963.00  6824.6875  1.02532e+00  1.02844e+00  1.02537e+00  0.00000e+00
  11991.55  6825.3125  9.62064e-01  1.06676e+00  9.62144e-01  0.00000e+00
  12020.10  6825.9375  8.89941e-01  6.63456e-01  8.89836e-01  0.00000e+00
  12048.65  6826.5625  9.76520e-01  1.10833e+00  9.75953e-01  0.00000e+00
  12077.20  6827.1875  1.01824e+00  1.02172e+00  1.01744e+00  0.00000e+00
  12105.75  6827.8125  9.70964e-01  9.93547e-01  9.70408e-01  0.00000e+00
  12134.30  6828.4375  9.24241e-01  8.64790e-01  9.23869e-01  0.00000e+00
  12162.85  6829.0625  9.57677e-01  9.24131e-01  9.57405e-01  0.00000e+00
  12191.40  6829.6875  9.68320e-01  1.14615e+00  9.68014e-01  0.00000e+00
  12219.96  6830.3125  8.52511e-01  7.02497e-01  8.51647e-01  0.00000e+00
  12248.51  6830.9375  7.97134e-01  8.60130e-01  7.96356e-01  0.00000e+00
  12277.06  6831.5625  8.36409e-01  6.76947e-01  8.36047e-01  0.00000e+00
  12305.61  6832.1875  9.92567e-01  1.09503e+00  9.92436e-01  0.00000e+00
  12334.16  6832.8125  1.08606e+00  1.11601e+00  1.08581e+00  0.00000e+00
  12362.71  6833.4375  1.05024e+00  1.10833e+00  1.04987e+00  0.00000e+00
  12391.26  6834.0625  9.65969e-01  8.80937e-01  9.65694e-01  0.00000e+00
  12419.81  6834.6875  9.49711e-01  9.67425e-01  9.49412e-01  0.00000e+00
  12448.36  6835.3125  9.77195e-01  9.44568e-01  9.77098e-01  0.00000e+00
  12476.92  6835.9375  1.00181e+00  1.06722e+00  1.00184e+00  0.00000e+00
  12505.47  6836.5625  9.74887e-01  9.43770e-01  9.74443e-01  0.00000e+00
  12534.02  6837.1875  9.16752e-01  9.77097e-01  9.15995e-01  0.00000e+00
  12562.57  6837.8125  8.44603e-01  7.65073e-01  8.43534e-01  0.00000e+00
  12591.12  6838.4375  8.71925e-01  8.23700e-01  8.70813e-01  0.00000e+00
  12619.67  6839.0625  9.99876e-01  1.01586e+00  9.99238e-01  0.00000e+00
  12648.22  6839.6875  1.12574e+00  1.14140e+00  1.12542e+00  0.00000e+00
  12676.77  6840.3125  1.16205e+00  1.26153e+00  1.16222e+00  0.00000e+00
  12705.32  6840.9375  1.06540e+00  1.05559e+00  1.06624e+00  0.00000e+00
  12733.87  6841.5625  9.92645e-01  8.72091e-01  9.93372e-01  0.00000e+00
  12762.43  6842.1875  1.05124e+00  1.10199e+00  1.05060e+00  0.00000e+00
  12790.98  6842.8125  1.08460e+00  1.13483e+00  1.08380e+00  0.00000e+00
  12819.53  6843.4375  1.01830e+00  1.03294e+00  1.01832e+00  0.00000e+00
  12848.08  6844.0625  9.63216e-01  8.60732e-01  9.63312e-01  0.00000e+00
  12876.63  6844.6875  1.04430e+00  1.02214e+00  1.04331e+00  0.00000e+00
  12905.18  6845.3125  1.15203e+00  1.26249e+00  1.15055e+00  0.00000e+00
  12933.73  6845.9375  1.17050e+00  1.10138e+00  1.16898e+00  0.00000e+00
  12962.28  6846.5625  1.20160e+00  1.22062e+00  1.20000e+00  0.00000e+00
  12990.83  6847.1875  1.22035e+00  1.26468e+00  1.21946e+00  0.00000e+00
  13019.38  6847.8125  1.19559e+00  1.15122e+00  1.19574e+00  0.00000e+00
  13047.94  6848.4375  1.16556e+00  1.22968e+00  1.16552e+00  0.00000e+00
  13076.49  6849.0625  1.11341e+00  1.04979e+00  1.11360e+00  0.00000e+00
  13105.04  6849.6875  1.09106e+00  1.11692e+00  1.09158e+00  0.00000e+00
  13133.59  6850.3125  1.04049e+00  1.09622e+00  1.04097e+00  0.00000e+00
  13162.14  6850.9375  9.67223e-01  8.56831e-01  9.67911e-01  0.00000e+00
  13190.69  6851.5625  9.77868e-01  1.02853e+00  9.78575e-01  0.00000e+00
  13219.24  6852.1875  1.01342e+00  9.59876e-01  1.01392e+00  0.00000e+00
  13247.79  6852.8125  1.00709e+00  1.15780e+00  1.00740e+00  0.00000e+00
  13276.34  6853.4375  9.27927e-01  7.67109e-01  9.28291e-01  0.00000e+00
  13304.90  6854.0625  9.69295e-01  9.71084e-01  9.69780e-01  0.00000e+00
  13333.45  6854.6875  1.03869e+00  1.14345e+00  1.03880e+00  0.00000e+00
  13362.00  6855.3125  1.00203e+00  9.56000e-01  1.00195e+00  0.00000e+00
  13390.55  6855.9375  9.86382e-01  9.45521e-01  9.86351e-01  0.00000e+00
  13419.10  6856.5625  1.02916e+00  1.06498e+00  1.02937e+00  0.00000e+00
  13447.65  6857.1875  1.06963e+00  1.03803e+00  1.06971e+00  0.00000e+00
  13476.20  6857.8125  1.12074e+00  1.13335e+00  1.12001e+00  0.00000e+00
  13504.75  6858.4375  1.11735e+00  1.21449e+00  1.11578e+00  0.00000e+00
  13533.30  6859.0625  1.03349e+00  9.36671e-01  1.03251e+00  0.00000e+00
  13561.85  6859.6875  9.73147e-01  1.05690e+00  9.72547e-01  0.00000e+00
  13590.41  6860.3125  9.36960e-01  8.01082e-01  9.36066e-01  0.00000e+00
  13618.96  6860.9375  9.90844e-01  1.06062e+00  9.90841e-01  0.00000e+00
  13647.51  6861.5625  1.00882e+00  1.04968e+00  1.00917e+00  0.00000e+00
  13676.06  6862.1875  9.81233e-01  9.03745e-01  9.81222e-01  0.00000e+00
  13704.61  6862.8125  1.01782e+00  1.03288e+00  1.01755e+00  0.00000e+00
  13733.16  6863.4375  1.03067e+00  1.11416e+00  1.03007e+00  0.00000e+00
  13761.71  6864.0625  9.52678e-01  9.12022e-01  9.52513e-01  0.00000e+00
  13790.26  6864.6875  9.24320e-01  8.46911e-01  9.24442e-01  0.00000e+00
  13818.81  6865.3125  1.00762e+00  1.02423e+00  1.00751e+00  0.00000e+00
  13847.36  6865.9375  1.05872e+00  1.16210e+00  1.05858e+00  0.00000e+00
  13875.92  6866.5625  1.03454e+00  9.11789e-01  1.03467e+00  0.00000e+00
  13904.47  6867.1875  1.04326e+00  1.16091e+00  1.04299e+00  0.00000e+00
  13933.02  6867.8125  1.03082e+00  9.18353e-01  1.03018e+00  0.00000e+00
  13961.57  6868.4375  1.03756e+00  1.14491e+00  1.03717e+00  0.00000e+00
  13990.12  6869.0625  9.97485e-01  9.48745e-01  9.97392e-01  0.00000e+00
  14018.67  6869.6875  1.00920e+00  9.27149e-01  1.00889e+00  0.00000e+00
  14047.22  6870.3125  1.11729e+00  1.17835e+00  1.11694e+00  0.00000e+00
  14075.77  6870.9375  1.15865e+00  1.21942e+00  1.15899e+00  0.00000e+00
  14104.32  6871.5625  1.08425e+00  1.08408e+00  1.08541e+00  0.00000e+00
  14132.88  6872.1875  9.75408e-01  9.74068e-01  9.76225e-01  0.00000e+00
  14161.43  6872.8125  9.24754e-01  8.23061e-01  9.24626e-01  0.00000e+00
  14189.98  6873.4375  9.47527e-01  1.05510e+00  9.47204e-01  0.00000e+00
  14218.53  6874.0625  9.22664e-01  8.63772e-01  9.22828e-01  0.00000e+00
  14247.08  6874.6875  8.94486e-01  9.33386e-01  8.94864e-01  0.00000e+00
  14275.63  6875.3125  9.09208e-01  8.01151e-01  9.08802e-01  0.00000e+00
  14304.18  6875.9375  9.99862e-01  1.08100e+00  9.99034e-01  0.00000e+00
  14332.73  6876.5625  1.08159e+00  1.01690e+00  1.08060e+00  0.00000e+00
  14361.28  6877.1875  1.12890e+00  1.25329e+00  1.12787e+00  0.00000e+00
  14389.83  6877.8125  1.05880e+00  1.04264e+00  1.05832e+00  0.00000e+00
  14418.39  6878.4375  9.77752e-01  9.07114e-01  9.77679e-01  0.00000e+00
  14446.94  6879.0625  9.59017e-01  1.02377e+00  9.58494e-01  0.00000e+00
  14475.49  6879.6875  9.35451e-01  8.77616e-01  9.34508e-01  0.00000e+00
  14504.04  6880.3125  9.92455e-01  9.16486e-01  9.91630e-01  0.00000e+00
  14532.59  6880.9375  1.07939e+00  1.25295e+00  1.07860e+00  0.00000e+00
  14561.14  6881.5625  1.00473e+00  9.71032e-01  1.00460e+00  0.00000e+00
  14589.69  6882.1875  9.03497e-01  8.53600e-01  9.04164e-01  0.00000e+00
  14618.24  6882.8125  9.03955e-01  8.69324e-01  9.04242e-01  0.00000e+00
  14646.79  6883.4375  9.71429e-01  9.90065e-01  9.71321e-01  0.00000e+00
  14675.34  6884.0625  1.03734e+00  1.03217e+00  1.03642e+00  0.00000e+00
  14703.90  6884.6875  1.06166e+00  1.12885e+00  1.06062e+00  0.00000e+00
  14732.45  6885.3125  1.04152e+00  9.67177e-01  1.04112e+00  0.00000e+00
  14761.00  6885.9375  1.04381e+00  1.10941e+00  1.04361e+00  0.00000e+00
  14789.55  6886.5625  1.05583e+00  9.57180e-01  1.05556e+00  0.00000e+00
  14818.10  6887.1875  1.07405e+00  1.23006e+00  1.07330e+00  0.00000e+00
  14846.65  6887.8125  1.05323e+00  8.62456e-01  1.05245e+00  0.00000e+00
  14875.20  6888.4375  1.11565e+00  1.24594e+00  1.11468e+00  0.00000e+00
  14903.75  6889.0625  1.09926e+00  1.12743e+00  1.09810e+00  0.00000e+00
  14932.30  6889.6875  1.00402e+00  9.51717e-01  1.00371e+00  0.00000e+00
  14960.86  6890.3125  9.52626e-01  9.62262e-01  9.53322e-01  0.00000e+00
  14989.41  6890.9375  9.53211e-01  9.00200e-01  9.54074e-01  0.00000e+00
  15017.96  6891.5625  1.03657e+00  1.00101e+00  1.03704e+00  0.00000e+00
  15046.51  6892.1875  1.10099e+00  1.26592e+00  1.10142e+00  0.00000e+00
  15075.06  6892.8125  1.01066e+00  9.45178e-01  1.01062e+00  0.00000e+00
  15103.61  6893.4375  9.49484e-01  8.79547e-01  9.48161e-01  0.00000e+00
  15132.16  6894.0625  9.88935e-01  1.03656e+00  9.87814e-01  0.00000e+00
  15160.71  6894.6875  1.03659e+00  9.87060e-01  1.03679e+00  0.00000e+00
  15189.26  6895.3125  1.06552e+00  1.16269e+00  1.06608e+00  0.00000e+00
  15217.81  6895.9375  1.01436e+00  9.81679e-01  1.01499e+00  0.00000e+00
  15246.37  6896.5625  9.77323e-01  9.32434e-01  9.78251e-01  0.00000e+00
  15274.92  6897.1875  1.02178e+00  1.01041e+00  1.02232e+00  0.00000e+00
  15303.47  6897.8125  1.07181e+00  1.13312e+00  1.07225e+00  0.00000e+00
  15332.02  6898.4375  1.04022e+00  1.05999e+00  1.04089e+00  0.00000e+00
  15360.57  6899.0625  1.01399e+00  8.96699e-01  1.01430e+00  0.00000e+00
  15389.12  6899.6875  1.08532e+00  1.16080e+00  1.08479e+00  0.00000e+00
  15417.67  6900.3125  1.13696e+00  1.11700e+00  1.13629e+00  0.00000e+00
  15446.22  6900.9375  1.13693e+00  1.19392e+00  1.13673e+00  0.00000e+00
  15474.77  6901.5625  1.04442e+00  1.09192e+00  1.04457e+00  0.00000e+00
  15503.32  6902.1875  9.15140e-01  8.18474e-01  9.15312e-01  0.00000e+00
  15531.88  6902.8125  9.11160e-01  8.62662e-01  9.11607e-01  0.00000e+00
  15560.43  6903.4375  9.90674e-01  1.05970e+00  9.91139e-01  0.00000e+00
  15588.98  6904.0625  1.06411e+00  9.68735e-01  1.06430e+00  0.00000e+00
  15617.53  6904.6875  1.13918e+00  1.27843e+00  1.13972e+00  0.00000e+00
  15646.08  6905.3125  1.08153e+00  1.09219e+00  1.08228e+00  0.00000e+00
  15674.63  6905.9375  9.96632e-01  8.78217e-01  9.97433e-01  0.00000e+00
  15703.18  6906.5625  9.98654e-01  1.10306e+00  9.99677e-01  0.00000e+00
  15731.73  6907.1875  9.91497e-01  8.91618e-01  9.92568e-01  0.00000e+00
  15760.28  6907.8125  1.02002e+00  1.08578e+00  1.02091e+00  0.00000e+00
  15788.84  6908.4375  1.04492e+00  9.95455e-01  1.04524e+00  0.00000e+00
  15817.39  6909.0625  1.04955e+00  1.13399e+00  1.04968e+00  0.00000e+00
  15845.94  6909.6875  9.99798e-01  9.52578e-01  9.99991e-01  0.00000e+00
  15874.49  6910.3125  9.92619e-01  9.38209e-01  9.92726e-01  0.00000e+00
  15903.04  6910.9375  1.01489e+00  1.13307e+00  1.01435e+00  0.00000e+00
  15931.59  6911.5625  9.64034e-01  8.80886e-01  9.62742e-01  0.00000e+00
  15960.14  6912.1875  9.43134e-01  9.60871e-01  9.42603e-01  0.00000e+00
  15988.69  6912.8125  9.49031e-01  9.48054e-01  9.49205e-01  0.00000e+00
  16017.24  6913.4375  9.96616e-01  9.06573e-01  9.96470e-01  0.00000e+00
  16045.79  6914.0625  1.05058e+00  1.24337e+00  1.05010e+00  0.00000e+00
  16074.35  6914.6875  9.65587e-01  8.61088e-01  9.65099e-01  0.00000e+00
  16102.90  6915.3125  9.19519e-01  9.03355e-01  9.18913e-01  0.00000e+00
  16131.45  6915.9375  1.00548e+00  9.05724e-01  1.00528e+00  0.00000e+00
  16160.00  6916.5625  1.11187e+00  1.32504e+00  1.11177e+00  0.00000e+00
  16188.55  6917.1875  1.05061e+00  9.57962e-01  1.05039e+00  0.00000e+00
  16217.10  6917.8125  9.88723e-01  9.88056e-01  9.89072e-01  0.00000e+00
  16245.65  6918.4375  1.00017e+00  9.58815e-01  1.00086e+00  0.00000e+00
  16274.20  6919.0625  1.03422e+00  1.09222e+00  1.03499e+00  0.00000e+00
  16302.75  6919.6875  9.99507e-01  1.03225e+00  1.00003e+00  0.00000e+00
  16331.30  6920.3125  9.53797e-01  8.42468e-01  9.54036e-01  0.00000e+00
  16359.86  6920.9375  1.01221e+00  1.04668e+00  1.01222e+00  0.00000e+00
  16388.41  6921.5625  1.06240e+00  1.11281e+00  1.06223e+00  0.00000e+00
  16416.96  6922.1875  1.06129e+00  1.00693e+00  1.06049e+00  0.00000e+00
  16445.51  6922.8125  1.09522e+00  1.09668e+00  1.09448e+00  0.00000e+00
  16474.06  6923.4375  1.07890e+00  1.21648e+00  1.07882e+00  0.00000e+00
  16502.61  6924.0625  9.52056e-01  8.34345e-01  9.52559e-01  0.00000e+00
  16531.16  6924.6875  9.08254e-01  8.89419e-01  9.08443e-01  0.00000e+00
  16559.71  6925.3125  9.31383e-01  9.79985e-01  9.30918e-01  0.00000e+00
  16588.26  6925.9375  9.69432e-01  8.51930e-01  9.68614e-01  0.00000e+00
  16616.81  6926.5625  1.01423e+00  1.22169e+00  1.01343e+00  0.00000e+00
  16645.37  6927.1875  9.46442e-01  7.91466e-01  9.45998e-01  0.00000e+00
  16673.92  6927.8125  9.66944e-01  9.55414e-01  9.67107e-01  0.00000e+00
  16702.47  6928.4375  1.02343e+00  1.13393e+00  1.02355e+00  0.00000e+00
  16731.02  6929.0625  9.65366e-01  9.38694e-01  9.65380e-01  0.00000e+00
  16759.57  6929.6875  9.48440e-01  8.22903e-01  9.48869e-01  0.00000e+00
  16788.12  6930.3125  1.04205e+00  1.15530e+00  1.04286e+00  0.00000e+00
  16816.67  6930.9375  1.04846e+00  1.07366e+00  1.04892e+00  0.00000e+00
  16845.22  6931.5625  9.90853e-01  9.31754e-01  9.90913e-01  0.00000e+00
  16873.77  6932.1875  9.62570e-01  1.01071e+00  9.62060e-01  0.00000e+00
  16902.33  6932.8125  9.03162e-01  9.20551e-01  9.01944e-01  0.00000e+00
  16930.88  6933.4375  9.27651e-01  6.89729e-01  9.26437e-01  0.00000e+00
  16959.43  6934.0625  1.07719e+00  1.38002e+00  1.07659e+00  0.00000e+00
  16987.98  6934.6875  1.02803e+00  9.24256e-01  1.02849e+00  0.00000e+00
  17016.53  6935.3125  9.25257e-01  9.58061e-01  9.26375e-01  0.00000e+00
  17045.08  6935.9375  8.96312e-01  7.84271e-01  8.97090e-01  0.00000e+00
  17073.63  6936.5625  9.48345e-01  1.03855e+00  9.48280e-01  0.00000e+00
  17102.18  6937.1875  9.76540e-01  9.21845e-01  9.75960e-01  0.00000e+00
  17130.73  6937.8125  9.71924e-01  1.06699e+00  9.71355e-01  0.00000e+00
  17159.28  6938.4375  9.17776e-01  8.34628e-01  9.17575e-01  0.00000e+00
  17187.84  6939.0625  8.69070e-01  9.57338e-01  8.69205e-01  0.00000e+00
  17216.39  6939.6875  8.16703e-01  7.04308e-01  8.16547e-01  0.00000e+00
  17244.94  6940.3125  8.46256e-01  8.79794e-01  8.46114e-01  0.00000e+00
  17273.49  6940.9375  9.41777e-01  8.60344e-01  9.42431e-01  0.00000e+00
  17302.04  6941.5625  1.05648e+00  1.17614e+00  1.05754e+00  0.00000e+00
  17330.59  6942.1875  1.05513e+00  1.06460e+00  1.05582e+00  0.00000e+00
  17359.14  6942.8125  1.00115e+00  9.55102e-01  1.00150e+00  0.00000e+00
  17387.69  6943.4375  1.02426e+00  9.74051e-01  1.02450e+00  0.00000e+00
  17416.24  6944.0625  1.05238e+00  1.20445e+00  1.05191e+00  0.00000e+00
  17444.79  6944.6875  9.56799e-01  8.81074e-01  9.56080e-01  0.00000e+00
  17473.35  6945.3125  8.95242e-01  8.54107e-01  8.94949e-01  0.00000e+00
  17501.90  6945.9375  9.08649e-01  9.45092e-01  9.08455e-01  0.00000e+00
  17530.45  6946.5625  9.28789e-01  8.86569e-01  9.28288e-01  0.00000e+00
  17559.00  6947.1875  1.00783e+00  9.58787e-01  1.00820e+00  0.00000e+00
  17587.55  6947.8125  1.06964e+00  1.25349e+00  1.07124e+00  0.00000e+00
  17616.10  6948.4375  9.99343e-01  8.62336e-01  9.99974e-01  0.00000e+00
  17644.65  6949.0625  9.82647e-01  1.01425e+00  9.82025e-01  0.00000e+00
  17673.20  6949.6875  1.00031e+00  1.00133e+00  9.99839e-01  0.00000e+00
