# day000.9  epoch=0.9d  L_Halpha=2.680e+40 erg/s  smooth_kms=25.0
# Columns:
#   1: Δv [km/s]      velocity offset from Hα (6562.81 Å), positive = redshift
#   2: lambda [Å]     observed wavelength
#   3: F_norm         total flux, smoothed, normalized to F_cont_baseline
#   4: F_norm_raw     total flux, RAW MC (no velocity smoothing)
#   5: F_cont_smooth  continuum-channel flux (continuum photons only)
#   6: F_vol_smooth   volumetric-channel flux (line emission contribution)
# Format: F_norm ≈ F_cont_smooth + F_vol_smooth (within MC noise)
# ----------------------------------------------------------------------------------------
 -16559.48  6200.3125  9.85602e-01  1.03455e+00  9.85612e-01  0.00000e+00
 -16530.93  6200.9375  9.52958e-01  8.50456e-01  9.52971e-01  0.00000e+00
 -16502.38  6201.5625  9.72479e-01  1.06675e+00  9.72489e-01  0.00000e+00
 -16473.83  6202.1875  9.98089e-01  8.77001e-01  9.98102e-01  0.00000e+00
 -16445.28  6202.8125  1.08244e+00  1.15911e+00  1.08245e+00  0.00000e+00
 -16416.73  6203.4375  1.09151e+00  1.16651e+00  1.09153e+00  0.00000e+00
 -16388.18  6204.0625  1.00434e+00  9.29073e-01  1.00434e+00  0.00000e+00
 -16359.63  6204.6875  9.82453e-01  9.62201e-01  9.82439e-01  0.00000e+00
 -16331.08  6205.3125  1.03721e+00  1.02085e+00  1.03721e+00  0.00000e+00
 -16302.53  6205.9375  1.06129e+00  1.17490e+00  1.06130e+00  0.00000e+00
 -16273.97  6206.5625  9.73885e-01  9.25094e-01  9.73909e-01  0.00000e+00
 -16245.42  6207.1875  8.86746e-01  8.80882e-01  8.86775e-01  0.00000e+00
 -16216.87  6207.8125  8.37819e-01  8.33377e-01  8.37846e-01  0.00000e+00
 -16188.32  6208.4375  8.34721e-01  7.78544e-01  8.34751e-01  0.00000e+00
 -16159.77  6209.0625  9.17717e-01  9.04206e-01  9.17742e-01  0.00000e+00
 -16131.22  6209.6875  1.05006e+00  1.05081e+00  1.05007e+00  0.00000e+00
 -16102.67  6210.3125  1.14576e+00  1.22145e+00  1.14578e+00  0.00000e+00
 -16074.12  6210.9375  1.14932e+00  1.13689e+00  1.14934e+00  0.00000e+00
 -16045.57  6211.5625  1.14303e+00  1.10454e+00  1.14306e+00  0.00000e+00
 -16017.01  6212.1875  1.12658e+00  1.24030e+00  1.12661e+00  0.00000e+00
 -15988.46  6212.8125  1.03232e+00  9.54108e-01  1.03233e+00  0.00000e+00
 -15959.91  6213.4375  1.01472e+00  9.42254e-01  1.01471e+00  0.00000e+00
 -15931.36  6214.0625  1.06866e+00  1.18572e+00  1.06864e+00  0.00000e+00
 -15902.81  6214.6875  1.04863e+00  9.86861e-01  1.04861e+00  0.00000e+00
 -15874.26  6215.3125  1.00693e+00  1.06590e+00  1.00693e+00  0.00000e+00
 -15845.71  6215.9375  9.34659e-01  9.13498e-01  9.34653e-01  0.00000e+00
 -15817.16  6216.5625  8.91722e-01  8.36148e-01  8.91714e-01  0.00000e+00
 -15788.61  6217.1875  9.49216e-01  9.22890e-01  9.49227e-01  0.00000e+00
 -15760.06  6217.8125  1.06301e+00  1.08245e+00  1.06303e+00  0.00000e+00
 -15731.50  6218.4375  1.13270e+00  1.18761e+00  1.13272e+00  0.00000e+00
 -15702.95  6219.0625  1.07830e+00  1.14929e+00  1.07831e+00  0.00000e+00
 -15674.40  6219.6875  9.58560e-01  8.54271e-01  9.58585e-01  0.00000e+00
 -15645.85  6220.3125  9.29925e-01  9.31107e-01  9.29938e-01  0.00000e+00
 -15617.30  6220.9375  9.25255e-01  9.93445e-01  9.25248e-01  0.00000e+00
 -15588.75  6221.5625  9.27928e-01  7.60609e-01  9.27898e-01  0.00000e+00
 -15560.20  6222.1875  1.00446e+00  1.18520e+00  1.00442e+00  0.00000e+00
 -15531.65  6222.8125  9.70587e-01  9.16503e-01  9.70564e-01  0.00000e+00
 -15503.10  6223.4375  8.88310e-01  9.21158e-01  8.88303e-01  0.00000e+00
 -15474.55  6224.0625  8.57310e-01  7.46803e-01  8.57316e-01  0.00000e+00
 -15445.99  6224.6875  9.69733e-01  9.37313e-01  9.69742e-01  0.00000e+00
 -15417.44  6225.3125  1.08988e+00  1.26542e+00  1.08987e+00  0.00000e+00
 -15388.89  6225.9375  1.08433e+00  9.35805e-01  1.08431e+00  0.00000e+00
 -15360.34  6226.5625  1.08639e+00  1.23016e+00  1.08640e+00  0.00000e+00
 -15331.79  6227.1875  1.02646e+00  9.52695e-01  1.02646e+00  0.00000e+00
 -15303.24  6227.8125  9.93185e-01  9.73463e-01  9.93171e-01  0.00000e+00
 -15274.69  6228.4375  9.93485e-01  1.04695e+00  9.93472e-01  0.00000e+00
 -15246.14  6229.0625  9.37645e-01  9.38281e-01  9.37626e-01  0.00000e+00
 -15217.59  6229.6875  8.62716e-01  8.37473e-01  8.62695e-01  0.00000e+00
 -15189.03  6230.3125  8.04602e-01  8.39393e-01  8.04581e-01  0.00000e+00
 -15160.48  6230.9375  8.22756e-01  6.36889e-01  8.22747e-01  0.00000e+00
 -15131.93  6231.5625  9.69864e-01  1.13602e+00  9.69872e-01  0.00000e+00
 -15103.38  6232.1875  1.04328e+00  9.82738e-01  1.04327e+00  0.00000e+00
 -15074.83  6232.8125  1.09427e+00  1.10522e+00  1.09423e+00  0.00000e+00
 -15046.28  6233.4375  1.12699e+00  1.18421e+00  1.12695e+00  0.00000e+00
 -15017.73  6234.0625  1.08598e+00  1.07811e+00  1.08595e+00  0.00000e+00
 -14989.18  6234.6875  1.06300e+00  9.94010e-01  1.06298e+00  0.00000e+00
 -14960.63  6235.3125  1.14283e+00  1.12333e+00  1.14282e+00  0.00000e+00
 -14932.08  6235.9375  1.21465e+00  1.34096e+00  1.21466e+00  0.00000e+00
 -14903.52  6236.5625  1.15029e+00  1.12803e+00  1.15029e+00  0.00000e+00
 -14874.97  6237.1875  1.11697e+00  9.78533e-01  1.11697e+00  0.00000e+00
 -14846.42  6237.8125  1.16106e+00  1.35756e+00  1.16105e+00  0.00000e+00
 -14817.87  6238.4375  1.07871e+00  9.98541e-01  1.07870e+00  0.00000e+00
 -14789.32  6239.0625  1.02413e+00  9.61002e-01  1.02412e+00  0.00000e+00
 -14760.77  6239.6875  1.04406e+00  1.12893e+00  1.04405e+00  0.00000e+00
 -14732.22  6240.3125  9.96912e-01  9.95998e-01  9.96888e-01  0.00000e+00
 -14703.67  6240.9375  9.73617e-01  8.48163e-01  9.73601e-01  0.00000e+00
 -14675.12  6241.5625  1.04617e+00  1.16224e+00  1.04619e+00  0.00000e+00
 -14646.57  6242.1875  1.05616e+00  1.02626e+00  1.05618e+00  0.00000e+00
 -14618.01  6242.8125  1.00578e+00  1.06595e+00  1.00580e+00  0.00000e+00
 -14589.46  6243.4375  9.42171e-01  8.57280e-01  9.42173e-01  0.00000e+00
 -14560.91  6244.0625  9.77603e-01  9.38500e-01  9.77595e-01  0.00000e+00
 -14532.36  6244.6875  1.06703e+00  1.14849e+00  1.06703e+00  0.00000e+00
 -14503.81  6245.3125  1.09982e+00  1.05265e+00  1.09983e+00  0.00000e+00
 -14475.26  6245.9375  1.09370e+00  1.18581e+00  1.09370e+00  0.00000e+00
 -14446.71  6246.5625  1.03412e+00  9.61275e-01  1.03410e+00  0.00000e+00
 -14418.16  6247.1875  1.01008e+00  1.02561e+00  1.01006e+00  0.00000e+00
 -14389.61  6247.8125  1.03871e+00  9.83167e-01  1.03870e+00  0.00000e+00
 -14361.06  6248.4375  1.10548e+00  1.15203e+00  1.10547e+00  0.00000e+00
 -14332.50  6249.0625  1.12378e+00  1.15398e+00  1.12377e+00  0.00000e+00
 -14303.95  6249.6875  1.05506e+00  1.08796e+00  1.05505e+00  0.00000e+00
 -14275.40  6250.3125  9.22147e-01  9.26797e-01  9.22126e-01  0.00000e+00
 -14246.85  6250.9375  8.11872e-01  7.31777e-01  8.11853e-01  0.00000e+00
 -14218.30  6251.5625  8.24548e-01  7.91599e-01  8.24552e-01  0.00000e+00
 -14189.75  6252.1875  9.23900e-01  9.31263e-01  9.23912e-01  0.00000e+00
 -14161.20  6252.8125  1.01118e+00  1.05265e+00  1.01118e+00  0.00000e+00
 -14132.65  6253.4375  1.05008e+00  1.03569e+00  1.05008e+00  0.00000e+00
 -14104.10  6254.0625  1.10412e+00  1.05936e+00  1.10414e+00  0.00000e+00
 -14075.54  6254.6875  1.12405e+00  1.29613e+00  1.12408e+00  0.00000e+00
 -14046.99  6255.3125  1.00256e+00  9.03790e-01  1.00258e+00  0.00000e+00
 -14018.44  6255.9375  9.25235e-01  9.01994e-01  9.25239e-01  0.00000e+00
 -13989.89  6256.5625  9.53570e-01  9.18311e-01  9.53564e-01  0.00000e+00
 -13961.34  6257.1875  1.02565e+00  1.05939e+00  1.02563e+00  0.00000e+00
 -13932.79  6257.8125  1.06094e+00  1.08077e+00  1.06091e+00  0.00000e+00
 -13904.24  6258.4375  1.02406e+00  1.07040e+00  1.02405e+00  0.00000e+00
 -13875.69  6259.0625  9.51347e-01  8.90372e-01  9.51340e-01  0.00000e+00
 -13847.14  6259.6875  9.66110e-01  9.03829e-01  9.66100e-01  0.00000e+00
 -13818.59  6260.3125  1.04488e+00  1.13681e+00  1.04486e+00  0.00000e+00
 -13790.03  6260.9375  1.05817e+00  1.02707e+00  1.05816e+00  0.00000e+00
 -13761.48  6261.5625  1.03749e+00  1.07742e+00  1.03751e+00  0.00000e+00
 -13732.93  6262.1875  1.02410e+00  9.46429e-01  1.02412e+00  0.00000e+00
 -13704.38  6262.8125  1.04883e+00  1.11979e+00  1.04885e+00  0.00000e+00
 -13675.83  6263.4375  1.03115e+00  1.01801e+00  1.03115e+00  0.00000e+00
 -13647.28  6264.0625  9.71065e-01  1.00810e+00  9.71058e-01  0.00000e+00
 -13618.73  6264.6875  9.26558e-01  8.30574e-01  9.26557e-01  0.00000e+00
 -13590.18  6265.3125  9.98127e-01  9.71967e-01  9.98125e-01  0.00000e+00
 -13561.63  6265.9375  1.06230e+00  1.23650e+00  1.06229e+00  0.00000e+00
 -13533.08  6266.5625  1.02001e+00  8.34343e-01  1.02000e+00  0.00000e+00
 -13504.52  6267.1875  1.01980e+00  1.18944e+00  1.01978e+00  0.00000e+00
 -13475.97  6267.8125  9.40849e-01  8.72765e-01  9.40816e-01  0.00000e+00
 -13447.42  6268.4375  8.53891e-01  8.64262e-01  8.53865e-01  0.00000e+00
 -13418.87  6269.0625  8.53563e-01  7.39522e-01  8.53560e-01  0.00000e+00
 -13390.32  6269.6875  9.27154e-01  1.05235e+00  9.27178e-01  0.00000e+00
 -13361.77  6270.3125  9.27827e-01  8.85947e-01  9.27858e-01  0.00000e+00
 -13333.22  6270.9375  9.14568e-01  9.10729e-01  9.14580e-01  0.00000e+00
 -13304.67  6271.5625  9.33616e-01  9.26722e-01  9.33598e-01  0.00000e+00
 -13276.12  6272.1875  9.91603e-01  9.42288e-01  9.91608e-01  0.00000e+00
 -13247.56  6272.8125  1.04989e+00  1.17102e+00  1.04992e+00  0.00000e+00
 -13219.01  6273.4375  1.04091e+00  9.30070e-01  1.04093e+00  0.00000e+00
 -13190.46  6274.0625  1.05779e+00  1.14434e+00  1.05778e+00  0.00000e+00
 -13161.91  6274.6875  1.06353e+00  9.93686e-01  1.06351e+00  0.00000e+00
 -13133.36  6275.3125  1.09162e+00  1.12879e+00  1.09161e+00  0.00000e+00
 -13104.81  6275.9375  1.11679e+00  1.10517e+00  1.11678e+00  0.00000e+00
 -13076.26  6276.5625  1.13886e+00  1.13302e+00  1.13886e+00  0.00000e+00
 -13047.71  6277.1875  1.13526e+00  1.19930e+00  1.13525e+00  0.00000e+00
 -13019.16  6277.8125  1.04773e+00  1.05366e+00  1.04772e+00  0.00000e+00
 -12990.61  6278.4375  9.37175e-01  8.99624e-01  9.37173e-01  0.00000e+00
 -12962.05  6279.0625  8.82704e-01  8.61134e-01  8.82727e-01  0.00000e+00
 -12933.50  6279.6875  8.52561e-01  8.97620e-01  8.52571e-01  0.00000e+00
 -12904.95  6280.3125  7.84442e-01  7.75233e-01  7.84421e-01  0.00000e+00
 -12876.40  6280.9375  7.55350e-01  6.74652e-01  7.55318e-01  0.00000e+00
 -12847.85  6281.5625  9.00400e-01  7.81707e-01  9.00374e-01  0.00000e+00
 -12819.30  6282.1875  1.07941e+00  1.37220e+00  1.07937e+00  0.00000e+00
 -12790.75  6282.8125  1.01279e+00  8.95621e-01  1.01274e+00  0.00000e+00
 -12762.20  6283.4375  9.24014e-01  9.34698e-01  9.23986e-01  0.00000e+00
 -12733.65  6284.0625  9.13938e-01  8.58395e-01  9.13933e-01  0.00000e+00
 -12705.10  6284.6875  9.39467e-01  1.00251e+00  9.39482e-01  0.00000e+00
 -12676.54  6285.3125  9.47142e-01  8.92636e-01  9.47155e-01  0.00000e+00
 -12647.99  6285.9375  9.90342e-01  9.88772e-01  9.90339e-01  0.00000e+00
 -12619.44  6286.5625  1.03727e+00  1.08844e+00  1.03726e+00  0.00000e+00
 -12590.89  6287.1875  1.04594e+00  9.96804e-01  1.04594e+00  0.00000e+00
 -12562.34  6287.8125  1.04918e+00  1.12163e+00  1.04917e+00  0.00000e+00
 -12533.79  6288.4375  1.05470e+00  9.33748e-01  1.05469e+00  0.00000e+00
 -12505.24  6289.0625  1.12446e+00  1.21016e+00  1.12444e+00  0.00000e+00
 -12476.69  6289.6875  1.10176e+00  1.18723e+00  1.10175e+00  0.00000e+00
 -12448.14  6290.3125  9.75169e-01  8.82193e-01  9.75157e-01  0.00000e+00
 -12419.58  6290.9375  9.58000e-01  8.97426e-01  9.57975e-01  0.00000e+00
 -12391.03  6291.5625  1.11766e+00  1.03190e+00  1.11763e+00  0.00000e+00
 -12362.48  6292.1875  1.25525e+00  1.55383e+00  1.25522e+00  0.00000e+00
 -12333.93  6292.8125  1.14031e+00  9.90942e-01  1.14028e+00  0.00000e+00
 -12305.38  6293.4375  1.07089e+00  1.02585e+00  1.07087e+00  0.00000e+00
 -12276.83  6294.0625  1.08978e+00  1.17479e+00  1.08978e+00  0.00000e+00
 -12248.28  6294.6875  1.01464e+00  1.04136e+00  1.01465e+00  0.00000e+00
 -12219.73  6295.3125  9.10302e-01  8.18841e-01  9.10297e-01  0.00000e+00
 -12191.18  6295.9375  9.29560e-01  8.90415e-01  9.29551e-01  0.00000e+00
 -12162.63  6296.5625  9.95806e-01  1.09531e+00  9.95803e-01  0.00000e+00
 -12134.07  6297.1875  9.68591e-01  9.53051e-01  9.68603e-01  0.00000e+00
 -12105.52  6297.8125  9.53510e-01  8.63162e-01  9.53513e-01  0.00000e+00
 -12076.97  6298.4375  9.95701e-01  1.11581e+00  9.95687e-01  0.00000e+00
 -12048.42  6299.0625  9.97668e-01  8.91768e-01  9.97649e-01  0.00000e+00
 -12019.87  6299.6875  1.06806e+00  1.06680e+00  1.06803e+00  0.00000e+00
 -11991.32  6300.3125  1.13857e+00  1.24588e+00  1.13853e+00  0.00000e+00
 -11962.77  6300.9375  1.12116e+00  1.02850e+00  1.12112e+00  0.00000e+00
 -11934.22  6301.5625  1.07564e+00  1.22865e+00  1.07561e+00  0.00000e+00
 -11905.67  6302.1875  9.91224e-01  8.00433e-01  9.91201e-01  0.00000e+00
 -11877.12  6302.8125  1.00953e+00  1.11064e+00  1.00950e+00  0.00000e+00
 -11848.56  6303.4375  9.90627e-01  1.01604e+00  9.90598e-01  0.00000e+00
 -11820.01  6304.0625  9.33302e-01  8.51644e-01  9.33302e-01  0.00000e+00
 -11791.46  6304.6875  9.75612e-01  9.55832e-01  9.75649e-01  0.00000e+00
 -11762.91  6305.3125  1.05193e+00  1.12078e+00  1.05195e+00  0.00000e+00
 -11734.36  6305.9375  1.05857e+00  1.04630e+00  1.05857e+00  0.00000e+00
 -11705.81  6306.5625  1.03736e+00  1.03840e+00  1.03735e+00  0.00000e+00
 -11677.26  6307.1875  9.88001e-01  1.04841e+00  9.87986e-01  0.00000e+00
 -11648.71  6307.8125  9.37663e-01  7.99719e-01  9.37656e-01  0.00000e+00
 -11620.16  6308.4375  9.61103e-01  1.08322e+00  9.61107e-01  0.00000e+00
 -11591.60  6309.0625  9.18878e-01  8.98184e-01  9.18880e-01  0.00000e+00
 -11563.05  6309.6875  8.83481e-01  7.97225e-01  8.83477e-01  0.00000e+00
 -11534.50  6310.3125  9.12889e-01  1.01629e+00  9.12875e-01  0.00000e+00
 -11505.95  6310.9375  9.28208e-01  8.07131e-01  9.28193e-01  0.00000e+00
 -11477.40  6311.5625  9.88251e-01  1.07943e+00  9.88231e-01  0.00000e+00
 -11448.85  6312.1875  9.78257e-01  1.01611e+00  9.78220e-01  0.00000e+00
 -11420.30  6312.8125  9.49356e-01  8.08751e-01  9.49322e-01  0.00000e+00
 -11391.75  6313.4375  1.03152e+00  1.11239e+00  1.03150e+00  0.00000e+00
 -11363.20  6314.0625  1.06860e+00  1.10700e+00  1.06860e+00  0.00000e+00
 -11334.65  6314.6875  1.04363e+00  9.87350e-01  1.04365e+00  0.00000e+00
 -11306.09  6315.3125  1.05593e+00  1.07320e+00  1.05595e+00  0.00000e+00
 -11277.54  6315.9375  1.05649e+00  1.09254e+00  1.05651e+00  0.00000e+00
 -11248.99  6316.5625  1.00089e+00  9.99139e-01  1.00089e+00  0.00000e+00
 -11220.44  6317.1875  9.21663e-01  9.31765e-01  9.21638e-01  0.00000e+00
 -11191.89  6317.8125  8.72846e-01  7.95289e-01  8.72828e-01  0.00000e+00
 -11163.34  6318.4375  8.73792e-01  9.60246e-01  8.73785e-01  0.00000e+00
 -11134.79  6319.0625  8.87966e-01  7.48468e-01  8.87968e-01  0.00000e+00
 -11106.24  6319.6875  9.81163e-01  1.07145e+00  9.81186e-01  0.00000e+00
 -11077.69  6320.3125  9.95621e-01  1.06617e+00  9.95666e-01  0.00000e+00
 -11049.14  6320.9375  9.15348e-01  8.30034e-01  9.15380e-01  0.00000e+00
 -11020.58  6321.5625  8.66456e-01  9.30642e-01  8.66470e-01  0.00000e+00
 -10992.03  6322.1875  8.35284e-01  7.51755e-01  8.35298e-01  0.00000e+00
 -10963.48  6322.8125  9.20103e-01  8.41937e-01  9.20118e-01  0.00000e+00
 -10934.93  6323.4375  1.03159e+00  1.24199e+00  1.03160e+00  0.00000e+00
 -10906.38  6324.0625  9.48860e-01  8.93671e-01  9.48864e-01  0.00000e+00
 -10877.83  6324.6875  8.70225e-01  7.79314e-01  8.70234e-01  0.00000e+00
 -10849.28  6325.3125  9.40514e-01  9.31409e-01  9.40535e-01  0.00000e+00
 -10820.73  6325.9375  1.00159e+00  1.13580e+00  1.00160e+00  0.00000e+00
 -10792.18  6326.5625  9.44799e-01  8.59814e-01  9.44804e-01  0.00000e+00
 -10763.62  6327.1875  9.38379e-01  9.01998e-01  9.38375e-01  0.00000e+00
 -10735.07  6327.8125  9.59469e-01  1.07463e+00  9.59462e-01  0.00000e+00
 -10706.52  6328.4375  8.81188e-01  8.32564e-01  8.81178e-01  0.00000e+00
 -10677.97  6329.0625  8.02106e-01  8.02591e-01  8.02073e-01  0.00000e+00
 -10649.42  6329.6875  8.10276e-01  7.05110e-01  8.10232e-01  0.00000e+00
 -10620.87  6330.3125  9.25964e-01  9.80189e-01  9.25936e-01  0.00000e+00
 -10592.32  6330.9375  1.00708e+00  1.05143e+00  1.00707e+00  0.00000e+00
 -10563.77  6331.5625  1.01698e+00  9.86428e-01  1.01698e+00  0.00000e+00
 -10535.22  6332.1875  1.02430e+00  1.05166e+00  1.02431e+00  0.00000e+00
 -10506.67  6332.8125  1.04860e+00  9.85980e-01  1.04860e+00  0.00000e+00
 -10478.11  6333.4375  1.10612e+00  1.16242e+00  1.10613e+00  0.00000e+00
 -10449.56  6334.0625  1.10993e+00  1.13389e+00  1.10994e+00  0.00000e+00
 -10421.01  6334.6875  1.03802e+00  1.06337e+00  1.03801e+00  0.00000e+00
 -10392.46  6335.3125  9.83542e-01  8.70430e-01  9.83529e-01  0.00000e+00
 -10363.91  6335.9375  1.04331e+00  1.07440e+00  1.04333e+00  0.00000e+00
 -10335.36  6336.5625  1.08962e+00  1.15197e+00  1.08965e+00  0.00000e+00
 -10306.81  6337.1875  1.01371e+00  1.06272e+00  1.01374e+00  0.00000e+00
 -10278.26  6337.8125  9.33796e-01  7.60171e-01  9.33813e-01  0.00000e+00
 -10249.71  6338.4375  9.67021e-01  1.11325e+00  9.67038e-01  0.00000e+00
 -10221.16  6339.0625  9.46560e-01  8.87833e-01  9.46580e-01  0.00000e+00
 -10192.60  6339.6875  9.56402e-01  8.97125e-01  9.56408e-01  0.00000e+00
 -10164.05  6340.3125  1.04839e+00  1.08784e+00  1.04839e+00  0.00000e+00
 -10135.50  6340.9375  1.06526e+00  1.16994e+00  1.06528e+00  0.00000e+00
 -10106.95  6341.5625  9.78259e-01  8.85604e-01  9.78257e-01  0.00000e+00
 -10078.40  6342.1875  9.71757e-01  9.27068e-01  9.71741e-01  0.00000e+00
 -10049.85  6342.8125  9.93487e-01  1.14478e+00  9.93485e-01  0.00000e+00
 -10021.30  6343.4375  9.68146e-01  7.51865e-01  9.68152e-01  0.00000e+00
  -9992.75  6344.0625  1.02570e+00  1.22305e+00  1.02569e+00  0.00000e+00
  -9964.20  6344.6875  1.02471e+00  8.90540e-01  1.02470e+00  0.00000e+00
  -9935.65  6345.3125  1.03788e+00  1.12419e+00  1.03786e+00  0.00000e+00
  -9907.09  6345.9375  1.01821e+00  1.01289e+00  1.01821e+00  0.00000e+00
  -9878.54  6346.5625  1.03084e+00  9.00856e-01  1.03086e+00  0.00000e+00
  -9849.99  6347.1875  1.10572e+00  1.29176e+00  1.10576e+00  0.00000e+00
  -9821.44  6347.8125  1.04226e+00  9.93197e-01  1.04230e+00  0.00000e+00
  -9792.89  6348.4375  9.54568e-01  9.23521e-01  9.54593e-01  0.00000e+00
  -9764.34  6349.0625  9.28805e-01  9.29548e-01  9.28818e-01  0.00000e+00
  -9735.79  6349.6875  8.88130e-01  9.54930e-01  8.88139e-01  0.00000e+00
  -9707.24  6350.3125  8.62366e-01  6.88139e-01  8.62384e-01  0.00000e+00
  -9678.69  6350.9375  9.88285e-01  1.05340e+00  9.88295e-01  0.00000e+00
  -9650.13  6351.5625  1.11158e+00  1.13993e+00  1.11158e+00  0.00000e+00
  -9621.58  6352.1875  1.12433e+00  1.18865e+00  1.12431e+00  0.00000e+00
  -9593.03  6352.8125  1.03032e+00  1.03048e+00  1.03032e+00  0.00000e+00
  -9564.48  6353.4375  8.83849e-01  9.10161e-01  8.83872e-01  0.00000e+00
  -9535.93  6354.0625  7.69573e-01  6.57750e-01  7.69599e-01  0.00000e+00
  -9507.38  6354.6875  8.13287e-01  7.69123e-01  8.13311e-01  0.00000e+00
  -9478.83  6355.3125  9.32767e-01  1.00993e+00  9.32778e-01  0.00000e+00
  -9450.28  6355.9375  9.27941e-01  1.02153e+00  9.27946e-01  0.00000e+00
  -9421.73  6356.5625  8.45492e-01  6.91101e-01  8.45493e-01  0.00000e+00
  -9393.18  6357.1875  8.92130e-01  9.18348e-01  8.92112e-01  0.00000e+00
  -9364.62  6357.8125  9.67459e-01  1.01637e+00  9.67440e-01  0.00000e+00
  -9336.07  6358.4375  1.00623e+00  9.35502e-01  1.00623e+00  0.00000e+00
  -9307.52  6359.0625  1.04285e+00  1.15057e+00  1.04286e+00  0.00000e+00
  -9278.97  6359.6875  9.76876e-01  9.81383e-01  9.76868e-01  0.00000e+00
  -9250.42  6360.3125  8.90029e-01  8.11113e-01  8.90021e-01  0.00000e+00
  -9221.87  6360.9375  9.07788e-01  8.99325e-01  9.07797e-01  0.00000e+00
  -9193.32  6361.5625  9.88491e-01  9.78420e-01  9.88498e-01  0.00000e+00
  -9164.77  6362.1875  1.04678e+00  1.12050e+00  1.04678e+00  0.00000e+00
  -9136.22  6362.8125  1.03988e+00  9.98455e-01  1.03986e+00  0.00000e+00
  -9107.67  6363.4375  1.07042e+00  1.02034e+00  1.07039e+00  0.00000e+00
  -9079.11  6364.0625  1.12161e+00  1.23772e+00  1.12160e+00  0.00000e+00
  -9050.56  6364.6875  1.07646e+00  1.03105e+00  1.07646e+00  0.00000e+00
  -9022.01  6365.3125  1.01821e+00  1.03313e+00  1.01821e+00  0.00000e+00
  -8993.46  6365.9375  1.03214e+00  9.10677e-01  1.03217e+00  0.00000e+00
  -8964.91  6366.5625  1.10737e+00  1.26598e+00  1.10740e+00  0.00000e+00
  -8936.36  6367.1875  1.09217e+00  1.01073e+00  1.09219e+00  0.00000e+00
  -8907.81  6367.8125  1.07466e+00  1.10863e+00  1.07469e+00  0.00000e+00
  -8879.26  6368.4375  1.08178e+00  1.03244e+00  1.08182e+00  0.00000e+00
  -8850.71  6369.0625  1.06776e+00  1.18627e+00  1.06779e+00  0.00000e+00
  -8822.15  6369.6875  9.72499e-01  8.93548e-01  9.72515e-01  0.00000e+00
  -8793.60  6370.3125  9.23905e-01  9.07517e-01  9.23919e-01  0.00000e+00
  -8765.05  6370.9375  9.64636e-01  9.21709e-01  9.64652e-01  0.00000e+00
  -8736.50  6371.5625  1.02698e+00  1.10681e+00  1.02700e+00  0.00000e+00
  -8707.95  6372.1875  1.01084e+00  1.00943e+00  1.01085e+00  0.00000e+00
  -8679.40  6372.8125  9.64865e-01  9.39003e-01  9.64862e-01  0.00000e+00
  -8650.85  6373.4375  9.46193e-01  9.55496e-01  9.46183e-01  0.00000e+00
  -8622.30  6374.0625  9.37249e-01  9.28276e-01  9.37227e-01  0.00000e+00
  -8593.75  6374.6875  9.48538e-01  9.25871e-01  9.48530e-01  0.00000e+00
  -8565.20  6375.3125  9.83523e-01  1.00343e+00  9.83537e-01  0.00000e+00
  -8536.64  6375.9375  1.01330e+00  1.00072e+00  1.01332e+00  0.00000e+00
  -8508.09  6376.5625  1.04307e+00  1.05268e+00  1.04310e+00  0.00000e+00
  -8479.54  6377.1875  1.07347e+00  1.06185e+00  1.07348e+00  0.00000e+00
  -8450.99  6377.8125  1.09980e+00  1.12037e+00  1.09977e+00  0.00000e+00
  -8422.44  6378.4375  1.07044e+00  1.12634e+00  1.07040e+00  0.00000e+00
  -8393.89  6379.0625  9.47084e-01  9.67517e-01  9.47069e-01  0.00000e+00
  -8365.34  6379.6875  8.55062e-01  6.99299e-01  8.55064e-01  0.00000e+00
  -8336.79  6380.3125  9.24964e-01  9.72148e-01  9.24984e-01  0.00000e+00
  -8308.24  6380.9375  9.68884e-01  1.06549e+00  9.68918e-01  0.00000e+00
  -8279.69  6381.5625  8.96049e-01  8.40520e-01  8.96068e-01  0.00000e+00
  -8251.13  6382.1875  8.67980e-01  8.10912e-01  8.67979e-01  0.00000e+00
  -8222.58  6382.8125  8.89365e-01  9.90040e-01  8.89357e-01  0.00000e+00
  -8194.03  6383.4375  8.76146e-01  7.68092e-01  8.76146e-01  0.00000e+00
  -8165.48  6384.0625  9.05506e-01  9.77287e-01  9.05513e-01  0.00000e+00
  -8136.93  6384.6875  9.27053e-01  8.85724e-01  9.27044e-01  0.00000e+00
  -8108.38  6385.3125  9.73474e-01  9.54808e-01  9.73456e-01  0.00000e+00
  -8079.83  6385.9375  1.02980e+00  1.08885e+00  1.02977e+00  0.00000e+00
  -8051.28  6386.5625  9.96227e-01  1.04123e+00  9.96198e-01  0.00000e+00
  -8022.73  6387.1875  9.32810e-01  8.25834e-01  9.32805e-01  0.00000e+00
  -7994.17  6387.8125  9.83781e-01  9.74142e-01  9.83777e-01  0.00000e+00
  -7965.62  6388.4375  1.02416e+00  1.17296e+00  1.02415e+00  0.00000e+00
  -7937.07  6389.0625  9.38427e-01  8.35929e-01  9.38436e-01  0.00000e+00
  -7908.52  6389.6875  9.15439e-01  8.87697e-01  9.15460e-01  0.00000e+00
  -7879.97  6390.3125  9.75939e-01  9.95428e-01  9.75955e-01  0.00000e+00
  -7851.42  6390.9375  1.03446e+00  1.01926e+00  1.03447e+00  0.00000e+00
  -7822.87  6391.5625  1.00865e+00  1.17200e+00  1.00865e+00  0.00000e+00
  -7794.32  6392.1875  8.77814e-01  7.03814e-01  8.77817e-01  0.00000e+00
  -7765.77  6392.8125  8.64403e-01  8.94275e-01  8.64398e-01  0.00000e+00
  -7737.22  6393.4375  9.40981e-01  8.88362e-01  9.40950e-01  0.00000e+00
  -7708.66  6394.0625  1.03488e+00  1.10449e+00  1.03483e+00  0.00000e+00
  -7680.11  6394.6875  1.08221e+00  1.04773e+00  1.08218e+00  0.00000e+00
  -7651.56  6395.3125  1.04689e+00  1.19803e+00  1.04689e+00  0.00000e+00
  -7623.01  6395.9375  8.99296e-01  7.86110e-01  8.99298e-01  0.00000e+00
  -7594.46  6396.5625  8.52463e-01  7.84698e-01  8.52461e-01  0.00000e+00
  -7565.91  6397.1875  9.41445e-01  9.72321e-01  9.41422e-01  0.00000e+00
  -7537.36  6397.8125  1.04154e+00  1.02986e+00  1.04150e+00  0.00000e+00
  -7508.81  6398.4375  1.13099e+00  1.13802e+00  1.13093e+00  0.00000e+00
  -7480.26  6399.0625  1.13366e+00  1.28069e+00  1.13362e+00  0.00000e+00
  -7451.71  6399.6875  1.04247e+00  8.64595e-01  1.04247e+00  0.00000e+00
  -7423.15  6400.3125  1.06853e+00  1.12004e+00  1.06855e+00  0.00000e+00
  -7394.60  6400.9375  1.13295e+00  1.12227e+00  1.13298e+00  0.00000e+00
  -7366.05  6401.5625  1.14198e+00  1.21827e+00  1.14199e+00  0.00000e+00
  -7337.50  6402.1875  1.08680e+00  1.03098e+00  1.08679e+00  0.00000e+00
  -7308.95  6402.8125  1.05151e+00  1.06836e+00  1.05150e+00  0.00000e+00
  -7280.40  6403.4375  1.04114e+00  1.00728e+00  1.04113e+00  0.00000e+00
  -7251.85  6404.0625  9.97788e-01  1.12370e+00  9.97774e-01  0.00000e+00
  -7223.30  6404.6875  9.18256e-01  7.26571e-01  9.18244e-01  0.00000e+00
  -7194.75  6405.3125  9.37200e-01  1.07133e+00  9.37183e-01  0.00000e+00
  -7166.19  6405.9375  8.88520e-01  8.99310e-01  8.88513e-01  0.00000e+00
  -7137.64  6406.5625  8.54125e-01  6.79291e-01  8.54121e-01  0.00000e+00
  -7109.09  6407.1875  9.84189e-01  1.07127e+00  9.84171e-01  0.00000e+00
  -7080.54  6407.8125  1.01970e+00  1.16269e+00  1.01969e+00  0.00000e+00
  -7051.99  6408.4375  8.70856e-01  7.88509e-01  8.70852e-01  0.00000e+00
  -7023.44  6409.0625  8.12811e-01  6.95996e-01  8.12804e-01  0.00000e+00
  -6994.89  6409.6875  9.43896e-01  9.56111e-01  9.43874e-01  0.00000e+00
  -6966.34  6410.3125  1.03823e+00  1.19326e+00  1.03820e+00  0.00000e+00
  -6937.79  6410.9375  9.29309e-01  9.25114e-01  9.29272e-01  0.00000e+00
  -6909.24  6411.5625  8.28406e-01  6.70392e-01  8.28380e-01  0.00000e+00
  -6880.68  6412.1875  9.44967e-01  9.19805e-01  9.44971e-01  0.00000e+00
  -6852.13  6412.8125  1.07698e+00  1.26914e+00  1.07698e+00  0.00000e+00
  -6823.58  6413.4375  1.01504e+00  9.47369e-01  1.01502e+00  0.00000e+00
  -6795.03  6414.0625  9.50212e-01  9.12935e-01  9.50187e-01  0.00000e+00
  -6766.48  6414.6875  9.76249e-01  9.66164e-01  9.76218e-01  0.00000e+00
  -6737.93  6415.3125  1.04478e+00  1.03933e+00  1.04475e+00  0.00000e+00
  -6709.38  6415.9375  1.13029e+00  1.12132e+00  1.13026e+00  0.00000e+00
  -6680.83  6416.5625  1.17679e+00  1.26641e+00  1.17674e+00  0.00000e+00
  -6652.28  6417.1875  1.10820e+00  1.11121e+00  1.10817e+00  0.00000e+00
  -6623.73  6417.8125  9.99178e-01  9.72523e-01  9.99164e-01  0.00000e+00
  -6595.17  6418.4375  9.52989e-01  9.02952e-01  9.52981e-01  0.00000e+00
  -6566.62  6419.0625  1.00715e+00  9.69200e-01  1.00714e+00  0.00000e+00
  -6538.07  6419.6875  1.04462e+00  1.21402e+00  1.04458e+00  0.00000e+00
  -6509.52  6420.3125  9.55885e-01  8.28823e-01  9.55852e-01  0.00000e+00
  -6480.97  6420.9375  9.03019e-01  9.56408e-01  9.03001e-01  0.00000e+00
  -6452.42  6421.5625  8.61142e-01  8.46820e-01  8.61122e-01  0.00000e+00
  -6423.87  6422.1875  8.43682e-01  7.85711e-01  8.43660e-01  0.00000e+00
  -6395.32  6422.8125  8.76211e-01  9.34409e-01  8.76188e-01  0.00000e+00
  -6366.77  6423.4375  8.87895e-01  8.51285e-01  8.87879e-01  0.00000e+00
  -6338.21  6424.0625  8.97110e-01  9.29182e-01  8.97095e-01  0.00000e+00
  -6309.66  6424.6875  9.14060e-01  8.64099e-01  9.14047e-01  0.00000e+00
  -6281.11  6425.3125  9.69222e-01  9.78642e-01  9.69223e-01  0.00000e+00
  -6252.56  6425.9375  9.60543e-01  1.09784e+00  9.60544e-01  0.00000e+00
  -6224.01  6426.5625  8.28992e-01  7.30402e-01  8.28994e-01  0.00000e+00
  -6195.46  6427.1875  8.20360e-01  6.88166e-01  8.20354e-01  0.00000e+00
  -6166.91  6427.8125  9.50615e-01  1.10703e+00  9.50597e-01  0.00000e+00
  -6138.36  6428.4375  9.90858e-01  9.32601e-01  9.90844e-01  0.00000e+00
  -6109.81  6429.0625  1.00749e+00  1.02080e+00  1.00747e+00  0.00000e+00
  -6081.26  6429.6875  9.94319e-01  1.06600e+00  9.94316e-01  0.00000e+00
  -6052.70  6430.3125  9.08881e-01  8.62125e-01  9.08884e-01  0.00000e+00
  -6024.15  6430.9375  8.54317e-01  8.30767e-01  8.54313e-01  0.00000e+00
  -5995.60  6431.5625  8.32790e-01  8.79232e-01  8.32789e-01  0.00000e+00
  -5967.05  6432.1875  8.32016e-01  7.20167e-01  8.32027e-01  0.00000e+00
  -5938.50  6432.8125  9.28099e-01  9.65800e-01  9.28124e-01  0.00000e+00
  -5909.95  6433.4375  1.00848e+00  1.06549e+00  1.00850e+00  0.00000e+00
  -5881.40  6434.0625  1.03588e+00  9.57484e-01  1.03590e+00  0.00000e+00
  -5852.85  6434.6875  1.04601e+00  1.19710e+00  1.04601e+00  0.00000e+00
  -5824.30  6435.3125  1.00328e+00  8.28800e-01  1.00328e+00  0.00000e+00
  -5795.75  6435.9375  1.04817e+00  1.13908e+00  1.04815e+00  0.00000e+00
  -5767.19  6436.5625  1.05865e+00  1.08656e+00  1.05862e+00  0.00000e+00
  -5738.64  6437.1875  1.03507e+00  9.44702e-01  1.03504e+00  0.00000e+00
  -5710.09  6437.8125  1.07004e+00  1.14197e+00  1.07005e+00  0.00000e+00
  -5681.54  6438.4375  1.09421e+00  1.04028e+00  1.09422e+00  0.00000e+00
  -5652.99  6439.0625  1.11879e+00  1.17033e+00  1.11877e+00  0.00000e+00
  -5624.44  6439.6875  1.11729e+00  1.10055e+00  1.11727e+00  0.00000e+00
  -5595.89  6440.3125  1.14571e+00  1.07952e+00  1.14570e+00  0.00000e+00
  -5567.34  6440.9375  1.21107e+00  1.31049e+00  1.21107e+00  0.00000e+00
  -5538.79  6441.5625  1.18940e+00  1.17771e+00  1.18940e+00  0.00000e+00
  -5510.24  6442.1875  1.09237e+00  1.15314e+00  1.09235e+00  0.00000e+00
  -5481.68  6442.8125  9.94383e-01  8.67342e-01  9.94372e-01  0.00000e+00
  -5453.13  6443.4375  1.01500e+00  1.03790e+00  1.01498e+00  0.00000e+00
  -5424.58  6444.0625  1.06300e+00  1.09020e+00  1.06298e+00  0.00000e+00
  -5396.03  6444.6875  1.05979e+00  1.07305e+00  1.05979e+00  0.00000e+00
  -5367.48  6445.3125  1.07055e+00  9.86674e-01  1.07054e+00  0.00000e+00
  -5338.93  6445.9375  1.15193e+00  1.20519e+00  1.15191e+00  0.00000e+00
  -5310.38  6446.5625  1.20129e+00  1.21449e+00  1.20130e+00  0.00000e+00
  -5281.83  6447.1875  1.14800e+00  1.24609e+00  1.14801e+00  0.00000e+00
  -5253.28  6447.8125  1.03087e+00  9.04315e-01  1.03088e+00  0.00000e+00
  -5224.72  6448.4375  1.02631e+00  1.01992e+00  1.02631e+00  0.00000e+00
  -5196.17  6449.0625  1.09428e+00  1.10925e+00  1.09427e+00  0.00000e+00
  -5167.62  6449.6875  1.13474e+00  1.15682e+00  1.13474e+00  0.00000e+00
  -5139.07  6450.3125  1.09376e+00  1.16449e+00  1.09377e+00  0.00000e+00
  -5110.52  6450.9375  9.59069e-01  9.43819e-01  9.59073e-01  0.00000e+00
  -5081.97  6451.5625  8.96001e-01  7.35773e-01  8.95995e-01  0.00000e+00
  -5053.42  6452.1875  1.00619e+00  1.08250e+00  1.00618e+00  0.00000e+00
  -5024.87  6452.8125  1.08583e+00  1.12887e+00  1.08583e+00  0.00000e+00
  -4996.32  6453.4375  1.06247e+00  1.07253e+00  1.06247e+00  0.00000e+00
  -4967.77  6454.0625  1.02515e+00  9.75182e-01  1.02515e+00  0.00000e+00
  -4939.21  6454.6875  1.00678e+00  1.07028e+00  1.00676e+00  0.00000e+00
  -4910.66  6455.3125  9.12485e-01  9.58217e-01  9.12440e-01  0.00000e+00
  -4882.11  6455.9375  8.41316e-01  6.40714e-01  8.41308e-01  0.00000e+00
  -4853.56  6456.5625  9.83907e-01  1.01509e+00  9.83915e-01  0.00000e+00
  -4825.01  6457.1875  1.11293e+00  1.26914e+00  1.11291e+00  0.00000e+00
  -4796.46  6457.8125  1.06322e+00  9.91003e-01  1.06318e+00  0.00000e+00
  -4767.91  6458.4375  9.89293e-01  1.03415e+00  9.89271e-01  0.00000e+00
  -4739.36  6459.0625  9.43435e-01  8.59292e-01  9.43420e-01  0.00000e+00
  -4710.81  6459.6875  9.53795e-01  1.01009e+00  9.53776e-01  0.00000e+00
  -4682.26  6460.3125  9.83627e-01  9.06449e-01  9.83623e-01  0.00000e+00
  -4653.70  6460.9375  1.05246e+00  1.10495e+00  1.05246e+00  0.00000e+00
  -4625.15  6461.5625  1.08630e+00  1.10667e+00  1.08631e+00  0.00000e+00
  -4596.60  6462.1875  1.10023e+00  1.03090e+00  1.10027e+00  0.00000e+00
  -4568.05  6462.8125  1.09799e+00  1.26117e+00  1.09800e+00  0.00000e+00
  -4539.50  6463.4375  9.99627e-01  8.63909e-01  9.99615e-01  0.00000e+00
  -4510.95  6464.0625  9.50700e-01  1.01273e+00  9.50703e-01  0.00000e+00
  -4482.40  6464.6875  9.40882e-01  8.63286e-01  9.40890e-01  0.00000e+00
  -4453.85  6465.3125  9.62444e-01  1.02758e+00  9.62445e-01  0.00000e+00
  -4425.30  6465.9375  9.52209e-01  9.39714e-01  9.52212e-01  0.00000e+00
  -4396.74  6466.5625  9.68758e-01  8.87020e-01  9.68747e-01  1.04285e-09
  -4368.19  6467.1875  1.04780e+00  1.13171e+00  1.04777e+00  1.00169e-07
  -4339.64  6467.8125  1.04719e+00  1.07734e+00  1.04720e+00  2.61104e-06
  -4311.09  6468.4375  9.66692e-01  9.51786e-01  9.66694e-01  1.84751e-05
  -4282.54  6469.0625  8.84215e-01  8.89835e-01  8.84190e-01  3.59633e-05
  -4253.99  6469.6875  8.52110e-01  7.69296e-01  8.52090e-01  3.17254e-05
  -4225.44  6470.3125  9.14716e-01  9.35597e-01  9.14638e-01  9.70469e-05
  -4196.89  6470.9375  9.96180e-01  1.00318e+00  9.96011e-01  1.98947e-04
  -4168.34  6471.5625  1.07169e+00  1.04647e+00  1.07148e+00  2.30927e-04
  -4139.79  6472.1875  1.13729e+00  1.19913e+00  1.13703e+00  2.99471e-04
  -4111.23  6472.8125  1.12090e+00  1.14707e+00  1.12073e+00  2.07772e-04
  -4082.68  6473.4375  1.05276e+00  1.01663e+00  1.05264e+00  1.62162e-04
  -4054.13  6474.0625  9.83798e-01  1.04033e+00  9.83612e-01  2.50944e-04
  -4025.58  6474.6875  9.22485e-01  8.21983e-01  9.22227e-01  3.35316e-04
  -3997.03  6475.3125  9.71215e-01  9.50664e-01  9.70856e-01  4.44822e-04
  -3968.48  6475.9375  1.04211e+00  1.14928e+00  1.04194e+00  2.24382e-04
  -3939.93  6476.5625  1.00225e+00  9.77704e-01  1.00222e+00  3.93667e-05
  -3911.38  6477.1875  9.55407e-01  9.11156e-01  9.55342e-01  7.04524e-05
  -3882.83  6477.8125  9.46663e-01  1.00360e+00  9.46468e-01  2.45636e-04
  -3854.28  6478.4375  9.36220e-01  8.63760e-01  9.35863e-01  4.50988e-04
  -3825.72  6479.0625  1.01817e+00  9.58207e-01  1.01765e+00  6.43308e-04
  -3797.17  6479.6875  1.09402e+00  1.31491e+00  1.09327e+00  8.93542e-04
  -3768.62  6480.3125  1.02081e+00  8.42363e-01  1.02010e+00  8.11428e-04
  -3740.07  6480.9375  1.02709e+00  1.06948e+00  1.02664e+00  4.78835e-04
  -3711.52  6481.5625  1.06043e+00  1.08663e+00  1.06001e+00  4.75017e-04
  -3682.97  6482.1875  1.01613e+00  1.05787e+00  1.01567e+00  5.54882e-04
  -3654.42  6482.8125  9.43212e-01  8.72705e-01  9.42698e-01  6.30399e-04
  -3625.87  6483.4375  9.69313e-01  9.13138e-01  9.68866e-01  5.43650e-04
  -3597.32  6484.0625  1.04943e+00  1.15000e+00  1.04925e+00  2.19580e-04
  -3568.76  6484.6875  1.01482e+00  1.04989e+00  1.01473e+00  7.56118e-05
  -3540.21  6485.3125  9.48822e-01  8.20253e-01  9.48660e-01  1.59470e-04
  -3511.66  6485.9375  9.67912e-01  1.06882e+00  9.67697e-01  2.35846e-04
  -3483.11  6486.5625  9.21401e-01  9.38008e-01  9.21218e-01  2.01867e-04
  -3454.56  6487.1875  8.40326e-01  7.70919e-01  8.40009e-01  3.62399e-04
  -3426.01  6487.8125  8.76003e-01  8.07004e-01  8.75472e-01  6.11210e-04
  -3397.46  6488.4375  9.66751e-01  1.09615e+00  9.66473e-01  3.33718e-04
  -3368.91  6489.0625  9.31401e-01  9.33689e-01  9.31273e-01  1.93761e-04
  -3340.36  6489.6875  8.85778e-01  7.68582e-01  8.85429e-01  4.47302e-04
  -3311.81  6490.3125  9.55642e-01  1.01385e+00  9.55072e-01  6.82557e-04
  -3283.25  6490.9375  1.01178e+00  1.01783e+00  1.01120e+00  6.91856e-04
  -3254.70  6491.5625  9.71079e-01  1.07412e+00  9.70703e-01  4.59830e-04
  -3226.15  6492.1875  8.81643e-01  7.21932e-01  8.81484e-01  1.94130e-04
  -3197.60  6492.8125  8.97192e-01  9.70563e-01  8.96948e-01  2.87123e-04
  -3169.05  6493.4375  8.97405e-01  9.22796e-01  8.96816e-01  7.01025e-04
  -3140.50  6494.0625  8.99054e-01  7.70036e-01  8.98329e-01  8.57455e-04
  -3111.95  6494.6875  9.85292e-01  1.10143e+00  9.84811e-01  5.69301e-04
  -3083.40  6495.3125  1.01548e+00  9.82386e-01  1.01521e+00  3.17539e-04
  -3054.85  6495.9375  1.03476e+00  1.00755e+00  1.03438e+00  4.58253e-04
  -3026.30  6496.5625  1.02036e+00  1.17216e+00  1.01960e+00  8.98100e-04
  -2997.74  6497.1875  9.27350e-01  7.46804e-01  9.26292e-01  1.23666e-03
  -2969.19  6497.8125  9.20602e-01  1.02540e+00  9.19784e-01  9.43802e-04
  -2940.64  6498.4375  8.86999e-01  8.76952e-01  8.86123e-01  1.03376e-03
  -2912.09  6499.0625  8.53664e-01  7.80906e-01  8.52684e-01  1.18192e-03
  -2883.54  6499.6875  9.17161e-01  9.17737e-01  9.16308e-01  1.02499e-03
  -2854.99  6500.3125  9.84284e-01  1.05206e+00  9.83530e-01  8.96178e-04
  -2826.44  6500.9375  9.74928e-01  9.53161e-01  9.74157e-01  9.11936e-04
  -2797.89  6501.5625  9.37815e-01  9.68028e-01  9.36282e-01  1.80391e-03
  -2769.34  6502.1875  9.25120e-01  8.37014e-01  9.22643e-01  2.92820e-03
  -2740.78  6502.8125  1.00869e+00  1.00892e+00  1.00619e+00  2.98997e-03
  -2712.23  6503.4375  1.07559e+00  1.19002e+00  1.07363e+00  2.36968e-03
  -2683.68  6504.0625  1.00904e+00  9.84819e-01  1.00695e+00  2.49050e-03
  -2655.13  6504.6875  9.42070e-01  8.83035e-01  9.39537e-01  2.99306e-03
  -2626.58  6505.3125  9.80293e-01  9.51748e-01  9.78111e-01  2.58832e-03
  -2598.03  6505.9375  1.05007e+00  1.11696e+00  1.04865e+00  1.69417e-03
  -2569.48  6506.5625  1.01095e+00  1.08509e+00  1.00894e+00  2.37693e-03
  -2540.93  6507.1875  9.43982e-01  7.56799e-01  9.40871e-01  3.67873e-03
  -2512.38  6507.8125  1.02776e+00  1.11185e+00  1.02419e+00  4.24307e-03
  -2483.83  6508.4375  1.08621e+00  1.12126e+00  1.08238e+00  4.53697e-03
  -2455.27  6509.0625  1.00191e+00  1.09215e+00  9.98148e-01  4.46682e-03
  -2426.72  6509.6875  8.43070e-01  7.28320e-01  8.38975e-01  4.87421e-03
  -2398.17  6510.3125  7.91855e-01  7.72810e-01  7.87312e-01  5.39271e-03
  -2369.62  6510.9375  8.10746e-01  8.50815e-01  8.05840e-01  5.81291e-03
  -2341.07  6511.5625  8.28460e-01  7.64319e-01  8.22726e-01  6.78795e-03
  -2312.52  6512.1875  8.72886e-01  9.33196e-01  8.66454e-01  7.61153e-03
  -2283.97  6512.8125  9.00093e-01  8.53803e-01  8.91631e-01  1.00222e-02
  -2255.42  6513.4375  9.17491e-01  9.84525e-01  9.07905e-01  1.13486e-02
  -2226.87  6514.0625  9.28655e-01  8.27994e-01  9.21135e-01  8.88825e-03
  -2198.32  6514.6875  9.64846e-01  1.08196e+00  9.57958e-01  8.14573e-03
  -2169.76  6515.3125  9.20905e-01  8.94495e-01  9.11963e-01  1.06061e-02
  -2141.21  6515.9375  8.69725e-01  8.27701e-01  8.58769e-01  1.30048e-02
  -2112.66  6516.5625  8.80880e-01  8.90725e-01  8.70159e-01  1.27170e-02
  -2084.11  6517.1875  9.10720e-01  9.03268e-01  8.99820e-01  1.29179e-02
  -2055.56  6517.8125  9.50045e-01  9.36995e-01  9.38360e-01  1.38458e-02
  -2027.01  6518.4375  9.51405e-01  1.05650e+00  9.39077e-01  1.45974e-02
  -1998.46  6519.0625  8.99573e-01  7.68389e-01  8.85690e-01  1.64191e-02
  -1969.91  6519.6875  9.41784e-01  9.67479e-01  9.25245e-01  1.95515e-02
  -1941.36  6520.3125  9.86588e-01  1.05170e+00  9.67498e-01  2.25793e-02
  -1912.80  6520.9375  9.43336e-01  9.31122e-01  9.22402e-01  2.47647e-02
  -1884.25  6521.5625  9.27223e-01  8.44488e-01  9.05130e-01  2.61299e-02
  -1855.70  6522.1875  1.03972e+00  1.01064e+00  1.01656e+00  2.73969e-02
  -1827.15  6522.8125  1.15298e+00  1.30144e+00  1.12874e+00  2.86880e-02
  -1798.60  6523.4375  1.11206e+00  1.07281e+00  1.08527e+00  3.17173e-02
  -1770.05  6524.0625  1.03337e+00  1.03550e+00  1.00270e+00  3.63053e-02
  -1741.50  6524.6875  9.83792e-01  9.65682e-01  9.50635e-01  3.92147e-02
  -1712.95  6525.3125  9.86962e-01  9.34020e-01  9.52418e-01  4.08362e-02
  -1684.40  6525.9375  1.01211e+00  1.11958e+00  9.73217e-01  4.59796e-02
  -1655.85  6526.5625  1.02236e+00  8.56046e-01  9.81780e-01  4.79764e-02
  -1627.29  6527.1875  1.10053e+00  1.25336e+00  1.05901e+00  4.91015e-02
  -1598.74  6527.8125  1.11162e+00  1.04528e+00  1.06812e+00  5.14292e-02
  -1570.19  6528.4375  1.10796e+00  1.13213e+00  1.06147e+00  5.49760e-02
  -1541.64  6529.0625  1.08655e+00  1.12601e+00  1.03780e+00  5.76673e-02
  -1513.09  6529.6875  1.05889e+00  9.56964e-01  1.00431e+00  6.45594e-02
  -1484.54  6530.3125  1.08111e+00  1.18226e+00  1.02285e+00  6.88845e-02
  -1455.99  6530.9375  1.03512e+00  1.02792e+00  9.72061e-01  7.45511e-02
  -1427.44  6531.5625  9.71050e-01  9.18313e-01  9.00686e-01  8.32023e-02
  -1398.89  6532.1875  9.53478e-01  9.99321e-01  8.76797e-01  9.06807e-02
  -1370.34  6532.8125  9.67688e-01  8.70243e-01  8.83689e-01  9.93548e-02
  -1341.78  6533.4375  1.09903e+00  1.06825e+00  1.01221e+00  1.02686e-01
  -1313.23  6534.0625  1.22795e+00  1.39595e+00  1.13461e+00  1.10326e-01
  -1284.68  6534.6875  1.17815e+00  1.14426e+00  1.07033e+00  1.27465e-01
  -1256.13  6535.3125  1.11832e+00  1.03426e+00  9.98371e-01  1.41821e-01
  -1227.58  6535.9375  1.10453e+00  1.24927e+00  9.75909e-01  1.52073e-01
  -1199.03  6536.5625  1.06796e+00  8.69558e-01  9.25776e-01  1.68107e-01
  -1170.48  6537.1875  1.16055e+00  1.24031e+00  1.00419e+00  1.84881e-01
  -1141.93  6537.8125  1.22740e+00  1.28770e+00  1.05802e+00  2.00289e-01
  -1113.38  6538.4375  1.20227e+00  1.14995e+00  1.02095e+00  2.14410e-01
  -1084.83  6539.0625  1.18141e+00  1.22665e+00  9.83751e-01  2.33740e-01
  -1056.27  6539.6875  1.15855e+00  1.11176e+00  9.44752e-01  2.52827e-01
  -1027.72  6540.3125  1.17407e+00  1.17293e+00  9.44628e-01  2.71279e-01
   -999.17  6540.9375  1.22910e+00  1.20715e+00  9.76495e-01  2.98659e-01
   -970.62  6541.5625  1.27608e+00  1.34168e+00  9.98424e-01  3.28247e-01
   -942.07  6542.1875  1.25374e+00  1.24733e+00  9.51270e-01  3.57598e-01
   -913.52  6542.8125  1.22420e+00  1.18730e+00  8.93891e-01  3.90515e-01
   -884.97  6543.4375  1.26447e+00  1.23433e+00  9.08117e-01  4.21344e-01
   -856.42  6544.0625  1.37056e+00  1.36050e+00  9.89417e-01  4.50681e-01
   -827.87  6544.6875  1.45166e+00  1.54941e+00  1.05364e+00  4.70597e-01
   -799.31  6545.3125  1.43906e+00  1.39184e+00  1.02069e+00  4.94649e-01
   -770.76  6545.9375  1.45038e+00  1.41643e+00  9.97245e-01  5.35734e-01
   -742.21  6546.5625  1.51353e+00  1.54006e+00  1.02178e+00  5.81368e-01
   -713.66  6547.1875  1.51532e+00  1.59907e+00  9.91692e-01  6.19076e-01
   -685.11  6547.8125  1.44184e+00  1.35970e+00  8.81967e-01  6.61978e-01
   -656.56  6548.4375  1.45367e+00  1.40366e+00  8.57726e-01  7.04584e-01
   -628.01  6549.0625  1.52668e+00  1.61570e+00  8.83721e-01  7.60105e-01
   -599.46  6549.6875  1.54599e+00  1.49966e+00  8.50664e-01  8.22022e-01
   -570.91  6550.3125  1.63979e+00  1.52686e+00  8.95664e-01  8.79718e-01
   -542.36  6550.9375  1.84495e+00  1.94932e+00  1.05856e+00  9.29725e-01
   -513.80  6551.5625  1.95615e+00  1.99553e+00  1.13597e+00  9.69748e-01
   -485.25  6552.1875  1.93614e+00  1.96670e+00  1.07308e+00  1.02054e+00
   -456.70  6552.8125  1.85350e+00  1.85188e+00  9.36593e-01  1.08423e+00
   -428.15  6553.4375  1.83482e+00  1.69580e+00  8.72664e-01  1.13767e+00
   -399.60  6554.0625  1.94762e+00  2.03860e+00  9.48585e-01  1.18120e+00
   -371.05  6554.6875  2.04176e+00  2.01074e+00  1.01476e+00  1.21422e+00
   -342.50  6555.3125  2.14493e+00  2.13401e+00  1.04505e+00  1.30039e+00
   -313.95  6555.9375  2.68977e+00  2.14730e+00  1.06333e+00  1.92304e+00
   -285.40  6556.5625  5.22779e+00  2.94310e+00  1.16716e+00  4.80125e+00
   -256.85  6557.1875  8.72799e+00  1.26693e+01  1.19292e+00  8.90953e+00
   -228.29  6557.8125  7.96366e+00  8.68838e+00  8.28649e-01  8.43652e+00
   -199.74  6558.4375  4.64890e+00  3.52100e+00  3.89884e-01  5.03589e+00
   -171.19  6559.0625  3.23994e+00  1.63598e+00  2.07015e-01  3.58619e+00
   -142.64  6559.6875  4.57316e+00  4.65617e+00  3.21306e-01  5.02735e+00
   -114.09  6560.3125  6.43716e+00  7.03598e+00  5.83728e-01  6.92104e+00
    -85.54  6560.9375  7.38634e+00  7.56880e+00  6.81029e-01  7.92831e+00
    -56.99  6561.5625  7.66877e+00  7.76489e+00  6.32623e-01  8.31950e+00
    -28.44  6562.1875  7.76221e+00  7.63603e+00  6.41233e-01  8.41979e+00
      0.11  6562.8125  7.80701e+00  8.05411e+00  7.88662e-01  8.29832e+00
     28.67  6563.4375  7.52352e+00  7.64841e+00  8.61910e-01  7.87624e+00
     57.22  6564.0625  6.97978e+00  6.88316e+00  8.70132e-01  7.22345e+00
     85.77  6564.6875  6.36373e+00  6.56024e+00  9.63454e-01  6.38471e+00
    114.32  6565.3125  5.57547e+00  5.51631e+00  9.93914e-01  5.41679e+00
    142.87  6565.9375  4.73518e+00  4.76246e+00  1.03446e+00  4.37556e+00
    171.42  6566.5625  3.91918e+00  3.87078e+00  1.07683e+00  3.36083e+00
    199.97  6567.1875  3.19699e+00  3.12942e+00  1.05451e+00  2.53328e+00
    228.52  6567.8125  2.64955e+00  2.56475e+00  9.67888e-01  1.98830e+00
    257.07  6568.4375  2.34490e+00  2.19925e+00  9.24919e-01  1.67885e+00
    285.62  6569.0625  2.26267e+00  2.30556e+00  9.66254e-01  1.53278e+00
    314.18  6569.6875  2.22255e+00  2.20775e+00  9.72320e-01  1.47823e+00
    342.73  6570.3125  2.16920e+00  2.18785e+00  9.48784e-01  1.44302e+00
    371.28  6570.9375  2.10108e+00  2.10027e+00  9.24523e-01  1.39114e+00
    399.83  6571.5625  2.06867e+00  1.99461e+00  9.29094e-01  1.34736e+00
    428.38  6572.1875  2.13605e+00  2.12943e+00  1.02530e+00  1.31327e+00
    456.93  6572.8125  2.20251e+00  2.29339e+00  1.12646e+00  1.27222e+00
    485.48  6573.4375  2.15545e+00  2.14936e+00  1.12208e+00  1.22179e+00
    514.03  6574.0625  2.02810e+00  2.09018e+00  1.05317e+00  1.15271e+00
    542.58  6574.6875  1.89628e+00  1.76548e+00  9.67748e-01  1.09783e+00
    571.13  6575.3125  1.86833e+00  1.92286e+00  9.70624e-01  1.06142e+00
    599.69  6575.9375  1.84358e+00  1.85012e+00  9.81153e-01  1.01972e+00
    628.24  6576.5625  1.82159e+00  1.74870e+00  9.99650e-01  9.71852e-01
    656.79  6577.1875  1.82606e+00  1.94058e+00  1.04705e+00  9.21100e-01
    685.34  6577.8125  1.80507e+00  1.66424e+00  1.06199e+00  8.78631e-01
    713.89  6578.4375  1.85231e+00  1.93102e+00  1.14395e+00  8.37569e-01
    742.44  6579.0625  1.80129e+00  1.93655e+00  1.12892e+00  7.94964e-01
    770.99  6579.6875  1.65742e+00  1.43741e+00  1.02475e+00  7.47967e-01
    799.54  6580.3125  1.66087e+00  1.75640e+00  1.05497e+00  7.16366e-01
    828.09  6580.9375  1.60777e+00  1.70863e+00  1.03714e+00  6.74737e-01
    856.65  6581.5625  1.42854e+00  1.33521e+00  8.96839e-01  6.28745e-01
    885.20  6582.1875  1.35091e+00  1.27873e+00  8.40127e-01  6.03938e-01
    913.75  6582.8125  1.38531e+00  1.44748e+00  8.99890e-01  5.73880e-01
    942.30  6583.4375  1.38568e+00  1.38708e+00  9.45101e-01  5.20874e-01
    970.85  6584.0625  1.39771e+00  1.31413e+00  9.87339e-01  4.85192e-01
    999.40  6584.6875  1.48539e+00  1.53713e+00  1.08654e+00  4.71583e-01
   1027.95  6585.3125  1.53156e+00  1.57380e+00  1.14638e+00  4.55433e-01
   1056.50  6585.9375  1.53560e+00  1.46360e+00  1.17304e+00  4.28714e-01
   1085.05  6586.5625  1.58478e+00  1.61663e+00  1.24580e+00  4.00860e-01
   1113.60  6587.1875  1.56061e+00  1.68488e+00  1.23649e+00  3.83291e-01
   1142.16  6587.8125  1.39706e+00  1.32791e+00  1.09314e+00  3.59375e-01
   1170.71  6588.4375  1.27708e+00  1.23116e+00  9.96793e-01  3.31428e-01
   1199.26  6589.0625  1.25877e+00  1.25649e+00  9.95788e-01  3.10958e-01
   1227.81  6589.6875  1.28491e+00  1.26186e+00  1.03298e+00  2.97864e-01
   1256.36  6590.3125  1.29574e+00  1.38072e+00  1.05596e+00  2.83475e-01
   1284.91  6590.9375  1.25510e+00  1.17276e+00  1.03134e+00  2.64566e-01
   1313.46  6591.5625  1.23655e+00  1.29726e+00  1.02696e+00  2.47832e-01
   1342.01  6592.1875  1.18580e+00  1.18633e+00  9.85404e-01  2.36932e-01
   1370.56  6592.8125  1.13443e+00  1.07615e+00  9.43994e-01  2.25160e-01
   1399.11  6593.4375  1.13871e+00  1.17425e+00  9.58158e-01  2.13519e-01
   1427.67  6594.0625  1.16252e+00  1.10756e+00  9.90165e-01  2.03829e-01
   1456.22  6594.6875  1.20921e+00  1.26312e+00  1.04400e+00  1.95368e-01
   1484.77  6595.3125  1.24826e+00  1.19218e+00  1.08944e+00  1.87830e-01
   1513.32  6595.9375  1.29525e+00  1.35278e+00  1.14691e+00  1.75455e-01
   1541.87  6596.5625  1.27865e+00  1.31169e+00  1.14208e+00  1.61526e-01
   1570.42  6597.1875  1.20706e+00  1.17176e+00  1.07799e+00  1.52634e-01
   1598.97  6597.8125  1.16925e+00  1.15222e+00  1.04835e+00  1.42984e-01
   1627.52  6598.4375  1.14515e+00  1.19473e+00  1.03207e+00  1.33724e-01
   1656.07  6599.0625  1.08764e+00  1.06008e+00  9.78395e-01  1.29169e-01
   1684.63  6599.6875  1.10628e+00  9.80964e-01  1.00128e+00  1.24135e-01
   1713.18  6600.3125  1.17691e+00  1.39348e+00  1.08016e+00  1.14370e-01
   1741.73  6600.9375  1.06729e+00  1.02369e+00  9.80558e-01  1.02571e-01
   1770.28  6601.5625  9.84162e-01  8.22804e-01  9.03256e-01  9.57001e-02
   1798.83  6602.1875  1.09077e+00  1.16219e+00  1.01315e+00  9.18159e-02
   1827.38  6602.8125  1.17058e+00  1.22039e+00  1.09678e+00  8.72896e-02
   1855.93  6603.4375  1.13075e+00  1.15897e+00  1.05896e+00  8.49012e-02
   1884.48  6604.0625  1.06088e+00  9.93044e-01  9.90863e-01  8.28209e-02
   1913.03  6604.6875  1.05425e+00  1.07133e+00  9.85132e-01  8.17419e-02
   1941.58  6605.3125  1.08775e+00  1.04539e+00  1.02030e+00  7.97483e-02
   1970.14  6605.9375  1.11937e+00  1.20816e+00  1.05550e+00  7.55042e-02
   1998.69  6606.5625  1.11416e+00  1.01350e+00  1.05738e+00  6.71389e-02
   2027.24  6607.1875  1.11638e+00  1.24498e+00  1.06482e+00  6.09873e-02
   2055.79  6607.8125  1.07054e+00  9.61836e-01  1.02201e+00  5.74097e-02
   2084.34  6608.4375  1.08528e+00  1.10069e+00  1.03969e+00  5.39413e-02
   2112.89  6609.0625  1.13015e+00  1.14823e+00  1.08611e+00  5.21207e-02
   2141.44  6609.6875  1.15445e+00  1.14476e+00  1.11138e+00  5.09687e-02
   2169.99  6610.3125  1.22540e+00  1.13952e+00  1.18266e+00  5.05380e-02
   2198.54  6610.9375  1.29765e+00  1.49813e+00  1.25807e+00  4.68043e-02
   2227.09  6611.5625  1.20938e+00  1.11894e+00  1.17373e+00  4.21776e-02
   2255.65  6612.1875  1.11224e+00  1.12530e+00  1.08014e+00  3.79550e-02
   2284.20  6612.8125  1.00307e+00  1.08040e+00  9.70417e-01  3.85798e-02
   2312.75  6613.4375  8.69645e-01  7.36503e-01  8.38419e-01  3.69176e-02
   2341.30  6614.0625  9.08997e-01  8.32258e-01  8.81226e-01  3.28355e-02
   2369.85  6614.6875  1.05307e+00  1.17713e+00  1.02640e+00  3.15047e-02
   2398.40  6615.3125  1.07330e+00  1.09246e+00  1.04902e+00  2.86859e-02
   2426.95  6615.9375  1.03485e+00  9.65302e-01  1.01219e+00  2.67784e-02
   2455.50  6616.5625  1.03884e+00  1.10035e+00  1.01576e+00  2.72595e-02
   2484.05  6617.1875  1.04737e+00  9.69346e-01  1.02553e+00  2.57825e-02
   2512.61  6617.8125  1.08175e+00  1.15653e+00  1.06276e+00  2.24216e-02
   2541.16  6618.4375  1.09105e+00  1.03481e+00  1.07324e+00  2.10524e-02
   2569.71  6619.0625  1.05691e+00  1.18933e+00  1.03924e+00  2.08798e-02
   2598.26  6619.6875  9.65270e-01  8.22412e-01  9.47865e-01  2.05684e-02
   2626.81  6620.3125  9.99937e-01  9.72712e-01  9.82172e-01  2.09807e-02
   2655.36  6620.9375  1.10265e+00  1.18434e+00  1.08459e+00  2.13048e-02
   2683.91  6621.5625  1.10338e+00  1.13035e+00  1.08498e+00  2.17205e-02
   2712.46  6622.1875  1.05515e+00  9.94369e-01  1.03800e+00  2.02268e-02
   2741.01  6622.8125  1.05238e+00  1.07881e+00  1.03859e+00  1.62481e-02
   2769.56  6623.4375  1.03714e+00  1.05783e+00  1.02660e+00  1.24117e-02
   2798.12  6624.0625  9.71872e-01  9.91031e-01  9.62516e-01  1.10445e-02
   2826.67  6624.6875  9.22705e-01  8.27250e-01  9.14070e-01  1.02062e-02
   2855.22  6625.3125  9.40638e-01  1.02188e+00  9.32722e-01  9.32865e-03
   2883.77  6625.9375  9.29530e-01  8.92873e-01  9.20442e-01  1.07164e-02
   2912.32  6626.5625  9.23492e-01  9.23777e-01  9.13307e-01  1.20361e-02
   2940.87  6627.1875  9.71754e-01  9.05319e-01  9.62039e-01  1.14994e-02
   2969.42  6627.8125  1.02633e+00  1.17215e+00  1.01764e+00  1.03077e-02
   2997.97  6628.4375  1.01316e+00  8.66188e-01  1.00464e+00  1.00777e-02
   3026.52  6629.0625  1.06285e+00  1.14020e+00  1.05580e+00  8.32740e-03
   3055.07  6629.6875  1.09403e+00  1.09431e+00  1.08804e+00  7.07618e-03
   3083.63  6630.3125  1.08800e+00  1.07528e+00  1.08165e+00  7.48163e-03
   3112.18  6630.9375  1.04800e+00  1.12914e+00  1.04124e+00  7.99426e-03
   3140.73  6631.5625  9.36252e-01  8.91889e-01  9.29787e-01  7.67777e-03
   3169.28  6632.1875  8.67646e-01  8.13789e-01  8.61470e-01  7.34291e-03
   3197.83  6632.8125  8.94742e-01  8.94138e-01  8.88722e-01  7.12321e-03
   3226.38  6633.4375  9.42236e-01  9.67227e-01  9.37420e-01  5.69042e-03
   3254.93  6634.0625  9.64900e-01  9.52528e-01  9.61113e-01  4.48582e-03
   3283.48  6634.6875  9.77935e-01  1.00107e+00  9.73160e-01  5.65136e-03
   3312.03  6635.3125  1.01224e+00  9.27437e-01  1.00670e+00  6.54990e-03
   3340.58  6635.9375  1.04802e+00  1.22054e+00  1.04348e+00  5.33696e-03
   3369.14  6636.5625  1.01727e+00  8.23895e-01  1.01348e+00  4.44982e-03
   3397.69  6637.1875  1.05758e+00  1.19411e+00  1.05367e+00  4.58604e-03
   3426.24  6637.8125  9.93696e-01  1.05661e+00  9.90058e-01  4.27276e-03
   3454.79  6638.4375  8.54881e-01  7.12851e-01  8.51576e-01  3.90642e-03
   3483.34  6639.0625  8.44728e-01  8.73809e-01  8.41943e-01  3.30838e-03
   3511.89  6639.6875  8.71986e-01  8.83186e-01  8.69385e-01  3.08207e-03
   3540.44  6640.3125  8.48895e-01  8.89548e-01  8.46210e-01  3.15795e-03
   3568.99  6640.9375  8.07664e-01  7.36483e-01  8.04978e-01  3.14722e-03
   3597.54  6641.5625  8.52671e-01  8.24157e-01  8.49723e-01  3.46489e-03
   3626.10  6642.1875  9.59781e-01  9.91840e-01  9.56798e-01  3.51224e-03
   3654.65  6642.8125  1.06196e+00  1.02362e+00  1.05977e+00  2.58307e-03
   3683.20  6643.4375  1.11092e+00  1.25927e+00  1.10912e+00  2.12606e-03
   3711.75  6644.0625  1.06451e+00  9.31351e-01  1.06271e+00  2.13909e-03
   3740.30  6644.6875  1.10033e+00  1.11088e+00  1.09884e+00  1.76936e-03
   3768.85  6645.3125  1.18552e+00  1.20304e+00  1.18448e+00  1.22987e-03
   3797.40  6645.9375  1.20933e+00  1.26788e+00  1.20810e+00  1.46234e-03
   3825.95  6646.5625  1.13365e+00  1.15212e+00  1.13214e+00  1.79662e-03
   3854.50  6647.1875  1.02158e+00  9.83026e-01  1.01987e+00  2.01612e-03
   3883.05  6647.8125  9.71837e-01  9.37196e-01  9.70376e-01  1.70851e-03
   3911.61  6648.4375  1.03260e+00  9.55290e-01  1.03153e+00  1.22854e-03
   3940.16  6649.0625  1.11760e+00  1.28712e+00  1.11641e+00  1.36492e-03
   3968.71  6649.6875  1.06214e+00  1.00533e+00  1.06070e+00  1.68640e-03
   3997.26  6650.3125  1.03168e+00  9.39330e-01  1.03030e+00  1.63358e-03
   4025.81  6650.9375  1.04415e+00  1.23249e+00  1.04321e+00  1.09597e-03
   4054.36  6651.5625  9.53687e-01  8.00902e-01  9.53004e-01  8.19640e-04
   4082.91  6652.1875  9.15904e-01  9.86599e-01  9.15208e-01  8.63394e-04
   4111.46  6652.8125  9.18016e-01  8.31939e-01  9.17011e-01  1.21397e-03
   4140.01  6653.4375  9.22384e-01  1.05180e+00  9.20811e-01  1.87462e-03
   4168.56  6654.0625  8.72040e-01  7.62116e-01  8.70332e-01  2.03658e-03
   4197.12  6654.6875  9.20976e-01  8.70929e-01  9.19654e-01  1.56140e-03
   4225.67  6655.3125  1.05230e+00  1.12628e+00  1.05111e+00  1.37679e-03
   4254.22  6655.9375  1.08592e+00  1.14192e+00  1.08458e+00  1.56817e-03
   4282.77  6656.5625  1.01980e+00  9.91492e-01  1.01870e+00  1.32791e-03
   4311.32  6657.1875  9.77583e-01  9.38015e-01  9.76897e-01  8.42873e-04
   4339.87  6657.8125  9.78977e-01  1.02155e+00  9.78709e-01  3.23578e-04
   4368.42  6658.4375  9.68387e-01  9.35366e-01  9.68275e-01  1.26149e-04
   4396.97  6659.0625  9.67981e-01  9.79603e-01  9.67710e-01  2.92494e-04
   4425.52  6659.6875  9.30794e-01  9.97730e-01  9.29893e-01  1.02367e-03
   4454.08  6660.3125  8.22382e-01  7.89604e-01  8.20938e-01  1.68541e-03
   4482.63  6660.9375  7.83002e-01  6.65532e-01  7.82219e-01  9.09191e-04
   4511.18  6661.5625  8.36265e-01  9.79077e-01  8.36104e-01  1.63040e-04
   4539.73  6662.1875  8.58881e-01  7.13630e-01  8.58854e-01  1.13155e-05
   4568.28  6662.8125  9.68615e-01  9.99273e-01  9.68611e-01  4.43939e-07
   4596.83  6663.4375  1.03441e+00  1.18521e+00  1.03441e+00  3.44583e-06
   4625.38  6664.0625  9.73427e-01  8.21063e-01  9.73408e-01  2.55704e-05
   4653.93  6664.6875  9.49347e-01  1.07681e+00  9.49278e-01  8.08739e-05
   4682.48  6665.3125  9.03787e-01  7.97160e-01  9.03563e-01  2.69946e-04
   4711.03  6665.9375  8.72602e-01  9.74707e-01  8.72207e-01  4.96379e-04
   4739.59  6666.5625  8.63019e-01  6.89831e-01  8.62793e-01  2.98730e-04
   4768.14  6667.1875  8.96046e-01  1.11748e+00  8.96000e-01  8.67549e-05
   4796.69  6667.8125  8.15460e-01  6.86631e-01  8.15340e-01  1.71319e-04
   4825.24  6668.4375  8.15036e-01  7.50203e-01  8.14771e-01  3.23679e-04
   4853.79  6669.0625  9.22721e-01  1.00375e+00  9.22548e-01  1.87046e-04
   4882.34  6669.6875  9.68755e-01  9.65138e-01  9.68659e-01  9.79344e-05
   4910.89  6670.3125  9.75418e-01  9.68264e-01  9.75305e-01  1.33205e-04
   4939.44  6670.9375  9.76524e-01  1.00538e+00  9.76465e-01  8.47140e-05
   4967.99  6671.5625  9.92041e-01  9.07421e-01  9.91959e-01  1.27973e-04
   4996.54  6672.1875  1.04296e+00  1.14048e+00  1.04277e+00  2.60181e-04
   5025.10  6672.8125  1.00742e+00  1.02824e+00  1.00714e+00  3.66669e-04
   5053.65  6673.4375  9.82690e-01  8.13816e-01  9.82291e-01  5.07726e-04
   5082.20  6674.0625  1.03983e+00  1.25970e+00  1.03956e+00  3.40835e-04
   5110.75  6674.6875  1.00844e+00  8.34010e-01  1.00827e+00  2.12251e-04
   5139.30  6675.3125  1.03030e+00  1.11733e+00  1.03020e+00  1.09799e-04
   5167.85  6675.9375  1.05334e+00  1.02005e+00  1.05330e+00  4.65263e-05
   5196.40  6676.5625  1.05175e+00  1.08902e+00  1.05175e+00  1.99605e-05
   5224.95  6677.1875  1.02446e+00  1.01488e+00  1.02442e+00  5.31583e-05
   5253.50  6677.8125  1.00825e+00  9.73083e-01  1.00796e+00  3.58581e-04
   5282.06  6678.4375  1.01223e+00  1.06476e+00  1.01167e+00  6.89907e-04
   5310.61  6679.0625  9.77613e-01  9.60371e-01  9.77296e-01  4.04945e-04
   5339.16  6679.6875  9.30869e-01  9.44229e-01  9.30581e-01  3.79444e-04
   5367.71  6680.3125  9.37952e-01  8.28917e-01  9.37437e-01  6.33069e-04
   5396.26  6680.9375  1.02292e+00  1.12213e+00  1.02265e+00  3.30080e-04
   5424.81  6681.5625  1.04876e+00  1.04217e+00  1.04869e+00  8.01634e-05
   5453.36  6682.1875  1.08218e+00  9.81812e-01  1.08198e+00  2.40905e-04
   5481.91  6682.8125  1.15161e+00  1.31704e+00  1.15123e+00  4.64962e-04
   5510.46  6683.4375  1.09880e+00  1.03924e+00  1.09861e+00  2.53567e-04
   5539.01  6684.0625  1.04946e+00  1.01483e+00  1.04943e+00  4.17647e-05
   5567.57  6684.6875  1.07102e+00  1.07473e+00  1.07100e+00  2.43893e-06
   5596.12  6685.3125  1.05349e+00  1.15622e+00  1.05348e+00  5.74894e-08
   5624.67  6685.9375  9.85515e-01  8.37936e-01  9.85510e-01  4.58629e-10
   5653.22  6686.5625  1.02041e+00  1.07083e+00  1.02040e+00  0.00000e+00
   5681.77  6687.1875  1.05635e+00  1.08675e+00  1.05635e+00  0.00000e+00
   5710.32  6687.8125  1.03527e+00  1.01916e+00  1.03526e+00  0.00000e+00
   5738.87  6688.4375  9.98250e-01  1.02249e+00  9.98226e-01  0.00000e+00
   5767.42  6689.0625  9.04109e-01  9.66765e-01  9.04064e-01  0.00000e+00
   5795.97  6689.6875  7.93646e-01  6.59551e-01  7.93600e-01  0.00000e+00
   5824.52  6690.3125  8.26702e-01  8.22531e-01  8.26676e-01  4.97768e-09
   5853.08  6690.9375  9.51589e-01  9.34176e-01  9.51582e-01  4.78123e-07
   5881.63  6691.5625  1.03675e+00  1.15198e+00  1.03673e+00  1.24752e-05
   5910.18  6692.1875  9.80289e-01  9.79052e-01  9.80199e-01  8.93346e-05
   5938.73  6692.8125  8.79508e-01  8.43403e-01  8.79336e-01  1.99869e-04
   5967.28  6693.4375  8.57901e-01  8.06376e-01  8.57635e-01  3.04872e-04
   5995.83  6694.0625  9.53470e-01  8.92576e-01  9.53109e-01  4.28469e-04
   6024.38  6694.6875  9.90607e-01  1.29610e+00  9.90434e-01  2.17190e-04
   6052.93  6695.3125  8.93408e-01  4.95885e-01  8.93401e-01  3.06412e-05
   6081.48  6695.9375  1.01858e+00  1.21930e+00  1.01861e+00  1.17532e-06
   6110.04  6696.5625  1.06893e+00  1.14450e+00  1.06894e+00  1.22361e-08
   6138.59  6697.1875  1.03788e+00  8.14451e-01  1.03786e+00  0.00000e+00
   6167.14  6697.8125  1.11352e+00  1.34751e+00  1.11348e+00  0.00000e+00
   6195.69  6698.4375  1.07857e+00  9.65543e-01  1.07853e+00  0.00000e+00
   6224.24  6699.0625  1.04419e+00  1.06529e+00  1.04417e+00  0.00000e+00
   6252.79  6699.6875  9.95376e-01  1.07767e+00  9.95373e-01  0.00000e+00
   6281.34  6700.3125  8.84387e-01  7.89492e-01  8.84400e-01  0.00000e+00
   6309.89  6700.9375  8.37821e-01  8.65856e-01  8.37842e-01  0.00000e+00
   6338.44  6701.5625  9.06509e-01  7.39093e-01  9.06542e-01  0.00000e+00
   6366.99  6702.1875  1.10634e+00  1.23223e+00  1.10636e+00  3.66610e-09
   6395.55  6702.8125  1.19456e+00  1.26506e+00  1.19455e+00  3.52141e-07
   6424.10  6703.4375  1.10334e+00  1.13337e+00  1.10329e+00  9.17904e-06
   6452.65  6704.0625  9.90821e-01  8.78202e-01  9.90742e-01  6.49300e-05
   6481.20  6704.6875  9.68256e-01  1.03706e+00  9.68146e-01  1.24641e-04
   6509.75  6705.3125  9.50176e-01  9.02482e-01  9.50142e-01  6.49300e-05
   6538.30  6705.9375  9.52383e-01  9.58902e-01  9.52404e-01  9.17904e-06
   6566.85  6706.5625  9.51193e-01  9.89303e-01  9.51207e-01  3.52141e-07
   6595.40  6707.1875  9.27894e-01  8.72519e-01  9.27899e-01  3.66610e-09
   6623.95  6707.8125  9.15189e-01  9.87198e-01  9.15186e-01  0.00000e+00
   6652.50  6708.4375  9.14239e-01  7.92366e-01  9.14234e-01  0.00000e+00
   6681.06  6709.0625  1.04690e+00  1.01436e+00  1.04691e+00  0.00000e+00
   6709.61  6709.6875  1.17392e+00  1.38065e+00  1.17393e+00  0.00000e+00
   6738.16  6710.3125  1.13070e+00  9.88875e-01  1.13071e+00  0.00000e+00
   6766.71  6710.9375  1.07986e+00  1.20342e+00  1.07986e+00  0.00000e+00
   6795.26  6711.5625  9.93188e-01  9.10513e-01  9.93164e-01  0.00000e+00
   6823.81  6712.1875  9.35996e-01  9.51649e-01  9.35977e-01  0.00000e+00
   6852.36  6712.8125  8.79926e-01  9.21637e-01  8.79945e-01  0.00000e+00
   6880.91  6713.4375  7.97350e-01  7.43928e-01  7.97381e-01  0.00000e+00
   6909.46  6714.0625  8.16465e-01  7.19523e-01  8.16475e-01  0.00000e+00
   6938.02  6714.6875  9.43978e-01  1.02529e+00  9.43988e-01  0.00000e+00
   6966.57  6715.3125  9.77781e-01  1.05805e+00  9.77805e-01  0.00000e+00
   6995.12  6715.9375  9.18490e-01  8.22848e-01  9.18510e-01  0.00000e+00
   7023.67  6716.5625  9.63974e-01  9.05318e-01  9.63991e-01  0.00000e+00
   7052.22  6717.1875  1.02497e+00  1.22910e+00  1.02499e+00  0.00000e+00
   7080.77  6717.8125  9.53402e-01  7.86000e-01  9.53409e-01  0.00000e+00
   7109.32  6718.4375  9.70841e-01  9.88786e-01  9.70845e-01  0.00000e+00
   7137.87  6719.0625  1.03609e+00  1.07614e+00  1.03610e+00  0.00000e+00
   7166.42  6719.6875  1.06565e+00  1.02843e+00  1.06566e+00  0.00000e+00
   7194.97  6720.3125  1.11317e+00  1.11605e+00  1.11316e+00  0.00000e+00
   7223.53  6720.9375  1.10395e+00  1.23659e+00  1.10393e+00  0.00000e+00
   7252.08  6721.5625  1.02090e+00  8.40406e-01  1.02089e+00  0.00000e+00
   7280.63  6722.1875  9.96189e-01  1.16981e+00  9.96171e-01  0.00000e+00
   7309.18  6722.8125  9.12689e-01  8.03652e-01  9.12676e-01  0.00000e+00
   7337.73  6723.4375  8.96241e-01  8.55969e-01  8.96238e-01  0.00000e+00
   7366.28  6724.0625  9.29643e-01  1.03927e+00  9.29636e-01  0.00000e+00
   7394.83  6724.6875  8.91997e-01  8.14979e-01  8.91982e-01  0.00000e+00
   7423.38  6725.3125  9.00959e-01  8.89715e-01  9.00938e-01  0.00000e+00
   7451.93  6725.9375  1.00325e+00  9.37246e-01  1.00322e+00  0.00000e+00
   7480.48  6726.5625  1.11075e+00  1.26249e+00  1.11072e+00  0.00000e+00
   7509.04  6727.1875  1.05382e+00  1.06087e+00  1.05379e+00  0.00000e+00
   7537.59  6727.8125  9.38796e-01  8.70862e-01  9.38771e-01  0.00000e+00
   7566.14  6728.4375  9.06132e-01  9.04466e-01  9.06117e-01  0.00000e+00
   7594.69  6729.0625  9.13478e-01  9.17203e-01  9.13475e-01  0.00000e+00
   7623.24  6729.6875  8.98943e-01  9.35158e-01  8.98945e-01  0.00000e+00
   7651.79  6730.3125  8.69792e-01  8.10878e-01  8.69796e-01  0.00000e+00
   7680.34  6730.9375  8.96163e-01  8.92557e-01  8.96173e-01  0.00000e+00
   7708.89  6731.5625  9.08730e-01  1.00174e+00  9.08740e-01  0.00000e+00
   7737.44  6732.1875  8.61852e-01  7.61799e-01  8.61847e-01  0.00000e+00
   7765.99  6732.8125  8.89059e-01  8.94000e-01  8.89048e-01  0.00000e+00
   7794.55  6733.4375  9.59209e-01  9.67105e-01  9.59207e-01  0.00000e+00
   7823.10  6734.0625  9.64426e-01  1.06116e+00  9.64421e-01  0.00000e+00
   7851.65  6734.6875  9.00807e-01  7.87549e-01  9.00812e-01  0.00000e+00
   7880.20  6735.3125  8.73852e-01  9.69224e-01  8.73867e-01  0.00000e+00
   7908.75  6735.9375  8.31124e-01  7.57676e-01  8.31132e-01  0.00000e+00
   7937.30  6736.5625  8.49895e-01  8.15440e-01  8.49894e-01  0.00000e+00
   7965.85  6737.1875  9.02189e-01  9.98715e-01  9.02186e-01  0.00000e+00
   7994.40  6737.8125  9.30566e-01  7.88966e-01  9.30568e-01  0.00000e+00
   8022.95  6738.4375  1.01381e+00  1.14563e+00  1.01382e+00  0.00000e+00
   8051.51  6739.0625  1.06070e+00  9.60953e-01  1.06070e+00  0.00000e+00
   8080.06  6739.6875  1.09652e+00  1.21026e+00  1.09649e+00  0.00000e+00
   8108.61  6740.3125  1.03959e+00  1.03673e+00  1.03954e+00  0.00000e+00
   8137.16  6740.9375  9.46681e-01  9.03767e-01  9.46645e-01  0.00000e+00
   8165.71  6741.5625  9.04982e-01  9.13471e-01  9.04962e-01  0.00000e+00
   8194.26  6742.1875  9.02956e-01  8.63222e-01  9.02960e-01  0.00000e+00
   8222.81  6742.8125  9.51074e-01  9.43624e-01  9.51093e-01  0.00000e+00
   8251.36  6743.4375  9.74596e-01  1.07775e+00  9.74622e-01  0.00000e+00
   8279.91  6744.0625  9.40558e-01  8.13190e-01  9.40579e-01  0.00000e+00
   8308.46  6744.6875  9.58699e-01  1.05038e+00  9.58708e-01  0.00000e+00
   8337.02  6745.3125  9.37688e-01  9.25952e-01  9.37691e-01  0.00000e+00
   8365.57  6745.9375  9.16310e-01  8.54272e-01  9.16303e-01  0.00000e+00
   8394.12  6746.5625  9.38375e-01  1.01078e+00  9.38377e-01  0.00000e+00
   8422.67  6747.1875  9.18110e-01  8.93703e-01  9.18112e-01  0.00000e+00
   8451.22  6747.8125  9.05488e-01  8.72543e-01  9.05485e-01  0.00000e+00
   8479.77  6748.4375  8.97536e-01  9.85444e-01  8.97532e-01  0.00000e+00
   8508.32  6749.0625  8.30800e-01  7.72909e-01  8.30824e-01  0.00000e+00
   8536.87  6749.6875  8.31897e-01  7.58326e-01  8.31934e-01  0.00000e+00
   8565.42  6750.3125  9.32178e-01  9.84801e-01  9.32199e-01  0.00000e+00
   8593.97  6750.9375  1.01565e+00  1.00027e+00  1.01566e+00  0.00000e+00
   8622.53  6751.5625  1.04268e+00  1.12179e+00  1.04268e+00  0.00000e+00
   8651.08  6752.1875  9.90298e-01  9.62884e-01  9.90301e-01  0.00000e+00
   8679.63  6752.8125  9.61955e-01  9.01560e-01  9.61973e-01  0.00000e+00
   8708.18  6753.4375  9.91850e-01  1.05043e+00  9.91843e-01  0.00000e+00
   8736.73  6754.0625  9.74464e-01  9.92692e-01  9.74431e-01  0.00000e+00
   8765.28  6754.6875  9.69319e-01  8.46410e-01  9.69308e-01  0.00000e+00
   8793.83  6755.3125  1.03513e+00  1.16816e+00  1.03514e+00  0.00000e+00
   8822.38  6755.9375  1.01497e+00  9.89490e-01  1.01498e+00  0.00000e+00
   8850.93  6756.5625  9.83581e-01  9.26801e-01  9.83591e-01  0.00000e+00
   8879.49  6757.1875  9.89314e-01  1.07573e+00  9.89334e-01  0.00000e+00
   8908.04  6757.8125  9.64904e-01  8.79978e-01  9.64910e-01  0.00000e+00
   8936.59  6758.4375  9.73844e-01  1.02687e+00  9.73854e-01  0.00000e+00
   8965.14  6759.0625  1.01601e+00  9.26022e-01  1.01602e+00  0.00000e+00
   8993.69  6759.6875  1.14826e+00  1.13847e+00  1.14828e+00  0.00000e+00
   9022.24  6760.3125  1.21994e+00  1.42849e+00  1.21995e+00  0.00000e+00
   9050.79  6760.9375  1.03942e+00  1.02058e+00  1.03942e+00  0.00000e+00
   9079.34  6761.5625  8.59811e-01  6.86510e-01  8.59825e-01  0.00000e+00
   9107.89  6762.1875  8.63564e-01  9.52316e-01  8.63583e-01  0.00000e+00
   9136.44  6762.8125  8.79983e-01  8.41076e-01  8.79995e-01  0.00000e+00
   9165.00  6763.4375  9.20317e-01  8.83812e-01  9.20326e-01  0.00000e+00
   9193.55  6764.0625  9.97423e-01  1.05219e+00  9.97450e-01  0.00000e+00
   9222.10  6764.6875  1.04135e+00  1.01385e+00  1.04139e+00  0.00000e+00
   9250.65  6765.3125  1.07794e+00  1.09416e+00  1.07796e+00  0.00000e+00
   9279.20  6765.9375  1.07352e+00  1.13271e+00  1.07352e+00  0.00000e+00
   9307.75  6766.5625  1.01217e+00  9.60375e-01  1.01219e+00  0.00000e+00
   9336.30  6767.1875  9.79246e-01  9.89882e-01  9.79268e-01  0.00000e+00
   9364.85  6767.8125  1.00581e+00  9.34275e-01  1.00579e+00  0.00000e+00
   9393.40  6768.4375  1.12129e+00  1.11350e+00  1.12126e+00  0.00000e+00
   9421.95  6769.0625  1.17708e+00  1.37185e+00  1.17705e+00  0.00000e+00
   9450.51  6769.6875  1.07646e+00  9.17120e-01  1.07643e+00  0.00000e+00
   9479.06  6770.3125  1.06654e+00  1.07214e+00  1.06652e+00  0.00000e+00
   9507.61  6770.9375  1.12452e+00  1.14544e+00  1.12451e+00  0.00000e+00
   9536.16  6771.5625  1.11431e+00  1.18518e+00  1.11430e+00  0.00000e+00
   9564.71  6772.1875  1.01632e+00  9.89810e-01  1.01629e+00  0.00000e+00
   9593.26  6772.8125  9.72564e-01  8.60413e-01  9.72543e-01  0.00000e+00
   9621.81  6773.4375  9.98582e-01  1.16113e+00  9.98572e-01  0.00000e+00
   9650.36  6774.0625  9.61397e-01  8.17120e-01  9.61389e-01  0.00000e+00
   9678.91  6774.6875  9.68129e-01  1.05612e+00  9.68129e-01  0.00000e+00
   9707.47  6775.3125  9.42491e-01  9.42355e-01  9.42488e-01  0.00000e+00
   9736.02  6775.9375  9.15451e-01  8.32173e-01  9.15442e-01  0.00000e+00
   9764.57  6776.5625  9.31536e-01  1.04268e+00  9.31527e-01  0.00000e+00
   9793.12  6777.1875  9.02004e-01  8.19798e-01  9.02017e-01  0.00000e+00
   9821.67  6777.8125  9.47575e-01  8.90954e-01  9.47609e-01  0.00000e+00
   9850.22  6778.4375  1.04267e+00  1.16679e+00  1.04269e+00  0.00000e+00
   9878.77  6779.0625  1.06784e+00  9.70992e-01  1.06785e+00  0.00000e+00
   9907.32  6779.6875  1.13988e+00  1.15147e+00  1.13988e+00  0.00000e+00
   9935.87  6780.3125  1.21857e+00  1.27176e+00  1.21857e+00  0.00000e+00
   9964.42  6780.9375  1.22065e+00  1.22580e+00  1.22067e+00  0.00000e+00
   9992.98  6781.5625  1.19813e+00  1.16838e+00  1.19815e+00  0.00000e+00
  10021.53  6782.1875  1.15713e+00  1.24598e+00  1.15714e+00  0.00000e+00
  10050.08  6782.8125  1.03677e+00  1.01020e+00  1.03678e+00  0.00000e+00
  10078.63  6783.4375  9.84811e-01  8.35801e-01  9.84844e-01  0.00000e+00
  10107.18  6784.0625  1.06869e+00  1.20067e+00  1.06872e+00  0.00000e+00
  10135.73  6784.6875  1.12264e+00  1.02017e+00  1.12267e+00  0.00000e+00
  10164.28  6785.3125  1.11589e+00  1.32926e+00  1.11592e+00  0.00000e+00
  10192.83  6785.9375  1.00974e+00  7.91690e-01  1.00977e+00  0.00000e+00
  10221.38  6786.5625  9.91517e-01  1.12404e+00  9.91525e-01  0.00000e+00
  10249.93  6787.1875  9.76448e-01  8.83520e-01  9.76444e-01  0.00000e+00
  10278.49  6787.8125  9.85690e-01  1.03100e+00  9.85661e-01  0.00000e+00
  10307.04  6788.4375  9.97984e-01  9.78129e-01  9.97958e-01  0.00000e+00
  10335.59  6789.0625  1.01171e+00  1.01395e+00  1.01171e+00  0.00000e+00
  10364.14  6789.6875  1.04494e+00  1.02745e+00  1.04493e+00  0.00000e+00
  10392.69  6790.3125  1.12198e+00  1.08193e+00  1.12196e+00  0.00000e+00
  10421.24  6790.9375  1.19606e+00  1.30229e+00  1.19609e+00  0.00000e+00
  10449.79  6791.5625  1.12301e+00  1.18403e+00  1.12303e+00  0.00000e+00
  10478.34  6792.1875  1.01737e+00  8.21024e-01  1.01738e+00  0.00000e+00
  10506.89  6792.8125  1.01335e+00  1.22013e+00  1.01335e+00  0.00000e+00
  10535.45  6793.4375  9.53390e-01  7.83536e-01  9.53386e-01  0.00000e+00
  10564.00  6794.0625  9.87326e-01  1.00553e+00  9.87343e-01  0.00000e+00
  10592.55  6794.6875  1.04303e+00  1.12699e+00  1.04306e+00  0.00000e+00
  10621.10  6795.3125  9.96295e-01  9.68349e-01  9.96312e-01  0.00000e+00
  10649.65  6795.9375  9.00394e-01  9.62875e-01  9.00394e-01  0.00000e+00
  10678.20  6796.5625  7.98643e-01  6.93969e-01  7.98625e-01  0.00000e+00
  10706.75  6797.1875  7.99057e-01  8.03490e-01  7.99026e-01  0.00000e+00
  10735.30  6797.8125  8.87913e-01  8.30928e-01  8.87890e-01  0.00000e+00
  10763.85  6798.4375  1.02011e+00  1.07357e+00  1.02011e+00  0.00000e+00
  10792.40  6799.0625  1.09192e+00  1.12861e+00  1.09193e+00  0.00000e+00
  10820.96  6799.6875  1.07182e+00  1.09602e+00  1.07183e+00  0.00000e+00
  10849.51  6800.3125  1.02658e+00  9.66308e-01  1.02658e+00  0.00000e+00
  10878.06  6800.9375  9.58360e-01  1.11147e+00  9.58352e-01  0.00000e+00
  10906.61  6801.5625  8.24335e-01  6.58612e-01  8.24332e-01  0.00000e+00
  10935.16  6802.1875  8.56416e-01  7.93944e-01  8.56412e-01  0.00000e+00
  10963.71  6802.8125  1.01628e+00  1.09244e+00  1.01628e+00  0.00000e+00
  10992.26  6803.4375  1.04570e+00  1.17901e+00  1.04571e+00  0.00000e+00
  11020.81  6804.0625  9.94374e-01  7.47480e-01  9.94383e-01  0.00000e+00
  11049.36  6804.6875  1.05181e+00  1.28773e+00  1.05182e+00  0.00000e+00
  11077.91  6805.3125  1.04032e+00  8.68870e-01  1.04033e+00  0.00000e+00
  11106.47  6805.9375  1.06003e+00  1.16871e+00  1.06003e+00  0.00000e+00
  11135.02  6806.5625  1.08098e+00  9.90989e-01  1.08098e+00  0.00000e+00
  11163.57  6807.1875  1.09256e+00  1.21349e+00  1.09258e+00  0.00000e+00
  11192.12  6807.8125  1.05928e+00  9.47440e-01  1.05929e+00  0.00000e+00
  11220.67  6808.4375  1.06499e+00  1.12906e+00  1.06500e+00  0.00000e+00
  11249.22  6809.0625  1.02477e+00  1.06398e+00  1.02478e+00  0.00000e+00
  11277.77  6809.6875  9.00085e-01  9.02409e-01  9.00088e-01  0.00000e+00
  11306.32  6810.3125  8.22917e-01  6.93751e-01  8.22937e-01  0.00000e+00
  11334.87  6810.9375  8.86906e-01  9.35675e-01  8.86936e-01  0.00000e+00
  11363.43  6811.5625  9.75077e-01  9.53707e-01  9.75105e-01  0.00000e+00
  11391.98  6812.1875  1.03129e+00  1.09174e+00  1.03133e+00  0.00000e+00
  11420.53  6812.8125  1.04660e+00  9.97921e-01  1.04664e+00  0.00000e+00
  11449.08  6813.4375  1.06969e+00  1.10115e+00  1.06973e+00  0.00000e+00
  11477.63  6814.0625  1.04470e+00  1.10611e+00  1.04472e+00  0.00000e+00
  11506.18  6814.6875  9.80731e-01  8.75424e-01  9.80754e-01  0.00000e+00
  11534.73  6815.3125  9.56296e-01  1.06202e+00  9.56302e-01  0.00000e+00
  11563.28  6815.9375  8.83287e-01  8.34557e-01  8.83284e-01  0.00000e+00
  11591.83  6816.5625  8.37744e-01  8.02950e-01  8.37749e-01  0.00000e+00
  11620.38  6817.1875  8.94333e-01  8.40591e-01  8.94341e-01  0.00000e+00
  11648.94  6817.8125  9.95177e-01  1.08049e+00  9.95180e-01  0.00000e+00
  11677.49  6818.4375  1.03282e+00  9.98818e-01  1.03283e+00  0.00000e+00
  11706.04  6819.0625  1.01096e+00  1.10987e+00  1.01097e+00  0.00000e+00
  11734.59  6819.6875  9.69003e-01  8.10565e-01  9.69023e-01  0.00000e+00
  11763.14  6820.3125  1.04086e+00  1.10368e+00  1.04090e+00  0.00000e+00
  11791.69  6820.9375  1.10469e+00  1.13203e+00  1.10472e+00  0.00000e+00
  11820.24  6821.5625  1.08788e+00  1.10446e+00  1.08789e+00  0.00000e+00
  11848.79  6822.1875  1.00818e+00  1.04597e+00  1.00819e+00  0.00000e+00
  11877.34  6822.8125  8.94060e-01  8.53671e-01  8.94080e-01  0.00000e+00
  11905.89  6823.4375  8.53300e-01  7.82554e-01  8.53311e-01  0.00000e+00
  11934.45  6824.0625  9.26444e-01  9.30995e-01  9.26427e-01  0.00000e+00
  11963.00  6824.6875  1.01722e+00  1.05123e+00  1.01718e+00  0.00000e+00
  11991.55  6825.3125  1.06030e+00  1.06149e+00  1.06027e+00  0.00000e+00
  12020.10  6825.9375  1.06211e+00  1.09317e+00  1.06211e+00  0.00000e+00
  12048.65  6826.5625  1.02649e+00  1.01970e+00  1.02649e+00  0.00000e+00
  12077.20  6827.1875  1.01071e+00  9.60271e-01  1.01072e+00  0.00000e+00
  12105.75  6827.8125  1.04451e+00  1.07766e+00  1.04453e+00  0.00000e+00
  12134.30  6828.4375  1.04791e+00  1.07421e+00  1.04794e+00  0.00000e+00
  12162.85  6829.0625  9.88836e-01  1.01172e+00  9.88866e-01  0.00000e+00
  12191.40  6829.6875  9.74204e-01  8.20485e-01  9.74222e-01  0.00000e+00
  12219.96  6830.3125  1.11431e+00  1.16328e+00  1.11430e+00  0.00000e+00
  12248.51  6830.9375  1.17254e+00  1.35651e+00  1.17252e+00  0.00000e+00
  12277.06  6831.5625  1.00877e+00  9.29530e-01  1.00876e+00  0.00000e+00
  12305.61  6832.1875  8.48862e-01  8.34855e-01  8.48858e-01  0.00000e+00
  12334.16  6832.8125  8.05252e-01  7.11184e-01  8.05242e-01  0.00000e+00
  12362.71  6833.4375  8.72409e-01  9.20733e-01  8.72394e-01  0.00000e+00
  12391.26  6834.0625  9.76178e-01  8.94137e-01  9.76176e-01  0.00000e+00
  12419.81  6834.6875  1.05479e+00  1.23648e+00  1.05478e+00  0.00000e+00
  12448.36  6835.3125  9.82819e-01  9.16429e-01  9.82806e-01  0.00000e+00
  12476.92  6835.9375  9.58356e-01  8.46983e-01  9.58341e-01  0.00000e+00
  12505.47  6836.5625  1.08452e+00  1.13109e+00  1.08451e+00  0.00000e+00
  12534.02  6837.1875  1.15274e+00  1.26843e+00  1.15274e+00  0.00000e+00
  12562.57  6837.8125  1.12037e+00  9.89340e-01  1.12038e+00  0.00000e+00
  12591.12  6838.4375  1.17171e+00  1.20072e+00  1.17172e+00  0.00000e+00
  12619.67  6839.0625  1.22452e+00  1.28012e+00  1.22453e+00  0.00000e+00
  12648.22  6839.6875  1.15652e+00  1.21402e+00  1.15651e+00  0.00000e+00
  12676.77  6840.3125  1.00720e+00  9.59525e-01  1.00720e+00  0.00000e+00
  12705.32  6840.9375  9.16202e-01  8.66718e-01  9.16212e-01  0.00000e+00
  12733.87  6841.5625  9.44895e-01  9.03558e-01  9.44910e-01  0.00000e+00
  12762.43  6842.1875  1.06910e+00  1.04282e+00  1.06911e+00  0.00000e+00
  12790.98  6842.8125  1.13037e+00  1.34489e+00  1.13037e+00  0.00000e+00
  12819.53  6843.4375  1.02582e+00  8.54228e-01  1.02581e+00  0.00000e+00
  12848.08  6844.0625  1.00135e+00  1.02970e+00  1.00133e+00  0.00000e+00
  12876.63  6844.6875  1.00360e+00  1.06576e+00  1.00361e+00  0.00000e+00
  12905.18  6845.3125  9.94818e-01  8.48219e-01  9.94820e-01  0.00000e+00
  12933.73  6845.9375  1.04231e+00  1.21428e+00  1.04229e+00  0.00000e+00
  12962.28  6846.5625  1.01782e+00  8.98508e-01  1.01781e+00  0.00000e+00
  12990.83  6847.1875  1.01946e+00  1.07596e+00  1.01947e+00  0.00000e+00
  13019.38  6847.8125  1.03134e+00  1.00492e+00  1.03137e+00  0.00000e+00
  13047.94  6848.4375  1.09138e+00  1.00921e+00  1.09142e+00  0.00000e+00
  13076.49  6849.0625  1.15420e+00  1.36039e+00  1.15424e+00  0.00000e+00
  13105.04  6849.6875  1.07775e+00  9.40627e-01  1.07776e+00  0.00000e+00
  13133.59  6850.3125  1.08220e+00  1.03757e+00  1.08218e+00  0.00000e+00
  13162.14  6850.9375  1.11108e+00  1.30515e+00  1.11105e+00  0.00000e+00
  13190.69  6851.5625  1.02184e+00  8.36076e-01  1.02183e+00  0.00000e+00
  13219.24  6852.1875  9.97991e-01  1.10978e+00  9.98035e-01  0.00000e+00
  13247.79  6852.8125  9.68389e-01  9.07989e-01  9.68442e-01  0.00000e+00
  13276.34  6853.4375  9.62884e-01  9.52485e-01  9.62920e-01  0.00000e+00
  13304.90  6854.0625  9.88631e-01  1.02218e+00  9.88641e-01  0.00000e+00
  13333.45  6854.6875  1.05657e+00  9.14390e-01  1.05657e+00  0.00000e+00
  13362.00  6855.3125  1.15443e+00  1.39025e+00  1.15445e+00  0.00000e+00
  13390.55  6855.9375  1.08290e+00  9.81003e-01  1.08292e+00  0.00000e+00
  13419.10  6856.5625  9.86880e-01  1.02924e+00  9.86877e-01  0.00000e+00
  13447.65  6857.1875  9.49053e-01  8.43535e-01  9.49034e-01  0.00000e+00
  13476.20  6857.8125  9.73921e-01  1.06955e+00  9.73921e-01  0.00000e+00
  13504.75  6858.4375  9.67054e-01  9.12502e-01  9.67082e-01  0.00000e+00
  13533.30  6859.0625  9.82647e-01  9.73152e-01  9.82671e-01  0.00000e+00
  13561.85  6859.6875  1.01349e+00  1.06056e+00  1.01350e+00  0.00000e+00
  13590.41  6860.3125  1.01511e+00  9.72641e-01  1.01511e+00  0.00000e+00
  13618.96  6860.9375  1.04056e+00  1.04337e+00  1.04055e+00  0.00000e+00
  13647.51  6861.5625  1.03920e+00  1.12051e+00  1.03920e+00  0.00000e+00
  13676.06  6862.1875  9.70105e-01  9.04059e-01  9.70123e-01  0.00000e+00
  13704.61  6862.8125  9.60775e-01  9.27882e-01  9.60781e-01  0.00000e+00
  13733.16  6863.4375  1.04567e+00  1.01796e+00  1.04567e+00  0.00000e+00
  13761.71  6864.0625  1.11420e+00  1.23816e+00  1.11419e+00  0.00000e+00
  13790.26  6864.6875  1.03262e+00  1.04031e+00  1.03261e+00  0.00000e+00
  13818.81  6865.3125  9.10107e-01  8.38145e-01  9.10095e-01  0.00000e+00
  13847.36  6865.9375  8.79906e-01  8.74378e-01  8.79889e-01  0.00000e+00
  13875.92  6866.5625  9.30734e-01  8.81110e-01  9.30713e-01  0.00000e+00
  13904.47  6867.1875  1.04500e+00  1.05513e+00  1.04500e+00  0.00000e+00
  13933.02  6867.8125  1.13226e+00  1.20431e+00  1.13228e+00  0.00000e+00
  13961.57  6868.4375  1.11887e+00  1.11755e+00  1.11891e+00  0.00000e+00
  13990.12  6869.0625  1.05099e+00  1.07171e+00  1.05102e+00  0.00000e+00
  14018.67  6869.6875  9.68883e-01  9.48689e-01  9.68905e-01  0.00000e+00
  14047.22  6870.3125  9.42765e-01  8.68316e-01  9.42765e-01  0.00000e+00
  14075.77  6870.9375  9.65831e-01  1.07423e+00  9.65792e-01  0.00000e+00
  14104.32  6871.5625  9.55667e-01  8.40573e-01  9.55624e-01  0.00000e+00
  14132.88  6872.1875  9.61708e-01  1.08779e+00  9.61691e-01  0.00000e+00
  14161.43  6872.8125  9.13771e-01  8.35263e-01  9.13777e-01  0.00000e+00
  14189.98  6873.4375  9.04835e-01  8.91628e-01  9.04842e-01  0.00000e+00
  14218.53  6874.0625  9.34788e-01  9.72461e-01  9.34779e-01  0.00000e+00
  14247.08  6874.6875  9.38288e-01  9.15154e-01  9.38287e-01  0.00000e+00
  14275.63  6875.3125  9.43898e-01  9.63640e-01  9.43900e-01  0.00000e+00
  14304.18  6875.9375  1.03119e+00  8.63746e-01  1.03117e+00  0.00000e+00
  14332.73  6876.5625  1.21135e+00  1.40871e+00  1.21131e+00  0.00000e+00
  14361.28  6877.1875  1.23083e+00  1.22575e+00  1.23081e+00  0.00000e+00
  14389.83  6877.8125  1.12267e+00  1.15765e+00  1.12268e+00  0.00000e+00
  14418.39  6878.4375  9.88094e-01  9.50812e-01  9.88106e-01  0.00000e+00
  14446.94  6879.0625  9.12333e-01  8.67173e-01  9.12328e-01  0.00000e+00
  14475.49  6879.6875  9.58802e-01  8.90900e-01  9.58782e-01  0.00000e+00
  14504.04  6880.3125  1.10342e+00  1.13279e+00  1.10342e+00  0.00000e+00
  14532.59  6880.9375  1.18968e+00  1.29255e+00  1.18969e+00  0.00000e+00
  14561.14  6881.5625  1.12834e+00  1.11408e+00  1.12836e+00  0.00000e+00
  14589.69  6882.1875  9.75704e-01  1.06235e+00  9.75704e-01  0.00000e+00
  14618.24  6882.8125  8.19098e-01  6.42399e-01  8.19083e-01  0.00000e+00
  14646.79  6883.4375  8.26109e-01  8.57771e-01  8.26115e-01  0.00000e+00
  14675.34  6884.0625  8.76953e-01  9.09602e-01  8.76972e-01  0.00000e+00
  14703.90  6884.6875  8.99436e-01  8.52168e-01  8.99439e-01  0.00000e+00
  14732.45  6885.3125  9.62050e-01  9.65493e-01  9.62051e-01  0.00000e+00
  14761.00  6885.9375  1.04617e+00  1.04281e+00  1.04618e+00  0.00000e+00
  14789.55  6886.5625  1.07653e+00  1.17972e+00  1.07652e+00  0.00000e+00
  14818.10  6887.1875  1.05129e+00  9.10714e-01  1.05128e+00  0.00000e+00
  14846.65  6887.8125  1.06562e+00  1.21223e+00  1.06562e+00  0.00000e+00
  14875.20  6888.4375  1.02389e+00  9.24843e-01  1.02390e+00  0.00000e+00
  14903.75  6889.0625  9.85948e-01  1.05965e+00  9.85935e-01  0.00000e+00
  14932.30  6889.6875  9.18178e-01  8.98988e-01  9.18152e-01  0.00000e+00
  14960.86  6890.3125  8.74698e-01  8.12428e-01  8.74682e-01  0.00000e+00
  14989.41  6890.9375  9.48717e-01  8.97267e-01  9.48711e-01  0.00000e+00
  15017.96  6891.5625  1.03349e+00  1.20256e+00  1.03349e+00  0.00000e+00
  15046.51  6892.1875  1.03072e+00  8.50943e-01  1.03072e+00  0.00000e+00
  15075.06  6892.8125  1.09276e+00  1.21714e+00  1.09274e+00  0.00000e+00
  15103.61  6893.4375  1.11736e+00  1.07582e+00  1.11735e+00  0.00000e+00
  15132.16  6894.0625  1.12051e+00  1.12947e+00  1.12051e+00  0.00000e+00
  15160.71  6894.6875  1.09685e+00  1.15922e+00  1.09684e+00  0.00000e+00
  15189.26  6895.3125  1.02271e+00  9.58764e-01  1.02269e+00  0.00000e+00
  15217.81  6895.9375  9.64697e-01  1.02385e+00  9.64672e-01  0.00000e+00
  15246.37  6896.5625  9.51960e-01  8.04504e-01  9.51951e-01  0.00000e+00
  15274.92  6897.1875  1.06003e+00  1.12713e+00  1.06003e+00  0.00000e+00
  15303.47  6897.8125  1.13545e+00  1.18576e+00  1.13544e+00  0.00000e+00
  15332.02  6898.4375  1.10489e+00  1.10725e+00  1.10488e+00  0.00000e+00
  15360.57  6899.0625  1.01724e+00  1.05761e+00  1.01723e+00  0.00000e+00
  15389.12  6899.6875  9.36465e-01  8.28741e-01  9.36456e-01  0.00000e+00
  15417.67  6900.3125  9.42437e-01  9.95957e-01  9.42426e-01  0.00000e+00
  15446.22  6900.9375  9.44888e-01  9.42831e-01  9.44881e-01  0.00000e+00
  15474.77  6901.5625  9.63194e-01  8.88812e-01  9.63194e-01  0.00000e+00
  15503.32  6902.1875  1.02470e+00  1.11823e+00  1.02472e+00  0.00000e+00
  15531.88  6902.8125  1.03098e+00  9.89717e-01  1.03101e+00  0.00000e+00
  15560.43  6903.4375  1.02734e+00  1.04713e+00  1.02735e+00  0.00000e+00
  15588.98  6904.0625  1.04039e+00  1.00190e+00  1.04040e+00  0.00000e+00
  15617.53  6904.6875  1.06496e+00  1.12062e+00  1.06496e+00  0.00000e+00
  15646.08  6905.3125  1.10437e+00  9.83551e-01  1.10437e+00  0.00000e+00
  15674.63  6905.9375  1.15322e+00  1.35604e+00  1.15323e+00  0.00000e+00
  15703.18  6906.5625  1.07262e+00  9.57576e-01  1.07263e+00  0.00000e+00
  15731.73  6907.1875  1.02155e+00  1.02542e+00  1.02156e+00  0.00000e+00
  15760.28  6907.8125  9.81273e-01  1.06069e+00  9.81285e-01  0.00000e+00
  15788.84  6908.4375  8.65898e-01  8.23165e-01  8.65892e-01  0.00000e+00
  15817.39  6909.0625  8.14169e-01  7.20306e-01  8.14152e-01  0.00000e+00
  15845.94  6909.6875  8.83293e-01  9.32846e-01  8.83291e-01  0.00000e+00
  15874.49  6910.3125  9.78998e-01  9.17153e-01  9.79019e-01  0.00000e+00
  15903.04  6910.9375  1.06631e+00  1.17032e+00  1.06634e+00  0.00000e+00
  15931.59  6911.5625  1.04051e+00  1.05901e+00  1.04054e+00  0.00000e+00
  15960.14  6912.1875  9.56977e-01  9.14095e-01  9.57019e-01  0.00000e+00
  15988.69  6912.8125  9.43386e-01  8.91766e-01  9.43416e-01  0.00000e+00
  16017.24  6913.4375  9.64058e-01  1.07287e+00  9.64079e-01  0.00000e+00
  16045.79  6914.0625  9.71698e-01  8.01925e-01  9.71698e-01  0.00000e+00
  16074.35  6914.6875  1.07554e+00  1.18448e+00  1.07554e+00  0.00000e+00
  16102.90  6915.3125  1.13242e+00  1.13151e+00  1.13243e+00  0.00000e+00
  16131.45  6915.9375  1.10532e+00  1.14882e+00  1.10534e+00  0.00000e+00
  16160.00  6916.5625  1.03998e+00  9.97032e-01  1.03998e+00  0.00000e+00
  16188.55  6917.1875  9.59560e-01  1.04152e+00  9.59558e-01  0.00000e+00
  16217.10  6917.8125  8.61311e-01  7.52700e-01  8.61319e-01  0.00000e+00
  16245.65  6918.4375  8.76570e-01  8.46865e-01  8.76574e-01  0.00000e+00
  16274.20  6919.0625  9.69336e-01  1.00979e+00  9.69328e-01  0.00000e+00
  16302.75  6919.6875  1.01829e+00  1.03925e+00  1.01827e+00  0.00000e+00
  16331.30  6920.3125  1.03277e+00  1.00041e+00  1.03276e+00  0.00000e+00
  16359.86  6920.9375  1.04344e+00  1.10487e+00  1.04346e+00  0.00000e+00
  16388.41  6921.5625  1.06189e+00  9.37644e-01  1.06191e+00  0.00000e+00
  16416.96  6922.1875  1.12940e+00  1.26745e+00  1.12940e+00  0.00000e+00
  16445.51  6922.8125  1.13723e+00  1.04686e+00  1.13724e+00  0.00000e+00
  16474.06  6923.4375  1.13135e+00  1.23014e+00  1.13138e+00  0.00000e+00
  16502.61  6924.0625  1.13111e+00  9.79429e-01  1.13115e+00  0.00000e+00
  16531.16  6924.6875  1.18988e+00  1.33308e+00  1.18993e+00  0.00000e+00
  16559.71  6925.3125  1.15206e+00  1.14474e+00  1.15209e+00  0.00000e+00
  16588.26  6925.9375  1.07015e+00  1.02417e+00  1.07015e+00  0.00000e+00
  16616.81  6926.5625  1.04859e+00  1.04899e+00  1.04859e+00  0.00000e+00
  16645.37  6927.1875  1.05144e+00  1.05843e+00  1.05145e+00  0.00000e+00
  16673.92  6927.8125  1.06325e+00  1.03797e+00  1.06328e+00  0.00000e+00
  16702.47  6928.4375  1.12580e+00  1.08245e+00  1.12585e+00  0.00000e+00
  16731.02  6929.0625  1.17134e+00  1.32194e+00  1.17137e+00  0.00000e+00
  16759.57  6929.6875  1.07563e+00  1.02681e+00  1.07564e+00  0.00000e+00
  16788.12  6930.3125  1.00558e+00  9.17653e-01  1.00560e+00  0.00000e+00
  16816.67  6930.9375  1.02388e+00  1.11202e+00  1.02391e+00  0.00000e+00
  16845.22  6931.5625  9.85797e-01  9.83062e-01  9.85825e-01  0.00000e+00
  16873.77  6932.1875  9.76021e-01  8.47100e-01  9.76031e-01  0.00000e+00
  16902.33  6932.8125  1.07947e+00  1.17072e+00  1.07948e+00  0.00000e+00
  16930.88  6933.4375  1.10995e+00  1.16636e+00  1.10995e+00  0.00000e+00
  16959.43  6934.0625  1.09186e+00  9.58043e-01  1.09185e+00  0.00000e+00
  16987.98  6934.6875  1.15472e+00  1.25418e+00  1.15471e+00  0.00000e+00
  17016.53  6935.3125  1.16858e+00  1.16316e+00  1.16856e+00  0.00000e+00
  17045.08  6935.9375  1.14453e+00  1.12277e+00  1.14452e+00  0.00000e+00
  17073.63  6936.5625  1.11474e+00  1.17944e+00  1.11474e+00  0.00000e+00
  17102.18  6937.1875  1.09020e+00  9.54283e-01  1.09021e+00  0.00000e+00
  17130.73  6937.8125  1.13396e+00  1.26365e+00  1.13395e+00  0.00000e+00
  17159.28  6938.4375  1.15026e+00  1.03379e+00  1.15024e+00  0.00000e+00
  17187.84  6939.0625  1.15197e+00  1.31318e+00  1.15193e+00  0.00000e+00
  17216.39  6939.6875  1.04520e+00  9.81604e-01  1.04516e+00  0.00000e+00
  17244.94  6940.3125  9.62944e-01  9.05381e-01  9.62928e-01  0.00000e+00
  17273.49  6940.9375  9.62770e-01  1.00985e+00  9.62773e-01  0.00000e+00
  17302.04  6941.5625  9.53739e-01  9.28817e-01  9.53737e-01  0.00000e+00
  17330.59  6942.1875  9.79840e-01  9.32678e-01  9.79832e-01  0.00000e+00
  17359.14  6942.8125  1.07805e+00  1.08041e+00  1.07806e+00  0.00000e+00
  17387.69  6943.4375  1.14675e+00  1.23803e+00  1.14676e+00  0.00000e+00
  17416.24  6944.0625  1.08860e+00  1.10034e+00  1.08859e+00  0.00000e+00
  17444.79  6944.6875  1.00061e+00  9.33859e-01  1.00058e+00  0.00000e+00
  17473.35  6945.3125  1.00534e+00  9.80518e-01  1.00532e+00  0.00000e+00
  17501.90  6945.9375  1.05230e+00  1.10028e+00  1.05230e+00  0.00000e+00
  17530.45  6946.5625  1.02141e+00  1.07911e+00  1.02141e+00  0.00000e+00
  17559.00  6947.1875  9.58597e-01  8.36477e-01  9.58570e-01  0.00000e+00
  17587.55  6947.8125  1.01308e+00  1.02880e+00  1.01307e+00  0.00000e+00
  17616.10  6948.4375  1.11495e+00  1.11314e+00  1.11497e+00  0.00000e+00
  17644.65  6949.0625  1.12536e+00  1.27651e+00  1.12536e+00  0.00000e+00
  17673.20  6949.6875  1.00575e+00  8.94470e-01  1.00572e+00  0.00000e+00
