# day080  epoch=80.0d  L_Halpha=2.591e+40 erg/s  smooth_kms=25.0
# Columns:
#   1: Δv [km/s]      velocity offset from Hα (6562.81 Å), positive = redshift
#   2: lambda [Å]     observed wavelength
#   3: F_norm         total flux, smoothed, normalized to F_cont_baseline
#   4: F_norm_raw     total flux, RAW MC (no velocity smoothing)
#   5: F_cont_smooth  continuum-channel flux (continuum photons only)
#   6: F_vol_smooth   volumetric-channel flux (line emission contribution)
# Format: F_norm ≈ F_cont_smooth + F_vol_smooth (within MC noise)
# ----------------------------------------------------------------------------------------
 -16559.48  6200.3125  4.15978e-01  3.64464e-01  4.15978e-01  0.00000e+00
 -16530.93  6200.9375  4.79661e-01  5.37719e-01  4.79661e-01  0.00000e+00
 -16502.38  6201.5625  5.09249e-01  4.88628e-01  5.09249e-01  0.00000e+00
 -16473.83  6202.1875  4.96585e-01  5.59280e-01  4.96585e-01  0.00000e+00
 -16445.28  6202.8125  4.47352e-01  3.86832e-01  4.47352e-01  0.00000e+00
 -16416.73  6203.4375  4.37500e-01  4.43194e-01  4.37500e-01  0.00000e+00
 -16388.18  6204.0625  4.40144e-01  4.63333e-01  4.40144e-01  0.00000e+00
 -16359.63  6204.6875  4.05390e-01  4.16599e-01  4.05390e-01  0.00000e+00
 -16331.08  6205.3125  3.72204e-01  3.20183e-01  3.72204e-01  0.00000e+00
 -16302.53  6205.9375  3.90031e-01  4.08733e-01  3.90031e-01  0.00000e+00
 -16273.97  6206.5625  4.21050e-01  4.08633e-01  4.21050e-01  0.00000e+00
 -16245.42  6207.1875  4.48918e-01  4.66847e-01  4.48918e-01  0.00000e+00
 -16216.87  6207.8125  4.71643e-01  4.49663e-01  4.71643e-01  0.00000e+00
 -16188.32  6208.4375  4.91400e-01  5.30121e-01  4.91400e-01  0.00000e+00
 -16159.77  6209.0625  4.97289e-01  4.52126e-01  4.97289e-01  0.00000e+00
 -16131.22  6209.6875  5.01379e-01  5.69203e-01  5.01379e-01  0.00000e+00
 -16102.67  6210.3125  4.74337e-01  4.18883e-01  4.74337e-01  0.00000e+00
 -16074.12  6210.9375  4.71312e-01  4.85678e-01  4.71312e-01  0.00000e+00
 -16045.57  6211.5625  4.51041e-01  5.01163e-01  4.51041e-01  0.00000e+00
 -16017.01  6212.1875  3.81455e-01  3.45412e-01  3.81455e-01  0.00000e+00
 -15988.46  6212.8125  3.70576e-01  2.98192e-01  3.70576e-01  0.00000e+00
 -15959.91  6213.4375  4.33048e-01  5.04902e-01  4.33048e-01  0.00000e+00
 -15931.36  6214.0625  4.47899e-01  4.44613e-01  4.47899e-01  0.00000e+00
 -15902.81  6214.6875  4.43887e-01  4.12018e-01  4.43887e-01  0.00000e+00
 -15874.26  6215.3125  4.58766e-01  4.96950e-01  4.58766e-01  0.00000e+00
 -15845.71  6215.9375  4.43071e-01  4.42403e-01  4.43071e-01  0.00000e+00
 -15817.16  6216.5625  4.14246e-01  4.01559e-01  4.14246e-01  0.00000e+00
 -15788.61  6217.1875  4.07097e-01  3.95907e-01  4.07097e-01  0.00000e+00
 -15760.06  6217.8125  4.03859e-01  4.36977e-01  4.03859e-01  0.00000e+00
 -15731.50  6218.4375  3.88630e-01  3.48342e-01  3.88630e-01  0.00000e+00
 -15702.95  6219.0625  4.13040e-01  3.99966e-01  4.13040e-01  0.00000e+00
 -15674.40  6219.6875  4.37854e-01  5.06682e-01  4.37854e-01  0.00000e+00
 -15645.85  6220.3125  4.06096e-01  3.63524e-01  4.06096e-01  0.00000e+00
 -15617.30  6220.9375  3.91898e-01  3.87589e-01  3.91898e-01  0.00000e+00
 -15588.75  6221.5625  3.99100e-01  4.12504e-01  3.99100e-01  0.00000e+00
 -15560.20  6222.1875  3.96239e-01  3.90253e-01  3.96239e-01  0.00000e+00
 -15531.65  6222.8125  3.95455e-01  3.92675e-01  3.95455e-01  0.00000e+00
 -15503.10  6223.4375  4.08598e-01  3.95341e-01  4.08598e-01  0.00000e+00
 -15474.55  6224.0625  4.23010e-01  4.53970e-01  4.23010e-01  0.00000e+00
 -15445.99  6224.6875  4.12654e-01  3.98762e-01  4.12654e-01  0.00000e+00
 -15417.44  6225.3125  4.02875e-01  4.02312e-01  4.02875e-01  0.00000e+00
 -15388.89  6225.9375  4.02355e-01  4.00592e-01  4.02355e-01  0.00000e+00
 -15360.34  6226.5625  4.05124e-01  4.04577e-01  4.05124e-01  0.00000e+00
 -15331.79  6227.1875  4.06302e-01  4.12901e-01  4.06302e-01  0.00000e+00
 -15303.24  6227.8125  4.07507e-01  3.91132e-01  4.07507e-01  0.00000e+00
 -15274.69  6228.4375  4.03888e-01  4.45130e-01  4.03888e-01  0.00000e+00
 -15246.14  6229.0625  3.95589e-01  3.26243e-01  3.95589e-01  0.00000e+00
 -15217.59  6229.6875  4.28941e-01  4.72835e-01  4.28941e-01  0.00000e+00
 -15189.03  6230.3125  4.45828e-01  4.41851e-01  4.45828e-01  0.00000e+00
 -15160.48  6230.9375  4.27894e-01  4.56077e-01  4.27894e-01  0.00000e+00
 -15131.93  6231.5625  3.98440e-01  3.57663e-01  3.98440e-01  0.00000e+00
 -15103.38  6232.1875  4.11288e-01  3.99846e-01  4.11288e-01  0.00000e+00
 -15074.83  6232.8125  4.24992e-01  4.90454e-01  4.24992e-01  0.00000e+00
 -15046.28  6233.4375  3.89437e-01  3.41634e-01  3.89437e-01  0.00000e+00
 -15017.73  6234.0625  3.89233e-01  3.68183e-01  3.89233e-01  0.00000e+00
 -14989.18  6234.6875  4.13001e-01  4.65982e-01  4.13001e-01  0.00000e+00
 -14960.63  6235.3125  4.01108e-01  3.66513e-01  4.01108e-01  0.00000e+00
 -14932.08  6235.9375  3.96064e-01  4.08535e-01  3.96064e-01  0.00000e+00
 -14903.52  6236.5625  3.91605e-01  3.95848e-01  3.91605e-01  0.00000e+00
 -14874.97  6237.1875  3.86194e-01  3.68329e-01  3.86194e-01  0.00000e+00
 -14846.42  6237.8125  4.02491e-01  3.98885e-01  4.02491e-01  0.00000e+00
 -14817.87  6238.4375  4.12970e-01  4.49939e-01  4.12970e-01  0.00000e+00
 -14789.32  6239.0625  3.98638e-01  3.63997e-01  3.98638e-01  0.00000e+00
 -14760.77  6239.6875  4.17271e-01  3.98697e-01  4.17271e-01  0.00000e+00
 -14732.22  6240.3125  4.43429e-01  5.07549e-01  4.43429e-01  0.00000e+00
 -14703.67  6240.9375  4.27876e-01  3.74169e-01  4.27876e-01  0.00000e+00
 -14675.12  6241.5625  4.24664e-01  4.60019e-01  4.24664e-01  0.00000e+00
 -14646.57  6242.1875  4.14134e-01  3.98769e-01  4.14134e-01  0.00000e+00
 -14618.01  6242.8125  4.05225e-01  4.03654e-01  4.05225e-01  0.00000e+00
 -14589.46  6243.4375  4.04568e-01  4.09963e-01  4.04568e-01  0.00000e+00
 -14560.91  6244.0625  4.21403e-01  3.81288e-01  4.21403e-01  0.00000e+00
 -14532.36  6244.6875  4.64672e-01  5.02896e-01  4.64672e-01  0.00000e+00
 -14503.81  6245.3125  4.71315e-01  4.89295e-01  4.71315e-01  0.00000e+00
 -14475.26  6245.9375  4.53207e-01  4.18067e-01  4.53207e-01  0.00000e+00
 -14446.71  6246.5625  4.67078e-01  4.72069e-01  4.67078e-01  0.00000e+00
 -14418.16  6247.1875  4.96761e-01  4.90799e-01  4.96761e-01  0.00000e+00
 -14389.61  6247.8125  4.96643e-01  5.56778e-01  4.96643e-01  0.00000e+00
 -14361.06  6248.4375  4.33335e-01  4.12558e-01  4.33335e-01  0.00000e+00
 -14332.50  6249.0625  3.82448e-01  3.48054e-01  3.82448e-01  0.00000e+00
 -14303.95  6249.6875  3.90394e-01  3.86996e-01  3.90394e-01  0.00000e+00
 -14275.40  6250.3125  4.24552e-01  4.21870e-01  4.24552e-01  0.00000e+00
 -14246.85  6250.9375  4.36160e-01  4.85358e-01  4.36160e-01  0.00000e+00
 -14218.30  6251.5625  3.97823e-01  3.76498e-01  3.97823e-01  0.00000e+00
 -14189.75  6252.1875  3.77510e-01  3.44284e-01  3.77510e-01  0.00000e+00
 -14161.20  6252.8125  3.98126e-01  4.23139e-01  3.98126e-01  0.00000e+00
 -14132.65  6253.4375  4.11612e-01  4.01232e-01  4.11612e-01  0.00000e+00
 -14104.10  6254.0625  4.08582e-01  4.37126e-01  4.08582e-01  0.00000e+00
 -14075.54  6254.6875  3.91338e-01  3.59132e-01  3.91338e-01  0.00000e+00
 -14046.99  6255.3125  3.85133e-01  4.13603e-01  3.85133e-01  0.00000e+00
 -14018.44  6255.9375  3.97273e-01  3.31791e-01  3.97273e-01  0.00000e+00
 -13989.89  6256.5625  4.47118e-01  5.05060e-01  4.47118e-01  0.00000e+00
 -13961.34  6257.1875  4.81722e-01  4.38097e-01  4.81722e-01  0.00000e+00
 -13932.79  6257.8125  4.89487e-01  5.79869e-01  4.89487e-01  0.00000e+00
 -13904.24  6258.4375  4.50441e-01  3.67333e-01  4.50441e-01  0.00000e+00
 -13875.69  6259.0625  4.50936e-01  4.81807e-01  4.50936e-01  0.00000e+00
 -13847.14  6259.6875  4.69696e-01  4.49977e-01  4.69696e-01  0.00000e+00
 -13818.59  6260.3125  4.95774e-01  4.97401e-01  4.95774e-01  0.00000e+00
 -13790.03  6260.9375  4.95265e-01  5.57348e-01  4.95265e-01  0.00000e+00
 -13761.48  6261.5625  4.56665e-01  3.81143e-01  4.56665e-01  0.00000e+00
 -13732.93  6262.1875  4.64394e-01  4.90402e-01  4.64394e-01  0.00000e+00
 -13704.38  6262.8125  4.67253e-01  4.92842e-01  4.67253e-01  0.00000e+00
 -13675.83  6263.4375  4.48712e-01  4.03698e-01  4.48712e-01  0.00000e+00
 -13647.28  6264.0625  4.50101e-01  4.90241e-01  4.50101e-01  0.00000e+00
 -13618.73  6264.6875  4.36865e-01  4.15350e-01  4.36865e-01  0.00000e+00
 -13590.18  6265.3125  4.20606e-01  4.37732e-01  4.20606e-01  0.00000e+00
 -13561.63  6265.9375  4.16442e-01  3.74513e-01  4.16442e-01  0.00000e+00
 -13533.08  6266.5625  4.22594e-01  4.85062e-01  4.22594e-01  0.00000e+00
 -13504.52  6267.1875  4.04658e-01  3.47580e-01  4.04658e-01  0.00000e+00
 -13475.97  6267.8125  4.21360e-01  4.28322e-01  4.21360e-01  0.00000e+00
 -13447.42  6268.4375  4.46747e-01  4.71344e-01  4.46747e-01  0.00000e+00
 -13418.87  6269.0625  4.42102e-01  4.32267e-01  4.42102e-01  0.00000e+00
 -13390.32  6269.6875  4.22311e-01  4.46869e-01  4.22311e-01  0.00000e+00
 -13361.77  6270.3125  4.09025e-01  3.51466e-01  4.09025e-01  0.00000e+00
 -13333.22  6270.9375  4.40267e-01  4.68179e-01  4.40267e-01  0.00000e+00
 -13304.67  6271.5625  4.54595e-01  4.78748e-01  4.54595e-01  0.00000e+00
 -13276.12  6272.1875  4.38466e-01  4.10775e-01  4.38466e-01  0.00000e+00
 -13247.56  6272.8125  4.41685e-01  4.43341e-01  4.41685e-01  0.00000e+00
 -13219.01  6273.4375  4.43827e-01  4.70245e-01  4.43827e-01  0.00000e+00
 -13190.46  6274.0625  4.30066e-01  3.97550e-01  4.30066e-01  0.00000e+00
 -13161.91  6274.6875  4.36927e-01  4.47201e-01  4.36927e-01  0.00000e+00
 -13133.36  6275.3125  4.43128e-01  4.53952e-01  4.43128e-01  0.00000e+00
 -13104.81  6275.9375  4.39787e-01  4.20523e-01  4.39787e-01  0.00000e+00
 -13076.26  6276.5625  4.30321e-01  4.75800e-01  4.30321e-01  0.00000e+00
 -13047.71  6277.1875  4.16923e-01  3.37805e-01  4.16923e-01  0.00000e+00
 -13019.16  6277.8125  4.35416e-01  5.14026e-01  4.35416e-01  0.00000e+00
 -12990.61  6278.4375  4.15258e-01  3.84308e-01  4.15258e-01  0.00000e+00
 -12962.05  6279.0625  4.07820e-01  3.78885e-01  4.07820e-01  0.00000e+00
 -12933.50  6279.6875  4.36756e-01  4.68778e-01  4.36756e-01  0.00000e+00
 -12904.95  6280.3125  4.58138e-01  4.27793e-01  4.58138e-01  0.00000e+00
 -12876.40  6280.9375  4.67257e-01  5.25613e-01  4.67257e-01  0.00000e+00
 -12847.85  6281.5625  4.38567e-01  4.00918e-01  4.38567e-01  0.00000e+00
 -12819.30  6282.1875  4.24427e-01  4.26712e-01  4.24427e-01  0.00000e+00
 -12790.75  6282.8125  4.28144e-01  4.27687e-01  4.28144e-01  0.00000e+00
 -12762.20  6283.4375  4.28890e-01  4.35746e-01  4.28890e-01  0.00000e+00
 -12733.65  6284.0625  4.30493e-01  4.12978e-01  4.30493e-01  0.00000e+00
 -12705.10  6284.6875  4.39383e-01  4.60331e-01  4.39383e-01  0.00000e+00
 -12676.54  6285.3125  4.43619e-01  4.21461e-01  4.43619e-01  0.00000e+00
 -12647.99  6285.9375  4.55858e-01  4.71947e-01  4.55858e-01  0.00000e+00
 -12619.44  6286.5625  4.66136e-01  4.55550e-01  4.66136e-01  0.00000e+00
 -12590.89  6287.1875  4.89345e-01  4.77178e-01  4.89345e-01  0.00000e+00
 -12562.34  6287.8125  5.35811e-01  5.29159e-01  5.35811e-01  0.00000e+00
 -12533.79  6288.4375  5.47485e-01  6.34143e-01  5.47485e-01  0.00000e+00
 -12505.24  6289.0625  4.73999e-01  4.34173e-01  4.73999e-01  0.00000e+00
 -12476.69  6289.6875  4.33849e-01  3.77136e-01  4.33849e-01  0.00000e+00
 -12448.14  6290.3125  4.57659e-01  5.13418e-01  4.57659e-01  0.00000e+00
 -12419.58  6290.9375  4.55345e-01  4.34007e-01  4.55345e-01  0.00000e+00
 -12391.03  6291.5625  4.40357e-01  4.55902e-01  4.40357e-01  0.00000e+00
 -12362.48  6292.1875  4.24074e-01  4.11030e-01  4.24074e-01  0.00000e+00
 -12333.93  6292.8125  4.26580e-01  4.10366e-01  4.26580e-01  0.00000e+00
 -12305.38  6293.4375  4.58184e-01  4.56086e-01  4.58184e-01  0.00000e+00
 -12276.83  6294.0625  4.81120e-01  5.17298e-01  4.81120e-01  0.00000e+00
 -12248.28  6294.6875  4.62891e-01  4.55347e-01  4.62891e-01  0.00000e+00
 -12219.73  6295.3125  4.45472e-01  4.23064e-01  4.45472e-01  0.00000e+00
 -12191.18  6295.9375  4.43472e-01  4.72830e-01  4.43472e-01  0.00000e+00
 -12162.63  6296.5625  4.16670e-01  4.17439e-01  4.16670e-01  0.00000e+00
 -12134.07  6297.1875  3.92805e-01  3.60548e-01  3.92805e-01  0.00000e+00
 -12105.52  6297.8125  4.33025e-01  3.91793e-01  4.33025e-01  0.00000e+00
 -12076.97  6298.4375  5.00840e-01  5.78868e-01  5.00840e-01  0.00000e+00
 -12048.42  6299.0625  4.96773e-01  4.87160e-01  4.96773e-01  0.00000e+00
 -12019.87  6299.6875  4.68287e-01  4.54766e-01  4.68287e-01  0.00000e+00
 -11991.32  6300.3125  4.70343e-01  4.53149e-01  4.70343e-01  0.00000e+00
 -11962.77  6300.9375  4.86757e-01  5.18711e-01  4.86757e-01  0.00000e+00
 -11934.22  6301.5625  5.02622e-01  4.45185e-01  5.02622e-01  0.00000e+00
 -11905.67  6302.1875  5.17015e-01  6.20508e-01  5.17015e-01  0.00000e+00
 -11877.12  6302.8125  4.90267e-01  3.83966e-01  4.90267e-01  0.00000e+00
 -11848.56  6303.4375  5.14346e-01  5.59728e-01  5.14346e-01  0.00000e+00
 -11820.01  6304.0625  4.97769e-01  5.72022e-01  4.97769e-01  0.00000e+00
 -11791.46  6304.6875  4.30442e-01  3.09907e-01  4.30442e-01  0.00000e+00
 -11762.91  6305.3125  4.56628e-01  4.87920e-01  4.56628e-01  0.00000e+00
 -11734.36  6305.9375  4.83563e-01  5.31964e-01  4.83563e-01  0.00000e+00
 -11705.81  6306.5625  4.51391e-01  4.18503e-01  4.51391e-01  0.00000e+00
 -11677.26  6307.1875  4.42207e-01  4.26469e-01  4.42207e-01  0.00000e+00
 -11648.71  6307.8125  4.73882e-01  4.69973e-01  4.73882e-01  0.00000e+00
 -11620.16  6308.4375  5.03342e-01  5.33840e-01  5.03342e-01  0.00000e+00
 -11591.60  6309.0625  5.00840e-01  4.90439e-01  5.00840e-01  0.00000e+00
 -11563.05  6309.6875  4.89907e-01  4.98387e-01  4.89907e-01  0.00000e+00
 -11534.50  6310.3125  4.90867e-01  4.57475e-01  4.90867e-01  0.00000e+00
 -11505.95  6310.9375  4.89705e-01  5.60787e-01  4.89705e-01  0.00000e+00
 -11477.40  6311.5625  4.36715e-01  3.99341e-01  4.36715e-01  0.00000e+00
 -11448.85  6312.1875  4.01325e-01  3.86532e-01  4.01325e-01  0.00000e+00
 -11420.30  6312.8125  4.19080e-01  3.96546e-01  4.19080e-01  0.00000e+00
 -11391.75  6313.4375  4.65552e-01  4.84406e-01  4.65552e-01  0.00000e+00
 -11363.20  6314.0625  4.93562e-01  5.04023e-01  4.93562e-01  0.00000e+00
 -11334.65  6314.6875  4.81399e-01  5.09308e-01  4.81399e-01  0.00000e+00
 -11306.09  6315.3125  4.51146e-01  4.06961e-01  4.51146e-01  0.00000e+00
 -11277.54  6315.9375  4.51310e-01  4.70510e-01  4.51310e-01  0.00000e+00
 -11248.99  6316.5625  4.57279e-01  4.47997e-01  4.57279e-01  0.00000e+00
 -11220.44  6317.1875  4.61705e-01  4.66951e-01  4.61705e-01  0.00000e+00
 -11191.89  6317.8125  4.55190e-01  4.71329e-01  4.55190e-01  0.00000e+00
 -11163.34  6318.4375  4.40260e-01  4.12645e-01  4.40260e-01  0.00000e+00
 -11134.79  6319.0625  4.38757e-01  4.61966e-01  4.38757e-01  0.00000e+00
 -11106.24  6319.6875  4.35130e-01  4.14857e-01  4.35130e-01  0.00000e+00
 -11077.69  6320.3125  4.49571e-01  4.41581e-01  4.49571e-01  0.00000e+00
 -11049.14  6320.9375  4.73538e-01  4.94539e-01  4.73538e-01  0.00000e+00
 -11020.58  6321.5625  4.76350e-01  4.73583e-01  4.76350e-01  0.00000e+00
 -10992.03  6322.1875  4.63987e-01  4.74717e-01  4.63987e-01  0.00000e+00
 -10963.48  6322.8125  4.42106e-01  4.36170e-01  4.42106e-01  0.00000e+00
 -10934.93  6323.4375  4.25508e-01  4.19113e-01  4.25508e-01  0.00000e+00
 -10906.38  6324.0625  4.19874e-01  4.22622e-01  4.19874e-01  0.00000e+00
 -10877.83  6324.6875  4.29157e-01  4.04200e-01  4.29157e-01  0.00000e+00
 -10849.28  6325.3125  4.56726e-01  4.78208e-01  4.56726e-01  0.00000e+00
 -10820.73  6325.9375  4.61665e-01  4.77028e-01  4.61665e-01  0.00000e+00
 -10792.18  6326.5625  4.40149e-01  4.29868e-01  4.40149e-01  0.00000e+00
 -10763.62  6327.1875  4.22679e-01  4.21766e-01  4.22679e-01  0.00000e+00
 -10735.07  6327.8125  4.11723e-01  4.14354e-01  4.11723e-01  0.00000e+00
 -10706.52  6328.4375  4.18739e-01  3.84790e-01  4.18739e-01  0.00000e+00
 -10677.97  6329.0625  4.63877e-01  4.69533e-01  4.63877e-01  0.00000e+00
 -10649.42  6329.6875  4.83401e-01  5.48657e-01  4.83401e-01  0.00000e+00
 -10620.87  6330.3125  4.34388e-01  4.01167e-01  4.34388e-01  0.00000e+00
 -10592.32  6330.9375  4.03486e-01  3.80685e-01  4.03486e-01  0.00000e+00
 -10563.77  6331.5625  4.16248e-01  4.23709e-01  4.16248e-01  0.00000e+00
 -10535.22  6332.1875  4.32464e-01  4.38280e-01  4.32464e-01  0.00000e+00
 -10506.67  6332.8125  4.66155e-01  4.13525e-01  4.66155e-01  0.00000e+00
 -10478.11  6333.4375  5.14987e-01  6.00807e-01  5.14987e-01  0.00000e+00
 -10449.56  6334.0625  4.97852e-01  4.71731e-01  4.97852e-01  0.00000e+00
 -10421.01  6334.6875  4.79784e-01  4.53044e-01  4.79784e-01  0.00000e+00
 -10392.46  6335.3125  4.80971e-01  5.30780e-01  4.80971e-01  0.00000e+00
 -10363.91  6335.9375  4.48443e-01  4.22981e-01  4.48443e-01  0.00000e+00
 -10335.36  6336.5625  4.23135e-01  4.19889e-01  4.23135e-01  0.00000e+00
 -10306.81  6337.1875  4.27560e-01  4.07352e-01  4.27560e-01  0.00000e+00
 -10278.26  6337.8125  4.50559e-01  4.69869e-01  4.50559e-01  0.00000e+00
 -10249.71  6338.4375  4.67274e-01  4.55072e-01  4.67274e-01  0.00000e+00
 -10221.16  6339.0625  4.82053e-01  4.91582e-01  4.82053e-01  0.00000e+00
 -10192.60  6339.6875  4.68607e-01  5.07858e-01  4.68607e-01  0.00000e+00
 -10164.05  6340.3125  4.25494e-01  3.78080e-01  4.25494e-01  0.00000e+00
 -10135.50  6340.9375  4.10272e-01  4.30146e-01  4.10272e-01  0.00000e+00
 -10106.95  6341.5625  4.09837e-01  3.86083e-01  4.09837e-01  0.00000e+00
 -10078.40  6342.1875  4.20077e-01  4.38375e-01  4.20077e-01  0.00000e+00
 -10049.85  6342.8125  4.28379e-01  4.13247e-01  4.28379e-01  0.00000e+00
 -10021.30  6343.4375  4.38758e-01  4.50813e-01  4.38758e-01  0.00000e+00
  -9992.75  6344.0625  4.36300e-01  4.48280e-01  4.36300e-01  0.00000e+00
  -9964.20  6344.6875  4.41511e-01  3.86348e-01  4.41511e-01  0.00000e+00
  -9935.65  6345.3125  4.57864e-01  5.49782e-01  4.57864e-01  0.00000e+00
  -9907.09  6345.9375  4.08608e-01  3.73116e-01  4.08608e-01  0.00000e+00
  -9878.54  6346.5625  3.94643e-01  3.22687e-01  3.94643e-01  0.00000e+00
  -9849.99  6347.1875  4.60198e-01  5.16787e-01  4.60198e-01  0.00000e+00
  -9821.44  6347.8125  4.84064e-01  5.03204e-01  4.84064e-01  0.00000e+00
  -9792.89  6348.4375  4.60679e-01  4.44956e-01  4.60679e-01  0.00000e+00
  -9764.34  6349.0625  4.59852e-01  4.33945e-01  4.59852e-01  0.00000e+00
  -9735.79  6349.6875  4.89717e-01  5.09349e-01  4.89717e-01  0.00000e+00
  -9707.24  6350.3125  4.91769e-01  5.22452e-01  4.91769e-01  0.00000e+00
  -9678.69  6350.9375  4.55678e-01  4.32560e-01  4.55678e-01  0.00000e+00
  -9650.13  6351.5625  4.29880e-01  4.32337e-01  4.29880e-01  0.00000e+00
  -9621.58  6352.1875  4.17348e-01  4.11033e-01  4.17348e-01  0.00000e+00
  -9593.03  6352.8125  4.07930e-01  4.17250e-01  4.07930e-01  0.00000e+00
  -9564.48  6353.4375  4.09629e-01  3.77366e-01  4.09629e-01  0.00000e+00
  -9535.93  6354.0625  4.50825e-01  4.45257e-01  4.50825e-01  0.00000e+00
  -9507.38  6354.6875  4.89814e-01  5.37054e-01  4.89814e-01  0.00000e+00
  -9478.83  6355.3125  4.68849e-01  4.73264e-01  4.68849e-01  0.00000e+00
  -9450.28  6355.9375  4.36750e-01  3.96865e-01  4.36750e-01  0.00000e+00
  -9421.73  6356.5625  4.39496e-01  4.64626e-01  4.39496e-01  0.00000e+00
  -9393.18  6357.1875  4.50787e-01  4.19818e-01  4.50787e-01  0.00000e+00
  -9364.62  6357.8125  4.72564e-01  5.00009e-01  4.72564e-01  0.00000e+00
  -9336.07  6358.4375  4.71107e-01  4.78527e-01  4.71107e-01  0.00000e+00
  -9307.52  6359.0625  4.44983e-01  4.44026e-01  4.44983e-01  0.00000e+00
  -9278.97  6359.6875  4.20910e-01  4.11738e-01  4.20910e-01  0.00000e+00
  -9250.42  6360.3125  4.19472e-01  4.01181e-01  4.19472e-01  0.00000e+00
  -9221.87  6360.9375  4.29487e-01  4.61842e-01  4.29487e-01  0.00000e+00
  -9193.32  6361.5625  4.25760e-01  3.94637e-01  4.25760e-01  0.00000e+00
  -9164.77  6362.1875  4.30595e-01  4.54717e-01  4.30595e-01  0.00000e+00
  -9136.22  6362.8125  4.30881e-01  4.12057e-01  4.30881e-01  0.00000e+00
  -9107.67  6363.4375  4.16026e-01  4.62123e-01  4.16026e-01  0.00000e+00
  -9079.11  6364.0625  3.75871e-01  3.34939e-01  3.75871e-01  0.00000e+00
  -9050.56  6364.6875  3.76923e-01  3.52802e-01  3.76923e-01  0.00000e+00
  -9022.01  6365.3125  4.18703e-01  4.42786e-01  4.18703e-01  0.00000e+00
  -8993.46  6365.9375  4.39689e-01  4.46315e-01  4.39689e-01  0.00000e+00
  -8964.91  6366.5625  4.26341e-01  4.46345e-01  4.26341e-01  0.00000e+00
  -8936.36  6367.1875  3.93622e-01  3.74401e-01  3.93622e-01  0.00000e+00
  -8907.81  6367.8125  3.83367e-01  3.67953e-01  3.83367e-01  0.00000e+00
  -8879.26  6368.4375  4.01077e-01  4.07912e-01  4.01077e-01  0.00000e+00
  -8850.71  6369.0625  4.27053e-01  4.13370e-01  4.27053e-01  0.00000e+00
  -8822.15  6369.6875  4.49275e-01  4.78871e-01  4.49275e-01  0.00000e+00
  -8793.60  6370.3125  4.34544e-01  4.44582e-01  4.34544e-01  0.00000e+00
  -8765.05  6370.9375  4.02081e-01  3.81795e-01  4.02081e-01  0.00000e+00
  -8736.50  6371.5625  4.00712e-01  3.78830e-01  4.00712e-01  0.00000e+00
  -8707.95  6372.1875  4.03926e-01  4.67592e-01  4.03926e-01  0.00000e+00
  -8679.40  6372.8125  3.72673e-01  3.12305e-01  3.72673e-01  0.00000e+00
  -8650.85  6373.4375  3.82138e-01  3.84674e-01  3.82138e-01  0.00000e+00
  -8622.30  6374.0625  4.17529e-01  4.27211e-01  4.17529e-01  0.00000e+00
  -8593.75  6374.6875  4.51956e-01  4.32513e-01  4.51956e-01  0.00000e+00
  -8565.20  6375.3125  4.94986e-01  5.10739e-01  4.94986e-01  0.00000e+00
  -8536.64  6375.9375  5.01229e-01  5.49443e-01  5.01229e-01  0.00000e+00
  -8508.09  6376.5625  4.67590e-01  4.09548e-01  4.67590e-01  0.00000e+00
  -8479.54  6377.1875  4.49149e-01  5.04054e-01  4.49149e-01  0.00000e+00
  -8450.99  6377.8125  4.09238e-01  3.81010e-01  4.09238e-01  0.00000e+00
  -8422.44  6378.4375  3.93176e-01  3.63503e-01  3.93176e-01  0.00000e+00
  -8393.89  6379.0625  4.22083e-01  4.37978e-01  4.22083e-01  0.00000e+00
  -8365.34  6379.6875  4.46592e-01  4.51621e-01  4.46592e-01  0.00000e+00
  -8336.79  6380.3125  4.64510e-01  4.45144e-01  4.64510e-01  0.00000e+00
  -8308.24  6380.9375  4.56716e-01  5.40021e-01  4.56716e-01  0.00000e+00
  -8279.69  6381.5625  3.97109e-01  3.17404e-01  3.97109e-01  0.00000e+00
  -8251.13  6382.1875  3.82464e-01  4.01288e-01  3.82464e-01  0.00000e+00
  -8222.58  6382.8125  3.88634e-01  3.89681e-01  3.88634e-01  0.00000e+00
  -8194.03  6383.4375  3.99053e-01  3.73021e-01  3.99053e-01  0.00000e+00
  -8165.48  6384.0625  4.16270e-01  4.61005e-01  4.16270e-01  0.00000e+00
  -8136.93  6384.6875  4.02913e-01  3.82059e-01  4.02913e-01  0.00000e+00
  -8108.38  6385.3125  4.03573e-01  3.82842e-01  4.03573e-01  0.00000e+00
  -8079.83  6385.9375  4.38079e-01  4.44012e-01  4.38079e-01  0.00000e+00
  -8051.28  6386.5625  4.54348e-01  4.95028e-01  4.54348e-01  0.00000e+00
  -8022.73  6387.1875  4.32966e-01  4.01014e-01  4.32966e-01  0.00000e+00
  -7994.17  6387.8125  4.31192e-01  4.26078e-01  4.31192e-01  0.00000e+00
  -7965.62  6388.4375  4.33186e-01  4.69486e-01  4.33186e-01  0.00000e+00
  -7937.07  6389.0625  4.07723e-01  3.80304e-01  4.07723e-01  0.00000e+00
  -7908.52  6389.6875  4.00001e-01  3.95236e-01  4.00001e-01  0.00000e+00
  -7879.97  6390.3125  4.18159e-01  4.11880e-01  4.18159e-01  0.00000e+00
  -7851.42  6390.9375  4.49926e-01  4.45343e-01  4.49926e-01  0.00000e+00
  -7822.87  6391.5625  4.69006e-01  5.09193e-01  4.69006e-01  0.00000e+00
  -7794.32  6392.1875  4.64679e-01  4.16564e-01  4.64679e-01  0.00000e+00
  -7765.77  6392.8125  4.65551e-01  5.24049e-01  4.65551e-01  0.00000e+00
  -7737.22  6393.4375  4.30406e-01  4.07524e-01  4.30406e-01  0.00000e+00
  -7708.66  6394.0625  3.98781e-01  3.88430e-01  3.98781e-01  0.00000e+00
  -7680.11  6394.6875  4.02922e-01  3.86155e-01  4.02922e-01  0.00000e+00
  -7651.56  6395.3125  4.32689e-01  4.37856e-01  4.32689e-01  0.00000e+00
  -7623.01  6395.9375  4.50233e-01  4.75436e-01  4.50233e-01  0.00000e+00
  -7594.46  6396.5625  4.25847e-01  4.37598e-01  4.25847e-01  0.00000e+00
  -7565.91  6397.1875  3.96149e-01  3.52366e-01  3.96149e-01  0.00000e+00
  -7537.36  6397.8125  4.06222e-01  4.25642e-01  4.06222e-01  0.00000e+00
  -7508.81  6398.4375  4.31781e-01  4.03672e-01  4.31781e-01  0.00000e+00
  -7480.26  6399.0625  4.52239e-01  5.07791e-01  4.52239e-01  0.00000e+00
  -7451.71  6399.6875  4.40255e-01  3.97268e-01  4.40255e-01  2.21750e-08
  -7423.15  6400.3125  4.38461e-01  4.61329e-01  4.38459e-01  2.15124e-06
  -7394.60  6400.9375  4.24411e-01  4.37575e-01  4.24353e-01  5.75623e-05
  -7366.05  6401.5625  4.13303e-01  3.55288e-01  4.12857e-01  4.45951e-04
  -7337.50  6402.1875  4.31750e-01  4.99484e-01  4.30619e-01  1.13031e-03
  -7308.95  6402.8125  4.32310e-01  3.69694e-01  4.31194e-01  1.11529e-03
  -7280.40  6403.4375  4.67613e-01  4.80623e-01  4.67181e-01  4.31920e-04
  -7251.85  6404.0625  4.91149e-01  5.42688e-01  4.91093e-01  5.53409e-05
  -7223.30  6404.6875  4.62333e-01  4.25601e-01  4.62331e-01  2.06354e-06
  -7194.75  6405.3125  4.46365e-01  4.52088e-01  4.46365e-01  2.12524e-08
  -7166.19  6405.9375  4.28451e-01  4.54155e-01  4.28451e-01  0.00000e+00
  -7137.64  6406.5625  3.89493e-01  3.66706e-01  3.89493e-01  0.00000e+00
  -7109.09  6407.1875  3.89741e-01  3.44966e-01  3.89741e-01  0.00000e+00
  -7080.54  6407.8125  4.17433e-01  4.93539e-01  4.17433e-01  0.00000e+00
  -7051.99  6408.4375  3.89960e-01  3.61455e-01  3.89960e-01  0.00000e+00
  -7023.44  6409.0625  3.78684e-01  3.41453e-01  3.78684e-01  0.00000e+00
  -6994.89  6409.6875  4.33646e-01  4.27321e-01  4.33646e-01  0.00000e+00
  -6966.34  6410.3125  4.83764e-01  5.45832e-01  4.83764e-01  0.00000e+00
  -6937.79  6410.9375  4.68424e-01  4.47568e-01  4.68424e-01  0.00000e+00
  -6909.24  6411.5625  4.40104e-01  4.46113e-01  4.40104e-01  0.00000e+00
  -6880.68  6412.1875  4.22395e-01  4.10069e-01  4.22395e-01  0.00000e+00
  -6852.13  6412.8125  4.27891e-01  4.12138e-01  4.27891e-01  0.00000e+00
  -6823.58  6413.4375  4.56365e-01  4.60947e-01  4.56365e-01  0.00000e+00
  -6795.03  6414.0625  4.49776e-01  5.19756e-01  4.49776e-01  0.00000e+00
  -6766.48  6414.6875  4.09059e-01  3.03865e-01  4.09059e-01  0.00000e+00
  -6737.93  6415.3125  4.25369e-01  4.93537e-01  4.25369e-01  0.00000e+00
  -6709.38  6415.9375  4.25124e-01  4.04930e-01  4.25124e-01  0.00000e+00
  -6680.83  6416.5625  4.27893e-01  4.06834e-01  4.27893e-01  0.00000e+00
  -6652.28  6417.1875  4.83751e-01  4.54868e-01  4.83751e-01  0.00000e+00
  -6623.73  6417.8125  5.45026e-01  6.20408e-01  5.45026e-01  0.00000e+00
  -6595.17  6418.4375  5.09547e-01  5.36281e-01  5.09547e-01  0.00000e+00
  -6566.62  6419.0625  4.31033e-01  3.69772e-01  4.31033e-01  0.00000e+00
  -6538.07  6419.6875  4.19126e-01  4.11340e-01  4.19126e-01  0.00000e+00
  -6509.52  6420.3125  4.33626e-01  4.68666e-01  4.33626e-01  0.00000e+00
  -6480.97  6420.9375  4.23354e-01  3.98495e-01  4.23354e-01  0.00000e+00
  -6452.42  6421.5625  4.29148e-01  4.23064e-01  4.29148e-01  0.00000e+00
  -6423.87  6422.1875  4.61064e-01  4.52667e-01  4.61064e-01  0.00000e+00
  -6395.32  6422.8125  4.89946e-01  5.21527e-01  4.89946e-01  0.00000e+00
  -6366.77  6423.4375  4.89275e-01  4.77707e-01  4.89275e-01  0.00000e+00
  -6338.21  6424.0625  4.89572e-01  4.80655e-01  4.89572e-01  0.00000e+00
  -6309.66  6424.6875  4.90033e-01  5.19804e-01  4.90033e-01  0.00000e+00
  -6281.11  6425.3125  4.64290e-01  4.52538e-01  4.64290e-01  0.00000e+00
  -6252.56  6425.9375  4.45706e-01  4.29601e-01  4.45706e-01  0.00000e+00
  -6224.01  6426.5625  4.45886e-01  4.60847e-01  4.45886e-01  2.13675e-08
  -6195.46  6427.1875  4.39088e-01  4.33930e-01  4.39086e-01  2.05242e-06
  -6166.91  6427.8125  4.25487e-01  4.35034e-01  4.25434e-01  5.34992e-05
  -6138.36  6428.4375  4.13247e-01  3.93157e-01  4.12868e-01  3.78438e-04
  -6109.81  6429.0625  4.12180e-01  4.30976e-01  4.11454e-01  7.26459e-04
  -6081.26  6429.6875  4.20105e-01  3.81193e-01  4.19726e-01  3.78438e-04
  -6052.70  6430.3125  4.43534e-01  4.86348e-01  4.43481e-01  5.34992e-05
  -6024.15  6430.9375  4.36351e-01  4.29312e-01  4.36349e-01  2.05514e-06
  -5995.60  6431.5625  4.06362e-01  4.22669e-01  4.06362e-01  2.85770e-07
  -5967.05  6432.1875  3.95283e-01  3.28008e-01  3.95276e-01  7.12048e-06
  -5938.50  6432.8125  4.12502e-01  5.00636e-01  4.12446e-01  5.63236e-05
  -5909.95  6433.4375  3.83404e-01  3.33742e-01  3.83254e-01  1.50246e-04
  -5881.40  6434.0625  3.85089e-01  3.57891e-01  3.84929e-01  1.59135e-04
  -5852.85  6434.6875  4.34244e-01  4.59156e-01  4.34179e-01  6.46226e-05
  -5824.30  6435.3125  4.55026e-01  4.79143e-01  4.55018e-01  8.43886e-06
  -5795.75  6435.9375  4.50062e-01  4.14402e-01  4.50061e-01  7.41540e-07
  -5767.19  6436.5625  4.61879e-01  4.87297e-01  4.61868e-01  1.10884e-05
  -5738.64  6437.1875  4.62585e-01  4.59586e-01  4.62506e-01  7.84129e-05
  -5710.09  6437.8125  4.56161e-01  4.52214e-01  4.56010e-01  1.50523e-04
  -5681.54  6438.4375  4.65720e-01  4.47212e-01  4.65642e-01  7.84129e-05
  -5652.99  6439.0625  4.77556e-01  5.20164e-01  4.77545e-01  1.10851e-05
  -5624.44  6439.6875  4.58636e-01  4.33140e-01  4.58636e-01  4.25264e-07
  -5595.89  6440.3125  4.39286e-01  4.57241e-01  4.39286e-01  2.59978e-08
  -5567.34  6440.9375  4.37115e-01  3.89039e-01  4.37113e-01  2.07191e-06
  -5538.79  6441.5625  4.52394e-01  5.14715e-01  4.52340e-01  5.40072e-05
  -5510.24  6442.1875  4.33171e-01  4.00059e-01  4.32789e-01  3.82032e-04
  -5481.68  6442.8125  4.23761e-01  4.21107e-01  4.23027e-01  7.33357e-04
  -5453.13  6443.4375  4.36631e-01  4.32931e-01  4.36249e-01  3.82032e-04
  -5424.58  6444.0625  4.33568e-01  4.75597e-01  4.33513e-01  5.40072e-05
  -5396.03  6444.6875  4.10349e-01  3.54561e-01  4.10347e-01  2.09394e-06
  -5367.48  6445.3125  4.32205e-01  4.37925e-01  4.32203e-01  2.13734e-06
  -5338.93  6445.9375  4.67761e-01  4.85495e-01  4.67705e-01  5.51720e-05
  -5310.38  6446.5625  4.72063e-01  4.82955e-01  4.71671e-01  3.92229e-04
  -5281.83  6447.1875  4.61830e-01  4.43280e-01  4.61024e-01  8.06305e-04
  -5253.28  6447.8125  4.62911e-01  4.71116e-01  4.62052e-01  8.59247e-04
  -5224.72  6448.4375  4.43580e-01  4.80265e-01  4.42173e-01  1.40627e-03
  -5196.17  6449.0625  4.04638e-01  3.48186e-01  4.03027e-01  1.61130e-03
  -5167.62  6449.6875  4.08698e-01  4.25006e-01  4.07870e-01  8.27876e-04
  -5139.07  6450.3125  4.26105e-01  4.22798e-01  4.25522e-01  5.83183e-04
  -5110.52  6450.9375  4.38506e-01  4.39626e-01  4.37380e-01  1.12652e-03
  -5081.97  6451.5625  4.37939e-01  4.59929e-01  4.36783e-01  1.15631e-03
  -5053.42  6452.1875  4.17593e-01  4.01164e-01  4.16780e-01  8.13313e-04
  -5024.87  6452.8125  4.07234e-01  4.04057e-01  4.06438e-01  7.95596e-04
  -4996.32  6453.4375  4.04958e-01  4.16493e-01  4.04570e-01  3.87969e-04
  -4967.77  6454.0625  4.15511e-01  3.70280e-01  4.15454e-01  5.66748e-05
  -4939.21  6454.6875  4.47641e-01  5.00582e-01  4.47584e-01  5.68784e-05
  -4910.66  6455.3125  4.43472e-01  4.33172e-01  4.43079e-01  3.93485e-04
  -4882.11  6455.9375  4.39742e-01  4.09388e-01  4.38828e-01  9.14096e-04
  -4853.56  6456.5625  4.59395e-01  4.94198e-01  4.57679e-01  1.71609e-03
  -4825.01  6457.1875  4.46360e-01  4.57335e-01  4.42833e-01  3.52635e-03
  -4796.46  6457.8125  4.26284e-01  3.79434e-01  4.22047e-01  4.23757e-03
  -4767.91  6458.4375  4.47052e-01  4.68680e-01  4.43132e-01  3.92005e-03
  -4739.36  6459.0625  4.55738e-01  4.76145e-01  4.52021e-01  3.71666e-03
  -4710.81  6459.6875  4.45276e-01  4.13247e-01  4.42622e-01  2.65384e-03
  -4682.26  6460.3125  4.63861e-01  4.60932e-01  4.62708e-01  1.15240e-03
  -4653.70  6460.9375  4.67787e-01  5.33626e-01  4.65910e-01  1.87652e-03
  -4625.15  6461.5625  4.34488e-01  3.55561e-01  4.29976e-01  4.51179e-03
  -4596.60  6462.1875  4.59650e-01  4.67215e-01  4.54838e-01  4.81247e-03
  -4568.05  6462.8125  4.80277e-01  5.49832e-01  4.75978e-01  4.29902e-03
  -4539.50  6463.4375  4.42304e-01  3.81676e-01  4.35677e-01  6.62732e-03
  -4510.95  6464.0625  4.29790e-01  4.50394e-01  4.22878e-01  6.91177e-03
  -4482.40  6464.6875  4.21386e-01  4.28669e-01  4.16375e-01  5.01054e-03
  -4453.85  6465.3125  4.17953e-01  3.74938e-01  4.13797e-01  4.15611e-03
  -4425.30  6465.9375  4.46706e-01  4.79017e-01  4.43032e-01  3.67404e-03
  -4396.74  6466.5625  4.51018e-01  4.63150e-01  4.47087e-01  3.93089e-03
  -4368.19  6467.1875  4.25172e-01  4.19451e-01  4.20771e-01  4.40094e-03
  -4339.64  6467.8125  4.12104e-01  3.88948e-01  4.07448e-01  4.65591e-03
  -4311.09  6468.4375  4.24859e-01  4.38086e-01  4.18720e-01  6.13890e-03
  -4282.54  6469.0625  4.27352e-01  4.36780e-01  4.21637e-01  5.71461e-03
  -4253.99  6469.6875  3.93472e-01  4.24242e-01  3.88287e-01  5.18434e-03
  -4225.44  6470.3125  3.50212e-01  2.85530e-01  3.45142e-01  5.06987e-03
  -4196.89  6470.9375  3.52438e-01  3.91109e-01  3.46962e-01  5.47631e-03
  -4168.34  6471.5625  3.67532e-01  3.22241e-01  3.59901e-01  7.63111e-03
  -4139.79  6472.1875  3.98624e-01  4.37280e-01  3.88897e-01  9.72687e-03
  -4111.23  6472.8125  4.12426e-01  4.00592e-01  4.03493e-01  8.93327e-03
  -4082.68  6473.4375  4.38254e-01  4.07256e-01  4.29407e-01  8.84658e-03
  -4054.13  6474.0625  4.94827e-01  5.19364e-01  4.85126e-01  9.70117e-03
  -4025.58  6474.6875  5.10599e-01  5.57267e-01  4.99115e-01  1.14833e-02
  -3997.03  6475.3125  4.70326e-01  4.38216e-01  4.57358e-01  1.29680e-02
  -3968.48  6475.9375  4.53905e-01  4.35081e-01  4.42939e-01  1.09652e-02
  -3939.93  6476.5625  4.59109e-01  4.96168e-01  4.50938e-01  8.17095e-03
  -3911.38  6477.1875  4.42046e-01  4.15675e-01  4.33971e-01  8.07545e-03
  -3882.83  6477.8125  4.15148e-01  4.54899e-01  4.05420e-01  9.72759e-03
  -3854.28  6478.4375  3.73480e-01  3.37509e-01  3.62420e-01  1.10602e-02
  -3825.72  6479.0625  3.84468e-01  3.35670e-01  3.72571e-01  1.18974e-02
  -3797.17  6479.6875  4.47304e-01  5.02890e-01  4.35039e-01  1.22654e-02
  -3768.62  6480.3125  4.64030e-01  4.67231e-01  4.51104e-01  1.29255e-02
  -3740.07  6480.9375  4.34051e-01  4.54694e-01  4.19898e-01  1.41528e-02
  -3711.52  6481.5625  4.13796e-01  3.43943e-01  3.97418e-01  1.63775e-02
  -3682.97  6482.1875  4.48497e-01  4.89636e-01  4.25152e-01  2.33446e-02
  -3654.42  6482.8125  4.57930e-01  4.80377e-01  4.31860e-01  2.60695e-02
  -3625.87  6483.4375  4.45054e-01  3.95870e-01  4.21126e-01  2.39274e-02
  -3597.32  6484.0625  4.86202e-01  4.76525e-01  4.60551e-01  2.56509e-02
  -3568.76  6484.6875  5.28570e-01  5.99043e-01  5.02555e-01  2.60158e-02
  -3540.21  6485.3125  5.16714e-01  4.61752e-01  4.91853e-01  2.48603e-02
  -3511.66  6485.9375  5.17734e-01  5.47933e-01  4.91426e-01  2.63085e-02
  -3483.11  6486.5625  5.16296e-01  5.04640e-01  4.86826e-01  2.94696e-02
  -3454.56  6487.1875  5.09239e-01  5.17533e-01  4.80402e-01  2.88373e-02
  -3426.01  6487.8125  5.00286e-01  4.93967e-01  4.71672e-01  2.86136e-02
  -3397.46  6488.4375  4.85995e-01  5.02980e-01  4.55328e-01  3.06671e-02
  -3368.91  6489.0625  4.71966e-01  4.38883e-01  4.42263e-01  2.97033e-02
  -3340.36  6489.6875  4.78196e-01  5.00190e-01  4.51477e-01  2.67183e-02
  -3311.81  6490.3125  4.70270e-01  4.80712e-01  4.40736e-01  2.95346e-02
  -3283.25  6490.9375  4.70565e-01  4.11148e-01  4.34762e-01  3.58031e-02
  -3254.70  6491.5625  5.10049e-01  5.63119e-01  4.66502e-01  4.35466e-02
  -3226.15  6492.1875  5.02972e-01  5.24522e-01  4.56279e-01  4.66929e-02
  -3197.60  6492.8125  4.64857e-01  4.17345e-01  4.14620e-01  5.02368e-02
  -3169.05  6493.4375  4.59986e-01  4.85434e-01  4.07162e-01  5.28243e-02
  -3140.50  6494.0625  4.57228e-01  4.47474e-01  4.06465e-01  5.07630e-02
  -3111.95  6494.6875  4.81918e-01  4.29920e-01  4.34806e-01  4.71119e-02
  -3083.40  6495.3125  5.27388e-01  6.21230e-01  4.80887e-01  4.65016e-02
  -3054.85  6495.9375  5.39016e-01  4.38797e-01  4.71258e-01  6.77580e-02
  -3026.30  6496.5625  6.06018e-01  6.45276e-01  4.75143e-01  1.30876e-01
  -2997.74  6497.1875  6.84452e-01  6.69243e-01  4.71802e-01  2.12650e-01
  -2969.19  6497.8125  7.11056e-01  8.00636e-01  4.62396e-01  2.48660e-01
  -2940.64  6498.4375  6.67524e-01  5.93646e-01  4.28221e-01  2.39304e-01
  -2912.09  6499.0625  6.16371e-01  7.07164e-01  3.79453e-01  2.36918e-01
  -2883.54  6499.6875  5.38058e-01  4.54265e-01  2.89747e-01  2.48311e-01
  -2854.99  6500.3125  5.38389e-01  5.02942e-01  2.64375e-01  2.74014e-01
  -2826.44  6500.9375  5.93697e-01  6.60893e-01  2.73783e-01  3.19914e-01
  -2797.89  6501.5625  5.95171e-01  5.75178e-01  2.28787e-01  3.66384e-01
  -2769.34  6502.1875  5.75287e-01  5.92186e-01  1.74890e-01  4.00397e-01
  -2740.78  6502.8125  5.72197e-01  5.17234e-01  1.64796e-01  4.07401e-01
  -2712.23  6503.4375  5.65653e-01  6.80984e-01  1.84782e-01  3.80871e-01
  -2683.68  6504.0625  4.87126e-01  4.06038e-01  1.61086e-01  3.26040e-01
  -2655.13  6504.6875  4.49400e-01  4.48437e-01  1.24595e-01  3.24805e-01
  -2626.58  6505.3125  4.60780e-01  4.56604e-01  1.01030e-01  3.59750e-01
  -2598.03  6505.9375  4.79094e-01  4.82067e-01  1.01276e-01  3.77818e-01
  -2569.48  6506.5625  4.92281e-01  4.99606e-01  1.01205e-01  3.91075e-01
  -2540.93  6507.1875  5.06025e-01  4.82437e-01  1.10711e-01  3.95314e-01
  -2512.38  6507.8125  5.05916e-01  5.75166e-01  1.20535e-01  3.85380e-01
  -2483.83  6508.4375  4.54625e-01  4.12716e-01  9.81680e-02  3.56457e-01
  -2455.27  6509.0625  4.45318e-01  3.96324e-01  8.98181e-02  3.55500e-01
  -2426.72  6509.6875  4.80343e-01  5.54503e-01  9.58656e-02  3.84477e-01
  -2398.17  6510.3125  4.64440e-01  4.38193e-01  7.56041e-02  3.88836e-01
  -2369.62  6510.9375  4.54592e-01  4.28831e-01  6.69484e-02  3.87644e-01
  -2341.07  6511.5625  4.71755e-01  5.05851e-01  7.17779e-02  3.99977e-01
  -2312.52  6512.1875  4.57230e-01  4.61514e-01  6.06351e-02  3.96595e-01
  -2283.97  6512.8125  4.15525e-01  4.19956e-01  4.10592e-02  3.74466e-01
  -2255.42  6513.4375  3.84926e-01  3.49930e-01  3.93513e-02  3.45575e-01
  -2226.87  6514.0625  3.91954e-01  4.04104e-01  4.81218e-02  3.43832e-01
  -2198.32  6514.6875  4.18378e-01  3.91004e-01  6.45289e-02  3.53849e-01
  -2169.76  6515.3125  4.39579e-01  5.00899e-01  7.27233e-02  3.66856e-01
  -2141.21  6515.9375  4.24889e-01  3.74438e-01  5.04017e-02  3.74487e-01
  -2112.66  6516.5625  4.27056e-01  4.50902e-01  4.51096e-02  3.81947e-01
  -2084.11  6517.1875  4.32204e-01  4.22697e-01  5.45878e-02  3.77616e-01
  -2055.56  6517.8125  4.45511e-01  4.31566e-01  5.96995e-02  3.85812e-01
  -2027.01  6518.4375  4.75433e-01  4.85761e-01  5.60100e-02  4.19423e-01
  -1998.46  6519.0625  4.91568e-01  5.08033e-01  6.01956e-02  4.31373e-01
  -1969.91  6519.6875  4.97090e-01  4.65403e-01  6.37208e-02  4.33369e-01
  -1941.36  6520.3125  5.00030e-01  5.59450e-01  6.36161e-02  4.36414e-01
  -1912.80  6520.9375  4.68832e-01  4.23579e-01  5.36333e-02  4.15199e-01
  -1884.25  6521.5625  4.45752e-01  4.75341e-01  4.92083e-02  3.96543e-01
  -1855.70  6522.1875  4.23791e-01  4.00726e-01  4.74167e-02  3.76374e-01
  -1827.15  6522.8125  4.35301e-01  4.02024e-01  4.90305e-02  3.86270e-01
  -1798.60  6523.4375  4.82834e-01  5.18276e-01  5.91924e-02  4.23641e-01
  -1770.05  6524.0625  5.06906e-01  5.01881e-01  5.89811e-02  4.47925e-01
  -1741.50  6524.6875  5.15247e-01  5.19814e-01  4.81931e-02  4.67054e-01
  -1712.95  6525.3125  5.37741e-01  5.09444e-01  3.63108e-02  5.01431e-01
  -1684.40  6525.9375  6.17426e-01  5.80223e-01  3.67217e-02  5.80704e-01
  -1655.85  6526.5625  7.47265e-01  7.71234e-01  3.96594e-02  7.07605e-01
  -1627.29  6527.1875  8.30416e-01  8.92591e-01  3.47676e-02  7.95649e-01
  -1598.74  6527.8125  8.12454e-01  8.23031e-01  2.68304e-02  7.85624e-01
  -1570.19  6528.4375  7.73544e-01  7.20860e-01  3.30559e-02  7.40488e-01
  -1541.64  6529.0625  7.91253e-01  7.99207e-01  5.30405e-02  7.38213e-01
  -1513.09  6529.6875  8.21171e-01  8.36540e-01  6.11160e-02  7.60055e-01
  -1484.54  6530.3125  8.34627e-01  8.22700e-01  3.80671e-02  7.96560e-01
  -1455.99  6530.9375  8.54465e-01  8.55232e-01  2.58118e-02  8.28653e-01
  -1427.44  6531.5625  8.90684e-01  8.72332e-01  2.81117e-02  8.62573e-01
  -1398.89  6532.1875  9.39533e-01  9.57273e-01  3.47230e-02  9.04810e-01
  -1370.34  6532.8125  9.58961e-01  9.88890e-01  5.02526e-02  9.08708e-01
  -1341.78  6533.4375  9.51572e-01  9.11796e-01  6.60619e-02  8.85510e-01
  -1313.23  6534.0625  9.63891e-01  9.88714e-01  7.10640e-02  8.92827e-01
  -1284.68  6534.6875  9.74257e-01  9.60788e-01  6.55247e-02  9.08732e-01
  -1256.13  6535.3125  9.89393e-01  9.91647e-01  5.95253e-02  9.29868e-01
  -1227.58  6535.9375  1.04452e+00  9.85921e-01  5.68452e-02  9.87678e-01
  -1199.03  6536.5625  1.18100e+00  1.17499e+00  6.77146e-02  1.11329e+00
  -1170.48  6537.1875  1.37610e+00  1.35729e+00  7.85417e-02  1.29756e+00
  -1141.93  6537.8125  1.66088e+00  1.55547e+00  7.23236e-02  1.58855e+00
  -1113.38  6538.4375  2.00660e+00  2.15805e+00  5.33946e-02  1.95321e+00
  -1084.83  6539.0625  2.22310e+00  2.20639e+00  5.50995e-02  2.16800e+00
  -1056.27  6539.6875  2.33725e+00  2.39458e+00  8.21942e-02  2.25506e+00
  -1027.72  6540.3125  2.35501e+00  2.39616e+00  8.35214e-02  2.27148e+00
   -999.17  6540.9375  2.28979e+00  2.28341e+00  6.20133e-02  2.22777e+00
   -970.62  6541.5625  2.24317e+00  2.18195e+00  6.38513e-02  2.17931e+00
   -942.07  6542.1875  2.27309e+00  2.28282e+00  7.52154e-02  2.19787e+00
   -913.52  6542.8125  2.29707e+00  2.35159e+00  7.65777e-02  2.22050e+00
   -884.97  6543.4375  2.28998e+00  2.21098e+00  9.09570e-02  2.19902e+00
   -856.42  6544.0625  2.31361e+00  2.38284e+00  1.04396e-01  2.20921e+00
   -827.87  6544.6875  2.31570e+00  2.28189e+00  1.00119e-01  2.21558e+00
   -799.31  6545.3125  2.38855e+00  2.27200e+00  1.18830e-01  2.26972e+00
   -770.76  6545.9375  2.53204e+00  2.70578e+00  1.58413e-01  2.37363e+00
   -742.21  6546.5625  2.56329e+00  2.48654e+00  1.37961e-01  2.42533e+00
   -713.66  6547.1875  2.62058e+00  2.58166e+00  1.13759e-01  2.50682e+00
   -685.11  6547.8125  2.81838e+00  2.75030e+00  1.19740e-01  2.69864e+00
   -656.56  6548.4375  3.23818e+00  3.05260e+00  1.14008e-01  3.12417e+00
   -628.01  6549.0625  3.79325e+00  4.04534e+00  1.45364e-01  3.64789e+00
   -599.46  6549.6875  4.09124e+00  4.14920e+00  1.89731e-01  3.90151e+00
   -570.91  6550.3125  4.15801e+00  4.16592e+00  1.97546e-01  3.96046e+00
   -542.36  6550.9375  4.14239e+00  4.19428e+00  1.54390e-01  3.98800e+00
   -513.80  6551.5625  4.10707e+00  4.00998e+00  1.26987e-01  3.98008e+00
   -485.25  6552.1875  4.11194e+00  4.20981e+00  1.57598e-01  3.95434e+00
   -456.70  6552.8125  4.07038e+00  4.02359e+00  1.58081e-01  3.91230e+00
   -428.15  6553.4375  4.01573e+00  4.05297e+00  1.82865e-01  3.83286e+00
   -399.60  6554.0625  3.99483e+00  3.89735e+00  2.40110e-01  3.75472e+00
   -371.05  6554.6875  4.06982e+00  4.09159e+00  2.59045e-01  3.81077e+00
   -342.50  6555.3125  4.16620e+00  4.17553e+00  2.17168e-01  3.94903e+00
   -313.95  6555.9375  4.21903e+00  4.26155e+00  2.08220e-01  4.01081e+00
   -285.40  6556.5625  4.28643e+00  4.15075e+00  2.64078e-01  4.02235e+00
   -256.85  6557.1875  4.34786e+00  4.55773e+00  3.08116e-01  4.03974e+00
   -228.29  6557.8125  3.63594e+00  4.62549e+00  2.60153e-01  3.37579e+00
   -199.74  6558.4375  2.02543e+00  1.16242e+00  1.76137e-01  1.84929e+00
   -171.19  6559.0625  1.35017e+00  6.94938e-01  2.64456e-01  1.08571e+00
   -142.64  6559.6875  1.91113e+00  2.12549e+00  5.06011e-01  1.40512e+00
   -114.09  6560.3125  2.61395e+00  2.62207e+00  6.88945e-01  1.92500e+00
    -85.54  6560.9375  3.49214e+00  3.14131e+00  8.14187e-01  2.67795e+00
    -56.99  6561.5625  6.34310e+00  3.79015e+00  1.12165e+00  5.22144e+00
    -28.44  6562.1875  1.20931e+01  1.31908e+01  1.82720e+00  1.02659e+01
      0.11  6562.8125  1.68585e+01  1.86212e+01  2.52734e+00  1.43312e+01
     28.67  6563.4375  1.84585e+01  1.88067e+01  2.85313e+00  1.56054e+01
     57.22  6564.0625  1.81472e+01  1.86837e+01  2.88469e+00  1.52625e+01
     85.77  6564.6875  1.66362e+01  1.69797e+01  2.78183e+00  1.38544e+01
    114.32  6565.3125  1.41657e+01  1.44572e+01  2.54552e+00  1.16202e+01
    142.87  6565.9375  1.12637e+01  1.09740e+01  2.12538e+00  9.13835e+00
    171.42  6566.5625  8.72035e+00  8.47922e+00  1.68956e+00  7.03080e+00
    199.97  6567.1875  6.90078e+00  6.51706e+00  1.34449e+00  5.55629e+00
    228.52  6567.8125  5.79277e+00  5.72637e+00  1.17872e+00  4.61405e+00
    257.07  6568.4375  5.07126e+00  4.97950e+00  1.08914e+00  3.98212e+00
    285.62  6569.0625  4.56309e+00  4.49586e+00  1.10079e+00  3.46230e+00
    314.18  6569.6875  4.16903e+00  4.22747e+00  1.09525e+00  3.07378e+00
    342.73  6570.3125  3.79899e+00  3.70635e+00  9.77439e-01  2.82155e+00
    371.28  6570.9375  3.54956e+00  3.49200e+00  9.01900e-01  2.64766e+00
    399.83  6571.5625  3.35407e+00  3.48620e+00  8.92837e-01  2.46123e+00
    428.38  6572.1875  3.07962e+00  2.98252e+00  8.59943e-01  2.21968e+00
    456.93  6572.8125  2.86300e+00  2.85056e+00  8.17642e-01  2.04535e+00
    485.48  6573.4375  2.70378e+00  2.72751e+00  7.57624e-01  1.94615e+00
    514.03  6574.0625  2.54225e+00  2.51616e+00  6.70438e-01  1.87181e+00
    542.58  6574.6875  2.44663e+00  2.36971e+00  6.50848e-01  1.79579e+00
    571.13  6575.3125  2.44649e+00  2.48560e+00  7.20301e-01  1.72619e+00
    599.69  6575.9375  2.46421e+00  2.42344e+00  7.93401e-01  1.67081e+00
    628.24  6576.5625  2.47199e+00  2.54245e+00  8.29645e-01  1.64235e+00
    656.79  6577.1875  2.40497e+00  2.41262e+00  7.80859e-01  1.62412e+00
    685.34  6577.8125  2.30005e+00  2.27933e+00  7.35168e-01  1.56488e+00
    713.89  6578.4375  2.23730e+00  2.20280e+00  7.39026e-01  1.49827e+00
    742.44  6579.0625  2.23998e+00  2.22579e+00  7.80632e-01  1.45935e+00
    770.99  6579.6875  2.25005e+00  2.30409e+00  8.04539e-01  1.44551e+00
    799.54  6580.3125  2.19054e+00  2.20227e+00  7.72388e-01  1.41815e+00
    828.09  6580.9375  2.08902e+00  2.08302e+00  7.40430e-01  1.34859e+00
    856.65  6581.5625  2.03049e+00  1.95698e+00  7.38178e-01  1.29231e+00
    885.20  6582.1875  2.05275e+00  2.08181e+00  7.55290e-01  1.29746e+00
    913.75  6582.8125  2.03122e+00  2.11913e+00  7.40110e-01  1.29111e+00
    942.30  6583.4375  1.93969e+00  1.83393e+00  7.15879e-01  1.22381e+00
    970.85  6584.0625  1.90910e+00  1.95389e+00  7.34732e-01  1.17437e+00
    999.40  6584.6875  1.90417e+00  1.86311e+00  7.32451e-01  1.17172e+00
   1027.95  6585.3125  1.91500e+00  1.94132e+00  7.30917e-01  1.18408e+00
   1056.50  6585.9375  1.91817e+00  1.90754e+00  7.44090e-01  1.17408e+00
   1085.05  6586.5625  1.88280e+00  1.94808e+00  7.21801e-01  1.16100e+00
   1113.60  6587.1875  1.79254e+00  1.74864e+00  6.43351e-01  1.14919e+00
   1142.16  6587.8125  1.72658e+00  1.72080e+00  5.97421e-01  1.12916e+00
   1170.71  6588.4375  1.71804e+00  1.67565e+00  6.24682e-01  1.09336e+00
   1199.26  6589.0625  1.75621e+00  1.77747e+00  6.85933e-01  1.07028e+00
   1227.81  6589.6875  1.75511e+00  1.81706e+00  7.00108e-01  1.05501e+00
   1256.36  6590.3125  1.68095e+00  1.64920e+00  6.46027e-01  1.03492e+00
   1284.91  6590.9375  1.64199e+00  1.58734e+00  6.37054e-01  1.00493e+00
   1313.46  6591.5625  1.65643e+00  1.71735e+00  6.74094e-01  9.82337e-01
   1342.01  6592.1875  1.62778e+00  1.62297e+00  6.60313e-01  9.67468e-01
   1370.56  6592.8125  1.58999e+00  1.55830e+00  6.27653e-01  9.62339e-01
   1399.11  6593.4375  1.60107e+00  1.58908e+00  6.46776e-01  9.54293e-01
   1427.67  6594.0625  1.61938e+00  1.66675e+00  6.86968e-01  9.32411e-01
   1456.22  6594.6875  1.59006e+00  1.57723e+00  6.75624e-01  9.14438e-01
   1484.77  6595.3125  1.54208e+00  1.55491e+00  6.37744e-01  9.04336e-01
   1513.32  6595.9375  1.48977e+00  1.47792e+00  6.05414e-01  8.84354e-01
   1541.87  6596.5625  1.43891e+00  1.45401e+00  5.81479e-01  8.57433e-01
   1570.42  6597.1875  1.41274e+00  1.34943e+00  5.96432e-01  8.16308e-01
   1598.97  6597.8125  1.45303e+00  1.46592e+00  6.60765e-01  7.92270e-01
   1627.52  6598.4375  1.49053e+00  1.53230e+00  7.02763e-01  7.87767e-01
   1656.07  6599.0625  1.49579e+00  1.44359e+00  7.07482e-01  7.88304e-01
   1684.63  6599.6875  1.49866e+00  1.57422e+00  7.22080e-01  7.76579e-01
   1713.18  6600.3125  1.43010e+00  1.43523e+00  6.72574e-01  7.57522e-01
   1741.73  6600.9375  1.34771e+00  1.28378e+00  6.20027e-01  7.27684e-01
   1770.28  6601.5625  1.31679e+00  1.36576e+00  6.07203e-01  7.09582e-01
   1798.83  6602.1875  1.28457e+00  1.24073e+00  5.99198e-01  6.85377e-01
   1827.38  6602.8125  1.26079e+00  1.29948e+00  5.92342e-01  6.68452e-01
   1855.93  6603.4375  1.22605e+00  1.19736e+00  5.73597e-01  6.52448e-01
   1884.48  6604.0625  1.18202e+00  1.22758e+00  5.53234e-01  6.28786e-01
   1913.03  6604.6875  1.12984e+00  1.06849e+00  5.10506e-01  6.19337e-01
   1941.58  6605.3125  1.12300e+00  1.14054e+00  5.20356e-01  6.02639e-01
   1970.14  6605.9375  1.14016e+00  1.11976e+00  5.60092e-01  5.80067e-01
   1998.69  6606.5625  1.16417e+00  1.18370e+00  5.87349e-01  5.76821e-01
   2027.24  6607.1875  1.16862e+00  1.17302e+00  5.91972e-01  5.76643e-01
   2055.79  6607.8125  1.11662e+00  1.18698e+00  5.55521e-01  5.61095e-01
   2084.34  6608.4375  1.02476e+00  9.27130e-01  4.88930e-01  5.35834e-01
   2112.89  6609.0625  9.91681e-01  1.04304e+00  4.81898e-01  5.09783e-01
   2141.44  6609.6875  9.88924e-01  9.17661e-01  5.12402e-01  4.76522e-01
   2169.99  6610.3125  1.02602e+00  1.06957e+00  5.56203e-01  4.69813e-01
   2198.54  6610.9375  1.02905e+00  1.05853e+00  5.50659e-01  4.78388e-01
   2227.09  6611.5625  9.80590e-01  9.61299e-01  5.23690e-01  4.56900e-01
   2255.65  6612.1875  9.44998e-01  9.36624e-01  5.11128e-01  4.33870e-01
   2284.20  6612.8125  9.57628e-01  9.13063e-01  5.42185e-01  4.15443e-01
   2312.75  6613.4375  1.01680e+00  1.04592e+00  6.16578e-01  4.00227e-01
   2341.30  6614.0625  1.04569e+00  1.07715e+00  6.48344e-01  3.97344e-01
   2369.85  6614.6875  1.02212e+00  1.01141e+00  6.31781e-01  3.90343e-01
   2398.40  6615.3125  9.82593e-01  1.00150e+00  6.04344e-01  3.78249e-01
   2426.95  6615.9375  9.44760e-01  9.06962e-01  5.85314e-01  3.59446e-01
   2455.50  6616.5625  9.20091e-01  9.65600e-01  5.70039e-01  3.50052e-01
   2484.05  6617.1875  8.79793e-01  8.39916e-01  5.34020e-01  3.45773e-01
   2512.61  6617.8125  8.43740e-01  8.83337e-01  5.12681e-01  3.31059e-01
   2541.16  6618.4375  8.03874e-01  7.60508e-01  4.77986e-01  3.25888e-01
   2569.71  6619.0625  7.98086e-01  7.98008e-01  4.79466e-01  3.18620e-01
   2598.26  6619.6875  7.97206e-01  8.32506e-01  4.99883e-01  2.97322e-01
   2626.81  6620.3125  7.71890e-01  7.34898e-01  4.85719e-01  2.86171e-01
   2655.36  6620.9375  7.55101e-01  7.90597e-01  4.68423e-01  2.86678e-01
   2683.91  6621.5625  7.50343e-01  6.85081e-01  4.66740e-01  2.83603e-01
   2712.46  6622.1875  7.86582e-01  8.30918e-01  5.09808e-01  2.76774e-01
   2741.01  6622.8125  8.14712e-01  7.88765e-01  5.47154e-01  2.67558e-01
   2769.56  6623.4375  8.01676e-01  8.90239e-01  5.34072e-01  2.67603e-01
   2798.12  6624.0625  7.32220e-01  6.52083e-01  4.69542e-01  2.62678e-01
   2826.67  6624.6875  7.01258e-01  7.29131e-01  4.50383e-01  2.50875e-01
   2855.22  6625.3125  7.00093e-01  6.63764e-01  4.55520e-01  2.44573e-01
   2883.77  6625.9375  7.17872e-01  7.42319e-01  4.83759e-01  2.34112e-01
   2912.32  6626.5625  7.16734e-01  7.31416e-01  4.95441e-01  2.21293e-01
   2940.87  6627.1875  7.11294e-01  6.61768e-01  4.86116e-01  2.25178e-01
   2969.42  6627.8125  7.41835e-01  7.76533e-01  5.07927e-01  2.33908e-01
   2997.97  6628.4375  7.64525e-01  7.46801e-01  5.30793e-01  2.33732e-01
   3026.52  6629.0625  7.56096e-01  8.15031e-01  5.26703e-01  2.29394e-01
   3055.07  6629.6875  6.87523e-01  6.73559e-01  4.66834e-01  2.20690e-01
   3083.63  6630.3125  6.14150e-01  5.96089e-01  3.97977e-01  2.16173e-01
   3112.18  6630.9375  5.85943e-01  5.62908e-01  3.62255e-01  2.23688e-01
   3140.73  6631.5625  6.09194e-01  5.93258e-01  3.88189e-01  2.21005e-01
   3169.28  6632.1875  6.59845e-01  6.74495e-01  4.48423e-01  2.11422e-01
   3197.83  6632.8125  7.06134e-01  6.94944e-01  4.98589e-01  2.07545e-01
   3226.38  6633.4375  7.24359e-01  7.83135e-01  5.23615e-01  2.00743e-01
   3254.93  6634.0625  6.91598e-01  6.57165e-01  4.91468e-01  2.00130e-01
   3283.48  6634.6875  6.73093e-01  6.65770e-01  4.76621e-01  1.96472e-01
   3312.03  6635.3125  6.69427e-01  6.94319e-01  4.78418e-01  1.91009e-01
   3340.58  6635.9375  6.59078e-01  6.23535e-01  4.69656e-01  1.89421e-01
   3369.14  6636.5625  6.64866e-01  6.89657e-01  4.75673e-01  1.89194e-01
   3397.69  6637.1875  6.39714e-01  6.74727e-01  4.53336e-01  1.86378e-01
   3426.24  6637.8125  6.01034e-01  5.21541e-01  4.17920e-01  1.83114e-01
   3454.79  6638.4375  6.24560e-01  6.60801e-01  4.39856e-01  1.84704e-01
   3483.34  6639.0625  6.48713e-01  6.44217e-01  4.62416e-01  1.86297e-01
   3511.89  6639.6875  6.46394e-01  6.70662e-01  4.68165e-01  1.78229e-01
   3540.44  6640.3125  6.38295e-01  5.93116e-01  4.68099e-01  1.70197e-01
   3568.99  6640.9375  6.38451e-01  7.02803e-01  4.64591e-01  1.73860e-01
   3597.54  6641.5625  6.08317e-01  5.61346e-01  4.28687e-01  1.79629e-01
   3626.10  6642.1875  6.08965e-01  5.97038e-01  4.35103e-01  1.73861e-01
   3654.65  6642.8125  6.24254e-01  6.71816e-01  4.60549e-01  1.63706e-01
   3683.20  6643.4375  6.09147e-01  5.69646e-01  4.53689e-01  1.55458e-01
   3711.75  6644.0625  6.18501e-01  6.15207e-01  4.64695e-01  1.53806e-01
   3740.30  6644.6875  6.26588e-01  6.75391e-01  4.66504e-01  1.60084e-01
   3768.85  6645.3125  6.00254e-01  5.54097e-01  4.40005e-01  1.60249e-01
   3797.40  6645.9375  5.95841e-01  6.14132e-01  4.42457e-01  1.53384e-01
   3825.95  6646.5625  6.09026e-01  5.80914e-01  4.58983e-01  1.50044e-01
   3854.50  6647.1875  6.24422e-01  6.68404e-01  4.83491e-01  1.40931e-01
   3883.05  6647.8125  6.10780e-01  5.86624e-01  4.82564e-01  1.28216e-01
   3911.61  6648.4375  5.78778e-01  6.20032e-01  4.49509e-01  1.29269e-01
   3940.16  6649.0625  5.13406e-01  5.03253e-01  3.78177e-01  1.35228e-01
   3968.71  6649.6875  4.79163e-01  4.08367e-01  3.43525e-01  1.35638e-01
   3997.26  6650.3125  5.22655e-01  5.59324e-01  3.91697e-01  1.30958e-01
   4025.81  6650.9375  5.72712e-01  5.51883e-01  4.44168e-01  1.28544e-01
   4054.36  6651.5625  6.23516e-01  6.36910e-01  4.91109e-01  1.32407e-01
   4082.91  6652.1875  6.81561e-01  6.54296e-01  5.44785e-01  1.36776e-01
   4111.46  6652.8125  7.19756e-01  8.02029e-01  5.84283e-01  1.35472e-01
   4140.01  6653.4375  6.80848e-01  6.51337e-01  5.50297e-01  1.30552e-01
   4168.56  6654.0625  6.14681e-01  6.47843e-01  4.88152e-01  1.26530e-01
   4197.12  6654.6875  5.63774e-01  4.89048e-01  4.38573e-01  1.25202e-01
   4225.67  6655.3125  5.74141e-01  6.05910e-01  4.49210e-01  1.24931e-01
   4254.22  6655.9375  5.83303e-01  5.89060e-01  4.61652e-01  1.21651e-01
   4282.77  6656.5625  5.78232e-01  5.61916e-01  4.62801e-01  1.15431e-01
   4311.32  6657.1875  5.93656e-01  5.85856e-01  4.85351e-01  1.08305e-01
   4339.87  6657.8125  6.07491e-01  6.45737e-01  4.97444e-01  1.10047e-01
   4368.42  6658.4375  6.00613e-01  5.58246e-01  4.88292e-01  1.12321e-01
   4396.97  6659.0625  6.15935e-01  6.35026e-01  5.10210e-01  1.05724e-01
   4425.52  6659.6875  6.32443e-01  6.27405e-01  5.31930e-01  1.00513e-01
   4454.08  6660.3125  6.29487e-01  6.55855e-01  5.29886e-01  9.96016e-02
   4482.63  6660.9375  5.95426e-01  5.94529e-01  5.00393e-01  9.50338e-02
   4511.18  6661.5625  5.70314e-01  5.32090e-01  4.75109e-01  9.52052e-02
   4539.73  6662.1875  5.97839e-01  5.91414e-01  4.93699e-01  1.04139e-01
   4568.28  6662.8125  6.22975e-01  6.81411e-01  5.15140e-01  1.07835e-01
   4596.83  6663.4375  5.99702e-01  5.60549e-01  4.94641e-01  1.05061e-01
   4625.38  6664.0625  6.06526e-01  5.84591e-01  5.00163e-01  1.06363e-01
   4653.93  6664.6875  6.55739e-01  6.65838e-01  5.49566e-01  1.06173e-01
   4682.48  6665.3125  6.62724e-01  7.38669e-01  5.63903e-01  9.88211e-02
   4711.03  6665.9375  6.09668e-01  5.30520e-01  5.16892e-01  9.27759e-02
   4739.59  6666.5625  5.95052e-01  6.30158e-01  4.98939e-01  9.61128e-02
   4768.14  6667.1875  5.88780e-01  5.72615e-01  4.89106e-01  9.96741e-02
   4796.69  6667.8125  5.82090e-01  5.88047e-01  4.85570e-01  9.65206e-02
   4825.24  6668.4375  5.81251e-01  5.73587e-01  4.88059e-01  9.31924e-02
   4853.79  6669.0625  5.95223e-01  5.79218e-01  5.06233e-01  8.89897e-02
   4882.34  6669.6875  5.98138e-01  6.61172e-01  5.10797e-01  8.73411e-02
   4910.89  6670.3125  5.54702e-01  5.09728e-01  4.67716e-01  8.69861e-02
   4939.44  6670.9375  5.41800e-01  5.26951e-01  4.51238e-01  9.05613e-02
   4967.99  6671.5625  5.61427e-01  5.83396e-01  4.74646e-01  8.67806e-02
   4996.54  6672.1875  5.74679e-01  5.52207e-01  4.88901e-01  8.57780e-02
   5025.10  6672.8125  5.82428e-01  6.20782e-01  4.96023e-01  8.64048e-02
   5053.65  6673.4375  5.67753e-01  5.43033e-01  4.89045e-01  7.87073e-02
   5082.20  6674.0625  5.75769e-01  5.52646e-01  5.06233e-01  6.95367e-02
   5110.75  6674.6875  5.96687e-01  6.51031e-01  5.25329e-01  7.13580e-02
   5139.30  6675.3125  5.83105e-01  5.44066e-01  5.03971e-01  7.91332e-02
   5167.85  6675.9375  5.78561e-01  5.96185e-01  4.94931e-01  8.36295e-02
   5196.40  6676.5625  5.71840e-01  5.73547e-01  4.92318e-01  7.95220e-02
   5224.95  6677.1875  5.62492e-01  5.47453e-01  4.89210e-01  7.32826e-02
   5253.50  6677.8125  5.69295e-01  5.73573e-01  4.97045e-01  7.22496e-02
   5282.06  6678.4375  5.83242e-01  5.74791e-01  5.11245e-01  7.19971e-02
   5310.61  6679.0625  5.82157e-01  6.23445e-01  5.12177e-01  6.99806e-02
   5339.16  6679.6875  5.48175e-01  5.20627e-01  4.82432e-01  6.57437e-02
   5367.71  6680.3125  5.33994e-01  5.19364e-01  4.68794e-01  6.51994e-02
   5396.26  6680.9375  5.36132e-01  5.68029e-01  4.73432e-01  6.26997e-02
   5424.81  6681.5625  5.19602e-01  4.95982e-01  4.58330e-01  6.12715e-02
   5453.36  6682.1875  5.12813e-01  5.19214e-01  4.47558e-01  6.52558e-02
   5481.91  6682.8125  5.26849e-01  4.97750e-01  4.60773e-01  6.60765e-02
   5510.46  6683.4375  5.46577e-01  5.95733e-01  4.80646e-01  6.59311e-02
   5539.01  6684.0625  5.17271e-01  5.21737e-01  4.50906e-01  6.63650e-02
   5567.57  6684.6875  4.84531e-01  4.29614e-01  4.17645e-01  6.68853e-02
   5596.12  6685.3125  4.87118e-01  5.44402e-01  4.21337e-01  6.57812e-02
   5624.67  6685.9375  4.66928e-01  4.32573e-01  4.02816e-01  6.41116e-02
   5653.22  6686.5625  4.54129e-01  4.65289e-01  3.91110e-01  6.30195e-02
   5681.77  6687.1875  4.66044e-01  4.29322e-01  4.04948e-01  6.10963e-02
   5710.32  6687.8125  4.93795e-01  5.40454e-01  4.32242e-01  6.15524e-02
   5738.87  6688.4375  4.92982e-01  4.73075e-01  4.29915e-01  6.30672e-02
   5767.42  6689.0625  4.89468e-01  4.94101e-01  4.31925e-01  5.75425e-02
   5795.97  6689.6875  4.99468e-01  4.82329e-01  4.49833e-01  4.96348e-02
   5824.52  6690.3125  5.10933e-01  5.45054e-01  4.62321e-01  4.86119e-02
   5853.08  6690.9375  5.10189e-01  4.70418e-01  4.59034e-01  5.11556e-02
   5881.63  6691.5625  5.25283e-01  5.54596e-01  4.77725e-01  4.75582e-02
   5910.18  6692.1875  5.34514e-01  5.15920e-01  4.85159e-01  4.93548e-02
   5938.73  6692.8125  5.35268e-01  5.64593e-01  4.80554e-01  5.47143e-02
   5967.28  6693.4375  5.24868e-01  4.95907e-01  4.70395e-01  5.44733e-02
   5995.83  6694.0625  5.34704e-01  5.33572e-01  4.83379e-01  5.13244e-02
   6024.38  6694.6875  5.30539e-01  5.87274e-01  4.80878e-01  4.96606e-02
   6052.93  6695.3125  4.98134e-01  4.23989e-01  4.48782e-01  4.93517e-02
   6081.48  6695.9375  5.37748e-01  5.19754e-01  4.92290e-01  4.54586e-02
   6110.04  6696.5625  5.84866e-01  6.86565e-01  5.43303e-01  4.15630e-02
   6138.59  6697.1875  5.46354e-01  4.84802e-01  5.02699e-01  4.36551e-02
   6167.14  6697.8125  5.16481e-01  5.36660e-01  4.72291e-01  4.41902e-02
   6195.69  6698.4375  4.96952e-01  4.93618e-01  4.55405e-01  4.15461e-02
   6224.24  6699.0625  4.92054e-01  4.56877e-01  4.49409e-01  4.26451e-02
   6252.79  6699.6875  5.17868e-01  5.49419e-01  4.71991e-01  4.58775e-02
   6281.34  6700.3125  5.50153e-01  5.02303e-01  5.05247e-01  4.49059e-02
   6309.89  6700.9375  5.92545e-01  6.52212e-01  5.48214e-01  4.43317e-02
   6338.44  6701.5625  5.90571e-01  5.77528e-01  5.43313e-01  4.72574e-02
   6366.99  6702.1875  5.60305e-01  5.78361e-01  5.13182e-01  4.71229e-02
   6395.55  6702.8125  5.14843e-01  5.14156e-01  4.68863e-01  4.59791e-02
   6424.10  6703.4375  5.02845e-01  4.27654e-01  4.57054e-01  4.57908e-02
   6452.65  6704.0625  5.44992e-01  6.24048e-01  5.01822e-01  4.31696e-02
   6481.20  6704.6875  5.61723e-01  5.03404e-01  5.17057e-01  4.46657e-02
   6509.75  6705.3125  5.89933e-01  6.22280e-01  5.45794e-01  4.41382e-02
   6538.30  6705.9375  5.89762e-01  6.22485e-01  5.52870e-01  3.68919e-02
   6566.85  6706.5625  5.61799e-01  5.03863e-01  5.27755e-01  3.40436e-02
   6595.40  6707.1875  5.61560e-01  6.11183e-01  5.24837e-01  3.67227e-02
   6623.95  6707.8125  5.54789e-01  5.10276e-01  5.13741e-01  4.10481e-02
   6652.50  6708.4375  5.52775e-01  5.97447e-01  5.09554e-01  4.32209e-02
   6681.06  6709.0625  5.28589e-01  5.08913e-01  4.86900e-01  4.16899e-02
   6709.61  6709.6875  5.10870e-01  5.02196e-01  4.76351e-01  3.45194e-02
   6738.16  6710.3125  5.21774e-01  5.09011e-01  4.89854e-01  3.19196e-02
   6766.71  6710.9375  5.36543e-01  5.69164e-01  4.98666e-01  3.78762e-02
   6795.26  6711.5625  5.27916e-01  5.08240e-01  4.90337e-01  3.75799e-02
   6823.81  6712.1875  5.27069e-01  5.22991e-01  4.92673e-01  3.43960e-02
   6852.36  6712.8125  5.20674e-01  5.62112e-01  4.87447e-01  3.32278e-02
   6880.91  6713.4375  5.16864e-01  4.21513e-01  4.82291e-01  3.45733e-02
   6909.46  6714.0625  5.56535e-01  6.53639e-01  5.18606e-01  3.79290e-02
   6938.02  6714.6875  5.32195e-01  5.21285e-01  4.96515e-01  3.56802e-02
   6966.57  6715.3125  5.10568e-01  4.36214e-01  4.76332e-01  3.42355e-02
   6995.12  6715.9375  5.67423e-01  6.06196e-01  5.32112e-01  3.53108e-02
   7023.67  6716.5625  6.09038e-01  6.24597e-01  5.74977e-01  3.40612e-02
   7052.22  6717.1875  6.10386e-01  6.05360e-01  5.77914e-01  3.24721e-02
   7080.77  6717.8125  5.83128e-01  6.24453e-01  5.51611e-01  3.15171e-02
   7109.32  6718.4375  5.17473e-01  4.96026e-01  4.86292e-01  3.11807e-02
   7137.87  6719.0625  4.76987e-01  4.42081e-01  4.44612e-01  3.23753e-02
   7166.42  6719.6875  4.97675e-01  4.91674e-01  4.64900e-01  3.27757e-02
   7194.97  6720.3125  5.37834e-01  5.57503e-01  5.07872e-01  2.99618e-02
   7223.53  6720.9375  5.77849e-01  5.38646e-01  5.48895e-01  2.89542e-02
   7252.08  6721.5625  6.14805e-01  6.87575e-01  5.85896e-01  2.89095e-02
   7280.63  6722.1875  5.86642e-01  5.70574e-01  5.58462e-01  2.81794e-02
   7309.18  6722.8125  5.22958e-01  5.47889e-01  4.94692e-01  2.82653e-02
   7337.73  6723.4375  4.56593e-01  4.21313e-01  4.23657e-01  3.29367e-02
   7366.28  6724.0625  4.53245e-01  3.99611e-01  4.18743e-01  3.45022e-02
   7394.83  6724.6875  5.02678e-01  5.68814e-01  4.73623e-01  2.90547e-02
   7423.38  6725.3125  5.12845e-01  4.88388e-01  4.85705e-01  2.71399e-02
   7451.93  6725.9375  5.23103e-01  5.11640e-01  4.92447e-01  3.06561e-02
   7480.48  6726.5625  5.42684e-01  5.73837e-01  5.08054e-01  3.46301e-02
   7509.04  6727.1875  5.33694e-01  5.24479e-01  5.01392e-01  3.23020e-02
   7537.59  6727.8125  5.10478e-01  5.24282e-01  4.83871e-01  2.66072e-02
   7566.14  6728.4375  4.82269e-01  4.67970e-01  4.60528e-01  2.17403e-02
   7594.69  6729.0625  4.68267e-01  4.62759e-01  4.47308e-01  2.09592e-02
   7623.24  6729.6875  4.69700e-01  4.72696e-01  4.48480e-01  2.12206e-02
   7651.79  6730.3125  4.95854e-01  4.49852e-01  4.72628e-01  2.32258e-02
   7680.34  6730.9375  5.28775e-01  6.18981e-01  5.05177e-01  2.35983e-02
   7708.89  6731.5625  5.01671e-01  4.47442e-01  4.78231e-01  2.34408e-02
   7737.44  6732.1875  4.86159e-01  4.97521e-01  4.64770e-01  2.13889e-02
   7765.99  6732.8125  4.74720e-01  4.93538e-01  4.54864e-01  1.98555e-02
   7794.55  6733.4375  4.50033e-01  4.24054e-01  4.28709e-01  2.13237e-02
   7823.10  6734.0625  4.68581e-01  4.35358e-01  4.45025e-01  2.35557e-02
   7851.65  6734.6875  5.47149e-01  5.42459e-01  5.22824e-01  2.43252e-02
   7880.20  6735.3125  6.09350e-01  6.81985e-01  5.85293e-01  2.40565e-02
   7908.75  6735.9375  5.85294e-01  5.73397e-01  5.60700e-01  2.45947e-02
   7937.30  6736.5625  5.30803e-01  5.37906e-01  5.05315e-01  2.54887e-02
   7965.85  6737.1875  5.04499e-01  4.47171e-01  4.79005e-01  2.54934e-02
   7994.40  6737.8125  5.16690e-01  5.75475e-01  4.90487e-01  2.62029e-02
   8022.95  6738.4375  5.13711e-01  4.67992e-01  4.88252e-01  2.54588e-02
   8051.51  6739.0625  5.50316e-01  5.24765e-01  5.23586e-01  2.67298e-02
   8080.06  6739.6875  5.91293e-01  6.85391e-01  5.61008e-01  3.02852e-02
   8108.61  6740.3125  5.54207e-01  5.03693e-01  5.26995e-01  2.72120e-02
   8137.16  6740.9375  5.22814e-01  5.30748e-01  4.99515e-01  2.32998e-02
   8165.71  6741.5625  5.01436e-01  5.15170e-01  4.77308e-01  2.41286e-02
   8194.26  6742.1875  4.84008e-01  4.42013e-01  4.62698e-01  2.13097e-02
   8222.81  6742.8125  5.10207e-01  5.16716e-01  4.92986e-01  1.72205e-02
   8251.36  6743.4375  5.57349e-01  5.49927e-01  5.40121e-01  1.72277e-02
   8279.91  6744.0625  6.06317e-01  6.10624e-01  5.87477e-01  1.88399e-02
   8308.46  6744.6875  6.05159e-01  6.89544e-01  5.87864e-01  1.72953e-02
   8337.02  6745.3125  5.37895e-01  4.56852e-01  5.20476e-01  1.74191e-02
   8365.57  6745.9375  5.20301e-01  5.30775e-01  5.00427e-01  1.98737e-02
   8394.12  6746.5625  5.22685e-01  5.45115e-01  5.00921e-01  2.17637e-02
   8422.67  6747.1875  5.11197e-01  4.78047e-01  4.92732e-01  1.84643e-02
   8451.22  6747.8125  5.22309e-01  5.35908e-01  5.06773e-01  1.55365e-02
   8479.77  6748.4375  5.44290e-01  5.25344e-01  5.26173e-01  1.81169e-02
   8508.32  6749.0625  5.51660e-01  6.07860e-01  5.29371e-01  2.22895e-02
   8536.87  6749.6875  5.19902e-01  4.78675e-01  4.98848e-01  2.10544e-02
   8565.42  6750.3125  5.07090e-01  5.10927e-01  4.90879e-01  1.62107e-02
   8593.97  6750.9375  5.07740e-01  5.16144e-01  4.94974e-01  1.27662e-02
   8622.53  6751.5625  5.03067e-01  4.89719e-01  4.88630e-01  1.44369e-02
   8651.08  6752.1875  4.88376e-01  5.27346e-01  4.71107e-01  1.72691e-02
   8679.63  6752.8125  4.50977e-01  4.15663e-01  4.35220e-01  1.57572e-02
   8708.18  6753.4375  4.37214e-01  4.36907e-01  4.23521e-01  1.36930e-02
   8736.73  6754.0625  4.37678e-01  4.50193e-01  4.24153e-01  1.35253e-02
   8765.28  6754.6875  4.49543e-01  4.07550e-01  4.35976e-01  1.35670e-02
   8793.83  6755.3125  5.22172e-01  4.94312e-01  5.08829e-01  1.33430e-02
   8822.38  6755.9375  5.78758e-01  7.12797e-01  5.64280e-01  1.44786e-02
   8850.93  6756.5625  5.32492e-01  4.37923e-01  5.17329e-01  1.51626e-02
   8879.49  6757.1875  5.36596e-01  5.26750e-01  5.23367e-01  1.32288e-02
   8908.04  6757.8125  5.80734e-01  6.22818e-01  5.68611e-01  1.21232e-02
   8936.59  6758.4375  5.65986e-01  5.85088e-01  5.52660e-01  1.33263e-02
   8965.14  6759.0625  4.97618e-01  5.06070e-01  4.81859e-01  1.57590e-02
   8993.69  6759.6875  4.51023e-01  3.74966e-01  4.34666e-01  1.63572e-02
   9022.24  6760.3125  4.93181e-01  5.01766e-01  4.78452e-01  1.47290e-02
   9050.79  6760.9375  5.35454e-01  5.93334e-01  5.20499e-01  1.49543e-02
   9079.34  6761.5625  5.13036e-01  4.88236e-01  4.97662e-01  1.53746e-02
   9107.89  6762.1875  4.93392e-01  4.84871e-01  4.80471e-01  1.29213e-02
   9136.44  6762.8125  4.97837e-01  4.97418e-01  4.86261e-01  1.15768e-02
   9165.00  6763.4375  4.96962e-01  5.18294e-01  4.85068e-01  1.18942e-02
   9193.55  6764.0625  4.84669e-01  4.56184e-01  4.71504e-01  1.31651e-02
   9222.10  6764.6875  4.83970e-01  5.05845e-01  4.69840e-01  1.41296e-02
   9250.65  6765.3125  4.67180e-01  4.73286e-01  4.53770e-01  1.34098e-02
   9279.20  6765.9375  4.39277e-01  4.27614e-01  4.26745e-01  1.25320e-02
   9307.75  6766.5625  4.58632e-01  3.94354e-01  4.46456e-01  1.21752e-02
   9336.30  6767.1875  5.19156e-01  6.05469e-01  5.06404e-01  1.27514e-02
   9364.85  6767.8125  5.22561e-01  4.94274e-01  5.09094e-01  1.34673e-02
   9393.40  6768.4375  5.35503e-01  4.94031e-01  5.21809e-01  1.36939e-02
   9421.95  6769.0625  5.65623e-01  6.55721e-01  5.52634e-01  1.29886e-02
   9450.51  6769.6875  5.40063e-01  4.74086e-01  5.28394e-01  1.16698e-02
   9479.06  6770.3125  5.21938e-01  5.70495e-01  5.10686e-01  1.12522e-02
   9507.61  6770.9375  5.13795e-01  4.48472e-01  5.02202e-01  1.15934e-02
   9536.16  6771.5625  5.34368e-01  5.88924e-01  5.23914e-01  1.04542e-02
   9564.71  6772.1875  5.48167e-01  4.98372e-01  5.38773e-01  9.39374e-03
   9593.26  6772.8125  5.60833e-01  6.22998e-01  5.51195e-01  9.63805e-03
   9621.81  6773.4375  5.35446e-01  5.06544e-01  5.24943e-01  1.05027e-02
   9650.36  6774.0625  4.99098e-01  5.23960e-01  4.87720e-01  1.13771e-02
   9678.91  6774.6875  4.70711e-01  4.26144e-01  4.59556e-01  1.11550e-02
   9707.47  6775.3125  4.62953e-01  5.03723e-01  4.52445e-01  1.05076e-02
   9736.02  6775.9375  4.30466e-01  4.28745e-01  4.18841e-01  1.16245e-02
   9764.57  6776.5625  4.20758e-01  3.46492e-01  4.09050e-01  1.17074e-02
   9793.12  6777.1875  4.83372e-01  5.26069e-01  4.72848e-01  1.05239e-02
   9821.67  6777.8125  5.24702e-01  5.40763e-01  5.13984e-01  1.07185e-02
   9850.22  6778.4375  5.25348e-01  5.18073e-01  5.15730e-01  9.61715e-03
   9878.77  6779.0625  5.23655e-01  5.26154e-01  5.14810e-01  8.84577e-03
   9907.32  6779.6875  5.33171e-01  5.13200e-01  5.23490e-01  9.68124e-03
   9935.87  6780.3125  5.39836e-01  5.87473e-01  5.30113e-01  9.72312e-03
   9964.42  6780.9375  5.07686e-01  4.87071e-01  4.98271e-01  9.41552e-03
   9992.98  6781.5625  4.81054e-01  4.71842e-01  4.71565e-01  9.48878e-03
  10021.53  6782.1875  4.88402e-01  4.69438e-01  4.80403e-01  7.99888e-03
  10050.08  6782.8125  5.11447e-01  5.36482e-01  5.03913e-01  7.53456e-03
  10078.63  6783.4375  4.99812e-01  5.22590e-01  4.91368e-01  8.44358e-03
  10107.18  6784.0625  4.61291e-01  4.33464e-01  4.50862e-01  1.04291e-02
  10135.73  6784.6875  4.65679e-01  4.30009e-01  4.56358e-01  9.32043e-03
  10164.28  6785.3125  5.10888e-01  5.48684e-01  5.02883e-01  8.00580e-03
  10192.83  6785.9375  5.26099e-01  5.29055e-01  5.16913e-01  9.18587e-03
  10221.38  6786.5625  5.10014e-01  5.19718e-01  5.00610e-01  9.40409e-03
  10249.93  6787.1875  4.84041e-01  4.73054e-01  4.76713e-01  7.32811e-03
  10278.49  6787.8125  4.59335e-01  4.73269e-01  4.53311e-01  6.02356e-03
  10307.04  6788.4375  4.40040e-01  4.10775e-01  4.34601e-01  5.43888e-03
  10335.59  6789.0625  4.49488e-01  4.52923e-01  4.43421e-01  6.06716e-03
  10364.14  6789.6875  4.70611e-01  4.73718e-01  4.63198e-01  7.41313e-03
  10392.69  6790.3125  4.99031e-01  4.75725e-01  4.91656e-01  7.37445e-03
  10421.24  6790.9375  5.28658e-01  5.76015e-01  5.21939e-01  6.71938e-03
  10449.79  6791.5625  5.23732e-01  4.98059e-01  5.16644e-01  7.08771e-03
  10478.34  6792.1875  5.07260e-01  5.36961e-01  4.99779e-01  7.48089e-03
  10506.89  6792.8125  4.71118e-01  4.63057e-01  4.63189e-01  7.92953e-03
  10535.45  6793.4375  4.47781e-01  4.15308e-01  4.39628e-01  8.15387e-03
  10564.00  6794.0625  4.60031e-01  4.78620e-01  4.50703e-01  9.32787e-03
  10592.55  6794.6875  4.63982e-01  4.72020e-01  4.55496e-01  8.48546e-03
  10621.10  6795.3125  4.65771e-01  4.29914e-01  4.58083e-01  7.68796e-03
  10649.65  6795.9375  4.62910e-01  5.46205e-01  4.56134e-01  6.77675e-03
  10678.20  6796.5625  4.33050e-01  3.26466e-01  4.27291e-01  5.75892e-03
  10706.75  6797.1875  4.56606e-01  5.20757e-01  4.51298e-01  5.30828e-03
  10735.30  6797.8125  4.50302e-01  4.63624e-01  4.45183e-01  5.11968e-03
  10763.85  6798.4375  4.28328e-01  3.67158e-01  4.22368e-01  5.96046e-03
  10792.40  6799.0625  4.79025e-01  4.73724e-01  4.71962e-01  7.06296e-03
  10820.96  6799.6875  5.41711e-01  5.95759e-01  5.34757e-01  6.95401e-03
  10849.51  6800.3125  5.51851e-01  5.26826e-01  5.46365e-01  5.48546e-03
  10878.06  6800.9375  5.47733e-01  5.72266e-01  5.43901e-01  3.83231e-03
  10906.61  6801.5625  5.22995e-01  5.24406e-01  5.19870e-01  3.12497e-03
  10935.16  6802.1875  4.76985e-01  4.88181e-01  4.72428e-01  4.55690e-03
  10963.71  6802.8125  4.40523e-01  3.97714e-01  4.34911e-01  5.61157e-03
  10992.26  6803.4375  4.57707e-01  4.51568e-01  4.52957e-01  4.75044e-03
  11020.81  6804.0625  4.98130e-01  5.13987e-01  4.92656e-01  5.47430e-03
  11049.36  6804.6875  5.07789e-01  5.34294e-01  5.01307e-01  6.48217e-03
  11077.91  6805.3125  4.96089e-01  4.55858e-01  4.90652e-01  5.43686e-03
  11106.47  6805.9375  5.07383e-01  5.32218e-01  5.01160e-01  6.22318e-03
  11135.02  6806.5625  5.24528e-01  4.97260e-01  5.16989e-01  7.53921e-03
  11163.57  6807.1875  5.40773e-01  5.78093e-01  5.33605e-01  7.16822e-03
  11192.12  6807.8125  5.10996e-01  5.34696e-01  5.06159e-01  4.83747e-03
  11220.67  6808.4375  4.71186e-01  3.96783e-01  4.68064e-01  3.12226e-03
  11249.22  6809.0625  4.79780e-01  5.37439e-01  4.76314e-01  3.46563e-03
  11277.77  6809.6875  4.56132e-01  4.59702e-01  4.51742e-01  4.38960e-03
  11306.32  6810.3125  4.38348e-01  3.65450e-01  4.33849e-01  4.49897e-03
  11334.87  6810.9375  4.88797e-01  5.26336e-01  4.84241e-01  4.55605e-03
  11363.43  6811.5625  4.98102e-01  5.59422e-01  4.93090e-01  5.01178e-03
  11391.98  6812.1875  4.41078e-01  3.81715e-01  4.36013e-01  5.06528e-03
  11420.53  6812.8125  4.24597e-01  4.25509e-01  4.20650e-01  3.94613e-03
  11449.08  6813.4375  4.48575e-01  4.35750e-01  4.44728e-01  3.84700e-03
  11477.63  6814.0625  4.82812e-01  4.93924e-01  4.79184e-01  3.62817e-03
  11506.18  6814.6875  4.82711e-01  5.29685e-01  4.78813e-01  3.89722e-03
  11534.73  6815.3125  4.39589e-01  3.96638e-01  4.34985e-01  4.60466e-03
  11563.28  6815.9375  4.23902e-01  4.25616e-01  4.19177e-01  4.72436e-03
  11591.83  6816.5625  4.31237e-01  4.30179e-01  4.27084e-01  4.15359e-03
  11620.38  6817.1875  4.42370e-01  4.39310e-01  4.36930e-01  5.43934e-03
  11648.94  6817.8125  4.58592e-01  4.57037e-01  4.52115e-01  6.47617e-03
  11677.49  6818.4375  4.71509e-01  4.83976e-01  4.64880e-01  6.62839e-03
  11706.04  6819.0625  4.74384e-01  4.65381e-01  4.67414e-01  6.97013e-03
  11734.59  6819.6875  4.83900e-01  4.80571e-01  4.77371e-01  6.52971e-03
  11763.14  6820.3125  5.02533e-01  5.01240e-01  4.97104e-01  5.42858e-03
  11791.69  6820.9375  5.04536e-01  5.39619e-01  5.00948e-01  3.58784e-03
  11820.24  6821.5625  4.70942e-01  4.53275e-01  4.68324e-01  2.61856e-03
  11848.79  6822.1875  4.38026e-01  4.44328e-01  4.34815e-01  3.21064e-03
  11877.34  6822.8125  4.41251e-01  3.79427e-01  4.37517e-01  3.73469e-03
  11905.89  6823.4375  4.78716e-01  5.55096e-01  4.75158e-01  3.55827e-03
  11934.45  6824.0625  4.75551e-01  4.36521e-01  4.72959e-01  2.59219e-03
  11963.00  6824.6875  4.84043e-01  4.75271e-01  4.81356e-01  2.68773e-03
  11991.55  6825.3125  5.03799e-01  5.43119e-01  4.99519e-01  4.28006e-03
  12020.10  6825.9375  5.19968e-01  4.49291e-01  5.14274e-01  5.69389e-03
  12048.65  6826.5625  5.87015e-01  6.15528e-01  5.81382e-01  5.63297e-03
  12077.20  6827.1875  6.12448e-01  6.88143e-01  6.06323e-01  6.12557e-03
  12105.75  6827.8125  5.39670e-01  5.12682e-01  5.33296e-01  6.37462e-03
  12134.30  6828.4375  4.81538e-01  4.38840e-01  4.75676e-01  5.86234e-03
  12162.85  6829.0625  4.87513e-01  4.97680e-01  4.82536e-01  4.97661e-03
  12191.40  6829.6875  4.94712e-01  5.15928e-01  4.89739e-01  4.97300e-03
  12219.96  6830.3125  4.82337e-01  4.59845e-01  4.77744e-01  4.59278e-03
  12248.51  6830.9375  4.84274e-01  4.86992e-01  4.80678e-01  3.59580e-03
  12277.06  6831.5625  4.82025e-01  5.05050e-01  4.78415e-01  3.60974e-03
  12305.61  6832.1875  4.58625e-01  4.43178e-01  4.54942e-01  3.68303e-03
  12334.16  6832.8125  4.60531e-01  4.28300e-01  4.56585e-01  3.94608e-03
  12362.71  6833.4375  4.98521e-01  5.23286e-01  4.93686e-01  4.83473e-03
  12391.26  6834.0625  5.13073e-01  5.30331e-01  5.07475e-01  5.59867e-03
  12419.81  6834.6875  4.91667e-01  4.90787e-01  4.87712e-01  3.95545e-03
  12448.36  6835.3125  4.69658e-01  4.53030e-01  4.66977e-01  2.68073e-03
  12476.92  6835.9375  4.63039e-01  4.76544e-01  4.59056e-01  3.98252e-03
  12505.47  6836.5625  4.69082e-01  4.31764e-01  4.63443e-01  5.63833e-03
  12534.02  6837.1875  4.82124e-01  5.43276e-01  4.77430e-01  4.69429e-03
  12562.57  6837.8125  4.70052e-01  4.11698e-01  4.66425e-01  3.62658e-03
  12591.12  6838.4375  4.82341e-01  5.13124e-01  4.77692e-01  4.64836e-03
  12619.67  6839.0625  5.03799e-01  4.74395e-01  4.97641e-01  6.15717e-03
  12648.22  6839.6875  5.27443e-01  5.59038e-01  5.21409e-01  6.03305e-03
  12676.77  6840.3125  5.07645e-01  5.41068e-01  5.02797e-01  4.84862e-03
  12705.32  6840.9375  4.66035e-01  3.96737e-01  4.61254e-01  4.78132e-03
  12733.87  6841.5625  4.78170e-01  5.09202e-01  4.74069e-01  4.10100e-03
  12762.43  6842.1875  5.09684e-01  4.71908e-01  5.06437e-01  3.24712e-03
  12790.98  6842.8125  5.21486e-01  6.14151e-01  5.17707e-01  3.77858e-03
  12819.53  6843.4375  4.80484e-01  3.99432e-01  4.76276e-01  4.20779e-03
  12848.08  6844.0625  4.86618e-01  4.92975e-01  4.82898e-01  3.72055e-03
  12876.63  6844.6875  4.93905e-01  5.58560e-01  4.90513e-01  3.39224e-03
  12905.18  6845.3125  4.63293e-01  3.79961e-01  4.60432e-01  2.86094e-03
  12933.73  6845.9375  4.78814e-01  5.17722e-01  4.76629e-01  2.18540e-03
  12962.28  6846.5625  4.65982e-01  5.14341e-01  4.63652e-01  2.32944e-03
  12990.83  6847.1875  4.44781e-01  3.13469e-01  4.41723e-01  3.05803e-03
  13019.38  6847.8125  5.18508e-01  6.01262e-01  5.15480e-01  3.02839e-03
  13047.94  6848.4375  5.69259e-01  5.51923e-01  5.66839e-01  2.42025e-03
  13076.49  6849.0625  5.75117e-01  6.12588e-01  5.73425e-01  1.69153e-03
  13105.04  6849.6875  5.48020e-01  5.31295e-01  5.45976e-01  2.04399e-03
  13133.59  6850.3125  5.10647e-01  5.29083e-01  5.07531e-01  3.11643e-03
  13162.14  6850.9375  4.70558e-01  4.50911e-01  4.67499e-01  3.05885e-03
  13190.69  6851.5625  4.65087e-01  4.32812e-01  4.63629e-01  1.45840e-03
  13219.24  6852.1875  4.98652e-01  5.21478e-01  4.97563e-01  1.08959e-03
  13247.79  6852.8125  4.98182e-01  5.40364e-01  4.95582e-01  2.60038e-03
  13276.34  6853.4375  4.62552e-01  4.07005e-01  4.57872e-01  4.67972e-03
  13304.90  6854.0625  4.74983e-01  4.70631e-01  4.69626e-01  5.35708e-03
  13333.45  6854.6875  4.87967e-01  5.54457e-01  4.83166e-01  4.80118e-03
  13362.00  6855.3125  4.65233e-01  3.83775e-01  4.60941e-01  4.29195e-03
  13390.55  6855.9375  4.94374e-01  5.22010e-01  4.91764e-01  2.60953e-03
  13419.10  6856.5625  5.33429e-01  5.30642e-01  5.31606e-01  1.82378e-03
  13447.65  6857.1875  5.26763e-01  5.89013e-01  5.25062e-01  1.70080e-03
  13476.20  6857.8125  4.80618e-01  4.09168e-01  4.79150e-01  1.46834e-03
  13504.75  6858.4375  4.85406e-01  4.96397e-01  4.83634e-01  1.77167e-03
  13533.30  6859.0625  5.11200e-01  5.18809e-01  5.09027e-01  2.17299e-03
  13561.85  6859.6875  5.04978e-01  5.35450e-01  5.02847e-01  2.13093e-03
  13590.41  6860.3125  4.73497e-01  4.42762e-01  4.70898e-01  2.59923e-03
  13618.96  6860.9375  4.91415e-01  4.40438e-01  4.87477e-01  3.93767e-03
  13647.51  6861.5625  5.27556e-01  6.42573e-01  5.24162e-01  3.39442e-03
  13676.06  6862.1875  4.86512e-01  4.14381e-01  4.84483e-01  2.02974e-03
  13704.61  6862.8125  4.80443e-01  4.65995e-01  4.78957e-01  1.48612e-03
  13733.16  6863.4375  5.00174e-01  5.56418e-01  4.98547e-01  1.62761e-03
  13761.71  6864.0625  4.70519e-01  4.47877e-01  4.68868e-01  1.65107e-03
  13790.26  6864.6875  4.48435e-01  4.29932e-01  4.46833e-01  1.60219e-03
  13818.81  6865.3125  4.61596e-01  4.63384e-01  4.59224e-01  2.37225e-03
  13847.36  6865.9375  4.77348e-01  4.87688e-01  4.74734e-01  2.61377e-03
  13875.92  6866.5625  4.69350e-01  4.89332e-01  4.67183e-01  2.16786e-03
  13904.47  6867.1875  4.73644e-01  3.94623e-01  4.72182e-01  1.46193e-03
  13933.02  6867.8125  5.24237e-01  6.03057e-01  5.22407e-01  1.83035e-03
  13961.57  6868.4375  5.37085e-01  5.03598e-01  5.33790e-01  3.29429e-03
  13990.12  6869.0625  5.44587e-01  5.51438e-01  5.40918e-01  3.66891e-03
  14018.67  6869.6875  5.50933e-01  5.68687e-01  5.47746e-01  3.18677e-03
  14047.22  6870.3125  5.50215e-01  5.16372e-01  5.47879e-01  2.33555e-03
  14075.77  6870.9375  5.62483e-01  5.95785e-01  5.60926e-01  1.55695e-03
  14104.32  6871.5625  5.35302e-01  5.61419e-01  5.34099e-01  1.20275e-03
  14132.88  6872.1875  4.74051e-01  4.43785e-01  4.72338e-01  1.71288e-03
  14161.43  6872.8125  4.63067e-01  4.17721e-01  4.61186e-01  1.88123e-03
  14189.98  6873.4375  5.12156e-01  5.37801e-01  5.10796e-01  1.36087e-03
  14218.53  6874.0625  5.14253e-01  5.86480e-01  5.13021e-01  1.23226e-03
  14247.08  6874.6875  4.55428e-01  3.75092e-01  4.53754e-01  1.67357e-03
  14275.63  6875.3125  4.72249e-01  4.47569e-01  4.70323e-01  1.92595e-03
  14304.18  6875.9375  5.33000e-01  5.90660e-01  5.31690e-01  1.30991e-03
  14332.73  6876.5625  5.28282e-01  5.40982e-01  5.27426e-01  8.56287e-04
  14361.28  6877.1875  4.98011e-01  4.53940e-01  4.97108e-01  9.02482e-04
  14389.83  6877.8125  4.99881e-01  5.28726e-01  4.98406e-01  1.47505e-03
  14418.39  6878.4375  4.98952e-01  4.84678e-01  4.97093e-01  1.85971e-03
  14446.94  6879.0625  5.10734e-01  4.93860e-01  5.08531e-01  2.20348e-03
  14475.49  6879.6875  5.41825e-01  5.58954e-01  5.40154e-01  1.67060e-03
  14504.04  6880.3125  5.52356e-01  5.66370e-01  5.51522e-01  8.33996e-04
  14532.59  6880.9375  5.36452e-01  5.33886e-01  5.35797e-01  6.54552e-04
  14561.14  6881.5625  5.24139e-01  5.07394e-01  5.22933e-01  1.20557e-03
  14589.69  6882.1875  5.20271e-01  5.46483e-01  5.18119e-01  2.15141e-03
  14618.24  6882.8125  5.05463e-01  4.81164e-01  5.03220e-01  2.24370e-03
  14646.79  6883.4375  4.92401e-01  5.19687e-01  4.90780e-01  1.62051e-03
  14675.34  6884.0625  4.79049e-01  4.41616e-01  4.77831e-01  1.21839e-03
  14703.90  6884.6875  4.89519e-01  5.05192e-01  4.88032e-01  1.48720e-03
  14732.45  6885.3125  4.86905e-01  5.12372e-01  4.84924e-01  1.98058e-03
  14761.00  6885.9375  4.68288e-01  4.23395e-01  4.66027e-01  2.26093e-03
  14789.55  6886.5625  4.75871e-01  5.05906e-01  4.73980e-01  1.89069e-03
  14818.10  6887.1875  4.80463e-01  4.63231e-01  4.79450e-01  1.01284e-03
  14846.65  6887.8125  4.94885e-01  4.89054e-01  4.94132e-01  7.52956e-04
  14875.20  6888.4375  5.23367e-01  5.26092e-01  5.21995e-01  1.37178e-03
  14903.75  6889.0625  5.28741e-01  5.70377e-01  5.26868e-01  1.87203e-03
  14932.30  6889.6875  5.03085e-01  4.56875e-01  5.01582e-01  1.50287e-03
  14960.86  6890.3125  4.81325e-01  5.38212e-01  4.80320e-01  1.00459e-03
  14989.41  6890.9375  4.50483e-01  3.84887e-01  4.49125e-01  1.35764e-03
  15017.96  6891.5625  4.78028e-01  4.69788e-01  4.76643e-01  1.38578e-03
  15046.51  6892.1875  5.30586e-01  5.69557e-01  5.29814e-01  7.71432e-04
  15075.06  6892.8125  5.34179e-01  5.40780e-01  5.33248e-01  9.30250e-04
  15103.61  6893.4375  5.07993e-01  5.08047e-01  5.06025e-01  1.96740e-03
  15132.16  6894.0625  5.19048e-01  4.44259e-01  5.16145e-01  2.90299e-03
  15160.71  6894.6875  5.77399e-01  6.63973e-01  5.74411e-01  2.98822e-03
  15189.26  6895.3125  5.68500e-01  5.63818e-01  5.66666e-01  1.83362e-03
  15217.81  6895.9375  5.18498e-01  5.14702e-01  5.17033e-01  1.46497e-03
  15246.37  6896.5625  4.82139e-01  4.67750e-01  4.80434e-01  1.70463e-03
  15274.92  6897.1875  4.66747e-01  4.68116e-01  4.65329e-01  1.41789e-03
  15303.47  6897.8125  4.59853e-01  4.59406e-01  4.58490e-01  1.36293e-03
  15332.02  6898.4375  4.72106e-01  4.37946e-01  4.70194e-01  1.91188e-03
  15360.57  6899.0625  4.99340e-01  5.52346e-01  4.98011e-01  1.32968e-03
  15389.12  6899.6875  5.01169e-01  4.60044e-01  5.00359e-01  8.09145e-04
  15417.67  6900.3125  5.18509e-01  5.30988e-01  5.17630e-01  8.78901e-04
  15446.22  6900.9375  5.28722e-01  5.51540e-01  5.27596e-01  1.12612e-03
  15474.77  6901.5625  5.07043e-01  4.99889e-01  5.05801e-01  1.24209e-03
  15503.32  6902.1875  4.87915e-01  4.76320e-01  4.87149e-01  7.66672e-04
  15531.88  6902.8125  4.93656e-01  4.84080e-01  4.92984e-01  6.71273e-04
  15560.43  6903.4375  5.17158e-01  5.20174e-01  5.16379e-01  7.78422e-04
  15588.98  6904.0625  5.32105e-01  5.48911e-01  5.31316e-01  7.88831e-04
  15617.53  6904.6875  5.17668e-01  5.29357e-01  5.16940e-01  7.27460e-04
  15646.08  6905.3125  5.07696e-01  4.56614e-01  5.07320e-01  3.75941e-04
  15674.63  6905.9375  5.40966e-01  5.65378e-01  5.40461e-01  5.04756e-04
  15703.18  6906.5625  5.30055e-01  6.03275e-01  5.29083e-01  9.72790e-04
  15731.73  6907.1875  4.51836e-01  3.81801e-01  4.51144e-01  6.91542e-04
  15760.28  6907.8125  4.40233e-01  4.08463e-01  4.39830e-01  4.03276e-04
  15788.84  6908.4375  4.94292e-01  5.21170e-01  4.93671e-01  6.20472e-04
  15817.39  6909.0625  5.19545e-01  5.41814e-01  5.18890e-01  6.55387e-04
  15845.94  6909.6875  4.84888e-01  5.13522e-01  4.84446e-01  4.42439e-04
  15874.49  6910.3125  4.44340e-01  3.65072e-01  4.43911e-01  4.28626e-04
  15903.04  6910.9375  4.66938e-01  5.07816e-01  4.66488e-01  4.50695e-04
  15931.59  6911.5625  4.85382e-01  4.80226e-01  4.84715e-01  6.67649e-04
  15960.14  6912.1875  4.90224e-01  4.87779e-01  4.89542e-01  6.81983e-04
  15988.69  6912.8125  5.02476e-01  4.97163e-01  5.01963e-01  5.12306e-04
  16017.24  6913.4375  5.08433e-01  5.32071e-01  5.07942e-01  4.90527e-04
  16045.79  6914.0625  4.78291e-01  4.96307e-01  4.77641e-01  6.49916e-04
  16074.35  6914.6875  4.60725e-01  3.71530e-01  4.59890e-01  8.35291e-04
  16102.90  6915.3125  4.93408e-01  5.91403e-01  4.92638e-01  7.70002e-04
  16131.45  6915.9375  4.90311e-01  4.20034e-01  4.89856e-01  4.55632e-04
  16160.00  6916.5625  5.04315e-01  5.39304e-01  5.03976e-01  3.38222e-04
  16188.55  6917.1875  5.30832e-01  4.97847e-01  5.30638e-01  1.93745e-04
  16217.10  6917.8125  5.79123e-01  5.83437e-01  5.78837e-01  2.86076e-04
  16245.65  6918.4375  6.20787e-01  6.51298e-01  6.20279e-01  5.08631e-04
  16274.20  6919.0625  6.03255e-01  6.33518e-01  6.02970e-01  2.84975e-04
  16302.75  6919.6875  5.51111e-01  5.09903e-01  5.50872e-01  2.39545e-04
  16331.30  6920.3125  5.28394e-01  5.40774e-01  5.27613e-01  7.81217e-04
  16359.86  6920.9375  5.33340e-01  4.97638e-01  5.32161e-01  1.17886e-03
  16388.41  6921.5625  5.49481e-01  5.98949e-01  5.48847e-01  6.33735e-04
  16416.96  6922.1875  5.19014e-01  5.25034e-01  5.18713e-01  3.00285e-04
  16445.51  6922.8125  4.84501e-01  4.28115e-01  4.84102e-01  3.98457e-04
  16474.06  6923.4375  4.94535e-01  5.36952e-01  4.94298e-01  2.37322e-04
  16502.61  6924.0625  4.88689e-01  4.77893e-01  4.88628e-01  6.10230e-05
  16531.16  6924.6875  4.73719e-01  4.72610e-01  4.73639e-01  8.01688e-05
  16559.71  6925.3125  4.64368e-01  4.69150e-01  4.64171e-01  1.96818e-04
  16588.26  6925.9375  4.81088e-01  4.25157e-01  4.80574e-01  5.14166e-04
  16616.81  6926.5625  5.24259e-01  6.01648e-01  5.23032e-01  1.22707e-03
  16645.37  6927.1875  5.27705e-01  4.77799e-01  5.26276e-01  1.42893e-03
  16673.92  6927.8125  5.42860e-01  5.58464e-01  5.42041e-01  8.19019e-04
  16702.47  6928.4375  5.57539e-01  5.68370e-01  5.56993e-01  5.46323e-04
  16731.02  6929.0625  5.37649e-01  5.59186e-01  5.36945e-01  7.03805e-04
  16759.57  6929.6875  4.97576e-01  4.74287e-01  4.97219e-01  3.57170e-04
  16788.12  6930.3125  5.01845e-01  4.54989e-01  5.01795e-01  5.04041e-05
  16816.67  6930.9375  5.46817e-01  6.04058e-01  5.46815e-01  1.93343e-06
  16845.22  6931.5625  5.37781e-01  5.51860e-01  5.37781e-01  2.61033e-08
  16873.77  6932.1875  5.07761e-01  4.55607e-01  5.07761e-01  5.73885e-07
  16902.33  6932.8125  5.23699e-01  5.43472e-01  5.23684e-01  1.49660e-05
  16930.88  6933.4375  5.23514e-01  5.59018e-01  5.23408e-01  1.06480e-04
  16959.43  6934.0625  4.79311e-01  4.59982e-01  4.79091e-01  2.20413e-04
  16987.98  6934.6875  4.70998e-01  4.14620e-01  4.70770e-01  2.28090e-04
  17016.53  6935.3125  5.15211e-01  5.70900e-01  5.14961e-01  2.49847e-04
  17045.08  6935.9375  5.31387e-01  5.15093e-01  5.31259e-01  1.27406e-04
  17073.63  6936.5625  5.60885e-01  5.18595e-01  5.60833e-01  5.17325e-05
  17102.18  6937.1875  6.14672e-01  6.79945e-01  6.14577e-01  9.46358e-05
  17130.73  6937.8125  6.01110e-01  6.14293e-01  6.00920e-01  1.90159e-04
  17159.28  6938.4375  5.57642e-01  5.13689e-01  5.57372e-01  2.70790e-04
  17187.84  6939.0625  5.46719e-01  5.70877e-01  5.46533e-01  1.86296e-04
  17216.39  6939.6875  5.15811e-01  5.46188e-01  5.15371e-01  4.39965e-04
  17244.94  6940.3125  5.02399e-01  3.78052e-01  5.01311e-01  1.08799e-03
  17273.49  6940.9375  5.58619e-01  6.86846e-01  5.57498e-01  1.12130e-03
  17302.04  6941.5625  5.36649e-01  5.09241e-01  5.36161e-01  4.87853e-04
  17330.59  6942.1875  5.07601e-01  4.55086e-01  5.07514e-01  8.69502e-05
  17359.14  6942.8125  5.24918e-01  5.82641e-01  5.24893e-01  2.48930e-05
  17387.69  6943.4375  4.86778e-01  5.09983e-01  4.86642e-01  1.35995e-04
  17416.24  6944.0625  4.30628e-01  3.52042e-01  4.30324e-01  3.03660e-04
  17444.79  6944.6875  4.41616e-01  4.79378e-01  4.41297e-01  3.19493e-04
  17473.35  6945.3125  4.72401e-01  4.34651e-01  4.71796e-01  6.04682e-04
  17501.90  6945.9375  5.34238e-01  5.30280e-01  5.33142e-01  1.09596e-03
  17530.45  6946.5625  5.95924e-01  6.39971e-01  5.94918e-01  1.00584e-03
  17559.00  6947.1875  5.98648e-01  6.05189e-01  5.97904e-01  7.44200e-04
  17587.55  6947.8125  5.67969e-01  5.64853e-01  5.67661e-01  3.08422e-04
  17616.10  6948.4375  5.38493e-01  5.34484e-01  5.38417e-01  7.64594e-05
  17644.65  6949.0625  5.16659e-01  5.16167e-01  5.16468e-01  1.91517e-04
  17673.20  6949.6875  5.02532e-01  4.95477e-01  5.02102e-01  4.30175e-04
