# day110  epoch=110.0d  L_Halpha=5.493e+41 erg/s  smooth_kms=25.0
# Columns:
#   1: Δv [km/s]      velocity offset from Hα (6562.81 Å), positive = redshift
#   2: lambda [Å]     observed wavelength
#   3: F_norm         total flux, smoothed, normalized to F_cont_baseline
#   4: F_norm_raw     total flux, RAW MC (no velocity smoothing)
#   5: F_cont_smooth  continuum-channel flux (continuum photons only)
#   6: F_vol_smooth   volumetric-channel flux (line emission contribution)
# Format: F_norm ≈ F_cont_smooth + F_vol_smooth (within MC noise)
# ----------------------------------------------------------------------------------------
 -16559.48  6200.3125  3.39902e-01  3.39109e-01  3.39902e-01  0.00000e+00
 -16530.93  6200.9375  3.40732e-01  3.42145e-01  3.40732e-01  0.00000e+00
 -16502.38  6201.5625  3.42972e-01  3.37574e-01  3.42972e-01  0.00000e+00
 -16473.83  6202.1875  3.42425e-01  3.57583e-01  3.42425e-01  0.00000e+00
 -16445.28  6202.8125  3.27511e-01  3.24536e-01  3.27511e-01  0.00000e+00
 -16416.73  6203.4375  3.23471e-01  2.97367e-01  3.23471e-01  0.00000e+00
 -16388.18  6204.0625  3.55237e-01  3.54446e-01  3.55237e-01  0.00000e+00
 -16359.63  6204.6875  3.88626e-01  4.14100e-01  3.88626e-01  0.00000e+00
 -16331.08  6205.3125  3.90574e-01  3.88692e-01  3.90574e-01  0.00000e+00
 -16302.53  6205.9375  3.80508e-01  3.78126e-01  3.80508e-01  0.00000e+00
 -16273.97  6206.5625  3.66275e-01  3.79931e-01  3.66275e-01  0.00000e+00
 -16245.42  6207.1875  3.49846e-01  3.28053e-01  3.49846e-01  0.00000e+00
 -16216.87  6207.8125  3.74887e-01  3.38898e-01  3.74887e-01  0.00000e+00
 -16188.32  6208.4375  4.33985e-01  4.75680e-01  4.33985e-01  0.00000e+00
 -16159.77  6209.0625  4.35716e-01  4.78090e-01  4.35716e-01  0.00000e+00
 -16131.22  6209.6875  3.84501e-01  3.39240e-01  3.84501e-01  0.00000e+00
 -16102.67  6210.3125  3.71125e-01  3.62188e-01  3.71125e-01  0.00000e+00
 -16074.12  6210.9375  3.81226e-01  4.06608e-01  3.81226e-01  0.00000e+00
 -16045.57  6211.5625  3.76405e-01  3.55123e-01  3.76405e-01  0.00000e+00
 -16017.01  6212.1875  3.69969e-01  3.96208e-01  3.69969e-01  0.00000e+00
 -15988.46  6212.8125  3.60009e-01  3.26856e-01  3.60009e-01  0.00000e+00
 -15959.91  6213.4375  3.65996e-01  3.87605e-01  3.65996e-01  0.00000e+00
 -15931.36  6214.0625  3.63958e-01  3.62739e-01  3.63958e-01  0.00000e+00
 -15902.81  6214.6875  3.65873e-01  3.40942e-01  3.65873e-01  0.00000e+00
 -15874.26  6215.3125  3.84763e-01  4.11025e-01  3.84763e-01  0.00000e+00
 -15845.71  6215.9375  3.79979e-01  3.88095e-01  3.79979e-01  0.00000e+00
 -15817.16  6216.5625  3.67746e-01  3.35834e-01  3.67746e-01  0.00000e+00
 -15788.61  6217.1875  3.77161e-01  4.02586e-01  3.77161e-01  0.00000e+00
 -15760.06  6217.8125  3.75615e-01  3.67980e-01  3.75615e-01  0.00000e+00
 -15731.50  6218.4375  3.58337e-01  3.80106e-01  3.58337e-01  0.00000e+00
 -15702.95  6219.0625  3.44226e-01  2.95176e-01  3.44226e-01  0.00000e+00
 -15674.40  6219.6875  3.60721e-01  3.98430e-01  3.60721e-01  0.00000e+00
 -15645.85  6220.3125  3.71745e-01  3.44697e-01  3.71745e-01  0.00000e+00
 -15617.30  6220.9375  3.86532e-01  4.04761e-01  3.86532e-01  0.00000e+00
 -15588.75  6221.5625  3.90520e-01  3.92390e-01  3.90520e-01  0.00000e+00
 -15560.20  6222.1875  3.75694e-01  3.87055e-01  3.75694e-01  0.00000e+00
 -15531.65  6222.8125  3.55427e-01  3.35633e-01  3.55427e-01  0.00000e+00
 -15503.10  6223.4375  3.47064e-01  3.60868e-01  3.47064e-01  0.00000e+00
 -15474.55  6224.0625  3.43982e-01  3.22442e-01  3.43982e-01  0.00000e+00
 -15445.99  6224.6875  3.44736e-01  3.74383e-01  3.44736e-01  0.00000e+00
 -15417.44  6225.3125  3.32302e-01  3.08855e-01  3.32302e-01  0.00000e+00
 -15388.89  6225.9375  3.28016e-01  3.39117e-01  3.28016e-01  0.00000e+00
 -15360.34  6226.5625  3.36602e-01  3.11696e-01  3.36602e-01  0.00000e+00
 -15331.79  6227.1875  3.62107e-01  3.80480e-01  3.62107e-01  0.00000e+00
 -15303.24  6227.8125  3.90185e-01  3.68794e-01  3.90185e-01  0.00000e+00
 -15274.69  6228.4375  4.24790e-01  4.43524e-01  4.24790e-01  0.00000e+00
 -15246.14  6229.0625  4.39832e-01  4.50890e-01  4.39832e-01  0.00000e+00
 -15217.59  6229.6875  4.27246e-01  4.31691e-01  4.27246e-01  0.00000e+00
 -15189.03  6230.3125  4.10319e-01  3.95716e-01  4.10319e-01  0.00000e+00
 -15160.48  6230.9375  4.10152e-01  4.08619e-01  4.10152e-01  0.00000e+00
 -15131.93  6231.5625  4.08316e-01  4.28800e-01  4.08316e-01  0.00000e+00
 -15103.38  6232.1875  3.82459e-01  3.81013e-01  3.82459e-01  0.00000e+00
 -15074.83  6232.8125  3.65106e-01  3.33408e-01  3.65106e-01  0.00000e+00
 -15046.28  6233.4375  3.84978e-01  3.93246e-01  3.84978e-01  0.00000e+00
 -15017.73  6234.0625  4.07489e-01  4.16654e-01  4.07489e-01  0.00000e+00
 -14989.18  6234.6875  4.13588e-01  4.14968e-01  4.13588e-01  0.00000e+00
 -14960.63  6235.3125  4.21925e-01  4.03715e-01  4.21925e-01  0.00000e+00
 -14932.08  6235.9375  4.33856e-01  4.66581e-01  4.33856e-01  0.00000e+00
 -14903.52  6236.5625  4.19114e-01  4.10152e-01  4.19114e-01  0.00000e+00
 -14874.97  6237.1875  4.05925e-01  3.90281e-01  4.05925e-01  0.00000e+00
 -14846.42  6237.8125  4.05032e-01  4.25646e-01  4.05032e-01  0.00000e+00
 -14817.87  6238.4375  3.81001e-01  3.91798e-01  3.81001e-01  0.00000e+00
 -14789.32  6239.0625  3.50887e-01  3.17420e-01  3.50887e-01  0.00000e+00
 -14760.77  6239.6875  3.59093e-01  3.57547e-01  3.59093e-01  0.00000e+00
 -14732.22  6240.3125  3.86407e-01  3.89758e-01  3.86407e-01  0.00000e+00
 -14703.67  6240.9375  3.96216e-01  4.22806e-01  3.96216e-01  0.00000e+00
 -14675.12  6241.5625  3.86348e-01  3.55338e-01  3.86348e-01  0.00000e+00
 -14646.57  6242.1875  3.85106e-01  4.13165e-01  3.85106e-01  0.00000e+00
 -14618.01  6242.8125  3.72402e-01  3.58210e-01  3.72402e-01  0.00000e+00
 -14589.46  6243.4375  3.54027e-01  3.69990e-01  3.54027e-01  0.00000e+00
 -14560.91  6244.0625  3.39862e-01  3.09226e-01  3.39862e-01  0.00000e+00
 -14532.36  6244.6875  3.45402e-01  3.66107e-01  3.45402e-01  0.00000e+00
 -14503.81  6245.3125  3.51679e-01  3.34846e-01  3.51679e-01  0.00000e+00
 -14475.26  6245.9375  3.70151e-01  3.67291e-01  3.70151e-01  0.00000e+00
 -14446.71  6246.5625  3.91784e-01  4.07601e-01  3.91784e-01  0.00000e+00
 -14418.16  6247.1875  3.86331e-01  4.01268e-01  3.86331e-01  0.00000e+00
 -14389.61  6247.8125  3.66593e-01  3.42143e-01  3.66593e-01  0.00000e+00
 -14361.06  6248.4375  3.73526e-01  3.65217e-01  3.73526e-01  0.00000e+00
 -14332.50  6249.0625  3.81686e-01  4.23605e-01  3.81686e-01  0.00000e+00
 -14303.95  6249.6875  3.62001e-01  3.25347e-01  3.62001e-01  0.00000e+00
 -14275.40  6250.3125  3.66089e-01  3.65839e-01  3.66089e-01  0.00000e+00
 -14246.85  6250.9375  3.89595e-01  3.92414e-01  3.89595e-01  0.00000e+00
 -14218.30  6251.5625  4.06323e-01  4.11556e-01  4.06323e-01  0.00000e+00
 -14189.75  6252.1875  3.92912e-01  4.29897e-01  3.92912e-01  0.00000e+00
 -14161.20  6252.8125  3.49305e-01  3.13845e-01  3.49305e-01  0.00000e+00
 -14132.65  6253.4375  3.44620e-01  3.18996e-01  3.44620e-01  0.00000e+00
 -14104.10  6254.0625  3.71208e-01  4.11203e-01  3.71208e-01  0.00000e+00
 -14075.54  6254.6875  3.77701e-01  3.48825e-01  3.77701e-01  0.00000e+00
 -14046.99  6255.3125  3.81677e-01  4.11493e-01  3.81677e-01  0.00000e+00
 -14018.44  6255.9375  3.72378e-01  3.55243e-01  3.72378e-01  0.00000e+00
 -13989.89  6256.5625  3.67414e-01  3.69491e-01  3.67414e-01  0.00000e+00
 -13961.34  6257.1875  3.66486e-01  3.71702e-01  3.66486e-01  0.00000e+00
 -13932.79  6257.8125  3.69302e-01  3.50550e-01  3.69302e-01  0.00000e+00
 -13904.24  6258.4375  3.91846e-01  3.94213e-01  3.91846e-01  0.00000e+00
 -13875.69  6259.0625  4.10528e-01  4.29628e-01  4.10528e-01  0.00000e+00
 -13847.14  6259.6875  3.98993e-01  4.07092e-01  3.98993e-01  0.00000e+00
 -13818.59  6260.3125  3.84511e-01  3.52556e-01  3.84511e-01  0.00000e+00
 -13790.03  6260.9375  4.06681e-01  4.04665e-01  4.06681e-01  0.00000e+00
 -13761.48  6261.5625  4.19985e-01  4.71636e-01  4.19985e-01  0.00000e+00
 -13732.93  6262.1875  3.78963e-01  3.59201e-01  3.78963e-01  0.00000e+00
 -13704.38  6262.8125  3.41532e-01  3.28625e-01  3.41532e-01  0.00000e+00
 -13675.83  6263.4375  3.45013e-01  3.22776e-01  3.45013e-01  0.00000e+00
 -13647.28  6264.0625  3.83900e-01  3.88438e-01  3.83900e-01  0.00000e+00
 -13618.73  6264.6875  4.22796e-01  4.31567e-01  4.22796e-01  0.00000e+00
 -13590.18  6265.3125  4.07649e-01  4.78437e-01  4.07649e-01  0.00000e+00
 -13561.63  6265.9375  3.41882e-01  2.59675e-01  3.41882e-01  0.00000e+00
 -13533.08  6266.5625  3.33016e-01  3.48575e-01  3.33016e-01  0.00000e+00
 -13504.52  6267.1875  3.48996e-01  3.53232e-01  3.48996e-01  0.00000e+00
 -13475.97  6267.8125  3.62844e-01  3.45770e-01  3.62844e-01  0.00000e+00
 -13447.42  6268.4375  3.89970e-01  3.98548e-01  3.89970e-01  0.00000e+00
 -13418.87  6269.0625  3.96390e-01  4.28646e-01  3.96390e-01  0.00000e+00
 -13390.32  6269.6875  3.59365e-01  3.54747e-01  3.59365e-01  0.00000e+00
 -13361.77  6270.3125  3.35433e-01  2.90745e-01  3.35433e-01  0.00000e+00
 -13333.22  6270.9375  3.64789e-01  3.76419e-01  3.64789e-01  0.00000e+00
 -13304.67  6271.5625  3.87447e-01  4.19484e-01  3.87447e-01  0.00000e+00
 -13276.12  6272.1875  3.77457e-01  3.50226e-01  3.77457e-01  0.00000e+00
 -13247.56  6272.8125  3.72462e-01  3.93548e-01  3.72462e-01  0.00000e+00
 -13219.01  6273.4375  3.78072e-01  3.38181e-01  3.78072e-01  0.00000e+00
 -13190.46  6274.0625  4.05244e-01  4.36913e-01  4.05244e-01  0.00000e+00
 -13161.91  6274.6875  4.02946e-01  4.21297e-01  4.02946e-01  0.00000e+00
 -13133.36  6275.3125  3.67976e-01  3.52456e-01  3.67976e-01  0.00000e+00
 -13104.81  6275.9375  3.46350e-01  3.37919e-01  3.46350e-01  0.00000e+00
 -13076.26  6276.5625  3.41982e-01  3.47940e-01  3.41982e-01  0.00000e+00
 -13047.71  6277.1875  3.47069e-01  3.26463e-01  3.47069e-01  0.00000e+00
 -13019.16  6277.8125  3.63515e-01  3.85461e-01  3.63515e-01  0.00000e+00
 -12990.61  6278.4375  3.72329e-01  3.56203e-01  3.72329e-01  0.00000e+00
 -12962.05  6279.0625  3.83721e-01  3.95181e-01  3.83721e-01  0.00000e+00
 -12933.50  6279.6875  3.99353e-01  3.80887e-01  3.99353e-01  0.00000e+00
 -12904.95  6280.3125  4.19052e-01  4.41687e-01  4.19052e-01  0.00000e+00
 -12876.40  6280.9375  4.11427e-01  4.25075e-01  4.11427e-01  0.00000e+00
 -12847.85  6281.5625  3.80874e-01  3.67954e-01  3.80874e-01  0.00000e+00
 -12819.30  6282.1875  3.69525e-01  3.51647e-01  3.69525e-01  0.00000e+00
 -12790.75  6282.8125  3.90659e-01  3.87394e-01  3.90659e-01  0.00000e+00
 -12762.20  6283.4375  4.11568e-01  4.37366e-01  4.11568e-01  0.00000e+00
 -12733.65  6284.0625  3.99656e-01  4.03479e-01  3.99656e-01  0.00000e+00
 -12705.10  6284.6875  3.92142e-01  3.49744e-01  3.92142e-01  0.00000e+00
 -12676.54  6285.3125  4.22996e-01  4.45640e-01  4.22996e-01  0.00000e+00
 -12647.99  6285.9375  4.27393e-01  4.65781e-01  4.27393e-01  0.00000e+00
 -12619.44  6286.5625  3.92535e-01  3.50927e-01  3.92535e-01  0.00000e+00
 -12590.89  6287.1875  3.73427e-01  4.00024e-01  3.73427e-01  0.00000e+00
 -12562.34  6287.8125  3.51954e-01  3.37233e-01  3.51954e-01  0.00000e+00
 -12533.79  6288.4375  3.39774e-01  3.33821e-01  3.39774e-01  0.00000e+00
 -12505.24  6289.0625  3.57219e-01  3.34376e-01  3.57219e-01  0.00000e+00
 -12476.69  6289.6875  4.01311e-01  4.10932e-01  4.01311e-01  0.00000e+00
 -12448.14  6290.3125  4.10651e-01  4.73272e-01  4.10651e-01  0.00000e+00
 -12419.58  6290.9375  3.70693e-01  3.05983e-01  3.70693e-01  0.00000e+00
 -12391.03  6291.5625  3.78873e-01  3.76830e-01  3.78873e-01  0.00000e+00
 -12362.48  6292.1875  4.07905e-01  4.40945e-01  4.07905e-01  0.00000e+00
 -12333.93  6292.8125  4.10843e-01  3.85129e-01  4.10843e-01  0.00000e+00
 -12305.38  6293.4375  4.10489e-01  4.40973e-01  4.10489e-01  0.00000e+00
 -12276.83  6294.0625  4.01305e-01  3.71463e-01  4.01305e-01  0.00000e+00
 -12248.28  6294.6875  4.01371e-01  4.24121e-01  4.01371e-01  0.00000e+00
 -12219.73  6295.3125  4.03145e-01  3.78188e-01  4.03145e-01  0.00000e+00
 -12191.18  6295.9375  4.21146e-01  4.26897e-01  4.21146e-01  0.00000e+00
 -12162.63  6296.5625  4.31161e-01  4.55978e-01  4.31161e-01  0.00000e+00
 -12134.07  6297.1875  4.12470e-01  4.00330e-01  4.12470e-01  0.00000e+00
 -12105.52  6297.8125  3.90611e-01  3.98627e-01  3.90611e-01  0.00000e+00
 -12076.97  6298.4375  3.78551e-01  3.54879e-01  3.78551e-01  0.00000e+00
 -12048.42  6299.0625  3.86873e-01  3.99245e-01  3.86873e-01  0.00000e+00
 -12019.87  6299.6875  4.03413e-01  3.83967e-01  4.03413e-01  0.00000e+00
 -11991.32  6300.3125  4.18533e-01  4.53171e-01  4.18533e-01  0.00000e+00
 -11962.77  6300.9375  4.06809e-01  3.94379e-01  4.06809e-01  0.00000e+00
 -11934.22  6301.5625  3.98629e-01  3.85002e-01  3.98629e-01  0.00000e+00
 -11905.67  6302.1875  3.98472e-01  4.26814e-01  3.98472e-01  0.00000e+00
 -11877.12  6302.8125  3.84236e-01  3.61493e-01  3.84236e-01  0.00000e+00
 -11848.56  6303.4375  4.02006e-01  3.68569e-01  4.02006e-01  0.00000e+00
 -11820.01  6304.0625  4.42270e-01  4.99875e-01  4.42270e-01  0.00000e+00
 -11791.46  6304.6875  4.27113e-01  4.27397e-01  4.27113e-01  0.00000e+00
 -11762.91  6305.3125  3.88002e-01  3.70775e-01  3.88002e-01  0.00000e+00
 -11734.36  6305.9375  3.69596e-01  3.71064e-01  3.69596e-01  0.00000e+00
 -11705.81  6306.5625  3.71351e-01  3.51167e-01  3.71351e-01  0.00000e+00
 -11677.26  6307.1875  3.87256e-01  4.08351e-01  3.87256e-01  0.00000e+00
 -11648.71  6307.8125  3.93423e-01  3.82860e-01  3.93423e-01  0.00000e+00
 -11620.16  6308.4375  3.99256e-01  4.03386e-01  3.99256e-01  0.00000e+00
 -11591.60  6309.0625  4.06950e-01  4.02457e-01  4.06950e-01  0.00000e+00
 -11563.05  6309.6875  4.01411e-01  4.31324e-01  4.01411e-01  0.00000e+00
 -11534.50  6310.3125  3.77121e-01  3.45794e-01  3.77121e-01  0.00000e+00
 -11505.95  6310.9375  3.68205e-01  3.81403e-01  3.68205e-01  0.00000e+00
 -11477.40  6311.5625  3.54535e-01  3.65295e-01  3.54535e-01  0.00000e+00
 -11448.85  6312.1875  3.42842e-01  3.02814e-01  3.42842e-01  0.00000e+00
 -11420.30  6312.8125  3.60333e-01  3.90103e-01  3.60333e-01  0.00000e+00
 -11391.75  6313.4375  3.74734e-01  3.51545e-01  3.74734e-01  0.00000e+00
 -11363.20  6314.0625  3.81165e-01  4.20646e-01  3.81165e-01  0.00000e+00
 -11334.65  6314.6875  3.78400e-01  3.25955e-01  3.78400e-01  0.00000e+00
 -11306.09  6315.3125  3.97399e-01  4.38791e-01  3.97399e-01  0.00000e+00
 -11277.54  6315.9375  3.96799e-01  3.91890e-01  3.96799e-01  0.00000e+00
 -11248.99  6316.5625  4.13523e-01  3.52342e-01  4.13523e-01  0.00000e+00
 -11220.44  6317.1875  4.60026e-01  5.50521e-01  4.60026e-01  0.00000e+00
 -11191.89  6317.8125  4.49573e-01  4.04723e-01  4.49573e-01  0.00000e+00
 -11163.34  6318.4375  4.33153e-01  4.55272e-01  4.33153e-01  0.00000e+00
 -11134.79  6319.0625  4.18649e-01  4.04580e-01  4.18649e-01  0.00000e+00
 -11106.24  6319.6875  3.92309e-01  4.26796e-01  3.92309e-01  0.00000e+00
 -11077.69  6320.3125  3.63686e-01  3.02130e-01  3.63686e-01  0.00000e+00
 -11049.14  6320.9375  3.73730e-01  4.12852e-01  3.73730e-01  0.00000e+00
 -11020.58  6321.5625  3.76911e-01  3.59625e-01  3.76911e-01  0.00000e+00
 -10992.03  6322.1875  3.60361e-01  3.98004e-01  3.60361e-01  0.00000e+00
 -10963.48  6322.8125  3.31772e-01  2.81539e-01  3.31772e-01  0.00000e+00
 -10934.93  6323.4375  3.28105e-01  3.64923e-01  3.28105e-01  0.00000e+00
 -10906.38  6324.0625  3.46472e-01  2.75090e-01  3.46472e-01  0.00000e+00
 -10877.83  6324.6875  4.11834e-01  4.55880e-01  4.11834e-01  0.00000e+00
 -10849.28  6325.3125  4.43968e-01  4.71848e-01  4.43968e-01  0.00000e+00
 -10820.73  6325.9375  4.23214e-01  4.08703e-01  4.23214e-01  0.00000e+00
 -10792.18  6326.5625  4.02762e-01  4.05162e-01  4.02762e-01  0.00000e+00
 -10763.62  6327.1875  4.02430e-01  3.76162e-01  4.02430e-01  0.00000e+00
 -10735.07  6327.8125  4.22441e-01  4.43846e-01  4.22441e-01  0.00000e+00
 -10706.52  6328.4375  4.16863e-01  4.39629e-01  4.16863e-01  0.00000e+00
 -10677.97  6329.0625  3.87868e-01  3.56907e-01  3.87868e-01  0.00000e+00
 -10649.42  6329.6875  3.92284e-01  3.81747e-01  3.92284e-01  0.00000e+00
 -10620.87  6330.3125  4.30431e-01  4.25641e-01  4.30431e-01  0.00000e+00
 -10592.32  6330.9375  4.59459e-01  4.99032e-01  4.59459e-01  0.00000e+00
 -10563.77  6331.5625  4.57418e-01  4.25816e-01  4.57418e-01  0.00000e+00
 -10535.22  6332.1875  4.60258e-01  4.80715e-01  4.60258e-01  0.00000e+00
 -10506.67  6332.8125  4.40237e-01  4.66463e-01  4.40237e-01  0.00000e+00
 -10478.11  6333.4375  4.14710e-01  3.43403e-01  4.14710e-01  0.00000e+00
 -10449.56  6334.0625  4.25845e-01  4.98047e-01  4.25845e-01  0.00000e+00
 -10421.01  6334.6875  4.16171e-01  3.59264e-01  4.16171e-01  0.00000e+00
 -10392.46  6335.3125  4.16298e-01  4.58621e-01  4.16298e-01  0.00000e+00
 -10363.91  6335.9375  4.09316e-01  3.80014e-01  4.09316e-01  0.00000e+00
 -10335.36  6336.5625  4.08969e-01  4.23007e-01  4.08969e-01  0.00000e+00
 -10306.81  6337.1875  4.02284e-01  4.09787e-01  4.02284e-01  0.00000e+00
 -10278.26  6337.8125  3.90300e-01  3.69800e-01  3.90300e-01  0.00000e+00
 -10249.71  6338.4375  3.94480e-01  4.03597e-01  3.94480e-01  0.00000e+00
 -10221.16  6339.0625  3.92216e-01  4.06278e-01  3.92216e-01  0.00000e+00
 -10192.60  6339.6875  3.98869e-01  3.41233e-01  3.98869e-01  0.00000e+00
 -10164.05  6340.3125  4.29895e-01  5.03373e-01  4.29895e-01  0.00000e+00
 -10135.50  6340.9375  4.14695e-01  3.86536e-01  4.14695e-01  0.00000e+00
 -10106.95  6341.5625  3.98082e-01  3.91516e-01  3.98082e-01  0.00000e+00
 -10078.40  6342.1875  3.98670e-01  4.08309e-01  3.98670e-01  0.00000e+00
 -10049.85  6342.8125  3.87421e-01  3.95237e-01  3.87421e-01  0.00000e+00
 -10021.30  6343.4375  3.73890e-01  3.51399e-01  3.73890e-01  0.00000e+00
  -9992.75  6344.0625  3.87235e-01  3.82513e-01  3.87235e-01  0.00000e+00
  -9964.20  6344.6875  4.03477e-01  4.31974e-01  4.03477e-01  0.00000e+00
  -9935.65  6345.3125  3.93593e-01  3.79556e-01  3.93593e-01  0.00000e+00
  -9907.09  6345.9375  3.83546e-01  3.87954e-01  3.83546e-01  0.00000e+00
  -9878.54  6346.5625  3.91531e-01  3.63320e-01  3.91531e-01  0.00000e+00
  -9849.99  6347.1875  4.19742e-01  4.44685e-01  4.19742e-01  0.00000e+00
  -9821.44  6347.8125  4.28121e-01  4.33269e-01  4.28121e-01  0.00000e+00
  -9792.89  6348.4375  4.12651e-01  4.19970e-01  4.12651e-01  0.00000e+00
  -9764.34  6349.0625  4.11298e-01  3.62710e-01  4.11298e-01  0.00000e+00
  -9735.79  6349.6875  4.39543e-01  4.89791e-01  4.39543e-01  0.00000e+00
  -9707.24  6350.3125  4.27861e-01  4.32860e-01  4.27861e-01  0.00000e+00
  -9678.69  6350.9375  3.98351e-01  3.69257e-01  3.98351e-01  0.00000e+00
  -9650.13  6351.5625  4.01951e-01  4.01510e-01  4.01951e-01  0.00000e+00
  -9621.58  6352.1875  4.02671e-01  4.38976e-01  4.02671e-01  0.00000e+00
  -9593.03  6352.8125  3.73690e-01  3.44564e-01  3.73690e-01  0.00000e+00
  -9564.48  6353.4375  3.61319e-01  3.63061e-01  3.61319e-01  0.00000e+00
  -9535.93  6354.0625  3.79083e-01  3.52526e-01  3.79083e-01  0.00000e+00
  -9507.38  6354.6875  4.25412e-01  4.33996e-01  4.25412e-01  0.00000e+00
  -9478.83  6355.3125  4.46656e-01  4.96354e-01  4.46656e-01  0.00000e+00
  -9450.28  6355.9375  4.09080e-01  3.90709e-01  4.09080e-01  0.00000e+00
  -9421.73  6356.5625  3.77180e-01  3.56622e-01  3.77180e-01  0.00000e+00
  -9393.18  6357.1875  3.69063e-01  3.92589e-01  3.69063e-01  0.00000e+00
  -9364.62  6357.8125  3.62405e-01  3.29949e-01  3.62405e-01  0.00000e+00
  -9336.07  6358.4375  3.83969e-01  3.85381e-01  3.83969e-01  0.00000e+00
  -9307.52  6359.0625  4.12073e-01  4.29704e-01  4.12073e-01  0.00000e+00
  -9278.97  6359.6875  4.19573e-01  4.13960e-01  4.19573e-01  0.00000e+00
  -9250.42  6360.3125  4.11178e-01  4.32603e-01  4.11178e-01  0.00000e+00
  -9221.87  6360.9375  3.86151e-01  3.71790e-01  3.86151e-01  0.00000e+00
  -9193.32  6361.5625  3.75931e-01  3.62568e-01  3.75931e-01  0.00000e+00
  -9164.77  6362.1875  3.94282e-01  3.87597e-01  3.94282e-01  0.00000e+00
  -9136.22  6362.8125  4.07786e-01  4.46599e-01  4.07786e-01  0.00000e+00
  -9107.67  6363.4375  3.93354e-01  3.59633e-01  3.93354e-01  0.00000e+00
  -9079.11  6364.0625  3.82415e-01  4.13302e-01  3.82415e-01  0.00000e+00
  -9050.56  6364.6875  3.61585e-01  3.42391e-01  3.61585e-01  0.00000e+00
  -9022.01  6365.3125  3.57023e-01  3.42696e-01  3.57023e-01  0.00000e+00
  -8993.46  6365.9375  3.73426e-01  3.88034e-01  3.73426e-01  0.00000e+00
  -8964.91  6366.5625  3.80465e-01  3.77948e-01  3.80465e-01  0.00000e+00
  -8936.36  6367.1875  3.71505e-01  3.92146e-01  3.71505e-01  0.00000e+00
  -8907.81  6367.8125  3.63421e-01  3.16072e-01  3.63421e-01  0.00000e+00
  -8879.26  6368.4375  3.84620e-01  4.22586e-01  3.84620e-01  0.00000e+00
  -8850.71  6369.0625  4.05638e-01  3.64240e-01  4.05638e-01  0.00000e+00
  -8822.15  6369.6875  4.14865e-01  4.93444e-01  4.14865e-01  0.00000e+00
  -8793.60  6370.3125  3.80178e-01  3.17281e-01  3.80178e-01  0.00000e+00
  -8765.05  6370.9375  3.66529e-01  3.95135e-01  3.66529e-01  0.00000e+00
  -8736.50  6371.5625  3.62552e-01  3.41808e-01  3.62552e-01  0.00000e+00
  -8707.95  6372.1875  3.66152e-01  3.74333e-01  3.66152e-01  0.00000e+00
  -8679.40  6372.8125  3.72163e-01  3.70453e-01  3.72163e-01  0.00000e+00
  -8650.85  6373.4375  3.90342e-01  3.66618e-01  3.90342e-01  0.00000e+00
  -8622.30  6374.0625  4.32829e-01  4.44288e-01  4.32829e-01  0.00000e+00
  -8593.75  6374.6875  4.55247e-01  4.88413e-01  4.55247e-01  0.00000e+00
  -8565.20  6375.3125  4.42974e-01  4.16423e-01  4.42974e-01  0.00000e+00
  -8536.64  6375.9375  4.39171e-01  4.49676e-01  4.39171e-01  0.00000e+00
  -8508.09  6376.5625  4.34326e-01  4.36960e-01  4.34326e-01  0.00000e+00
  -8479.54  6377.1875  4.12990e-01  4.26641e-01  4.12990e-01  0.00000e+00
  -8450.99  6377.8125  3.86616e-01  3.62283e-01  3.86616e-01  0.00000e+00
  -8422.44  6378.4375  3.91700e-01  3.79195e-01  3.91700e-01  0.00000e+00
  -8393.89  6379.0625  4.23066e-01  4.31149e-01  4.23066e-01  0.00000e+00
  -8365.34  6379.6875  4.53749e-01  4.49938e-01  4.53749e-01  0.00000e+00
  -8336.79  6380.3125  4.69990e-01  4.92129e-01  4.69990e-01  0.00000e+00
  -8308.24  6380.9375  4.36356e-01  4.77891e-01  4.36356e-01  0.00000e+00
  -8279.69  6381.5625  3.82050e-01  2.98761e-01  3.82050e-01  0.00000e+00
  -8251.13  6382.1875  3.71947e-01  4.43541e-01  3.71947e-01  0.00000e+00
  -8222.58  6382.8125  3.58031e-01  2.86238e-01  3.58031e-01  0.00000e+00
  -8194.03  6383.4375  3.79523e-01  4.12147e-01  3.79523e-01  0.00000e+00
  -8165.48  6384.0625  3.99634e-01  3.98152e-01  3.99634e-01  0.00000e+00
  -8136.93  6384.6875  4.05620e-01  4.01725e-01  4.05620e-01  0.00000e+00
  -8108.38  6385.3125  3.95193e-01  4.30650e-01  3.95193e-01  0.00000e+00
  -8079.83  6385.9375  3.47500e-01  3.37384e-01  3.47500e-01  0.00000e+00
  -8051.28  6386.5625  3.17871e-01  2.74393e-01  3.17871e-01  0.00000e+00
  -8022.73  6387.1875  3.42810e-01  3.56411e-01  3.42810e-01  0.00000e+00
  -7994.17  6387.8125  3.72579e-01  3.78884e-01  3.72579e-01  0.00000e+00
  -7965.62  6388.4375  3.87511e-01  3.86741e-01  3.87511e-01  0.00000e+00
  -7937.07  6389.0625  3.97544e-01  3.99094e-01  3.97544e-01  0.00000e+00
  -7908.52  6389.6875  3.94794e-01  4.13517e-01  3.94794e-01  0.00000e+00
  -7879.97  6390.3125  3.73964e-01  3.62005e-01  3.73964e-01  0.00000e+00
  -7851.42  6390.9375  3.68226e-01  3.50824e-01  3.68226e-01  0.00000e+00
  -7822.87  6391.5625  3.90426e-01  3.92472e-01  3.90426e-01  0.00000e+00
  -7794.32  6392.1875  4.08851e-01  4.29583e-01  4.08851e-01  0.00000e+00
  -7765.77  6392.8125  4.08964e-01  3.92136e-01  4.08964e-01  0.00000e+00
  -7737.22  6393.4375  4.16132e-01  4.20523e-01  4.16132e-01  0.00000e+00
  -7708.66  6394.0625  4.22342e-01  4.27537e-01  4.22342e-01  0.00000e+00
  -7680.11  6394.6875  3.94157e-01  4.37979e-01  3.94157e-01  0.00000e+00
  -7651.56  6395.3125  3.28074e-01  2.89484e-01  3.28074e-01  0.00000e+00
  -7623.01  6395.9375  2.99618e-01  2.80603e-01  2.99618e-01  0.00000e+00
  -7594.46  6396.5625  3.37679e-01  3.02092e-01  3.37679e-01  0.00000e+00
  -7565.91  6397.1875  3.91509e-01  4.66469e-01  3.91509e-01  0.00000e+00
  -7537.36  6397.8125  3.82331e-01  3.56689e-01  3.82331e-01  0.00000e+00
  -7508.81  6398.4375  3.55368e-01  3.70737e-01  3.55368e-01  0.00000e+00
  -7480.26  6399.0625  3.48708e-01  3.00127e-01  3.48708e-01  0.00000e+00
  -7451.71  6399.6875  3.68604e-01  4.19797e-01  3.68604e-01  0.00000e+00
  -7423.15  6400.3125  3.65891e-01  3.35479e-01  3.65891e-01  0.00000e+00
  -7394.60  6400.9375  3.48980e-01  3.94652e-01  3.48980e-01  0.00000e+00
  -7366.05  6401.5625  3.31454e-01  2.58711e-01  3.31454e-01  0.00000e+00
  -7337.50  6402.1875  3.71943e-01  3.90023e-01  3.71943e-01  0.00000e+00
  -7308.95  6402.8125  4.05982e-01  4.49558e-01  4.05982e-01  0.00000e+00
  -7280.40  6403.4375  3.98568e-01  3.54342e-01  3.98568e-01  0.00000e+00
  -7251.85  6404.0625  3.95837e-01  4.42671e-01  3.95837e-01  0.00000e+00
  -7223.30  6404.6875  3.79018e-01  3.40676e-01  3.79018e-01  0.00000e+00
  -7194.75  6405.3125  3.80330e-01  3.90343e-01  3.80330e-01  0.00000e+00
  -7166.19  6405.9375  3.88119e-01  3.90844e-01  3.88119e-01  0.00000e+00
  -7137.64  6406.5625  3.86657e-01  3.89520e-01  3.86657e-01  0.00000e+00
  -7109.09  6407.1875  3.93274e-01  3.68766e-01  3.93274e-01  0.00000e+00
  -7080.54  6407.8125  4.13944e-01  4.41813e-01  4.13944e-01  0.00000e+00
  -7051.99  6408.4375  4.11921e-01  4.11603e-01  4.11921e-01  0.00000e+00
  -7023.44  6409.0625  3.87222e-01  4.00028e-01  3.87222e-01  0.00000e+00
  -6994.89  6409.6875  3.57782e-01  3.34983e-01  3.57782e-01  0.00000e+00
  -6966.34  6410.3125  3.40561e-01  3.60052e-01  3.40561e-01  0.00000e+00
  -6937.79  6410.9375  3.34375e-01  2.94748e-01  3.34375e-01  0.00000e+00
  -6909.24  6411.5625  3.61668e-01  3.74963e-01  3.61668e-01  0.00000e+00
  -6880.68  6412.1875  3.91019e-01  3.98252e-01  3.91019e-01  0.00000e+00
  -6852.13  6412.8125  4.15884e-01  3.93564e-01  4.15884e-01  0.00000e+00
  -6823.58  6413.4375  4.36519e-01  4.85650e-01  4.36519e-01  0.00000e+00
  -6795.03  6414.0625  4.16616e-01  3.96332e-01  4.16616e-01  0.00000e+00
  -6766.48  6414.6875  3.87234e-01  4.02377e-01  3.87234e-01  0.00000e+00
  -6737.93  6415.3125  3.74325e-01  3.27011e-01  3.74325e-01  0.00000e+00
  -6709.38  6415.9375  3.71362e-01  4.49435e-01  3.71362e-01  0.00000e+00
  -6680.83  6416.5625  3.39641e-01  2.60767e-01  3.39641e-01  0.00000e+00
  -6652.28  6417.1875  3.55279e-01  3.74163e-01  3.55279e-01  0.00000e+00
  -6623.73  6417.8125  3.78380e-01  3.98976e-01  3.78380e-01  0.00000e+00
  -6595.17  6418.4375  3.68315e-01  3.66340e-01  3.68315e-01  0.00000e+00
  -6566.62  6419.0625  3.77856e-01  3.24522e-01  3.77856e-01  0.00000e+00
  -6538.07  6419.6875  4.19876e-01  4.84819e-01  4.19876e-01  0.00000e+00
  -6509.52  6420.3125  4.09272e-01  4.06447e-01  4.09272e-01  0.00000e+00
  -6480.97  6420.9375  3.65978e-01  3.66361e-01  3.65978e-01  0.00000e+00
  -6452.42  6421.5625  3.46037e-01  3.03556e-01  3.46037e-01  0.00000e+00
  -6423.87  6422.1875  3.61090e-01  4.00401e-01  3.61090e-01  0.00000e+00
  -6395.32  6422.8125  3.85843e-01  3.23263e-01  3.85843e-01  0.00000e+00
  -6366.77  6423.4375  4.40690e-01  4.90378e-01  4.40690e-01  0.00000e+00
  -6338.21  6424.0625  4.51277e-01  4.75787e-01  4.51277e-01  0.00000e+00
  -6309.66  6424.6875  4.09393e-01  3.97214e-01  4.09393e-01  0.00000e+00
  -6281.11  6425.3125  3.81992e-01  3.56071e-01  3.81992e-01  0.00000e+00
  -6252.56  6425.9375  3.81292e-01  4.06831e-01  3.81292e-01  0.00000e+00
  -6224.01  6426.5625  3.76984e-01  3.51865e-01  3.76984e-01  0.00000e+00
  -6195.46  6427.1875  3.74658e-01  4.02865e-01  3.74658e-01  0.00000e+00
  -6166.91  6427.8125  3.57194e-01  3.46095e-01  3.57194e-01  0.00000e+00
  -6138.36  6428.4375  3.60675e-01  3.20696e-01  3.60675e-01  0.00000e+00
  -6109.81  6429.0625  3.89770e-01  4.46412e-01  3.89770e-01  0.00000e+00
  -6081.26  6429.6875  3.84573e-01  3.57578e-01  3.84573e-01  0.00000e+00
  -6052.70  6430.3125  3.86339e-01  3.79109e-01  3.86339e-01  0.00000e+00
  -6024.15  6430.9375  4.03746e-01  4.16374e-01  4.03746e-01  0.00000e+00
  -5995.60  6431.5625  3.97241e-01  4.19827e-01  3.97241e-01  0.00000e+00
  -5967.05  6432.1875  3.74396e-01  3.37575e-01  3.74396e-01  0.00000e+00
  -5938.50  6432.8125  3.68219e-01  3.99278e-01  3.68219e-01  0.00000e+00
  -5909.95  6433.4375  3.51480e-01  3.36322e-01  3.51480e-01  0.00000e+00
  -5881.40  6434.0625  3.36843e-01  3.36561e-01  3.36843e-01  0.00000e+00
  -5852.85  6434.6875  3.20758e-01  3.39344e-01  3.20758e-01  0.00000e+00
  -5824.30  6435.3125  3.06005e-01  2.64204e-01  3.06005e-01  0.00000e+00
  -5795.75  6435.9375  3.37775e-01  3.35294e-01  3.37775e-01  0.00000e+00
  -5767.19  6436.5625  4.02136e-01  3.90880e-01  4.02136e-01  0.00000e+00
  -5738.64  6437.1875  4.44169e-01  5.12939e-01  4.44169e-01  0.00000e+00
  -5710.09  6437.8125  4.27625e-01  3.83025e-01  4.27625e-01  0.00000e+00
  -5681.54  6438.4375  4.16438e-01  4.37140e-01  4.16438e-01  0.00000e+00
  -5652.99  6439.0625  3.99907e-01  4.05689e-01  3.99907e-01  0.00000e+00
  -5624.44  6439.6875  3.82768e-01  3.52723e-01  3.82768e-01  0.00000e+00
  -5595.89  6440.3125  3.96647e-01  4.03156e-01  3.96647e-01  0.00000e+00
  -5567.34  6440.9375  4.04404e-01  4.30402e-01  4.04404e-01  0.00000e+00
  -5538.79  6441.5625  3.81405e-01  3.71673e-01  3.81405e-01  0.00000e+00
  -5510.24  6442.1875  3.73333e-01  3.42858e-01  3.73332e-01  9.48913e-07
  -5481.68  6442.8125  4.01506e-01  4.17174e-01  4.01415e-01  9.11463e-05
  -5453.13  6443.4375  4.25906e-01  4.27749e-01  4.23530e-01  2.37585e-03
  -5424.58  6444.0625  4.28414e-01  4.46671e-01  4.11608e-01  1.68061e-02
  -5396.03  6444.6875  4.09060e-01  4.02471e-01  3.76799e-01  3.22616e-02
  -5367.48  6445.3125  3.90887e-01  3.84920e-01  3.74064e-01  1.68234e-02
  -5338.93  6445.9375  3.81876e-01  3.85823e-01  3.79050e-01  2.82564e-03
  -5310.38  6446.5625  3.76755e-01  3.69414e-01  3.73482e-01  3.27280e-03
  -5281.83  6447.1875  3.91789e-01  3.68875e-01  3.85681e-01  6.10852e-03
  -5253.28  6447.8125  4.16548e-01  4.57925e-01  4.13366e-01  3.18181e-03
  -5224.72  6448.4375  4.00840e-01  4.01244e-01  4.00374e-01  4.65267e-04
  -5196.17  6449.0625  3.76321e-01  3.49671e-01  3.75901e-01  4.20840e-04
  -5167.62  6449.6875  3.84238e-01  3.86387e-01  3.81383e-01  2.85502e-03
  -5139.07  6450.3125  4.00907e-01  4.08046e-01  3.95427e-01  5.48023e-03
  -5110.52  6450.9375  4.01525e-01  4.11262e-01  3.98670e-01  2.85555e-03
  -5081.97  6451.5625  3.83321e-01  3.86759e-01  3.82849e-01  4.71387e-04
  -5053.42  6452.1875  3.68781e-01  3.45618e-01  3.66997e-01  1.78426e-03
  -5024.87  6452.8125  3.87375e-01  3.78646e-01  3.74738e-01  1.26375e-02
  -4996.32  6453.4375  4.19995e-01  4.40256e-01  3.92461e-01  2.75343e-02
  -4967.77  6454.0625  4.39930e-01  4.22744e-01  4.02255e-01  3.76750e-02
  -4939.21  6454.6875  4.36481e-01  4.96909e-01  3.85222e-01  5.12598e-02
  -4910.66  6455.3125  4.04123e-01  3.32519e-01  3.76027e-01  2.80961e-02
  -4882.11  6455.9375  4.06888e-01  4.49192e-01  4.01656e-01  5.23172e-03
  -4853.56  6456.5625  4.16988e-01  3.79016e-01  4.14034e-01  2.95331e-03
  -4825.01  6457.1875  4.39599e-01  4.62884e-01  4.21260e-01  1.83390e-02
  -4796.46  6457.8125  4.40872e-01  4.62932e-01  4.05687e-01  3.51846e-02
  -4767.91  6458.4375  4.27632e-01  3.79905e-01  4.09303e-01  1.83289e-02
  -4739.36  6459.0625  4.41111e-01  4.78844e-01  4.38520e-01  2.59112e-03
  -4710.81  6459.6875  4.35415e-01  4.30966e-01  4.35316e-01  9.94583e-05
  -4682.26  6460.3125  4.18282e-01  4.12089e-01  4.18276e-01  6.19078e-06
  -4653.70  6460.9375  4.12218e-01  4.08480e-01  4.12083e-01  1.34860e-04
  -4625.15  6461.5625  4.00185e-01  4.25453e-01  3.99189e-01  9.96286e-04
  -4596.60  6462.1875  3.69299e-01  3.52548e-01  3.66219e-01  3.08044e-03
  -4568.05  6462.8125  3.84836e-01  3.17739e-01  3.73267e-01  1.15690e-02
  -4539.50  6463.4375  4.67043e-01  5.16377e-01  4.34140e-01  3.29035e-02
  -4510.95  6464.0625  4.85801e-01  5.53145e-01  4.42359e-01  4.34413e-02
  -4482.40  6464.6875  4.26150e-01  3.63078e-01  3.86662e-01  3.94873e-02
  -4453.85  6465.3125  4.21609e-01  3.95077e-01  3.67297e-01  5.43118e-02
  -4425.30  6465.9375  4.44966e-01  5.20569e-01  3.86868e-01  5.80976e-02
  -4396.74  6466.5625  4.22912e-01  3.59493e-01  3.66575e-01  5.63372e-02
  -4368.19  6467.1875  4.17746e-01  4.55571e-01  3.62941e-01  5.48047e-02
  -4339.64  6467.8125  4.07824e-01  3.93997e-01  3.69091e-01  3.87327e-02
  -4311.09  6468.4375  4.17735e-01  3.78913e-01  3.92241e-01  2.54939e-02
  -4282.54  6469.0625  4.58631e-01  5.04115e-01  4.25139e-01  3.34916e-02
  -4253.99  6469.6875  4.58729e-01  4.66119e-01  4.20583e-01  3.81460e-02
  -4225.44  6470.3125  4.28868e-01  4.18845e-01  3.96664e-01  3.22039e-02
  -4196.89  6470.9375  4.13709e-01  4.04011e-01  3.78935e-01  3.47735e-02
  -4168.34  6471.5625  4.40672e-01  3.99201e-01  3.86332e-01  5.43402e-02
  -4139.79  6472.1875  4.93344e-01  5.52935e-01  3.92662e-01  1.00682e-01
  -4111.23  6472.8125  4.95414e-01  4.88238e-01  3.82489e-01  1.12925e-01
  -4082.68  6473.4375  4.60941e-01  4.83049e-01  3.78457e-01  8.24841e-02
  -4054.13  6474.0625  4.37591e-01  3.73080e-01  3.92933e-01  4.46581e-02
  -4025.58  6474.6875  4.69141e-01  4.97572e-01  4.30335e-01  3.88057e-02
  -3997.03  6475.3125  4.85580e-01  5.12509e-01  4.47354e-01  3.82264e-02
  -3968.48  6475.9375  4.66586e-01  4.41537e-01  4.05993e-01  6.05928e-02
  -3939.93  6476.5625  4.70128e-01  4.58169e-01  3.55121e-01  1.15007e-01
  -3911.38  6477.1875  4.88863e-01  5.13193e-01  3.29847e-01  1.59016e-01
  -3882.83  6477.8125  4.80991e-01  4.88644e-01  3.18647e-01  1.62344e-01
  -3854.28  6478.4375  4.87990e-01  4.18867e-01  3.48029e-01  1.39961e-01
  -3825.72  6479.0625  5.38562e-01  6.11456e-01  4.18551e-01  1.20011e-01
  -3797.17  6479.6875  5.52972e-01  5.21671e-01  4.58566e-01  9.44064e-02
  -3768.62  6480.3125  5.74612e-01  5.62280e-01  4.44086e-01  1.30526e-01
  -3740.07  6480.9375  6.26258e-01  6.29654e-01  4.33807e-01  1.92451e-01
  -3711.52  6481.5625  6.60826e-01  6.92521e-01  4.40629e-01  2.20197e-01
  -3682.97  6482.1875  6.23878e-01  6.76095e-01  4.28890e-01  1.94987e-01
  -3654.42  6482.8125  5.71941e-01  4.45935e-01  4.01905e-01  1.70036e-01
  -3625.87  6483.4375  6.14334e-01  6.84788e-01  4.15166e-01  1.99168e-01
  -3597.32  6484.0625  6.59966e-01  6.17923e-01  4.19586e-01  2.40380e-01
  -3568.76  6484.6875  6.69692e-01  7.60888e-01  4.35310e-01  2.34382e-01
  -3540.21  6485.3125  6.16258e-01  5.57627e-01  4.26909e-01  1.89350e-01
  -3511.66  6485.9375  5.88943e-01  5.86672e-01  4.08897e-01  1.80045e-01
  -3483.11  6486.5625  6.06079e-01  5.94064e-01  4.19503e-01  1.86576e-01
  -3454.56  6487.1875  6.65245e-01  6.22756e-01  4.49645e-01  2.15599e-01
  -3426.01  6487.8125  7.25146e-01  8.28162e-01  4.57120e-01  2.68026e-01
  -3397.46  6488.4375  6.69293e-01  6.82694e-01  4.14785e-01  2.54508e-01
  -3368.91  6489.0625  6.07038e-01  4.89123e-01  3.91005e-01  2.16034e-01
  -3340.36  6489.6875  7.03310e-01  6.76647e-01  3.91052e-01  3.12257e-01
  -3311.81  6490.3125  8.39234e-01  9.49379e-01  4.03189e-01  4.36045e-01
  -3283.25  6490.9375  8.43595e-01  8.53995e-01  3.86877e-01  4.56718e-01
  -3254.70  6491.5625  7.99343e-01  7.45807e-01  3.62630e-01  4.36712e-01
  -3226.15  6492.1875  7.97959e-01  8.28482e-01  3.72689e-01  4.25270e-01
  -3197.60  6492.8125  7.90790e-01  7.90750e-01  3.82861e-01  4.07929e-01
  -3169.05  6493.4375  8.11793e-01  7.35756e-01  3.91551e-01  4.20242e-01
  -3140.50  6494.0625  9.08230e-01  9.48101e-01  4.21390e-01  4.86840e-01
  -3111.95  6494.6875  9.88207e-01  1.00774e+00  4.37457e-01  5.50750e-01
  -3083.40  6495.3125  1.05288e+00  9.90290e-01  4.38283e-01  6.14600e-01
  -3054.85  6495.9375  1.08774e+00  1.25464e+00  4.22289e-01  6.65455e-01
  -3026.30  6496.5625  9.79414e-01  9.23864e-01  4.12041e-01  5.67373e-01
  -2997.74  6497.1875  9.83416e-01  7.41611e-01  4.03613e-01  5.79802e-01
  -2969.19  6497.8125  1.19039e+00  1.45414e+00  3.99622e-01  7.90770e-01
  -2940.64  6498.4375  1.38887e+00  1.04518e+00  4.18009e-01  9.70856e-01
  -2912.09  6499.0625  1.65015e+00  2.06401e+00  4.26850e-01  1.22330e+00
  -2883.54  6499.6875  1.70489e+00  1.46662e+00  4.02410e-01  1.30248e+00
  -2854.99  6500.3125  1.89214e+00  1.81694e+00  3.48047e-01  1.54409e+00
  -2826.44  6500.9375  2.42246e+00  2.20710e+00  3.00266e-01  2.12220e+00
  -2797.89  6501.5625  2.95028e+00  3.51965e+00  2.42510e-01  2.70777e+00
  -2769.34  6502.1875  2.88472e+00  2.83654e+00  1.81732e-01  2.70299e+00
  -2740.78  6502.8125  2.65407e+00  2.48541e+00  1.28041e-01  2.52603e+00
  -2712.23  6503.4375  2.76574e+00  2.57313e+00  1.15461e-01  2.65028e+00
  -2683.68  6504.0625  3.06498e+00  3.36449e+00  1.14085e-01  2.95089e+00
  -2655.13  6504.6875  3.25956e+00  3.00396e+00  9.52686e-02  3.16429e+00
  -2626.58  6505.3125  3.92565e+00  3.39807e+00  8.92251e-02  3.83643e+00
  -2598.03  6505.9375  5.09581e+00  5.60565e+00  8.61342e-02  5.00967e+00
  -2569.48  6506.5625  5.28944e+00  6.35607e+00  7.08186e-02  5.21863e+00
  -2540.93  6507.1875  4.18005e+00  3.49463e+00  5.99823e-02  4.12007e+00
  -2512.38  6507.8125  3.33188e+00  3.34959e+00  4.87288e-02  3.28315e+00
  -2483.83  6508.4375  3.20190e+00  2.57376e+00  4.01178e-02  3.16178e+00
  -2455.27  6509.0625  3.55968e+00  4.19705e+00  4.36382e-02  3.51604e+00
  -2426.72  6509.6875  3.80333e+00  3.16883e+00  5.80701e-02  3.74526e+00
  -2398.17  6510.3125  4.05050e+00  4.86169e+00  6.28559e-02  3.98764e+00
  -2369.62  6510.9375  3.82294e+00  3.39133e+00  5.05767e-02  3.77237e+00
  -2341.07  6511.5625  3.44072e+00  3.90992e+00  4.42134e-02  3.39650e+00
  -2312.52  6512.1875  3.11346e+00  2.37156e+00  4.32835e-02  3.07017e+00
  -2283.97  6512.8125  3.41981e+00  3.54356e+00  4.99693e-02  3.36984e+00
  -2255.42  6513.4375  3.76788e+00  4.15199e+00  6.10201e-02  3.70685e+00
  -2226.87  6514.0625  3.67235e+00  3.47968e+00  5.51506e-02  3.61720e+00
  -2198.32  6514.6875  3.65823e+00  3.56790e+00  2.24534e-02  3.63578e+00
  -2169.76  6515.3125  3.97370e+00  3.76620e+00  3.77707e-03  3.96992e+00
  -2141.21  6515.9375  4.23937e+00  4.89601e+00  6.25284e-03  4.23312e+00
  -2112.66  6516.5625  3.94305e+00  3.63720e+00  1.45306e-02  3.92852e+00
  -2084.11  6517.1875  3.66727e+00  3.65437e+00  1.75867e-02  3.64968e+00
  -2055.56  6517.8125  3.53806e+00  3.61906e+00  1.94614e-02  3.51860e+00
  -2027.01  6518.4375  3.60058e+00  3.14311e+00  1.86734e-02  3.58191e+00
  -1998.46  6519.0625  4.21579e+00  4.18219e+00  2.01425e-02  4.19565e+00
  -1969.91  6519.6875  4.65979e+00  5.50663e+00  1.94481e-02  4.64034e+00
  -1941.36  6520.3125  4.39468e+00  3.72767e+00  1.67274e-02  4.37795e+00
  -1912.80  6520.9375  4.17656e+00  4.73550e+00  2.26229e-02  4.15393e+00
  -1884.25  6521.5625  3.79476e+00  3.47492e+00  2.97958e-02  3.76497e+00
  -1855.70  6522.1875  3.70001e+00  3.38866e+00  2.80185e-02  3.67199e+00
  -1827.15  6522.8125  3.95341e+00  4.35540e+00  3.66055e-02  3.91680e+00
  -1798.60  6523.4375  3.88990e+00  3.84468e+00  3.58670e-02  3.85403e+00
  -1770.05  6524.0625  3.55881e+00  3.75744e+00  2.66949e-02  3.53212e+00
  -1741.50  6524.6875  3.45548e+00  2.64077e+00  1.66006e-02  3.43888e+00
  -1712.95  6525.3125  4.01774e+00  4.50719e+00  2.39415e-02  3.99380e+00
  -1684.40  6525.9375  4.30627e+00  4.49956e+00  3.88230e-02  4.26744e+00
  -1655.85  6526.5625  4.23426e+00  3.95463e+00  3.45428e-02  4.19972e+00
  -1627.29  6527.1875  4.36547e+00  4.42363e+00  1.48405e-02  4.35063e+00
  -1598.74  6527.8125  4.61743e+00  4.58402e+00  1.19191e-02  4.60551e+00
  -1570.19  6528.4375  5.11779e+00  4.72239e+00  2.43099e-02  5.09348e+00
  -1541.64  6529.0625  5.94577e+00  6.28626e+00  2.42386e-02  5.92153e+00
  -1513.09  6529.6875  6.36747e+00  6.70046e+00  1.63041e-02  6.35116e+00
  -1484.54  6530.3125  6.31936e+00  6.03917e+00  1.63499e-02  6.30301e+00
  -1455.99  6530.9375  6.39674e+00  6.44732e+00  1.96361e-02  6.37710e+00
  -1427.44  6531.5625  6.49743e+00  6.61530e+00  1.70616e-02  6.48037e+00
  -1398.89  6532.1875  6.49821e+00  6.39480e+00  1.62624e-02  6.48194e+00
  -1370.34  6532.8125  6.81206e+00  6.36916e+00  1.59615e-02  6.79610e+00
  -1341.78  6533.4375  7.40399e+00  8.01892e+00  1.01094e-02  7.39388e+00
  -1313.23  6534.0625  7.49751e+00  7.43892e+00  1.76501e-02  7.47986e+00
  -1284.68  6534.6875  7.54631e+00  7.12952e+00  3.85430e-02  7.50776e+00
  -1256.13  6535.3125  7.90220e+00  8.37351e+00  4.16534e-02  7.86054e+00
  -1227.58  6535.9375  8.26910e+00  7.61560e+00  3.77059e-02  8.23139e+00
  -1199.03  6536.5625  8.98097e+00  9.38797e+00  3.84396e-02  8.94253e+00
  -1170.48  6537.1875  9.47193e+00  9.62862e+00  3.66039e-02  9.43532e+00
  -1141.93  6537.8125  1.02683e+01  9.07912e+00  3.97202e-02  1.02285e+01
  -1113.38  6538.4375  1.27691e+01  1.23180e+01  3.68583e-02  1.27323e+01
  -1084.83  6539.0625  1.57694e+01  1.71658e+01  3.56619e-02  1.57338e+01
  -1056.27  6539.6875  1.76608e+01  1.68835e+01  4.29633e-02  1.76179e+01
  -1027.72  6540.3125  1.92598e+01  2.01100e+01  5.91186e-02  1.92007e+01
   -999.17  6540.9375  2.04435e+01  1.98838e+01  6.12180e-02  2.03822e+01
   -970.62  6541.5625  2.10822e+01  2.24509e+01  5.67931e-02  2.10254e+01
   -942.07  6542.1875  2.06711e+01  1.98832e+01  6.04421e-02  2.06106e+01
   -913.52  6542.8125  2.03074e+01  2.06382e+01  6.45601e-02  2.02428e+01
   -884.97  6543.4375  2.01242e+01  1.98541e+01  7.50360e-02  2.00492e+01
   -856.42  6544.0625  2.05582e+01  1.98113e+01  6.76241e-02  2.04906e+01
   -827.87  6544.6875  2.16884e+01  2.24410e+01  5.38786e-02  2.16346e+01
   -799.31  6545.3125  2.23717e+01  2.22209e+01  4.26444e-02  2.23291e+01
   -770.76  6545.9375  2.28609e+01  2.27810e+01  3.26085e-02  2.28283e+01
   -742.21  6546.5625  2.33836e+01  2.36568e+01  2.56314e-02  2.33580e+01
   -713.66  6547.1875  2.42401e+01  2.32760e+01  3.35607e-02  2.42066e+01
   -685.11  6547.8125  2.72982e+01  2.55080e+01  5.02256e-02  2.72480e+01
   -656.56  6548.4375  3.30354e+01  3.34131e+01  7.02810e-02  3.29651e+01
   -628.01  6549.0625  3.82456e+01  4.00880e+01  9.61626e-02  3.81495e+01
   -599.46  6549.6875  4.04371e+01  4.11018e+01  1.14227e-01  4.03229e+01
   -570.91  6550.3125  4.09870e+01  4.03943e+01  1.12976e-01  4.08741e+01
   -542.36  6550.9375  4.22033e+01  4.16195e+01  1.03930e-01  4.20993e+01
   -513.80  6551.5625  4.41387e+01  4.47526e+01  1.14372e-01  4.40244e+01
   -485.25  6552.1875  4.51564e+01  4.60005e+01  1.38617e-01  4.50178e+01
   -456.70  6552.8125  4.53812e+01  4.42079e+01  1.29504e-01  4.52517e+01
   -428.15  6553.4375  4.63923e+01  4.69315e+01  1.06027e-01  4.62863e+01
   -399.60  6554.0625  4.86876e+01  4.63735e+01  1.19549e-01  4.85681e+01
   -371.05  6554.6875  5.22917e+01  5.48478e+01  1.45719e-01  5.21460e+01
   -342.50  6555.3125  5.48901e+01  5.31532e+01  1.64481e-01  5.47256e+01
   -313.95  6555.9375  5.77224e+01  5.87163e+01  1.80039e-01  5.75423e+01
   -285.40  6556.5625  6.01608e+01  6.02797e+01  2.11630e-01  5.99492e+01
   -256.85  6557.1875  6.19770e+01  6.13848e+01  2.65604e-01  6.17114e+01
   -228.29  6557.8125  6.00451e+01  6.79704e+01  2.59923e-01  5.97852e+01
   -199.74  6558.4375  5.58774e+01  4.33204e+01  2.13019e-01  5.56644e+01
   -171.19  6559.0625  6.96653e+01  5.91501e+01  2.89892e-01  6.93754e+01
   -142.64  6559.6875  9.72599e+01  1.09699e+02  5.12302e-01  9.67476e+01
   -114.09  6560.3125  1.14688e+02  1.15625e+02  7.17720e-01  1.13970e+02
    -85.54  6560.9375  1.31216e+02  1.21357e+02  8.42462e-01  1.30374e+02
    -56.99  6561.5625  1.89419e+02  1.40237e+02  1.18165e+00  1.88237e+02
    -28.44  6562.1875  3.10029e+02  3.23199e+02  1.85028e+00  3.08179e+02
      0.11  6562.8125  4.18949e+02  4.58240e+02  2.43230e+00  4.16517e+02
     28.67  6563.4375  4.59850e+02  4.74147e+02  2.83678e+00  4.57013e+02
     57.22  6564.0625  4.47532e+02  4.62890e+02  2.97387e+00  4.44558e+02
     85.77  6564.6875  3.97090e+02  4.10207e+02  2.77987e+00  3.94310e+02
    114.32  6565.3125  3.24233e+02  3.16548e+02  2.35556e+00  3.21878e+02
    142.87  6565.9375  2.56241e+02  2.51707e+02  1.94638e+00  2.54294e+02
    171.42  6566.5625  2.03950e+02  1.95156e+02  1.64148e+00  2.02309e+02
    199.97  6567.1875  1.67545e+02  1.65967e+02  1.37115e+00  1.66174e+02
    228.52  6567.8125  1.41809e+02  1.36731e+02  1.11497e+00  1.40694e+02
    257.07  6568.4375  1.24604e+02  1.23877e+02  9.20724e-01  1.23683e+02
    285.62  6569.0625  1.12986e+02  1.10509e+02  8.99646e-01  1.12086e+02
    314.18  6569.6875  1.05265e+02  1.05272e+02  9.45922e-01  1.04319e+02
    342.73  6570.3125  9.89579e+01  9.91392e+01  8.96298e-01  9.80616e+01
    371.28  6570.9375  9.29744e+01  9.22556e+01  7.90478e-01  9.21839e+01
    399.83  6571.5625  8.87356e+01  8.71604e+01  7.45518e-01  8.79901e+01
    428.38  6572.1875  8.61331e+01  8.77058e+01  7.55414e-01  8.53777e+01
    456.93  6572.8125  8.33667e+01  8.17060e+01  7.98799e-01  8.25679e+01
    485.48  6573.4375  8.10565e+01  8.25465e+01  7.77535e-01  8.02790e+01
    514.03  6574.0625  7.85715e+01  7.71152e+01  7.36904e-01  7.78346e+01
    542.58  6574.6875  7.68022e+01  7.74686e+01  7.52865e-01  7.60493e+01
    571.13  6575.3125  7.53437e+01  7.46916e+01  7.62087e-01  7.45817e+01
    599.69  6575.9375  7.39156e+01  7.47311e+01  7.83366e-01  7.31322e+01
    628.24  6576.5625  7.19426e+01  7.16670e+01  7.63993e-01  7.11786e+01
    656.79  6577.1875  6.99864e+01  6.97953e+01  7.45528e-01  6.92409e+01
    685.34  6577.8125  6.85157e+01  6.83618e+01  7.10568e-01  6.78051e+01
    713.89  6578.4375  6.73060e+01  6.74054e+01  6.80952e-01  6.66251e+01
    742.44  6579.0625  6.59179e+01  6.62003e+01  6.76976e-01  6.52409e+01
    770.99  6579.6875  6.45831e+01  6.37684e+01  6.59614e-01  6.39235e+01
    799.54  6580.3125  6.39651e+01  6.42584e+01  6.56663e-01  6.33084e+01
    828.09  6580.9375  6.30879e+01  6.36579e+01  6.58733e-01  6.24292e+01
    856.65  6581.5625  6.12386e+01  6.13927e+01  6.69721e-01  6.05689e+01
    885.20  6582.1875  5.94678e+01  5.84209e+01  6.93527e-01  5.87743e+01
    913.75  6582.8125  5.90141e+01  5.89041e+01  7.10129e-01  5.83039e+01
    942.30  6583.4375  5.86941e+01  5.97820e+01  7.03153e-01  5.79910e+01
    970.85  6584.0625  5.73701e+01  5.68361e+01  6.84820e-01  5.66853e+01
    999.40  6584.6875  5.64723e+01  5.58098e+01  6.74505e-01  5.57978e+01
   1027.95  6585.3125  5.62528e+01  5.71128e+01  6.52761e-01  5.56000e+01
   1056.50  6585.9375  5.57689e+01  5.49751e+01  6.38498e-01  5.51304e+01
   1085.05  6586.5625  5.53675e+01  5.60765e+01  6.64469e-01  5.47030e+01
   1113.60  6587.1875  5.37706e+01  5.50340e+01  7.09183e-01  5.30614e+01
   1142.16  6587.8125  5.13026e+01  4.92891e+01  7.19072e-01  5.05835e+01
   1170.71  6588.4375  5.06823e+01  5.07782e+01  6.97595e-01  4.99847e+01
   1199.26  6589.0625  5.12387e+01  5.09993e+01  6.84927e-01  5.05538e+01
   1227.81  6589.6875  5.16211e+01  5.24067e+01  6.76133e-01  5.09450e+01
   1256.36  6590.3125  5.06655e+01  5.14176e+01  6.75118e-01  4.99904e+01
   1284.91  6590.9375  4.87822e+01  4.78779e+01  6.42957e-01  4.81393e+01
   1313.46  6591.5625  4.75814e+01  4.76752e+01  6.03063e-01  4.69784e+01
   1342.01  6592.1875  4.70203e+01  4.66045e+01  6.14390e-01  4.64059e+01
   1370.56  6592.8125  4.67466e+01  4.71569e+01  6.56464e-01  4.60902e+01
   1399.11  6593.4375  4.63016e+01  4.60775e+01  6.62731e-01  4.56389e+01
   1427.67  6594.0625  4.57647e+01  4.60022e+01  5.88255e-01  4.51764e+01
   1456.22  6594.6875  4.49125e+01  4.51818e+01  5.17065e-01  4.43954e+01
   1484.77  6595.3125  4.42729e+01  4.30278e+01  5.02407e-01  4.37705e+01
   1513.32  6595.9375  4.42960e+01  4.57092e+01  5.58497e-01  4.37376e+01
   1541.87  6596.5625  4.37018e+01  4.28135e+01  5.96308e-01  4.31055e+01
   1570.42  6597.1875  4.31646e+01  4.36903e+01  5.73482e-01  4.25911e+01
   1598.97  6597.8125  4.24754e+01  4.23247e+01  5.90775e-01  4.18846e+01
   1627.52  6598.4375  4.12035e+01  4.21041e+01  5.83179e-01  4.06203e+01
   1656.07  6599.0625  3.96881e+01  3.81929e+01  5.54690e-01  3.91334e+01
   1684.63  6599.6875  3.92495e+01  3.98813e+01  5.77404e-01  3.86721e+01
   1713.18  6600.3125  3.88855e+01  3.87879e+01  5.88558e-01  3.82970e+01
   1741.73  6600.9375  3.80753e+01  3.85580e+01  5.39044e-01  3.75363e+01
   1770.28  6601.5625  3.74924e+01  3.60475e+01  5.06222e-01  3.69862e+01
   1798.83  6602.1875  3.77524e+01  3.90440e+01  5.39780e-01  3.72126e+01
   1827.38  6602.8125  3.69525e+01  3.73276e+01  5.92800e-01  3.63597e+01
   1855.93  6603.4375  3.54731e+01  3.45357e+01  5.87733e-01  3.48854e+01
   1884.48  6604.0625  3.47192e+01  3.51106e+01  5.34028e-01  3.41852e+01
   1913.03  6604.6875  3.37780e+01  3.42018e+01  4.88915e-01  3.32891e+01
   1941.58  6605.3125  3.26261e+01  3.16675e+01  5.04226e-01  3.21219e+01
   1970.14  6605.9375  3.21558e+01  3.27285e+01  5.19726e-01  3.16361e+01
   1998.69  6606.5625  3.18875e+01  3.12294e+01  5.15360e-01  3.13722e+01
   2027.24  6607.1875  3.21049e+01  3.22036e+01  5.32862e-01  3.15720e+01
   2055.79  6607.8125  3.22399e+01  3.27791e+01  5.25640e-01  3.17143e+01
   2084.34  6608.4375  3.15907e+01  3.16456e+01  5.04531e-01  3.10861e+01
   2112.89  6609.0625  3.06391e+01  3.04624e+01  5.20132e-01  3.01190e+01
   2141.44  6609.6875  2.97955e+01  2.99255e+01  4.97469e-01  2.92981e+01
   2169.99  6610.3125  2.89387e+01  2.88731e+01  4.53431e-01  2.84852e+01
   2198.54  6610.9375  2.83402e+01  2.79268e+01  4.51976e-01  2.78882e+01
   2227.09  6611.5625  2.81726e+01  2.84098e+01  4.42031e-01  2.77306e+01
   2255.65  6612.1875  2.77627e+01  2.80946e+01  4.37513e-01  2.73252e+01
   2284.20  6612.8125  2.71810e+01  2.65055e+01  4.39910e-01  2.67411e+01
   2312.75  6613.4375  2.71533e+01  2.73898e+01  4.53607e-01  2.66997e+01
   2341.30  6614.0625  2.73134e+01  2.71403e+01  4.75303e-01  2.68381e+01
   2369.85  6614.6875  2.74937e+01  2.75966e+01  4.88914e-01  2.70048e+01
   2398.40  6615.3125  2.71237e+01  2.79663e+01  5.04955e-01  2.66188e+01
   2426.95  6615.9375  2.56982e+01  2.55469e+01  4.98688e-01  2.51995e+01
   2455.50  6616.5625  2.45230e+01  2.35452e+01  4.69049e-01  2.40539e+01
   2484.05  6617.1875  2.42032e+01  2.50879e+01  4.58529e-01  2.37447e+01
   2512.61  6617.8125  2.36853e+01  2.30309e+01  4.82354e-01  2.32029e+01
   2541.16  6618.4375  2.32862e+01  2.37113e+01  4.89496e-01  2.27967e+01
   2569.71  6619.0625  2.28543e+01  2.25752e+01  4.31515e-01  2.24228e+01
   2598.26  6619.6875  2.25476e+01  2.25744e+01  3.96325e-01  2.21512e+01
   2626.81  6620.3125  2.23929e+01  2.23138e+01  4.21870e-01  2.19710e+01
   2655.36  6620.9375  2.21068e+01  2.25129e+01  4.69994e-01  2.16368e+01
   2683.91  6621.5625  2.16082e+01  2.11341e+01  4.78486e-01  2.11297e+01
   2712.46  6622.1875  2.13858e+01  2.15521e+01  4.35613e-01  2.09502e+01
   2741.01  6622.8125  2.10227e+01  2.13617e+01  4.22995e-01  2.05997e+01
   2769.56  6623.4375  2.03404e+01  1.99684e+01  4.46085e-01  1.98943e+01
   2798.12  6624.0625  1.98258e+01  2.00363e+01  4.33990e-01  1.93918e+01
   2826.67  6624.6875  1.94540e+01  1.91101e+01  4.13183e-01  1.90408e+01
   2855.22  6625.3125  1.93906e+01  1.94251e+01  4.19824e-01  1.89708e+01
   2883.77  6625.9375  1.92461e+01  1.96641e+01  4.12139e-01  1.88340e+01
   2912.32  6626.5625  1.88636e+01  1.83192e+01  4.09524e-01  1.84541e+01
   2940.87  6627.1875  1.88880e+01  1.89634e+01  4.38917e-01  1.84491e+01
   2969.42  6627.8125  1.88141e+01  1.93577e+01  4.53280e-01  1.83608e+01
   2997.97  6628.4375  1.82840e+01  1.78013e+01  4.59058e-01  1.78249e+01
   3026.52  6629.0625  1.81086e+01  1.80168e+01  4.59018e-01  1.76496e+01
   3055.07  6629.6875  1.81230e+01  1.84751e+01  4.17959e-01  1.77051e+01
   3083.63  6630.3125  1.78442e+01  1.76758e+01  3.83115e-01  1.74611e+01
   3112.18  6630.9375  1.76230e+01  1.75541e+01  3.89118e-01  1.72339e+01
   3140.73  6631.5625  1.76086e+01  1.75486e+01  3.98280e-01  1.72103e+01
   3169.28  6632.1875  1.74643e+01  1.78710e+01  4.23494e-01  1.70408e+01
   3197.83  6632.8125  1.66702e+01  1.69588e+01  4.37147e-01  1.62330e+01
   3226.38  6633.4375  1.57899e+01  1.48784e+01  4.21935e-01  1.53679e+01
   3254.93  6634.0625  1.57905e+01  1.60488e+01  4.24153e-01  1.53664e+01
   3283.48  6634.6875  1.61444e+01  1.58751e+01  4.32990e-01  1.57114e+01
   3312.03  6635.3125  1.65029e+01  1.68513e+01  4.41633e-01  1.60613e+01
   3340.58  6635.9375  1.62538e+01  1.67541e+01  4.32564e-01  1.58213e+01
   3369.14  6636.5625  1.53070e+01  1.50397e+01  3.88171e-01  1.49188e+01
   3397.69  6637.1875  1.46169e+01  1.42843e+01  3.61884e-01  1.42550e+01
   3426.24  6637.8125  1.47020e+01  1.43500e+01  3.93274e-01  1.43088e+01
   3454.79  6638.4375  1.49583e+01  1.58285e+01  4.45619e-01  1.45127e+01
   3483.34  6639.0625  1.46085e+01  1.40604e+01  4.67649e-01  1.41409e+01
   3511.89  6639.6875  1.44210e+01  1.44789e+01  4.50182e-01  1.39708e+01
   3540.44  6640.3125  1.41661e+01  1.46675e+01  4.26498e-01  1.37396e+01
   3568.99  6640.9375  1.34249e+01  1.31001e+01  4.20028e-01  1.30049e+01
   3597.54  6641.5625  1.28641e+01  1.27964e+01  4.31118e-01  1.24329e+01
   3626.10  6642.1875  1.27741e+01  1.24119e+01  4.49661e-01  1.23244e+01
   3654.65  6642.8125  1.28484e+01  1.34704e+01  4.49693e-01  1.23987e+01
   3683.20  6643.4375  1.24629e+01  1.22473e+01  4.48647e-01  1.20143e+01
   3711.75  6644.0625  1.22967e+01  1.17698e+01  4.41830e-01  1.18549e+01
   3740.30  6644.6875  1.25515e+01  1.32190e+01  4.44420e-01  1.21070e+01
   3768.85  6645.3125  1.24726e+01  1.20886e+01  4.09146e-01  1.20635e+01
   3797.40  6645.9375  1.24412e+01  1.25616e+01  3.85211e-01  1.20560e+01
   3825.95  6646.5625  1.23820e+01  1.25028e+01  4.08355e-01  1.19736e+01
   3854.50  6647.1875  1.20378e+01  1.21528e+01  4.34995e-01  1.16028e+01
   3883.05  6647.8125  1.15677e+01  1.13983e+01  4.40679e-01  1.11270e+01
   3911.61  6648.4375  1.12888e+01  1.12143e+01  4.54692e-01  1.08341e+01
   3940.16  6649.0625  1.10815e+01  1.12936e+01  4.56004e-01  1.06255e+01
   3968.71  6649.6875  1.06960e+01  1.06252e+01  4.28344e-01  1.02676e+01
   3997.26  6650.3125  1.04660e+01  1.01403e+01  4.22125e-01  1.00438e+01
   4025.81  6650.9375  1.05641e+01  1.08302e+01  4.35137e-01  1.01290e+01
   4054.36  6651.5625  1.08208e+01  1.02731e+01  4.55013e-01  1.03657e+01
   4082.91  6652.1875  1.12848e+01  1.18860e+01  4.58375e-01  1.08264e+01
   4111.46  6652.8125  1.11433e+01  1.13641e+01  4.44687e-01  1.06986e+01
   4140.01  6653.4375  1.05249e+01  1.02618e+01  4.20541e-01  1.01044e+01
   4168.56  6654.0625  1.01751e+01  1.00450e+01  4.04830e-01  9.77032e+00
   4197.12  6654.6875  1.00368e+01  1.02405e+01  4.07460e-01  9.62929e+00
   4225.67  6655.3125  9.83744e+00  9.62517e+00  4.25232e-01  9.41221e+00
   4254.22  6655.9375  9.71482e+00  9.87066e+00  4.30529e-01  9.28429e+00
   4282.77  6656.5625  9.62424e+00  9.40698e+00  4.30868e-01  9.19337e+00
   4311.32  6657.1875  9.51418e+00  9.90672e+00  4.17507e-01  9.09667e+00
   4339.87  6657.8125  9.26770e+00  8.80936e+00  3.99627e-01  8.86808e+00
   4368.42  6658.4375  9.12622e+00  9.61011e+00  3.72518e-01  8.75370e+00
   4396.97  6659.0625  8.92156e+00  8.38854e+00  3.56278e-01  8.56528e+00
   4425.52  6659.6875  9.02039e+00  9.21754e+00  3.69026e-01  8.65137e+00
   4454.08  6660.3125  8.99809e+00  9.29284e+00  4.17137e-01  8.58096e+00
   4482.63  6660.9375  8.74685e+00  8.30843e+00  4.60527e-01  8.28632e+00
   4511.18  6661.5625  8.87956e+00  8.89640e+00  4.66500e-01  8.41306e+00
   4539.73  6662.1875  9.11147e+00  9.29990e+00  4.57804e-01  8.65367e+00
   4568.28  6662.8125  8.77058e+00  9.35785e+00  4.42072e-01  8.32850e+00
   4596.83  6663.4375  8.06519e+00  7.15443e+00  4.17822e-01  7.64737e+00
   4625.38  6664.0625  7.90949e+00  8.42523e+00  4.20841e-01  7.48865e+00
   4653.93  6664.6875  7.74722e+00  7.48602e+00  4.32988e-01  7.31423e+00
   4682.48  6665.3125  7.48656e+00  7.78434e+00  4.20218e-01  7.06634e+00
   4711.03  6665.9375  7.25139e+00  6.77241e+00  3.84415e-01  6.86698e+00
   4739.59  6666.5625  7.37559e+00  7.57646e+00  3.68315e-01  7.00728e+00
   4768.14  6667.1875  7.68615e+00  7.35130e+00  4.07751e-01  7.27840e+00
   4796.69  6667.8125  7.84038e+00  8.69602e+00  4.57492e-01  7.38289e+00
   4825.24  6668.4375  7.42803e+00  6.78250e+00  4.70544e-01  6.95748e+00
   4853.79  6669.0625  7.17782e+00  7.51367e+00  4.64369e-01  6.71345e+00
   4882.34  6669.6875  7.04310e+00  6.69333e+00  4.73110e-01  6.56999e+00
   4910.89  6670.3125  6.99775e+00  7.33948e+00  4.52179e-01  6.54557e+00
   4939.44  6670.9375  6.88405e+00  6.56256e+00  4.26201e-01  6.45785e+00
   4967.99  6671.5625  6.88420e+00  7.09130e+00  4.10511e-01  6.47369e+00
   4996.54  6672.1875  6.89173e+00  6.72250e+00  4.04513e-01  6.48722e+00
   5025.10  6672.8125  6.95002e+00  7.03467e+00  4.14622e-01  6.53540e+00
   5053.65  6673.4375  6.82217e+00  7.10454e+00  4.22028e-01  6.40014e+00
   5082.20  6674.0625  6.34519e+00  6.23718e+00  4.25094e-01  5.92010e+00
   5110.75  6674.6875  5.98125e+00  5.74419e+00  4.58851e-01  5.52240e+00
   5139.30  6675.3125  5.98940e+00  5.99715e+00  4.65238e-01  5.52416e+00
   5167.85  6675.9375  6.17057e+00  6.08834e+00  4.15172e-01  5.75539e+00
   5196.40  6676.5625  6.20299e+00  6.64166e+00  4.10632e-01  5.79236e+00
   5224.95  6677.1875  5.80483e+00  5.63837e+00  4.35850e-01  5.36898e+00
   5253.50  6677.8125  5.46554e+00  5.30672e+00  4.41346e-01  5.02420e+00
   5282.06  6678.4375  5.48941e+00  5.37842e+00  4.64737e-01  5.02467e+00
   5310.61  6679.0625  5.70205e+00  5.79912e+00  5.04636e-01  5.19741e+00
   5339.16  6679.6875  5.77684e+00  5.89510e+00  5.19351e-01  5.25749e+00
   5367.71  6680.3125  5.51457e+00  5.74445e+00  5.19820e-01  4.99475e+00
   5396.26  6680.9375  5.17229e+00  4.67585e+00  4.88118e-01  4.68417e+00
   5424.81  6681.5625  5.34413e+00  5.33944e+00  4.42389e-01  4.90174e+00
   5453.36  6682.1875  5.64214e+00  5.91753e+00  4.21869e-01  5.22027e+00
   5481.91  6682.8125  5.48473e+00  5.67961e+00  4.22965e-01  5.06176e+00
   5510.46  6683.4375  5.10367e+00  4.76307e+00  4.32665e-01  4.67101e+00
   5539.01  6684.0625  5.00368e+00  5.07500e+00  4.50415e-01  4.55326e+00
   5567.57  6684.6875  4.96881e+00  5.05105e+00  4.49057e-01  4.51975e+00
   5596.12  6685.3125  4.95196e+00  4.67875e+00  4.15660e-01  4.53630e+00
   5624.67  6685.9375  5.12514e+00  5.32029e+00  3.86477e-01  4.73866e+00
   5653.22  6686.5625  5.13681e+00  5.24109e+00  3.88360e-01  4.74845e+00
   5681.77  6687.1875  4.90218e+00  4.91409e+00  4.12195e-01  4.48998e+00
   5710.32  6687.8125  4.74535e+00  4.46339e+00  4.59725e-01  4.28563e+00
   5738.87  6688.4375  4.81352e+00  5.04219e+00  4.63016e-01  4.35051e+00
   5767.42  6689.0625  4.71302e+00  4.77922e+00  4.35137e-01  4.27788e+00
   5795.97  6689.6875  4.51247e+00  4.32375e+00  4.21855e-01  4.09061e+00
   5824.52  6690.3125  4.57575e+00  4.47295e+00  3.97841e-01  4.17791e+00
   5853.08  6690.9375  4.83651e+00  4.91677e+00  4.05281e-01  4.43123e+00
   5881.63  6691.5625  4.96577e+00  5.10606e+00  4.06567e-01  4.55920e+00
   5910.18  6692.1875  4.74433e+00  4.95920e+00  4.04054e-01  4.34027e+00
   5938.73  6692.8125  4.38453e+00  3.99180e+00  3.96172e-01  3.98835e+00
   5967.28  6693.4375  4.36035e+00  4.43622e+00  3.66898e-01  3.99345e+00
   5995.83  6694.0625  4.32959e+00  4.56354e+00  3.82233e-01  3.94736e+00
   6024.38  6694.6875  4.04905e+00  3.89283e+00  4.28293e-01  3.62076e+00
   6052.93  6695.3125  3.84304e+00  3.82361e+00  4.17733e-01  3.42530e+00
   6081.48  6695.9375  3.74388e+00  3.75669e+00  4.19484e-01  3.32439e+00
   6110.04  6696.5625  3.67700e+00  3.63074e+00  4.46143e-01  3.23085e+00
   6138.59  6697.1875  3.73117e+00  3.61498e+00  4.44611e-01  3.28656e+00
   6167.14  6697.8125  3.88591e+00  4.01180e+00  4.61001e-01  3.42491e+00
   6195.69  6698.4375  3.85497e+00  4.01662e+00  4.45770e-01  3.40920e+00
   6224.24  6699.0625  3.68281e+00  3.43182e+00  4.36548e-01  3.24626e+00
   6252.79  6699.6875  3.64446e+00  3.80369e+00  4.41685e-01  3.20278e+00
   6281.34  6700.3125  3.51178e+00  3.56889e+00  4.10418e-01  3.10136e+00
   6309.89  6700.9375  3.31286e+00  3.14756e+00  3.78136e-01  2.93472e+00
   6338.44  6701.5625  3.26121e+00  3.32026e+00  3.91031e-01  2.87018e+00
   6366.99  6702.1875  3.27325e+00  3.19449e+00  4.14344e-01  2.85890e+00
   6395.55  6702.8125  3.29516e+00  3.41122e+00  3.98210e-01  2.89695e+00
   6424.10  6703.4375  3.30656e+00  3.13922e+00  3.94692e-01  2.91187e+00
   6452.65  6704.0625  3.40877e+00  3.50485e+00  4.08103e-01  3.00067e+00
   6481.20  6704.6875  3.36370e+00  3.56056e+00  4.19346e-01  2.94436e+00
   6509.75  6705.3125  3.07455e+00  2.97001e+00  4.29494e-01  2.64506e+00
   6538.30  6705.9375  2.94419e+00  2.70510e+00  4.26644e-01  2.51754e+00
   6566.85  6706.5625  3.12000e+00  3.22472e+00  4.19354e-01  2.70065e+00
   6595.40  6707.1875  3.17440e+00  3.38758e+00  4.14994e-01  2.75941e+00
   6623.95  6707.8125  2.89341e+00  2.90370e+00  4.12060e-01  2.48135e+00
   6652.50  6708.4375  2.66542e+00  2.32332e+00  4.30370e-01  2.23505e+00
   6681.06  6709.0625  2.75926e+00  2.97515e+00  4.52027e-01  2.30723e+00
   6709.61  6709.6875  2.91601e+00  2.66100e+00  4.75110e-01  2.44090e+00
   6738.16  6710.3125  3.09135e+00  3.43221e+00  5.13015e-01  2.57834e+00
   6766.71  6710.9375  3.04804e+00  2.89754e+00  4.95473e-01  2.55257e+00
   6795.26  6711.5625  2.97362e+00  3.03192e+00  4.49033e-01  2.52459e+00
   6823.81  6712.1875  2.92459e+00  2.88347e+00  4.38044e-01  2.48655e+00
   6852.36  6712.8125  2.87810e+00  2.91896e+00  4.26332e-01  2.45177e+00
   6880.91  6713.4375  2.83799e+00  2.77315e+00  3.79266e-01  2.45873e+00
   6909.46  6714.0625  2.83338e+00  2.87424e+00  3.52769e-01  2.48061e+00
   6938.02  6714.6875  2.76683e+00  2.84888e+00  3.54461e-01  2.41237e+00
   6966.57  6715.3125  2.65847e+00  2.51398e+00  3.84380e-01  2.27409e+00
   6995.12  6715.9375  2.72551e+00  2.65823e+00  4.20464e-01  2.30505e+00
   7023.67  6716.5625  2.83751e+00  3.05393e+00  4.20541e-01  2.41697e+00
   7052.22  6717.1875  2.73275e+00  2.69018e+00  4.43309e-01  2.28944e+00
   7080.77  6717.8125  2.56133e+00  2.54694e+00  4.80073e-01  2.08126e+00
   7109.32  6718.4375  2.39291e+00  2.46215e+00  4.51079e-01  1.94183e+00
   7137.87  6719.0625  2.26416e+00  2.05565e+00  4.25459e-01  1.83870e+00
   7166.42  6719.6875  2.28017e+00  2.43343e+00  4.10731e-01  1.86944e+00
   7194.97  6720.3125  2.23045e+00  2.20193e+00  4.12650e-01  1.81780e+00
   7223.53  6720.9375  2.10075e+00  2.16672e+00  4.14873e-01  1.68588e+00
   7252.08  6721.5625  2.04361e+00  1.79587e+00  4.21767e-01  1.62185e+00
   7280.63  6722.1875  2.23063e+00  2.29668e+00  4.24500e-01  1.80613e+00
   7309.18  6722.8125  2.34817e+00  2.57334e+00  3.86541e-01  1.96163e+00
   7337.73  6723.4375  2.25316e+00  2.04404e+00  3.66494e-01  1.88667e+00
   7366.28  6724.0625  2.17462e+00  2.38280e+00  4.06712e-01  1.76791e+00
   7394.83  6724.6875  2.00279e+00  1.90264e+00  4.06851e-01  1.59594e+00
   7423.38  6725.3125  1.92029e+00  1.79666e+00  3.61881e-01  1.55841e+00
   7451.93  6725.9375  2.03250e+00  2.05879e+00  3.67602e-01  1.66490e+00
   7480.48  6726.5625  2.05474e+00  2.28656e+00  4.04202e-01  1.65054e+00
   7509.04  6727.1875  1.88895e+00  1.66943e+00  4.16728e-01  1.47222e+00
   7537.59  6727.8125  1.87069e+00  1.86815e+00  4.17918e-01  1.45277e+00
   7566.14  6728.4375  1.89967e+00  2.04715e+00  4.48178e-01  1.45150e+00
   7594.69  6729.0625  1.86289e+00  1.64758e+00  4.66067e-01  1.39682e+00
   7623.24  6729.6875  1.88455e+00  2.13113e+00  4.65206e-01  1.41934e+00
   7651.79  6730.3125  1.88009e+00  1.57252e+00  4.62776e-01  1.41731e+00
   7680.34  6730.9375  1.98207e+00  2.26101e+00  4.19070e-01  1.56300e+00
   7708.89  6731.5625  2.01035e+00  1.79733e+00  3.84379e-01  1.62597e+00
   7737.44  6732.1875  2.01642e+00  2.27246e+00  3.85329e-01  1.63110e+00
   7765.99  6732.8125  1.93543e+00  1.70775e+00  3.85733e-01  1.54969e+00
   7794.55  6733.4375  1.94652e+00  2.04644e+00  4.15008e-01  1.53151e+00
   7823.10  6734.0625  1.90568e+00  1.99598e+00  4.47466e-01  1.45822e+00
   7851.65  6734.6875  1.81184e+00  1.60723e+00  4.61451e-01  1.35039e+00
   7880.20  6735.3125  1.86066e+00  1.98089e+00  4.64238e-01  1.39642e+00
   7908.75  6735.9375  1.88483e+00  1.85755e+00  4.63871e-01  1.42096e+00
   7937.30  6736.5625  1.83917e+00  1.90630e+00  4.56238e-01  1.38293e+00
   7965.85  6737.1875  1.73573e+00  1.70837e+00  4.23312e-01  1.31242e+00
   7994.40  6737.8125  1.67989e+00  1.59163e+00  4.14030e-01  1.26586e+00
   8022.95  6738.4375  1.71404e+00  1.79284e+00  4.17779e-01  1.29626e+00
   8051.51  6739.0625  1.78488e+00  1.62758e+00  4.49207e-01  1.33567e+00
   8080.06  6739.6875  1.87180e+00  2.12056e+00  5.07201e-01  1.36460e+00
   8108.61  6740.3125  1.76528e+00  1.69425e+00  5.24270e-01  1.24101e+00
   8137.16  6740.9375  1.65815e+00  1.57310e+00  4.96358e-01  1.16179e+00
   8165.71  6741.5625  1.66521e+00  1.71512e+00  4.49291e-01  1.21591e+00
   8194.26  6742.1875  1.60631e+00  1.70726e+00  4.17687e-01  1.18862e+00
   8222.81  6742.8125  1.51638e+00  1.29339e+00  4.12878e-01  1.10350e+00
   8251.36  6743.4375  1.58470e+00  1.70742e+00  4.00603e-01  1.18409e+00
   8279.91  6744.0625  1.59159e+00  1.64525e+00  3.89931e-01  1.20166e+00
   8308.46  6744.6875  1.50750e+00  1.42553e+00  4.19980e-01  1.08752e+00
   8337.02  6745.3125  1.46258e+00  1.52100e+00  4.64563e-01  9.98018e-01
   8365.57  6745.9375  1.43017e+00  1.36103e+00  4.83957e-01  9.46213e-01
   8394.12  6746.5625  1.45179e+00  1.45401e+00  4.55382e-01  9.96408e-01
   8422.67  6747.1875  1.44490e+00  1.56263e+00  4.25395e-01  1.01951e+00
   8451.22  6747.8125  1.38592e+00  1.20794e+00  4.11636e-01  9.74285e-01
   8479.77  6748.4375  1.42266e+00  1.54149e+00  4.21682e-01  1.00098e+00
   8508.32  6749.0625  1.43404e+00  1.38121e+00  4.41394e-01  9.92645e-01
   8536.87  6749.6875  1.40765e+00  1.48751e+00  4.63693e-01  9.43961e-01
   8565.42  6750.3125  1.40361e+00  1.22476e+00  4.65723e-01  9.37883e-01
   8593.97  6750.9375  1.45832e+00  1.68241e+00  4.78592e-01  9.79728e-01
   8622.53  6751.5625  1.37106e+00  1.29010e+00  4.84757e-01  8.86299e-01
   8651.08  6752.1875  1.30275e+00  1.23456e+00  4.65564e-01  8.37190e-01
   8679.63  6752.8125  1.35646e+00  1.37249e+00  4.11731e-01  9.44733e-01
   8708.18  6753.4375  1.41364e+00  1.44263e+00  3.81224e-01  1.03242e+00
   8736.73  6754.0625  1.39326e+00  1.45024e+00  4.23884e-01  9.69374e-01
   8765.28  6754.6875  1.33521e+00  1.23583e+00  4.44570e-01  8.90637e-01
   8793.83  6755.3125  1.30736e+00  1.41919e+00  4.25293e-01  8.82070e-01
   8822.38  6755.9375  1.21415e+00  1.17885e+00  3.74828e-01  8.39322e-01
   8850.93  6756.5625  1.17158e+00  1.05475e+00  3.66402e-01  8.05175e-01
   8879.49  6757.1875  1.25089e+00  1.33735e+00  4.26257e-01  8.24629e-01
   8908.04  6757.8125  1.29588e+00  1.27667e+00  4.49332e-01  8.46552e-01
   8936.59  6758.4375  1.27606e+00  1.35308e+00  3.98896e-01  8.77168e-01
   8965.14  6759.0625  1.24895e+00  1.09967e+00  3.70962e-01  8.77991e-01
   8993.69  6759.6875  1.30031e+00  1.41982e+00  3.92966e-01  9.07343e-01
   9022.24  6760.3125  1.23928e+00  1.30962e+00  3.97820e-01  8.41465e-01
   9050.79  6760.9375  1.06279e+00  9.95773e-01  3.71183e-01  6.91603e-01
   9079.34  6761.5625  1.01235e+00  8.63344e-01  3.72965e-01  6.39390e-01
   9107.89  6762.1875  1.08238e+00  1.28503e+00  4.17458e-01  6.64921e-01
   9136.44  6762.8125  1.07884e+00  9.03229e-01  4.41502e-01  6.37337e-01
   9165.00  6763.4375  1.13754e+00  1.21888e+00  4.43104e-01  6.94438e-01
   9193.55  6764.0625  1.11517e+00  1.24308e+00  4.19000e-01  6.96167e-01
   9222.10  6764.6875  9.79364e-01  8.12682e-01  3.94064e-01  5.85299e-01
   9250.65  6765.3125  9.68518e-01  9.92356e-01  3.97066e-01  5.71452e-01
   9279.20  6765.9375  9.84942e-01  1.05315e+00  4.07016e-01  5.77926e-01
   9307.75  6766.5625  9.53401e-01  8.61225e-01  4.35835e-01  5.17566e-01
   9336.30  6767.1875  9.34208e-01  1.05188e+00  4.52957e-01  4.81251e-01
   9364.85  6767.8125  8.70610e-01  7.71839e-01  4.27329e-01  4.43280e-01
   9393.40  6768.4375  8.59726e-01  8.84225e-01  4.06152e-01  4.53575e-01
   9421.95  6769.0625  9.34412e-01  8.22222e-01  4.16946e-01  5.17466e-01
   9450.51  6769.6875  1.04660e+00  1.21783e+00  4.48407e-01  5.98197e-01
   9479.06  6770.3125  1.04626e+00  9.59608e-01  4.55643e-01  5.90617e-01
   9507.61  6770.9375  1.00007e+00  1.10567e+00  4.43084e-01  5.56986e-01
   9536.16  6771.5625  9.17313e-01  8.26289e-01  4.27232e-01  4.90081e-01
   9564.71  6772.1875  9.33576e-01  8.66069e-01  4.32722e-01  5.00854e-01
   9593.26  6772.8125  1.04083e+00  1.12281e+00  4.41132e-01  5.99703e-01
   9621.81  6773.4375  1.06870e+00  1.09516e+00  4.27136e-01  6.41564e-01
   9650.36  6774.0625  1.05423e+00  9.89996e-01  4.00620e-01  6.53611e-01
   9678.91  6774.6875  1.12629e+00  1.08388e+00  3.86870e-01  7.39415e-01
   9707.47  6775.3125  1.18389e+00  1.36842e+00  4.29137e-01  7.54752e-01
   9736.02  6775.9375  1.06992e+00  9.91165e-01  4.69258e-01  6.00657e-01
   9764.57  6776.5625  9.39918e-01  9.61301e-01  4.33198e-01  5.06721e-01
   9793.12  6777.1875  8.72989e-01  7.91711e-01  3.74172e-01  4.98816e-01
   9821.67  6777.8125  9.09822e-01  8.97673e-01  3.82412e-01  5.27410e-01
   9850.22  6778.4375  9.72804e-01  1.03687e+00  4.17154e-01  5.55651e-01
   9878.77  6779.0625  9.71739e-01  9.55941e-01  4.22355e-01  5.49383e-01
   9907.32  6779.6875  9.76203e-01  9.29927e-01  3.93613e-01  5.82590e-01
   9935.87  6780.3125  9.68020e-01  1.11137e+00  3.55443e-01  6.12577e-01
   9964.42  6780.9375  8.83541e-01  7.34926e-01  3.39507e-01  5.44034e-01
   9992.98  6781.5625  8.47483e-01  9.59357e-01  3.36699e-01  5.10784e-01
  10021.53  6782.1875  8.13695e-01  7.05468e-01  3.60007e-01  4.53688e-01
  10050.08  6782.8125  8.65182e-01  8.55337e-01  4.30484e-01  4.34698e-01
  10078.63  6783.4375  9.42051e-01  1.02063e+00  4.68909e-01  4.73142e-01
  10107.18  6784.0625  8.99382e-01  9.46222e-01  4.52729e-01  4.46653e-01
  10135.73  6784.6875  8.18225e-01  6.96966e-01  4.33204e-01  3.85021e-01
  10164.28  6785.3125  8.29478e-01  8.91202e-01  4.43714e-01  3.85764e-01
  10192.83  6785.9375  8.12789e-01  8.43536e-01  4.56823e-01  3.55966e-01
  10221.38  6786.5625  7.39935e-01  7.11166e-01  4.63456e-01  2.76478e-01
  10249.93  6787.1875  7.00496e-01  6.73819e-01  4.56788e-01  2.43708e-01
  10278.49  6787.8125  7.06272e-01  7.16213e-01  4.54275e-01  2.51997e-01
  10307.04  6788.4375  6.99106e-01  7.28120e-01  4.63714e-01  2.35392e-01
  10335.59  6789.0625  6.65624e-01  6.38866e-01  4.51049e-01  2.14576e-01
  10364.14  6789.6875  6.75536e-01  6.32436e-01  4.42715e-01  2.32820e-01
  10392.69  6790.3125  7.49151e-01  7.64399e-01  4.44289e-01  3.04862e-01
  10421.24  6790.9375  8.28944e-01  8.28189e-01  4.27337e-01  4.01607e-01
  10449.79  6791.5625  8.84811e-01  9.14188e-01  4.18931e-01  4.65879e-01
  10478.34  6792.1875  9.09303e-01  8.90843e-01  4.52690e-01  4.56613e-01
  10506.89  6792.8125  8.86153e-01  9.80563e-01  4.91145e-01  3.95008e-01
  10535.45  6793.4375  7.98960e-01  7.13497e-01  4.54411e-01  3.44549e-01
  10564.00  6794.0625  7.66845e-01  7.70684e-01  4.10983e-01  3.55863e-01
  10592.55  6794.6875  7.78736e-01  7.79130e-01  4.03280e-01  3.75456e-01
  10621.10  6795.3125  7.98663e-01  7.83217e-01  4.34965e-01  3.63698e-01
  10649.65  6795.9375  8.13633e-01  8.56475e-01  4.57994e-01  3.55640e-01
  10678.20  6796.5625  7.94427e-01  7.68376e-01  4.54459e-01  3.39968e-01
  10706.75  6797.1875  7.49197e-01  8.11402e-01  4.27047e-01  3.22150e-01
  10735.30  6797.8125  6.82225e-01  6.05531e-01  4.04151e-01  2.78074e-01
  10763.85  6798.4375  6.85575e-01  6.76220e-01  4.29135e-01  2.56440e-01
  10792.40  6799.0625  7.26030e-01  7.57064e-01  4.46841e-01  2.79189e-01
  10820.96  6799.6875  7.19815e-01  7.46181e-01  4.27258e-01  2.92557e-01
  10849.51  6800.3125  7.01218e-01  6.29296e-01  4.54584e-01  2.46634e-01
  10878.06  6800.9375  7.22262e-01  7.87459e-01  4.74365e-01  2.47897e-01
  10906.61  6801.5625  7.04467e-01  6.96800e-01  4.63221e-01  2.41246e-01
  10935.16  6802.1875  6.73508e-01  6.51484e-01  4.54715e-01  2.18794e-01
  10963.71  6802.8125  6.77373e-01  6.68816e-01  4.31873e-01  2.45501e-01
  10992.26  6803.4375  6.71043e-01  7.33091e-01  4.00810e-01  2.70233e-01
  11020.81  6804.0625  6.28955e-01  5.60042e-01  3.89664e-01  2.39291e-01
  11049.36  6804.6875  6.35328e-01  6.49333e-01  3.94871e-01  2.40457e-01
  11077.91  6805.3125  7.00922e-01  6.33242e-01  4.05867e-01  2.95055e-01
  11106.47  6805.9375  7.93346e-01  8.86634e-01  4.26736e-01  3.66610e-01
  11135.02  6806.5625  7.90319e-01  8.11347e-01  4.26632e-01  3.63687e-01
  11163.57  6807.1875  7.28938e-01  6.87745e-01  4.19752e-01  3.09186e-01
  11192.12  6807.8125  6.92054e-01  7.17723e-01  4.31932e-01  2.60122e-01
  11220.67  6808.4375  6.65321e-01  6.33278e-01  4.25044e-01  2.40277e-01
  11249.22  6809.0625  6.74086e-01  6.61766e-01  4.16055e-01  2.58031e-01
  11277.77  6809.6875  7.01060e-01  7.23917e-01  4.30465e-01  2.70596e-01
  11306.32  6810.3125  6.57816e-01  7.41757e-01  4.44614e-01  2.13202e-01
  11334.87  6810.9375  5.37181e-01  4.56421e-01  4.18019e-01  1.19162e-01
  11363.43  6811.5625  4.65868e-01  4.82836e-01  3.82999e-01  8.28685e-02
  11391.98  6812.1875  4.79744e-01  3.75217e-01  3.80619e-01  9.91252e-02
  11420.53  6812.8125  5.87728e-01  6.49213e-01  4.45670e-01  1.42058e-01
  11449.08  6813.4375  6.61102e-01  6.83549e-01  4.84766e-01  1.76336e-01
  11477.63  6814.0625  6.43516e-01  6.90265e-01  4.74179e-01  1.69338e-01
  11506.18  6814.6875  5.81038e-01  5.32911e-01  4.73374e-01  1.07664e-01
  11534.73  6815.3125  6.16314e-01  5.02213e-01  4.90567e-01  1.25747e-01
  11563.28  6815.9375  7.09333e-01  9.14893e-01  5.15091e-01  1.94242e-01
  11591.83  6816.5625  6.47400e-01  5.69469e-01  4.80306e-01  1.67093e-01
  11620.38  6817.1875  5.94613e-01  5.52884e-01  4.43385e-01  1.51227e-01
  11648.94  6817.8125  6.43221e-01  6.25317e-01  4.58767e-01  1.84453e-01
  11677.49  6818.4375  6.52804e-01  8.13185e-01  4.73742e-01  1.79063e-01
  11706.04  6819.0625  5.69492e-01  3.85696e-01  4.48341e-01  1.21151e-01
  11734.59  6819.6875  5.90864e-01  6.63098e-01  4.70503e-01  1.20361e-01
  11763.14  6820.3125  6.25174e-01  6.22582e-01  4.83760e-01  1.41414e-01
  11791.69  6820.9375  6.47131e-01  6.07090e-01  4.55943e-01  1.91187e-01
  11820.24  6821.5625  6.73446e-01  7.52623e-01  4.38344e-01  2.35101e-01
  11848.79  6822.1875  6.28594e-01  6.17354e-01  4.36474e-01  1.92120e-01
  11877.34  6822.8125  6.03542e-01  5.13181e-01  4.33279e-01  1.70263e-01
  11905.89  6823.4375  6.47165e-01  7.43475e-01  4.48721e-01  1.98443e-01
  11934.45  6824.0625  6.55450e-01  5.89045e-01  4.45618e-01  2.09833e-01
  11963.00  6824.6875  6.53884e-01  7.26788e-01  4.51553e-01  2.02331e-01
  11991.55  6825.3125  6.16351e-01  5.76021e-01  4.44695e-01  1.71656e-01
  12020.10  6825.9375  5.90573e-01  5.92233e-01  4.46264e-01  1.44309e-01
  12048.65  6826.5625  5.95836e-01  5.74656e-01  4.64617e-01  1.31218e-01
  12077.20  6827.1875  6.00047e-01  6.48754e-01  4.57092e-01  1.42955e-01
  12105.75  6827.8125  5.52215e-01  5.55128e-01  4.34056e-01  1.18159e-01
  12134.30  6828.4375  5.06941e-01  4.46405e-01  4.00979e-01  1.05962e-01
  12162.85  6829.0625  5.15378e-01  5.56669e-01  3.87229e-01  1.28149e-01
  12191.40  6829.6875  5.30066e-01  4.89050e-01  3.86345e-01  1.43722e-01
  12219.96  6830.3125  5.67184e-01  5.79413e-01  4.06937e-01  1.60247e-01
  12248.51  6830.9375  5.80657e-01  6.33553e-01  4.44161e-01  1.36496e-01
  12277.06  6831.5625  5.40279e-01  5.00796e-01  4.37542e-01  1.02738e-01
  12305.61  6832.1875  5.02580e-01  5.34982e-01  4.01011e-01  1.01569e-01
  12334.16  6832.8125  4.85295e-01  4.16766e-01  3.73810e-01  1.11485e-01
  12362.71  6833.4375  5.34030e-01  5.43455e-01  4.08698e-01  1.25331e-01
  12391.26  6834.0625  5.83117e-01  6.28562e-01  4.57668e-01  1.25449e-01
  12419.81  6834.6875  5.71659e-01  5.67415e-01  4.68537e-01  1.03122e-01
  12448.36  6835.3125  5.55232e-01  5.25829e-01  4.71612e-01  8.36203e-02
  12476.92  6835.9375  5.67738e-01  5.84320e-01  4.68214e-01  9.95240e-02
  12505.47  6836.5625  5.52882e-01  5.93447e-01  4.51287e-01  1.01595e-01
  12534.02  6837.1875  5.02763e-01  4.58963e-01  4.12471e-01  9.02925e-02
  12562.57  6837.8125  5.05640e-01  4.67842e-01  3.78783e-01  1.26857e-01
  12591.12  6838.4375  5.28714e-01  6.23576e-01  3.68737e-01  1.59977e-01
  12619.67  6839.0625  4.89300e-01  4.25465e-01  3.72464e-01  1.16836e-01
  12648.22  6839.6875  4.91041e-01  4.66342e-01  3.85709e-01  1.05332e-01
  12676.77  6840.3125  5.15467e-01  5.93251e-01  4.11056e-01  1.04411e-01
  12705.32  6840.9375  4.82386e-01  4.37571e-01  4.09494e-01  7.28912e-02
  12733.87  6841.5625  4.94032e-01  4.39433e-01  4.16215e-01  7.78168e-02
  12762.43  6842.1875  5.70022e-01  6.23428e-01  4.71295e-01  9.87272e-02
  12790.98  6842.8125  5.93432e-01  6.18863e-01  5.25215e-01  6.82166e-02
  12819.53  6843.4375  5.42834e-01  5.59696e-01  5.03395e-01  3.94393e-02
  12848.08  6844.0625  4.69165e-01  4.40985e-01  4.49304e-01  1.98601e-02
  12876.63  6844.6875  4.22497e-01  4.27509e-01  4.04278e-01  1.82190e-02
  12905.18  6845.3125  4.41482e-01  3.44392e-01  3.83648e-01  5.78341e-02
  12933.73  6845.9375  5.27242e-01  6.26635e-01  4.14948e-01  1.12294e-01
  12962.28  6846.5625  5.35610e-01  5.44458e-01  4.41672e-01  9.39388e-02
  12990.83  6847.1875  5.09374e-01  4.50720e-01  4.19245e-01  9.01297e-02
  13019.38  6847.8125  5.30460e-01  5.67558e-01  4.18110e-01  1.12350e-01
  13047.94  6848.4375  5.44857e-01  5.33707e-01  4.30882e-01  1.13974e-01
  13076.49  6849.0625  5.59276e-01  5.46859e-01  4.37892e-01  1.21383e-01
  13105.04  6849.6875  5.66688e-01  6.17691e-01  4.45894e-01  1.20794e-01
  13133.59  6850.3125  5.48758e-01  4.90355e-01  4.52847e-01  9.59107e-02
  13162.14  6850.9375  5.63680e-01  5.86403e-01  4.50107e-01  1.13573e-01
  13190.69  6851.5625  5.68208e-01  5.91135e-01  4.61124e-01  1.07084e-01
  13219.24  6852.1875  5.31993e-01  5.29348e-01  4.53684e-01  7.83097e-02
  13247.79  6852.8125  4.85503e-01  4.83943e-01  4.15934e-01  6.95688e-02
  13276.34  6853.4375  4.44359e-01  4.41770e-01  3.81905e-01  6.24545e-02
  13304.90  6854.0625  4.26449e-01  3.98665e-01  3.53102e-01  7.33468e-02
  13333.45  6854.6875  4.73065e-01  4.24221e-01  3.61425e-01  1.11640e-01
  13362.00  6855.3125  5.32908e-01  6.48533e-01  3.84745e-01  1.48163e-01
  13390.55  6855.9375  4.94913e-01  4.53917e-01  3.81140e-01  1.13773e-01
  13419.10  6856.5625  4.61828e-01  4.29317e-01  3.79555e-01  8.22728e-02
  13447.65  6857.1875  4.76361e-01  5.04110e-01  3.93190e-01  8.31715e-02
  13476.20  6857.8125  4.78676e-01  4.75247e-01  3.99977e-01  7.86992e-02
  13504.75  6858.4375  4.92461e-01  4.51972e-01  4.17016e-01  7.54449e-02
  13533.30  6859.0625  5.27935e-01  5.83066e-01  4.46659e-01  8.12756e-02
  13561.85  6859.6875  5.18521e-01  5.15200e-01  4.60197e-01  5.83240e-02
  13590.41  6860.3125  5.12065e-01  4.57234e-01  4.42129e-01  6.99363e-02
  13618.96  6860.9375  5.31540e-01  6.10608e-01  4.42326e-01  8.92137e-02
  13647.51  6861.5625  4.90600e-01  4.72174e-01  4.40940e-01  4.96597e-02
  13676.06  6862.1875  4.37408e-01  4.22648e-01  4.13950e-01  2.34585e-02
  13704.61  6862.8125  4.21769e-01  4.07370e-01  4.01317e-01  2.04526e-02
  13733.16  6863.4375  4.45454e-01  4.27696e-01  4.15196e-01  3.02578e-02
  13761.71  6864.0625  4.91328e-01  5.06815e-01  4.54475e-01  3.68532e-02
  13790.26  6864.6875  5.08222e-01  5.43606e-01  4.67860e-01  4.03614e-02
  13818.81  6865.3125  5.03633e-01  4.45023e-01  4.42709e-01  6.09242e-02
  13847.36  6865.9375  5.33884e-01  5.66735e-01  4.47539e-01  8.63450e-02
  13875.92  6866.5625  5.30704e-01  5.72782e-01  4.56938e-01  7.37659e-02
  13904.47  6867.1875  4.80280e-01  4.35072e-01  4.36615e-01  4.36649e-02
  13933.02  6867.8125  4.53877e-01  4.70058e-01  4.04040e-01  4.98371e-02
  13961.57  6868.4375  4.37303e-01  4.29430e-01  3.81359e-01  5.59447e-02
  13990.12  6869.0625  4.29641e-01  4.16787e-01  3.92642e-01  3.69993e-02
  14018.67  6869.6875  4.24574e-01  4.57179e-01  4.02169e-01  2.24046e-02
  14047.22  6870.3125  4.03796e-01  3.70976e-01  3.70727e-01  3.30685e-02
  14075.77  6870.9375  4.02863e-01  4.09772e-01  3.63431e-01  3.94317e-02
  14104.32  6871.5625  4.05057e-01  4.16282e-01  3.75697e-01  2.93599e-02
  14132.88  6872.1875  3.97868e-01  3.85416e-01  3.66970e-01  3.08987e-02
  14161.43  6872.8125  4.16385e-01  3.86383e-01  3.73890e-01  4.24946e-02
  14189.98  6873.4375  4.49790e-01  5.07060e-01  3.91593e-01  5.81974e-02
  14218.53  6874.0625  4.62592e-01  3.95908e-01  4.11911e-01  5.06811e-02
  14247.08  6874.6875  4.73406e-01  5.70463e-01  4.26372e-01  4.70340e-02
  14275.63  6875.3125  4.28573e-01  3.72687e-01  3.95123e-01  3.34498e-02
  14304.18  6875.9375  4.23966e-01  3.83653e-01  3.82483e-01  4.14833e-02
  14332.73  6876.5625  4.64345e-01  5.31135e-01  4.12998e-01  5.13472e-02
  14361.28  6877.1875  4.59631e-01  4.28798e-01  4.28272e-01  3.13584e-02
  14389.83  6877.8125  4.40055e-01  4.70850e-01  4.22355e-01  1.77001e-02
  14418.39  6878.4375  4.31253e-01  3.70809e-01  4.10349e-01  2.09035e-02
  14446.94  6879.0625  4.60705e-01  5.01065e-01  4.25634e-01  3.50713e-02
  14475.49  6879.6875  4.64760e-01  4.76877e-01  4.29748e-01  3.50117e-02
  14504.04  6880.3125  4.36284e-01  4.27518e-01  4.08844e-01  2.74399e-02
  14532.59  6880.9375  4.25050e-01  4.00957e-01  4.04113e-01  2.09364e-02
  14561.14  6881.5625  4.48411e-01  4.54690e-01  4.13457e-01  3.49539e-02
  14589.69  6882.1875  4.93878e-01  4.63012e-01  4.31763e-01  6.21154e-02
  14618.24  6882.8125  5.21200e-01  6.16332e-01  4.52974e-01  6.82262e-02
  14646.79  6883.4375  4.70031e-01  4.22747e-01  4.38082e-01  3.19483e-02
  14675.34  6884.0625  4.49173e-01  4.08866e-01  4.27912e-01  2.12610e-02
  14703.90  6884.6875  4.94345e-01  5.14250e-01  4.44426e-01  4.99182e-02
  14732.45  6885.3125  5.16748e-01  5.54550e-01  4.57776e-01  5.89722e-02
  14761.00  6885.9375  4.91351e-01  4.71383e-01  4.57806e-01  3.35445e-02
  14789.55  6886.5625  4.88434e-01  4.50783e-01  4.60256e-01  2.81778e-02
  14818.10  6887.1875  4.91219e-01  5.88242e-01  4.56676e-01  3.45436e-02
  14846.65  6887.8125  4.46094e-01  3.46643e-01  4.13934e-01  3.21601e-02
  14875.20  6888.4375  4.37229e-01  5.04530e-01  4.04997e-01  3.22322e-02
  14903.75  6889.0625  4.31992e-01  3.70542e-01  3.91070e-01  4.09219e-02
  14932.30  6889.6875  4.52232e-01  4.82999e-01  4.08514e-01  4.37182e-02
  14960.86  6890.3125  4.59564e-01  4.72243e-01  4.34540e-01  2.50241e-02
  14989.41  6890.9375  4.49591e-01  4.21376e-01  4.28649e-01  2.09422e-02
  15017.96  6891.5625  4.53179e-01  4.80603e-01  4.17217e-01  3.59620e-02
  15046.51  6892.1875  4.58074e-01  4.19917e-01  4.00904e-01  5.71703e-02
  15075.06  6892.8125  4.63610e-01  5.23185e-01  4.08450e-01  5.51601e-02
  15103.61  6893.4375  4.38388e-01  3.92562e-01  4.06246e-01  3.21419e-02
  15132.16  6894.0625  4.20724e-01  4.54942e-01  3.91917e-01  2.88070e-02
  15160.71  6894.6875  4.18935e-01  3.58612e-01  3.87655e-01  3.12795e-02
  15189.26  6895.3125  4.61297e-01  4.88795e-01  4.22091e-01  3.92055e-02
  15217.81  6895.9375  4.90495e-01  5.08865e-01  4.38467e-01  5.20279e-02
  15246.37  6896.5625  4.71092e-01  4.89265e-01  4.24864e-01  4.62289e-02
  15274.92  6897.1875  4.43470e-01  3.95499e-01  4.14556e-01  2.89148e-02
  15303.47  6897.8125  4.51386e-01  4.79255e-01  4.26367e-01  2.50190e-02
  15332.02  6898.4375  4.53362e-01  4.51414e-01  4.39293e-01  1.40690e-02
  15360.57  6899.0625  4.65037e-01  4.23621e-01  4.47995e-01  1.70420e-02
  15389.12  6899.6875  4.86579e-01  5.65539e-01  4.55327e-01  3.12527e-02
  15417.67  6900.3125  4.68924e-01  3.99534e-01  4.49430e-01  1.94945e-02
  15446.22  6900.9375  4.74612e-01  5.11433e-01  4.70144e-01  4.46824e-03
  15474.77  6901.5625  4.66298e-01  4.75146e-01  4.65322e-01  9.76008e-04
  15503.32  6902.1875  4.44101e-01  4.13293e-01  4.39703e-01  4.39716e-03
  15531.88  6902.8125  4.43726e-01  4.66797e-01  4.31121e-01  1.26050e-02
  15560.43  6903.4375  4.52254e-01  4.13367e-01  4.26785e-01  2.54685e-02
  15588.98  6904.0625  4.61029e-01  5.29378e-01  4.25048e-01  3.59807e-02
  15617.53  6904.6875  4.51227e-01  3.66934e-01  4.24139e-01  2.70884e-02
  15646.08  6905.3125  4.88838e-01  5.29183e-01  4.64980e-01  2.38580e-02
  15674.63  6905.9375  5.10658e-01  5.27012e-01  4.88380e-01  2.22783e-02
  15703.18  6906.5625  4.78788e-01  5.00002e-01  4.58093e-01  2.06955e-02
  15731.73  6907.1875  4.52522e-01  3.74952e-01  4.31510e-01  2.10120e-02
  15760.28  6907.8125  4.83618e-01  5.37525e-01  4.57777e-01  2.58409e-02
  15788.84  6908.4375  4.88666e-01  4.91594e-01  4.75736e-01  1.29305e-02
  15817.39  6909.0625  4.79660e-01  4.43834e-01  4.77825e-01  1.83514e-03
  15845.94  6909.6875  4.83744e-01  5.35864e-01  4.83305e-01  4.38184e-04
  15874.49  6910.3125  4.52154e-01  4.33032e-01  4.48545e-01  3.60937e-03
  15903.04  6910.9375  4.24495e-01  4.09170e-01  4.10371e-01  1.41241e-02
  15931.59  6911.5625  4.21008e-01  4.32395e-01  3.98467e-01  2.25417e-02
  15960.14  6912.1875  4.24612e-01  4.02671e-01  4.05289e-01  1.93233e-02
  15988.69  6912.8125  4.31008e-01  4.63971e-01  4.06985e-01  2.40229e-02
  16017.24  6913.4375  4.08502e-01  4.06845e-01  3.82884e-01  2.56180e-02
  16045.79  6914.0625  3.91375e-01  3.54517e-01  3.70123e-01  2.12523e-02
  16074.35  6914.6875  4.23500e-01  4.22444e-01  3.94030e-01  2.94703e-02
  16102.90  6915.3125  4.69757e-01  4.85414e-01  4.35767e-01  3.39898e-02
  16131.45  6915.9375  4.91776e-01  5.00272e-01  4.63263e-01  2.85127e-02
  16160.00  6916.5625  4.93016e-01  4.92925e-01  4.79073e-01  1.39429e-02
  16188.55  6917.1875  4.88141e-01  4.87936e-01  4.74358e-01  1.37833e-02
  16217.10  6917.8125  4.73785e-01  4.92199e-01  4.50778e-01  2.30066e-02
  16245.65  6918.4375  4.62141e-01  4.15261e-01  4.48019e-01  1.41224e-02
  16274.20  6919.0625  4.77497e-01  5.17739e-01  4.63848e-01  1.36495e-02
  16302.75  6919.6875  4.69271e-01  4.67050e-01  4.46512e-01  2.27586e-02
  16331.30  6920.3125  4.58160e-01  4.29670e-01  4.43348e-01  1.48121e-02
  16359.86  6920.9375  4.77251e-01  4.88146e-01  4.69364e-01  7.88767e-03
  16388.41  6921.5625  4.77357e-01  5.13435e-01  4.74003e-01  3.35390e-03
  16416.96  6922.1875  4.29457e-01  4.24066e-01  4.28119e-01  1.33879e-03
  16445.51  6922.8125  4.08271e-01  3.34403e-01  4.01678e-01  6.59212e-03
  16474.06  6923.4375  4.36477e-01  5.24790e-01  4.21038e-01  1.54398e-02
  16502.61  6924.0625  4.31213e-01  3.64413e-01  4.14863e-01  1.63498e-02
  16531.16  6924.6875  4.42038e-01  4.78450e-01  4.20548e-01  2.14900e-02
  16559.71  6925.3125  4.44332e-01  4.38758e-01  4.15185e-01  2.91469e-02
  16588.26  6925.9375  4.24282e-01  4.44803e-01  4.09077e-01  1.52048e-02
  16616.81  6926.5625  4.22203e-01  3.49453e-01  4.13740e-01  8.46361e-03
  16645.37  6927.1875  4.85639e-01  5.14869e-01  4.72723e-01  1.29164e-02
  16673.92  6927.8125  5.25673e-01  5.74349e-01  5.16602e-01  9.07008e-03
  16702.47  6928.4375  5.12365e-01  4.64454e-01  4.98750e-01  1.36156e-02
  16731.02  6929.0625  4.94442e-01  5.57939e-01  4.70864e-01  2.35776e-02
  16759.57  6929.6875  4.35258e-01  4.12317e-01  4.22572e-01  1.26855e-02
  16788.12  6930.3125  4.06126e-01  3.45295e-01  4.00495e-01  5.63169e-03
  16816.67  6930.9375  4.55509e-01  4.77116e-01  4.43185e-01  1.23238e-02
  16845.22  6931.5625  4.88740e-01  5.30207e-01  4.70927e-01  1.78132e-02
  16873.77  6932.1875  4.59871e-01  4.54960e-01  4.45850e-01  1.40210e-02
  16902.33  6932.8125  4.40235e-01  3.93445e-01  4.26897e-01  1.33379e-02
  16930.88  6933.4375  4.83750e-01  4.81007e-01  4.65354e-01  1.83963e-02
  16959.43  6934.0625  5.13413e-01  5.92497e-01  5.03476e-01  9.93758e-03
  16987.98  6934.6875  4.74433e-01  4.18259e-01  4.71927e-01  2.50570e-03
  17016.53  6935.3125  4.56791e-01  4.66281e-01  4.50888e-01  5.90317e-03
  17045.08  6935.9375  4.60402e-01  4.56672e-01  4.48038e-01  1.23637e-02
  17073.63  6936.5625  4.69093e-01  4.63861e-01  4.53265e-01  1.58283e-02
  17102.18  6937.1875  4.94804e-01  4.77767e-01  4.69779e-01  2.50252e-02
  17130.73  6937.8125  5.11578e-01  5.72805e-01  4.87309e-01  2.42688e-02
  17159.28  6938.4375  4.91934e-01  4.30549e-01  4.65111e-01  2.68236e-02
  17187.84  6939.0625  4.76268e-01  5.47557e-01  4.30846e-01  4.54220e-02
  17216.39  6939.6875  4.35957e-01  3.77388e-01  3.97404e-01  3.85530e-02
  17244.94  6940.3125  4.28624e-01  4.35864e-01  4.14980e-01  1.36443e-02
  17273.49  6940.9375  4.48098e-01  4.40548e-01  4.44930e-01  3.16845e-03
  17302.04  6941.5625  4.53672e-01  4.90077e-01  4.49975e-01  3.69711e-03
  17330.59  6942.1875  4.27791e-01  4.09682e-01  4.24523e-01  3.26771e-03
  17359.14  6942.8125  4.34459e-01  3.80054e-01  4.33282e-01  1.17729e-03
  17387.69  6943.4375  4.72013e-01  5.57989e-01  4.71835e-01  1.78487e-04
  17416.24  6944.0625  4.46204e-01  4.21141e-01  4.45358e-01  8.45596e-04
  17444.79  6944.6875  4.43620e-01  3.72145e-01  4.37677e-01  5.94329e-03
  17473.35  6945.3125  4.92755e-01  5.87267e-01  4.81345e-01  1.14093e-02
  17501.90  6945.9375  4.82927e-01  4.43667e-01  4.76931e-01  5.99543e-03
  17530.45  6946.5625  4.56307e-01  4.82854e-01  4.54105e-01  2.20138e-03
  17559.00  6947.1875  4.48164e-01  3.89846e-01  4.38499e-01  9.66594e-03
  17587.55  6947.8125  4.69941e-01  5.29192e-01  4.51412e-01  1.85287e-02
  17616.10  6948.4375  4.89770e-01  4.14350e-01  4.80050e-01  9.71982e-03
  17644.65  6949.0625  5.21676e-01  6.13600e-01  5.20267e-01  1.40936e-03
  17673.20  6949.6875  5.00365e-01  4.60371e-01  5.00305e-01  5.98622e-05
