# day050  epoch=50.0d  L_Halpha=1.210e+42 erg/s  smooth_kms=25.0
# Columns:
#   1: Δv [km/s]      velocity offset from Hα (6562.81 Å), positive = redshift
#   2: lambda [Å]     observed wavelength
#   3: F_norm         total flux, smoothed, normalized to F_cont_baseline
#   4: F_norm_raw     total flux, RAW MC (no velocity smoothing)
#   5: F_cont_smooth  continuum-channel flux (continuum photons only)
#   6: F_vol_smooth   volumetric-channel flux (line emission contribution)
# Format: F_norm ≈ F_cont_smooth + F_vol_smooth (within MC noise)
# ----------------------------------------------------------------------------------------
 -16559.48  6200.3125  4.21575e-01  2.75550e-01  4.21575e-01  0.00000e+00
 -16530.93  6200.9375  5.99966e-01  7.60849e-01  5.99966e-01  0.00000e+00
 -16502.38  6201.5625  6.13962e-01  6.88269e-01  6.13962e-01  0.00000e+00
 -16473.83  6202.1875  4.71609e-01  4.13639e-01  4.71609e-01  0.00000e+00
 -16445.28  6202.8125  3.75495e-01  3.44711e-01  3.75495e-01  0.00000e+00
 -16416.73  6203.4375  3.66348e-01  3.44394e-01  3.66348e-01  0.00000e+00
 -16388.18  6204.0625  3.95299e-01  4.14671e-01  3.95299e-01  0.00000e+00
 -16359.63  6204.6875  4.07256e-01  4.14140e-01  4.07256e-01  0.00000e+00
 -16331.08  6205.3125  3.87526e-01  4.13343e-01  3.87526e-01  0.00000e+00
 -16302.53  6205.9375  3.95065e-01  2.75374e-01  3.95065e-01  0.00000e+00
 -16273.97  6206.5625  4.40191e-01  6.20829e-01  4.40191e-01  0.00000e+00
 -16245.42  6207.1875  3.76823e-01  2.76198e-01  3.76823e-01  0.00000e+00
 -16216.87  6207.8125  3.37825e-01  3.44796e-01  3.37825e-01  0.00000e+00
 -16188.32  6208.4375  3.45838e-01  3.44964e-01  3.45838e-01  0.00000e+00
 -16159.77  6209.0625  3.72784e-01  3.44598e-01  3.72784e-01  0.00000e+00
 -16131.22  6209.6875  4.56163e-01  4.22137e-01  4.56163e-01  0.00000e+00
 -16102.67  6210.3125  5.59350e-01  6.24725e-01  5.59350e-01  0.00000e+00
 -16074.12  6210.9375  5.47808e-01  6.35395e-01  5.47808e-01  0.00000e+00
 -16045.57  6211.5625  4.59196e-01  3.30224e-01  4.59196e-01  0.00000e+00
 -16017.01  6212.1875  4.85782e-01  4.84282e-01  4.85782e-01  0.00000e+00
 -15988.46  6212.8125  5.45584e-01  6.21384e-01  5.45584e-01  0.00000e+00
 -15959.91  6213.4375  5.38446e-01  4.89632e-01  5.38446e-01  0.00000e+00
 -15931.36  6214.0625  5.32492e-01  5.57457e-01  5.32492e-01  0.00000e+00
 -15902.81  6214.6875  4.79005e-01  5.52370e-01  4.79005e-01  0.00000e+00
 -15874.26  6215.3125  3.73947e-01  2.76229e-01  3.73947e-01  0.00000e+00
 -15845.71  6215.9375  3.59312e-01  3.47821e-01  3.59312e-01  0.00000e+00
 -15817.16  6216.5625  3.95797e-01  4.36491e-01  3.95797e-01  0.00000e+00
 -15788.61  6217.1875  4.47440e-01  3.45355e-01  4.47440e-01  0.00000e+00
 -15760.06  6217.8125  5.56954e-01  6.44152e-01  5.56954e-01  0.00000e+00
 -15731.50  6218.4375  5.87317e-01  6.21823e-01  5.87317e-01  0.00000e+00
 -15702.95  6219.0625  4.89515e-01  5.52638e-01  4.89515e-01  0.00000e+00
 -15674.40  6219.6875  3.94573e-01  2.13711e-01  3.94573e-01  0.00000e+00
 -15645.85  6220.3125  5.22057e-01  4.84912e-01  5.22057e-01  0.00000e+00
 -15617.30  6220.9375  7.46739e-01  8.34579e-01  7.46739e-01  0.00000e+00
 -15588.75  6221.5625  7.66026e-01  9.67295e-01  7.66026e-01  0.00000e+00
 -15560.20  6222.1875  5.61707e-01  3.96726e-01  5.61707e-01  0.00000e+00
 -15531.65  6222.8125  4.10023e-01  4.83645e-01  4.10023e-01  0.00000e+00
 -15503.10  6223.4375  2.99792e-01  2.28919e-01  2.99792e-01  0.00000e+00
 -15474.55  6224.0625  2.88433e-01  2.09123e-01  2.88433e-01  0.00000e+00
 -15445.99  6224.6875  3.41720e-01  4.84255e-01  3.41720e-01  0.00000e+00
 -15417.44  6225.3125  3.45840e-01  1.93686e-01  3.45840e-01  0.00000e+00
 -15388.89  6225.9375  4.25216e-01  4.90525e-01  4.25216e-01  0.00000e+00
 -15360.34  6226.5625  4.35297e-01  5.55836e-01  4.35297e-01  0.00000e+00
 -15331.79  6227.1875  3.09121e-01  2.07403e-01  3.09121e-01  0.00000e+00
 -15303.24  6227.8125  2.04316e-01  2.76509e-01  2.04316e-01  0.00000e+00
 -15274.69  6228.4375  1.53466e-01  9.65387e-14  1.53466e-01  0.00000e+00
 -15246.14  6229.0625  2.48486e-01  2.76785e-01  2.48486e-01  0.00000e+00
 -15217.59  6229.6875  3.63618e-01  4.15030e-01  3.63618e-01  0.00000e+00
 -15189.03  6230.3125  3.74751e-01  4.16179e-01  3.74751e-01  0.00000e+00
 -15160.48  6230.9375  3.42650e-01  2.76582e-01  3.42650e-01  0.00000e+00
 -15131.93  6231.5625  4.37122e-01  3.16564e-01  4.37122e-01  0.00000e+00
 -15103.38  6232.1875  5.94393e-01  8.30889e-01  5.94393e-01  0.00000e+00
 -15074.83  6232.8125  6.16311e-01  4.30853e-01  6.16311e-01  0.00000e+00
 -15046.28  6233.4375  6.21557e-01  8.39313e-01  6.21557e-01  0.00000e+00
 -15017.73  6234.0625  5.72870e-01  3.46492e-01  5.72870e-01  0.00000e+00
 -14989.18  6234.6875  5.96423e-01  7.64684e-01  5.96423e-01  0.00000e+00
 -14960.63  6235.3125  5.03448e-01  5.54075e-01  5.03448e-01  0.00000e+00
 -14932.08  6235.9375  4.00260e-01  1.38773e-01  4.00260e-01  0.00000e+00
 -14903.52  6236.5625  4.80212e-01  6.95209e-01  4.80212e-01  0.00000e+00
 -14874.97  6237.1875  4.55237e-01  4.15862e-01  4.55237e-01  0.00000e+00
 -14846.42  6237.8125  3.72113e-01  3.51748e-01  3.72113e-01  0.00000e+00
 -14817.87  6238.4375  3.15423e-01  3.46496e-01  3.15423e-01  0.00000e+00
 -14789.32  6239.0625  2.58796e-01  2.09946e-01  2.58796e-01  0.00000e+00
 -14760.77  6239.6875  2.17201e-01  2.77126e-01  2.17201e-01  0.00000e+00
 -14732.22  6240.3125  2.10997e-01  6.93420e-02  2.10997e-01  0.00000e+00
 -14703.67  6240.9375  3.56746e-01  3.47877e-01  3.56746e-01  0.00000e+00
 -14675.12  6241.5625  4.62899e-01  6.94328e-01  4.62899e-01  0.00000e+00
 -14646.57  6242.1875  3.63307e-01  2.07986e-01  3.63307e-01  0.00000e+00
 -14618.01  6242.8125  3.11186e-01  3.44635e-01  3.11186e-01  0.00000e+00
 -14589.46  6243.4375  3.17281e-01  2.90222e-01  3.17281e-01  0.00000e+00
 -14560.91  6244.0625  3.43872e-01  3.49323e-01  3.43872e-01  0.00000e+00
 -14532.36  6244.6875  4.14510e-01  3.47537e-01  4.14510e-01  0.00000e+00
 -14503.81  6245.3125  4.99235e-01  6.24858e-01  4.99235e-01  0.00000e+00
 -14475.26  6245.9375  5.04270e-01  4.16181e-01  5.04270e-01  0.00000e+00
 -14446.71  6246.5625  4.59296e-01  6.25182e-01  4.59296e-01  0.00000e+00
 -14418.16  6247.1875  3.68246e-01  1.54868e-01  3.68246e-01  0.00000e+00
 -14389.61  6247.8125  4.01941e-01  5.05583e-01  4.01941e-01  0.00000e+00
 -14361.06  6248.4375  4.23645e-01  4.17077e-01  4.23645e-01  0.00000e+00
 -14332.50  6249.0625  3.76009e-01  4.17648e-01  3.76009e-01  0.00000e+00
 -14303.95  6249.6875  3.26016e-01  2.38953e-01  3.26016e-01  0.00000e+00
 -14275.40  6250.3125  3.69435e-01  3.64098e-01  3.69435e-01  0.00000e+00
 -14246.85  6250.9375  4.44367e-01  4.86597e-01  4.44367e-01  0.00000e+00
 -14218.30  6251.5625  4.44576e-01  4.86827e-01  4.44576e-01  0.00000e+00
 -14189.75  6252.1875  3.83522e-01  3.48640e-01  3.83522e-01  0.00000e+00
 -14161.20  6252.8125  3.41309e-01  3.46984e-01  3.41309e-01  0.00000e+00
 -14132.65  6253.4375  3.61321e-01  2.78175e-01  3.61321e-01  0.00000e+00
 -14104.10  6254.0625  4.76120e-01  4.96608e-01  4.76120e-01  0.00000e+00
 -14075.54  6254.6875  5.79750e-01  6.32303e-01  5.79750e-01  0.00000e+00
 -14046.99  6255.3125  5.67741e-01  6.29586e-01  5.67741e-01  0.00000e+00
 -14018.44  6255.9375  4.71983e-01  4.18614e-01  4.71983e-01  0.00000e+00
 -13989.89  6256.5625  4.05175e-01  4.19349e-01  4.05175e-01  0.00000e+00
 -13961.34  6257.1875  4.31422e-01  2.81860e-01  4.31422e-01  0.00000e+00
 -13932.79  6257.8125  4.84246e-01  7.64418e-01  4.84246e-01  0.00000e+00
 -13904.24  6258.4375  3.27214e-01  2.08610e-01  3.27214e-01  0.00000e+00
 -13875.69  6259.0625  2.07519e-01  1.39146e-01  2.07519e-01  0.00000e+00
 -13847.14  6259.6875  2.79036e-01  2.08259e-01  2.79036e-01  0.00000e+00
 -13818.59  6260.3125  3.97560e-01  5.60261e-01  3.97560e-01  0.00000e+00
 -13790.03  6260.9375  4.35359e-01  2.78662e-01  4.35359e-01  0.00000e+00
 -13761.48  6261.5625  5.19689e-01  6.27842e-01  5.19689e-01  0.00000e+00
 -13732.93  6262.1875  5.39617e-01  5.54633e-01  5.39617e-01  0.00000e+00
 -13704.38  6262.8125  4.72231e-01  4.86975e-01  4.72231e-01  0.00000e+00
 -13675.83  6263.4375  4.04632e-01  3.49079e-01  4.04632e-01  0.00000e+00
 -13647.28  6264.0625  3.82360e-01  4.17752e-01  3.82360e-01  0.00000e+00
 -13618.73  6264.6875  3.82179e-01  3.24209e-01  3.82179e-01  0.00000e+00
 -13590.18  6265.3125  4.43745e-01  4.27781e-01  4.43745e-01  0.00000e+00
 -13561.63  6265.9375  4.68837e-01  6.30736e-01  4.68837e-01  0.00000e+00
 -13533.08  6266.5625  3.99639e-01  2.08697e-01  3.99639e-01  0.00000e+00
 -13504.52  6267.1875  3.94097e-01  5.57588e-01  3.94097e-01  0.00000e+00
 -13475.97  6267.8125  3.80912e-01  2.09116e-01  3.80912e-01  0.00000e+00
 -13447.42  6268.4375  4.43175e-01  5.57606e-01  4.43175e-01  0.00000e+00
 -13418.87  6269.0625  5.73211e-01  3.48541e-01  5.73211e-01  0.00000e+00
 -13390.32  6269.6875  6.83339e-01  1.11534e+00  6.83339e-01  0.00000e+00
 -13361.77  6270.3125  4.63319e-01  2.78461e-01  4.63319e-01  0.00000e+00
 -13333.22  6270.9375  2.70445e-01  2.09011e-01  2.70445e-01  0.00000e+00
 -13304.67  6271.5625  2.25859e-01  2.86049e-01  2.25859e-01  0.00000e+00
 -13276.12  6272.1875  2.34981e-01  8.28954e-02  2.34981e-01  0.00000e+00
 -13247.56  6272.8125  3.63778e-01  4.42049e-01  3.63778e-01  0.00000e+00
 -13219.01  6273.4375  4.61593e-01  4.88326e-01  4.61593e-01  0.00000e+00
 -13190.46  6274.0625  4.81733e-01  4.88150e-01  4.81733e-01  0.00000e+00
 -13161.91  6274.6875  5.41166e-01  4.20078e-01  5.41166e-01  0.00000e+00
 -13133.36  6275.3125  6.36100e-01  8.37379e-01  6.36100e-01  0.00000e+00
 -13104.81  6275.9375  5.50136e-01  5.29274e-01  5.50136e-01  0.00000e+00
 -13076.26  6276.5625  4.07100e-01  3.51546e-01  4.07100e-01  0.00000e+00
 -13047.71  6277.1875  3.37546e-01  3.49190e-01  3.37546e-01  0.00000e+00
 -13019.16  6277.8125  2.92361e-01  2.81112e-01  2.92361e-01  0.00000e+00
 -12990.61  6278.4375  2.32775e-01  2.78956e-01  2.32775e-01  0.00000e+00
 -12962.05  6279.0625  1.96321e-01  6.98088e-02  1.96321e-01  0.00000e+00
 -12933.50  6279.6875  3.18570e-01  2.79657e-01  3.18570e-01  0.00000e+00
 -12904.95  6280.3125  4.56243e-01  6.43552e-01  4.56243e-01  0.00000e+00
 -12876.40  6280.9375  4.18868e-01  3.49398e-01  4.18868e-01  0.00000e+00
 -12847.85  6281.5625  4.47335e-01  2.99317e-01  4.47335e-01  0.00000e+00
 -12819.30  6282.1875  6.23587e-01  7.57802e-01  6.23587e-01  0.00000e+00
 -12790.75  6282.8125  6.42821e-01  7.67929e-01  6.42821e-01  0.00000e+00
 -12762.20  6283.4375  5.18002e-01  3.49686e-01  5.18002e-01  0.00000e+00
 -12733.65  6284.0625  4.95394e-01  5.65735e-01  4.95394e-01  0.00000e+00
 -12705.10  6284.6875  4.88550e-01  4.67815e-01  4.88550e-01  0.00000e+00
 -12676.54  6285.3125  4.52167e-01  4.89149e-01  4.52167e-01  0.00000e+00
 -12647.99  6285.9375  4.16845e-01  3.49155e-01  4.16845e-01  0.00000e+00
 -12619.44  6286.5625  4.34625e-01  4.56872e-01  4.34625e-01  0.00000e+00
 -12590.89  6287.1875  4.26691e-01  4.89350e-01  4.26691e-01  0.00000e+00
 -12562.34  6287.8125  3.67453e-01  2.97431e-01  3.67453e-01  0.00000e+00
 -12533.79  6288.4375  3.80648e-01  3.49374e-01  3.80648e-01  0.00000e+00
 -12505.24  6289.0625  4.57199e-01  4.89948e-01  4.57199e-01  0.00000e+00
 -12476.69  6289.6875  5.25437e-01  4.99563e-01  5.25437e-01  0.00000e+00
 -12448.14  6290.3125  5.81605e-01  6.29751e-01  5.81605e-01  0.00000e+00
 -12419.58  6290.9375  6.12861e-01  5.67723e-01  6.12861e-01  0.00000e+00
 -12391.03  6291.5625  6.25888e-01  7.07963e-01  6.25888e-01  0.00000e+00
 -12362.48  6292.1875  5.47403e-01  5.59746e-01  5.47403e-01  0.00000e+00
 -12333.93  6292.8125  4.10618e-01  4.07759e-01  4.10618e-01  0.00000e+00
 -12305.38  6293.4375  3.52998e-01  2.10143e-01  3.52998e-01  0.00000e+00
 -12276.83  6294.0625  4.61738e-01  5.00619e-01  4.61738e-01  0.00000e+00
 -12248.28  6294.6875  5.57684e-01  6.32875e-01  5.57684e-01  0.00000e+00
 -12219.73  6295.3125  5.05923e-01  5.60012e-01  5.05923e-01  0.00000e+00
 -12191.18  6295.9375  4.15348e-01  2.79763e-01  4.15348e-01  0.00000e+00
 -12162.63  6296.5625  4.31028e-01  4.90636e-01  4.31028e-01  0.00000e+00
 -12134.07  6297.1875  3.93148e-01  4.90448e-01  3.93145e-01  2.52355e-06
 -12105.52  6297.8125  2.74859e-01  1.40389e-01  2.74617e-01  2.42395e-04
 -12076.97  6298.4375  2.70700e-01  2.80230e-01  2.64382e-01  6.31836e-03
 -12048.42  6299.0625  3.57632e-01  3.11523e-01  3.12938e-01  4.46943e-02
 -12019.87  6299.6875  4.57712e-01  5.39174e-01  3.71916e-01  8.57963e-02
 -11991.32  6300.3125  5.05911e-01  4.47883e-01  4.61217e-01  4.46943e-02
 -11962.77  6300.9375  4.87415e-01  6.53983e-01  4.81097e-01  6.31836e-03
 -11934.22  6301.5625  3.69357e-01  2.20241e-01  3.69115e-01  2.42395e-04
 -11905.67  6302.1875  3.46921e-01  3.53336e-01  3.46919e-01  2.52355e-06
 -11877.12  6302.8125  3.93995e-01  4.07595e-01  3.93995e-01  0.00000e+00
 -11848.56  6303.4375  4.45180e-01  4.07427e-01  4.45180e-01  0.00000e+00
 -11820.01  6304.0625  4.98760e-01  5.61395e-01  4.98760e-01  0.00000e+00
 -11791.46  6304.6875  4.71266e-01  5.05694e-01  4.71266e-01  0.00000e+00
 -11762.91  6305.3125  3.87299e-01  3.50413e-01  3.87299e-01  0.00000e+00
 -11734.36  6305.9375  3.86767e-01  2.81360e-01  3.86767e-01  0.00000e+00
 -11705.81  6306.5625  4.33938e-01  6.31876e-01  4.33938e-01  0.00000e+00
 -11677.26  6307.1875  3.75617e-01  2.11909e-01  3.75617e-01  0.00000e+00
 -11648.71  6307.8125  3.22272e-01  4.90782e-01  3.22270e-01  2.52714e-06
 -11620.16  6308.4375  2.43540e-01  6.99485e-02  2.43298e-01  2.42740e-04
 -11591.60  6309.0625  3.15756e-01  2.80924e-01  3.09429e-01  6.32736e-03
 -11563.05  6309.6875  4.43403e-01  6.00658e-01  3.98645e-01  4.47580e-02
 -11534.50  6310.3125  4.73929e-01  3.28748e-01  3.88011e-01  8.59185e-02
 -11505.95  6310.9375  5.54111e-01  6.32889e-01  5.09351e-01  4.47605e-02
 -11477.40  6311.5625  5.80283e-01  6.31959e-01  5.73713e-01  6.57020e-03
 -11448.85  6312.1875  4.98635e-01  5.01273e-01  4.92062e-01  6.57265e-03
 -11420.30  6312.8125  4.67441e-01  3.10701e-01  4.22657e-01  4.47837e-02
 -11391.75  6313.4375  5.21134e-01  7.27030e-01  4.34695e-01  8.64394e-02
 -11363.20  6314.0625  4.70300e-01  3.50958e-01  4.12849e-01  5.74505e-02
 -11334.65  6314.6875  4.97406e-01  4.23962e-01  4.01196e-01  9.62102e-02
 -11306.09  6315.3125  5.87139e-01  7.62648e-01  4.08494e-01  1.78645e-01
 -11277.54  6315.9375  5.91348e-01  4.22105e-01  4.56915e-01  1.34433e-01
 -11248.99  6316.5625  6.52512e-01  7.50796e-01  5.53852e-01  9.86601e-02
 -11220.44  6317.1875  6.01812e-01  7.40157e-01  5.56287e-01  4.55249e-02
 -11191.89  6317.8125  4.32363e-01  2.34656e-01  4.19439e-01  1.29240e-02
 -11163.34  6318.4375  4.32033e-01  4.42252e-01  3.80353e-01  5.16802e-02
 -11134.79  6319.0625  5.17685e-01  5.47309e-01  3.80386e-01  1.37299e-01
 -11106.24  6319.6875  5.91969e-01  5.41321e-01  4.16151e-01  1.75818e-01
 -11077.69  6320.3125  6.56514e-01  7.51806e-01  5.18960e-01  1.37554e-01
 -11049.14  6320.9375  6.17482e-01  6.33466e-01  5.59689e-01  5.77926e-02
 -11020.58  6321.5625  5.61614e-01  4.57982e-01  5.10123e-01  5.14905e-02
 -10992.03  6322.1875  5.82699e-01  6.58350e-01  4.96018e-01  8.66808e-02
 -10963.48  6322.8125  5.25734e-01  5.97677e-01  4.74485e-01  5.12486e-02
 -10934.93  6323.4375  4.07647e-01  2.81455e-01  3.56183e-01  5.14642e-02
 -10906.38  6324.0625  4.27025e-01  4.00723e-01  3.34048e-01  9.29768e-02
 -10877.83  6324.6875  5.44620e-01  5.63612e-01  4.48214e-01  9.64067e-02
 -10849.28  6325.3125  6.62204e-01  6.54788e-01  5.18077e-01  1.44126e-01
 -10820.73  6325.9375  7.85226e-01  7.70193e-01  6.02275e-01  1.82951e-01
 -10792.18  6326.5625  8.77535e-01  9.63706e-01  6.88454e-01  1.89081e-01
 -10763.62  6327.1875  8.22152e-01  8.92918e-01  6.32364e-01  1.89788e-01
 -10735.07  6327.8125  6.56687e-01  6.11112e-01  4.54747e-01  2.01940e-01
 -10706.52  6328.4375  6.45143e-01  4.00487e-01  3.66363e-01  2.78780e-01
 -10677.97  6329.0625  8.04539e-01  1.10324e+00  4.49067e-01  3.55471e-01
 -10649.42  6329.6875  7.26061e-01  7.15700e-01  4.85591e-01  2.40470e-01
 -10620.87  6330.3125  5.73567e-01  4.32946e-01  4.12605e-01  1.60962e-01
 -10592.32  6330.9375  6.01343e-01  6.00646e-01  3.63787e-01  2.37556e-01
 -10563.77  6331.5625  6.40382e-01  7.65127e-01  3.67445e-01  2.72936e-01
 -10535.22  6332.1875  5.27416e-01  5.22982e-01  2.44817e-01  2.82599e-01
 -10506.67  6332.8125  4.78651e-01  2.59783e-01  2.24660e-01  2.53991e-01
 -10478.11  6333.4375  7.26306e-01  7.01484e-01  3.88852e-01  3.37454e-01
 -10449.56  6334.0625  9.71792e-01  1.25705e+00  4.71086e-01  5.00706e-01
 -10421.01  6334.6875  9.37492e-01  8.02504e-01  4.68869e-01  4.68623e-01
 -10392.46  6335.3125  8.59842e-01  9.47355e-01  4.29641e-01  4.30201e-01
 -10363.91  6335.9375  7.81767e-01  7.09559e-01  3.60899e-01  4.20868e-01
 -10335.36  6336.5625  7.54175e-01  7.53667e-01  4.16355e-01  3.37820e-01
 -10306.81  6337.1875  7.93856e-01  7.44176e-01  4.52398e-01  3.41458e-01
 -10278.26  6337.8125  8.46340e-01  9.55429e-01  4.53980e-01  3.92360e-01
 -10249.71  6338.4375  9.40805e-01  6.61461e-01  4.26030e-01  5.14776e-01
 -10221.16  6339.0625  1.13299e+00  1.48948e+00  4.81922e-01  6.51064e-01
 -10192.60  6339.6875  1.10344e+00  9.44187e-01  5.11496e-01  5.91949e-01
 -10164.05  6340.3125  9.50594e-01  1.18302e+00  4.67827e-01  4.82767e-01
 -10135.50  6340.9375  8.04585e-01  4.23380e-01  4.75044e-01  3.29541e-01
 -10106.95  6341.5625  1.02729e+00  1.01471e+00  4.92816e-01  5.34475e-01
 -10078.40  6342.1875  1.27145e+00  1.64711e+00  4.07441e-01  8.64007e-01
 -10049.85  6342.8125  1.20405e+00  9.22152e-01  3.71608e-01  8.32437e-01
 -10021.30  6343.4375  1.24592e+00  1.30335e+00  4.77499e-01  7.68419e-01
  -9992.75  6344.0625  1.31752e+00  1.41705e+00  6.31613e-01  6.85906e-01
  -9964.20  6344.6875  1.35164e+00  1.13441e+00  5.88996e-01  7.62644e-01
  -9935.65  6345.3125  1.40696e+00  1.75399e+00  4.90253e-01  9.16711e-01
  -9907.09  6345.9375  1.22894e+00  1.07093e+00  4.71999e-01  7.56941e-01
  -9878.54  6346.5625  1.15168e+00  9.94133e-01  4.98368e-01  6.53315e-01
  -9849.99  6347.1875  1.31551e+00  1.39766e+00  5.60740e-01  7.54773e-01
  -9821.44  6347.8125  1.42440e+00  1.51620e+00  5.67976e-01  8.56427e-01
  -9792.89  6348.4375  1.50044e+00  1.25450e+00  5.68015e-01  9.32426e-01
  -9764.34  6349.0625  1.59917e+00  2.02299e+00  5.21664e-01  1.07751e+00
  -9735.79  6349.6875  1.46143e+00  1.15317e+00  4.12632e-01  1.04880e+00
  -9707.24  6350.3125  1.42201e+00  1.53882e+00  5.54925e-01  8.67090e-01
  -9678.69  6350.9375  1.50662e+00  1.31590e+00  7.24673e-01  7.81951e-01
  -9650.13  6351.5625  1.66664e+00  1.89356e+00  8.13845e-01  8.52795e-01
  -9621.58  6352.1875  1.94542e+00  1.40719e+00  7.34230e-01  1.21119e+00
  -9593.03  6352.8125  2.52547e+00  3.00927e+00  7.26522e-01  1.79894e+00
  -9564.48  6353.4375  2.87771e+00  2.68352e+00  6.93102e-01  2.18461e+00
  -9535.93  6354.0625  2.88408e+00  3.44220e+00  6.48956e-01  2.23512e+00
  -9507.38  6354.6875  2.46207e+00  2.13622e+00  6.05431e-01  1.85664e+00
  -9478.83  6355.3125  2.46598e+00  1.92370e+00  6.55353e-01  1.81062e+00
  -9450.28  6355.9375  3.19930e+00  3.45421e+00  7.20569e-01  2.47873e+00
  -9421.73  6356.5625  3.57992e+00  4.16586e+00  8.40593e-01  2.73933e+00
  -9393.18  6357.1875  3.11392e+00  3.01449e+00  9.04651e-01  2.20927e+00
  -9364.62  6357.8125  2.66194e+00  2.25385e+00  8.65290e-01  1.79665e+00
  -9336.07  6358.4375  2.77418e+00  2.81444e+00  7.83165e-01  1.99102e+00
  -9307.52  6359.0625  3.09876e+00  3.06195e+00  7.52840e-01  2.34592e+00
  -9278.97  6359.6875  3.32521e+00  3.56440e+00  7.61655e-01  2.56355e+00
  -9250.42  6360.3125  3.40926e+00  3.13586e+00  7.94822e-01  2.61444e+00
  -9221.87  6360.9375  3.54874e+00  3.82620e+00  7.91699e-01  2.75704e+00
  -9193.32  6361.5625  3.56098e+00  3.44650e+00  7.65711e-01  2.79527e+00
  -9164.77  6362.1875  3.80902e+00  3.37355e+00  7.68758e-01  3.04026e+00
  -9136.22  6362.8125  4.28344e+00  4.97031e+00  9.15020e-01  3.36842e+00
  -9107.67  6363.4375  4.17195e+00  4.08690e+00  1.07147e+00  3.10048e+00
  -9079.11  6364.0625  3.96119e+00  3.63804e+00  9.46968e-01  3.01422e+00
  -9050.56  6364.6875  4.11614e+00  4.28238e+00  8.32458e-01  3.28368e+00
  -9022.01  6365.3125  4.37079e+00  4.16786e+00  8.83466e-01  3.48733e+00
  -8993.46  6365.9375  4.73650e+00  4.82710e+00  1.07022e+00  3.66629e+00
  -8964.91  6366.5625  4.88536e+00  5.27391e+00  1.06288e+00  3.82248e+00
  -8936.36  6367.1875  4.88342e+00  4.18863e+00  8.94663e-01  3.98876e+00
  -8907.81  6367.8125  5.42950e+00  5.63708e+00  9.84728e-01  4.44477e+00
  -8879.26  6368.4375  5.84933e+00  6.28364e+00  1.17961e+00  4.66972e+00
  -8850.71  6369.0625  5.72032e+00  5.52691e+00  1.25498e+00  4.46533e+00
  -8822.15  6369.6875  5.87197e+00  5.37812e+00  1.10470e+00  4.76728e+00
  -8793.60  6370.3125  6.62815e+00  6.84842e+00  9.95539e-01  5.63261e+00
  -8765.05  6370.9375  6.93694e+00  7.70325e+00  1.01511e+00  5.92182e+00
  -8736.50  6371.5625  6.25906e+00  6.04980e+00  1.01520e+00  5.24386e+00
  -8707.95  6372.1875  5.87637e+00  5.04880e+00  9.78368e-01  4.89800e+00
  -8679.40  6372.8125  6.44407e+00  6.86109e+00  9.60642e-01  5.48343e+00
  -8650.85  6373.4375  6.96316e+00  7.02135e+00  8.74652e-01  6.08851e+00
  -8622.30  6374.0625  7.67454e+00  6.76954e+00  9.26214e-01  6.74833e+00
  -8593.75  6374.6875  8.56837e+00  1.01810e+01  1.07915e+00  7.48922e+00
  -8565.20  6375.3125  8.02002e+00  7.82195e+00  1.07427e+00  6.94576e+00
  -8536.64  6375.9375  7.50166e+00  6.26787e+00  9.31343e-01  6.57032e+00
  -8508.09  6376.5625  8.05822e+00  9.10841e+00  8.55788e-01  7.20243e+00
  -8479.54  6377.1875  8.00117e+00  7.98780e+00  1.04125e+00  6.95992e+00
  -8450.99  6377.8125  7.75465e+00  7.10149e+00  1.34375e+00  6.41090e+00
  -8422.44  6378.4375  8.21739e+00  8.41605e+00  1.51226e+00  6.70513e+00
  -8393.89  6379.0625  8.60466e+00  8.98413e+00  1.55493e+00  7.04973e+00
  -8365.34  6379.6875  8.77976e+00  8.13376e+00  1.39800e+00  7.38176e+00
  -8336.79  6380.3125  9.54286e+00  9.54821e+00  1.37094e+00  8.17192e+00
  -8308.24  6380.9375  1.01572e+01  1.10884e+01  1.29052e+00  8.86664e+00
  -8279.69  6381.5625  1.02683e+01  9.01428e+00  1.12389e+00  9.14442e+00
  -8251.13  6382.1875  1.08496e+01  1.19730e+01  1.08559e+00  9.76400e+00
  -8222.58  6382.8125  1.14358e+01  1.01147e+01  1.10768e+00  1.03282e+01
  -8194.03  6383.4375  1.25788e+01  1.34873e+01  1.13026e+00  1.14486e+01
  -8165.48  6384.0625  1.30215e+01  1.34772e+01  1.17199e+00  1.18495e+01
  -8136.93  6384.6875  1.29409e+01  1.20358e+01  1.17795e+00  1.17630e+01
  -8108.38  6385.3125  1.42823e+01  1.32335e+01  1.39046e+00  1.28918e+01
  -8079.83  6385.9375  1.55886e+01  1.89624e+01  1.79473e+00  1.37939e+01
  -8051.28  6386.5625  1.44969e+01  1.21389e+01  1.78142e+00  1.27155e+01
  -8022.73  6387.1875  1.46882e+01  1.44346e+01  1.64688e+00  1.30414e+01
  -7994.17  6387.8125  1.64157e+01  1.65742e+01  1.69724e+00  1.47185e+01
  -7965.62  6388.4375  1.76718e+01  1.84902e+01  1.83914e+00  1.58326e+01
  -7937.07  6389.0625  1.77225e+01  1.77530e+01  1.67832e+00  1.60442e+01
  -7908.52  6389.6875  1.72422e+01  1.72377e+01  1.39952e+00  1.58427e+01
  -7879.97  6390.3125  1.68835e+01  1.66153e+01  1.32175e+00  1.55618e+01
  -7851.42  6390.9375  1.68605e+01  1.69189e+01  1.37006e+00  1.54905e+01
  -7822.87  6391.5625  1.71123e+01  1.68060e+01  1.48202e+00  1.56303e+01
  -7794.32  6392.1875  1.78450e+01  1.76985e+01  1.60081e+00  1.62442e+01
  -7765.77  6392.8125  1.90512e+01  1.88293e+01  1.77802e+00  1.72731e+01
  -7737.22  6393.4375  2.00349e+01  2.11492e+01  1.93358e+00  1.81014e+01
  -7708.66  6394.0625  2.06781e+01  1.89479e+01  1.92701e+00  1.87511e+01
  -7680.11  6394.6875  2.21100e+01  2.34662e+01  1.72668e+00  2.03833e+01
  -7651.56  6395.3125  2.23098e+01  2.31016e+01  1.61817e+00  2.06916e+01
  -7623.01  6395.9375  2.15480e+01  2.01361e+01  1.57141e+00  1.99766e+01
  -7594.46  6396.5625  2.22091e+01  2.20999e+01  1.73340e+00  2.04757e+01
  -7565.91  6397.1875  2.37153e+01  2.38428e+01  2.05294e+00  2.16623e+01
  -7537.36  6397.8125  2.42985e+01  2.58831e+01  2.27033e+00  2.20282e+01
  -7508.81  6398.4375  2.44197e+01  2.15189e+01  2.02325e+00  2.23965e+01
  -7480.26  6399.0625  2.67394e+01  2.78012e+01  2.10053e+00  2.46389e+01
  -7451.71  6399.6875  2.83606e+01  3.01473e+01  2.31415e+00  2.60465e+01
  -7423.15  6400.3125  2.85821e+01  2.58909e+01  2.12313e+00  2.64590e+01
  -7394.60  6400.9375  2.94667e+01  3.25024e+01  1.91579e+00  2.75509e+01
  -7366.05  6401.5625  2.85905e+01  2.74191e+01  1.91006e+00  2.66805e+01
  -7337.50  6402.1875  2.76999e+01  2.75045e+01  2.07434e+00  2.56255e+01
  -7308.95  6402.8125  2.85576e+01  2.69996e+01  2.17626e+00  2.63813e+01
  -7280.40  6403.4375  3.04855e+01  3.24484e+01  2.22885e+00  2.82567e+01
  -7251.85  6404.0625  3.10496e+01  3.05209e+01  2.47181e+00  2.85777e+01
  -7223.30  6404.6875  3.09757e+01  3.13388e+01  2.70286e+00  2.82729e+01
  -7194.75  6405.3125  3.10796e+01  3.04580e+01  2.84660e+00  2.82330e+01
  -7166.19  6405.9375  3.23328e+01  3.14294e+01  2.89441e+00  2.94384e+01
  -7137.64  6406.5625  3.45531e+01  3.55210e+01  2.91974e+00  3.16334e+01
  -7109.09  6407.1875  3.58476e+01  3.62445e+01  2.62659e+00  3.32210e+01
  -7080.54  6407.8125  3.66042e+01  3.55783e+01  2.60622e+00  3.39979e+01
  -7051.99  6408.4375  3.71990e+01  3.93259e+01  2.55572e+00  3.46432e+01
  -7023.44  6409.0625  3.62347e+01  3.51615e+01  2.52236e+00  3.37123e+01
  -6994.89  6409.6875  3.58079e+01  3.52415e+01  2.59097e+00  3.32169e+01
  -6966.34  6410.3125  3.69686e+01  3.64930e+01  2.58359e+00  3.43850e+01
  -6937.79  6410.9375  3.84315e+01  3.96036e+01  2.54304e+00  3.58885e+01
  -6909.24  6411.5625  3.86830e+01  3.86992e+01  2.72701e+00  3.59560e+01
  -6880.68  6412.1875  3.92774e+01  3.74935e+01  2.80127e+00  3.64762e+01
  -6852.13  6412.8125  4.17639e+01  4.24584e+01  2.63483e+00  3.91291e+01
  -6823.58  6413.4375  4.39790e+01  4.46398e+01  2.69882e+00  4.12802e+01
  -6795.03  6414.0625  4.44421e+01  4.52922e+01  2.93474e+00  4.15074e+01
  -6766.48  6414.6875  4.35715e+01  4.32232e+01  2.77192e+00  4.07996e+01
  -6737.93  6415.3125  4.29771e+01  4.24232e+01  2.76548e+00  4.02116e+01
  -6709.38  6415.9375  4.35859e+01  4.31871e+01  2.93450e+00  4.06514e+01
  -6680.83  6416.5625  4.55490e+01  4.46161e+01  3.15322e+00  4.23957e+01
  -6652.28  6417.1875  4.73370e+01  5.01610e+01  3.16646e+00  4.41705e+01
  -6623.73  6417.8125  4.66508e+01  4.55170e+01  3.05531e+00  4.35955e+01
  -6595.17  6418.4375  4.63757e+01  4.54294e+01  3.20157e+00  4.31741e+01
  -6566.62  6419.0625  4.80282e+01  4.78613e+01  3.26244e+00  4.47658e+01
  -6538.07  6419.6875  4.98812e+01  5.09057e+01  3.30851e+00  4.65726e+01
  -6509.52  6420.3125  5.01508e+01  5.07137e+01  3.32083e+00  4.68300e+01
  -6480.97  6420.9375  4.90659e+01  4.90901e+01  3.18857e+00  4.58773e+01
  -6452.42  6421.5625  4.82283e+01  4.72190e+01  2.91486e+00  4.53134e+01
  -6423.87  6422.1875  4.93127e+01  4.81824e+01  2.84422e+00  4.64685e+01
  -6395.32  6422.8125  5.11966e+01  5.35161e+01  2.86597e+00  4.83306e+01
  -6366.77  6423.4375  5.21577e+01  4.96527e+01  2.87447e+00  4.92832e+01
  -6338.21  6424.0625  5.38799e+01  5.58810e+01  2.95170e+00  5.09282e+01
  -6309.66  6424.6875  5.42951e+01  5.43049e+01  2.97841e+00  5.13166e+01
  -6281.11  6425.3125  5.25687e+01  5.44815e+01  2.98052e+00  4.95881e+01
  -6252.56  6425.9375  5.10347e+01  4.62415e+01  2.83794e+00  4.81968e+01
  -6224.01  6426.5625  5.31764e+01  5.57991e+01  2.60911e+00  5.05672e+01
  -6195.46  6427.1875  5.48345e+01  5.43452e+01  2.44957e+00  5.23850e+01
  -6166.91  6427.8125  5.36479e+01  5.72670e+01  2.45233e+00  5.11955e+01
  -6138.36  6428.4375  5.02707e+01  4.62333e+01  2.35418e+00  4.79166e+01
  -6109.81  6429.0625  4.97739e+01  5.02271e+01  2.19860e+00  4.75753e+01
  -6081.26  6429.6875  4.99725e+01  5.17525e+01  2.31838e+00  4.76541e+01
  -6052.70  6430.3125  4.86080e+01  4.70655e+01  2.51463e+00  4.60934e+01
  -6024.15  6430.9375  4.83663e+01  4.80220e+01  2.40230e+00  4.59640e+01
  -5995.60  6431.5625  4.88554e+01  4.99735e+01  2.28487e+00  4.65705e+01
  -5967.05  6432.1875  4.92532e+01  4.72544e+01  2.25961e+00  4.69936e+01
  -5938.50  6432.8125  5.02159e+01  5.25494e+01  2.34894e+00  4.78670e+01
  -5909.95  6433.4375  4.91159e+01  4.94482e+01  2.58512e+00  4.65308e+01
  -5881.40  6434.0625  4.76827e+01  4.52762e+01  2.62188e+00  4.50608e+01
  -5852.85  6434.6875  4.89834e+01  4.91807e+01  2.52151e+00  4.64619e+01
  -5824.30  6435.3125  5.00568e+01  5.24214e+01  2.34192e+00  4.77148e+01
  -5795.75  6435.9375  4.82945e+01  4.77453e+01  2.26509e+00  4.60294e+01
  -5767.19  6436.5625  4.63931e+01  4.54587e+01  2.28961e+00  4.41035e+01
  -5738.64  6437.1875  4.61419e+01  4.59089e+01  2.38885e+00  4.37530e+01
  -5710.09  6437.8125  4.67745e+01  4.67436e+01  2.39090e+00  4.43836e+01
  -5681.54  6438.4375  4.67890e+01  4.80464e+01  2.30394e+00  4.44850e+01
  -5652.99  6439.0625  4.41215e+01  4.59739e+01  2.17937e+00  4.19421e+01
  -5624.44  6439.6875  4.01373e+01  3.70492e+01  1.91977e+00  3.82175e+01
  -5595.89  6440.3125  3.97370e+01  3.85509e+01  1.74812e+00  3.79889e+01
  -5567.34  6440.9375  4.10668e+01  4.38850e+01  1.70173e+00  3.93651e+01
  -5538.79  6441.5625  4.02383e+01  3.89733e+01  1.59094e+00  3.86474e+01
  -5510.24  6442.1875  3.96357e+01  3.92606e+01  1.61636e+00  3.80193e+01
  -5481.68  6442.8125  3.99973e+01  4.03483e+01  1.64808e+00  3.83492e+01
  -5453.13  6443.4375  4.00355e+01  4.01321e+01  1.40370e+00  3.86318e+01
  -5424.58  6444.0625  3.86061e+01  4.06229e+01  1.35384e+00  3.72522e+01
  -5396.03  6444.6875  3.59652e+01  3.33147e+01  1.44489e+00  3.45203e+01
  -5367.48  6445.3125  3.47004e+01  3.63384e+01  1.43397e+00  3.32664e+01
  -5338.93  6445.9375  3.38078e+01  3.20821e+01  1.25324e+00  3.25545e+01
  -5310.38  6446.5625  3.36963e+01  3.47014e+01  1.21638e+00  3.24800e+01
  -5281.83  6447.1875  3.30526e+01  3.33335e+01  1.29251e+00  3.17601e+01
  -5253.28  6447.8125  3.13573e+01  3.15850e+01  1.22952e+00  3.01278e+01
  -5224.72  6448.4375  2.94107e+01  2.90091e+01  1.04786e+00  2.83629e+01
  -5196.17  6449.0625  2.81118e+01  2.76578e+01  9.04086e-01  2.72078e+01
  -5167.62  6449.6875  2.73755e+01  2.78975e+01  8.36555e-01  2.65389e+01
  -5139.07  6450.3125  2.67760e+01  2.57788e+01  8.86194e-01  2.58898e+01
  -5110.52  6450.9375  2.61852e+01  2.79467e+01  8.49945e-01  2.53353e+01
  -5081.97  6451.5625  2.47147e+01  2.32224e+01  7.52233e-01  2.39625e+01
  -5053.42  6452.1875  2.38026e+01  2.44592e+01  7.37995e-01  2.30646e+01
  -5024.87  6452.8125  2.28765e+01  2.28585e+01  6.96567e-01  2.21800e+01
  -4996.32  6453.4375  2.16931e+01  2.15621e+01  6.29376e-01  2.10637e+01
  -4967.77  6454.0625  2.04084e+01  2.08518e+01  5.67105e-01  1.98413e+01
  -4939.21  6454.6875  1.88030e+01  1.85368e+01  4.96150e-01  1.83069e+01
  -4910.66  6455.3125  1.77759e+01  1.69472e+01  3.96915e-01  1.73790e+01
  -4882.11  6455.9375  1.76672e+01  1.81828e+01  3.13865e-01  1.73534e+01
  -4853.56  6456.5625  1.70169e+01  1.76513e+01  2.53680e-01  1.67632e+01
  -4825.01  6457.1875  1.55919e+01  1.49996e+01  2.28580e-01  1.53634e+01
  -4796.46  6457.8125  1.45388e+01  1.45561e+01  2.11195e-01  1.43276e+01
  -4767.91  6458.4375  1.37142e+01  1.38658e+01  2.01575e-01  1.35127e+01
  -4739.36  6459.0625  1.27308e+01  1.26565e+01  1.98044e-01  1.25328e+01
  -4710.81  6459.6875  1.15799e+01  1.18966e+01  1.82380e-01  1.13976e+01
  -4682.26  6460.3125  1.04099e+01  9.80936e+00  1.35751e-01  1.02741e+01
  -4653.70  6460.9375  9.80368e+00  9.86547e+00  1.09179e-01  9.69450e+00
  -4625.15  6461.5625  9.29083e+00  9.60406e+00  9.26159e-02  9.19821e+00
  -4596.60  6462.1875  8.53810e+00  8.19500e+00  8.78682e-02  8.45023e+00
  -4568.05  6462.8125  7.84873e+00  8.20461e+00  7.33065e-02  7.77542e+00
  -4539.50  6463.4375  7.17392e+00  6.70342e+00  5.48089e-02  7.11911e+00
  -4510.95  6464.0625  6.97581e+00  6.84810e+00  4.33536e-02  6.93245e+00
  -4482.40  6464.6875  6.82593e+00  7.52668e+00  2.90917e-02  6.79684e+00
  -4453.85  6465.3125  6.34908e+00  5.46791e+00  2.04166e-02  6.32866e+00
  -4425.30  6465.9375  6.23456e+00  6.86537e+00  1.71784e-02  6.21739e+00
  -4396.74  6466.5625  5.69969e+00  5.90445e+00  1.62779e-02  5.68342e+00
  -4368.19  6467.1875  5.09565e+00  4.11736e+00  2.31801e-02  5.07247e+00
  -4339.64  6467.8125  5.00914e+00  6.10165e+00  3.54412e-02  4.97370e+00
  -4311.09  6468.4375  4.43564e+00  3.79346e+00  3.23467e-02  4.40330e+00
  -4282.54  6469.0625  3.98497e+00  4.17296e+00  2.52959e-02  3.95967e+00
  -4253.99  6469.6875  3.80674e+00  3.50329e+00  1.16961e-02  3.79504e+00
  -4225.44  6470.3125  3.72203e+00  4.10278e+00  4.13296e-03  3.71789e+00
  -4196.89  6470.9375  3.47495e+00  3.17881e+00  5.44667e-03  3.46951e+00
  -4168.34  6471.5625  3.21642e+00  3.52788e+00  1.70795e-02  3.19934e+00
  -4139.79  6472.1875  2.78476e+00  2.67442e+00  2.99559e-02  2.75481e+00
  -4111.23  6472.8125  2.48488e+00  2.21164e+00  1.55944e-02  2.46929e+00
  -4082.68  6473.4375  2.57071e+00  2.64091e+00  2.96363e-03  2.56775e+00
  -4054.13  6474.0625  2.83868e+00  2.64099e+00  4.78420e-03  2.83390e+00
  -4025.58  6474.6875  3.08097e+00  3.51073e+00  9.11134e-03  3.07186e+00
  -3997.03  6475.3125  2.93249e+00  2.79994e+00  5.12524e-03  2.92736e+00
  -3968.48  6475.9375  2.48735e+00  2.88881e+00  9.35843e-04  2.48642e+00
  -3939.93  6476.5625  1.99978e+00  1.27500e+00  1.06892e-04  1.99968e+00
  -3911.38  6477.1875  2.03994e+00  2.39524e+00  1.00308e-04  2.03984e+00
  -3882.83  6477.8125  2.25723e+00  1.85721e+00  9.66632e-05  2.25713e+00
  -3854.28  6478.4375  2.48566e+00  3.03458e+00  3.79351e-05  2.48562e+00
  -3825.72  6479.0625  2.27358e+00  2.19425e+00  5.50077e-06  2.27357e+00
  -3797.17  6479.6875  2.08186e+00  1.66811e+00  2.00102e-06  2.08186e+00
  -3768.62  6480.3125  2.16672e+00  2.68461e+00  2.37588e-05  2.16670e+00
  -3740.07  6480.9375  1.96945e+00  1.70409e+00  1.71443e-04  1.96928e+00
  -3711.52  6481.5625  1.73065e+00  1.90929e+00  6.18294e-04  1.73003e+00
  -3682.97  6482.1875  1.64854e+00  1.22746e+00  2.50499e-03  1.64603e+00
  -3654.42  6482.8125  1.93442e+00  2.07444e+00  5.51506e-03  1.92891e+00
  -3625.87  6483.4375  2.09481e+00  2.41167e+00  6.03137e-03  2.08878e+00
  -3597.32  6484.0625  1.85325e+00  1.70534e+00  1.14887e-02  1.84176e+00
  -3568.76  6484.6875  1.66261e+00  1.58472e+00  1.92232e-02  1.64338e+00
  -3540.21  6485.3125  1.72762e+00  1.60751e+00  1.01373e-02  1.71748e+00
  -3511.66  6485.9375  1.94919e+00  2.01712e+00  1.84871e-03  1.94734e+00
  -3483.11  6486.5625  1.90571e+00  2.34389e+00  2.92618e-04  1.90542e+00
  -3454.56  6487.1875  1.53843e+00  1.03754e+00  4.70708e-05  1.53838e+00
  -3426.01  6487.8125  1.47171e+00  1.63625e+00  8.11171e-05  1.47163e+00
  -3397.46  6488.4375  1.47357e+00  1.47415e+00  5.16667e-04  1.47306e+00
  -3368.91  6489.0625  1.37041e+00  1.40952e+00  9.89362e-04  1.36942e+00
  -3340.36  6489.6875  1.24615e+00  1.18087e+00  5.37225e-04  1.24561e+00
  -3311.81  6490.3125  1.16742e+00  1.20656e+00  2.57788e-04  1.16717e+00
  -3283.25  6490.9375  1.17473e+00  1.00834e+00  1.05869e-03  1.17367e+00
  -3254.70  6491.5625  1.35599e+00  1.39445e+00  5.50738e-03  1.35048e+00
  -3226.15  6492.1875  1.51878e+00  1.62498e+00  1.02987e-02  1.50849e+00
  -3197.60  6492.8125  1.49122e+00  1.54990e+00  5.41455e-03  1.48580e+00
  -3169.05  6493.4375  1.40398e+00  1.25924e+00  1.16804e-03  1.40281e+00
  -3140.50  6494.0625  1.41684e+00  1.50936e+00  8.25348e-04  1.41602e+00
  -3111.95  6494.6875  1.42893e+00  1.36853e+00  4.91818e-04  1.42843e+00
  -3083.40  6495.3125  1.47662e+00  1.47193e+00  2.17034e-04  1.47641e+00
  -3054.85  6495.9375  1.61611e+00  1.52028e+00  8.52241e-05  1.61603e+00
  -3026.30  6496.5625  1.77429e+00  1.96109e+00  1.25507e-05  1.77428e+00
  -2997.74  6497.1875  1.73234e+00  1.75297e+00  5.94888e-05  1.73228e+00
  -2969.19  6497.8125  1.59599e+00  1.50711e+00  1.50865e-03  1.59449e+00
  -2940.64  6498.4375  1.39391e+00  1.69006e+00  1.06622e-02  1.38325e+00
  -2912.09  6499.0625  1.11476e+00  6.78497e-01  2.05094e-02  1.09425e+00
  -2883.54  6499.6875  1.22267e+00  1.24219e+00  1.07691e-02  1.21190e+00
  -2854.99  6500.3125  1.43537e+00  1.64089e+00  1.56673e-03  1.43380e+00
  -2826.44  6500.9375  1.39386e+00  1.37006e+00  6.63736e-05  1.39380e+00
  -2797.89  6501.5625  1.29799e+00  1.22235e+00  9.62792e-07  1.29798e+00
  -2769.34  6502.1875  1.22223e+00  1.38143e+00  2.99575e-07  1.22223e+00
  -2740.78  6502.8125  1.12273e+00  8.85297e-01  7.54162e-06  1.12272e+00
  -2712.23  6503.4375  1.19075e+00  1.27486e+00  1.85634e-04  1.19057e+00
  -2683.68  6504.0625  1.23238e+00  1.33747e+00  1.31147e-03  1.23107e+00
  -2655.13  6504.6875  1.27153e+00  9.56365e-01  2.51741e-03  1.26902e+00
  -2626.58  6505.3125  1.46243e+00  1.79098e+00  1.31148e-03  1.46112e+00
  -2598.03  6505.9375  1.38068e+00  1.43604e+00  1.86869e-04  1.38050e+00
  -2569.48  6506.5625  1.23969e+00  8.95269e-01  2.17271e-05  1.23967e+00
  -2540.93  6507.1875  1.41178e+00  1.57904e+00  6.09852e-05  1.41172e+00
  -2512.38  6507.8125  1.54910e+00  1.57133e+00  9.49325e-05  1.54900e+00
  -2483.83  6508.4375  1.48344e+00  1.64174e+00  4.63526e-05  1.48340e+00
  -2455.27  6509.0625  1.41280e+00  1.02578e+00  6.48563e-06  1.41280e+00
  -2426.72  6509.6875  1.59523e+00  1.87051e+00  6.90472e-07  1.59523e+00
  -2398.17  6510.3125  1.63213e+00  1.64209e+00  9.17719e-06  1.63212e+00
  -2369.62  6510.9375  1.48545e+00  1.52412e+00  6.45563e-05  1.48539e+00
  -2341.07  6511.5625  1.39942e+00  1.18029e+00  1.23911e-04  1.39929e+00
  -2312.52  6512.1875  1.49563e+00  1.64306e+00  6.45574e-05  1.49557e+00
  -2283.97  6512.8125  1.57029e+00  1.49876e+00  9.89404e-06  1.57028e+00
  -2255.42  6513.4375  1.65708e+00  1.65594e+00  2.03878e-05  1.65706e+00
  -2226.87  6514.0625  1.74530e+00  1.80428e+00  1.42718e-04  1.74516e+00
  -2198.32  6514.6875  1.71010e+00  1.78822e+00  3.65999e-04  1.70973e+00
  -2169.76  6515.3125  1.54021e+00  1.54387e+00  2.59056e-03  1.53762e+00
  -2141.21  6515.9375  1.43772e+00  1.21984e+00  1.73597e-02  1.42036e+00
  -2112.66  6516.5625  1.45034e+00  1.75322e+00  3.34095e-02  1.41693e+00
  -2084.11  6517.1875  1.40147e+00  1.03476e+00  1.76399e-02  1.38383e+00
  -2055.56  6517.8125  1.45516e+00  1.81212e+00  2.61669e-03  1.45255e+00
  -2027.01  6518.4375  1.35919e+00  1.16600e+00  1.17777e-04  1.35907e+00
  -1998.46  6519.0625  1.28625e+00  1.35052e+00  1.92183e-06  1.28624e+00
  -1969.91  6519.6875  1.36697e+00  1.13105e+00  1.21153e-07  1.36697e+00
  -1941.36  6520.3125  1.56247e+00  1.83454e+00  3.10181e-07  1.56247e+00
  -1912.80  6520.9375  1.49309e+00  1.57484e+00  1.14271e-05  1.49308e+00
  -1884.25  6521.5625  1.30556e+00  1.06843e+00  2.95209e-04  1.30527e+00
  -1855.70  6522.1875  1.41559e+00  1.31909e+00  2.08807e-03  1.41351e+00
  -1827.15  6522.8125  1.49994e+00  2.02747e+00  4.00830e-03  1.49593e+00
  -1798.60  6523.4375  1.35743e+00  6.55121e-01  2.08809e-03  1.35534e+00
  -1770.05  6524.0625  1.55228e+00  2.01992e+00  2.97511e-04  1.55198e+00
  -1741.50  6524.6875  1.55543e+00  1.51827e+00  7.12239e-05  1.55536e+00
  -1712.95  6525.3125  1.39147e+00  1.33725e+00  4.22652e-04  1.39105e+00
  -1684.40  6525.9375  1.47981e+00  1.17843e+00  8.10502e-04  1.47900e+00
  -1655.85  6526.5625  1.82391e+00  2.11205e+00  4.22134e-04  1.82348e+00
  -1627.29  6527.1875  1.85811e+00  2.05457e+00  5.96734e-05  1.85805e+00
  -1598.74  6527.8125  1.62777e+00  1.34766e+00  2.29855e-06  1.62777e+00
  -1570.19  6528.4375  1.53588e+00  1.72918e+00  3.13904e-07  1.53588e+00
  -1541.64  6529.0625  1.53943e+00  1.21545e+00  2.15509e-05  1.53941e+00
  -1513.09  6529.6875  1.70376e+00  1.95704e+00  5.57638e-04  1.70320e+00
  -1484.54  6530.3125  1.56325e+00  1.84563e+00  3.94263e-03  1.55931e+00
  -1455.99  6530.9375  1.18104e+00  7.20712e-01  7.56955e-03  1.17347e+00
  -1427.44  6531.5625  1.20852e+00  1.24907e+00  3.96517e-03  1.20455e+00
  -1398.89  6532.1875  1.44969e+00  1.45195e+00  9.41477e-04  1.44875e+00
  -1370.34  6532.8125  1.64106e+00  1.69837e+00  2.55531e-03  1.63851e+00
  -1341.78  6533.4375  1.70503e+00  1.78733e+00  5.24272e-03  1.69979e+00
  -1313.23  6534.0625  1.65882e+00  1.58934e+00  6.21833e-03  1.65260e+00
  -1284.68  6534.6875  1.53279e+00  1.75029e+00  8.83603e-03  1.52396e+00
  -1256.13  6535.3125  1.35908e+00  1.01892e+00  6.86761e-03  1.35221e+00
  -1227.58  6535.9375  1.45112e+00  1.55153e+00  2.24116e-03  1.44888e+00
  -1199.03  6536.5625  1.63553e+00  1.58115e+00  2.69091e-04  1.63526e+00
  -1170.48  6537.1875  1.74131e+00  1.91437e+00  1.09072e-05  1.74129e+00
  -1141.93  6537.8125  1.72180e+00  1.60599e+00  1.78201e-06  1.72180e+00
  -1113.38  6538.4375  1.85798e+00  1.67325e+00  8.17747e-06  1.85798e+00
  -1084.83  6539.0625  2.13920e+00  2.40243e+00  1.68057e-05  2.13918e+00
  -1056.27  6539.6875  2.08026e+00  2.26440e+00  1.87949e-05  2.08024e+00
  -1027.72  6540.3125  1.75474e+00  1.53928e+00  4.76998e-05  1.75469e+00
   -999.17  6540.9375  1.64240e+00  1.56502e+00  8.94952e-05  1.64231e+00
   -970.62  6541.5625  1.72451e+00  1.76694e+00  1.30246e-04  1.72438e+00
   -942.07  6542.1875  1.69311e+00  1.91135e+00  8.81814e-04  1.69222e+00
   -913.52  6542.8125  1.71441e+00  1.08477e+00  5.42682e-03  1.70898e+00
   -884.97  6543.4375  2.16392e+00  2.61551e+00  1.11032e-02  2.15282e+00
   -856.42  6544.0625  2.30802e+00  2.43923e+00  1.13868e-02  2.29663e+00
   -827.87  6544.6875  2.06463e+00  2.00058e+00  1.21755e-02  2.05246e+00
   -799.31  6545.3125  1.87914e+00  1.78780e+00  6.00054e-03  1.87314e+00
   -770.76  6545.9375  2.05233e+00  1.69524e+00  1.17105e-03  2.05116e+00
   -742.21  6546.5625  2.48424e+00  2.95239e+00  6.82918e-04  2.48356e+00
   -713.66  6547.1875  2.63512e+00  2.40625e+00  5.47421e-04  2.63458e+00
   -685.11  6547.8125  2.56468e+00  2.99590e+00  1.79315e-03  2.56288e+00
   -656.56  6548.4375  2.20743e+00  1.95073e+00  9.08240e-03  2.19835e+00
   -628.01  6549.0625  2.13690e+00  1.81719e+00  1.63941e-02  2.12050e+00
   -599.46  6549.6875  2.65060e+00  2.59245e+00  9.70396e-03  2.64090e+00
   -570.91  6550.3125  3.11492e+00  3.68054e+00  4.05766e-03  3.11087e+00
   -542.36  6550.9375  3.09947e+00  2.71039e+00  3.17351e-03  3.09630e+00
   -513.80  6551.5625  3.16688e+00  3.33250e+00  3.87591e-03  3.16301e+00
   -485.25  6552.1875  3.32688e+00  3.15711e+00  4.18595e-03  3.32269e+00
   -456.70  6552.8125  3.52457e+00  3.71599e+00  5.43041e-03  3.51914e+00
   -428.15  6553.4375  3.79692e+00  3.39188e+00  7.72840e-03  3.78919e+00
   -399.60  6554.0625  4.28455e+00  4.65090e+00  8.28363e-03  4.27626e+00
   -371.05  6554.6875  4.63298e+00  4.43411e+00  7.98572e-03  4.62500e+00
   -342.50  6555.3125  4.83604e+00  5.15946e+00  7.83773e-03  4.82820e+00
   -313.95  6555.9375  4.65613e+00  4.78952e+00  8.42044e-03  4.64771e+00
   -285.40  6556.5625  4.51232e+00  3.84271e+00  1.12593e-02  4.50106e+00
   -256.85  6557.1875  5.07412e+00  5.20721e+00  2.07678e-02  5.05335e+00
   -228.29  6557.8125  5.60486e+00  6.05429e+00  3.89338e-02  5.56593e+00
   -199.74  6558.4375  5.79104e+00  5.27493e+00  5.61457e-02  5.73489e+00
   -171.19  6559.0625  6.39354e+00  6.37239e+00  5.64257e-02  6.33711e+00
   -142.64  6559.6875  7.19877e+00  7.40845e+00  6.26584e-02  7.13611e+00
   -114.09  6560.3125  7.80713e+00  7.72248e+00  8.42175e-02  7.72291e+00
    -85.54  6560.9375  8.37988e+00  8.38282e+00  1.15277e-01  8.26460e+00
    -56.99  6561.5625  8.70303e+00  9.23033e+00  1.07166e-01  8.59587e+00
    -28.44  6562.1875  8.81983e+00  7.95806e+00  9.80876e-02  8.72174e+00
      0.11  6562.8125  9.29231e+00  1.00957e+01  1.03277e-01  9.18904e+00
     28.67  6563.4375  9.46871e+00  9.04069e+00  1.09174e-01  9.35953e+00
     57.22  6564.0625  9.95322e+00  9.62712e+00  1.08007e-01  9.84521e+00
     85.77  6564.6875  1.10241e+01  1.11345e+01  1.31209e-01  1.08929e+01
    114.32  6565.3125  1.18796e+01  1.23277e+01  1.72450e-01  1.17072e+01
    142.87  6565.9375  1.19598e+01  1.22028e+01  1.83254e-01  1.17765e+01
    171.42  6566.5625  1.19870e+01  1.11012e+01  1.63339e-01  1.18237e+01
    199.97  6567.1875  1.31344e+01  1.29051e+01  1.64247e-01  1.29701e+01
    228.52  6567.8125  1.44154e+01  1.56086e+01  1.89823e-01  1.42256e+01
    257.07  6568.4375  1.46411e+01  1.40144e+01  2.16373e-01  1.44248e+01
    285.62  6569.0625  1.48065e+01  1.51186e+01  2.41913e-01  1.45646e+01
    314.18  6569.6875  1.50904e+01  1.47617e+01  2.78261e-01  1.48122e+01
    342.73  6570.3125  1.55754e+01  1.57209e+01  2.69226e-01  1.53062e+01
    371.28  6570.9375  1.63672e+01  1.58468e+01  2.63288e-01  1.61039e+01
    399.83  6571.5625  1.76669e+01  1.78044e+01  3.13261e-01  1.73536e+01
    428.38  6572.1875  1.86402e+01  1.94160e+01  4.06453e-01  1.82338e+01
    456.93  6572.8125  1.89023e+01  1.82993e+01  4.52617e-01  1.84497e+01
    485.48  6573.4375  1.99036e+01  1.91863e+01  5.23646e-01  1.93799e+01
    514.03  6574.0625  2.17036e+01  2.25035e+01  6.32324e-01  2.10712e+01
    542.58  6574.6875  2.27044e+01  2.30766e+01  6.22735e-01  2.20817e+01
    571.13  6575.3125  2.33971e+01  2.22740e+01  6.11367e-01  2.27857e+01
    599.69  6575.9375  2.47801e+01  2.56890e+01  6.95853e-01  2.40843e+01
    628.24  6576.5625  2.55662e+01  2.56745e+01  7.67030e-01  2.47992e+01
    656.79  6577.1875  2.58752e+01  2.55624e+01  8.32751e-01  2.50424e+01
    685.34  6577.8125  2.62999e+01  2.65941e+01  8.38476e-01  2.54614e+01
    713.89  6578.4375  2.61898e+01  2.68438e+01  8.14527e-01  2.53753e+01
    742.44  6579.0625  2.61317e+01  2.42183e+01  7.76040e-01  2.53556e+01
    770.99  6579.6875  2.71014e+01  2.90550e+01  8.38119e-01  2.62633e+01
    799.54  6580.3125  2.77099e+01  2.57879e+01  9.61600e-01  2.67483e+01
    828.09  6580.9375  2.87233e+01  3.05038e+01  1.01935e+00  2.77039e+01
    856.65  6581.5625  2.92469e+01  2.79479e+01  9.93783e-01  2.82531e+01
    885.20  6582.1875  3.04328e+01  3.04875e+01  8.69804e-01  2.95630e+01
    913.75  6582.8125  3.18456e+01  3.25751e+01  9.21297e-01  3.09243e+01
    942.30  6583.4375  3.25462e+01  3.20942e+01  1.00886e+00  3.15373e+01
    970.85  6584.0625  3.29153e+01  3.37165e+01  9.49389e-01  3.19659e+01
    999.40  6584.6875  3.25190e+01  3.24823e+01  1.01571e+00  3.15033e+01
   1027.95  6585.3125  3.21769e+01  3.13186e+01  1.08388e+00  3.10930e+01
   1056.50  6585.9375  3.21830e+01  3.35363e+01  1.17260e+00  3.10104e+01
   1085.05  6586.5625  3.14526e+01  3.05635e+01  1.20561e+00  3.02470e+01
   1113.60  6587.1875  3.12621e+01  3.10361e+01  1.26709e+00  2.99950e+01
   1142.16  6587.8125  3.20409e+01  3.17490e+01  1.27174e+00  3.07691e+01
   1170.71  6588.4375  3.32746e+01  3.34182e+01  1.27018e+00  3.20044e+01
   1199.26  6589.0625  3.41810e+01  3.47001e+01  1.27290e+00  3.29081e+01
   1227.81  6589.6875  3.43272e+01  3.43567e+01  1.31230e+00  3.30149e+01
   1256.36  6590.3125  3.45905e+01  3.37578e+01  1.35912e+00  3.32314e+01
   1284.91  6590.9375  3.54540e+01  3.62809e+01  1.50967e+00  3.39443e+01
   1313.46  6591.5625  3.60750e+01  3.54118e+01  1.66822e+00  3.44068e+01
   1342.01  6592.1875  3.63658e+01  3.76830e+01  1.53667e+00  3.48292e+01
   1370.56  6592.8125  3.62569e+01  3.45484e+01  1.44128e+00  3.48156e+01
   1399.11  6593.4375  3.67721e+01  3.82955e+01  1.54260e+00  3.52295e+01
   1427.67  6594.0625  3.69993e+01  3.57091e+01  1.52915e+00  3.54702e+01
   1456.22  6594.6875  3.74913e+01  3.84475e+01  1.53455e+00  3.59567e+01
   1484.77  6595.3125  3.73943e+01  3.75841e+01  1.67572e+00  3.57185e+01
   1513.32  6595.9375  3.77380e+01  3.56084e+01  1.58861e+00  3.61494e+01
   1541.87  6596.5625  3.96472e+01  4.15488e+01  1.64963e+00  3.79976e+01
   1570.42  6597.1875  4.06842e+01  3.99875e+01  1.93070e+00  3.87535e+01
   1598.97  6597.8125  4.08400e+01  4.21214e+01  2.05623e+00  3.87837e+01
   1627.52  6598.4375  4.04251e+01  3.90045e+01  1.93389e+00  3.84912e+01
   1656.07  6599.0625  3.99213e+01  4.21322e+01  1.82904e+00  3.80922e+01
   1684.63  6599.6875  3.91155e+01  3.59706e+01  1.68452e+00  3.74310e+01
   1713.18  6600.3125  3.99357e+01  4.21753e+01  1.72029e+00  3.82154e+01
   1741.73  6600.9375  4.09289e+01  3.86200e+01  1.75535e+00  3.91736e+01
   1770.28  6601.5625  4.25812e+01  4.46424e+01  1.63943e+00  4.09418e+01
   1798.83  6602.1875  4.40291e+01  4.18075e+01  1.73223e+00  4.22969e+01
   1827.38  6602.8125  4.50591e+01  4.87703e+01  2.13169e+00  4.29274e+01
   1855.93  6603.4375  4.33145e+01  4.19457e+01  2.24182e+00  4.10727e+01
   1884.48  6604.0625  4.24540e+01  4.03240e+01  2.04229e+00  4.04117e+01
   1913.03  6604.6875  4.39750e+01  4.58775e+01  1.95406e+00  4.20209e+01
   1941.58  6605.3125  4.40240e+01  4.44599e+01  1.96475e+00  4.20593e+01
   1970.14  6605.9375  4.23648e+01  4.25735e+01  1.91541e+00  4.04494e+01
   1998.69  6606.5625  4.17427e+01  3.89982e+01  2.03313e+00  3.97096e+01
   2027.24  6607.1875  4.40783e+01  4.48705e+01  1.91190e+00  4.21664e+01
   2055.79  6607.8125  4.54330e+01  4.81106e+01  1.64165e+00  4.37914e+01
   2084.34  6608.4375  4.36905e+01  4.23121e+01  1.65618e+00  4.20344e+01
   2112.89  6609.0625  4.26728e+01  4.17294e+01  1.80845e+00  4.08644e+01
   2141.44  6609.6875  4.30869e+01  4.40518e+01  1.99816e+00  4.10888e+01
   2169.99  6610.3125  4.28610e+01  4.27649e+01  1.97097e+00  4.08900e+01
   2198.54  6610.9375  4.17274e+01  4.26176e+01  1.90240e+00  3.98250e+01
   2227.09  6611.5625  4.06760e+01  3.86681e+01  1.95619e+00  3.87198e+01
   2255.65  6612.1875  4.21313e+01  4.14326e+01  2.14427e+00  3.99871e+01
   2284.20  6612.8125  4.43243e+01  4.64623e+01  2.02240e+00  4.23019e+01
   2312.75  6613.4375  4.29304e+01  4.52458e+01  1.74200e+00  4.11884e+01
   2341.30  6614.0625  4.02945e+01  3.49309e+01  1.73434e+00  3.85601e+01
   2369.85  6614.6875  4.11909e+01  4.49002e+01  1.93578e+00  3.92551e+01
   2398.40  6615.3125  4.20724e+01  3.91147e+01  2.03346e+00  4.00390e+01
   2426.95  6615.9375  4.38786e+01  4.53423e+01  2.09085e+00  4.17877e+01
   2455.50  6616.5625  4.43884e+01  4.61658e+01  1.98485e+00  4.24036e+01
   2484.05  6617.1875  4.31026e+01  4.08448e+01  2.20498e+00  4.08976e+01
   2512.61  6617.8125  4.34356e+01  4.38060e+01  2.27624e+00  4.11593e+01
   2541.16  6618.4375  4.39766e+01  4.50552e+01  2.30911e+00  4.16675e+01
   2569.71  6619.0625  4.36402e+01  4.24316e+01  2.41088e+00  4.12293e+01
   2598.26  6619.6875  4.38148e+01  4.45231e+01  2.33279e+00  4.14820e+01
   2626.81  6620.3125  4.37713e+01  4.37556e+01  2.22676e+00  4.15445e+01
   2655.36  6620.9375  4.36134e+01  4.31356e+01  2.14012e+00  4.14733e+01
   2683.91  6621.5625  4.33863e+01  4.45251e+01  1.84408e+00  4.15422e+01
   2712.46  6622.1875  4.20618e+01  4.19381e+01  1.69014e+00  4.03717e+01
   2741.01  6622.8125  4.12064e+01  3.95456e+01  1.71565e+00  3.94907e+01
   2769.56  6623.4375  4.20199e+01  4.29454e+01  1.79230e+00  4.02276e+01
   2798.12  6624.0625  4.23187e+01  4.29117e+01  2.01610e+00  4.03026e+01
   2826.67  6624.6875  4.23817e+01  4.04967e+01  2.27775e+00  4.01039e+01
   2855.22  6625.3125  4.31460e+01  4.55410e+01  2.36565e+00  4.07803e+01
   2883.77  6625.9375  4.24029e+01  4.14524e+01  2.50269e+00  3.99002e+01
   2912.32  6626.5625  4.13223e+01  4.17104e+01  2.84038e+00  3.84820e+01
   2940.87  6627.1875  4.06577e+01  3.99722e+01  2.86516e+00  3.77925e+01
   2969.42  6627.8125  4.09408e+01  4.04185e+01  2.63966e+00  3.83012e+01
   2997.97  6628.4375  4.08974e+01  4.33712e+01  2.69009e+00  3.82073e+01
   3026.52  6629.0625  3.93364e+01  3.69617e+01  2.44297e+00  3.68934e+01
   3055.07  6629.6875  3.94444e+01  3.94059e+01  2.33592e+00  3.71085e+01
   3083.63  6630.3125  4.02796e+01  4.14360e+01  2.38909e+00  3.78905e+01
   3112.18  6630.9375  4.00970e+01  3.94710e+01  2.52687e+00  3.75702e+01
   3140.73  6631.5625  4.07509e+01  3.95469e+01  2.58339e+00  3.81675e+01
   3169.28  6632.1875  4.28469e+01  4.36404e+01  2.59390e+00  4.02530e+01
   3197.83  6632.8125  4.40397e+01  4.49540e+01  2.59054e+00  4.14491e+01
   3226.38  6633.4375  4.29142e+01  4.40956e+01  2.55487e+00  4.03593e+01
   3254.93  6634.0625  4.07743e+01  3.88513e+01  2.46510e+00  3.83092e+01
   3283.48  6634.6875  4.01779e+01  4.07249e+01  2.56173e+00  3.76162e+01
   3312.03  6635.3125  4.07939e+01  3.93252e+01  2.83376e+00  3.79602e+01
   3340.58  6635.9375  4.17851e+01  4.40804e+01  2.82633e+00  3.89587e+01
   3369.14  6636.5625  4.18311e+01  3.96589e+01  2.50526e+00  3.93259e+01
   3397.69  6637.1875  4.20679e+01  4.42587e+01  2.31348e+00  3.97545e+01
   3426.24  6637.8125  4.01295e+01  4.10688e+01  2.33582e+00  3.77937e+01
   3454.79  6638.4375  3.71985e+01  3.47277e+01  2.30423e+00  3.48943e+01
   3483.34  6639.0625  3.71518e+01  3.67207e+01  2.00743e+00  3.51444e+01
   3511.89  6639.6875  3.85520e+01  3.95170e+01  2.00249e+00  3.65495e+01
   3540.44  6640.3125  3.87889e+01  3.92257e+01  2.21620e+00  3.65727e+01
   3568.99  6640.9375  3.87368e+01  3.72890e+01  2.03549e+00  3.67013e+01
   3597.54  6641.5625  4.01021e+01  4.04035e+01  1.86663e+00  3.82355e+01
   3626.10  6642.1875  4.11334e+01  4.23591e+01  2.13931e+00  3.89940e+01
   3654.65  6642.8125  3.94795e+01  4.10694e+01  2.34719e+00  3.71323e+01
   3683.20  6643.4375  3.60262e+01  3.43275e+01  2.13171e+00  3.38945e+01
   3711.75  6644.0625  3.46875e+01  3.32326e+01  1.82842e+00  3.28591e+01
   3740.30  6644.6875  3.57955e+01  3.66797e+01  1.69568e+00  3.40999e+01
   3768.85  6645.3125  3.75338e+01  3.59319e+01  2.00964e+00  3.55241e+01
   3797.40  6645.9375  3.91004e+01  4.21744e+01  2.43669e+00  3.66638e+01
   3825.95  6646.5625  3.83937e+01  3.69029e+01  2.40337e+00  3.59903e+01
   3854.50  6647.1875  3.76198e+01  3.80511e+01  2.22752e+00  3.53923e+01
   3883.05  6647.8125  3.73705e+01  3.68776e+01  2.05829e+00  3.53122e+01
   3911.61  6648.4375  3.75675e+01  3.75783e+01  2.06292e+00  3.55046e+01
   3940.16  6649.0625  3.79480e+01  3.80049e+01  2.04975e+00  3.58983e+01
   3968.71  6649.6875  3.73844e+01  3.88629e+01  2.07800e+00  3.53064e+01
   3997.26  6650.3125  3.52645e+01  3.45954e+01  2.22972e+00  3.30348e+01
   4025.81  6650.9375  3.38808e+01  3.25517e+01  2.14249e+00  3.17383e+01
   4054.36  6651.5625  3.35446e+01  3.54265e+01  2.02354e+00  3.15210e+01
   4082.91  6652.1875  3.25905e+01  3.08365e+01  2.13784e+00  3.04527e+01
   4111.46  6652.8125  3.27617e+01  3.28878e+01  2.05576e+00  3.07060e+01
   4140.01  6653.4375  3.31349e+01  3.42481e+01  1.81138e+00  3.13235e+01
   4168.56  6654.0625  3.26842e+01  3.14475e+01  1.78717e+00  3.08970e+01
   4197.12  6654.6875  3.19636e+01  3.40958e+01  1.85695e+00  3.01066e+01
   4225.67  6655.3125  3.03426e+01  2.84284e+01  1.79208e+00  2.85505e+01
   4254.22  6655.9375  3.09475e+01  2.91530e+01  1.75598e+00  2.91915e+01
   4282.77  6656.5625  3.21128e+01  3.70868e+01  1.82975e+00  3.02831e+01
   4311.32  6657.1875  2.95320e+01  2.66559e+01  1.66871e+00  2.78632e+01
   4339.87  6657.8125  2.78607e+01  2.79205e+01  1.59383e+00  2.62669e+01
   4368.42  6658.4375  2.88159e+01  2.68032e+01  1.64565e+00  2.71703e+01
   4396.97  6659.0625  3.07755e+01  3.37063e+01  1.58150e+00  2.91940e+01
   4425.52  6659.6875  3.04893e+01  2.96869e+01  1.61321e+00  2.88761e+01
   4454.08  6660.3125  2.90849e+01  2.99638e+01  1.66955e+00  2.74154e+01
   4482.63  6660.9375  2.79418e+01  2.62004e+01  1.57197e+00  2.63698e+01
   4511.18  6661.5625  2.83765e+01  2.87437e+01  1.56898e+00  2.68075e+01
   4539.73  6662.1875  2.88345e+01  2.96274e+01  1.61202e+00  2.72225e+01
   4568.28  6662.8125  2.75562e+01  2.84564e+01  1.50623e+00  2.60500e+01
   4596.83  6663.4375  2.53113e+01  2.41830e+01  1.39322e+00  2.39181e+01
   4625.38  6664.0625  2.47437e+01  2.34139e+01  1.59529e+00  2.31484e+01
   4653.93  6664.6875  2.54173e+01  2.74082e+01  1.93361e+00  2.34837e+01
   4682.48  6665.3125  2.45378e+01  2.40715e+01  1.94568e+00  2.25921e+01
   4711.03  6665.9375  2.28638e+01  2.34108e+01  1.74474e+00  2.11191e+01
   4739.59  6666.5625  2.21606e+01  1.96608e+01  1.61017e+00  2.05504e+01
   4768.14  6667.1875  2.36287e+01  2.48564e+01  1.73922e+00  2.18894e+01
   4796.69  6667.8125  2.31319e+01  2.62959e+01  1.68943e+00  2.14424e+01
   4825.24  6668.4375  1.95312e+01  1.65720e+01  1.32601e+00  1.82052e+01
   4853.79  6669.0625  1.77637e+01  1.80735e+01  1.24638e+00  1.65173e+01
   4882.34  6669.6875  1.78732e+01  1.68324e+01  1.10216e+00  1.67711e+01
   4910.89  6670.3125  1.86831e+01  1.97549e+01  9.16675e-01  1.77664e+01
   4939.44  6670.9375  1.94754e+01  1.80978e+01  9.63763e-01  1.85116e+01
   4967.99  6671.5625  2.08278e+01  2.19480e+01  1.29623e+00  1.95316e+01
   4996.54  6672.1875  2.16614e+01  2.12731e+01  1.56933e+00  2.00921e+01
   5025.10  6672.8125  2.13608e+01  2.30924e+01  1.36626e+00  1.99945e+01
   5053.65  6673.4375  1.95540e+01  1.85704e+01  1.18162e+00  1.83724e+01
   5082.20  6674.0625  1.82110e+01  1.78702e+01  1.27364e+00  1.69374e+01
   5110.75  6674.6875  1.75386e+01  1.81172e+01  1.19270e+00  1.63459e+01
   5139.30  6675.3125  1.67968e+01  1.60078e+01  1.05366e+00  1.57431e+01
   5167.85  6675.9375  1.64460e+01  1.69919e+01  1.20347e+00  1.52425e+01
   5196.40  6676.5625  1.60434e+01  1.56846e+01  1.24225e+00  1.48012e+01
   5224.95  6677.1875  1.58223e+01  1.58191e+01  1.07146e+00  1.47508e+01
   5253.50  6677.8125  1.58429e+01  1.57399e+01  1.15370e+00  1.46892e+01
   5282.06  6678.4375  1.55558e+01  1.62966e+01  1.18465e+00  1.43711e+01
   5310.61  6679.0625  1.42862e+01  1.44783e+01  1.24653e+00  1.30397e+01
   5339.16  6679.6875  1.33523e+01  1.15567e+01  1.38006e+00  1.19723e+01
   5367.71  6680.3125  1.36827e+01  1.52996e+01  1.23095e+00  1.24518e+01
   5396.26  6680.9375  1.28006e+01  1.30781e+01  1.09236e+00  1.17082e+01
   5424.81  6681.5625  1.11969e+01  1.02706e+01  1.28431e+00  9.91264e+00
   5453.36  6682.1875  1.07938e+01  1.04866e+01  1.59020e+00  9.20363e+00
   5481.91  6682.8125  1.14004e+01  1.13333e+01  1.52496e+00  9.87543e+00
   5510.46  6683.4375  1.22292e+01  1.22829e+01  1.33703e+00  1.08921e+01
   5539.01  6684.0625  1.22237e+01  1.36714e+01  1.15500e+00  1.10687e+01
   5567.57  6684.6875  1.14094e+01  9.42337e+00  1.10129e+00  1.03081e+01
   5596.12  6685.3125  1.14926e+01  1.29860e+01  1.19190e+00  1.03007e+01
   5624.67  6685.9375  1.12518e+01  1.03337e+01  1.21775e+00  1.00341e+01
   5653.22  6686.5625  1.06017e+01  1.19655e+01  1.18429e+00  9.41743e+00
   5681.77  6687.1875  9.20717e+00  8.25116e+00  1.18540e+00  8.02177e+00
   5710.32  6687.8125  8.20564e+00  8.39992e+00  1.13625e+00  7.06939e+00
   5738.87  6688.4375  7.97303e+00  7.12132e+00  1.08809e+00  6.88493e+00
   5767.42  6689.0625  8.40878e+00  9.06921e+00  1.22315e+00  7.18563e+00
   5795.97  6689.6875  8.73761e+00  8.27327e+00  1.18017e+00  7.55744e+00
   5824.52  6690.3125  9.01467e+00  9.49856e+00  9.37803e-01  8.07687e+00
   5853.08  6690.9375  8.84553e+00  8.97166e+00  9.81950e-01  7.86358e+00
   5881.63  6691.5625  8.45779e+00  8.00726e+00  1.05674e+00  7.40104e+00
   5910.18  6692.1875  7.88498e+00  9.15838e+00  9.03014e-01  6.98196e+00
   5938.73  6692.8125  7.27768e+00  4.90600e+00  1.00745e+00  6.27022e+00
   5967.28  6693.4375  8.21282e+00  9.61552e+00  1.33561e+00  6.87722e+00
   5995.83  6694.0625  8.43629e+00  8.85121e+00  1.24969e+00  7.18660e+00
   6024.38  6694.6875  7.67906e+00  7.14787e+00  9.68270e-01  6.71079e+00
   6052.93  6695.3125  7.68402e+00  7.04713e+00  1.02669e+00  6.65732e+00
   6081.48  6695.9375  8.29175e+00  9.23008e+00  1.16967e+00  7.12208e+00
   6110.04  6696.5625  8.19940e+00  7.93354e+00  1.12017e+00  7.07923e+00
   6138.59  6697.1875  7.70365e+00  8.07401e+00  1.05440e+00  6.64925e+00
   6167.14  6697.8125  7.14400e+00  6.64104e+00  1.10219e+00  6.04181e+00
   6195.69  6698.4375  6.97987e+00  7.09754e+00  1.10376e+00  5.87611e+00
   6224.24  6699.0625  7.09098e+00  6.83302e+00  1.01249e+00  6.07848e+00
   6252.79  6699.6875  7.19575e+00  7.69734e+00  8.78546e-01  6.31720e+00
   6281.34  6700.3125  6.88819e+00  6.68193e+00  8.46334e-01  6.04185e+00
   6309.89  6700.9375  6.27928e+00  6.80290e+00  7.79505e-01  5.49978e+00
   6338.44  6701.5625  5.74279e+00  4.62936e+00  8.07191e-01  4.93560e+00
   6366.99  6702.1875  6.11909e+00  6.53510e+00  9.79367e-01  5.13972e+00
   6395.55  6702.8125  6.40462e+00  6.73630e+00  1.07016e+00  5.33446e+00
   6424.10  6703.4375  6.16436e+00  5.93825e+00  1.15896e+00  5.00540e+00
   6452.65  6704.0625  5.90601e+00  6.06745e+00  1.06610e+00  4.83991e+00
   6481.20  6704.6875  5.50637e+00  5.61969e+00  9.15162e-01  4.59121e+00
   6509.75  6705.3125  5.14372e+00  4.67729e+00  8.12823e-01  4.33089e+00
   6538.30  6705.9375  5.20922e+00  5.38554e+00  7.75817e-01  4.43340e+00
   6566.85  6706.5625  5.08422e+00  5.47826e+00  7.67422e-01  4.31679e+00
   6595.40  6707.1875  4.45901e+00  4.29275e+00  8.50681e-01  3.60833e+00
   6623.95  6707.8125  4.11131e+00  3.60566e+00  7.97745e-01  3.31356e+00
   6652.50  6708.4375  4.42649e+00  4.59334e+00  6.99040e-01  3.72745e+00
   6681.06  6709.0625  4.77524e+00  4.82176e+00  8.96357e-01  3.87888e+00
   6709.61  6709.6875  4.56328e+00  5.33221e+00  1.19653e+00  3.36675e+00
   6738.16  6710.3125  4.16631e+00  2.63062e+00  1.11070e+00  3.05561e+00
   6766.71  6710.9375  4.35855e+00  6.03466e+00  9.69730e-01  3.38882e+00
   6795.26  6711.5625  3.70298e+00  2.93135e+00  8.59668e-01  2.84331e+00
   6823.81  6712.1875  3.35557e+00  2.93554e+00  7.45987e-01  2.60958e+00
   6852.36  6712.8125  3.76341e+00  4.11207e+00  7.62868e-01  3.00054e+00
   6880.91  6713.4375  3.92341e+00  4.04643e+00  7.22635e-01  3.20078e+00
   6909.46  6714.0625  3.84976e+00  3.61342e+00  6.81396e-01  3.16836e+00
   6938.02  6714.6875  3.78694e+00  4.16270e+00  6.85540e-01  3.10140e+00
   6966.57  6715.3125  3.52978e+00  3.23886e+00  6.41450e-01  2.88834e+00
   6995.12  6715.9375  3.26891e+00  3.55763e+00  6.31238e-01  2.63767e+00
   7023.67  6716.5625  2.88410e+00  2.74869e+00  7.37951e-01  2.14615e+00
   7052.22  6717.1875  2.78463e+00  2.32510e+00  1.00747e+00  1.77716e+00
   7080.77  6717.8125  3.18945e+00  3.48420e+00  1.16216e+00  2.02729e+00
   7109.32  6718.4375  3.44950e+00  3.51535e+00  9.44982e-01  2.50452e+00
   7137.87  6719.0625  3.53405e+00  3.39856e+00  6.91950e-01  2.84210e+00
   7166.42  6719.6875  3.64425e+00  3.81506e+00  6.86882e-01  2.95736e+00
   7194.97  6720.3125  3.55676e+00  3.61893e+00  7.94811e-01  2.76195e+00
   7223.53  6720.9375  3.08812e+00  3.44553e+00  8.51773e-01  2.23634e+00
   7252.08  6721.5625  2.45971e+00  1.88198e+00  8.60224e-01  1.59949e+00
   7280.63  6722.1875  2.56138e+00  2.25679e+00  7.00205e-01  1.86117e+00
   7309.18  6722.8125  3.22617e+00  3.49756e+00  5.21130e-01  2.70504e+00
   7337.73  6723.4375  3.45848e+00  3.95601e+00  6.12783e-01  2.84569e+00
   7366.28  6724.0625  3.34295e+00  2.53236e+00  7.23359e-01  2.61959e+00
   7394.83  6724.6875  3.60724e+00  4.23209e+00  9.10460e-01  2.69678e+00
   7423.38  6725.3125  3.33673e+00  3.66168e+00  1.04110e+00  2.29564e+00
   7451.93  6725.9375  2.63408e+00  2.03489e+00  9.96264e-01  1.63781e+00
   7480.48  6726.5625  2.33085e+00  2.63441e+00  8.80209e-01  1.45064e+00
   7509.04  6727.1875  2.05143e+00  1.94214e+00  7.77887e-01  1.27355e+00
   7537.59  6727.8125  1.88870e+00  1.65383e+00  7.65744e-01  1.12295e+00
   7566.14  6728.4375  1.95619e+00  2.18589e+00  7.92254e-01  1.16394e+00
   7594.69  6729.0625  1.92095e+00  1.85502e+00  8.62738e-01  1.05821e+00
   7623.24  6729.6875  2.11050e+00  1.62989e+00  9.48730e-01  1.16177e+00
   7651.79  6730.3125  2.55543e+00  3.25208e+00  9.41707e-01  1.61372e+00
   7680.34  6730.9375  2.45683e+00  2.31144e+00  9.07535e-01  1.54930e+00
   7708.89  6731.5625  2.22989e+00  2.09778e+00  9.52427e-01  1.27747e+00
   7737.44  6732.1875  2.32177e+00  2.18437e+00  8.97851e-01  1.42392e+00
   7765.99  6732.8125  2.56134e+00  2.75138e+00  7.10358e-01  1.85099e+00
   7794.55  6733.4375  2.52362e+00  2.71983e+00  5.54214e-01  1.96941e+00
   7823.10  6734.0625  2.31733e+00  2.01537e+00  5.87072e-01  1.73026e+00
   7851.65  6734.6875  2.66814e+00  2.12118e+00  6.85008e-01  1.98313e+00
   7880.20  6735.3125  3.00361e+00  4.57040e+00  7.45166e-01  2.25844e+00
   7908.75  6735.9375  2.14936e+00  1.25170e+00  7.58744e-01  1.39061e+00
   7937.30  6736.5625  1.79431e+00  1.37180e+00  7.72385e-01  1.02192e+00
   7965.85  6737.1875  2.12487e+00  2.76340e+00  7.41611e-01  1.38326e+00
   7994.40  6737.8125  2.15513e+00  1.69400e+00  5.61637e-01  1.59349e+00
   8022.95  6738.4375  2.13481e+00  2.62908e+00  4.60333e-01  1.67448e+00
   8051.51  6739.0625  1.93628e+00  1.59510e+00  5.51385e-01  1.38490e+00
   8080.06  6739.6875  2.14099e+00  1.70783e+00  7.29734e-01  1.41126e+00
   8108.61  6740.3125  2.54924e+00  3.50003e+00  8.46318e-01  1.70292e+00
   8137.16  6740.9375  2.20393e+00  1.81428e+00  7.48019e-01  1.45591e+00
   8165.71  6741.5625  1.87741e+00  1.76223e+00  5.96920e-01  1.28049e+00
   8194.26  6742.1875  1.77521e+00  2.00060e+00  5.55462e-01  1.21975e+00
   8222.81  6742.8125  1.52556e+00  1.42863e+00  6.47143e-01  8.78420e-01
   8251.36  6743.4375  1.43024e+00  1.14791e+00  7.26582e-01  7.03655e-01
   8279.91  6744.0625  1.54250e+00  1.91414e+00  7.85192e-01  7.57308e-01
   8308.46  6744.6875  1.43974e+00  1.27545e+00  6.63250e-01  7.76492e-01
   8337.02  6745.3125  1.45511e+00  1.26064e+00  6.12697e-01  8.42411e-01
   8365.57  6745.9375  1.76140e+00  1.84744e+00  6.37699e-01  1.12370e+00
   8394.12  6746.5625  2.02001e+00  2.12112e+00  6.49844e-01  1.37016e+00
   8422.67  6747.1875  2.14952e+00  2.04221e+00  6.46411e-01  1.50310e+00
   8451.22  6747.8125  2.15293e+00  2.51703e+00  7.06975e-01  1.44595e+00
   8479.77  6748.4375  2.00901e+00  1.53384e+00  8.24583e-01  1.18442e+00
   8508.32  6749.0625  2.06151e+00  2.42464e+00  9.43985e-01  1.11752e+00
   8536.87  6749.6875  1.90372e+00  1.90921e+00  1.07833e+00  8.25388e-01
   8565.42  6750.3125  1.56799e+00  1.51712e+00  9.45784e-01  6.22202e-01
   8593.97  6750.9375  1.33558e+00  1.25057e+00  6.66209e-01  6.69371e-01
   8622.53  6751.5625  1.26778e+00  1.24954e+00  6.26052e-01  6.41727e-01
   8651.08  6752.1875  1.40245e+00  1.17172e+00  7.16400e-01  6.86047e-01
   8679.63  6752.8125  1.62001e+00  2.04539e+00  7.63240e-01  8.56770e-01
   8708.18  6753.4375  1.73589e+00  1.17188e+00  8.13183e-01  9.22707e-01
   8736.73  6754.0625  2.05359e+00  2.55576e+00  9.36349e-01  1.11724e+00
   8765.28  6754.6875  2.09948e+00  1.97543e+00  1.04714e+00  1.05234e+00
   8793.83  6755.3125  1.95939e+00  2.08484e+00  9.88823e-01  9.70567e-01
   8822.38  6755.9375  1.86541e+00  1.58407e+00  8.04795e-01  1.06061e+00
   8850.93  6756.5625  1.84910e+00  2.26134e+00  6.67356e-01  1.18174e+00
   8879.49  6757.1875  1.84311e+00  1.16345e+00  7.16773e-01  1.12634e+00
   8908.04  6757.8125  2.14553e+00  2.72328e+00  9.32678e-01  1.21285e+00
   8936.59  6758.4375  1.95785e+00  2.16889e+00  9.54492e-01  1.00336e+00
   8965.14  6759.0625  1.38986e+00  1.03122e+00  7.08934e-01  6.80921e-01
   8993.69  6759.6875  1.34877e+00  1.01086e+00  5.84280e-01  7.64489e-01
   9022.24  6760.3125  1.77899e+00  2.07434e+00  6.80417e-01  1.09857e+00
   9050.79  6760.9375  1.82426e+00  2.19013e+00  6.77644e-01  1.14662e+00
   9079.34  6761.5625  1.48257e+00  1.03671e+00  6.38045e-01  8.44524e-01
   9107.89  6762.1875  1.49346e+00  1.50214e+00  7.97232e-01  6.96232e-01
   9136.44  6762.8125  1.65943e+00  1.81486e+00  9.35033e-01  7.24394e-01
   9165.00  6763.4375  1.64598e+00  1.60890e+00  8.91581e-01  7.54398e-01
   9193.55  6764.0625  1.51365e+00  1.63925e+00  7.66418e-01  7.47228e-01
   9222.10  6764.6875  1.30772e+00  1.18946e+00  7.85725e-01  5.21992e-01
   9250.65  6765.3125  1.25955e+00  1.12622e+00  8.78363e-01  3.81187e-01
   9279.20  6765.9375  1.35554e+00  1.53543e+00  9.19334e-01  4.36206e-01
   9307.75  6766.5625  1.41564e+00  1.20046e+00  8.53600e-01  5.62045e-01
   9336.30  6767.1875  1.45045e+00  1.79630e+00  6.58578e-01  7.91873e-01
   9364.85  6767.8125  1.20676e+00  1.11889e+00  5.19240e-01  6.87520e-01
   9393.40  6768.4375  9.86151e-01  8.12804e-01  4.61743e-01  5.24408e-01
   9421.95  6769.0625  1.10449e+00  1.00137e+00  4.78315e-01  6.26178e-01
   9450.51  6769.6875  1.51279e+00  1.42780e+00  6.21229e-01  8.91557e-01
   9479.06  6770.3125  1.93500e+00  2.20042e+00  8.40530e-01  1.09447e+00
   9507.61  6770.9375  1.95110e+00  2.13616e+00  9.35333e-01  1.01577e+00
   9536.16  6771.5625  1.67818e+00  1.48897e+00  7.33304e-01  9.44872e-01
   9564.71  6772.1875  1.56219e+00  1.51543e+00  6.35651e-01  9.26538e-01
   9593.26  6772.8125  1.56053e+00  1.65461e+00  6.23404e-01  9.37128e-01
   9621.81  6773.4375  1.45250e+00  1.47332e+00  6.46057e-01  8.06445e-01
   9650.36  6774.0625  1.23120e+00  1.29906e+00  7.20188e-01  5.11012e-01
   9678.91  6774.6875  1.11203e+00  7.59808e-01  7.67124e-01  3.44904e-01
   9707.47  6775.3125  1.29426e+00  1.48398e+00  8.65941e-01  4.28323e-01
   9736.02  6775.9375  1.24798e+00  1.58422e+00  7.39520e-01  5.08456e-01
   9764.57  6776.5625  9.56990e-01  4.38225e-01  5.19352e-01  4.37639e-01
   9793.12  6777.1875  1.03469e+00  1.23413e+00  5.88188e-01  4.46498e-01
   9821.67  6777.8125  1.28260e+00  1.05000e+00  7.13812e-01  5.68788e-01
   9850.22  6778.4375  1.55725e+00  1.84817e+00  7.20158e-01  8.37096e-01
   9878.77  6779.0625  1.51378e+00  1.62205e+00  7.54874e-01  7.58903e-01
   9907.32  6779.6875  1.22041e+00  1.12884e+00  6.84569e-01  5.35846e-01
   9935.87  6780.3125  1.09982e+00  8.80021e-01  4.62355e-01  6.37470e-01
   9964.42  6780.9375  1.20044e+00  1.41435e+00  4.07177e-01  7.93263e-01
   9992.98  6781.5625  1.23010e+00  1.09247e+00  5.22227e-01  7.07871e-01
  10021.53  6782.1875  1.23324e+00  1.38777e+00  6.50371e-01  5.82871e-01
  10050.08  6782.8125  1.22997e+00  1.02744e+00  6.98597e-01  5.31376e-01
  10078.63  6783.4375  1.39356e+00  1.39610e+00  7.75748e-01  6.17815e-01
  10107.18  6784.0625  1.45482e+00  1.83389e+00  7.49710e-01  7.05113e-01
  10135.73  6784.6875  1.25519e+00  8.49702e-01  5.93644e-01  6.61544e-01
  10164.28  6785.3125  1.25761e+00  1.44338e+00  6.65349e-01  5.92257e-01
  10192.83  6785.9375  1.30485e+00  1.19517e+00  6.79952e-01  6.24895e-01
  10221.38  6786.5625  1.26729e+00  1.49310e+00  5.21354e-01  7.45935e-01
  10249.93  6787.1875  1.09155e+00  9.32440e-01  4.61100e-01  6.30453e-01
  10278.49  6787.8125  1.11224e+00  9.07219e-01  5.40145e-01  5.72093e-01
  10307.04  6788.4375  1.34852e+00  1.58518e+00  5.49686e-01  7.98838e-01
  10335.59  6789.0625  1.34402e+00  1.44209e+00  5.26287e-01  8.17735e-01
  10364.14  6789.6875  1.15618e+00  1.01511e+00  4.84511e-01  6.71664e-01
  10392.69  6790.3125  1.07773e+00  1.09685e+00  5.41326e-01  5.36403e-01
  10421.24  6790.9375  1.06388e+00  1.05378e+00  5.83785e-01  4.80099e-01
  10449.79  6791.5625  1.06415e+00  1.04386e+00  4.62825e-01  6.01326e-01
  10478.34  6792.1875  1.02960e+00  1.15705e+00  4.73384e-01  5.56219e-01
  10506.89  6792.8125  1.01158e+00  7.11405e-01  5.74229e-01  4.37356e-01
  10535.45  6793.4375  1.16133e+00  1.41740e+00  6.52282e-01  5.09046e-01
  10564.00  6794.0625  1.14108e+00  1.15855e+00  6.19776e-01  5.21308e-01
  10592.55  6794.6875  1.02974e+00  8.97444e-01  5.15514e-01  5.14223e-01
  10621.10  6795.3125  1.02817e+00  1.10795e+00  4.24571e-01  6.03603e-01
  10649.65  6795.9375  1.01604e+00  9.86240e-01  5.69747e-01  4.46296e-01
  10678.20  6796.5625  9.69098e-01  1.03086e+00  6.74204e-01  2.94894e-01
  10706.75  6797.1875  9.95356e-01  7.69646e-01  6.86114e-01  3.09242e-01
  10735.30  6797.8125  1.32672e+00  1.24258e+00  6.16899e-01  7.09825e-01
  10763.85  6798.4375  1.68969e+00  2.03815e+00  6.21267e-01  1.06842e+00
  10792.40  6799.0625  1.59553e+00  1.69869e+00  7.31283e-01  8.64243e-01
  10820.96  6799.6875  1.36848e+00  1.00476e+00  7.04679e-01  6.63805e-01
  10849.51  6800.3125  1.42113e+00  1.63326e+00  7.45807e-01  6.75322e-01
  10878.06  6800.9375  1.35903e+00  1.44791e+00  6.49293e-01  7.09741e-01
  10906.61  6801.5625  1.14106e+00  1.01032e+00  5.35196e-01  6.05869e-01
  10935.16  6802.1875  1.02709e+00  1.03207e+00  6.06558e-01  4.20531e-01
  10963.71  6802.8125  8.88356e-01  1.05688e+00  6.16978e-01  2.71378e-01
  10992.26  6803.4375  6.77031e-01  4.39896e-01  4.42040e-01  2.34991e-01
  11020.81  6804.0625  7.83843e-01  5.90503e-01  4.16188e-01  3.67655e-01
  11049.36  6804.6875  1.05206e+00  1.44667e+00  4.57146e-01  5.94912e-01
  11077.91  6805.3125  9.98681e-01  8.66802e-01  3.99581e-01  5.99100e-01
  11106.47  6805.9375  8.98540e-01  8.90654e-01  4.15878e-01  4.82662e-01
  11135.02  6806.5625  9.68310e-01  7.98903e-01  5.05459e-01  4.62851e-01
  11163.57  6807.1875  1.09930e+00  1.40149e+00  6.39755e-01  4.59545e-01
  11192.12  6807.8125  1.06005e+00  8.24041e-01  6.96552e-01  3.63497e-01
  11220.67  6808.4375  9.53761e-01  1.31570e+00  6.50385e-01  3.03375e-01
  11249.22  6809.0625  7.77203e-01  3.08330e-01  4.45170e-01  3.32033e-01
  11277.77  6809.6875  9.22156e-01  1.07240e+00  3.67773e-01  5.54383e-01
  11306.32  6810.3125  1.11045e+00  1.16277e+00  5.17572e-01  5.92882e-01
  11334.87  6810.9375  1.19974e+00  1.11123e+00  7.23873e-01  4.75868e-01
  11363.43  6811.5625  1.23452e+00  1.46366e+00  8.23638e-01  4.10882e-01
  11391.98  6812.1875  1.10017e+00  9.66620e-01  7.50962e-01  3.49211e-01
  11420.53  6812.8125  1.04999e+00  9.66596e-01  7.95552e-01  2.54438e-01
  11449.08  6813.4375  1.03291e+00  1.29055e+00  8.28142e-01  2.04773e-01
  11477.63  6814.0625  8.23328e-01  6.70956e-01  6.57980e-01  1.65348e-01
  11506.18  6814.6875  7.23560e-01  6.19767e-01  5.61466e-01  1.62094e-01
  11534.73  6815.3125  7.97500e-01  8.77902e-01  5.51816e-01  2.45684e-01
  11563.28  6815.9375  8.31698e-01  8.33238e-01  6.24645e-01  2.07053e-01
  11591.83  6816.5625  8.20408e-01  8.17579e-01  6.51272e-01  1.69136e-01
  11620.38  6817.1875  8.22195e-01  8.00907e-01  5.56050e-01  2.66145e-01
  11648.94  6817.8125  8.45455e-01  8.52127e-01  5.04070e-01  3.41385e-01
  11677.49  6818.4375  7.97382e-01  9.31832e-01  4.37856e-01  3.59526e-01
  11706.04  6819.0625  6.78832e-01  4.91080e-01  4.62712e-01  2.16120e-01
  11734.59  6819.6875  6.94002e-01  7.47674e-01  5.72561e-01  1.21441e-01
  11763.14  6820.3125  7.06040e-01  7.78048e-01  6.54821e-01  5.12187e-02
  11791.69  6820.9375  6.56618e-01  5.64760e-01  6.35250e-01  2.13677e-02
  11820.24  6821.5625  7.71509e-01  6.20520e-01  6.61024e-01  1.10485e-01
  11848.79  6822.1875  1.05326e+00  1.19037e+00  7.73124e-01  2.80131e-01
  11877.34  6822.8125  1.15298e+00  1.30873e+00  8.08204e-01  3.44779e-01
  11905.89  6823.4375  9.96633e-01  9.57567e-01  6.95786e-01  3.00847e-01
  11934.45  6824.0625  9.04198e-01  7.10778e-01  6.32545e-01  2.71653e-01
  11963.00  6824.6875  9.67962e-01  1.16647e+00  5.70908e-01  3.97054e-01
  11991.55  6825.3125  8.83876e-01  8.93206e-01  5.39106e-01  3.44770e-01
  12020.10  6825.9375  7.40653e-01  6.25637e-01  5.64676e-01  1.75977e-01
  12048.65  6826.5625  7.05054e-01  7.65038e-01  5.32320e-01  1.72734e-01
  12077.20  6827.1875  7.19910e-01  6.23418e-01  4.62616e-01  2.57294e-01
  12105.75  6827.8125  8.53296e-01  8.05273e-01  5.01978e-01  3.51318e-01
  12134.30  6828.4375  9.93517e-01  1.18994e+00  6.41824e-01  3.51692e-01
  12162.85  6829.0625  1.00727e+00  8.35992e-01  7.28892e-01  2.78374e-01
  12191.40  6829.6875  1.11208e+00  1.13840e+00  7.84321e-01  3.27761e-01
  12219.96  6830.3125  1.19662e+00  1.32406e+00  7.07215e-01  4.89408e-01
  12248.51  6830.9375  1.02066e+00  1.16725e+00  5.80613e-01  4.40051e-01
  12277.06  6831.5625  7.34387e-01  4.66092e-01  5.57891e-01  1.76496e-01
  12305.61  6832.1875  7.14112e-01  6.98002e-01  6.42540e-01  7.15713e-02
  12334.16  6832.8125  7.20952e-01  9.84152e-01  6.17936e-01  1.03016e-01
  12362.71  6833.4375  5.33865e-01  3.10680e-01  4.27602e-01  1.06264e-01
  12391.26  6834.0625  5.43295e-01  4.44716e-01  3.78168e-01  1.65127e-01
  12419.81  6834.6875  7.85777e-01  8.28678e-01  5.34941e-01  2.50836e-01
  12448.36  6835.3125  1.04554e+00  1.03189e+00  7.16609e-01  3.28933e-01
  12476.92  6835.9375  1.24603e+00  1.31448e+00  8.01883e-01  4.44143e-01
  12505.47  6836.5625  1.15170e+00  1.51698e+00  6.14889e-01  5.36807e-01
  12534.02  6837.1875  7.43346e-01  3.88215e-01  4.43432e-01  2.99914e-01
  12562.57  6837.8125  5.75781e-01  5.96606e-01  4.37480e-01  1.38301e-01
  12591.12  6838.4375  6.34505e-01  5.44052e-01  5.10150e-01  1.24355e-01
  12619.67  6839.0625  7.37782e-01  8.71476e-01  5.10469e-01  2.27313e-01
  12648.22  6839.6875  8.03144e-01  6.50222e-01  4.96638e-01  3.06506e-01
  12676.77  6840.3125  8.90258e-01  1.06288e+00  6.31246e-01  2.59012e-01
  12705.32  6840.9375  8.52855e-01  8.30161e-01  6.37827e-01  2.15029e-01
  12733.87  6841.5625  8.02504e-01  6.97989e-01  6.00948e-01  2.01557e-01
  12762.43  6842.1875  7.78113e-01  9.87824e-01  6.19252e-01  1.58861e-01
  12790.98  6842.8125  6.43783e-01  4.66693e-01  5.35770e-01  1.08012e-01
  12819.53  6843.4375  5.91869e-01  6.46878e-01  4.75926e-01  1.15943e-01
  12848.08  6844.0625  6.29515e-01  5.25975e-01  5.46196e-01  8.33188e-02
  12876.63  6844.6875  7.61655e-01  7.81187e-01  6.90822e-01  7.08330e-02
  12905.18  6845.3125  8.44512e-01  9.85810e-01  7.39017e-01  1.05495e-01
  12933.73  6845.9375  7.68726e-01  7.07283e-01  6.66493e-01  1.02234e-01
  12962.28  6846.5625  7.05952e-01  6.75270e-01  5.88386e-01  1.17566e-01
  12990.83  6847.1875  7.00518e-01  7.29564e-01  5.51162e-01  1.49356e-01
  13019.38  6847.8125  6.93255e-01  6.61938e-01  4.95821e-01  1.97434e-01
  13047.94  6848.4375  6.64229e-01  7.47838e-01  5.64811e-01  9.94180e-02
  13076.49  6849.0625  6.07438e-01  4.92711e-01  5.93421e-01  1.40175e-02
  13105.04  6849.6875  5.84411e-01  7.00333e-01  5.83870e-01  5.40437e-04
  13133.59  6850.3125  5.00562e-01  4.67090e-01  5.00285e-01  2.77653e-04
  13162.14  6850.9375  5.12804e-01  3.11707e-01  5.05513e-01  7.29059e-03
  13190.69  6851.5625  7.26402e-01  8.60318e-01  6.69462e-01  5.69402e-02
  13219.24  6852.1875  8.42146e-01  9.10571e-01  6.89886e-01  1.52260e-01
  13247.79  6852.8125  7.84609e-01  8.03895e-01  5.82350e-01  2.02259e-01
  13276.34  6853.4375  7.45358e-01  5.98631e-01  5.25939e-01  2.19419e-01
  13304.90  6854.0625  8.80910e-01  8.70756e-01  6.00905e-01  2.80004e-01
  13333.45  6854.6875  8.88204e-01  1.28693e+00  5.85051e-01  3.03153e-01
  13362.00  6855.3125  5.93723e-01  2.32789e-01  4.51001e-01  1.42722e-01
  13390.55  6855.9375  5.41276e-01  5.31664e-01  4.66622e-01  7.46541e-02
  13419.10  6856.5625  6.37030e-01  7.52465e-01  4.91677e-01  1.45353e-01
  13447.65  6857.1875  6.00084e-01  6.07343e-01  4.47945e-01  1.52140e-01
  13476.20  6857.8125  6.03079e-01  3.90605e-01  4.95881e-01  1.07198e-01
  13504.75  6858.4375  7.44241e-01  9.89386e-01  6.27387e-01  1.16855e-01
  13533.30  6859.0625  8.62354e-01  5.45827e-01  7.12828e-01  1.49526e-01
  13561.85  6859.6875  9.66448e-01  1.46780e+00  7.61874e-01  2.04574e-01
  13590.41  6860.3125  7.59637e-01  4.67825e-01  6.09819e-01  1.49817e-01
  13618.96  6860.9375  6.18408e-01  6.79027e-01  4.94243e-01  1.24165e-01
  13647.51  6861.5625  6.67424e-01  4.79632e-01  5.03349e-01  1.64075e-01
  13676.06  6862.1875  8.71739e-01  9.76062e-01  5.67221e-01  3.04518e-01
  13704.61  6862.8125  9.49819e-01  1.12063e+00  6.02165e-01  3.47654e-01
  13733.16  6863.4375  8.50843e-01  6.77150e-01  5.71130e-01  2.79713e-01
  13761.71  6864.0625  9.05032e-01  8.42727e-01  5.88315e-01  3.16718e-01
  13790.26  6864.6875  9.85585e-01  1.25414e+00  5.84454e-01  4.01131e-01
  13818.81  6865.3125  8.59693e-01  6.78043e-01  5.56693e-01  3.03000e-01
  13847.36  6865.9375  7.83231e-01  8.38961e-01  6.07829e-01  1.75402e-01
  13875.92  6866.5625  7.60257e-01  7.07111e-01  6.51891e-01  1.08367e-01
  13904.47  6867.1875  6.86362e-01  8.52901e-01  5.82984e-01  1.03378e-01
  13933.02  6867.8125  5.54535e-01  3.41065e-01  4.97390e-01  5.71448e-02
  13961.57  6868.4375  6.73139e-01  5.47526e-01  6.16050e-01  5.70888e-02
  13990.12  6869.0625  8.83428e-01  1.22583e+00  7.79038e-01  1.04389e-01
  14018.67  6869.6875  8.58743e-01  6.25301e-01  7.36946e-01  1.21797e-01
  14047.22  6870.3125  8.85749e-01  9.78374e-01  6.54569e-01  2.31180e-01
  14075.77  6870.9375  9.34702e-01  9.13832e-01  5.79111e-01  3.55592e-01
  14104.32  6871.5625  1.00040e+00  9.31681e-01  6.44262e-01  3.56140e-01
  14132.88  6872.1875  1.07074e+00  1.22677e+00  7.97127e-01  2.73613e-01
  14161.43  6872.8125  9.50223e-01  9.94316e-01  6.90234e-01  2.59989e-01
  14189.98  6873.4375  7.14462e-01  6.59631e-01  4.61956e-01  2.52506e-01
  14218.53  6874.0625  5.69552e-01  4.84651e-01  4.34987e-01  1.34564e-01
  14247.08  6874.6875  5.35208e-01  5.93814e-01  4.67702e-01  6.75056e-02
  14275.63  6875.3125  5.02914e-01  4.69920e-01  4.74410e-01  2.85045e-02
  14304.18  6875.9375  5.86056e-01  3.95756e-01  5.75090e-01  1.09660e-02
  14332.73  6876.5625  7.36643e-01  1.07730e+00  6.86403e-01  5.02394e-02
  14361.28  6877.1875  5.98279e-01  5.23300e-01  4.95612e-01  1.02667e-01
  14389.83  6877.8125  4.22835e-01  3.14835e-01  3.23283e-01  9.95518e-02
  14418.39  6878.4375  3.96028e-01  4.51237e-01  2.93513e-01  1.02516e-01
  14446.94  6879.0625  4.28618e-01  3.16509e-01  3.78075e-01  5.05426e-02
  14475.49  6879.6875  5.29070e-01  6.26627e-01  5.07957e-01  2.11131e-02
  14504.04  6880.3125  6.80912e-01  4.70135e-01  5.80796e-01  1.00116e-01
  14532.59  6880.9375  8.46104e-01  1.20999e+00  6.47900e-01  1.98204e-01
  14561.14  6881.5625  7.92762e-01  5.48822e-01  6.43301e-01  1.49461e-01
  14589.69  6882.1875  7.52065e-01  9.15766e-01  6.42215e-01  1.09850e-01
  14618.24  6882.8125  6.42817e-01  6.28074e-01  5.91846e-01  5.09712e-02
  14646.79  6883.4375  5.45722e-01  3.97907e-01  5.29684e-01  1.60378e-02
  14675.34  6884.0625  5.40097e-01  7.30536e-01  4.86165e-01  5.39327e-02
  14703.90  6884.6875  4.89669e-01  2.89418e-01  3.85107e-01  1.04562e-01
  14732.45  6885.3125  5.43663e-01  6.28116e-01  4.36673e-01  1.06991e-01
  14761.00  6885.9375  5.96643e-01  6.10440e-01  4.43352e-01  1.53292e-01
  14789.55  6886.5625  6.64403e-01  5.24077e-01  5.10952e-01  1.53451e-01
  14818.10  6887.1875  7.77434e-01  1.00158e+00  6.68775e-01  1.08658e-01
  14846.65  6887.8125  7.76532e-01  6.08513e-01  6.63558e-01  1.12974e-01
  14875.20  6888.4375  8.30332e-01  8.87414e-01  7.28829e-01  1.01503e-01
  14903.75  6889.0625  8.42605e-01  9.45242e-01  7.39326e-01  1.03280e-01
  14932.30  6889.6875  7.44029e-01  6.58686e-01  6.86298e-01  5.77310e-02
  14960.86  6890.3125  7.37902e-01  6.56332e-01  6.76991e-01  6.09114e-02
  14989.41  6890.9375  7.83870e-01  9.68989e-01  6.73446e-01  1.10424e-01
  15017.96  6891.5625  7.50833e-01  5.50053e-01  6.40080e-01  1.10752e-01
  15046.51  6892.1875  7.70498e-01  9.52095e-01  6.10070e-01  1.60427e-01
  15075.06  6892.8125  7.37409e-01  6.04122e-01  5.40724e-01  1.96685e-01
  15103.61  6893.4375  6.65626e-01  8.64386e-01  5.05243e-01  1.60383e-01
  15132.16  6894.0625  5.38314e-01  3.14098e-01  4.30721e-01  1.07592e-01
  15160.71  6894.6875  5.73878e-01  6.03816e-01  4.70228e-01  1.03651e-01
  15189.26  6895.3125  6.52455e-01  7.27980e-01  6.02010e-01  5.04453e-02
  15217.81  6895.9375  6.12462e-01  6.26198e-01  6.05204e-01  7.25753e-03
  15246.37  6896.5625  5.26071e-01  4.93804e-01  5.24396e-01  1.67462e-03
  15274.92  6897.1875  4.75531e-01  4.76496e-01  4.66330e-01  9.20048e-03
  15303.47  6897.8125  5.04139e-01  3.92886e-01  4.53331e-01  5.08079e-02
  15332.02  6898.4375  5.65655e-01  7.59735e-01  4.70138e-01  9.55171e-02
  15360.57  6899.0625  4.71933e-01  4.15208e-01  4.22251e-01  4.96811e-02
  15389.12  6899.6875  3.78548e-01  3.15119e-01  3.71509e-01  7.03891e-03
  15417.67  6900.3125  4.01316e-01  3.93932e-01  4.00619e-01  6.97186e-04
  15446.22  6900.9375  4.54588e-01  4.85725e-01  4.51559e-01  3.02880e-03
  15474.77  6901.5625  4.52529e-01  4.87830e-01  4.46721e-01  5.80878e-03
  15503.32  6902.1875  4.09368e-01  3.68857e-01  4.06342e-01  3.02600e-03
  15531.88  6902.8125  4.01126e-01  3.94991e-01  4.00698e-01  4.27780e-04
  15560.43  6903.4375  4.19574e-01  4.30319e-01  4.19558e-01  1.64112e-05
  15588.98  6904.0625  4.48618e-01  4.09870e-01  4.48618e-01  1.70855e-07
  15617.53  6904.6875  4.60786e-01  5.68266e-01  4.60780e-01  5.65872e-06
  15646.08  6905.3125  4.10119e-01  3.15583e-01  4.09573e-01  5.46376e-04
  15674.63  6905.9375  4.35935e-01  4.20974e-01  4.21494e-01  1.44405e-02
  15703.18  6906.5625  6.10586e-01  4.71274e-01  5.03262e-01  1.07325e-01
  15731.73  6907.1875  8.03526e-01  1.09922e+00  5.60639e-01  2.42887e-01
  15760.28  6907.8125  6.85598e-01  6.94992e-01  4.81855e-01  2.03743e-01
  15788.84  6908.4375  4.65169e-01  3.21618e-01  3.50520e-01  1.14649e-01
  15817.39  6909.0625  3.95411e-01  4.47596e-01  2.91299e-01  1.04112e-01
  15845.94  6909.6875  4.45675e-01  2.66292e-01  3.95143e-01  5.05317e-02
  15874.49  6910.3125  5.79786e-01  7.89338e-01  5.72678e-01  7.10710e-03
  15903.04  6910.9375  5.28433e-01  5.58907e-01  5.28160e-01  2.72545e-04
  15931.59  6911.5625  4.23312e-01  2.42647e-01  4.23309e-01  2.83743e-06
  15960.14  6912.1875  5.09011e-01  5.51902e-01  5.09011e-01  0.00000e+00
  15988.69  6912.8125  6.64035e-01  6.29913e-01  6.64035e-01  0.00000e+00
  16017.24  6913.4375  7.80934e-01  8.84211e-01  7.80934e-01  0.00000e+00
  16045.79  6914.0625  7.56931e-01  7.88680e-01  7.56928e-01  2.82971e-06
  16074.35  6914.6875  5.93102e-01  6.62784e-01  5.92830e-01  2.71803e-04
  16102.90  6915.3125  4.28850e-01  2.36680e-01  4.21762e-01  7.08774e-03
  16131.45  6915.9375  4.57070e-01  4.94608e-01  4.06682e-01  5.03879e-02
  16160.00  6916.5625  5.71957e-01  5.27106e-01  4.68685e-01  1.03272e-01
  16188.55  6917.1875  6.40687e-01  7.89653e-01  5.40581e-01  1.00107e-01
  16217.10  6917.8125  5.56390e-01  5.26759e-01  4.53343e-01  1.03047e-01
  16245.65  6918.4375  4.69057e-01  3.95127e-01  4.18795e-01  5.02617e-02
  16274.20  6919.0625  5.01404e-01  4.75465e-01  4.94334e-01  7.06981e-03
  16302.75  6919.6875  4.89053e-01  7.11427e-01  4.88781e-01  2.71115e-04
  16331.30  6920.3125  3.76367e-01  8.25316e-02  3.76364e-01  2.82256e-06
  16359.86  6920.9375  5.17044e-01  5.18797e-01  5.17041e-01  2.84779e-06
  16388.41  6921.5625  7.51257e-01  8.69434e-01  7.50984e-01  2.73540e-04
  16416.96  6922.1875  7.80030e-01  8.79941e-01  7.72899e-01  7.13020e-03
  16445.51  6922.8125  6.75962e-01  5.53518e-01  6.25519e-01  5.04428e-02
  16474.06  6923.4375  6.44590e-01  6.86729e-01  5.47219e-01  9.73705e-02
  16502.61  6924.0625  6.32026e-01  6.39349e-01  5.66848e-01  6.51775e-02
  16531.16  6924.6875  7.25256e-01  4.87595e-01  6.03476e-01  1.21780e-01
  16559.71  6925.3125  9.79326e-01  1.21686e+00  6.85293e-01  2.94034e-01
  16588.26  6925.9375  9.63109e-01  1.13724e+00  6.62176e-01  3.00933e-01
  16616.81  6926.5625  7.24494e-01  4.74917e-01  5.58886e-01  1.65608e-01
  16645.37  6927.1875  6.28429e-01  7.66188e-01  5.09524e-01  1.18905e-01
  16673.92  6927.8125  6.13728e-01  4.10980e-01  5.05339e-01  1.08389e-01
  16702.47  6928.4375  7.06350e-01  8.44702e-01  5.52301e-01  1.54049e-01
  16731.02  6929.0625  6.62231e-01  7.83918e-01  5.15083e-01  1.47148e-01
  16759.57  6929.6875  4.49453e-01  3.32364e-01  3.92044e-01  5.74082e-02
  16788.12  6930.3125  3.16760e-01  3.16939e-01  3.09378e-01  7.38229e-03
  16816.67  6930.9375  3.03077e-01  2.18904e-01  3.02801e-01  2.75580e-04
  16845.22  6931.5625  4.08259e-01  3.96424e-01  4.08256e-01  2.83945e-06
  16873.77  6932.1875  4.95054e-01  6.36177e-01  4.95054e-01  2.47118e-10
  16902.33  6932.8125  4.27472e-01  3.96061e-01  4.27472e-01  1.74804e-09
  16930.88  6933.4375  4.04340e-01  2.54388e-01  4.04340e-01  8.33452e-09
  16959.43  6934.0625  5.38950e-01  6.32899e-01  5.38949e-01  5.33365e-07
  16987.98  6934.6875  6.33570e-01  6.39019e-01  6.33552e-01  1.75930e-05
  17016.53  6935.3125  6.09497e-01  7.12996e-01  6.09275e-01  2.21817e-04
  17045.08  6935.9375  5.13022e-01  3.96245e-01  5.11907e-01  1.11457e-03
  17073.63  6936.5625  5.30826e-01  4.90032e-01  5.28923e-01  1.90280e-03
  17102.18  6937.1875  6.01547e-01  7.14730e-01  6.00587e-01  9.60607e-04
  17130.73  6937.8125  5.44687e-01  5.54752e-01  5.44280e-01  4.07161e-04
  17159.28  6938.4375  4.24708e-01  3.96248e-01  4.17585e-01  7.12249e-03
  17187.84  6939.0625  3.54101e-01  3.24998e-01  3.03755e-01  5.03463e-02
  17216.39  6939.6875  4.01020e-01  2.95908e-01  3.04374e-01  9.66459e-02
  17244.94  6940.3125  5.53968e-01  6.34444e-01  5.03622e-01  5.03463e-02
  17273.49  6940.9375  5.94583e-01  7.13823e-01  5.87466e-01  7.11736e-03
  17302.04  6941.5625  4.90541e-01  3.96847e-01  4.90268e-01  2.73048e-04
  17330.59  6942.1875  4.82602e-01  3.96795e-01  4.82599e-01  2.84267e-06
  17359.14  6942.8125  5.31299e-01  7.13871e-01  5.31299e-01  0.00000e+00
  17387.69  6943.4375  4.02724e-01  3.96838e-01  4.02721e-01  2.85992e-06
  17416.24  6944.0625  3.01898e-01  8.08536e-02  3.01620e-01  2.77564e-04
  17444.79  6944.6875  3.94887e-01  5.67675e-01  3.87452e-01  7.43519e-03
  17473.35  6945.3125  4.94953e-01  3.17128e-01  4.37142e-01  5.78104e-02
  17501.90  6945.9375  6.34553e-01  7.94026e-01  4.86683e-01  1.47870e-01
  17530.45  6946.5625  6.10523e-01  7.04212e-01  4.62667e-01  1.47856e-01
  17559.00  6947.1875  4.51979e-01  3.18839e-01  3.94178e-01  5.78006e-02
  17587.55  6947.8125  4.14329e-01  4.03999e-01  4.06619e-01  7.71062e-03
  17616.10  6948.4375  4.56582e-01  4.77146e-01  4.48873e-01  7.70904e-03
  17644.65  6949.0625  4.89097e-01  4.76777e-01  4.31311e-01  5.77864e-02
  17673.20  6949.6875  5.14744e-01  5.31688e-01  3.66933e-01  1.47810e-01
