# day150  epoch=150.0d  L_Halpha=1.265e+39 erg/s  smooth_kms=25.0
# Columns:
#   1: Δv [km/s]      velocity offset from Hα (6562.81 Å), positive = redshift
#   2: lambda [Å]     observed wavelength
#   3: F_norm         total flux, smoothed, normalized to F_cont_baseline
#   4: F_norm_raw     total flux, RAW MC (no velocity smoothing)
#   5: F_cont_smooth  continuum-channel flux (continuum photons only)
#   6: F_vol_smooth   volumetric-channel flux (line emission contribution)
# Format: F_norm ≈ F_cont_smooth + F_vol_smooth (within MC noise)
# ----------------------------------------------------------------------------------------
 -16559.48  6200.3125  1.00000e+00  1.00000e+00  1.00846e-03  0.00000e+00
 -16530.93  6200.9375  1.00000e+00  1.00000e+00  1.10594e-03  0.00000e+00
 -16502.38  6201.5625  1.00000e+00  1.00000e+00  1.17593e-03  0.00000e+00
 -16473.83  6202.1875  1.00000e+00  1.00000e+00  1.16415e-03  0.00000e+00
 -16445.28  6202.8125  1.00000e+00  1.00000e+00  1.04865e-03  0.00000e+00
 -16416.73  6203.4375  1.00000e+00  1.00000e+00  9.86461e-04  0.00000e+00
 -16388.18  6204.0625  1.00000e+00  1.00000e+00  9.89314e-04  0.00000e+00
 -16359.63  6204.6875  1.00000e+00  1.00000e+00  1.05825e-03  0.00000e+00
 -16331.08  6205.3125  1.00000e+00  1.00000e+00  1.10522e-03  0.00000e+00
 -16302.53  6205.9375  1.00000e+00  1.00000e+00  1.11369e-03  0.00000e+00
 -16273.97  6206.5625  1.00000e+00  1.00000e+00  1.12244e-03  0.00000e+00
 -16245.42  6207.1875  1.00000e+00  1.00000e+00  1.14638e-03  0.00000e+00
 -16216.87  6207.8125  1.00000e+00  1.00000e+00  1.11286e-03  0.00000e+00
 -16188.32  6208.4375  1.00000e+00  1.00000e+00  1.03271e-03  0.00000e+00
 -16159.77  6209.0625  1.00000e+00  1.00000e+00  9.75257e-04  0.00000e+00
 -16131.22  6209.6875  1.00000e+00  1.00000e+00  9.66768e-04  0.00000e+00
 -16102.67  6210.3125  1.00000e+00  1.00000e+00  1.03131e-03  0.00000e+00
 -16074.12  6210.9375  1.00000e+00  1.00000e+00  1.12396e-03  0.00000e+00
 -16045.57  6211.5625  1.00000e+00  1.00000e+00  1.15637e-03  0.00000e+00
 -16017.01  6212.1875  1.00000e+00  1.00000e+00  1.14055e-03  0.00000e+00
 -15988.46  6212.8125  1.00000e+00  1.00000e+00  1.12145e-03  0.00000e+00
 -15959.91  6213.4375  1.00000e+00  1.00000e+00  1.07672e-03  0.00000e+00
 -15931.36  6214.0625  1.00000e+00  1.00000e+00  1.01637e-03  0.00000e+00
 -15902.81  6214.6875  1.00000e+00  1.00000e+00  9.83436e-04  0.00000e+00
 -15874.26  6215.3125  1.00000e+00  1.00000e+00  1.01783e-03  0.00000e+00
 -15845.71  6215.9375  1.00000e+00  1.00000e+00  1.05691e-03  0.00000e+00
 -15817.16  6216.5625  1.00000e+00  1.00000e+00  1.02775e-03  0.00000e+00
 -15788.61  6217.1875  1.00000e+00  1.00000e+00  1.07366e-03  0.00000e+00
 -15760.06  6217.8125  1.00000e+00  1.00000e+00  1.19023e-03  0.00000e+00
 -15731.50  6218.4375  1.00000e+00  1.00000e+00  1.20476e-03  0.00000e+00
 -15702.95  6219.0625  1.00000e+00  1.00000e+00  1.20532e-03  0.00000e+00
 -15674.40  6219.6875  1.00000e+00  1.00000e+00  1.26144e-03  0.00000e+00
 -15645.85  6220.3125  1.00000e+00  1.00000e+00  1.26235e-03  0.00000e+00
 -15617.30  6220.9375  1.00000e+00  1.00000e+00  1.16519e-03  0.00000e+00
 -15588.75  6221.5625  1.00000e+00  1.00000e+00  1.07305e-03  0.00000e+00
 -15560.20  6222.1875  1.00000e+00  1.00000e+00  1.06431e-03  0.00000e+00
 -15531.65  6222.8125  1.00000e+00  1.00000e+00  1.03000e-03  0.00000e+00
 -15503.10  6223.4375  1.00000e+00  1.00000e+00  9.70741e-04  0.00000e+00
 -15474.55  6224.0625  1.00000e+00  1.00000e+00  9.27525e-04  0.00000e+00
 -15445.99  6224.6875  1.00000e+00  1.00000e+00  9.76649e-04  0.00000e+00
 -15417.44  6225.3125  1.00000e+00  1.00000e+00  1.05185e-03  0.00000e+00
 -15388.89  6225.9375  1.00000e+00  1.00000e+00  1.05546e-03  0.00000e+00
 -15360.34  6226.5625  1.00000e+00  1.00000e+00  1.04653e-03  0.00000e+00
 -15331.79  6227.1875  1.00000e+00  1.00000e+00  1.03844e-03  0.00000e+00
 -15303.24  6227.8125  1.00000e+00  1.00000e+00  8.97776e-04  0.00000e+00
 -15274.69  6228.4375  1.00000e+00  1.00000e+00  8.45805e-04  0.00000e+00
 -15246.14  6229.0625  1.00000e+00  1.00000e+00  8.88347e-04  0.00000e+00
 -15217.59  6229.6875  1.00000e+00  1.00000e+00  1.04079e-03  0.00000e+00
 -15189.03  6230.3125  1.00000e+00  1.00000e+00  1.11414e-03  0.00000e+00
 -15160.48  6230.9375  1.00000e+00  1.00000e+00  1.06419e-03  0.00000e+00
 -15131.93  6231.5625  1.00000e+00  1.00000e+00  1.00135e-03  0.00000e+00
 -15103.38  6232.1875  1.00000e+00  1.00000e+00  9.78476e-04  0.00000e+00
 -15074.83  6232.8125  1.00000e+00  1.00000e+00  1.01570e-03  0.00000e+00
 -15046.28  6233.4375  1.00000e+00  1.00000e+00  1.04255e-03  0.00000e+00
 -15017.73  6234.0625  1.00000e+00  1.00000e+00  9.18348e-04  0.00000e+00
 -14989.18  6234.6875  1.00000e+00  1.00000e+00  8.15867e-04  0.00000e+00
 -14960.63  6235.3125  1.00000e+00  1.00000e+00  8.43955e-04  0.00000e+00
 -14932.08  6235.9375  1.00000e+00  1.00000e+00  8.77715e-04  0.00000e+00
 -14903.52  6236.5625  1.00000e+00  1.00000e+00  8.80977e-04  0.00000e+00
 -14874.97  6237.1875  1.00000e+00  1.00000e+00  9.19366e-04  0.00000e+00
 -14846.42  6237.8125  1.00000e+00  1.00000e+00  9.67343e-04  0.00000e+00
 -14817.87  6238.4375  1.00000e+00  1.00000e+00  1.06849e-03  0.00000e+00
 -14789.32  6239.0625  1.00000e+00  1.00000e+00  1.11605e-03  0.00000e+00
 -14760.77  6239.6875  1.00000e+00  1.00000e+00  9.60942e-04  0.00000e+00
 -14732.22  6240.3125  1.00000e+00  1.00000e+00  8.72910e-04  0.00000e+00
 -14703.67  6240.9375  1.00000e+00  1.00000e+00  9.37590e-04  0.00000e+00
 -14675.12  6241.5625  1.00000e+00  1.00000e+00  9.33411e-04  0.00000e+00
 -14646.57  6242.1875  1.00000e+00  1.00000e+00  9.07725e-04  0.00000e+00
 -14618.01  6242.8125  1.00000e+00  1.00000e+00  9.38787e-04  0.00000e+00
 -14589.46  6243.4375  1.00000e+00  1.00000e+00  9.77007e-04  0.00000e+00
 -14560.91  6244.0625  1.00000e+00  1.00000e+00  9.94602e-04  0.00000e+00
 -14532.36  6244.6875  1.00000e+00  1.00000e+00  9.60592e-04  0.00000e+00
 -14503.81  6245.3125  1.00000e+00  1.00000e+00  9.11842e-04  0.00000e+00
 -14475.26  6245.9375  1.00000e+00  1.00000e+00  9.46678e-04  0.00000e+00
 -14446.71  6246.5625  1.00000e+00  1.00000e+00  9.87845e-04  0.00000e+00
 -14418.16  6247.1875  1.00000e+00  1.00000e+00  1.04706e-03  0.00000e+00
 -14389.61  6247.8125  1.00000e+00  1.00000e+00  1.04693e-03  0.00000e+00
 -14361.06  6248.4375  1.00000e+00  1.00000e+00  1.04784e-03  0.00000e+00
 -14332.50  6249.0625  1.00000e+00  1.00000e+00  1.04913e-03  0.00000e+00
 -14303.95  6249.6875  1.00000e+00  1.00000e+00  1.14520e-03  0.00000e+00
 -14275.40  6250.3125  1.00000e+00  1.00000e+00  1.23808e-03  0.00000e+00
 -14246.85  6250.9375  1.00000e+00  1.00000e+00  1.12136e-03  0.00000e+00
 -14218.30  6251.5625  1.00000e+00  1.00000e+00  9.93458e-04  0.00000e+00
 -14189.75  6252.1875  1.00000e+00  1.00000e+00  9.81141e-04  0.00000e+00
 -14161.20  6252.8125  1.00000e+00  1.00000e+00  1.03726e-03  0.00000e+00
 -14132.65  6253.4375  1.00000e+00  1.00000e+00  1.01570e-03  0.00000e+00
 -14104.10  6254.0625  1.00000e+00  1.00000e+00  9.09929e-04  0.00000e+00
 -14075.54  6254.6875  1.00000e+00  1.00000e+00  9.03736e-04  0.00000e+00
 -14046.99  6255.3125  1.00000e+00  1.00000e+00  9.74430e-04  0.00000e+00
 -14018.44  6255.9375  1.00000e+00  1.00000e+00  9.37932e-04  0.00000e+00
 -13989.89  6256.5625  1.00000e+00  1.00000e+00  8.35511e-04  0.00000e+00
 -13961.34  6257.1875  1.00000e+00  1.00000e+00  9.08814e-04  0.00000e+00
 -13932.79  6257.8125  1.00000e+00  1.00000e+00  1.03692e-03  0.00000e+00
 -13904.24  6258.4375  1.00000e+00  1.00000e+00  1.03249e-03  0.00000e+00
 -13875.69  6259.0625  1.00000e+00  1.00000e+00  1.02602e-03  0.00000e+00
 -13847.14  6259.6875  1.00000e+00  1.00000e+00  1.07275e-03  0.00000e+00
 -13818.59  6260.3125  1.00000e+00  1.00000e+00  9.55096e-04  0.00000e+00
 -13790.03  6260.9375  1.00000e+00  1.00000e+00  8.00329e-04  0.00000e+00
 -13761.48  6261.5625  1.00000e+00  1.00000e+00  8.55303e-04  0.00000e+00
 -13732.93  6262.1875  1.00000e+00  1.00000e+00  9.64583e-04  0.00000e+00
 -13704.38  6262.8125  1.00000e+00  1.00000e+00  1.02711e-03  0.00000e+00
 -13675.83  6263.4375  1.00000e+00  1.00000e+00  1.10882e-03  0.00000e+00
 -13647.28  6264.0625  1.00000e+00  1.00000e+00  1.11300e-03  0.00000e+00
 -13618.73  6264.6875  1.00000e+00  1.00000e+00  9.54276e-04  0.00000e+00
 -13590.18  6265.3125  1.00000e+00  1.00000e+00  8.17732e-04  0.00000e+00
 -13561.63  6265.9375  1.00000e+00  1.00000e+00  8.48569e-04  0.00000e+00
 -13533.08  6266.5625  1.00000e+00  1.00000e+00  9.86824e-04  0.00000e+00
 -13504.52  6267.1875  1.00000e+00  1.00000e+00  1.01869e-03  0.00000e+00
 -13475.97  6267.8125  1.00000e+00  1.00000e+00  9.95115e-04  0.00000e+00
 -13447.42  6268.4375  1.00000e+00  1.00000e+00  9.64095e-04  0.00000e+00
 -13418.87  6269.0625  1.00000e+00  1.00000e+00  9.13650e-04  0.00000e+00
 -13390.32  6269.6875  1.00000e+00  1.00000e+00  8.68819e-04  0.00000e+00
 -13361.77  6270.3125  1.00000e+00  1.00000e+00  8.64732e-04  0.00000e+00
 -13333.22  6270.9375  1.00000e+00  1.00000e+00  8.87364e-04  0.00000e+00
 -13304.67  6271.5625  1.00000e+00  1.00000e+00  9.09307e-04  0.00000e+00
 -13276.12  6272.1875  1.00000e+00  1.00000e+00  9.67577e-04  0.00000e+00
 -13247.56  6272.8125  1.00000e+00  1.00000e+00  1.05680e-03  0.00000e+00
 -13219.01  6273.4375  1.00000e+00  1.00000e+00  9.95647e-04  0.00000e+00
 -13190.46  6274.0625  1.00000e+00  1.00000e+00  8.26190e-04  0.00000e+00
 -13161.91  6274.6875  1.00000e+00  1.00000e+00  7.57104e-04  0.00000e+00
 -13133.36  6275.3125  1.00000e+00  1.00000e+00  8.99663e-04  0.00000e+00
 -13104.81  6275.9375  1.00000e+00  1.00000e+00  1.12286e-03  0.00000e+00
 -13076.26  6276.5625  1.00000e+00  1.00000e+00  1.15042e-03  0.00000e+00
 -13047.71  6277.1875  1.00000e+00  1.00000e+00  1.06490e-03  0.00000e+00
 -13019.16  6277.8125  1.00000e+00  1.00000e+00  9.53955e-04  0.00000e+00
 -12990.61  6278.4375  1.00000e+00  1.00000e+00  9.56955e-04  0.00000e+00
 -12962.05  6279.0625  1.00000e+00  1.00000e+00  1.00177e-03  0.00000e+00
 -12933.50  6279.6875  1.00000e+00  1.00000e+00  9.56433e-04  0.00000e+00
 -12904.95  6280.3125  1.00000e+00  1.00000e+00  9.50477e-04  0.00000e+00
 -12876.40  6280.9375  1.00000e+00  1.00000e+00  9.55997e-04  0.00000e+00
 -12847.85  6281.5625  1.00000e+00  1.00000e+00  9.26313e-04  0.00000e+00
 -12819.30  6282.1875  1.00000e+00  1.00000e+00  9.66359e-04  0.00000e+00
 -12790.75  6282.8125  1.00000e+00  1.00000e+00  9.50235e-04  0.00000e+00
 -12762.20  6283.4375  1.00000e+00  1.00000e+00  9.34414e-04  0.00000e+00
 -12733.65  6284.0625  1.00000e+00  1.00000e+00  9.45611e-04  0.00000e+00
 -12705.10  6284.6875  1.00000e+00  1.00000e+00  9.64970e-04  0.00000e+00
 -12676.54  6285.3125  1.00000e+00  1.00000e+00  9.93868e-04  0.00000e+00
 -12647.99  6285.9375  1.00000e+00  1.00000e+00  1.05278e-03  0.00000e+00
 -12619.44  6286.5625  1.00000e+00  1.00000e+00  1.07695e-03  0.00000e+00
 -12590.89  6287.1875  1.00000e+00  1.00000e+00  1.05327e-03  0.00000e+00
 -12562.34  6287.8125  1.00000e+00  1.00000e+00  9.92488e-04  0.00000e+00
 -12533.79  6288.4375  1.00000e+00  1.00000e+00  9.36599e-04  0.00000e+00
 -12505.24  6289.0625  1.00000e+00  1.00000e+00  9.35939e-04  0.00000e+00
 -12476.69  6289.6875  1.00000e+00  1.00000e+00  9.04150e-04  0.00000e+00
 -12448.14  6290.3125  1.00000e+00  1.00000e+00  9.44262e-04  0.00000e+00
 -12419.58  6290.9375  1.00000e+00  1.00000e+00  1.01625e-03  0.00000e+00
 -12391.03  6291.5625  1.00000e+00  1.00000e+00  9.75689e-04  0.00000e+00
 -12362.48  6292.1875  1.00000e+00  1.00000e+00  9.03591e-04  0.00000e+00
 -12333.93  6292.8125  1.00000e+00  1.00000e+00  7.87529e-04  0.00000e+00
 -12305.38  6293.4375  1.00000e+00  1.00000e+00  7.35149e-04  0.00000e+00
 -12276.83  6294.0625  1.00000e+00  1.00000e+00  7.75913e-04  0.00000e+00
 -12248.28  6294.6875  1.00000e+00  1.00000e+00  8.66784e-04  0.00000e+00
 -12219.73  6295.3125  1.00000e+00  1.00000e+00  9.35639e-04  0.00000e+00
 -12191.18  6295.9375  1.00000e+00  1.00000e+00  9.30659e-04  0.00000e+00
 -12162.63  6296.5625  1.00000e+00  1.00000e+00  8.40577e-04  0.00000e+00
 -12134.07  6297.1875  1.00000e+00  1.00000e+00  8.17909e-04  0.00000e+00
 -12105.52  6297.8125  1.00000e+00  1.00000e+00  8.23276e-04  0.00000e+00
 -12076.97  6298.4375  1.00000e+00  1.00000e+00  8.16807e-04  0.00000e+00
 -12048.42  6299.0625  1.00000e+00  1.00000e+00  9.44964e-04  0.00000e+00
 -12019.87  6299.6875  1.00000e+00  1.00000e+00  1.15744e-03  0.00000e+00
 -11991.32  6300.3125  1.00000e+00  1.00000e+00  1.21114e-03  0.00000e+00
 -11962.77  6300.9375  1.00000e+00  1.00000e+00  1.10178e-03  0.00000e+00
 -11934.22  6301.5625  1.00000e+00  1.00000e+00  1.00436e-03  0.00000e+00
 -11905.67  6302.1875  1.00000e+00  1.00000e+00  1.04625e-03  0.00000e+00
 -11877.12  6302.8125  1.00000e+00  1.00000e+00  1.13393e-03  0.00000e+00
 -11848.56  6303.4375  1.00000e+00  1.00000e+00  1.08203e-03  0.00000e+00
 -11820.01  6304.0625  1.00000e+00  1.00000e+00  1.00544e-03  0.00000e+00
 -11791.46  6304.6875  1.00000e+00  1.00000e+00  1.02166e-03  0.00000e+00
 -11762.91  6305.3125  1.00000e+00  1.00000e+00  1.01017e-03  0.00000e+00
 -11734.36  6305.9375  1.00000e+00  1.00000e+00  1.00732e-03  0.00000e+00
 -11705.81  6306.5625  1.00000e+00  1.00000e+00  1.01767e-03  0.00000e+00
 -11677.26  6307.1875  1.00000e+00  1.00000e+00  1.01475e-03  0.00000e+00
 -11648.71  6307.8125  1.00000e+00  1.00000e+00  1.08225e-03  0.00000e+00
 -11620.16  6308.4375  1.00000e+00  1.00000e+00  1.10854e-03  0.00000e+00
 -11591.60  6309.0625  1.00000e+00  1.00000e+00  1.11274e-03  0.00000e+00
 -11563.05  6309.6875  1.00000e+00  1.00000e+00  1.05153e-03  0.00000e+00
 -11534.50  6310.3125  1.00000e+00  1.00000e+00  9.72980e-04  0.00000e+00
 -11505.95  6310.9375  1.00000e+00  1.00000e+00  9.56492e-04  0.00000e+00
 -11477.40  6311.5625  1.00000e+00  1.00000e+00  9.73842e-04  0.00000e+00
 -11448.85  6312.1875  1.00000e+00  1.00000e+00  1.05672e-03  0.00000e+00
 -11420.30  6312.8125  1.00000e+00  1.00000e+00  1.07896e-03  0.00000e+00
 -11391.75  6313.4375  1.00000e+00  1.00000e+00  1.00130e-03  0.00000e+00
 -11363.20  6314.0625  1.00000e+00  1.00000e+00  9.42737e-04  0.00000e+00
 -11334.65  6314.6875  1.00000e+00  1.00000e+00  9.45260e-04  0.00000e+00
 -11306.09  6315.3125  1.00000e+00  1.00000e+00  9.93619e-04  0.00000e+00
 -11277.54  6315.9375  1.00000e+00  1.00000e+00  9.59827e-04  0.00000e+00
 -11248.99  6316.5625  1.00000e+00  1.00000e+00  9.24827e-04  0.00000e+00
 -11220.44  6317.1875  1.00000e+00  1.00000e+00  9.34523e-04  0.00000e+00
 -11191.89  6317.8125  1.00000e+00  1.00000e+00  9.03025e-04  0.00000e+00
 -11163.34  6318.4375  1.00000e+00  1.00000e+00  9.43344e-04  0.00000e+00
 -11134.79  6319.0625  1.00000e+00  1.00000e+00  9.72595e-04  0.00000e+00
 -11106.24  6319.6875  1.00000e+00  1.00000e+00  9.49331e-04  0.00000e+00
 -11077.69  6320.3125  1.00000e+00  1.00000e+00  8.94678e-04  0.00000e+00
 -11049.14  6320.9375  1.00000e+00  1.00000e+00  9.00685e-04  0.00000e+00
 -11020.58  6321.5625  1.00000e+00  1.00000e+00  9.87024e-04  0.00000e+00
 -10992.03  6322.1875  1.00000e+00  1.00000e+00  1.05997e-03  0.00000e+00
 -10963.48  6322.8125  1.00000e+00  1.00000e+00  1.04313e-03  0.00000e+00
 -10934.93  6323.4375  1.00000e+00  1.00000e+00  9.92541e-04  0.00000e+00
 -10906.38  6324.0625  1.00000e+00  1.00000e+00  9.92030e-04  0.00000e+00
 -10877.83  6324.6875  1.00000e+00  1.00000e+00  9.92258e-04  0.00000e+00
 -10849.28  6325.3125  1.00000e+00  1.00000e+00  1.01998e-03  0.00000e+00
 -10820.73  6325.9375  1.00000e+00  1.00000e+00  9.63074e-04  0.00000e+00
 -10792.18  6326.5625  1.00000e+00  1.00000e+00  9.48698e-04  0.00000e+00
 -10763.62  6327.1875  1.00000e+00  1.00000e+00  9.26134e-04  0.00000e+00
 -10735.07  6327.8125  1.00000e+00  1.00000e+00  8.94063e-04  0.00000e+00
 -10706.52  6328.4375  1.00000e+00  1.00000e+00  9.88365e-04  0.00000e+00
 -10677.97  6329.0625  1.00000e+00  1.00000e+00  1.08228e-03  0.00000e+00
 -10649.42  6329.6875  1.00000e+00  1.00000e+00  1.05644e-03  0.00000e+00
 -10620.87  6330.3125  1.00000e+00  1.00000e+00  9.35171e-04  0.00000e+00
 -10592.32  6330.9375  1.00000e+00  1.00000e+00  8.37385e-04  0.00000e+00
 -10563.77  6331.5625  1.00000e+00  1.00000e+00  8.60546e-04  0.00000e+00
 -10535.22  6332.1875  1.00000e+00  1.00000e+00  9.11198e-04  0.00000e+00
 -10506.67  6332.8125  1.00000e+00  1.00000e+00  9.89006e-04  0.00000e+00
 -10478.11  6333.4375  1.00000e+00  1.00000e+00  1.06401e-03  0.00000e+00
 -10449.56  6334.0625  1.00000e+00  1.00000e+00  1.08451e-03  0.00000e+00
 -10421.01  6334.6875  1.00000e+00  1.00000e+00  1.06390e-03  0.00000e+00
 -10392.46  6335.3125  1.00000e+00  1.00000e+00  1.00511e-03  0.00000e+00
 -10363.91  6335.9375  1.00000e+00  1.00000e+00  9.66069e-04  0.00000e+00
 -10335.36  6336.5625  1.00000e+00  1.00000e+00  9.04698e-04  0.00000e+00
 -10306.81  6337.1875  1.00000e+00  1.00000e+00  9.12942e-04  0.00000e+00
 -10278.26  6337.8125  1.00000e+00  1.00000e+00  9.35727e-04  0.00000e+00
 -10249.71  6338.4375  1.00000e+00  1.00000e+00  9.56485e-04  0.00000e+00
 -10221.16  6339.0625  1.00000e+00  1.00000e+00  1.00762e-03  0.00000e+00
 -10192.60  6339.6875  1.00000e+00  1.00000e+00  9.86004e-04  0.00000e+00
 -10164.05  6340.3125  1.00000e+00  1.00000e+00  9.54736e-04  0.00000e+00
 -10135.50  6340.9375  1.00000e+00  1.00000e+00  9.76933e-04  0.00000e+00
 -10106.95  6341.5625  1.00000e+00  1.00000e+00  1.01211e-03  0.00000e+00
 -10078.40  6342.1875  1.00000e+00  1.00000e+00  9.67792e-04  0.00000e+00
 -10049.85  6342.8125  1.00000e+00  1.00000e+00  9.20514e-04  0.00000e+00
 -10021.30  6343.4375  1.00000e+00  1.00000e+00  1.00196e-03  0.00000e+00
  -9992.75  6344.0625  1.00000e+00  1.00000e+00  1.07822e-03  0.00000e+00
  -9964.20  6344.6875  1.00000e+00  1.00000e+00  1.08495e-03  0.00000e+00
  -9935.65  6345.3125  1.00000e+00  1.00000e+00  1.11011e-03  0.00000e+00
  -9907.09  6345.9375  1.00000e+00  1.00000e+00  1.14064e-03  0.00000e+00
  -9878.54  6346.5625  1.00000e+00  1.00000e+00  1.12566e-03  0.00000e+00
  -9849.99  6347.1875  1.00000e+00  1.00000e+00  1.07628e-03  0.00000e+00
  -9821.44  6347.8125  1.00000e+00  1.00000e+00  1.04337e-03  0.00000e+00
  -9792.89  6348.4375  1.00000e+00  1.00000e+00  1.01536e-03  0.00000e+00
  -9764.34  6349.0625  1.00000e+00  1.00000e+00  1.00407e-03  0.00000e+00
  -9735.79  6349.6875  1.00000e+00  1.00000e+00  1.06924e-03  0.00000e+00
  -9707.24  6350.3125  1.00000e+00  1.00000e+00  1.05122e-03  0.00000e+00
  -9678.69  6350.9375  1.00000e+00  1.00000e+00  9.45454e-04  0.00000e+00
  -9650.13  6351.5625  1.00000e+00  1.00000e+00  9.37981e-04  0.00000e+00
  -9621.58  6352.1875  1.00000e+00  1.00000e+00  9.64404e-04  0.00000e+00
  -9593.03  6352.8125  1.00000e+00  1.00000e+00  8.85246e-04  0.00000e+00
  -9564.48  6353.4375  1.00000e+00  1.00000e+00  8.57011e-04  0.00000e+00
  -9535.93  6354.0625  1.00000e+00  1.00000e+00  8.49104e-04  0.00000e+00
  -9507.38  6354.6875  1.00000e+00  1.00000e+00  8.50881e-04  0.00000e+00
  -9478.83  6355.3125  1.00000e+00  1.00000e+00  9.35628e-04  0.00000e+00
  -9450.28  6355.9375  1.00000e+00  1.00000e+00  1.00253e-03  0.00000e+00
  -9421.73  6356.5625  1.00000e+00  1.00000e+00  1.02163e-03  0.00000e+00
  -9393.18  6357.1875  1.00000e+00  1.00000e+00  9.98447e-04  0.00000e+00
  -9364.62  6357.8125  1.00000e+00  1.00000e+00  1.01028e-03  0.00000e+00
  -9336.07  6358.4375  1.00000e+00  1.00000e+00  1.03304e-03  0.00000e+00
  -9307.52  6359.0625  1.00000e+00  1.00000e+00  9.75895e-04  0.00000e+00
  -9278.97  6359.6875  1.00000e+00  1.00000e+00  8.81875e-04  0.00000e+00
  -9250.42  6360.3125  1.00000e+00  1.00000e+00  8.83095e-04  0.00000e+00
  -9221.87  6360.9375  1.00000e+00  1.00000e+00  9.04473e-04  0.00000e+00
  -9193.32  6361.5625  1.00000e+00  1.00000e+00  8.74802e-04  0.00000e+00
  -9164.77  6362.1875  1.00000e+00  1.00000e+00  8.23788e-04  0.00000e+00
  -9136.22  6362.8125  1.00000e+00  1.00000e+00  8.25307e-04  0.00000e+00
  -9107.67  6363.4375  1.00000e+00  1.00000e+00  8.61028e-04  0.00000e+00
  -9079.11  6364.0625  1.00000e+00  1.00000e+00  9.16241e-04  0.00000e+00
  -9050.56  6364.6875  1.00000e+00  1.00000e+00  1.00827e-03  0.00000e+00
  -9022.01  6365.3125  1.00000e+00  1.00000e+00  1.07192e-03  0.00000e+00
  -8993.46  6365.9375  1.00000e+00  1.00000e+00  1.02104e-03  0.00000e+00
  -8964.91  6366.5625  1.00000e+00  1.00000e+00  9.78595e-04  0.00000e+00
  -8936.36  6367.1875  1.00000e+00  1.00000e+00  9.36079e-04  0.00000e+00
  -8907.81  6367.8125  1.00000e+00  1.00000e+00  9.95201e-04  0.00000e+00
  -8879.26  6368.4375  1.00000e+00  1.00000e+00  1.02466e-03  0.00000e+00
  -8850.71  6369.0625  1.00000e+00  1.00000e+00  9.62092e-04  0.00000e+00
  -8822.15  6369.6875  1.00000e+00  1.00000e+00  9.38464e-04  0.00000e+00
  -8793.60  6370.3125  1.00000e+00  1.00000e+00  8.86971e-04  0.00000e+00
  -8765.05  6370.9375  1.00000e+00  1.00000e+00  8.34872e-04  0.00000e+00
  -8736.50  6371.5625  1.00000e+00  1.00000e+00  8.78772e-04  0.00000e+00
  -8707.95  6372.1875  1.00000e+00  1.00000e+00  9.49827e-04  0.00000e+00
  -8679.40  6372.8125  1.00000e+00  1.00000e+00  9.48995e-04  0.00000e+00
  -8650.85  6373.4375  1.00000e+00  1.00000e+00  9.83347e-04  0.00000e+00
  -8622.30  6374.0625  1.00000e+00  1.00000e+00  1.00689e-03  0.00000e+00
  -8593.75  6374.6875  1.00000e+00  1.00000e+00  1.02778e-03  0.00000e+00
  -8565.20  6375.3125  1.00000e+00  1.00000e+00  9.89825e-04  0.00000e+00
  -8536.64  6375.9375  1.00000e+00  1.00000e+00  9.15010e-04  0.00000e+00
  -8508.09  6376.5625  1.00000e+00  1.00000e+00  8.78842e-04  0.00000e+00
  -8479.54  6377.1875  1.00000e+00  1.00000e+00  8.83063e-04  0.00000e+00
  -8450.99  6377.8125  1.00000e+00  1.00000e+00  8.25390e-04  0.00000e+00
  -8422.44  6378.4375  1.00000e+00  1.00000e+00  8.54875e-04  0.00000e+00
  -8393.89  6379.0625  1.00000e+00  1.00000e+00  9.26196e-04  0.00000e+00
  -8365.34  6379.6875  1.00000e+00  1.00000e+00  9.27462e-04  0.00000e+00
  -8336.79  6380.3125  1.00000e+00  1.00000e+00  9.34884e-04  0.00000e+00
  -8308.24  6380.9375  1.00000e+00  1.00000e+00  1.02358e-03  0.00000e+00
  -8279.69  6381.5625  1.00000e+00  1.00000e+00  1.08450e-03  0.00000e+00
  -8251.13  6382.1875  1.00000e+00  1.00000e+00  1.08131e-03  0.00000e+00
  -8222.58  6382.8125  1.00000e+00  1.00000e+00  1.12857e-03  0.00000e+00
  -8194.03  6383.4375  1.00000e+00  1.00000e+00  1.12121e-03  0.00000e+00
  -8165.48  6384.0625  1.00000e+00  1.00000e+00  9.66731e-04  0.00000e+00
  -8136.93  6384.6875  1.00000e+00  1.00000e+00  8.95902e-04  0.00000e+00
  -8108.38  6385.3125  1.00000e+00  1.00000e+00  8.86201e-04  0.00000e+00
  -8079.83  6385.9375  1.00000e+00  1.00000e+00  9.19918e-04  0.00000e+00
  -8051.28  6386.5625  1.00000e+00  1.00000e+00  9.89379e-04  0.00000e+00
  -8022.73  6387.1875  1.00000e+00  1.00000e+00  1.08481e-03  0.00000e+00
  -7994.17  6387.8125  1.00000e+00  1.00000e+00  1.09163e-03  0.00000e+00
  -7965.62  6388.4375  1.00000e+00  1.00000e+00  1.06098e-03  0.00000e+00
  -7937.07  6389.0625  1.00000e+00  1.00000e+00  1.06348e-03  0.00000e+00
  -7908.52  6389.6875  1.00000e+00  1.00000e+00  1.05827e-03  0.00000e+00
  -7879.97  6390.3125  1.00000e+00  1.00000e+00  9.96887e-04  0.00000e+00
  -7851.42  6390.9375  1.00000e+00  1.00000e+00  9.36221e-04  0.00000e+00
  -7822.87  6391.5625  1.00000e+00  1.00000e+00  9.33321e-04  0.00000e+00
  -7794.32  6392.1875  1.00000e+00  1.00000e+00  9.69897e-04  0.00000e+00
  -7765.77  6392.8125  1.00000e+00  1.00000e+00  9.97695e-04  0.00000e+00
  -7737.22  6393.4375  1.00000e+00  1.00000e+00  9.77118e-04  0.00000e+00
  -7708.66  6394.0625  1.00000e+00  1.00000e+00  9.74507e-04  0.00000e+00
  -7680.11  6394.6875  1.00000e+00  1.00000e+00  9.56302e-04  0.00000e+00
  -7651.56  6395.3125  1.00000e+00  1.00000e+00  9.55881e-04  0.00000e+00
  -7623.01  6395.9375  1.00000e+00  1.00000e+00  9.91136e-04  0.00000e+00
  -7594.46  6396.5625  1.00000e+00  1.00000e+00  9.66459e-04  0.00000e+00
  -7565.91  6397.1875  1.00000e+00  1.00000e+00  8.79154e-04  0.00000e+00
  -7537.36  6397.8125  1.00000e+00  1.00000e+00  8.66411e-04  0.00000e+00
  -7508.81  6398.4375  1.00000e+00  1.00000e+00  8.97545e-04  0.00000e+00
  -7480.26  6399.0625  1.00000e+00  1.00000e+00  9.59661e-04  0.00000e+00
  -7451.71  6399.6875  1.00000e+00  1.00000e+00  9.51840e-04  0.00000e+00
  -7423.15  6400.3125  1.00000e+00  1.00000e+00  9.51581e-04  0.00000e+00
  -7394.60  6400.9375  1.00000e+00  1.00000e+00  9.01479e-04  0.00000e+00
  -7366.05  6401.5625  1.00000e+00  1.00000e+00  9.00781e-04  0.00000e+00
  -7337.50  6402.1875  1.00000e+00  1.00000e+00  9.88924e-04  0.00000e+00
  -7308.95  6402.8125  1.00000e+00  1.00000e+00  1.02244e-03  0.00000e+00
  -7280.40  6403.4375  1.00000e+00  1.00000e+00  9.31030e-04  0.00000e+00
  -7251.85  6404.0625  1.00000e+00  1.00000e+00  9.32593e-04  0.00000e+00
  -7223.30  6404.6875  1.00000e+00  1.00000e+00  1.09363e-03  0.00000e+00
  -7194.75  6405.3125  1.00000e+00  1.00000e+00  1.24381e-03  0.00000e+00
  -7166.19  6405.9375  1.00000e+00  1.00000e+00  1.11528e-03  0.00000e+00
  -7137.64  6406.5625  1.00000e+00  1.00000e+00  9.97502e-04  0.00000e+00
  -7109.09  6407.1875  1.00000e+00  1.00000e+00  9.62232e-04  0.00000e+00
  -7080.54  6407.8125  1.00000e+00  1.00000e+00  9.07566e-04  0.00000e+00
  -7051.99  6408.4375  1.00000e+00  1.00000e+00  9.00997e-04  0.00000e+00
  -7023.44  6409.0625  1.00000e+00  1.00000e+00  9.48714e-04  0.00000e+00
  -6994.89  6409.6875  1.00000e+00  1.00000e+00  9.60234e-04  0.00000e+00
  -6966.34  6410.3125  1.00000e+00  1.00000e+00  9.54104e-04  0.00000e+00
  -6937.79  6410.9375  1.00000e+00  1.00000e+00  9.63099e-04  0.00000e+00
  -6909.24  6411.5625  1.00000e+00  1.00000e+00  1.09034e-03  0.00000e+00
  -6880.68  6412.1875  1.00000e+00  1.00000e+00  1.19387e-03  0.00000e+00
  -6852.13  6412.8125  1.00000e+00  1.00000e+00  1.08762e-03  0.00000e+00
  -6823.58  6413.4375  1.00000e+00  1.00000e+00  1.02838e-03  0.00000e+00
  -6795.03  6414.0625  1.00000e+00  1.00000e+00  1.04698e-03  0.00000e+00
  -6766.48  6414.6875  1.00000e+00  1.00000e+00  1.01363e-03  0.00000e+00
  -6737.93  6415.3125  1.00000e+00  1.00000e+00  9.62976e-04  0.00000e+00
  -6709.38  6415.9375  1.00000e+00  1.00000e+00  9.26261e-04  0.00000e+00
  -6680.83  6416.5625  1.00000e+00  1.00000e+00  9.85198e-04  0.00000e+00
  -6652.28  6417.1875  1.00000e+00  1.00000e+00  1.05205e-03  0.00000e+00
  -6623.73  6417.8125  1.00000e+00  1.00000e+00  1.05501e-03  0.00000e+00
  -6595.17  6418.4375  1.00000e+00  1.00000e+00  1.07932e-03  0.00000e+00
  -6566.62  6419.0625  1.00000e+00  1.00000e+00  1.13300e-03  0.00000e+00
  -6538.07  6419.6875  1.00000e+00  1.00000e+00  1.03310e-03  0.00000e+00
  -6509.52  6420.3125  1.00000e+00  1.00000e+00  9.72772e-04  0.00000e+00
  -6480.97  6420.9375  1.00000e+00  1.00000e+00  1.09447e-03  0.00000e+00
  -6452.42  6421.5625  1.00000e+00  1.00000e+00  1.11030e-03  0.00000e+00
  -6423.87  6422.1875  1.00000e+00  1.00000e+00  1.00062e-03  0.00000e+00
  -6395.32  6422.8125  1.00000e+00  1.00000e+00  9.49993e-04  0.00000e+00
  -6366.77  6423.4375  1.00000e+00  1.00000e+00  9.52897e-04  0.00000e+00
  -6338.21  6424.0625  1.00000e+00  1.00000e+00  9.72005e-04  0.00000e+00
  -6309.66  6424.6875  1.00000e+00  1.00000e+00  9.93107e-04  0.00000e+00
  -6281.11  6425.3125  1.00000e+00  1.00000e+00  9.94102e-04  0.00000e+00
  -6252.56  6425.9375  1.00000e+00  1.00000e+00  9.93928e-04  0.00000e+00
  -6224.01  6426.5625  1.00000e+00  1.00000e+00  1.05610e-03  0.00000e+00
  -6195.46  6427.1875  9.99999e-01  9.99999e-01  1.09286e-03  0.00000e+00
  -6166.91  6427.8125  9.99999e-01  9.99999e-01  1.00896e-03  0.00000e+00
  -6138.36  6428.4375  9.99999e-01  9.99999e-01  9.56584e-04  0.00000e+00
  -6109.81  6429.0625  9.99999e-01  9.99999e-01  9.71982e-04  0.00000e+00
  -6081.26  6429.6875  9.99999e-01  9.99999e-01  9.90690e-04  0.00000e+00
  -6052.70  6430.3125  9.99999e-01  9.99999e-01  9.61136e-04  0.00000e+00
  -6024.15  6430.9375  9.99998e-01  9.99998e-01  9.10785e-04  0.00000e+00
  -5995.60  6431.5625  9.99998e-01  9.99998e-01  9.10370e-04  0.00000e+00
  -5967.05  6432.1875  9.99998e-01  9.99998e-01  1.04214e-03  0.00000e+00
  -5938.50  6432.8125  9.99997e-01  9.99997e-01  1.17966e-03  0.00000e+00
  -5909.95  6433.4375  9.99996e-01  9.99997e-01  1.07926e-03  0.00000e+00
  -5881.40  6434.0625  9.99996e-01  9.99996e-01  8.99647e-04  0.00000e+00
  -5852.85  6434.6875  9.99994e-01  9.99995e-01  8.39692e-04  0.00000e+00
  -5824.30  6435.3125  9.99993e-01  9.99993e-01  8.77125e-04  0.00000e+00
  -5795.75  6435.9375  9.99991e-01  9.99991e-01  9.13229e-04  0.00000e+00
  -5767.19  6436.5625  9.99988e-01  9.99988e-01  9.24609e-04  0.00000e+00
  -5738.64  6437.1875  9.99984e-01  9.99984e-01  9.18239e-04  0.00000e+00
  -5710.09  6437.8125  9.99981e-01  9.99981e-01  9.52709e-04  0.00000e+00
  -5681.54  6438.4375  9.99977e-01  9.99977e-01  9.29400e-04  0.00000e+00
  -5652.99  6439.0625  9.99973e-01  9.99973e-01  9.25463e-04  0.00000e+00
  -5624.44  6439.6875  9.99969e-01  9.99969e-01  1.03920e-03  0.00000e+00
  -5595.89  6440.3125  9.99964e-01  9.99965e-01  1.14178e-03  0.00000e+00
  -5567.34  6440.9375  9.99957e-01  9.99957e-01  1.17037e-03  0.00000e+00
  -5538.79  6441.5625  9.99947e-01  9.99948e-01  1.11041e-03  0.00000e+00
  -5510.24  6442.1875  9.99938e-01  9.99938e-01  9.94348e-04  0.00000e+00
  -5481.68  6442.8125  9.99927e-01  9.99928e-01  9.28507e-04  0.00000e+00
  -5453.13  6443.4375  9.99916e-01  9.99917e-01  9.16732e-04  0.00000e+00
  -5424.58  6444.0625  9.99903e-01  9.99903e-01  9.07134e-04  0.00000e+00
  -5396.03  6444.6875  9.99890e-01  9.99890e-01  8.94211e-04  0.00000e+00
  -5367.48  6445.3125  9.99877e-01  9.99877e-01  8.95397e-04  0.00000e+00
  -5338.93  6445.9375  9.99863e-01  9.99863e-01  9.21055e-04  0.00000e+00
  -5310.38  6446.5625  9.99850e-01  9.99851e-01  9.61246e-04  0.00000e+00
  -5281.83  6447.1875  9.99838e-01  9.99838e-01  1.02755e-03  0.00000e+00
  -5253.28  6447.8125  9.99825e-01  9.99825e-01  1.04124e-03  0.00000e+00
  -5224.72  6448.4375  9.99813e-01  9.99812e-01  1.00251e-03  0.00000e+00
  -5196.17  6449.0625  9.99805e-01  9.99802e-01  1.00851e-03  0.00000e+00
  -5167.62  6449.6875  9.99802e-01  9.99802e-01  1.00617e-03  0.00000e+00
  -5139.07  6450.3125  9.99798e-01  9.99801e-01  1.04278e-03  0.00000e+00
  -5110.52  6450.9375  9.99789e-01  9.99794e-01  1.04729e-03  0.00000e+00
  -5081.97  6451.5625  9.99773e-01  9.99773e-01  9.95213e-04  0.00000e+00
  -5053.42  6452.1875  9.99751e-01  9.99752e-01  9.91641e-04  0.00000e+00
  -5024.87  6452.8125  9.99727e-01  9.99728e-01  8.95507e-04  0.00000e+00
  -4996.32  6453.4375  9.99700e-01  9.99701e-01  9.11642e-04  0.00000e+00
  -4967.77  6454.0625  9.99669e-01  9.99673e-01  9.59136e-04  0.00000e+00
  -4939.21  6454.6875  9.99630e-01  9.99632e-01  9.78395e-04  0.00000e+00
  -4910.66  6455.3125  9.99582e-01  9.99588e-01  9.78937e-04  0.00000e+00
  -4882.11  6455.9375  9.99523e-01  9.99528e-01  9.33057e-04  0.00000e+00
  -4853.56  6456.5625  9.99454e-01  9.99454e-01  8.28958e-04  0.00000e+00
  -4825.01  6457.1875  9.99391e-01  9.99376e-01  8.39600e-04  0.00000e+00
  -4796.46  6457.8125  9.99348e-01  9.99347e-01  9.17884e-04  0.00000e+00
  -4767.91  6458.4375  9.99303e-01  9.99321e-01  9.31964e-04  0.00000e+00
  -4739.36  6459.0625  9.99231e-01  9.99237e-01  9.69789e-04  0.00000e+00
  -4710.81  6459.6875  9.99136e-01  9.99142e-01  9.29448e-04  0.00000e+00
  -4682.26  6460.3125  9.99024e-01  9.99029e-01  9.15229e-04  0.00000e+00
  -4653.70  6460.9375  9.98894e-01  9.98903e-01  9.83110e-04  0.00000e+00
  -4625.15  6461.5625  9.98744e-01  9.98754e-01  1.06824e-03  0.00000e+00
  -4596.60  6462.1875  9.98568e-01  9.98578e-01  1.09672e-03  0.00000e+00
  -4568.05  6462.8125  9.98364e-01  9.98377e-01  1.05942e-03  0.00000e+00
  -4539.50  6463.4375  9.98129e-01  9.98141e-01  1.01306e-03  0.00000e+00
  -4510.95  6464.0625  9.97858e-01  9.97875e-01  1.06932e-03  0.00000e+00
  -4482.40  6464.6875  9.97545e-01  9.97564e-01  1.00674e-03  0.00000e+00
  -4453.85  6465.3125  9.97180e-01  9.97202e-01  8.97464e-04  0.00000e+00
  -4425.30  6465.9375  9.96753e-01  9.96786e-01  9.79162e-04  0.00000e+00
  -4396.74  6466.5625  9.96239e-01  9.96283e-01  1.03606e-03  0.00000e+00
  -4368.19  6467.1875  9.95620e-01  9.95660e-01  1.02642e-03  0.00000e+00
  -4339.64  6467.8125  9.94890e-01  9.94935e-01  1.03253e-03  0.00000e+00
  -4311.09  6468.4375  9.94038e-01  9.94095e-01  1.00319e-03  0.00000e+00
  -4282.54  6469.0625  9.93014e-01  9.93121e-01  9.53797e-04  0.00000e+00
  -4253.99  6469.6875  9.91722e-01  9.91860e-01  9.58174e-04  0.00000e+00
  -4225.44  6470.3125  9.90085e-01  9.90247e-01  9.68464e-04  0.00000e+00
  -4196.89  6470.9375  9.88197e-01  9.88112e-01  9.00920e-04  0.00000e+00
  -4168.34  6471.5625  9.86352e-01  9.86301e-01  8.33354e-04  0.00000e+00
  -4139.79  6472.1875  9.84608e-01  9.84620e-01  8.56976e-04  0.00000e+00
  -4111.23  6472.8125  9.82739e-01  9.82951e-01  8.70694e-04  0.00000e+00
  -4082.68  6473.4375  9.80294e-01  9.80758e-01  8.49207e-04  0.00000e+00
  -4054.13  6474.0625  9.76976e-01  9.77170e-01  8.68366e-04  0.00000e+00
  -4025.58  6474.6875  9.72952e-01  9.73197e-01  9.15428e-04  0.00000e+00
  -3997.03  6475.3125  9.68244e-01  9.68604e-01  9.62455e-04  0.00000e+00
  -3968.48  6475.9375  9.62785e-01  9.62980e-01  9.10926e-04  0.00000e+00
  -3939.93  6476.5625  9.56847e-01  9.56827e-01  8.12069e-04  0.00000e+00
  -3911.38  6477.1875  9.50657e-01  9.50882e-01  8.14774e-04  0.00000e+00
  -3882.83  6477.8125  9.43916e-01  9.44325e-01  8.68066e-04  0.00000e+00
  -3854.28  6478.4375  9.36281e-01  9.36615e-01  9.27010e-04  8.55593e-07
  -3825.72  6479.0625  9.27677e-01  9.28080e-01  9.60061e-04  8.26580e-05
  -3797.17  6479.6875  9.17843e-01  9.18581e-01  9.15560e-04  2.18833e-03
  -3768.62  6480.3125  9.06177e-01  9.07105e-01  8.18485e-04  1.63887e-02
  -3740.07  6480.9375  8.92179e-01  8.93178e-01  7.97712e-04  3.86857e-02
  -3711.52  6481.5625  8.75693e-01  8.76576e-01  8.04895e-04  3.96487e-02
  -3682.97  6482.1875  8.56814e-01  8.57808e-01  8.31915e-04  2.65605e-02
  -3654.42  6482.8125  8.36446e-01  8.35772e-01  8.30444e-04  9.65196e-03
  -3625.87  6483.4375  8.15997e-01  8.16373e-01  7.66343e-04  2.40156e-03
  -3597.32  6484.0625  7.92944e-01  7.96912e-01  6.61225e-04  8.40968e-03
  -3568.76  6484.6875  7.63218e-01  7.65291e-01  6.50161e-04  1.70875e-02
  -3540.21  6485.3125  7.29727e-01  7.27252e-01  6.68310e-04  1.62357e-02
  -3511.66  6485.9375  6.96360e-01  6.99068e-01  6.34508e-04  1.73934e-02
  -3483.11  6486.5625  6.58106e-01  6.62671e-01  5.56344e-04  1.57386e-02
  -3454.56  6487.1875  6.13336e-01  6.11533e-01  4.67457e-04  1.61275e-02
  -3426.01  6487.8125  5.69048e-01  5.67609e-01  4.24543e-04  7.86411e-03
  -3397.46  6488.4375  5.28629e-01  5.26852e-01  4.20407e-04  1.10614e-03
  -3368.91  6489.0625  4.89842e-01  4.92554e-01  3.72679e-04  4.24186e-05
  -3340.36  6489.6875  4.47601e-01  4.48983e-01  2.91569e-04  6.82607e-07
  -3311.81  6490.3125  4.00027e-01  4.03363e-01  2.54960e-04  2.31481e-05
  -3283.25  6490.9375  3.49647e-01  3.45521e-01  2.36076e-04  6.04337e-04
  -3254.70  6491.5625  3.03828e-01  3.01783e-01  2.08688e-04  4.35983e-03
  -3226.15  6492.1875  2.60950e-01  2.64683e-01  1.62443e-04  1.06131e-02
  -3197.60  6492.8125  2.16187e-01  2.13531e-01  1.27303e-04  2.22239e-02
  -3169.05  6493.4375  1.75009e-01  1.71505e-01  1.10310e-04  4.17926e-02
  -3140.50  6494.0625  1.42491e-01  1.38525e-01  7.45694e-05  4.07336e-02
  -3111.95  6494.6875  1.19209e-01  1.16394e-01  5.24582e-05  3.35706e-02
  -3083.40  6495.3125  1.02530e-01  1.02046e-01  6.15157e-05  2.55417e-02
  -3054.85  6495.9375  8.91650e-02  8.78585e-02  8.08945e-05  1.21265e-02
  -3026.30  6496.5625  7.89261e-02  7.73451e-02  7.86798e-05  6.81362e-03
  -2997.74  6497.1875  7.25072e-02  7.10323e-02  9.02943e-05  8.67622e-03
  -2969.19  6497.8125  6.93129e-02  6.89097e-02  1.22662e-04  1.81129e-02
  -2940.64  6498.4375  6.78181e-02  6.74721e-02  9.68180e-05  2.20443e-02
  -2912.09  6499.0625  6.72466e-02  6.69731e-02  6.87765e-05  1.90191e-02
  -2883.54  6499.6875  6.73983e-02  6.71795e-02  7.64086e-05  2.69807e-02
  -2854.99  6500.3125  6.81346e-02  6.79512e-02  9.44993e-05  3.82126e-02
  -2826.44  6500.9375  6.93589e-02  6.91975e-02  9.43850e-05  4.51958e-02
  -2797.89  6501.5625  7.10050e-02  7.08650e-02  9.76127e-05  4.03240e-02
  -2769.34  6502.1875  7.30171e-02  7.28976e-02  1.04389e-04  4.78886e-02
  -2740.78  6502.8125  7.53432e-02  7.52409e-02  9.64178e-05  3.62620e-02
  -2712.23  6503.4375  7.79376e-02  7.78504e-02  1.09034e-04  1.48677e-02
  -2683.68  6504.0625  8.07595e-02  8.06876e-02  9.17159e-05  9.50233e-03
  -2655.13  6504.6875  8.37721e-02  8.37107e-02  8.38199e-05  1.89315e-02
  -2626.58  6505.3125  8.69451e-02  8.68940e-02  1.38518e-04  5.23090e-02
  -2598.03  6505.9375  9.02531e-02  9.02094e-02  1.59685e-04  8.50947e-02
  -2569.48  6506.5625  9.36752e-02  9.36391e-02  8.19110e-05  9.33673e-02
  -2540.93  6507.1875  9.71938e-02  9.71616e-02  5.42386e-05  1.14521e-01
  -2512.38  6507.8125  1.00797e-01  1.00768e-01  1.20256e-04  1.44863e-01
  -2483.83  6508.4375  1.04473e-01  1.04448e-01  2.18041e-04  1.39482e-01
  -2455.27  6509.0625  1.08217e-01  1.08193e-01  2.33982e-04  1.20915e-01
  -2426.72  6509.6875  1.12022e-01  1.12002e-01  1.99449e-04  9.63452e-02
  -2398.17  6510.3125  1.15884e-01  1.15862e-01  1.71111e-04  8.57612e-02
  -2369.62  6510.9375  1.19801e-01  1.19782e-01  1.47856e-04  1.07197e-01
  -2341.07  6511.5625  1.23771e-01  1.23750e-01  1.57392e-04  1.82823e-01
  -2312.52  6512.1875  1.27795e-01  1.27775e-01  1.95472e-04  2.64208e-01
  -2283.97  6512.8125  1.31872e-01  1.31852e-01  2.36669e-04  3.50221e-01
  -2255.42  6513.4375  1.36002e-01  1.35981e-01  2.67357e-04  4.11185e-01
  -2226.87  6514.0625  1.40187e-01  1.40166e-01  2.96984e-04  4.09822e-01
  -2198.32  6514.6875  1.44427e-01  1.44406e-01  2.71657e-04  4.21073e-01
  -2169.76  6515.3125  1.48722e-01  1.48699e-01  2.11331e-04  3.89710e-01
  -2141.21  6515.9375  1.53076e-01  1.53055e-01  1.98477e-04  4.04778e-01
  -2112.66  6516.5625  1.57490e-01  1.57466e-01  2.35852e-04  4.63523e-01
  -2084.11  6517.1875  1.61964e-01  1.61939e-01  2.58374e-04  4.77998e-01
  -2055.56  6517.8125  1.66501e-01  1.66477e-01  2.89179e-04  5.55960e-01
  -2027.01  6518.4375  1.71101e-01  1.71075e-01  2.53573e-04  6.79349e-01
  -1998.46  6519.0625  1.75769e-01  1.75743e-01  2.10439e-04  7.27756e-01
  -1969.91  6519.6875  1.80504e-01  1.80477e-01  2.36398e-04  8.93965e-01
  -1941.36  6520.3125  1.85309e-01  1.85281e-01  2.67180e-04  1.06908e+00
  -1912.80  6520.9375  1.90187e-01  1.90158e-01  2.97773e-04  1.24747e+00
  -1884.25  6521.5625  1.95140e-01  1.95110e-01  3.24699e-04  1.38262e+00
  -1855.70  6522.1875  2.00169e-01  2.00139e-01  3.21205e-04  1.51422e+00
  -1827.15  6522.8125  2.05277e-01  2.05247e-01  3.09282e-04  1.80098e+00
  -1798.60  6523.4375  2.10467e-01  2.10434e-01  2.87717e-04  2.07885e+00
  -1770.05  6524.0625  2.15740e-01  2.15706e-01  2.89683e-04  2.12425e+00
  -1741.50  6524.6875  2.21100e-01  2.21065e-01  2.88050e-04  2.15566e+00
  -1712.95  6525.3125  2.26551e-01  2.26515e-01  3.25372e-04  2.41001e+00
  -1684.40  6525.9375  2.32095e-01  2.32057e-01  4.21228e-04  2.84091e+00
  -1655.85  6526.5625  2.37735e-01  2.37697e-01  4.40968e-04  3.10179e+00
  -1627.29  6527.1875  2.43477e-01  2.43437e-01  3.78382e-04  3.29031e+00
  -1598.74  6527.8125  2.49322e-01  2.49281e-01  3.15639e-04  3.46123e+00
  -1570.19  6528.4375  2.55274e-01  2.55232e-01  2.68102e-04  3.85124e+00
  -1541.64  6529.0625  2.61338e-01  2.61293e-01  2.95942e-04  4.23859e+00
  -1513.09  6529.6875  2.67518e-01  2.67472e-01  4.03161e-04  4.72051e+00
  -1484.54  6530.3125  2.73818e-01  2.73769e-01  4.24822e-04  5.52232e+00
  -1455.99  6530.9375  2.80244e-01  2.80192e-01  3.50290e-04  6.06470e+00
  -1427.44  6531.5625  2.86802e-01  2.86751e-01  3.25715e-04  6.51139e+00
  -1398.89  6532.1875  2.93497e-01  2.93444e-01  4.04706e-04  6.82277e+00
  -1370.34  6532.8125  3.00331e-01  3.00274e-01  5.39047e-04  7.00955e+00
  -1341.78  6533.4375  3.07312e-01  3.07251e-01  5.39699e-04  7.57352e+00
  -1313.23  6534.0625  3.14452e-01  3.14389e-01  5.06476e-04  8.61406e+00
  -1284.68  6534.6875  3.21754e-01  3.21691e-01  5.61850e-04  9.45882e+00
  -1256.13  6535.3125  3.29224e-01  3.29154e-01  5.89963e-04  9.87065e+00
  -1227.58  6535.9375  3.36873e-01  3.36800e-01  6.10646e-04  1.02533e+01
  -1199.03  6536.5625  3.44710e-01  3.44637e-01  6.33654e-04  1.12109e+01
  -1170.48  6537.1875  3.52743e-01  3.52661e-01  5.53493e-04  1.22612e+01
  -1141.93  6537.8125  3.60985e-01  3.60903e-01  5.38555e-04  1.32628e+01
  -1113.38  6538.4375  3.69445e-01  3.69355e-01  5.83719e-04  1.41667e+01
  -1084.83  6539.0625  3.78137e-01  3.78043e-01  5.52303e-04  1.48864e+01
  -1056.27  6539.6875  3.87076e-01  3.86976e-01  5.62917e-04  1.59565e+01
  -1027.72  6540.3125  3.96276e-01  3.96169e-01  5.78261e-04  1.75040e+01
   -999.17  6540.9375  4.05754e-01  4.05641e-01  5.86894e-04  1.92214e+01
   -970.62  6541.5625  4.15530e-01  4.15407e-01  5.81372e-04  2.04654e+01
   -942.07  6542.1875  4.25626e-01  4.25495e-01  5.86777e-04  2.15588e+01
   -913.52  6542.8125  4.36065e-01  4.35922e-01  6.99670e-04  2.33754e+01
   -884.97  6543.4375  4.46878e-01  4.46723e-01  8.36211e-04  2.53010e+01
   -856.42  6544.0625  4.58097e-01  4.57927e-01  8.29477e-04  2.66455e+01
   -827.87  6544.6875  4.69760e-01  4.69574e-01  8.03092e-04  2.87652e+01
   -799.31  6545.3125  4.81912e-01  4.81704e-01  7.71710e-04  3.19558e+01
   -770.76  6545.9375  4.94606e-01  4.94377e-01  7.59905e-04  3.58175e+01
   -742.21  6546.5625  5.07901e-01  5.07645e-01  8.28347e-04  4.05474e+01
   -713.66  6547.1875  5.21868e-01  5.21580e-01  8.85065e-04  4.50020e+01
   -685.11  6547.8125  5.36589e-01  5.36267e-01  8.17615e-04  4.93783e+01
   -656.56  6548.4375  5.52157e-01  5.51793e-01  7.03281e-04  5.52593e+01
   -628.01  6549.0625  5.68680e-01  5.68269e-01  7.25111e-04  6.25785e+01
   -599.46  6549.6875  5.86276e-01  5.85816e-01  7.78786e-04  6.99692e+01
   -570.91  6550.3125  6.05076e-01  6.04560e-01  8.56915e-04  7.83354e+01
   -542.36  6550.9375  6.25227e-01  6.24649e-01  9.30878e-04  8.82803e+01
   -513.80  6551.5625  6.46886e-01  6.46245e-01  9.03775e-04  9.80283e+01
   -485.25  6552.1875  6.70218e-01  6.69511e-01  8.67571e-04  1.05737e+02
   -456.70  6552.8125  6.95400e-01  6.94619e-01  9.12855e-04  1.11214e+02
   -428.15  6553.4375  7.22619e-01  7.21762e-01  9.90330e-04  1.15052e+02
   -399.60  6554.0625  7.52074e-01  7.51138e-01  1.00293e-03  1.17082e+02
   -371.05  6554.6875  7.83984e-01  7.82952e-01  9.85907e-04  1.17036e+02
   -342.50  6555.3125  8.18599e-01  8.17451e-01  9.91010e-04  1.17234e+02
   -313.95  6555.9375  8.56241e-01  8.54932e-01  1.10194e-03  1.16794e+02
   -285.40  6556.5625  8.97371e-01  8.95803e-01  1.17220e-03  1.16739e+02
   -256.85  6557.1875  9.42797e-01  9.40708e-01  1.27505e-03  1.18578e+02
   -228.29  6557.8125  9.95525e-01  9.90783e-01  1.42183e-03  1.21167e+02
   -199.74  6558.4375  1.07009e+00  1.04816e+00  1.57398e-03  1.25712e+02
   -171.19  6559.0625  1.19180e+00  1.16595e+00  1.62714e-03  1.32685e+02
   -142.64  6559.6875  1.34687e+00  1.37084e+00  1.64930e-03  1.38146e+02
   -114.09  6560.3125  1.48526e+00  1.48709e+00  1.79742e-03  1.39883e+02
    -85.54  6560.9375  1.60808e+00  1.60699e+00  1.83324e-03  1.38267e+02
    -56.99  6561.5625  1.72762e+00  1.73041e+00  1.71982e-03  1.36045e+02
    -28.44  6562.1875  1.82314e+00  1.85732e+00  1.73764e-03  1.35354e+02
      0.11  6562.8125  1.86727e+00  1.87389e+00  1.91808e-03  1.35074e+02
     28.67  6563.4375  1.87984e+00  1.88280e+00  2.09594e-03  1.35447e+02
     57.22  6564.0625  1.88156e+00  1.88436e+00  2.02512e-03  1.35625e+02
     85.77  6564.6875  1.87605e+00  1.87857e+00  1.95753e-03  1.34566e+02
    114.32  6565.3125  1.86464e+00  1.86583e+00  2.00656e-03  1.35276e+02
    142.87  6565.9375  1.84958e+00  1.85030e+00  2.14587e-03  1.37870e+02
    171.42  6566.5625  1.83250e+00  1.83294e+00  2.27124e-03  1.39792e+02
    199.97  6567.1875  1.81419e+00  1.81445e+00  2.36628e-03  1.39901e+02
    228.52  6567.8125  1.79516e+00  1.79530e+00  2.34056e-03  1.34797e+02
    257.07  6568.4375  1.77575e+00  1.77580e+00  2.27368e-03  1.24922e+02
    285.62  6569.0625  1.75620e+00  1.75618e+00  2.16449e-03  1.17047e+02
    314.18  6569.6875  1.73669e+00  1.73662e+00  2.07376e-03  1.13519e+02
    342.73  6570.3125  1.71735e+00  1.71724e+00  2.06654e-03  1.11609e+02
    371.28  6570.9375  1.69830e+00  1.69816e+00  1.95054e-03  1.09930e+02
    399.83  6571.5625  1.67961e+00  1.67945e+00  1.84448e-03  1.07722e+02
    428.38  6572.1875  1.66137e+00  1.66118e+00  1.81163e-03  1.04533e+02
    456.93  6572.8125  1.64361e+00  1.64340e+00  1.80245e-03  1.01966e+02
    485.48  6573.4375  1.62637e+00  1.62616e+00  1.77429e-03  9.97057e+01
    514.03  6574.0625  1.60968e+00  1.60947e+00  1.76878e-03  9.60054e+01
    542.58  6574.6875  1.59355e+00  1.59334e+00  1.76842e-03  9.16191e+01
    571.13  6575.3125  1.57799e+00  1.57777e+00  1.76864e-03  8.58861e+01
    599.69  6575.9375  1.56297e+00  1.56276e+00  1.75845e-03  7.98252e+01
    628.24  6576.5625  1.54849e+00  1.54829e+00  1.62133e-03  7.41274e+01
    656.79  6577.1875  1.53454e+00  1.53435e+00  1.53910e-03  6.81879e+01
    685.34  6577.8125  1.52109e+00  1.52091e+00  1.52040e-03  6.20772e+01
    713.89  6578.4375  1.50812e+00  1.50794e+00  1.54454e-03  5.69619e+01
    742.44  6579.0625  1.49560e+00  1.49544e+00  1.64549e-03  5.31565e+01
    770.99  6579.6875  1.48352e+00  1.48337e+00  1.73852e-03  4.97870e+01
    799.54  6580.3125  1.47185e+00  1.47170e+00  1.78670e-03  4.64605e+01
    828.09  6580.9375  1.46056e+00  1.46042e+00  1.90500e-03  4.32120e+01
    856.65  6581.5625  1.44964e+00  1.44951e+00  1.87974e-03  4.01915e+01
    885.20  6582.1875  1.43906e+00  1.43894e+00  1.70455e-03  3.75475e+01
    913.75  6582.8125  1.42881e+00  1.42869e+00  1.70431e-03  3.59917e+01
    942.30  6583.4375  1.41886e+00  1.41875e+00  1.83775e-03  3.41429e+01
    970.85  6584.0625  1.40920e+00  1.40910e+00  1.91664e-03  3.23964e+01
    999.40  6584.6875  1.39982e+00  1.39972e+00  1.81158e-03  3.13959e+01
   1027.95  6585.3125  1.39069e+00  1.39060e+00  1.63173e-03  2.96694e+01
   1056.50  6585.9375  1.38181e+00  1.38172e+00  1.46424e-03  2.75052e+01
   1085.05  6586.5625  1.37316e+00  1.37308e+00  1.37972e-03  2.58086e+01
   1113.60  6587.1875  1.36473e+00  1.36465e+00  1.32812e-03  2.43910e+01
   1142.16  6587.8125  1.35652e+00  1.35644e+00  1.36212e-03  2.35758e+01
   1170.71  6588.4375  1.34850e+00  1.34843e+00  1.52488e-03  2.27636e+01
   1199.26  6589.0625  1.34067e+00  1.34061e+00  1.68958e-03  2.15839e+01
   1227.81  6589.6875  1.33303e+00  1.33296e+00  1.71174e-03  2.02075e+01
   1256.36  6590.3125  1.32556e+00  1.32549e+00  1.64442e-03  1.83725e+01
   1284.91  6590.9375  1.31825e+00  1.31819e+00  1.57823e-03  1.71143e+01
   1313.46  6591.5625  1.31111e+00  1.31105e+00  1.52509e-03  1.66665e+01
   1342.01  6592.1875  1.30411e+00  1.30405e+00  1.51529e-03  1.58021e+01
   1370.56  6592.8125  1.29726e+00  1.29721e+00  1.43166e-03  1.46372e+01
   1399.11  6593.4375  1.29056e+00  1.29051e+00  1.32670e-03  1.36895e+01
   1427.67  6594.0625  1.28398e+00  1.28393e+00  1.24815e-03  1.30104e+01
   1456.22  6594.6875  1.27753e+00  1.27748e+00  1.22919e-03  1.24418e+01
   1484.77  6595.3125  1.27121e+00  1.27116e+00  1.32781e-03  1.20736e+01
   1513.32  6595.9375  1.26501e+00  1.26497e+00  1.43568e-03  1.16485e+01
   1541.87  6596.5625  1.25892e+00  1.25888e+00  1.49680e-03  1.05842e+01
   1570.42  6597.1875  1.25295e+00  1.25291e+00  1.46777e-03  9.68726e+00
   1598.97  6597.8125  1.24708e+00  1.24704e+00  1.30928e-03  9.18262e+00
   1627.52  6598.4375  1.24131e+00  1.24127e+00  1.13907e-03  8.49133e+00
   1656.07  6599.0625  1.23564e+00  1.23561e+00  1.06616e-03  7.98420e+00
   1684.63  6599.6875  1.23007e+00  1.23004e+00  1.09369e-03  7.90866e+00
   1713.18  6600.3125  1.22460e+00  1.22456e+00  1.13981e-03  7.64291e+00
   1741.73  6600.9375  1.21921e+00  1.21918e+00  1.20340e-03  6.90871e+00
   1770.28  6601.5625  1.21391e+00  1.21388e+00  1.22493e-03  6.06955e+00
   1798.83  6602.1875  1.20870e+00  1.20866e+00  1.24416e-03  5.73332e+00
   1827.38  6602.8125  1.20356e+00  1.20353e+00  1.36323e-03  5.71150e+00
   1855.93  6603.4375  1.19851e+00  1.19848e+00  1.35420e-03  5.52353e+00
   1884.48  6604.0625  1.19353e+00  1.19350e+00  1.36610e-03  4.99050e+00
   1913.03  6604.6875  1.18862e+00  1.18859e+00  1.39883e-03  4.64218e+00
   1941.58  6605.3125  1.18379e+00  1.18376e+00  1.32204e-03  4.52637e+00
   1970.14  6605.9375  1.17903e+00  1.17900e+00  1.19489e-03  4.30602e+00
   1998.69  6606.5625  1.17433e+00  1.17431e+00  1.10647e-03  3.92331e+00
   2027.24  6607.1875  1.16971e+00  1.16968e+00  1.13803e-03  3.79570e+00
   2055.79  6607.8125  1.16514e+00  1.16512e+00  1.14069e-03  3.68644e+00
   2084.34  6608.4375  1.16064e+00  1.16062e+00  1.16860e-03  3.27520e+00
   2112.89  6609.0625  1.15621e+00  1.15618e+00  1.21359e-03  2.90196e+00
   2141.44  6609.6875  1.15183e+00  1.15180e+00  1.16381e-03  2.79619e+00
   2169.99  6610.3125  1.14750e+00  1.14748e+00  1.12070e-03  2.64623e+00
   2198.54  6610.9375  1.14324e+00  1.14322e+00  1.16441e-03  2.53335e+00
   2227.09  6611.5625  1.13903e+00  1.13901e+00  1.09592e-03  2.53799e+00
   2255.65  6612.1875  1.13487e+00  1.13485e+00  9.91716e-04  2.44500e+00
   2284.20  6612.8125  1.13077e+00  1.13075e+00  8.97026e-04  2.30870e+00
   2312.75  6613.4375  1.12671e+00  1.12669e+00  9.01932e-04  2.13618e+00
   2341.30  6614.0625  1.12271e+00  1.12269e+00  9.45214e-04  2.07945e+00
   2369.85  6614.6875  1.11875e+00  1.11873e+00  1.03074e-03  2.06169e+00
   2398.40  6615.3125  1.11484e+00  1.11482e+00  1.03417e-03  1.98942e+00
   2426.95  6615.9375  1.11098e+00  1.11096e+00  9.81320e-04  1.76644e+00
   2455.50  6616.5625  1.10716e+00  1.10714e+00  9.86674e-04  1.64251e+00
   2484.05  6617.1875  1.10339e+00  1.10337e+00  9.91343e-04  1.58044e+00
   2512.61  6617.8125  1.09966e+00  1.09964e+00  9.62765e-04  1.44023e+00
   2541.16  6618.4375  1.09597e+00  1.09595e+00  1.01398e-03  1.31035e+00
   2569.71  6619.0625  1.09232e+00  1.09231e+00  1.13581e-03  1.24250e+00
   2598.26  6619.6875  1.08871e+00  1.08870e+00  1.17258e-03  1.20830e+00
   2626.81  6620.3125  1.08515e+00  1.08513e+00  1.12829e-03  1.18536e+00
   2655.36  6620.9375  1.08162e+00  1.08161e+00  1.05654e-03  1.17578e+00
   2683.91  6621.5625  1.07813e+00  1.07812e+00  1.02943e-03  1.19350e+00
   2712.46  6622.1875  1.07468e+00  1.07467e+00  1.05419e-03  1.16642e+00
   2741.01  6622.8125  1.07127e+00  1.07126e+00  1.10070e-03  1.10516e+00
   2769.56  6623.4375  1.06790e+00  1.06789e+00  1.09783e-03  1.01362e+00
   2798.12  6624.0625  1.06457e+00  1.06455e+00  1.10019e-03  9.44126e-01
   2826.67  6624.6875  1.06127e+00  1.06126e+00  1.11690e-03  8.74406e-01
   2855.22  6625.3125  1.05801e+00  1.05800e+00  1.13626e-03  8.18740e-01
   2883.77  6625.9375  1.05479e+00  1.05478e+00  1.06973e-03  7.58265e-01
   2912.32  6626.5625  1.05161e+00  1.05160e+00  9.25700e-04  7.33506e-01
   2940.87  6627.1875  1.04848e+00  1.04846e+00  9.01180e-04  7.74135e-01
   2969.42  6627.8125  1.04538e+00  1.04536e+00  8.61489e-04  8.51405e-01
   2997.97  6628.4375  1.04233e+00  1.04231e+00  8.04078e-04  8.47160e-01
   3026.52  6629.0625  1.03933e+00  1.03931e+00  8.71115e-04  8.26480e-01
   3055.07  6629.6875  1.03640e+00  1.03637e+00  9.81151e-04  7.85486e-01
   3083.63  6630.3125  1.03354e+00  1.03351e+00  1.06002e-03  6.83248e-01
   3112.18  6630.9375  1.03076e+00  1.03072e+00  1.06603e-03  5.64021e-01
   3140.73  6631.5625  1.02807e+00  1.02802e+00  1.00296e-03  5.54102e-01
   3169.28  6632.1875  1.02549e+00  1.02544e+00  9.58186e-04  6.00415e-01
   3197.83  6632.8125  1.02306e+00  1.02300e+00  1.04816e-03  5.83755e-01
   3226.38  6633.4375  1.02078e+00  1.02072e+00  1.05715e-03  5.42168e-01
   3254.93  6634.0625  1.01866e+00  1.01860e+00  9.03988e-04  5.51927e-01
   3283.48  6634.6875  1.01668e+00  1.01661e+00  7.87647e-04  5.57500e-01
   3312.03  6635.3125  1.01486e+00  1.01480e+00  7.52196e-04  5.33749e-01
   3340.58  6635.9375  1.01320e+00  1.01315e+00  7.76089e-04  4.86617e-01
   3369.14  6636.5625  1.01168e+00  1.01164e+00  8.64449e-04  4.47623e-01
   3397.69  6637.1875  1.01029e+00  1.01024e+00  9.71603e-04  4.83490e-01
   3426.24  6637.8125  1.00902e+00  1.00897e+00  1.06216e-03  4.62357e-01
   3454.79  6638.4375  1.00788e+00  1.00783e+00  1.10853e-03  3.84133e-01
   3483.34  6639.0625  1.00688e+00  1.00683e+00  1.01374e-03  3.67821e-01
   3511.89  6639.6875  1.00600e+00  1.00596e+00  8.92568e-04  3.31140e-01
   3540.44  6640.3125  1.00522e+00  1.00518e+00  9.15333e-04  2.95939e-01
   3568.99  6640.9375  1.00454e+00  1.00450e+00  9.46074e-04  2.93388e-01
   3597.54  6641.5625  1.00395e+00  1.00392e+00  9.72299e-04  3.21381e-01
   3626.10  6642.1875  1.00343e+00  1.00341e+00  9.59008e-04  3.90902e-01
   3654.65  6642.8125  1.00297e+00  1.00295e+00  8.83531e-04  3.59717e-01
   3683.20  6643.4375  1.00257e+00  1.00255e+00  8.28438e-04  2.77719e-01
   3711.75  6644.0625  1.00222e+00  1.00220e+00  8.16414e-04  2.32384e-01
   3740.30  6644.6875  1.00192e+00  1.00190e+00  8.14667e-04  2.66320e-01
   3768.85  6645.3125  1.00166e+00  1.00165e+00  8.27466e-04  2.98855e-01
   3797.40  6645.9375  1.00144e+00  1.00143e+00  8.98743e-04  2.40141e-01
   3825.95  6646.5625  1.00124e+00  1.00123e+00  1.00264e-03  1.55825e-01
   3854.50  6647.1875  1.00107e+00  1.00106e+00  1.05877e-03  1.43117e-01
   3883.05  6647.8125  1.00092e+00  1.00092e+00  1.03001e-03  1.91705e-01
   3911.61  6648.4375  1.00079e+00  1.00079e+00  9.72712e-04  1.90606e-01
   3940.16  6649.0625  1.00068e+00  1.00067e+00  9.53598e-04  1.25117e-01
   3968.71  6649.6875  1.00058e+00  1.00057e+00  9.66965e-04  8.72328e-02
   3997.26  6650.3125  1.00050e+00  1.00049e+00  9.23367e-04  8.71610e-02
   4025.81  6650.9375  1.00043e+00  1.00042e+00  9.28497e-04  1.65656e-01
   4054.36  6651.5625  1.00037e+00  1.00036e+00  9.59848e-04  2.39341e-01
   4082.91  6652.1875  1.00032e+00  1.00031e+00  8.99044e-04  2.15248e-01
   4111.46  6652.8125  1.00027e+00  1.00027e+00  8.03000e-04  2.17145e-01
   4140.01  6653.4375  1.00023e+00  1.00023e+00  8.42669e-04  1.78640e-01
   4168.56  6654.0625  1.00020e+00  1.00020e+00  8.97712e-04  1.03281e-01
   4197.12  6654.6875  1.00017e+00  1.00017e+00  8.63158e-04  7.25155e-02
   4225.67  6655.3125  1.00015e+00  1.00014e+00  8.41997e-04  5.73937e-02
   4254.22  6655.9375  1.00013e+00  1.00012e+00  8.44354e-04  5.40870e-02
   4282.77  6656.5625  1.00011e+00  1.00011e+00  8.62855e-04  6.44250e-02
   4311.32  6657.1875  1.00009e+00  1.00009e+00  8.58319e-04  8.25367e-02
   4339.87  6657.8125  1.00008e+00  1.00008e+00  8.56967e-04  7.10607e-02
   4368.42  6658.4375  1.00007e+00  1.00007e+00  8.80736e-04  6.47790e-02
   4396.97  6659.0625  1.00006e+00  1.00006e+00  9.13350e-04  6.12624e-02
   4425.52  6659.6875  1.00005e+00  1.00005e+00  9.92084e-04  4.63315e-02
   4454.08  6660.3125  1.00005e+00  1.00005e+00  9.60151e-04  5.74350e-02
   4482.63  6660.9375  1.00004e+00  1.00004e+00  9.24870e-04  9.47913e-02
   4511.18  6661.5625  1.00004e+00  1.00004e+00  9.32724e-04  1.02950e-01
   4539.73  6662.1875  1.00003e+00  1.00003e+00  8.96439e-04  8.04888e-02
   4568.28  6662.8125  1.00003e+00  1.00003e+00  8.83558e-04  5.75999e-02
   4596.83  6663.4375  1.00003e+00  1.00003e+00  8.62176e-04  4.52669e-02
   4625.38  6664.0625  1.00002e+00  1.00002e+00  8.30014e-04  4.48242e-02
   4653.93  6664.6875  1.00002e+00  1.00002e+00  9.22199e-04  4.62420e-02
   4682.48  6665.3125  1.00002e+00  1.00002e+00  1.01775e-03  4.71161e-02
   4711.03  6665.9375  1.00002e+00  1.00002e+00  1.06857e-03  3.30053e-02
   4739.59  6666.5625  1.00002e+00  1.00002e+00  1.02957e-03  3.39136e-02
   4768.14  6667.1875  1.00001e+00  1.00001e+00  9.57822e-04  6.64635e-02
   4796.69  6667.8125  1.00001e+00  1.00001e+00  9.70929e-04  6.93259e-02
   4825.24  6668.4375  1.00001e+00  1.00001e+00  9.84495e-04  4.09266e-02
   4853.79  6669.0625  1.00001e+00  1.00001e+00  9.29303e-04  3.68964e-02
   4882.34  6669.6875  1.00001e+00  1.00001e+00  8.42531e-04  3.71268e-02
   4910.89  6670.3125  1.00001e+00  1.00001e+00  8.87264e-04  4.18017e-02
   4939.44  6670.9375  1.00001e+00  1.00001e+00  1.03974e-03  6.50465e-02
   4967.99  6671.5625  1.00001e+00  1.00001e+00  1.00695e-03  7.41641e-02
   4996.54  6672.1875  1.00001e+00  1.00001e+00  9.27893e-04  4.09520e-02
   5025.10  6672.8125  1.00001e+00  1.00001e+00  9.27123e-04  2.42081e-02
   5053.65  6673.4375  1.00001e+00  1.00001e+00  9.54900e-04  2.38830e-02
   5082.20  6674.0625  1.00000e+00  1.00000e+00  1.01993e-03  3.27506e-02
   5110.75  6674.6875  1.00000e+00  1.00000e+00  1.14434e-03  3.50453e-02
   5139.30  6675.3125  1.00000e+00  1.00000e+00  1.21701e-03  1.52752e-02
   5167.85  6675.9375  1.00000e+00  1.00000e+00  1.16124e-03  3.94302e-03
   5196.40  6676.5625  1.00000e+00  1.00000e+00  1.05795e-03  1.35816e-02
   5224.95  6677.1875  1.00000e+00  1.00000e+00  9.74276e-04  2.68897e-02
   5253.50  6677.8125  1.00000e+00  1.00000e+00  9.07042e-04  2.16343e-02
   5282.06  6678.4375  1.00000e+00  1.00000e+00  9.28942e-04  2.33711e-02
   5310.61  6679.0625  1.00000e+00  1.00000e+00  9.08213e-04  2.29076e-02
   5339.16  6679.6875  1.00000e+00  1.00000e+00  8.46425e-04  1.38898e-02
   5367.71  6680.3125  1.00000e+00  1.00000e+00  8.61160e-04  1.67397e-02
   5396.26  6680.9375  1.00000e+00  1.00000e+00  8.87320e-04  2.47541e-02
   5424.81  6681.5625  1.00000e+00  1.00000e+00  9.48291e-04  2.97778e-02
   5453.36  6682.1875  1.00000e+00  1.00000e+00  9.78386e-04  2.94214e-02
   5481.91  6682.8125  1.00000e+00  1.00000e+00  9.18575e-04  1.39316e-02
   5510.46  6683.4375  1.00000e+00  1.00000e+00  8.76050e-04  9.47583e-03
   5539.01  6684.0625  1.00000e+00  1.00000e+00  8.82621e-04  1.59718e-02
   5567.57  6684.6875  1.00000e+00  1.00000e+00  8.41645e-04  1.62496e-02
   5596.12  6685.3125  1.00000e+00  1.00000e+00  8.17716e-04  2.15131e-02
   5624.67  6685.9375  1.00000e+00  1.00000e+00  9.24907e-04  1.84493e-02
   5653.22  6686.5625  1.00000e+00  1.00000e+00  9.67474e-04  8.45950e-03
   5681.77  6687.1875  1.00000e+00  1.00000e+00  9.06833e-04  1.39989e-02
   5710.32  6687.8125  1.00000e+00  1.00000e+00  9.23412e-04  2.63719e-02
   5738.87  6688.4375  1.00000e+00  1.00000e+00  9.00845e-04  2.11396e-02
   5767.42  6689.0625  1.00000e+00  1.00000e+00  8.60394e-04  1.82401e-02
   5795.97  6689.6875  1.00000e+00  1.00000e+00  8.56949e-04  1.66147e-02
   5824.52  6690.3125  1.00000e+00  1.00000e+00  8.29609e-04  2.34095e-02
   5853.08  6690.9375  1.00000e+00  1.00000e+00  8.29144e-04  2.38225e-02
   5881.63  6691.5625  1.00000e+00  1.00000e+00  8.71334e-04  1.68879e-02
   5910.18  6692.1875  1.00000e+00  1.00000e+00  8.97753e-04  1.63531e-02
   5938.73  6692.8125  1.00000e+00  1.00000e+00  8.75945e-04  7.95806e-03
   5967.28  6693.4375  1.00000e+00  1.00000e+00  8.46238e-04  1.11933e-03
   5995.83  6694.0625  1.00000e+00  1.00000e+00  8.31242e-04  4.29245e-05
   6024.38  6694.6875  1.00000e+00  1.00000e+00  9.19397e-04  4.46882e-07
   6052.93  6695.3125  1.00000e+00  1.00000e+00  1.04118e-03  0.00000e+00
   6081.48  6695.9375  1.00000e+00  1.00000e+00  1.08067e-03  0.00000e+00
   6110.04  6696.5625  1.00000e+00  1.00000e+00  1.06925e-03  0.00000e+00
   6138.59  6697.1875  1.00000e+00  1.00000e+00  1.04097e-03  0.00000e+00
   6167.14  6697.8125  1.00000e+00  1.00000e+00  9.96855e-04  0.00000e+00
   6195.69  6698.4375  1.00000e+00  1.00000e+00  9.28772e-04  0.00000e+00
   6224.24  6699.0625  1.00000e+00  1.00000e+00  9.52578e-04  0.00000e+00
   6252.79  6699.6875  1.00000e+00  1.00000e+00  8.93497e-04  0.00000e+00
   6281.34  6700.3125  1.00000e+00  1.00000e+00  8.11671e-04  3.65278e-07
   6309.89  6700.9375  1.00000e+00  1.00000e+00  8.32715e-04  3.50862e-05
   6338.44  6701.5625  1.00000e+00  1.00000e+00  8.64400e-04  9.14570e-04
   6366.99  6702.1875  1.00000e+00  1.00000e+00  8.94058e-04  6.46942e-03
   6395.55  6702.8125  1.00000e+00  1.00000e+00  8.84353e-04  1.24188e-02
   6424.10  6703.4375  1.00000e+00  1.00000e+00  8.62661e-04  6.46942e-03
   6452.65  6704.0625  1.00000e+00  1.00000e+00  9.02224e-04  9.14570e-04
   6481.20  6704.6875  1.00000e+00  1.00000e+00  9.28517e-04  3.50862e-05
   6509.75  6705.3125  1.00000e+00  1.00000e+00  8.81232e-04  3.65278e-07
   6538.30  6705.9375  1.00000e+00  1.00000e+00  8.98614e-04  0.00000e+00
   6566.85  6706.5625  1.00000e+00  1.00000e+00  8.77262e-04  0.00000e+00
   6595.40  6707.1875  1.00000e+00  1.00000e+00  7.85789e-04  0.00000e+00
   6623.95  6707.8125  1.00000e+00  1.00000e+00  7.45972e-04  0.00000e+00
   6652.50  6708.4375  1.00000e+00  1.00000e+00  7.72806e-04  0.00000e+00
   6681.06  6709.0625  1.00000e+00  1.00000e+00  7.00115e-04  0.00000e+00
   6709.61  6709.6875  1.00000e+00  1.00000e+00  6.51093e-04  3.24073e-07
   6738.16  6710.3125  1.00000e+00  1.00000e+00  7.07277e-04  3.11283e-05
   6766.71  6710.9375  1.00000e+00  1.00000e+00  8.10095e-04  8.11402e-04
   6795.26  6711.5625  1.00000e+00  1.00000e+00  8.39483e-04  5.73964e-03
   6823.81  6712.1875  1.00000e+00  1.00000e+00  8.58378e-04  1.10179e-02
   6852.36  6712.8125  1.00000e+00  1.00000e+00  8.36512e-04  5.73964e-03
   6880.91  6713.4375  1.00000e+00  1.00000e+00  8.19778e-04  8.11402e-04
   6909.46  6714.0625  1.00000e+00  1.00000e+00  8.23578e-04  3.11283e-05
   6938.02  6714.6875  1.00000e+00  1.00000e+00  8.93282e-04  3.24073e-07
   6966.57  6715.3125  1.00000e+00  1.00000e+00  9.79234e-04  0.00000e+00
   6995.12  6715.9375  1.00000e+00  1.00000e+00  9.88119e-04  0.00000e+00
   7023.67  6716.5625  1.00000e+00  1.00000e+00  9.23265e-04  0.00000e+00
   7052.22  6717.1875  1.00000e+00  1.00000e+00  8.78284e-04  0.00000e+00
   7080.77  6717.8125  1.00000e+00  1.00000e+00  8.20561e-04  0.00000e+00
   7109.32  6718.4375  1.00000e+00  1.00000e+00  7.12691e-04  3.72841e-07
   7137.87  6719.0625  1.00000e+00  1.00000e+00  7.14149e-04  3.58127e-05
   7166.42  6719.6875  1.00000e+00  1.00000e+00  8.05508e-04  9.33506e-04
   7194.97  6720.3125  1.00000e+00  1.00000e+00  8.14946e-04  6.60336e-03
   7223.53  6720.9375  1.00000e+00  1.00000e+00  7.67396e-04  1.26760e-02
   7252.08  6721.5625  1.00000e+00  1.00000e+00  7.24172e-04  6.60336e-03
   7280.63  6722.1875  1.00000e+00  1.00000e+00  7.46344e-04  9.33506e-04
   7309.18  6722.8125  1.00000e+00  1.00000e+00  7.83449e-04  3.58127e-05
   7337.73  6723.4375  1.00000e+00  1.00000e+00  7.94920e-04  3.72841e-07
   7366.28  6724.0625  1.00000e+00  1.00000e+00  8.55662e-04  0.00000e+00
   7394.83  6724.6875  1.00000e+00  1.00000e+00  8.73855e-04  0.00000e+00
   7423.38  6725.3125  1.00000e+00  1.00000e+00  8.78278e-04  0.00000e+00
   7451.93  6725.9375  1.00000e+00  1.00000e+00  8.07168e-04  0.00000e+00
   7480.48  6726.5625  1.00000e+00  1.00000e+00  8.26969e-04  0.00000e+00
   7509.04  6727.1875  1.00000e+00  1.00000e+00  8.98563e-04  0.00000e+00
   7537.59  6727.8125  1.00000e+00  1.00000e+00  8.99283e-04  0.00000e+00
   7566.14  6728.4375  1.00000e+00  1.00000e+00  9.07889e-04  0.00000e+00
   7594.69  6729.0625  1.00000e+00  1.00000e+00  9.13053e-04  0.00000e+00
   7623.24  6729.6875  1.00000e+00  1.00000e+00  8.34334e-04  0.00000e+00
   7651.79  6730.3125  1.00000e+00  1.00000e+00  8.43989e-04  0.00000e+00
   7680.34  6730.9375  1.00000e+00  1.00000e+00  8.06746e-04  0.00000e+00
   7708.89  6731.5625  1.00000e+00  1.00000e+00  7.96770e-04  0.00000e+00
   7737.44  6732.1875  1.00000e+00  1.00000e+00  8.67743e-04  0.00000e+00
   7765.99  6732.8125  1.00000e+00  1.00000e+00  8.84420e-04  0.00000e+00
   7794.55  6733.4375  1.00000e+00  1.00000e+00  8.98420e-04  0.00000e+00
   7823.10  6734.0625  1.00000e+00  1.00000e+00  9.33937e-04  0.00000e+00
   7851.65  6734.6875  1.00000e+00  1.00000e+00  9.73287e-04  0.00000e+00
   7880.20  6735.3125  1.00000e+00  1.00000e+00  9.76102e-04  0.00000e+00
   7908.75  6735.9375  1.00000e+00  1.00000e+00  8.83801e-04  0.00000e+00
   7937.30  6736.5625  1.00000e+00  1.00000e+00  7.84783e-04  0.00000e+00
   7965.85  6737.1875  1.00000e+00  1.00000e+00  7.68678e-04  0.00000e+00
   7994.40  6737.8125  1.00000e+00  1.00000e+00  8.41483e-04  0.00000e+00
   8022.95  6738.4375  1.00000e+00  1.00000e+00  9.52594e-04  0.00000e+00
   8051.51  6739.0625  1.00000e+00  1.00000e+00  9.85695e-04  0.00000e+00
   8080.06  6739.6875  1.00000e+00  1.00000e+00  9.80175e-04  0.00000e+00
   8108.61  6740.3125  1.00000e+00  1.00000e+00  9.33386e-04  0.00000e+00
   8137.16  6740.9375  1.00000e+00  1.00000e+00  9.27012e-04  0.00000e+00
   8165.71  6741.5625  1.00000e+00  1.00000e+00  9.63215e-04  0.00000e+00
   8194.26  6742.1875  1.00000e+00  1.00000e+00  9.27243e-04  0.00000e+00
   8222.81  6742.8125  1.00000e+00  1.00000e+00  8.82871e-04  0.00000e+00
   8251.36  6743.4375  1.00000e+00  1.00000e+00  8.62784e-04  0.00000e+00
   8279.91  6744.0625  1.00000e+00  1.00000e+00  8.11428e-04  0.00000e+00
   8308.46  6744.6875  1.00000e+00  1.00000e+00  8.17881e-04  0.00000e+00
   8337.02  6745.3125  1.00000e+00  1.00000e+00  8.32791e-04  0.00000e+00
   8365.57  6745.9375  1.00000e+00  1.00000e+00  8.45568e-04  0.00000e+00
   8394.12  6746.5625  1.00000e+00  1.00000e+00  9.04433e-04  0.00000e+00
   8422.67  6747.1875  1.00000e+00  1.00000e+00  9.46177e-04  0.00000e+00
   8451.22  6747.8125  1.00000e+00  1.00000e+00  8.82266e-04  0.00000e+00
   8479.77  6748.4375  1.00000e+00  1.00000e+00  8.43688e-04  0.00000e+00
   8508.32  6749.0625  1.00000e+00  1.00000e+00  7.95280e-04  0.00000e+00
   8536.87  6749.6875  1.00000e+00  1.00000e+00  7.64127e-04  0.00000e+00
   8565.42  6750.3125  1.00000e+00  1.00000e+00  8.25996e-04  0.00000e+00
   8593.97  6750.9375  1.00000e+00  1.00000e+00  8.50027e-04  0.00000e+00
   8622.53  6751.5625  1.00000e+00  1.00000e+00  8.38758e-04  0.00000e+00
   8651.08  6752.1875  1.00000e+00  1.00000e+00  8.49375e-04  0.00000e+00
   8679.63  6752.8125  1.00000e+00  1.00000e+00  8.56869e-04  0.00000e+00
   8708.18  6753.4375  1.00000e+00  1.00000e+00  8.49966e-04  0.00000e+00
   8736.73  6754.0625  1.00000e+00  1.00000e+00  9.20541e-04  0.00000e+00
   8765.28  6754.6875  1.00000e+00  1.00000e+00  9.81540e-04  0.00000e+00
   8793.83  6755.3125  1.00000e+00  1.00000e+00  9.62317e-04  0.00000e+00
   8822.38  6755.9375  1.00000e+00  1.00000e+00  9.45605e-04  0.00000e+00
   8850.93  6756.5625  1.00000e+00  1.00000e+00  9.04407e-04  0.00000e+00
   8879.49  6757.1875  1.00000e+00  1.00000e+00  8.56748e-04  0.00000e+00
   8908.04  6757.8125  1.00000e+00  1.00000e+00  8.54934e-04  0.00000e+00
   8936.59  6758.4375  1.00000e+00  1.00000e+00  8.63656e-04  0.00000e+00
   8965.14  6759.0625  1.00000e+00  1.00000e+00  8.48611e-04  0.00000e+00
   8993.69  6759.6875  1.00000e+00  1.00000e+00  8.30038e-04  0.00000e+00
   9022.24  6760.3125  1.00000e+00  1.00000e+00  8.32170e-04  0.00000e+00
   9050.79  6760.9375  1.00000e+00  1.00000e+00  8.84949e-04  0.00000e+00
   9079.34  6761.5625  1.00000e+00  1.00000e+00  9.65136e-04  0.00000e+00
   9107.89  6762.1875  1.00000e+00  1.00000e+00  1.00955e-03  0.00000e+00
   9136.44  6762.8125  1.00000e+00  1.00000e+00  9.86857e-04  0.00000e+00
   9165.00  6763.4375  1.00000e+00  1.00000e+00  9.61116e-04  0.00000e+00
   9193.55  6764.0625  1.00000e+00  1.00000e+00  9.81224e-04  0.00000e+00
   9222.10  6764.6875  1.00000e+00  1.00000e+00  9.70753e-04  0.00000e+00
   9250.65  6765.3125  1.00000e+00  1.00000e+00  9.54250e-04  0.00000e+00
   9279.20  6765.9375  1.00000e+00  1.00000e+00  8.95179e-04  0.00000e+00
   9307.75  6766.5625  1.00000e+00  1.00000e+00  8.44301e-04  0.00000e+00
   9336.30  6767.1875  1.00000e+00  1.00000e+00  8.61814e-04  0.00000e+00
   9364.85  6767.8125  1.00000e+00  1.00000e+00  8.95636e-04  0.00000e+00
   9393.40  6768.4375  1.00000e+00  1.00000e+00  9.41128e-04  0.00000e+00
   9421.95  6769.0625  1.00000e+00  1.00000e+00  9.44993e-04  0.00000e+00
   9450.51  6769.6875  1.00000e+00  1.00000e+00  9.22737e-04  0.00000e+00
   9479.06  6770.3125  1.00000e+00  1.00000e+00  8.83909e-04  0.00000e+00
   9507.61  6770.9375  1.00000e+00  1.00000e+00  8.32890e-04  0.00000e+00
   9536.16  6771.5625  1.00000e+00  1.00000e+00  8.55210e-04  0.00000e+00
   9564.71  6772.1875  1.00000e+00  1.00000e+00  9.34319e-04  0.00000e+00
   9593.26  6772.8125  1.00000e+00  1.00000e+00  9.16201e-04  0.00000e+00
   9621.81  6773.4375  1.00000e+00  1.00000e+00  8.41041e-04  0.00000e+00
   9650.36  6774.0625  1.00000e+00  1.00000e+00  8.09239e-04  0.00000e+00
   9678.91  6774.6875  1.00000e+00  1.00000e+00  8.06688e-04  0.00000e+00
   9707.47  6775.3125  1.00000e+00  1.00000e+00  8.33888e-04  0.00000e+00
   9736.02  6775.9375  1.00000e+00  1.00000e+00  7.65716e-04  0.00000e+00
   9764.57  6776.5625  1.00000e+00  1.00000e+00  7.83110e-04  0.00000e+00
   9793.12  6777.1875  1.00000e+00  1.00000e+00  9.43125e-04  0.00000e+00
   9821.67  6777.8125  1.00000e+00  1.00000e+00  9.64151e-04  0.00000e+00
   9850.22  6778.4375  1.00000e+00  1.00000e+00  8.33751e-04  0.00000e+00
   9878.77  6779.0625  1.00000e+00  1.00000e+00  8.34121e-04  0.00000e+00
   9907.32  6779.6875  1.00000e+00  1.00000e+00  9.39221e-04  0.00000e+00
   9935.87  6780.3125  1.00000e+00  1.00000e+00  9.65318e-04  0.00000e+00
   9964.42  6780.9375  1.00000e+00  1.00000e+00  9.44026e-04  0.00000e+00
   9992.98  6781.5625  1.00000e+00  1.00000e+00  9.28088e-04  0.00000e+00
  10021.53  6782.1875  1.00000e+00  1.00000e+00  8.87716e-04  0.00000e+00
  10050.08  6782.8125  1.00000e+00  1.00000e+00  8.27706e-04  0.00000e+00
  10078.63  6783.4375  1.00000e+00  1.00000e+00  8.14557e-04  0.00000e+00
  10107.18  6784.0625  1.00000e+00  1.00000e+00  7.92591e-04  0.00000e+00
  10135.73  6784.6875  1.00000e+00  1.00000e+00  8.15171e-04  0.00000e+00
  10164.28  6785.3125  1.00000e+00  1.00000e+00  8.30872e-04  0.00000e+00
  10192.83  6785.9375  1.00000e+00  1.00000e+00  8.73247e-04  0.00000e+00
  10221.38  6786.5625  1.00000e+00  1.00000e+00  8.89250e-04  0.00000e+00
  10249.93  6787.1875  1.00000e+00  1.00000e+00  8.47083e-04  0.00000e+00
  10278.49  6787.8125  1.00000e+00  1.00000e+00  8.32430e-04  0.00000e+00
  10307.04  6788.4375  1.00000e+00  1.00000e+00  8.27004e-04  0.00000e+00
  10335.59  6789.0625  1.00000e+00  1.00000e+00  7.91562e-04  0.00000e+00
  10364.14  6789.6875  1.00000e+00  1.00000e+00  8.05523e-04  0.00000e+00
  10392.69  6790.3125  1.00000e+00  1.00000e+00  8.64811e-04  0.00000e+00
  10421.24  6790.9375  1.00000e+00  1.00000e+00  9.22335e-04  0.00000e+00
  10449.79  6791.5625  1.00000e+00  1.00000e+00  8.99090e-04  0.00000e+00
  10478.34  6792.1875  1.00000e+00  1.00000e+00  8.82038e-04  0.00000e+00
  10506.89  6792.8125  1.00000e+00  1.00000e+00  8.89260e-04  0.00000e+00
  10535.45  6793.4375  1.00000e+00  1.00000e+00  9.40315e-04  0.00000e+00
  10564.00  6794.0625  1.00000e+00  1.00000e+00  9.89658e-04  0.00000e+00
  10592.55  6794.6875  1.00000e+00  1.00000e+00  9.30513e-04  0.00000e+00
  10621.10  6795.3125  1.00000e+00  1.00000e+00  8.25743e-04  0.00000e+00
  10649.65  6795.9375  1.00000e+00  1.00000e+00  8.28774e-04  0.00000e+00
  10678.20  6796.5625  1.00000e+00  1.00000e+00  8.39368e-04  0.00000e+00
  10706.75  6797.1875  1.00000e+00  1.00000e+00  8.19417e-04  0.00000e+00
  10735.30  6797.8125  1.00000e+00  1.00000e+00  9.08457e-04  0.00000e+00
  10763.85  6798.4375  1.00000e+00  1.00000e+00  9.34395e-04  0.00000e+00
  10792.40  6799.0625  1.00000e+00  1.00000e+00  8.62662e-04  0.00000e+00
  10820.96  6799.6875  1.00000e+00  1.00000e+00  8.22322e-04  0.00000e+00
  10849.51  6800.3125  1.00000e+00  1.00000e+00  8.37224e-04  0.00000e+00
  10878.06  6800.9375  1.00000e+00  1.00000e+00  9.18295e-04  0.00000e+00
  10906.61  6801.5625  1.00000e+00  1.00000e+00  1.02907e-03  0.00000e+00
  10935.16  6802.1875  1.00000e+00  1.00000e+00  1.03292e-03  0.00000e+00
  10963.71  6802.8125  1.00000e+00  1.00000e+00  9.43090e-04  0.00000e+00
  10992.26  6803.4375  1.00000e+00  1.00000e+00  9.32410e-04  0.00000e+00
  11020.81  6804.0625  1.00000e+00  1.00000e+00  9.45279e-04  0.00000e+00
  11049.36  6804.6875  1.00000e+00  1.00000e+00  8.89099e-04  0.00000e+00
  11077.91  6805.3125  1.00000e+00  1.00000e+00  8.16760e-04  0.00000e+00
  11106.47  6805.9375  1.00000e+00  1.00000e+00  7.57352e-04  0.00000e+00
  11135.02  6806.5625  1.00000e+00  1.00000e+00  7.79079e-04  0.00000e+00
  11163.57  6807.1875  1.00000e+00  1.00000e+00  8.89453e-04  0.00000e+00
  11192.12  6807.8125  1.00000e+00  1.00000e+00  9.90675e-04  0.00000e+00
  11220.67  6808.4375  1.00000e+00  1.00000e+00  9.94333e-04  0.00000e+00
  11249.22  6809.0625  1.00000e+00  1.00000e+00  9.56436e-04  0.00000e+00
  11277.77  6809.6875  1.00000e+00  1.00000e+00  9.43047e-04  0.00000e+00
  11306.32  6810.3125  1.00000e+00  1.00000e+00  9.07968e-04  0.00000e+00
  11334.87  6810.9375  1.00000e+00  1.00000e+00  7.74560e-04  0.00000e+00
  11363.43  6811.5625  1.00000e+00  1.00000e+00  7.21670e-04  0.00000e+00
  11391.98  6812.1875  1.00000e+00  1.00000e+00  7.71952e-04  0.00000e+00
  11420.53  6812.8125  1.00000e+00  1.00000e+00  8.41086e-04  0.00000e+00
  11449.08  6813.4375  1.00000e+00  1.00000e+00  9.35482e-04  0.00000e+00
  11477.63  6814.0625  1.00000e+00  1.00000e+00  9.49968e-04  0.00000e+00
  11506.18  6814.6875  1.00000e+00  1.00000e+00  8.53531e-04  0.00000e+00
  11534.73  6815.3125  1.00000e+00  1.00000e+00  7.77466e-04  0.00000e+00
  11563.28  6815.9375  1.00000e+00  1.00000e+00  7.41384e-04  0.00000e+00
  11591.83  6816.5625  1.00000e+00  1.00000e+00  8.11419e-04  0.00000e+00
  11620.38  6817.1875  1.00000e+00  1.00000e+00  9.46605e-04  0.00000e+00
  11648.94  6817.8125  1.00000e+00  1.00000e+00  8.88105e-04  0.00000e+00
  11677.49  6818.4375  1.00000e+00  1.00000e+00  8.28872e-04  0.00000e+00
  11706.04  6819.0625  1.00000e+00  1.00000e+00  8.69188e-04  0.00000e+00
  11734.59  6819.6875  1.00000e+00  1.00000e+00  8.48272e-04  0.00000e+00
  11763.14  6820.3125  1.00000e+00  1.00000e+00  7.76833e-04  0.00000e+00
  11791.69  6820.9375  1.00000e+00  1.00000e+00  8.01113e-04  0.00000e+00
  11820.24  6821.5625  1.00000e+00  1.00000e+00  8.43866e-04  0.00000e+00
  11848.79  6822.1875  1.00000e+00  1.00000e+00  8.24612e-04  0.00000e+00
  11877.34  6822.8125  1.00000e+00  1.00000e+00  8.19788e-04  0.00000e+00
  11905.89  6823.4375  1.00000e+00  1.00000e+00  8.32235e-04  0.00000e+00
  11934.45  6824.0625  1.00000e+00  1.00000e+00  8.09442e-04  0.00000e+00
  11963.00  6824.6875  1.00000e+00  1.00000e+00  8.05183e-04  0.00000e+00
  11991.55  6825.3125  1.00000e+00  1.00000e+00  8.74854e-04  0.00000e+00
  12020.10  6825.9375  1.00000e+00  1.00000e+00  8.97507e-04  0.00000e+00
  12048.65  6826.5625  1.00000e+00  1.00000e+00  8.91253e-04  0.00000e+00
  12077.20  6827.1875  1.00000e+00  1.00000e+00  8.54948e-04  0.00000e+00
  12105.75  6827.8125  1.00000e+00  1.00000e+00  8.12963e-04  0.00000e+00
  12134.30  6828.4375  1.00000e+00  1.00000e+00  8.36285e-04  0.00000e+00
  12162.85  6829.0625  1.00000e+00  1.00000e+00  8.37664e-04  0.00000e+00
  12191.40  6829.6875  1.00000e+00  1.00000e+00  8.50122e-04  0.00000e+00
  12219.96  6830.3125  1.00000e+00  1.00000e+00  8.97104e-04  0.00000e+00
  12248.51  6830.9375  1.00000e+00  1.00000e+00  8.98252e-04  0.00000e+00
  12277.06  6831.5625  1.00000e+00  1.00000e+00  8.56002e-04  0.00000e+00
  12305.61  6832.1875  1.00000e+00  1.00000e+00  8.11235e-04  0.00000e+00
  12334.16  6832.8125  1.00000e+00  1.00000e+00  8.08156e-04  0.00000e+00
  12362.71  6833.4375  1.00000e+00  1.00000e+00  8.04740e-04  0.00000e+00
  12391.26  6834.0625  1.00000e+00  1.00000e+00  7.72699e-04  0.00000e+00
  12419.81  6834.6875  1.00000e+00  1.00000e+00  7.85439e-04  0.00000e+00
  12448.36  6835.3125  1.00000e+00  1.00000e+00  8.76187e-04  0.00000e+00
  12476.92  6835.9375  1.00000e+00  1.00000e+00  8.69438e-04  0.00000e+00
  12505.47  6836.5625  1.00000e+00  1.00000e+00  7.83562e-04  0.00000e+00
  12534.02  6837.1875  1.00000e+00  1.00000e+00  7.70335e-04  0.00000e+00
  12562.57  6837.8125  1.00000e+00  1.00000e+00  8.01850e-04  0.00000e+00
  12591.12  6838.4375  1.00000e+00  1.00000e+00  8.94155e-04  0.00000e+00
  12619.67  6839.0625  1.00000e+00  1.00000e+00  9.01310e-04  0.00000e+00
  12648.22  6839.6875  1.00000e+00  1.00000e+00  8.67117e-04  0.00000e+00
  12676.77  6840.3125  1.00000e+00  1.00000e+00  8.47461e-04  0.00000e+00
  12705.32  6840.9375  1.00000e+00  1.00000e+00  8.31942e-04  0.00000e+00
  12733.87  6841.5625  1.00000e+00  1.00000e+00  7.80757e-04  0.00000e+00
  12762.43  6842.1875  1.00000e+00  1.00000e+00  6.96475e-04  0.00000e+00
  12790.98  6842.8125  1.00000e+00  1.00000e+00  6.94717e-04  0.00000e+00
  12819.53  6843.4375  1.00000e+00  1.00000e+00  8.08017e-04  0.00000e+00
  12848.08  6844.0625  1.00000e+00  1.00000e+00  8.50677e-04  0.00000e+00
  12876.63  6844.6875  1.00000e+00  1.00000e+00  8.42356e-04  0.00000e+00
  12905.18  6845.3125  1.00000e+00  1.00000e+00  7.97964e-04  0.00000e+00
  12933.73  6845.9375  1.00000e+00  1.00000e+00  7.89632e-04  0.00000e+00
  12962.28  6846.5625  1.00000e+00  1.00000e+00  8.40002e-04  0.00000e+00
  12990.83  6847.1875  1.00000e+00  1.00000e+00  9.18499e-04  0.00000e+00
  13019.38  6847.8125  1.00000e+00  1.00000e+00  9.45817e-04  0.00000e+00
  13047.94  6848.4375  1.00000e+00  1.00000e+00  9.58092e-04  0.00000e+00
  13076.49  6849.0625  1.00000e+00  1.00000e+00  8.94221e-04  0.00000e+00
  13105.04  6849.6875  1.00000e+00  1.00000e+00  8.07818e-04  0.00000e+00
  13133.59  6850.3125  1.00000e+00  1.00000e+00  8.11137e-04  0.00000e+00
  13162.14  6850.9375  1.00000e+00  1.00000e+00  8.01828e-04  0.00000e+00
  13190.69  6851.5625  1.00000e+00  1.00000e+00  8.28234e-04  0.00000e+00
  13219.24  6852.1875  1.00000e+00  1.00000e+00  9.15274e-04  0.00000e+00
  13247.79  6852.8125  1.00000e+00  1.00000e+00  9.27290e-04  0.00000e+00
  13276.34  6853.4375  1.00000e+00  1.00000e+00  8.83591e-04  0.00000e+00
  13304.90  6854.0625  1.00000e+00  1.00000e+00  9.01782e-04  0.00000e+00
  13333.45  6854.6875  1.00000e+00  1.00000e+00  9.63083e-04  0.00000e+00
  13362.00  6855.3125  1.00000e+00  1.00000e+00  9.53371e-04  0.00000e+00
  13390.55  6855.9375  1.00000e+00  1.00000e+00  8.62057e-04  0.00000e+00
  13419.10  6856.5625  1.00000e+00  1.00000e+00  8.67142e-04  0.00000e+00
  13447.65  6857.1875  1.00000e+00  1.00000e+00  8.77968e-04  0.00000e+00
  13476.20  6857.8125  1.00000e+00  1.00000e+00  8.48440e-04  0.00000e+00
  13504.75  6858.4375  1.00000e+00  1.00000e+00  8.55393e-04  0.00000e+00
  13533.30  6859.0625  1.00000e+00  1.00000e+00  8.97189e-04  0.00000e+00
  13561.85  6859.6875  1.00000e+00  1.00000e+00  8.76458e-04  0.00000e+00
  13590.41  6860.3125  1.00000e+00  1.00000e+00  7.80369e-04  0.00000e+00
  13618.96  6860.9375  1.00000e+00  1.00000e+00  7.62016e-04  0.00000e+00
  13647.51  6861.5625  1.00000e+00  1.00000e+00  7.95834e-04  0.00000e+00
  13676.06  6862.1875  1.00000e+00  1.00000e+00  7.65879e-04  0.00000e+00
  13704.61  6862.8125  1.00000e+00  1.00000e+00  7.10892e-04  0.00000e+00
  13733.16  6863.4375  1.00000e+00  1.00000e+00  7.12958e-04  0.00000e+00
  13761.71  6864.0625  1.00000e+00  1.00000e+00  7.74209e-04  0.00000e+00
  13790.26  6864.6875  1.00000e+00  1.00000e+00  7.68435e-04  0.00000e+00
  13818.81  6865.3125  1.00000e+00  1.00000e+00  7.83537e-04  0.00000e+00
  13847.36  6865.9375  1.00000e+00  1.00000e+00  8.15010e-04  0.00000e+00
  13875.92  6866.5625  1.00000e+00  1.00000e+00  7.80503e-04  0.00000e+00
  13904.47  6867.1875  1.00000e+00  1.00000e+00  7.40196e-04  0.00000e+00
  13933.02  6867.8125  1.00000e+00  1.00000e+00  6.91288e-04  0.00000e+00
  13961.57  6868.4375  1.00000e+00  1.00000e+00  7.32437e-04  0.00000e+00
  13990.12  6869.0625  1.00000e+00  1.00000e+00  7.94522e-04  0.00000e+00
  14018.67  6869.6875  1.00000e+00  1.00000e+00  8.46270e-04  0.00000e+00
  14047.22  6870.3125  1.00000e+00  1.00000e+00  7.88580e-04  0.00000e+00
  14075.77  6870.9375  1.00000e+00  1.00000e+00  7.12151e-04  0.00000e+00
  14104.32  6871.5625  1.00000e+00  1.00000e+00  6.91634e-04  0.00000e+00
  14132.88  6872.1875  1.00000e+00  1.00000e+00  7.54921e-04  0.00000e+00
  14161.43  6872.8125  1.00000e+00  1.00000e+00  8.45383e-04  0.00000e+00
  14189.98  6873.4375  1.00000e+00  1.00000e+00  8.41453e-04  0.00000e+00
  14218.53  6874.0625  1.00000e+00  1.00000e+00  7.96638e-04  0.00000e+00
  14247.08  6874.6875  1.00000e+00  1.00000e+00  7.16012e-04  0.00000e+00
  14275.63  6875.3125  1.00000e+00  1.00000e+00  6.81930e-04  0.00000e+00
  14304.18  6875.9375  1.00000e+00  1.00000e+00  7.44289e-04  0.00000e+00
  14332.73  6876.5625  1.00000e+00  1.00000e+00  7.64583e-04  0.00000e+00
  14361.28  6877.1875  1.00000e+00  1.00000e+00  7.45281e-04  0.00000e+00
  14389.83  6877.8125  1.00000e+00  1.00000e+00  7.56886e-04  0.00000e+00
  14418.39  6878.4375  1.00000e+00  1.00000e+00  7.53298e-04  0.00000e+00
  14446.94  6879.0625  1.00000e+00  1.00000e+00  7.92535e-04  0.00000e+00
  14475.49  6879.6875  1.00000e+00  1.00000e+00  8.20944e-04  0.00000e+00
  14504.04  6880.3125  1.00000e+00  1.00000e+00  7.82879e-04  0.00000e+00
  14532.59  6880.9375  1.00000e+00  1.00000e+00  7.74252e-04  0.00000e+00
  14561.14  6881.5625  1.00000e+00  1.00000e+00  7.68937e-04  0.00000e+00
  14589.69  6882.1875  1.00000e+00  1.00000e+00  7.63697e-04  0.00000e+00
  14618.24  6882.8125  1.00000e+00  1.00000e+00  8.19561e-04  0.00000e+00
  14646.79  6883.4375  1.00000e+00  1.00000e+00  8.94417e-04  0.00000e+00
  14675.34  6884.0625  1.00000e+00  1.00000e+00  9.02135e-04  0.00000e+00
  14703.90  6884.6875  1.00000e+00  1.00000e+00  8.58039e-04  0.00000e+00
  14732.45  6885.3125  1.00000e+00  1.00000e+00  8.50634e-04  0.00000e+00
  14761.00  6885.9375  1.00000e+00  1.00000e+00  8.07948e-04  0.00000e+00
  14789.55  6886.5625  1.00000e+00  1.00000e+00  7.32979e-04  0.00000e+00
  14818.10  6887.1875  1.00000e+00  1.00000e+00  7.39636e-04  0.00000e+00
  14846.65  6887.8125  1.00000e+00  1.00000e+00  7.61476e-04  0.00000e+00
  14875.20  6888.4375  1.00000e+00  1.00000e+00  7.67793e-04  0.00000e+00
  14903.75  6889.0625  1.00000e+00  1.00000e+00  7.26425e-04  0.00000e+00
  14932.30  6889.6875  1.00000e+00  1.00000e+00  7.09221e-04  0.00000e+00
  14960.86  6890.3125  1.00000e+00  1.00000e+00  7.69220e-04  0.00000e+00
  14989.41  6890.9375  1.00000e+00  1.00000e+00  8.62140e-04  0.00000e+00
  15017.96  6891.5625  1.00000e+00  1.00000e+00  8.71978e-04  0.00000e+00
  15046.51  6892.1875  1.00000e+00  1.00000e+00  8.12584e-04  0.00000e+00
  15075.06  6892.8125  1.00000e+00  1.00000e+00  7.92664e-04  0.00000e+00
  15103.61  6893.4375  1.00000e+00  1.00000e+00  7.59430e-04  0.00000e+00
  15132.16  6894.0625  1.00000e+00  1.00000e+00  7.73165e-04  0.00000e+00
  15160.71  6894.6875  1.00000e+00  1.00000e+00  8.30514e-04  0.00000e+00
  15189.26  6895.3125  1.00000e+00  1.00000e+00  8.90535e-04  0.00000e+00
  15217.81  6895.9375  1.00000e+00  1.00000e+00  8.85050e-04  0.00000e+00
  15246.37  6896.5625  1.00000e+00  1.00000e+00  8.38643e-04  0.00000e+00
  15274.92  6897.1875  1.00000e+00  1.00000e+00  8.51024e-04  0.00000e+00
  15303.47  6897.8125  1.00000e+00  1.00000e+00  9.00012e-04  0.00000e+00
  15332.02  6898.4375  1.00000e+00  1.00000e+00  8.77214e-04  0.00000e+00
  15360.57  6899.0625  1.00000e+00  1.00000e+00  8.75358e-04  0.00000e+00
  15389.12  6899.6875  1.00000e+00  1.00000e+00  8.66609e-04  0.00000e+00
  15417.67  6900.3125  1.00000e+00  1.00000e+00  9.03544e-04  0.00000e+00
  15446.22  6900.9375  1.00000e+00  1.00000e+00  8.85321e-04  0.00000e+00
  15474.77  6901.5625  1.00000e+00  1.00000e+00  8.44023e-04  0.00000e+00
  15503.32  6902.1875  1.00000e+00  1.00000e+00  8.54372e-04  0.00000e+00
  15531.88  6902.8125  1.00000e+00  1.00000e+00  8.79059e-04  0.00000e+00
  15560.43  6903.4375  1.00000e+00  1.00000e+00  9.22469e-04  0.00000e+00
  15588.98  6904.0625  1.00000e+00  1.00000e+00  9.52415e-04  0.00000e+00
  15617.53  6904.6875  1.00000e+00  1.00000e+00  9.50462e-04  0.00000e+00
  15646.08  6905.3125  1.00000e+00  1.00000e+00  8.87580e-04  0.00000e+00
  15674.63  6905.9375  1.00000e+00  1.00000e+00  8.77770e-04  0.00000e+00
  15703.18  6906.5625  1.00000e+00  1.00000e+00  8.86570e-04  0.00000e+00
  15731.73  6907.1875  1.00000e+00  1.00000e+00  8.84242e-04  0.00000e+00
  15760.28  6907.8125  1.00000e+00  1.00000e+00  8.51415e-04  0.00000e+00
  15788.84  6908.4375  1.00000e+00  1.00000e+00  8.59638e-04  0.00000e+00
  15817.39  6909.0625  1.00000e+00  1.00000e+00  8.70607e-04  0.00000e+00
  15845.94  6909.6875  1.00000e+00  1.00000e+00  8.63373e-04  0.00000e+00
  15874.49  6910.3125  1.00000e+00  1.00000e+00  8.57875e-04  0.00000e+00
  15903.04  6910.9375  1.00000e+00  1.00000e+00  9.18073e-04  0.00000e+00
  15931.59  6911.5625  1.00000e+00  1.00000e+00  9.47803e-04  0.00000e+00
  15960.14  6912.1875  1.00000e+00  1.00000e+00  9.29338e-04  0.00000e+00
  15988.69  6912.8125  1.00000e+00  1.00000e+00  9.65736e-04  0.00000e+00
  16017.24  6913.4375  1.00000e+00  1.00000e+00  1.00363e-03  0.00000e+00
  16045.79  6914.0625  1.00000e+00  1.00000e+00  9.69053e-04  0.00000e+00
  16074.35  6914.6875  1.00000e+00  1.00000e+00  8.46984e-04  0.00000e+00
  16102.90  6915.3125  1.00000e+00  1.00000e+00  8.20980e-04  0.00000e+00
  16131.45  6915.9375  1.00000e+00  1.00000e+00  8.50925e-04  0.00000e+00
  16160.00  6916.5625  1.00000e+00  1.00000e+00  8.85653e-04  0.00000e+00
  16188.55  6917.1875  1.00000e+00  1.00000e+00  8.99474e-04  0.00000e+00
  16217.10  6917.8125  1.00000e+00  1.00000e+00  8.21153e-04  0.00000e+00
  16245.65  6918.4375  1.00000e+00  1.00000e+00  7.86099e-04  0.00000e+00
  16274.20  6919.0625  1.00000e+00  1.00000e+00  8.56797e-04  0.00000e+00
  16302.75  6919.6875  1.00000e+00  1.00000e+00  8.49578e-04  0.00000e+00
  16331.30  6920.3125  1.00000e+00  1.00000e+00  8.20806e-04  0.00000e+00
  16359.86  6920.9375  1.00000e+00  1.00000e+00  8.43906e-04  0.00000e+00
  16388.41  6921.5625  1.00000e+00  1.00000e+00  8.84522e-04  0.00000e+00
  16416.96  6922.1875  1.00000e+00  1.00000e+00  8.67617e-04  0.00000e+00
  16445.51  6922.8125  1.00000e+00  1.00000e+00  8.01520e-04  0.00000e+00
  16474.06  6923.4375  1.00000e+00  1.00000e+00  7.56403e-04  0.00000e+00
  16502.61  6924.0625  1.00000e+00  1.00000e+00  7.78638e-04  0.00000e+00
  16531.16  6924.6875  1.00000e+00  1.00000e+00  8.41106e-04  0.00000e+00
  16559.71  6925.3125  1.00000e+00  1.00000e+00  8.77533e-04  0.00000e+00
  16588.26  6925.9375  1.00000e+00  1.00000e+00  8.59914e-04  0.00000e+00
  16616.81  6926.5625  1.00000e+00  1.00000e+00  8.79999e-04  0.00000e+00
  16645.37  6927.1875  1.00000e+00  1.00000e+00  9.04979e-04  0.00000e+00
  16673.92  6927.8125  1.00000e+00  1.00000e+00  9.42707e-04  0.00000e+00
  16702.47  6928.4375  1.00000e+00  1.00000e+00  1.01226e-03  0.00000e+00
  16731.02  6929.0625  1.00000e+00  1.00000e+00  1.02904e-03  0.00000e+00
  16759.57  6929.6875  1.00000e+00  1.00000e+00  9.94984e-04  0.00000e+00
  16788.12  6930.3125  1.00000e+00  1.00000e+00  9.03436e-04  0.00000e+00
  16816.67  6930.9375  1.00000e+00  1.00000e+00  8.52478e-04  0.00000e+00
  16845.22  6931.5625  1.00000e+00  1.00000e+00  8.13004e-04  0.00000e+00
  16873.77  6932.1875  1.00000e+00  1.00000e+00  7.74777e-04  0.00000e+00
  16902.33  6932.8125  1.00000e+00  1.00000e+00  7.85867e-04  0.00000e+00
  16930.88  6933.4375  1.00000e+00  1.00000e+00  8.07172e-04  0.00000e+00
  16959.43  6934.0625  1.00000e+00  1.00000e+00  8.33302e-04  0.00000e+00
  16987.98  6934.6875  1.00000e+00  1.00000e+00  9.26423e-04  0.00000e+00
  17016.53  6935.3125  1.00000e+00  1.00000e+00  9.99880e-04  0.00000e+00
  17045.08  6935.9375  1.00000e+00  1.00000e+00  9.66436e-04  0.00000e+00
  17073.63  6936.5625  1.00000e+00  1.00000e+00  8.95002e-04  0.00000e+00
  17102.18  6937.1875  1.00000e+00  1.00000e+00  9.12386e-04  0.00000e+00
  17130.73  6937.8125  1.00000e+00  1.00000e+00  9.55580e-04  0.00000e+00
  17159.28  6938.4375  1.00000e+00  1.00000e+00  9.39962e-04  0.00000e+00
  17187.84  6939.0625  1.00000e+00  1.00000e+00  8.52744e-04  0.00000e+00
  17216.39  6939.6875  1.00000e+00  1.00000e+00  8.78711e-04  0.00000e+00
  17244.94  6940.3125  1.00000e+00  1.00000e+00  9.42171e-04  0.00000e+00
  17273.49  6940.9375  1.00000e+00  1.00000e+00  8.60303e-04  0.00000e+00
  17302.04  6941.5625  1.00000e+00  1.00000e+00  8.02433e-04  0.00000e+00
  17330.59  6942.1875  1.00000e+00  1.00000e+00  8.23672e-04  0.00000e+00
  17359.14  6942.8125  1.00000e+00  1.00000e+00  8.85622e-04  0.00000e+00
  17387.69  6943.4375  1.00000e+00  1.00000e+00  9.48374e-04  0.00000e+00
  17416.24  6944.0625  1.00000e+00  1.00000e+00  9.49385e-04  0.00000e+00
  17444.79  6944.6875  1.00000e+00  1.00000e+00  9.28707e-04  0.00000e+00
  17473.35  6945.3125  1.00000e+00  1.00000e+00  9.28447e-04  0.00000e+00
  17501.90  6945.9375  1.00000e+00  1.00000e+00  8.91782e-04  0.00000e+00
  17530.45  6946.5625  1.00000e+00  1.00000e+00  8.74252e-04  0.00000e+00
  17559.00  6947.1875  1.00000e+00  1.00000e+00  8.56065e-04  0.00000e+00
  17587.55  6947.8125  1.00000e+00  1.00000e+00  8.55517e-04  0.00000e+00
  17616.10  6948.4375  1.00000e+00  1.00000e+00  8.87567e-04  0.00000e+00
  17644.65  6949.0625  1.00000e+00  1.00000e+00  9.06958e-04  0.00000e+00
  17673.20  6949.6875  1.00000e+00  1.00000e+00  8.79353e-04  0.00000e+00
