# day010  epoch=10.0d  L_Halpha=2.328e+40 erg/s  smooth_kms=25.0
# Columns:
#   1: Δv [km/s]      velocity offset from Hα (6562.81 Å), positive = redshift
#   2: lambda [Å]     observed wavelength
#   3: F_norm         total flux, smoothed, normalized to F_cont_baseline
#   4: F_norm_raw     total flux, RAW MC (no velocity smoothing)
#   5: F_cont_smooth  continuum-channel flux (continuum photons only)
#   6: F_vol_smooth   volumetric-channel flux (line emission contribution)
# Format: F_norm ≈ F_cont_smooth + F_vol_smooth (within MC noise)
# ----------------------------------------------------------------------------------------
 -16559.48  6200.3125  1.00000e+00  1.00000e+00  3.59869e-01  0.00000e+00
 -16530.93  6200.9375  1.00000e+00  1.00000e+00  3.71750e-01  0.00000e+00
 -16502.38  6201.5625  1.00000e+00  1.00000e+00  3.94237e-01  0.00000e+00
 -16473.83  6202.1875  1.00000e+00  1.00000e+00  3.66003e-01  0.00000e+00
 -16445.28  6202.8125  1.00000e+00  1.00000e+00  3.50219e-01  0.00000e+00
 -16416.73  6203.4375  1.00000e+00  1.00000e+00  3.59567e-01  0.00000e+00
 -16388.18  6204.0625  1.00000e+00  1.00000e+00  3.50191e-01  0.00000e+00
 -16359.63  6204.6875  1.00000e+00  1.00000e+00  3.43801e-01  0.00000e+00
 -16331.08  6205.3125  1.00000e+00  1.00000e+00  3.79261e-01  0.00000e+00
 -16302.53  6205.9375  1.00000e+00  1.00000e+00  3.93717e-01  0.00000e+00
 -16273.97  6206.5625  1.00000e+00  1.00000e+00  3.54736e-01  0.00000e+00
 -16245.42  6207.1875  1.00000e+00  1.00000e+00  3.45301e-01  0.00000e+00
 -16216.87  6207.8125  1.00000e+00  1.00000e+00  3.32179e-01  0.00000e+00
 -16188.32  6208.4375  1.00000e+00  1.00000e+00  3.08315e-01  0.00000e+00
 -16159.77  6209.0625  1.00000e+00  1.00000e+00  3.24123e-01  0.00000e+00
 -16131.22  6209.6875  1.00000e+00  1.00000e+00  3.65564e-01  0.00000e+00
 -16102.67  6210.3125  1.00000e+00  1.00000e+00  3.67086e-01  0.00000e+00
 -16074.12  6210.9375  1.00000e+00  1.00000e+00  3.30352e-01  0.00000e+00
 -16045.57  6211.5625  1.00000e+00  1.00000e+00  2.92254e-01  0.00000e+00
 -16017.01  6212.1875  1.00000e+00  1.00000e+00  2.95809e-01  0.00000e+00
 -15988.46  6212.8125  1.00000e+00  1.00000e+00  3.19574e-01  0.00000e+00
 -15959.91  6213.4375  1.00000e+00  1.00000e+00  3.32131e-01  0.00000e+00
 -15931.36  6214.0625  1.00000e+00  1.00000e+00  3.49685e-01  0.00000e+00
 -15902.81  6214.6875  1.00000e+00  1.00000e+00  3.58315e-01  0.00000e+00
 -15874.26  6215.3125  1.00000e+00  1.00000e+00  3.79110e-01  0.00000e+00
 -15845.71  6215.9375  1.00000e+00  1.00000e+00  4.14906e-01  0.00000e+00
 -15817.16  6216.5625  1.00000e+00  1.00000e+00  4.08802e-01  0.00000e+00
 -15788.61  6217.1875  1.00000e+00  1.00000e+00  4.36918e-01  0.00000e+00
 -15760.06  6217.8125  1.00000e+00  1.00000e+00  4.10795e-01  0.00000e+00
 -15731.50  6218.4375  1.00000e+00  1.00000e+00  3.49774e-01  0.00000e+00
 -15702.95  6219.0625  1.00000e+00  1.00000e+00  3.34456e-01  0.00000e+00
 -15674.40  6219.6875  1.00000e+00  1.00000e+00  3.16300e-01  0.00000e+00
 -15645.85  6220.3125  1.00000e+00  1.00000e+00  3.23830e-01  0.00000e+00
 -15617.30  6220.9375  1.00000e+00  1.00000e+00  3.52328e-01  0.00000e+00
 -15588.75  6221.5625  1.00000e+00  1.00000e+00  3.43278e-01  0.00000e+00
 -15560.20  6222.1875  1.00000e+00  1.00000e+00  3.32232e-01  0.00000e+00
 -15531.65  6222.8125  1.00000e+00  1.00000e+00  3.48411e-01  0.00000e+00
 -15503.10  6223.4375  1.00000e+00  1.00000e+00  3.72769e-01  0.00000e+00
 -15474.55  6224.0625  1.00000e+00  1.00000e+00  4.05121e-01  0.00000e+00
 -15445.99  6224.6875  1.00000e+00  1.00000e+00  4.29397e-01  0.00000e+00
 -15417.44  6225.3125  1.00000e+00  1.00000e+00  4.16526e-01  0.00000e+00
 -15388.89  6225.9375  1.00000e+00  1.00000e+00  3.70367e-01  0.00000e+00
 -15360.34  6226.5625  1.00000e+00  1.00000e+00  3.18922e-01  0.00000e+00
 -15331.79  6227.1875  1.00000e+00  1.00000e+00  3.18063e-01  0.00000e+00
 -15303.24  6227.8125  1.00000e+00  1.00000e+00  3.80309e-01  0.00000e+00
 -15274.69  6228.4375  1.00000e+00  1.00000e+00  3.91044e-01  0.00000e+00
 -15246.14  6229.0625  1.00000e+00  1.00000e+00  3.68436e-01  0.00000e+00
 -15217.59  6229.6875  1.00000e+00  1.00000e+00  3.42175e-01  0.00000e+00
 -15189.03  6230.3125  1.00000e+00  1.00000e+00  3.06897e-01  0.00000e+00
 -15160.48  6230.9375  1.00000e+00  1.00000e+00  3.09797e-01  0.00000e+00
 -15131.93  6231.5625  1.00000e+00  1.00000e+00  3.28659e-01  0.00000e+00
 -15103.38  6232.1875  1.00000e+00  1.00000e+00  3.69156e-01  0.00000e+00
 -15074.83  6232.8125  1.00000e+00  1.00000e+00  3.59652e-01  0.00000e+00
 -15046.28  6233.4375  1.00000e+00  1.00000e+00  3.34305e-01  0.00000e+00
 -15017.73  6234.0625  1.00000e+00  1.00000e+00  3.55255e-01  0.00000e+00
 -14989.18  6234.6875  1.00000e+00  1.00000e+00  3.67009e-01  0.00000e+00
 -14960.63  6235.3125  1.00000e+00  1.00000e+00  3.40054e-01  0.00000e+00
 -14932.08  6235.9375  1.00000e+00  1.00000e+00  3.37634e-01  0.00000e+00
 -14903.52  6236.5625  1.00000e+00  1.00000e+00  3.37490e-01  0.00000e+00
 -14874.97  6237.1875  1.00000e+00  1.00000e+00  3.29577e-01  0.00000e+00
 -14846.42  6237.8125  1.00000e+00  1.00000e+00  3.42224e-01  0.00000e+00
 -14817.87  6238.4375  1.00000e+00  1.00000e+00  3.27476e-01  0.00000e+00
 -14789.32  6239.0625  1.00000e+00  1.00000e+00  3.02433e-01  0.00000e+00
 -14760.77  6239.6875  1.00000e+00  1.00000e+00  3.02657e-01  0.00000e+00
 -14732.22  6240.3125  1.00000e+00  1.00000e+00  3.41651e-01  0.00000e+00
 -14703.67  6240.9375  1.00000e+00  1.00000e+00  3.91681e-01  0.00000e+00
 -14675.12  6241.5625  1.00000e+00  1.00000e+00  4.03947e-01  0.00000e+00
 -14646.57  6242.1875  1.00000e+00  1.00000e+00  3.92520e-01  0.00000e+00
 -14618.01  6242.8125  1.00000e+00  1.00000e+00  3.69906e-01  0.00000e+00
 -14589.46  6243.4375  1.00000e+00  1.00000e+00  3.43621e-01  0.00000e+00
 -14560.91  6244.0625  1.00000e+00  1.00000e+00  2.85050e-01  0.00000e+00
 -14532.36  6244.6875  1.00000e+00  1.00000e+00  2.67564e-01  0.00000e+00
 -14503.81  6245.3125  1.00000e+00  1.00000e+00  3.00285e-01  0.00000e+00
 -14475.26  6245.9375  1.00000e+00  1.00000e+00  3.16848e-01  0.00000e+00
 -14446.71  6246.5625  1.00000e+00  1.00000e+00  3.35318e-01  0.00000e+00
 -14418.16  6247.1875  1.00000e+00  1.00000e+00  3.30954e-01  0.00000e+00
 -14389.61  6247.8125  1.00000e+00  1.00000e+00  3.20931e-01  0.00000e+00
 -14361.06  6248.4375  1.00000e+00  1.00000e+00  3.44734e-01  0.00000e+00
 -14332.50  6249.0625  1.00000e+00  1.00000e+00  3.60061e-01  0.00000e+00
 -14303.95  6249.6875  1.00000e+00  1.00000e+00  3.48416e-01  0.00000e+00
 -14275.40  6250.3125  1.00000e+00  1.00000e+00  3.58843e-01  0.00000e+00
 -14246.85  6250.9375  1.00000e+00  1.00000e+00  3.58583e-01  0.00000e+00
 -14218.30  6251.5625  1.00000e+00  1.00000e+00  3.55545e-01  0.00000e+00
 -14189.75  6252.1875  1.00000e+00  1.00000e+00  3.74348e-01  0.00000e+00
 -14161.20  6252.8125  1.00000e+00  1.00000e+00  3.84767e-01  0.00000e+00
 -14132.65  6253.4375  1.00000e+00  1.00000e+00  3.49493e-01  0.00000e+00
 -14104.10  6254.0625  1.00000e+00  1.00000e+00  3.11946e-01  0.00000e+00
 -14075.54  6254.6875  1.00000e+00  1.00000e+00  3.15547e-01  0.00000e+00
 -14046.99  6255.3125  1.00000e+00  1.00000e+00  3.39138e-01  0.00000e+00
 -14018.44  6255.9375  1.00000e+00  1.00000e+00  3.32515e-01  0.00000e+00
 -13989.89  6256.5625  1.00000e+00  1.00000e+00  3.35213e-01  0.00000e+00
 -13961.34  6257.1875  1.00000e+00  1.00000e+00  3.75723e-01  0.00000e+00
 -13932.79  6257.8125  1.00000e+00  1.00000e+00  3.83258e-01  0.00000e+00
 -13904.24  6258.4375  1.00000e+00  1.00000e+00  3.56469e-01  0.00000e+00
 -13875.69  6259.0625  1.00000e+00  1.00000e+00  3.33290e-01  0.00000e+00
 -13847.14  6259.6875  1.00000e+00  1.00000e+00  3.45682e-01  0.00000e+00
 -13818.59  6260.3125  1.00000e+00  1.00000e+00  3.70093e-01  0.00000e+00
 -13790.03  6260.9375  1.00000e+00  1.00000e+00  3.65879e-01  0.00000e+00
 -13761.48  6261.5625  1.00000e+00  1.00000e+00  3.40416e-01  0.00000e+00
 -13732.93  6262.1875  1.00000e+00  1.00000e+00  3.44930e-01  0.00000e+00
 -13704.38  6262.8125  1.00000e+00  1.00000e+00  3.51603e-01  0.00000e+00
 -13675.83  6263.4375  1.00000e+00  1.00000e+00  3.47708e-01  0.00000e+00
 -13647.28  6264.0625  1.00000e+00  1.00000e+00  3.66479e-01  0.00000e+00
 -13618.73  6264.6875  1.00000e+00  1.00000e+00  3.75966e-01  0.00000e+00
 -13590.18  6265.3125  1.00000e+00  1.00000e+00  3.56076e-01  0.00000e+00
 -13561.63  6265.9375  1.00000e+00  1.00000e+00  3.37602e-01  0.00000e+00
 -13533.08  6266.5625  1.00000e+00  1.00000e+00  3.18449e-01  0.00000e+00
 -13504.52  6267.1875  1.00000e+00  1.00000e+00  2.88133e-01  0.00000e+00
 -13475.97  6267.8125  1.00000e+00  1.00000e+00  3.15975e-01  0.00000e+00
 -13447.42  6268.4375  1.00000e+00  1.00000e+00  3.79052e-01  0.00000e+00
 -13418.87  6269.0625  1.00000e+00  1.00000e+00  4.08307e-01  0.00000e+00
 -13390.32  6269.6875  1.00000e+00  1.00000e+00  3.82729e-01  0.00000e+00
 -13361.77  6270.3125  1.00000e+00  1.00000e+00  3.41998e-01  0.00000e+00
 -13333.22  6270.9375  1.00000e+00  1.00000e+00  3.01437e-01  0.00000e+00
 -13304.67  6271.5625  1.00000e+00  1.00000e+00  3.09051e-01  0.00000e+00
 -13276.12  6272.1875  1.00000e+00  1.00000e+00  3.39774e-01  0.00000e+00
 -13247.56  6272.8125  1.00000e+00  1.00000e+00  3.36798e-01  0.00000e+00
 -13219.01  6273.4375  1.00000e+00  1.00000e+00  3.38604e-01  0.00000e+00
 -13190.46  6274.0625  1.00000e+00  1.00000e+00  3.15755e-01  0.00000e+00
 -13161.91  6274.6875  1.00000e+00  1.00000e+00  3.13240e-01  0.00000e+00
 -13133.36  6275.3125  1.00000e+00  1.00000e+00  3.70916e-01  0.00000e+00
 -13104.81  6275.9375  1.00000e+00  1.00000e+00  3.92109e-01  0.00000e+00
 -13076.26  6276.5625  1.00000e+00  1.00000e+00  3.67154e-01  0.00000e+00
 -13047.71  6277.1875  1.00000e+00  1.00000e+00  3.11883e-01  0.00000e+00
 -13019.16  6277.8125  1.00000e+00  1.00000e+00  2.85074e-01  0.00000e+00
 -12990.61  6278.4375  1.00000e+00  1.00000e+00  3.39930e-01  0.00000e+00
 -12962.05  6279.0625  1.00000e+00  1.00000e+00  3.64900e-01  0.00000e+00
 -12933.50  6279.6875  1.00000e+00  1.00000e+00  3.74130e-01  0.00000e+00
 -12904.95  6280.3125  1.00000e+00  1.00000e+00  3.97753e-01  0.00000e+00
 -12876.40  6280.9375  1.00000e+00  1.00000e+00  3.81835e-01  0.00000e+00
 -12847.85  6281.5625  1.00000e+00  1.00000e+00  3.48590e-01  0.00000e+00
 -12819.30  6282.1875  1.00000e+00  1.00000e+00  3.38826e-01  0.00000e+00
 -12790.75  6282.8125  1.00000e+00  1.00000e+00  3.37647e-01  0.00000e+00
 -12762.20  6283.4375  1.00000e+00  1.00000e+00  3.30795e-01  0.00000e+00
 -12733.65  6284.0625  1.00000e+00  1.00000e+00  3.27160e-01  0.00000e+00
 -12705.10  6284.6875  1.00000e+00  1.00000e+00  3.38485e-01  0.00000e+00
 -12676.54  6285.3125  1.00000e+00  1.00000e+00  3.48569e-01  0.00000e+00
 -12647.99  6285.9375  1.00000e+00  1.00000e+00  3.82466e-01  0.00000e+00
 -12619.44  6286.5625  1.00000e+00  1.00000e+00  4.41545e-01  0.00000e+00
 -12590.89  6287.1875  1.00000e+00  1.00000e+00  4.33795e-01  0.00000e+00
 -12562.34  6287.8125  1.00000e+00  1.00000e+00  3.58877e-01  0.00000e+00
 -12533.79  6288.4375  1.00000e+00  1.00000e+00  3.19478e-01  0.00000e+00
 -12505.24  6289.0625  1.00000e+00  1.00000e+00  3.48448e-01  0.00000e+00
 -12476.69  6289.6875  1.00000e+00  1.00000e+00  3.99720e-01  0.00000e+00
 -12448.14  6290.3125  1.00000e+00  1.00000e+00  4.04882e-01  0.00000e+00
 -12419.58  6290.9375  1.00000e+00  1.00000e+00  3.67274e-01  0.00000e+00
 -12391.03  6291.5625  1.00000e+00  1.00000e+00  3.48730e-01  0.00000e+00
 -12362.48  6292.1875  1.00000e+00  1.00000e+00  3.26651e-01  0.00000e+00
 -12333.93  6292.8125  1.00000e+00  1.00000e+00  3.27268e-01  0.00000e+00
 -12305.38  6293.4375  1.00000e+00  1.00000e+00  3.54441e-01  0.00000e+00
 -12276.83  6294.0625  1.00000e+00  1.00000e+00  3.78388e-01  0.00000e+00
 -12248.28  6294.6875  1.00000e+00  1.00000e+00  3.76207e-01  0.00000e+00
 -12219.73  6295.3125  1.00000e+00  1.00000e+00  3.42336e-01  0.00000e+00
 -12191.18  6295.9375  1.00000e+00  1.00000e+00  3.23148e-01  0.00000e+00
 -12162.63  6296.5625  1.00000e+00  1.00000e+00  3.09592e-01  0.00000e+00
 -12134.07  6297.1875  1.00000e+00  1.00000e+00  3.12751e-01  0.00000e+00
 -12105.52  6297.8125  1.00000e+00  1.00000e+00  3.69143e-01  0.00000e+00
 -12076.97  6298.4375  1.00000e+00  1.00000e+00  4.07383e-01  0.00000e+00
 -12048.42  6299.0625  1.00000e+00  1.00000e+00  3.81119e-01  0.00000e+00
 -12019.87  6299.6875  1.00000e+00  1.00000e+00  3.87746e-01  0.00000e+00
 -11991.32  6300.3125  1.00000e+00  1.00000e+00  4.13078e-01  0.00000e+00
 -11962.77  6300.9375  1.00000e+00  1.00000e+00  4.31307e-01  0.00000e+00
 -11934.22  6301.5625  1.00000e+00  1.00000e+00  4.34715e-01  0.00000e+00
 -11905.67  6302.1875  1.00000e+00  1.00000e+00  3.82383e-01  0.00000e+00
 -11877.12  6302.8125  1.00000e+00  1.00000e+00  3.68926e-01  0.00000e+00
 -11848.56  6303.4375  1.00000e+00  1.00000e+00  3.58787e-01  0.00000e+00
 -11820.01  6304.0625  1.00000e+00  1.00000e+00  3.40033e-01  0.00000e+00
 -11791.46  6304.6875  1.00000e+00  1.00000e+00  3.15153e-01  0.00000e+00
 -11762.91  6305.3125  1.00000e+00  1.00000e+00  2.99387e-01  0.00000e+00
 -11734.36  6305.9375  1.00000e+00  1.00000e+00  3.35475e-01  0.00000e+00
 -11705.81  6306.5625  1.00000e+00  1.00000e+00  3.85307e-01  0.00000e+00
 -11677.26  6307.1875  1.00000e+00  1.00000e+00  3.80255e-01  0.00000e+00
 -11648.71  6307.8125  1.00000e+00  1.00000e+00  3.39708e-01  0.00000e+00
 -11620.16  6308.4375  1.00000e+00  1.00000e+00  3.52376e-01  0.00000e+00
 -11591.60  6309.0625  1.00000e+00  1.00000e+00  4.13944e-01  0.00000e+00
 -11563.05  6309.6875  1.00000e+00  1.00000e+00  4.28915e-01  0.00000e+00
 -11534.50  6310.3125  1.00000e+00  1.00000e+00  4.46606e-01  0.00000e+00
 -11505.95  6310.9375  1.00000e+00  1.00000e+00  4.48943e-01  0.00000e+00
 -11477.40  6311.5625  1.00000e+00  1.00000e+00  4.02241e-01  0.00000e+00
 -11448.85  6312.1875  1.00000e+00  1.00000e+00  3.56124e-01  0.00000e+00
 -11420.30  6312.8125  1.00000e+00  1.00000e+00  3.56384e-01  0.00000e+00
 -11391.75  6313.4375  1.00000e+00  1.00000e+00  3.94748e-01  0.00000e+00
 -11363.20  6314.0625  1.00000e+00  1.00000e+00  3.92467e-01  0.00000e+00
 -11334.65  6314.6875  1.00000e+00  1.00000e+00  3.65855e-01  0.00000e+00
 -11306.09  6315.3125  1.00000e+00  1.00000e+00  3.63430e-01  0.00000e+00
 -11277.54  6315.9375  1.00000e+00  1.00000e+00  3.74163e-01  0.00000e+00
 -11248.99  6316.5625  1.00000e+00  1.00000e+00  3.79131e-01  0.00000e+00
 -11220.44  6317.1875  1.00000e+00  1.00000e+00  3.67602e-01  0.00000e+00
 -11191.89  6317.8125  1.00000e+00  1.00000e+00  3.89229e-01  0.00000e+00
 -11163.34  6318.4375  1.00000e+00  1.00000e+00  4.08057e-01  0.00000e+00
 -11134.79  6319.0625  1.00000e+00  1.00000e+00  4.00506e-01  0.00000e+00
 -11106.24  6319.6875  1.00000e+00  1.00000e+00  3.78656e-01  0.00000e+00
 -11077.69  6320.3125  1.00000e+00  1.00000e+00  3.63519e-01  0.00000e+00
 -11049.14  6320.9375  1.00000e+00  1.00000e+00  3.55552e-01  0.00000e+00
 -11020.58  6321.5625  1.00000e+00  1.00000e+00  3.56559e-01  0.00000e+00
 -10992.03  6322.1875  1.00000e+00  1.00000e+00  3.77390e-01  0.00000e+00
 -10963.48  6322.8125  1.00000e+00  1.00000e+00  3.88437e-01  0.00000e+00
 -10934.93  6323.4375  1.00000e+00  1.00000e+00  3.89404e-01  0.00000e+00
 -10906.38  6324.0625  1.00000e+00  1.00000e+00  3.62550e-01  0.00000e+00
 -10877.83  6324.6875  1.00000e+00  1.00000e+00  3.53256e-01  0.00000e+00
 -10849.28  6325.3125  1.00000e+00  1.00000e+00  3.84787e-01  0.00000e+00
 -10820.73  6325.9375  1.00000e+00  1.00000e+00  4.16047e-01  0.00000e+00
 -10792.18  6326.5625  1.00000e+00  1.00000e+00  4.16238e-01  0.00000e+00
 -10763.62  6327.1875  1.00000e+00  1.00000e+00  3.87142e-01  0.00000e+00
 -10735.07  6327.8125  1.00000e+00  1.00000e+00  3.76124e-01  0.00000e+00
 -10706.52  6328.4375  1.00000e+00  1.00000e+00  4.14349e-01  0.00000e+00
 -10677.97  6329.0625  1.00000e+00  1.00000e+00  3.78975e-01  0.00000e+00
 -10649.42  6329.6875  1.00000e+00  1.00000e+00  3.45049e-01  0.00000e+00
 -10620.87  6330.3125  1.00000e+00  1.00000e+00  3.88654e-01  0.00000e+00
 -10592.32  6330.9375  1.00000e+00  1.00000e+00  4.02975e-01  0.00000e+00
 -10563.77  6331.5625  1.00000e+00  1.00000e+00  3.73731e-01  0.00000e+00
 -10535.22  6332.1875  1.00000e+00  1.00000e+00  3.74732e-01  0.00000e+00
 -10506.67  6332.8125  1.00000e+00  1.00000e+00  3.76234e-01  0.00000e+00
 -10478.11  6333.4375  1.00000e+00  1.00000e+00  3.61569e-01  0.00000e+00
 -10449.56  6334.0625  1.00000e+00  1.00000e+00  3.47389e-01  0.00000e+00
 -10421.01  6334.6875  1.00000e+00  1.00000e+00  3.32391e-01  0.00000e+00
 -10392.46  6335.3125  1.00000e+00  1.00000e+00  3.30674e-01  0.00000e+00
 -10363.91  6335.9375  1.00000e+00  1.00000e+00  3.69893e-01  0.00000e+00
 -10335.36  6336.5625  1.00000e+00  1.00000e+00  4.02852e-01  0.00000e+00
 -10306.81  6337.1875  1.00000e+00  1.00000e+00  4.04827e-01  0.00000e+00
 -10278.26  6337.8125  9.99999e-01  9.99999e-01  3.72250e-01  0.00000e+00
 -10249.71  6338.4375  9.99999e-01  9.99999e-01  3.28522e-01  0.00000e+00
 -10221.16  6339.0625  9.99999e-01  9.99999e-01  3.01772e-01  0.00000e+00
 -10192.60  6339.6875  9.99998e-01  9.99998e-01  2.74533e-01  0.00000e+00
 -10164.05  6340.3125  9.99998e-01  9.99998e-01  3.07072e-01  0.00000e+00
 -10135.50  6340.9375  9.99997e-01  9.99997e-01  3.79813e-01  0.00000e+00
 -10106.95  6341.5625  9.99996e-01  9.99996e-01  3.88932e-01  0.00000e+00
 -10078.40  6342.1875  9.99994e-01  9.99995e-01  3.65036e-01  0.00000e+00
 -10049.85  6342.8125  9.99993e-01  9.99993e-01  3.55565e-01  0.00000e+00
 -10021.30  6343.4375  9.99990e-01  9.99990e-01  3.43545e-01  0.00000e+00
  -9992.75  6344.0625  9.99987e-01  9.99987e-01  3.55940e-01  0.00000e+00
  -9964.20  6344.6875  9.99983e-01  9.99983e-01  3.35221e-01  0.00000e+00
  -9935.65  6345.3125  9.99977e-01  9.99978e-01  3.12636e-01  0.00000e+00
  -9907.09  6345.9375  9.99970e-01  9.99971e-01  3.34935e-01  0.00000e+00
  -9878.54  6346.5625  9.99961e-01  9.99962e-01  3.36110e-01  0.00000e+00
  -9849.99  6347.1875  9.99949e-01  9.99950e-01  3.13251e-01  0.00000e+00
  -9821.44  6347.8125  9.99935e-01  9.99936e-01  3.25594e-01  0.00000e+00
  -9792.89  6348.4375  9.99916e-01  9.99918e-01  3.45480e-01  0.00000e+00
  -9764.34  6349.0625  9.99893e-01  9.99895e-01  3.59473e-01  0.00000e+00
  -9735.79  6349.6875  9.99864e-01  9.99867e-01  3.67351e-01  0.00000e+00
  -9707.24  6350.3125  9.99829e-01  9.99832e-01  3.99170e-01  0.00000e+00
  -9678.69  6350.9375  9.99785e-01  9.99788e-01  4.04614e-01  0.00000e+00
  -9650.13  6351.5625  9.99731e-01  9.99735e-01  3.92281e-01  0.00000e+00
  -9621.58  6352.1875  9.99665e-01  9.99670e-01  3.87681e-01  0.00000e+00
  -9593.03  6352.8125  9.99585e-01  9.99591e-01  3.74347e-01  0.00000e+00
  -9564.48  6353.4375  9.99489e-01  9.99496e-01  3.70611e-01  0.00000e+00
  -9535.93  6354.0625  9.99373e-01  9.99382e-01  4.08146e-01  0.00000e+00
  -9507.38  6354.6875  9.99235e-01  9.99245e-01  4.18585e-01  0.00000e+00
  -9478.83  6355.3125  9.99071e-01  9.99083e-01  3.97961e-01  7.63452e-09
  -9450.28  6355.9375  9.98878e-01  9.98891e-01  3.66316e-01  7.45178e-07
  -9421.73  6356.5625  9.98650e-01  9.98665e-01  3.30050e-01  2.02539e-05
  -9393.18  6357.1875  9.98384e-01  9.98401e-01  3.04496e-01  1.64913e-04
  -9364.62  6357.8125  9.98074e-01  9.98093e-01  2.92389e-01  4.70718e-04
  -9336.07  6358.4375  9.97715e-01  9.97736e-01  2.82193e-01  5.68659e-04
  -9307.52  6359.0625  9.97302e-01  9.97325e-01  2.93190e-01  4.44746e-04
  -9278.97  6359.6875  9.96829e-01  9.96854e-01  3.14141e-01  4.71731e-04
  -9250.42  6360.3125  9.96288e-01  9.96316e-01  3.00888e-01  4.25698e-04
  -9221.87  6360.9375  9.95675e-01  9.95706e-01  2.71799e-01  4.62341e-04
  -9193.32  6361.5625  9.94983e-01  9.95016e-01  2.82547e-01  4.53517e-04
  -9164.77  6362.1875  9.94204e-01  9.94240e-01  3.26331e-01  7.10281e-04
  -9136.22  6362.8125  9.93333e-01  9.93371e-01  3.69163e-01  1.09155e-03
  -9107.67  6363.4375  9.92363e-01  9.92404e-01  3.55635e-01  1.33772e-03
  -9079.11  6364.0625  9.91288e-01  9.91331e-01  3.28300e-01  1.24447e-03
  -9050.56  6364.6875  9.90102e-01  9.90147e-01  3.16591e-01  1.81157e-03
  -9022.01  6365.3125  9.88800e-01  9.88846e-01  3.00129e-01  2.94904e-03
  -8993.46  6365.9375  9.87375e-01  9.87424e-01  3.06534e-01  3.04237e-03
  -8964.91  6366.5625  9.85824e-01  9.85874e-01  3.24664e-01  3.12574e-03
  -8936.36  6367.1875  9.84143e-01  9.84195e-01  3.39728e-01  3.87055e-03
  -8907.81  6367.8125  9.82329e-01  9.82381e-01  3.53701e-01  4.92067e-03
  -8879.26  6368.4375  9.80374e-01  9.80432e-01  4.18072e-01  7.54467e-03
  -8850.71  6369.0625  9.78172e-01  9.78344e-01  4.57453e-01  1.25009e-02
  -8822.15  6369.6875  9.75039e-01  9.76118e-01  4.24776e-01  1.73936e-02
  -8793.60  6370.3125  9.70183e-01  9.70469e-01  3.90472e-01  1.99786e-02
  -8765.05  6370.9375  9.64232e-01  9.64318e-01  4.04001e-01  1.75753e-02
  -8736.50  6371.5625  9.57913e-01  9.57984e-01  4.02437e-01  1.60800e-02
  -8707.95  6372.1875  9.51395e-01  9.51475e-01  3.26286e-01  2.18234e-02
  -8679.40  6372.8125  9.44766e-01  9.44691e-01  2.92259e-01  2.75096e-02
  -8650.85  6373.4375  9.38118e-01  9.38231e-01  3.20963e-01  2.83829e-02
  -8622.30  6374.0625  9.31363e-01  9.31355e-01  3.34438e-01  2.92775e-02
  -8593.75  6374.6875  9.24483e-01  9.24593e-01  3.18119e-01  2.74303e-02
  -8565.20  6375.3125  9.17397e-01  9.17499e-01  3.45050e-01  2.28496e-02
  -8536.64  6375.9375  9.10169e-01  9.10077e-01  3.75233e-01  2.28619e-02
  -8508.09  6376.5625  9.03052e-01  9.02953e-01  3.48882e-01  2.69900e-02
  -8479.54  6377.1875  8.95984e-01  8.96217e-01  3.02058e-01  3.01492e-02
  -8450.99  6377.8125  8.88728e-01  8.88625e-01  2.97693e-01  3.23796e-02
  -8422.44  6378.4375  8.81442e-01  8.81488e-01  3.46506e-01  3.47709e-02
  -8393.89  6379.0625  8.74108e-01  8.74173e-01  3.92056e-01  6.06728e-02
  -8365.34  6379.6875  8.66626e-01  8.66687e-01  3.69652e-01  1.14310e-01
  -8336.79  6380.3125  8.59008e-01  8.59039e-01  3.37546e-01  1.61904e-01
  -8308.24  6380.9375  8.51399e-01  8.51236e-01  3.13048e-01  1.78967e-01
  -8279.69  6381.5625  8.43852e-01  8.44087e-01  3.13195e-01  1.80095e-01
  -8251.13  6382.1875  8.36200e-01  8.36017e-01  3.24975e-01  1.81420e-01
  -8222.58  6382.8125  8.28652e-01  8.28657e-01  3.50488e-01  1.87561e-01
  -8194.03  6383.4375  8.21180e-01  8.21210e-01  3.56590e-01  1.97656e-01
  -8165.48  6384.0625  8.13655e-01  8.13683e-01  3.93517e-01  2.03247e-01
  -8136.93  6384.6875  8.06086e-01  8.06080e-01  3.88732e-01  2.03508e-01
  -8108.38  6385.3125  7.98638e-01  7.98408e-01  3.38365e-01  2.04537e-01
  -8079.83  6385.9375  7.91336e-01  7.91606e-01  3.25680e-01  1.99033e-01
  -8051.28  6386.5625  7.83811e-01  7.83829e-01  3.46102e-01  1.92994e-01
  -8022.73  6387.1875  7.76249e-01  7.75998e-01  3.42121e-01  2.04950e-01
  -7994.17  6387.8125  7.68863e-01  7.69105e-01  3.69858e-01  2.16248e-01
  -7965.62  6388.4375  7.61469e-01  7.61202e-01  3.81646e-01  2.10968e-01
  -7937.07  6389.0625  7.54311e-01  7.54279e-01  3.39090e-01  1.99795e-01
  -7908.52  6389.6875  7.47321e-01  7.47355e-01  2.85930e-01  1.98216e-01
  -7879.97  6390.3125  7.40149e-01  7.40435e-01  2.72000e-01  2.18051e-01
  -7851.42  6390.9375  7.32752e-01  7.32462e-01  3.03674e-01  2.36249e-01
  -7822.87  6391.5625  7.25594e-01  7.25550e-01  3.58518e-01  2.43818e-01
  -7794.32  6392.1875  7.18667e-01  7.18657e-01  4.04805e-01  2.53074e-01
  -7765.77  6392.8125  7.11798e-01  7.11787e-01  4.12061e-01  2.55037e-01
  -7737.22  6393.4375  7.04960e-01  7.04947e-01  3.85380e-01  2.37674e-01
  -7708.66  6394.0625  6.98157e-01  6.98140e-01  3.68356e-01  2.31097e-01
  -7680.11  6394.6875  6.91431e-01  6.91373e-01  3.69955e-01  2.46825e-01
  -7651.56  6395.3125  6.84989e-01  6.84650e-01  3.65402e-01  2.68549e-01
  -7623.01  6395.9375  6.78858e-01  6.79150e-01  3.13273e-01  2.84961e-01
  -7594.46  6396.5625  6.72572e-01  6.72547e-01  2.82704e-01  2.93458e-01
  -7565.91  6397.1875  6.66358e-01  6.66004e-01  2.97949e-01  2.92574e-01
  -7537.36  6397.8125  6.60441e-01  6.60737e-01  3.30898e-01  3.05638e-01
  -7508.81  6398.4375  6.54375e-01  6.54345e-01  3.79369e-01  3.14942e-01
  -7480.26  6399.0625  6.48398e-01  6.48027e-01  4.09984e-01  3.03503e-01
  -7451.71  6399.6875  6.42779e-01  6.43038e-01  4.02757e-01  2.96565e-01
  -7423.15  6400.3125  6.37237e-01  6.36898e-01  3.61553e-01  3.01196e-01
  -7394.60  6400.9375  6.31856e-01  6.32118e-01  3.27302e-01  3.11357e-01
  -7366.05  6401.5625  6.26521e-01  6.26173e-01  3.26605e-01  3.18878e-01
  -7337.50  6402.1875  6.21356e-01  6.21619e-01  3.29514e-01  3.31585e-01
  -7308.95  6402.8125  6.16331e-01  6.15883e-01  3.30824e-01  3.37512e-01
  -7280.40  6403.4375  6.12083e-01  6.11550e-01  3.68026e-01  3.52002e-01
  -7251.85  6404.0625  6.08886e-01  6.08782e-01  4.18818e-01  3.62397e-01
  -7223.30  6404.6875  6.06459e-01  6.05981e-01  4.19342e-01  3.64102e-01
  -7194.75  6405.3125  6.04782e-01  6.04707e-01  3.94753e-01  3.74416e-01
  -7166.19  6405.9375  6.03281e-01  6.03658e-01  3.47986e-01  3.80304e-01
  -7137.64  6406.5625  6.01575e-01  6.01186e-01  3.48671e-01  3.78371e-01
  -7109.09  6407.1875  6.00196e-01  6.00146e-01  3.60497e-01  3.76028e-01
  -7080.54  6407.8125  5.99159e-01  5.99074e-01  3.55271e-01  3.68429e-01
  -7051.99  6408.4375  5.98262e-01  5.98292e-01  3.96319e-01  3.73168e-01
  -7023.44  6409.0625  5.97407e-01  5.97353e-01  4.34469e-01  3.74906e-01
  -6994.89  6409.6875  5.96539e-01  5.96640e-01  4.42183e-01  3.66827e-01
  -6966.34  6410.3125  5.95456e-01  5.95660e-01  4.08273e-01  3.73296e-01
  -6937.79  6410.9375  5.94237e-01  5.93918e-01  3.57494e-01  3.83364e-01
  -6909.24  6411.5625  5.93356e-01  5.93283e-01  3.71867e-01  3.85938e-01
  -6880.68  6412.1875  5.92708e-01  5.92806e-01  4.15845e-01  3.89190e-01
  -6852.13  6412.8125  5.92095e-01  5.91910e-01  4.06047e-01  3.91256e-01
  -6823.58  6413.4375  5.91649e-01  5.91712e-01  3.63212e-01  3.88773e-01
  -6795.03  6414.0625  5.91473e-01  5.91047e-01  3.10220e-01  3.80406e-01
  -6766.48  6414.6875  5.91608e-01  5.91977e-01  3.58626e-01  3.74970e-01
  -6737.93  6415.3125  5.91496e-01  5.91514e-01  4.47430e-01  3.85590e-01
  -6709.38  6415.9375  5.91171e-01  5.91140e-01  4.42821e-01  4.02203e-01
  -6680.83  6416.5625  5.90881e-01  5.90851e-01  3.70685e-01  3.99250e-01
  -6652.28  6417.1875  5.90647e-01  5.90643e-01  3.56565e-01  3.91966e-01
  -6623.73  6417.8125  5.90342e-01  5.90510e-01  3.73548e-01  3.94877e-01
  -6595.17  6418.4375  5.89974e-01  5.89729e-01  3.64605e-01  4.05408e-01
  -6566.62  6419.0625  5.89966e-01  5.89722e-01  3.90171e-01  4.14055e-01
  -6538.07  6419.6875  5.90163e-01  5.90597e-01  4.24497e-01  4.14692e-01
  -6509.52  6420.3125  5.89936e-01  5.89949e-01  4.05625e-01  4.05381e-01
  -6480.97  6420.9375  5.89614e-01  5.89334e-01  3.84434e-01  4.09659e-01
  -6452.42  6421.5625  5.89772e-01  5.89536e-01  3.92040e-01  4.23772e-01
  -6423.87  6422.1875  5.90143e-01  5.90590e-01  4.07932e-01  4.29334e-01
  -6395.32  6422.8125  5.90089e-01  5.90080e-01  4.26289e-01  4.33574e-01
  -6366.77  6423.4375  5.90015e-01  5.89596e-01  4.44629e-01  4.30215e-01
  -6338.21  6424.0625  5.90096e-01  5.90756e-01  4.18385e-01  4.34319e-01
  -6309.66  6424.6875  5.89714e-01  5.89477e-01  3.74300e-01  4.43526e-01
  -6281.11  6425.3125  5.89539e-01  5.89057e-01  3.64744e-01  4.40478e-01
  -6252.56  6425.9375  5.89838e-01  5.90303e-01  3.71947e-01  4.31966e-01
  -6224.01  6426.5625  5.89698e-01  5.89933e-01  3.84056e-01  4.27857e-01
  -6195.46  6427.1875  5.89389e-01  5.88688e-01  3.89843e-01  4.35713e-01
  -6166.91  6427.8125  5.89627e-01  5.90014e-01  4.02039e-01  4.36533e-01
  -6138.36  6428.4375  5.89857e-01  5.89700e-01  4.26646e-01  4.31161e-01
  -6109.81  6429.0625  5.89983e-01  5.90159e-01  4.28699e-01  4.30122e-01
  -6081.26  6429.6875  5.90033e-01  5.89880e-01  3.79447e-01  4.34430e-01
  -6052.70  6430.3125  5.89966e-01  5.90367e-01  3.97645e-01  4.27279e-01
  -6024.15  6430.9375  5.89836e-01  5.89165e-01  4.15896e-01  4.27566e-01
  -5995.60  6431.5625  5.89975e-01  5.90639e-01  3.92486e-01  4.37785e-01
  -5967.05  6432.1875  5.89866e-01  5.89453e-01  3.57323e-01  4.36806e-01
  -5938.50  6432.8125  5.89852e-01  5.89990e-01  3.65421e-01  4.34452e-01
  -5909.95  6433.4375  5.89956e-01  5.89808e-01  4.22675e-01  4.39519e-01
  -5881.40  6434.0625  5.89933e-01  5.90377e-01  3.93118e-01  4.44022e-01
  -5852.85  6434.6875  5.89674e-01  5.89219e-01  3.35922e-01  4.48042e-01
  -5824.30  6435.3125  5.89686e-01  5.89815e-01  3.33315e-01  4.40703e-01
  -5795.75  6435.9375  5.89911e-01  5.89705e-01  3.68873e-01  4.27367e-01
  -5767.19  6436.5625  5.90313e-01  5.90342e-01  3.73242e-01  4.24645e-01
  -5738.64  6437.1875  5.90524e-01  5.90998e-01  3.44754e-01  4.29531e-01
  -5710.09  6437.8125  5.90389e-01  5.89900e-01  3.36010e-01  4.37367e-01
  -5681.54  6438.4375  5.90606e-01  5.90597e-01  3.42114e-01  4.44264e-01
  -5652.99  6439.0625  5.90844e-01  5.91320e-01  3.86525e-01  4.49469e-01
  -5624.44  6439.6875  5.90773e-01  5.90276e-01  4.24205e-01  4.60676e-01
  -5595.89  6440.3125  5.91065e-01  5.91053e-01  4.11467e-01  4.65475e-01
  -5567.34  6440.9375  5.91385e-01  5.91864e-01  3.75554e-01  4.61726e-01
  -5538.79  6441.5625  5.91363e-01  5.90897e-01  3.94721e-01  4.47232e-01
  -5510.24  6442.1875  5.91489e-01  5.91779e-01  4.23719e-01  4.44663e-01
  -5481.68  6442.8125  5.91405e-01  5.91580e-01  4.16447e-01  4.52482e-01
  -5453.13  6443.4375  5.91268e-01  5.90712e-01  4.04183e-01  4.62189e-01
  -5424.58  6444.0625  5.91805e-01  5.91723e-01  3.96974e-01  4.67536e-01
  -5396.03  6444.6875  5.92707e-01  5.92787e-01  3.65721e-01  4.57777e-01
  -5367.48  6445.3125  5.93113e-01  5.93911e-01  3.97177e-01  4.43963e-01
  -5338.93  6445.9375  5.92923e-01  5.92080e-01  4.45300e-01  4.43689e-01
  -5310.38  6446.5625  5.93451e-01  5.93321e-01  4.07128e-01  4.45187e-01
  -5281.83  6447.1875  5.94620e-01  5.94632e-01  3.91740e-01  4.51230e-01
  -5253.28  6447.8125  5.95658e-01  5.96018e-01  3.59426e-01  4.69018e-01
  -5224.72  6448.4375  5.96130e-01  5.96291e-01  3.30706e-01  4.75877e-01
  -5196.17  6449.0625  5.96488e-01  5.95945e-01  3.61399e-01  4.66508e-01
  -5167.62  6449.6875  5.97333e-01  5.97564e-01  3.66942e-01  4.50039e-01
  -5139.07  6450.3125  5.98380e-01  5.98058e-01  3.47537e-01  4.51534e-01
  -5110.52  6450.9375  5.99588e-01  5.99847e-01  3.19523e-01  4.52067e-01
  -5081.97  6451.5625  6.00803e-01  6.00503e-01  3.13884e-01  4.44128e-01
  -5053.42  6452.1875  6.01986e-01  6.02469e-01  3.58390e-01  4.37271e-01
  -5024.87  6452.8125  6.02909e-01  6.02615e-01  3.66998e-01  4.45143e-01
  -4996.32  6453.4375  6.04574e-01  6.03521e-01  2.97648e-01  4.58590e-01
  -4967.77  6454.0625  6.07704e-01  6.07888e-01  2.42066e-01  4.65638e-01
  -4939.21  6454.6875  6.11434e-01  6.11095e-01  2.79152e-01  4.71840e-01
  -4910.66  6455.3125  6.15385e-01  6.15653e-01  3.48064e-01  4.66404e-01
  -4882.11  6455.9375  6.19370e-01  6.19035e-01  3.66255e-01  4.65409e-01
  -4853.56  6456.5625  6.23460e-01  6.23776e-01  2.95076e-01  4.72241e-01
  -4825.01  6457.1875  6.27354e-01  6.27324e-01  2.50363e-01  4.72797e-01
  -4796.46  6457.8125  6.31329e-01  6.30949e-01  2.87607e-01  4.61947e-01
  -4767.91  6458.4375  6.35661e-01  6.35940e-01  3.07233e-01  4.64585e-01
  -4739.36  6459.0625  6.40046e-01  6.39711e-01  2.85157e-01  4.74714e-01
  -4710.81  6459.6875  6.44522e-01  6.44852e-01  2.83535e-01  4.73620e-01
  -4682.26  6460.3125  6.48776e-01  6.48753e-01  3.05353e-01  4.61716e-01
  -4653.70  6460.9375  6.53089e-01  6.52711e-01  3.16378e-01  4.61563e-01
  -4625.15  6461.5625  6.57703e-01  6.58041e-01  3.29384e-01  4.67502e-01
  -4596.60  6462.1875  6.62118e-01  6.62101e-01  3.24444e-01  4.70782e-01
  -4568.05  6462.8125  6.66580e-01  6.66203e-01  3.07297e-01  4.68171e-01
  -4539.50  6463.4375  6.71331e-01  6.71681e-01  2.89636e-01  4.76713e-01
  -4510.95  6464.0625  6.75824e-01  6.75858e-01  2.95372e-01  4.87049e-01
  -4482.40  6464.6875  6.80119e-01  6.80064e-01  3.09266e-01  4.84788e-01
  -4453.85  6465.3125  6.84672e-01  6.84294e-01  2.76764e-01  4.79810e-01
  -4425.30  6465.9375  6.89541e-01  6.89903e-01  2.53092e-01  4.77087e-01
  -4396.74  6466.5625  6.94134e-01  6.94175e-01  3.10620e-01  4.65143e-01
  -4368.19  6467.1875  6.98510e-01  6.98459e-01  3.40605e-01  4.48743e-01
  -4339.64  6467.8125  7.03133e-01  7.02754e-01  3.23604e-01  4.50913e-01
  -4311.09  6468.4375  7.08063e-01  7.08436e-01  3.25916e-01  4.69054e-01
  -4282.54  6469.0625  7.12691e-01  7.12746e-01  3.34752e-01  4.83706e-01
  -4253.99  6469.6875  7.16998e-01  7.17058e-01  3.49908e-01  4.81715e-01
  -4225.44  6470.3125  7.21213e-01  7.21155e-01  3.28211e-01  4.68514e-01
  -4196.89  6470.9375  7.25472e-01  7.25464e-01  2.91272e-01  4.60553e-01
  -4168.34  6471.5625  7.29816e-01  7.29769e-01  3.05556e-01  4.52203e-01
  -4139.79  6472.1875  7.34450e-01  7.34068e-01  3.12537e-01  4.53285e-01
  -4111.23  6472.8125  7.39386e-01  7.39772e-01  2.80580e-01  4.55262e-01
  -4082.68  6473.4375  7.44000e-01  7.44060e-01  2.62239e-01  4.60419e-01
  -4054.13  6474.0625  7.48275e-01  7.48339e-01  2.62178e-01  4.74930e-01
  -4025.58  6474.6875  7.52446e-01  7.52391e-01  2.90242e-01  4.80113e-01
  -3997.03  6475.3125  7.56652e-01  7.56649e-01  3.11418e-01  4.72422e-01
  -3968.48  6475.9375  7.60891e-01  7.60896e-01  3.21177e-01  4.62566e-01
  -3939.93  6476.5625  7.65125e-01  7.65130e-01  3.18955e-01  4.62688e-01
  -3911.38  6477.1875  7.69340e-01  7.69353e-01  3.43423e-01  4.67481e-01
  -3882.83  6477.8125  7.73498e-01  7.73562e-01  3.70188e-01  4.64454e-01
  -3854.28  6478.4375  7.77595e-01  7.77540e-01  3.41765e-01  4.61618e-01
  -3825.72  6479.0625  7.81726e-01  7.81724e-01  3.42973e-01  4.65694e-01
  -3797.17  6479.6875  7.85881e-01  7.85894e-01  3.41320e-01  4.79888e-01
  -3768.62  6480.3125  7.89985e-01  7.90051e-01  3.19945e-01  4.82073e-01
  -3740.07  6480.9375  7.94028e-01  7.93973e-01  3.21474e-01  4.62380e-01
  -3711.52  6481.5625  7.98105e-01  7.98103e-01  3.57301e-01  4.52431e-01
  -3682.97  6482.1875  8.02206e-01  8.02219e-01  3.68858e-01  4.45664e-01
  -3654.42  6482.8125  8.06255e-01  8.06321e-01  3.38845e-01  4.43808e-01
  -3625.87  6483.4375  8.10242e-01  8.10187e-01  3.39359e-01  4.50729e-01
  -3597.32  6484.0625  8.14262e-01  8.14262e-01  3.62815e-01  4.58235e-01
  -3568.76  6484.6875  8.18257e-01  8.18322e-01  3.44439e-01  4.59216e-01
  -3540.21  6485.3125  8.21894e-01  8.22369e-01  3.30333e-01  4.61784e-01
  -3511.66  6485.9375  8.25140e-01  8.24678e-01  3.32625e-01  4.65880e-01
  -3483.11  6486.5625  8.28740e-01  8.28693e-01  3.37262e-01  4.62421e-01
  -3454.56  6487.1875  8.32629e-01  8.32694e-01  3.67239e-01  4.63806e-01
  -3426.01  6487.8125  8.36511e-01  8.36455e-01  4.01997e-01  4.61375e-01
  -3397.46  6488.4375  8.40422e-01  8.40427e-01  4.08023e-01  4.60261e-01
  -3368.91  6489.0625  8.44317e-01  8.44386e-01  4.06141e-01  4.59226e-01
  -3340.36  6489.6875  8.48106e-01  8.48104e-01  4.12597e-01  4.60904e-01
  -3311.81  6490.3125  8.51612e-01  8.52034e-01  3.75227e-01  4.64182e-01
  -3283.25  6490.9375  8.54768e-01  8.54420e-01  3.21998e-01  4.69520e-01
  -3254.70  6491.5625  8.58199e-01  8.58090e-01  3.40223e-01  4.73047e-01
  -3226.15  6492.1875  8.61967e-01  8.61973e-01  3.67476e-01  4.78011e-01
  -3197.60  6492.8125  8.65719e-01  8.65841e-01  3.60110e-01  4.75886e-01
  -3169.05  6493.4375  8.69094e-01  8.69467e-01  3.76214e-01  4.72097e-01
  -3140.50  6494.0625  8.72120e-01  8.71760e-01  3.90114e-01  4.60082e-01
  -3111.95  6494.6875  8.75461e-01  8.75352e-01  3.57283e-01  4.41065e-01
  -3083.40  6495.3125  8.79100e-01  8.79158e-01  2.95298e-01  4.45513e-01
  -3054.85  6495.9375  8.82457e-01  8.82949e-01  2.56084e-01  4.59340e-01
  -3026.30  6496.5625  8.85411e-01  8.84939e-01  2.67995e-01  4.68671e-01
  -2997.74  6497.1875  8.88689e-01  8.88697e-01  3.12774e-01  4.66206e-01
  -2969.19  6497.8125  8.92214e-01  8.92210e-01  3.24325e-01  4.51242e-01
  -2940.64  6498.4375  8.95505e-01  8.95939e-01  3.45977e-01  4.44525e-01
  -2912.09  6499.0625  8.98437e-01  8.98081e-01  3.80944e-01  4.46868e-01
  -2883.54  6499.6875  9.01594e-01  9.01545e-01  3.91184e-01  4.46100e-01
  -2854.99  6500.3125  9.04737e-01  9.05225e-01  4.07915e-01  4.35911e-01
  -2826.44  6500.9375  9.07556e-01  9.07081e-01  4.30526e-01  4.27159e-01
  -2797.89  6501.5625  9.10665e-01  9.10726e-01  3.77214e-01  4.29878e-01
  -2769.34  6502.1875  9.13746e-01  9.14126e-01  3.58985e-01  4.31602e-01
  -2740.78  6502.8125  9.16523e-01  9.16156e-01  3.82534e-01  4.31775e-01
  -2712.23  6503.4375  9.19570e-01  9.19520e-01  3.86985e-01  4.38828e-01
  -2683.68  6504.0625  9.22610e-01  9.23103e-01  3.69961e-01  4.48792e-01
  -2655.13  6504.6875  9.25324e-01  9.24843e-01  4.01244e-01  4.42208e-01
  -2626.58  6505.3125  9.28330e-01  9.28391e-01  4.05105e-01  4.33603e-01
  -2598.03  6505.9375  9.31306e-01  9.31693e-01  4.08866e-01  4.41326e-01
  -2569.48  6506.5625  9.33926e-01  9.33608e-01  4.05937e-01  4.51099e-01
  -2540.93  6507.1875  9.36544e-01  9.36875e-01  3.59813e-01  4.52527e-01
  -2512.38  6507.8125  9.39129e-01  9.38754e-01  3.91988e-01  4.41762e-01
  -2483.83  6508.4375  9.42037e-01  9.41987e-01  4.17675e-01  4.43731e-01
  -2455.27  6509.0625  9.44939e-01  9.45441e-01  3.90546e-01  4.52535e-01
  -2426.72  6509.6875  9.47461e-01  9.47027e-01  3.81937e-01  4.39452e-01
  -2398.17  6510.3125  9.49999e-01  9.50448e-01  4.04576e-01  4.22519e-01
  -2369.62  6510.9375  9.52434e-01  9.51999e-01  4.17464e-01  4.27136e-01
  -2341.07  6511.5625  9.54929e-01  9.55386e-01  4.30558e-01  4.34731e-01
  -2312.52  6512.1875  9.57281e-01  9.56900e-01  4.74646e-01  4.34327e-01
  -2283.97  6512.8125  9.59690e-01  9.60020e-01  4.50648e-01  4.40647e-01
  -2255.42  6513.4375  9.62059e-01  9.61733e-01  3.91496e-01  4.45437e-01
  -2226.87  6514.0625  9.64482e-01  9.64821e-01  3.84058e-01  4.44197e-01
  -2198.32  6514.6875  9.66825e-01  9.66498e-01  3.99069e-01  4.43443e-01
  -2169.76  6515.3125  9.69214e-01  9.69554e-01  3.75104e-01  4.38293e-01
  -2141.21  6515.9375  9.71515e-01  9.71196e-01  3.79075e-01  4.33018e-01
  -2112.66  6516.5625  9.73822e-01  9.74219e-01  4.22214e-01  4.39935e-01
  -2084.11  6517.1875  9.76038e-01  9.75589e-01  4.18102e-01  4.35628e-01
  -2055.56  6517.8125  9.78364e-01  9.78818e-01  4.32853e-01  4.18941e-01
  -2027.01  6518.4375  9.80595e-01  9.80152e-01  4.47162e-01  4.15110e-01
  -1998.46  6519.0625  9.82887e-01  9.83351e-01  4.44762e-01  4.23438e-01
  -1969.91  6519.6875  9.85036e-01  9.84649e-01  4.47559e-01  4.24195e-01
  -1941.36  6520.3125  9.87243e-01  9.87579e-01  4.37525e-01  4.06347e-01
  -1912.80  6520.9375  9.89400e-01  9.89079e-01  4.02261e-01  3.99275e-01
  -1884.25  6521.5625  9.91520e-01  9.91978e-01  3.79866e-01  4.10775e-01
  -1855.70  6522.1875  9.93262e-01  9.93203e-01  3.51162e-01  4.17285e-01
  -1827.15  6522.8125  9.95031e-01  9.94651e-01  3.18820e-01  4.11269e-01
  -1798.60  6523.4375  9.97099e-01  9.97499e-01  3.29256e-01  4.07864e-01
  -1770.05  6524.0625  9.99124e-01  9.98671e-01  3.63050e-01  4.05175e-01
  -1741.50  6524.6875  1.00120e+00  1.00173e+00  3.67649e-01  4.08919e-01
  -1712.95  6525.3125  1.00286e+00  1.00286e+00  3.86520e-01  4.05262e-01
  -1684.40  6525.9375  1.00449e+00  1.00398e+00  4.08580e-01  3.91974e-01
  -1655.85  6526.5625  1.00652e+00  1.00699e+00  4.14064e-01  3.92776e-01
  -1627.29  6527.1875  1.00846e+00  1.00807e+00  4.09550e-01  4.00296e-01
  -1598.74  6527.8125  1.01040e+00  1.01080e+00  4.49390e-01  4.06029e-01
  -1570.19  6528.4375  1.01201e+00  1.01208e+00  4.54186e-01  4.06727e-01
  -1541.64  6529.0625  1.01355e+00  1.01311e+00  4.18692e-01  4.02202e-01
  -1513.09  6529.6875  1.01534e+00  1.01579e+00  4.02369e-01  3.99192e-01
  -1484.54  6530.3125  1.01684e+00  1.01678e+00  3.85649e-01  3.95484e-01
  -1455.99  6530.9375  1.01837e+00  1.01799e+00  4.08536e-01  3.89289e-01
  -1427.44  6531.5625  1.02015e+00  1.02062e+00  4.10809e-01  3.92207e-01
  -1398.89  6532.1875  1.02155e+00  1.02155e+00  3.67275e-01  4.00748e-01
  -1370.34  6532.8125  1.02297e+00  1.02246e+00  3.54721e-01  3.98222e-01
  -1341.78  6533.4375  1.02475e+00  1.02527e+00  3.67451e-01  3.96688e-01
  -1313.23  6534.0625  1.02613e+00  1.02615e+00  4.00882e-01  3.88606e-01
  -1284.68  6534.6875  1.02746e+00  1.02700e+00  4.46121e-01  3.82719e-01
  -1256.13  6535.3125  1.02912e+00  1.02952e+00  4.94806e-01  3.86518e-01
  -1227.58  6535.9375  1.03045e+00  1.03058e+00  4.62832e-01  3.84534e-01
  -1199.03  6536.5625  1.03142e+00  1.03138e+00  3.88935e-01  3.79208e-01
  -1170.48  6537.1875  1.03262e+00  1.03216e+00  3.81817e-01  3.80418e-01
  -1141.93  6537.8125  1.03420e+00  1.03461e+00  3.96799e-01  3.86878e-01
  -1113.38  6538.4375  1.03546e+00  1.03559e+00  4.03902e-01  3.89731e-01
  -1084.83  6539.0625  1.03635e+00  1.03631e+00  4.29489e-01  3.89619e-01
  -1056.27  6539.6875  1.03746e+00  1.03701e+00  4.24153e-01  3.98851e-01
  -1027.72  6540.3125  1.03892e+00  1.03939e+00  3.82209e-01  4.03133e-01
   -999.17  6540.9375  1.03999e+00  1.04005e+00  3.75295e-01  3.89115e-01
   -970.62  6541.5625  1.04075e+00  1.04069e+00  4.26298e-01  3.75375e-01
   -942.07  6542.1875  1.04155e+00  1.04156e+00  4.66744e-01  3.68346e-01
   -913.52  6542.8125  1.04261e+00  1.04217e+00  4.48610e-01  3.61311e-01
   -884.97  6543.4375  1.04398e+00  1.04445e+00  4.64967e-01  3.57103e-01
   -856.42  6544.0625  1.04496e+00  1.04502e+00  4.96954e-01  3.57076e-01
   -827.87  6544.6875  1.04558e+00  1.04557e+00  4.62365e-01  3.53088e-01
   -799.31  6545.3125  1.04623e+00  1.04611e+00  4.23594e-01  3.49972e-01
   -770.76  6545.9375  1.04725e+00  1.04686e+00  4.12088e-01  3.52435e-01
   -742.21  6546.5625  1.04859e+00  1.04907e+00  4.14260e-01  3.58295e-01
   -713.66  6547.1875  1.04948e+00  1.04954e+00  4.03440e-01  3.56386e-01
   -685.11  6547.8125  1.04999e+00  1.05000e+00  4.22602e-01  3.55060e-01
   -656.56  6548.4375  1.05044e+00  1.05045e+00  4.82296e-01  3.60213e-01
   -628.01  6549.0625  1.05087e+00  1.05087e+00  4.57309e-01  3.60668e-01
   -599.46  6549.6875  1.05134e+00  1.05128e+00  3.78648e-01  3.48709e-01
   -570.91  6550.3125  1.05220e+00  1.05167e+00  3.42789e-01  3.38066e-01
   -542.36  6550.9375  1.05346e+00  1.05400e+00  3.51164e-01  3.43075e-01
   -513.80  6551.5625  1.05428e+00  1.05436e+00  3.92276e-01  3.45212e-01
   -485.25  6552.1875  1.05469e+00  1.05470e+00  4.40517e-01  3.42677e-01
   -456.70  6552.8125  1.05502e+00  1.05502e+00  4.35978e-01  3.39217e-01
   -428.15  6553.4375  1.05533e+00  1.05533e+00  3.98731e-01  3.31385e-01
   -399.60  6554.0625  1.05562e+00  1.05562e+00  3.61123e-01  3.26316e-01
   -371.05  6554.6875  1.05590e+00  1.05590e+00  3.75322e-01  3.29760e-01
   -342.50  6555.3125  1.05616e+00  1.05617e+00  4.18291e-01  3.31817e-01
   -313.95  6555.9375  1.05641e+00  1.05641e+00  4.34590e-01  3.35034e-01
   -285.40  6556.5625  1.05664e+00  1.05665e+00  4.29525e-01  3.46138e-01
   -256.85  6557.1875  1.05692e+00  1.05687e+00  4.31481e-01  3.43549e-01
   -228.29  6557.8125  1.05753e+00  1.05707e+00  4.22398e-01  3.28494e-01
   -199.74  6558.4375  1.05850e+00  1.05897e+00  4.48011e-01  3.12399e-01
   -171.19  6559.0625  1.05908e+00  1.05915e+00  4.42905e-01  3.18159e-01
   -142.64  6559.6875  1.05930e+00  1.05931e+00  3.54317e-01  3.26484e-01
   -114.09  6560.3125  1.05946e+00  1.05946e+00  3.41168e-01  3.18458e-01
    -85.54  6560.9375  1.05959e+00  1.05960e+00  4.21048e-01  3.06939e-01
    -56.99  6561.5625  1.05972e+00  1.05972e+00  4.54276e-01  3.08885e-01
    -28.44  6562.1875  1.05983e+00  1.05983e+00  4.16481e-01  3.11105e-01
      0.11  6562.8125  1.05993e+00  1.05993e+00  4.01434e-01  3.09215e-01
     28.67  6563.4375  1.06002e+00  1.06002e+00  4.21392e-01  3.03595e-01
     57.22  6564.0625  1.06009e+00  1.06010e+00  4.07342e-01  2.93807e-01
     85.77  6564.6875  1.06016e+00  1.06016e+00  3.91152e-01  2.84297e-01
    114.32  6565.3125  1.06021e+00  1.06021e+00  4.15387e-01  2.86908e-01
    142.87  6565.9375  1.06025e+00  1.06026e+00  4.21428e-01  2.90594e-01
    171.42  6566.5625  1.06029e+00  1.06029e+00  4.37397e-01  2.90553e-01
    199.97  6567.1875  1.06031e+00  1.06031e+00  4.58947e-01  2.88816e-01
    228.52  6567.8125  1.06032e+00  1.06033e+00  4.87113e-01  2.84972e-01
    257.07  6568.4375  1.06033e+00  1.06033e+00  4.66857e-01  2.85353e-01
    285.62  6569.0625  1.06032e+00  1.06033e+00  3.97093e-01  2.93404e-01
    314.18  6569.6875  1.06031e+00  1.06031e+00  3.75667e-01  3.01910e-01
    342.73  6570.3125  1.06029e+00  1.06029e+00  4.27211e-01  2.92903e-01
    371.28  6570.9375  1.06026e+00  1.06026e+00  4.64766e-01  2.84341e-01
    399.83  6571.5625  1.06022e+00  1.06022e+00  4.56345e-01  2.78001e-01
    428.38  6572.1875  1.06018e+00  1.06018e+00  4.40936e-01  2.77111e-01
    456.93  6572.8125  1.06012e+00  1.06013e+00  4.39507e-01  2.87000e-01
    485.48  6573.4375  1.06006e+00  1.06007e+00  4.28405e-01  2.88006e-01
    514.03  6574.0625  1.05999e+00  1.06000e+00  4.07353e-01  2.83854e-01
    542.58  6574.6875  1.05986e+00  1.05993e+00  4.01940e-01  2.82471e-01
    571.13  6575.3125  1.05967e+00  1.05961e+00  4.29402e-01  2.76058e-01
    599.69  6575.9375  1.05953e+00  1.05952e+00  4.55628e-01  2.66048e-01
    628.24  6576.5625  1.05943e+00  1.05943e+00  4.86180e-01  2.61715e-01
    656.79  6577.1875  1.05933e+00  1.05934e+00  4.86386e-01  2.61260e-01
    685.34  6577.8125  1.05923e+00  1.05923e+00  4.40358e-01  2.64675e-01
    713.89  6578.4375  1.05912e+00  1.05913e+00  4.42217e-01  2.69943e-01
    742.44  6579.0625  1.05900e+00  1.05902e+00  4.66748e-01  2.64816e-01
    770.99  6579.6875  1.05883e+00  1.05890e+00  4.60393e-01  2.54846e-01
    799.54  6580.3125  1.05860e+00  1.05853e+00  4.59178e-01  2.46553e-01
    828.09  6580.9375  1.05841e+00  1.05841e+00  4.62009e-01  2.39081e-01
    856.65  6581.5625  1.05827e+00  1.05827e+00  4.66244e-01  2.39974e-01
    885.20  6582.1875  1.05814e+00  1.05814e+00  4.59794e-01  2.43475e-01
    913.75  6582.8125  1.05799e+00  1.05800e+00  4.49240e-01  2.39073e-01
    942.30  6583.4375  1.05779e+00  1.05785e+00  4.70373e-01  2.30866e-01
    970.85  6584.0625  1.05753e+00  1.05746e+00  4.80688e-01  2.31118e-01
    999.40  6584.6875  1.05732e+00  1.05731e+00  4.86363e-01  2.37503e-01
   1027.95  6585.3125  1.05715e+00  1.05715e+00  4.88081e-01  2.33774e-01
   1056.50  6585.9375  1.05699e+00  1.05699e+00  4.66648e-01  2.28365e-01
   1085.05  6586.5625  1.05682e+00  1.05683e+00  4.43757e-01  2.26211e-01
   1113.60  6587.1875  1.05660e+00  1.05666e+00  4.31713e-01  2.23822e-01
   1142.16  6587.8125  1.05631e+00  1.05625e+00  4.76217e-01  2.22321e-01
   1170.71  6588.4375  1.05608e+00  1.05608e+00  4.88204e-01  2.22274e-01
   1199.26  6589.0625  1.05589e+00  1.05590e+00  4.51623e-01  2.22415e-01
   1227.81  6589.6875  1.05565e+00  1.05572e+00  4.26872e-01  2.22938e-01
   1256.36  6590.3125  1.05536e+00  1.05529e+00  4.38671e-01  2.23386e-01
   1284.91  6590.9375  1.05511e+00  1.05510e+00  4.73675e-01  2.22145e-01
   1313.46  6591.5625  1.05490e+00  1.05491e+00  4.80317e-01  2.16856e-01
   1342.01  6592.1875  1.05465e+00  1.05472e+00  4.62419e-01  2.07917e-01
   1370.56  6592.8125  1.05435e+00  1.05428e+00  4.64453e-01  2.07075e-01
   1399.11  6593.4375  1.05409e+00  1.05408e+00  4.84722e-01  2.13711e-01
   1427.67  6594.0625  1.05387e+00  1.05388e+00  4.87340e-01  2.15093e-01
   1456.22  6594.6875  1.05361e+00  1.05367e+00  4.89764e-01  2.10347e-01
   1484.77  6595.3125  1.05329e+00  1.05322e+00  4.79507e-01  2.03250e-01
   1513.32  6595.9375  1.05302e+00  1.05301e+00  4.74142e-01  2.00509e-01
   1541.87  6596.5625  1.05279e+00  1.05280e+00  4.30088e-01  1.99217e-01
   1570.42  6597.1875  1.05251e+00  1.05258e+00  4.09088e-01  1.99268e-01
   1598.97  6597.8125  1.05218e+00  1.05212e+00  4.13688e-01  1.98254e-01
   1627.52  6598.4375  1.05190e+00  1.05190e+00  4.16866e-01  1.99823e-01
   1656.07  6599.0625  1.05161e+00  1.05167e+00  4.30742e-01  2.01732e-01
   1684.63  6599.6875  1.05127e+00  1.05120e+00  4.36905e-01  1.95150e-01
   1713.18  6600.3125  1.05097e+00  1.05097e+00  4.24437e-01  1.90482e-01
   1741.73  6600.9375  1.05067e+00  1.05074e+00  4.34306e-01  1.88678e-01
   1770.28  6601.5625  1.05033e+00  1.05027e+00  4.55597e-01  1.85311e-01
   1798.83  6602.1875  1.05003e+00  1.05003e+00  4.62254e-01  1.79744e-01
   1827.38  6602.8125  1.04972e+00  1.04979e+00  4.59263e-01  1.76140e-01
   1855.93  6603.4375  1.04937e+00  1.04931e+00  4.01402e-01  1.74414e-01
   1884.48  6604.0625  1.04906e+00  1.04906e+00  3.55644e-01  1.71876e-01
   1913.03  6604.6875  1.04875e+00  1.04881e+00  3.78713e-01  1.74611e-01
   1941.58  6605.3125  1.04839e+00  1.04833e+00  4.02207e-01  1.77290e-01
   1970.14  6605.9375  1.04807e+00  1.04808e+00  4.20700e-01  1.75196e-01
   1998.69  6606.5625  1.04776e+00  1.04782e+00  4.22716e-01  1.66235e-01
   2027.24  6607.1875  1.04738e+00  1.04733e+00  4.30102e-01  1.60389e-01
   2055.79  6607.8125  1.04701e+00  1.04707e+00  4.77438e-01  1.60924e-01
   2084.34  6608.4375  1.04664e+00  1.04657e+00  4.95617e-01  1.56576e-01
   2112.89  6609.0625  1.04631e+00  1.04631e+00  4.86523e-01  1.55074e-01
   2141.44  6609.6875  1.04598e+00  1.04605e+00  4.70588e-01  1.54332e-01
   2169.99  6610.3125  1.04560e+00  1.04555e+00  4.37810e-01  1.51956e-01
   2198.54  6610.9375  1.04522e+00  1.04528e+00  4.21733e-01  1.51648e-01
   2227.09  6611.5625  1.04483e+00  1.04477e+00  4.34570e-01  1.51176e-01
   2255.65  6612.1875  1.04445e+00  1.04450e+00  4.60483e-01  1.51443e-01
   2284.20  6612.8125  1.04406e+00  1.04400e+00  5.01725e-01  1.48177e-01
   2312.75  6613.4375  1.04372e+00  1.04372e+00  4.46794e-01  1.44238e-01
   2341.30  6614.0625  1.04338e+00  1.04345e+00  3.86340e-01  1.43038e-01
   2369.85  6614.6875  1.04299e+00  1.04293e+00  3.99995e-01  1.41469e-01
   2398.40  6615.3125  1.04260e+00  1.04266e+00  4.50189e-01  1.38818e-01
   2426.95  6615.9375  1.04220e+00  1.04214e+00  4.54727e-01  1.35601e-01
   2455.50  6616.5625  1.04180e+00  1.04186e+00  4.38251e-01  1.33763e-01
   2484.05  6617.1875  1.04140e+00  1.04134e+00  4.22138e-01  1.32628e-01
   2512.61  6617.8125  1.04100e+00  1.04106e+00  3.97656e-01  1.36018e-01
   2541.16  6618.4375  1.04060e+00  1.04054e+00  3.76945e-01  1.34282e-01
   2569.71  6619.0625  1.04020e+00  1.04026e+00  3.70759e-01  1.31334e-01
   2598.26  6619.6875  1.03979e+00  1.03973e+00  3.72136e-01  1.21991e-01
   2626.81  6620.3125  1.03939e+00  1.03945e+00  4.17730e-01  1.13064e-01
   2655.36  6620.9375  1.03898e+00  1.03892e+00  4.34852e-01  1.13082e-01
   2683.91  6621.5625  1.03858e+00  1.03863e+00  3.89640e-01  1.13581e-01
   2712.46  6622.1875  1.03816e+00  1.03811e+00  3.68366e-01  1.12077e-01
   2741.01  6622.8125  1.03776e+00  1.03782e+00  4.23122e-01  1.12038e-01
   2769.56  6623.4375  1.03734e+00  1.03729e+00  4.91181e-01  1.12896e-01
   2798.12  6624.0625  1.03694e+00  1.03699e+00  4.57795e-01  1.13728e-01
   2826.67  6624.6875  1.03652e+00  1.03647e+00  4.63533e-01  1.15841e-01
   2855.22  6625.3125  1.03612e+00  1.03617e+00  5.07443e-01  1.18180e-01
   2883.77  6625.9375  1.03570e+00  1.03564e+00  4.77083e-01  1.14437e-01
   2912.32  6626.5625  1.03528e+00  1.03534e+00  4.00178e-01  1.09298e-01
   2940.87  6627.1875  1.03481e+00  1.03481e+00  3.93063e-01  1.08310e-01
   2969.42  6627.8125  1.03435e+00  1.03428e+00  3.94047e-01  1.03415e-01
   2997.97  6628.4375  1.03393e+00  1.03398e+00  4.03459e-01  1.00446e-01
   3026.52  6629.0625  1.03351e+00  1.03345e+00  3.90762e-01  9.96415e-02
   3055.07  6629.6875  1.03309e+00  1.03315e+00  3.51534e-01  9.92866e-02
   3083.63  6630.3125  1.03262e+00  1.03262e+00  3.69264e-01  1.00778e-01
   3112.18  6630.9375  1.03215e+00  1.03209e+00  4.10404e-01  1.03523e-01
   3140.73  6631.5625  1.03173e+00  1.03178e+00  4.03086e-01  1.04203e-01
   3169.28  6632.1875  1.03130e+00  1.03125e+00  3.89583e-01  1.00825e-01
   3197.83  6632.8125  1.03088e+00  1.03094e+00  3.95019e-01  9.69147e-02
   3226.38  6633.4375  1.03041e+00  1.03041e+00  3.93263e-01  9.56232e-02
   3254.93  6634.0625  1.02994e+00  1.02987e+00  4.14876e-01  9.64707e-02
   3283.48  6634.6875  1.02950e+00  1.02957e+00  4.41537e-01  9.16526e-02
   3312.03  6635.3125  1.02903e+00  1.02903e+00  4.44871e-01  8.86533e-02
   3340.58  6635.9375  1.02856e+00  1.02850e+00  4.31497e-01  8.94133e-02
   3369.14  6636.5625  1.02813e+00  1.02819e+00  4.41532e-01  9.37496e-02
   3397.69  6637.1875  1.02765e+00  1.02765e+00  4.34139e-01  9.39382e-02
   3426.24  6637.8125  1.02718e+00  1.02712e+00  4.15794e-01  8.86476e-02
   3454.79  6638.4375  1.02675e+00  1.02681e+00  4.33641e-01  8.62111e-02
   3483.34  6639.0625  1.02627e+00  1.02627e+00  4.72800e-01  8.39312e-02
   3511.89  6639.6875  1.02580e+00  1.02574e+00  4.86750e-01  8.48259e-02
   3540.44  6640.3125  1.02536e+00  1.02542e+00  4.44139e-01  9.05965e-02
   3568.99  6640.9375  1.02488e+00  1.02489e+00  4.06815e-01  9.22433e-02
   3597.54  6641.5625  1.02436e+00  1.02435e+00  4.07061e-01  8.94288e-02
   3626.10  6642.1875  1.02388e+00  1.02382e+00  4.47784e-01  8.65169e-02
   3654.65  6642.8125  1.02344e+00  1.02350e+00  4.79178e-01  8.42814e-02
   3683.20  6643.4375  1.02296e+00  1.02297e+00  4.97338e-01  8.51704e-02
   3711.75  6644.0625  1.02244e+00  1.02243e+00  4.73957e-01  8.74702e-02
   3740.30  6644.6875  1.02195e+00  1.02189e+00  4.50593e-01  9.00389e-02
   3768.85  6645.3125  1.02152e+00  1.02158e+00  4.17417e-01  9.07265e-02
   3797.40  6645.9375  1.02103e+00  1.02104e+00  4.26515e-01  9.13481e-02
   3825.95  6646.5625  1.02051e+00  1.02050e+00  4.50307e-01  9.13164e-02
   3854.50  6647.1875  1.02003e+00  1.01997e+00  4.56697e-01  8.51604e-02
   3883.05  6647.8125  1.01959e+00  1.01965e+00  4.48677e-01  8.25607e-02
   3911.61  6648.4375  1.01911e+00  1.01912e+00  4.12356e-01  8.31385e-02
   3940.16  6649.0625  1.01858e+00  1.01858e+00  4.09758e-01  8.24490e-02
   3968.71  6649.6875  1.01805e+00  1.01805e+00  4.12140e-01  8.57123e-02
   3997.26  6650.3125  1.01752e+00  1.01751e+00  4.25921e-01  8.52365e-02
   4025.81  6650.9375  1.01704e+00  1.01698e+00  4.44446e-01  8.19970e-02
   4054.36  6651.5625  1.01661e+00  1.01667e+00  4.34465e-01  7.84924e-02
   4082.91  6652.1875  1.01613e+00  1.01614e+00  4.50103e-01  7.74696e-02
   4111.46  6652.8125  1.01560e+00  1.01560e+00  4.51531e-01  7.91945e-02
   4140.01  6653.4375  1.01508e+00  1.01508e+00  3.87148e-01  7.78478e-02
   4168.56  6654.0625  1.01455e+00  1.01455e+00  3.64364e-01  7.41735e-02
   4197.12  6654.6875  1.01403e+00  1.01402e+00  4.31971e-01  7.31686e-02
   4225.67  6655.3125  1.01356e+00  1.01350e+00  4.59686e-01  7.78705e-02
   4254.22  6655.9375  1.01313e+00  1.01319e+00  4.38423e-01  8.00325e-02
   4282.77  6656.5625  1.01266e+00  1.01267e+00  4.18480e-01  7.72510e-02
   4311.32  6657.1875  1.01215e+00  1.01215e+00  4.31963e-01  7.43201e-02
   4339.87  6657.8125  1.01164e+00  1.01163e+00  4.44253e-01  7.44368e-02
   4368.42  6658.4375  1.01112e+00  1.01112e+00  4.35256e-01  7.99618e-02
   4396.97  6659.0625  1.01062e+00  1.01061e+00  4.18649e-01  7.80305e-02
   4425.52  6659.6875  1.01011e+00  1.01011e+00  4.18896e-01  7.46587e-02
   4454.08  6660.3125  1.00961e+00  1.00961e+00  3.97528e-01  7.83171e-02
   4482.63  6660.9375  1.00911e+00  1.00911e+00  4.02603e-01  7.96808e-02
   4511.18  6661.5625  1.00862e+00  1.00862e+00  4.00168e-01  7.85819e-02
   4539.73  6662.1875  1.00814e+00  1.00813e+00  4.00674e-01  8.15122e-02
   4568.28  6662.8125  1.00766e+00  1.00765e+00  3.97361e-01  8.21261e-02
   4596.83  6663.4375  1.00718e+00  1.00718e+00  3.73839e-01  8.18696e-02
   4625.38  6664.0625  1.00671e+00  1.00671e+00  3.99266e-01  8.19726e-02
   4653.93  6664.6875  1.00625e+00  1.00625e+00  4.43103e-01  8.17221e-02
   4682.48  6665.3125  1.00580e+00  1.00580e+00  4.31509e-01  8.07901e-02
   4711.03  6665.9375  1.00536e+00  1.00535e+00  4.25187e-01  7.84290e-02
   4739.59  6666.5625  1.00492e+00  1.00492e+00  3.97444e-01  7.74431e-02
   4768.14  6667.1875  1.00449e+00  1.00449e+00  4.00041e-01  7.86576e-02
   4796.69  6667.8125  1.00408e+00  1.00407e+00  4.20096e-01  7.82305e-02
   4825.24  6668.4375  1.00367e+00  1.00366e+00  4.40729e-01  7.86126e-02
   4853.79  6669.0625  1.00327e+00  1.00327e+00  4.44792e-01  7.75610e-02
   4882.34  6669.6875  1.00288e+00  1.00288e+00  4.04128e-01  7.68757e-02
   4910.89  6670.3125  1.00250e+00  1.00250e+00  4.06348e-01  7.73735e-02
   4939.44  6670.9375  1.00214e+00  1.00213e+00  4.42379e-01  7.61988e-02
   4967.99  6671.5625  1.00179e+00  1.00178e+00  4.08229e-01  7.03830e-02
   4996.54  6672.1875  1.00150e+00  1.00143e+00  3.94693e-01  7.00941e-02
   5025.10  6672.8125  1.00130e+00  1.00129e+00  4.20561e-01  7.40424e-02
   5053.65  6673.4375  1.00117e+00  1.00117e+00  4.46231e-01  7.53646e-02
   5082.20  6674.0625  1.00105e+00  1.00105e+00  4.74185e-01  7.68131e-02
   5110.75  6674.6875  1.00094e+00  1.00094e+00  4.65509e-01  7.59881e-02
   5139.30  6675.3125  1.00084e+00  1.00084e+00  4.60305e-01  7.31887e-02
   5167.85  6675.9375  1.00075e+00  1.00075e+00  4.02176e-01  7.30270e-02
   5196.40  6676.5625  1.00066e+00  1.00066e+00  3.72603e-01  7.63840e-02
   5224.95  6677.1875  1.00059e+00  1.00058e+00  3.99193e-01  7.58847e-02
   5253.50  6677.8125  1.00051e+00  1.00051e+00  4.55866e-01  7.47267e-02
   5282.06  6678.4375  1.00045e+00  1.00045e+00  4.52656e-01  7.16920e-02
   5310.61  6679.0625  1.00039e+00  1.00039e+00  4.58989e-01  6.85713e-02
   5339.16  6679.6875  1.00034e+00  1.00034e+00  5.15941e-01  7.20412e-02
   5367.71  6680.3125  1.00030e+00  1.00029e+00  5.28269e-01  7.29739e-02
   5396.26  6680.9375  1.00025e+00  1.00025e+00  5.24604e-01  6.84161e-02
   5424.81  6681.5625  1.00022e+00  1.00022e+00  4.84643e-01  6.76179e-02
   5453.36  6682.1875  1.00019e+00  1.00018e+00  4.38182e-01  7.16804e-02
   5481.91  6682.8125  1.00016e+00  1.00016e+00  3.92003e-01  7.26808e-02
   5510.46  6683.4375  1.00013e+00  1.00013e+00  3.72892e-01  7.20247e-02
   5539.01  6684.0625  1.00011e+00  1.00011e+00  4.10938e-01  7.53359e-02
   5567.57  6684.6875  1.00009e+00  1.00009e+00  4.53063e-01  7.26688e-02
   5596.12  6685.3125  1.00008e+00  1.00008e+00  4.98966e-01  6.70256e-02
   5624.67  6685.9375  1.00007e+00  1.00006e+00  5.31576e-01  6.85253e-02
   5653.22  6686.5625  1.00005e+00  1.00005e+00  5.30111e-01  7.18510e-02
   5681.77  6687.1875  1.00004e+00  1.00004e+00  4.76883e-01  7.46265e-02
   5710.32  6687.8125  1.00004e+00  1.00004e+00  4.43187e-01  7.52364e-02
   5738.87  6688.4375  1.00003e+00  1.00003e+00  4.23786e-01  7.45059e-02
   5767.42  6689.0625  1.00002e+00  1.00002e+00  4.21960e-01  7.34318e-02
   5795.97  6689.6875  1.00002e+00  1.00002e+00  4.62113e-01  7.54839e-02
   5824.52  6690.3125  1.00002e+00  1.00002e+00  4.51677e-01  7.99529e-02
   5853.08  6690.9375  1.00001e+00  1.00001e+00  4.19065e-01  8.18341e-02
   5881.63  6691.5625  1.00001e+00  1.00001e+00  4.36238e-01  8.07886e-02
   5910.18  6692.1875  1.00001e+00  1.00001e+00  4.55176e-01  7.43404e-02
   5938.73  6692.8125  1.00001e+00  1.00001e+00  4.44578e-01  6.87043e-02
   5967.28  6693.4375  1.00000e+00  1.00000e+00  4.30036e-01  6.94500e-02
   5995.83  6694.0625  1.00000e+00  1.00000e+00  4.06971e-01  7.19985e-02
   6024.38  6694.6875  1.00000e+00  1.00000e+00  3.90098e-01  7.30703e-02
   6052.93  6695.3125  1.00000e+00  1.00000e+00  4.18684e-01  7.48455e-02
   6081.48  6695.9375  1.00000e+00  1.00000e+00  4.77195e-01  7.10607e-02
   6110.04  6696.5625  1.00000e+00  1.00000e+00  4.64461e-01  6.72665e-02
   6138.59  6697.1875  1.00000e+00  1.00000e+00  4.10928e-01  7.09370e-02
   6167.14  6697.8125  1.00000e+00  1.00000e+00  3.83576e-01  7.41290e-02
   6195.69  6698.4375  1.00000e+00  1.00000e+00  4.10624e-01  7.24306e-02
   6224.24  6699.0625  1.00000e+00  1.00000e+00  4.29815e-01  6.91431e-02
   6252.79  6699.6875  1.00000e+00  1.00000e+00  4.29421e-01  6.98467e-02
   6281.34  6700.3125  1.00000e+00  1.00000e+00  4.16181e-01  7.29142e-02
   6309.89  6700.9375  1.00000e+00  1.00000e+00  3.84229e-01  7.05895e-02
   6338.44  6701.5625  1.00000e+00  1.00000e+00  3.47286e-01  6.86829e-02
   6366.99  6702.1875  1.00000e+00  1.00000e+00  3.47637e-01  6.79338e-02
   6395.55  6702.8125  1.00000e+00  1.00000e+00  3.90160e-01  6.82850e-02
   6424.10  6703.4375  1.00000e+00  1.00000e+00  4.37474e-01  6.95742e-02
   6452.65  6704.0625  1.00000e+00  1.00000e+00  4.67706e-01  6.79402e-02
   6481.20  6704.6875  1.00000e+00  1.00000e+00  4.38053e-01  6.50343e-02
   6509.75  6705.3125  1.00000e+00  1.00000e+00  3.84916e-01  6.49052e-02
   6538.30  6705.9375  1.00000e+00  1.00000e+00  3.86432e-01  6.75203e-02
   6566.85  6706.5625  1.00000e+00  1.00000e+00  4.58717e-01  7.08483e-02
   6595.40  6707.1875  1.00000e+00  1.00000e+00  4.80374e-01  7.56832e-02
   6623.95  6707.8125  1.00000e+00  1.00000e+00  4.62849e-01  7.72641e-02
   6652.50  6708.4375  1.00000e+00  1.00000e+00  4.81345e-01  7.62543e-02
   6681.06  6709.0625  1.00000e+00  1.00000e+00  4.54003e-01  7.62121e-02
   6709.61  6709.6875  1.00000e+00  1.00000e+00  4.04070e-01  7.75159e-02
   6738.16  6710.3125  1.00000e+00  1.00000e+00  4.15629e-01  7.69321e-02
   6766.71  6710.9375  1.00000e+00  1.00000e+00  4.70380e-01  7.37446e-02
   6795.26  6711.5625  1.00000e+00  1.00000e+00  4.74722e-01  7.30562e-02
   6823.81  6712.1875  1.00000e+00  1.00000e+00  4.35939e-01  7.74360e-02
   6852.36  6712.8125  1.00000e+00  1.00000e+00  4.18657e-01  7.53985e-02
   6880.91  6713.4375  1.00000e+00  1.00000e+00  4.51396e-01  7.19211e-02
   6909.46  6714.0625  1.00000e+00  1.00000e+00  4.51766e-01  7.08953e-02
   6938.02  6714.6875  1.00000e+00  1.00000e+00  4.43276e-01  7.37919e-02
   6966.57  6715.3125  1.00000e+00  1.00000e+00  4.40965e-01  7.60196e-02
   6995.12  6715.9375  1.00000e+00  1.00000e+00  4.85543e-01  7.60295e-02
   7023.67  6716.5625  1.00000e+00  1.00000e+00  5.10849e-01  7.37683e-02
   7052.22  6717.1875  1.00000e+00  1.00000e+00  5.26741e-01  7.10084e-02
   7080.77  6717.8125  1.00000e+00  1.00000e+00  5.57440e-01  6.96910e-02
   7109.32  6718.4375  1.00000e+00  1.00000e+00  5.55945e-01  6.65745e-02
   7137.87  6719.0625  1.00000e+00  1.00000e+00  4.85050e-01  6.62453e-02
   7166.42  6719.6875  1.00000e+00  1.00000e+00  4.44367e-01  6.59200e-02
   7194.97  6720.3125  1.00000e+00  1.00000e+00  4.57230e-01  6.44906e-02
   7223.53  6720.9375  1.00000e+00  1.00000e+00  4.51810e-01  6.51914e-02
   7252.08  6721.5625  1.00000e+00  1.00000e+00  4.63652e-01  6.73228e-02
   7280.63  6722.1875  1.00000e+00  1.00000e+00  4.83696e-01  7.10936e-02
   7309.18  6722.8125  1.00000e+00  1.00000e+00  4.81793e-01  6.74602e-02
   7337.73  6723.4375  1.00000e+00  1.00000e+00  4.75470e-01  6.38697e-02
   7366.28  6724.0625  1.00000e+00  1.00000e+00  4.45372e-01  6.72284e-02
   7394.83  6724.6875  1.00000e+00  1.00000e+00  4.30307e-01  7.00869e-02
   7423.38  6725.3125  1.00000e+00  1.00000e+00  4.52615e-01  6.92921e-02
   7451.93  6725.9375  1.00000e+00  1.00000e+00  4.19786e-01  6.93900e-02
   7480.48  6726.5625  1.00000e+00  1.00000e+00  4.04005e-01  6.99254e-02
   7509.04  6727.1875  1.00000e+00  1.00000e+00  4.36639e-01  7.35461e-02
   7537.59  6727.8125  1.00000e+00  1.00000e+00  4.37482e-01  7.25575e-02
   7566.14  6728.4375  1.00000e+00  1.00000e+00  4.50740e-01  6.79213e-02
   7594.69  6729.0625  1.00000e+00  1.00000e+00  4.60814e-01  6.79130e-02
   7623.24  6729.6875  1.00000e+00  1.00000e+00  4.24563e-01  6.96216e-02
   7651.79  6730.3125  1.00000e+00  1.00000e+00  4.18767e-01  7.10547e-02
   7680.34  6730.9375  1.00000e+00  1.00000e+00  4.72127e-01  7.12278e-02
   7708.89  6731.5625  1.00000e+00  1.00000e+00  4.79528e-01  7.38893e-02
   7737.44  6732.1875  1.00000e+00  1.00000e+00  4.45484e-01  7.66895e-02
   7765.99  6732.8125  1.00000e+00  1.00000e+00  4.27428e-01  7.35471e-02
   7794.55  6733.4375  1.00000e+00  1.00000e+00  4.32953e-01  6.82247e-02
   7823.10  6734.0625  1.00000e+00  1.00000e+00  4.09947e-01  6.96852e-02
   7851.65  6734.6875  1.00000e+00  1.00000e+00  4.19302e-01  7.45772e-02
   7880.20  6735.3125  1.00000e+00  1.00000e+00  4.47629e-01  7.62893e-02
   7908.75  6735.9375  1.00000e+00  1.00000e+00  4.68418e-01  7.05821e-02
   7937.30  6736.5625  1.00000e+00  1.00000e+00  4.43454e-01  6.54230e-02
   7965.85  6737.1875  1.00000e+00  1.00000e+00  4.31690e-01  6.81399e-02
   7994.40  6737.8125  1.00000e+00  1.00000e+00  4.60465e-01  7.41091e-02
   8022.95  6738.4375  1.00000e+00  1.00000e+00  4.63679e-01  7.19912e-02
   8051.51  6739.0625  1.00000e+00  1.00000e+00  4.59346e-01  6.76045e-02
   8080.06  6739.6875  1.00000e+00  1.00000e+00  4.90970e-01  6.89747e-02
   8108.61  6740.3125  1.00000e+00  1.00000e+00  5.42511e-01  7.31857e-02
   8137.16  6740.9375  1.00000e+00  1.00000e+00  5.74561e-01  7.52892e-02
   8165.71  6741.5625  1.00000e+00  1.00000e+00  5.67141e-01  7.73593e-02
   8194.26  6742.1875  1.00000e+00  1.00000e+00  5.05686e-01  7.71939e-02
   8222.81  6742.8125  1.00000e+00  1.00000e+00  4.09491e-01  7.30187e-02
   8251.36  6743.4375  1.00000e+00  1.00000e+00  4.22597e-01  7.13199e-02
   8279.91  6744.0625  1.00000e+00  1.00000e+00  4.54567e-01  7.59366e-02
   8308.46  6744.6875  1.00000e+00  1.00000e+00  3.92550e-01  7.46861e-02
   8337.02  6745.3125  1.00000e+00  1.00000e+00  3.72420e-01  6.89328e-02
   8365.57  6745.9375  1.00000e+00  1.00000e+00  4.29304e-01  6.83076e-02
   8394.12  6746.5625  1.00000e+00  1.00000e+00  4.73836e-01  7.29985e-02
   8422.67  6747.1875  1.00000e+00  1.00000e+00  4.68960e-01  7.47238e-02
   8451.22  6747.8125  1.00000e+00  1.00000e+00  4.58859e-01  7.41750e-02
   8479.77  6748.4375  1.00000e+00  1.00000e+00  4.44072e-01  6.78985e-02
   8508.32  6749.0625  1.00000e+00  1.00000e+00  4.84111e-01  6.52757e-02
   8536.87  6749.6875  1.00000e+00  1.00000e+00  5.03219e-01  6.71720e-02
   8565.42  6750.3125  1.00000e+00  1.00000e+00  4.61575e-01  6.84187e-02
   8593.97  6750.9375  1.00000e+00  1.00000e+00  4.13197e-01  6.90847e-02
   8622.53  6751.5625  1.00000e+00  1.00000e+00  4.24480e-01  6.86480e-02
   8651.08  6752.1875  1.00000e+00  1.00000e+00  4.66738e-01  6.86941e-02
   8679.63  6752.8125  1.00000e+00  1.00000e+00  5.10001e-01  6.95294e-02
   8708.18  6753.4375  1.00000e+00  1.00000e+00  5.09755e-01  6.99976e-02
   8736.73  6754.0625  1.00000e+00  1.00000e+00  4.70165e-01  7.09227e-02
   8765.28  6754.6875  1.00000e+00  1.00000e+00  4.49245e-01  7.37148e-02
   8793.83  6755.3125  1.00000e+00  1.00000e+00  4.36052e-01  7.06793e-02
   8822.38  6755.9375  1.00000e+00  1.00000e+00  4.27252e-01  6.78666e-02
   8850.93  6756.5625  1.00000e+00  1.00000e+00  4.22223e-01  6.78515e-02
   8879.49  6757.1875  1.00000e+00  1.00000e+00  4.38980e-01  7.06153e-02
   8908.04  6757.8125  1.00000e+00  1.00000e+00  4.39163e-01  7.24841e-02
   8936.59  6758.4375  1.00000e+00  1.00000e+00  4.01809e-01  7.15507e-02
   8965.14  6759.0625  1.00000e+00  1.00000e+00  4.04218e-01  6.55382e-02
   8993.69  6759.6875  1.00000e+00  1.00000e+00  4.47730e-01  6.10396e-02
   9022.24  6760.3125  1.00000e+00  1.00000e+00  4.54989e-01  6.60170e-02
   9050.79  6760.9375  1.00000e+00  1.00000e+00  4.34251e-01  7.08037e-02
   9079.34  6761.5625  1.00000e+00  1.00000e+00  4.46278e-01  6.67438e-02
   9107.89  6762.1875  1.00000e+00  1.00000e+00  4.51785e-01  6.45559e-02
   9136.44  6762.8125  1.00000e+00  1.00000e+00  4.55176e-01  6.66704e-02
   9165.00  6763.4375  1.00000e+00  1.00000e+00  4.59562e-01  6.67485e-02
   9193.55  6764.0625  1.00000e+00  1.00000e+00  4.92391e-01  6.47214e-02
   9222.10  6764.6875  1.00000e+00  1.00000e+00  5.08318e-01  6.30522e-02
   9250.65  6765.3125  1.00000e+00  1.00000e+00  4.69873e-01  6.65815e-02
   9279.20  6765.9375  1.00000e+00  1.00000e+00  4.45319e-01  7.32993e-02
   9307.75  6766.5625  1.00000e+00  1.00000e+00  4.59900e-01  7.23671e-02
   9336.30  6767.1875  1.00000e+00  1.00000e+00  4.20027e-01  7.10210e-02
   9364.85  6767.8125  1.00000e+00  1.00000e+00  3.80516e-01  7.25529e-02
   9393.40  6768.4375  1.00000e+00  1.00000e+00  3.69066e-01  6.72853e-02
   9421.95  6769.0625  1.00000e+00  1.00000e+00  3.69221e-01  6.38071e-02
   9450.51  6769.6875  1.00000e+00  1.00000e+00  4.01023e-01  6.87892e-02
   9479.06  6770.3125  1.00000e+00  1.00000e+00  4.61863e-01  6.93323e-02
   9507.61  6770.9375  1.00000e+00  1.00000e+00  5.07272e-01  6.91026e-02
   9536.16  6771.5625  1.00000e+00  1.00000e+00  5.17670e-01  6.76223e-02
   9564.71  6772.1875  1.00000e+00  1.00000e+00  4.94620e-01  6.41554e-02
   9593.26  6772.8125  1.00000e+00  1.00000e+00  4.48533e-01  6.49130e-02
   9621.81  6773.4375  1.00000e+00  1.00000e+00  4.22277e-01  6.80848e-02
   9650.36  6774.0625  1.00000e+00  1.00000e+00  4.29631e-01  6.76108e-02
   9678.91  6774.6875  1.00000e+00  1.00000e+00  4.38530e-01  6.27645e-02
   9707.47  6775.3125  1.00000e+00  1.00000e+00  4.43899e-01  5.87880e-02
   9736.02  6775.9375  1.00000e+00  1.00000e+00  4.83394e-01  6.26643e-02
   9764.57  6776.5625  1.00000e+00  1.00000e+00  5.13637e-01  6.65347e-02
   9793.12  6777.1875  1.00000e+00  1.00000e+00  4.64931e-01  6.48958e-02
   9821.67  6777.8125  1.00000e+00  1.00000e+00  3.95150e-01  6.07221e-02
   9850.22  6778.4375  1.00000e+00  1.00000e+00  4.04913e-01  6.43026e-02
   9878.77  6779.0625  1.00000e+00  1.00000e+00  4.34338e-01  6.56415e-02
   9907.32  6779.6875  1.00000e+00  1.00000e+00  4.35829e-01  6.67031e-02
   9935.87  6780.3125  1.00000e+00  1.00000e+00  4.07530e-01  6.79526e-02
   9964.42  6780.9375  1.00000e+00  1.00000e+00  4.20998e-01  6.64096e-02
   9992.98  6781.5625  1.00000e+00  1.00000e+00  4.37860e-01  6.58905e-02
  10021.53  6782.1875  1.00000e+00  1.00000e+00  4.25234e-01  6.95797e-02
  10050.08  6782.8125  1.00000e+00  1.00000e+00  4.27136e-01  6.81934e-02
  10078.63  6783.4375  1.00000e+00  1.00000e+00  4.25897e-01  6.58941e-02
  10107.18  6784.0625  1.00000e+00  1.00000e+00  3.94670e-01  6.75294e-02
  10135.73  6784.6875  1.00000e+00  1.00000e+00  3.80891e-01  6.60078e-02
  10164.28  6785.3125  1.00000e+00  1.00000e+00  3.95284e-01  6.54869e-02
  10192.83  6785.9375  1.00000e+00  1.00000e+00  3.88304e-01  6.60024e-02
  10221.38  6786.5625  1.00000e+00  1.00000e+00  3.61388e-01  6.79104e-02
  10249.93  6787.1875  1.00000e+00  1.00000e+00  3.69026e-01  7.15734e-02
  10278.49  6787.8125  1.00000e+00  1.00000e+00  4.15785e-01  6.71045e-02
  10307.04  6788.4375  1.00000e+00  1.00000e+00  4.27599e-01  5.91958e-02
  10335.59  6789.0625  1.00000e+00  1.00000e+00  4.26972e-01  6.09082e-02
  10364.14  6789.6875  1.00000e+00  1.00000e+00  4.32537e-01  6.48681e-02
  10392.69  6790.3125  1.00000e+00  1.00000e+00  4.45512e-01  6.31782e-02
  10421.24  6790.9375  1.00000e+00  1.00000e+00  4.38714e-01  6.27734e-02
  10449.79  6791.5625  1.00000e+00  1.00000e+00  4.14666e-01  6.28972e-02
  10478.34  6792.1875  1.00000e+00  1.00000e+00  4.31937e-01  6.28146e-02
  10506.89  6792.8125  1.00000e+00  1.00000e+00  4.50497e-01  6.13276e-02
  10535.45  6793.4375  1.00000e+00  1.00000e+00  4.24571e-01  5.96311e-02
  10564.00  6794.0625  1.00000e+00  1.00000e+00  4.38772e-01  5.91455e-02
  10592.55  6794.6875  1.00000e+00  1.00000e+00  4.73108e-01  5.94013e-02
  10621.10  6795.3125  1.00000e+00  1.00000e+00  4.44044e-01  6.17683e-02
  10649.65  6795.9375  1.00000e+00  1.00000e+00  4.12828e-01  6.68457e-02
  10678.20  6796.5625  1.00000e+00  1.00000e+00  4.18378e-01  6.86654e-02
  10706.75  6797.1875  1.00000e+00  1.00000e+00  4.51831e-01  6.27589e-02
  10735.30  6797.8125  1.00000e+00  1.00000e+00  4.51801e-01  5.86636e-02
  10763.85  6798.4375  1.00000e+00  1.00000e+00  4.01963e-01  6.22644e-02
  10792.40  6799.0625  1.00000e+00  1.00000e+00  3.82903e-01  6.61306e-02
  10820.96  6799.6875  1.00000e+00  1.00000e+00  4.42013e-01  6.51201e-02
  10849.51  6800.3125  1.00000e+00  1.00000e+00  4.95019e-01  6.43564e-02
  10878.06  6800.9375  1.00000e+00  1.00000e+00  4.82506e-01  6.72712e-02
  10906.61  6801.5625  1.00000e+00  1.00000e+00  4.33019e-01  6.88951e-02
  10935.16  6802.1875  1.00000e+00  1.00000e+00  4.00205e-01  6.44952e-02
  10963.71  6802.8125  1.00000e+00  1.00000e+00  4.08487e-01  6.12571e-02
  10992.26  6803.4375  1.00000e+00  1.00000e+00  4.12000e-01  6.23411e-02
  11020.81  6804.0625  1.00000e+00  1.00000e+00  3.92262e-01  6.59106e-02
  11049.36  6804.6875  1.00000e+00  1.00000e+00  3.60491e-01  6.65777e-02
  11077.91  6805.3125  1.00000e+00  1.00000e+00  3.78336e-01  6.55462e-02
  11106.47  6805.9375  1.00000e+00  1.00000e+00  4.42907e-01  6.26845e-02
  11135.02  6806.5625  1.00000e+00  1.00000e+00  4.61655e-01  5.95961e-02
  11163.57  6807.1875  1.00000e+00  1.00000e+00  4.25301e-01  5.78131e-02
  11192.12  6807.8125  1.00000e+00  1.00000e+00  3.90464e-01  5.53089e-02
  11220.67  6808.4375  1.00000e+00  1.00000e+00  3.66802e-01  5.92405e-02
  11249.22  6809.0625  1.00000e+00  1.00000e+00  4.07090e-01  6.71881e-02
  11277.77  6809.6875  1.00000e+00  1.00000e+00  4.70440e-01  6.80905e-02
  11306.32  6810.3125  1.00000e+00  1.00000e+00  4.36588e-01  6.49682e-02
  11334.87  6810.9375  1.00000e+00  1.00000e+00  3.73806e-01  6.09260e-02
  11363.43  6811.5625  1.00000e+00  1.00000e+00  3.78844e-01  6.11191e-02
  11391.98  6812.1875  1.00000e+00  1.00000e+00  4.38143e-01  6.63132e-02
  11420.53  6812.8125  1.00000e+00  1.00000e+00  4.71314e-01  6.43800e-02
  11449.08  6813.4375  1.00000e+00  1.00000e+00  4.82394e-01  6.05827e-02
  11477.63  6814.0625  1.00000e+00  1.00000e+00  4.95854e-01  6.22280e-02
  11506.18  6814.6875  1.00000e+00  1.00000e+00  4.44964e-01  6.22694e-02
  11534.73  6815.3125  1.00000e+00  1.00000e+00  4.34331e-01  5.92887e-02
  11563.28  6815.9375  1.00000e+00  1.00000e+00  4.76275e-01  5.78621e-02
  11591.83  6816.5625  1.00000e+00  1.00000e+00  4.30880e-01  5.72378e-02
  11620.38  6817.1875  1.00000e+00  1.00000e+00  4.06734e-01  5.99258e-02
  11648.94  6817.8125  1.00000e+00  1.00000e+00  4.05836e-01  6.04317e-02
  11677.49  6818.4375  1.00000e+00  1.00000e+00  4.10508e-01  5.79011e-02
  11706.04  6819.0625  1.00000e+00  1.00000e+00  3.99016e-01  5.90475e-02
  11734.59  6819.6875  1.00000e+00  1.00000e+00  3.90012e-01  5.87768e-02
  11763.14  6820.3125  1.00000e+00  1.00000e+00  3.97792e-01  5.58645e-02
  11791.69  6820.9375  1.00000e+00  1.00000e+00  4.37783e-01  5.42838e-02
  11820.24  6821.5625  1.00000e+00  1.00000e+00  4.56321e-01  5.49979e-02
  11848.79  6822.1875  1.00000e+00  1.00000e+00  4.30175e-01  5.80489e-02
  11877.34  6822.8125  1.00000e+00  1.00000e+00  4.03930e-01  6.05648e-02
  11905.89  6823.4375  1.00000e+00  1.00000e+00  4.05378e-01  5.87427e-02
  11934.45  6824.0625  1.00000e+00  1.00000e+00  3.94105e-01  5.64428e-02
  11963.00  6824.6875  1.00000e+00  1.00000e+00  3.83592e-01  5.36689e-02
  11991.55  6825.3125  1.00000e+00  1.00000e+00  4.08164e-01  5.27800e-02
  12020.10  6825.9375  1.00000e+00  1.00000e+00  4.80745e-01  5.39920e-02
  12048.65  6826.5625  1.00000e+00  1.00000e+00  4.94642e-01  5.64135e-02
  12077.20  6827.1875  1.00000e+00  1.00000e+00  4.56292e-01  5.87576e-02
  12105.75  6827.8125  1.00000e+00  1.00000e+00  4.39845e-01  5.86753e-02
  12134.30  6828.4375  1.00000e+00  1.00000e+00  4.30172e-01  5.50374e-02
  12162.85  6829.0625  1.00000e+00  1.00000e+00  4.63239e-01  5.41147e-02
  12191.40  6829.6875  1.00000e+00  1.00000e+00  4.84107e-01  5.30931e-02
  12219.96  6830.3125  1.00000e+00  1.00000e+00  4.42418e-01  5.19847e-02
  12248.51  6830.9375  1.00000e+00  1.00000e+00  4.09958e-01  5.50399e-02
  12277.06  6831.5625  1.00000e+00  1.00000e+00  4.07452e-01  5.61395e-02
  12305.61  6832.1875  1.00000e+00  1.00000e+00  4.38647e-01  5.21303e-02
  12334.16  6832.8125  1.00000e+00  1.00000e+00  4.62546e-01  4.79902e-02
  12362.71  6833.4375  1.00000e+00  1.00000e+00  4.30076e-01  4.85637e-02
  12391.26  6834.0625  1.00000e+00  1.00000e+00  3.93177e-01  5.11025e-02
  12419.81  6834.6875  1.00000e+00  1.00000e+00  3.76835e-01  5.28475e-02
  12448.36  6835.3125  1.00000e+00  1.00000e+00  4.10735e-01  5.23847e-02
  12476.92  6835.9375  1.00000e+00  1.00000e+00  4.47473e-01  5.15143e-02
  12505.47  6836.5625  1.00000e+00  1.00000e+00  4.86051e-01  5.38126e-02
  12534.02  6837.1875  1.00000e+00  1.00000e+00  4.82527e-01  5.66058e-02
  12562.57  6837.8125  1.00000e+00  1.00000e+00  4.22830e-01  5.54635e-02
  12591.12  6838.4375  1.00000e+00  1.00000e+00  4.38529e-01  5.34166e-02
  12619.67  6839.0625  1.00000e+00  1.00000e+00  4.34248e-01  5.11623e-02
  12648.22  6839.6875  1.00000e+00  1.00000e+00  3.90179e-01  5.04151e-02
  12676.77  6840.3125  1.00000e+00  1.00000e+00  3.56302e-01  5.22998e-02
  12705.32  6840.9375  1.00000e+00  1.00000e+00  3.87044e-01  5.33153e-02
  12733.87  6841.5625  1.00000e+00  1.00000e+00  4.00640e-01  5.36948e-02
  12762.43  6842.1875  1.00000e+00  1.00000e+00  3.89949e-01  5.13707e-02
  12790.98  6842.8125  1.00000e+00  1.00000e+00  3.94637e-01  4.76267e-02
  12819.53  6843.4375  1.00000e+00  1.00000e+00  4.11538e-01  4.66464e-02
  12848.08  6844.0625  1.00000e+00  1.00000e+00  4.34761e-01  4.78588e-02
  12876.63  6844.6875  1.00000e+00  1.00000e+00  4.45111e-01  5.04507e-02
  12905.18  6845.3125  1.00000e+00  1.00000e+00  4.31905e-01  5.27546e-02
  12933.73  6845.9375  1.00000e+00  1.00000e+00  4.58134e-01  5.25530e-02
  12962.28  6846.5625  1.00000e+00  1.00000e+00  4.73062e-01  5.12845e-02
  12990.83  6847.1875  1.00000e+00  1.00000e+00  4.45369e-01  4.83562e-02
  13019.38  6847.8125  1.00000e+00  1.00000e+00  4.08680e-01  4.44498e-02
  13047.94  6848.4375  1.00000e+00  1.00000e+00  3.63952e-01  4.43791e-02
  13076.49  6849.0625  1.00000e+00  1.00000e+00  3.43408e-01  4.62976e-02
  13105.04  6849.6875  1.00000e+00  1.00000e+00  3.54738e-01  4.78405e-02
  13133.59  6850.3125  1.00000e+00  1.00000e+00  3.70229e-01  5.04261e-02
  13162.14  6850.9375  1.00000e+00  1.00000e+00  4.12059e-01  4.93135e-02
  13190.69  6851.5625  1.00000e+00  1.00000e+00  4.13062e-01  4.82925e-02
  13219.24  6852.1875  1.00000e+00  1.00000e+00  3.73013e-01  5.12945e-02
  13247.79  6852.8125  1.00000e+00  1.00000e+00  3.81467e-01  5.22891e-02
  13276.34  6853.4375  1.00000e+00  1.00000e+00  3.94665e-01  4.92339e-02
  13304.90  6854.0625  1.00000e+00  1.00000e+00  3.79189e-01  4.75298e-02
  13333.45  6854.6875  1.00000e+00  1.00000e+00  3.95685e-01  4.85463e-02
  13362.00  6855.3125  1.00000e+00  1.00000e+00  4.31538e-01  4.89263e-02
  13390.55  6855.9375  1.00000e+00  1.00000e+00  4.69208e-01  4.54443e-02
  13419.10  6856.5625  1.00000e+00  1.00000e+00  4.87824e-01  4.61607e-02
  13447.65  6857.1875  1.00000e+00  1.00000e+00  4.66830e-01  5.00389e-02
  13476.20  6857.8125  1.00000e+00  1.00000e+00  4.45198e-01  5.22339e-02
  13504.75  6858.4375  1.00000e+00  1.00000e+00  4.49573e-01  4.70752e-02
  13533.30  6859.0625  1.00000e+00  1.00000e+00  4.72613e-01  4.23442e-02
  13561.85  6859.6875  1.00000e+00  1.00000e+00  4.56329e-01  4.19761e-02
  13590.41  6860.3125  1.00000e+00  1.00000e+00  4.31568e-01  4.48840e-02
  13618.96  6860.9375  1.00000e+00  1.00000e+00  4.09327e-01  4.59691e-02
  13647.51  6861.5625  1.00000e+00  1.00000e+00  3.80730e-01  4.50751e-02
  13676.06  6862.1875  1.00000e+00  1.00000e+00  3.85107e-01  4.35305e-02
  13704.61  6862.8125  1.00000e+00  1.00000e+00  4.07452e-01  4.31307e-02
  13733.16  6863.4375  1.00000e+00  1.00000e+00  4.59637e-01  4.56477e-02
  13761.71  6864.0625  1.00000e+00  1.00000e+00  4.74474e-01  4.67921e-02
  13790.26  6864.6875  1.00000e+00  1.00000e+00  4.31605e-01  4.25900e-02
  13818.81  6865.3125  1.00000e+00  1.00000e+00  4.14067e-01  4.00654e-02
  13847.36  6865.9375  1.00000e+00  1.00000e+00  4.36866e-01  4.18270e-02
  13875.92  6866.5625  1.00000e+00  1.00000e+00  4.72031e-01  4.13997e-02
  13904.47  6867.1875  1.00000e+00  1.00000e+00  5.00603e-01  4.10255e-02
  13933.02  6867.8125  1.00000e+00  1.00000e+00  4.67479e-01  4.02858e-02
  13961.57  6868.4375  1.00000e+00  1.00000e+00  3.47216e-01  3.91851e-02
  13990.12  6869.0625  1.00000e+00  1.00000e+00  2.87932e-01  3.97757e-02
  14018.67  6869.6875  1.00000e+00  1.00000e+00  3.27257e-01  4.06725e-02
  14047.22  6870.3125  1.00000e+00  1.00000e+00  4.29630e-01  4.23497e-02
  14075.77  6870.9375  1.00000e+00  1.00000e+00  5.02678e-01  4.33074e-02
  14104.32  6871.5625  1.00000e+00  1.00000e+00  5.18780e-01  4.26027e-02
  14132.88  6872.1875  1.00000e+00  1.00000e+00  4.91491e-01  4.33707e-02
  14161.43  6872.8125  1.00000e+00  1.00000e+00  4.69889e-01  4.49517e-02
  14189.98  6873.4375  1.00000e+00  1.00000e+00  4.38854e-01  4.40779e-02
  14218.53  6874.0625  1.00000e+00  1.00000e+00  4.41950e-01  4.58993e-02
  14247.08  6874.6875  1.00000e+00  1.00000e+00  4.53237e-01  4.55214e-02
  14275.63  6875.3125  1.00000e+00  1.00000e+00  4.76054e-01  4.37027e-02
  14304.18  6875.9375  1.00000e+00  1.00000e+00  4.91613e-01  4.32442e-02
  14332.73  6876.5625  1.00000e+00  1.00000e+00  4.85663e-01  4.57861e-02
  14361.28  6877.1875  1.00000e+00  1.00000e+00  4.52353e-01  4.52181e-02
  14389.83  6877.8125  1.00000e+00  1.00000e+00  4.22494e-01  4.24914e-02
  14418.39  6878.4375  1.00000e+00  1.00000e+00  3.87787e-01  4.47819e-02
  14446.94  6879.0625  1.00000e+00  1.00000e+00  3.90230e-01  4.30076e-02
  14475.49  6879.6875  1.00000e+00  1.00000e+00  4.21110e-01  3.88668e-02
  14504.04  6880.3125  1.00000e+00  1.00000e+00  4.73368e-01  3.87662e-02
  14532.59  6880.9375  1.00000e+00  1.00000e+00  4.85805e-01  3.83525e-02
  14561.14  6881.5625  1.00000e+00  1.00000e+00  4.61867e-01  3.74509e-02
  14589.69  6882.1875  1.00000e+00  1.00000e+00  4.67188e-01  3.68906e-02
  14618.24  6882.8125  1.00000e+00  1.00000e+00  4.69651e-01  3.87993e-02
  14646.79  6883.4375  1.00000e+00  1.00000e+00  4.51643e-01  4.16130e-02
  14675.34  6884.0625  1.00000e+00  1.00000e+00  4.34476e-01  4.04800e-02
  14703.90  6884.6875  1.00000e+00  1.00000e+00  4.52292e-01  3.61174e-02
  14732.45  6885.3125  1.00000e+00  1.00000e+00  4.79874e-01  3.54619e-02
  14761.00  6885.9375  1.00000e+00  1.00000e+00  4.45333e-01  3.71165e-02
  14789.55  6886.5625  1.00000e+00  1.00000e+00  4.02228e-01  3.62221e-02
  14818.10  6887.1875  1.00000e+00  1.00000e+00  3.83042e-01  3.46890e-02
  14846.65  6887.8125  1.00000e+00  1.00000e+00  3.61642e-01  3.47495e-02
  14875.20  6888.4375  1.00000e+00  1.00000e+00  3.74662e-01  3.66155e-02
  14903.75  6889.0625  1.00000e+00  1.00000e+00  4.28139e-01  3.54864e-02
  14932.30  6889.6875  1.00000e+00  1.00000e+00  4.49229e-01  3.57959e-02
  14960.86  6890.3125  1.00000e+00  1.00000e+00  4.35503e-01  3.67378e-02
  14989.41  6890.9375  1.00000e+00  1.00000e+00  4.45638e-01  3.67114e-02
  15017.96  6891.5625  1.00000e+00  1.00000e+00  4.15902e-01  3.52108e-02
  15046.51  6892.1875  1.00000e+00  1.00000e+00  3.98594e-01  3.52403e-02
  15075.06  6892.8125  1.00000e+00  1.00000e+00  4.03825e-01  3.80002e-02
  15103.61  6893.4375  1.00000e+00  1.00000e+00  4.11601e-01  3.98218e-02
  15132.16  6894.0625  1.00000e+00  1.00000e+00  4.14516e-01  3.78060e-02
  15160.71  6894.6875  1.00000e+00  1.00000e+00  4.10289e-01  3.83907e-02
  15189.26  6895.3125  1.00000e+00  1.00000e+00  4.01713e-01  3.74398e-02
  15217.81  6895.9375  1.00000e+00  1.00000e+00  4.22411e-01  3.44263e-02
  15246.37  6896.5625  1.00000e+00  1.00000e+00  4.36229e-01  3.22160e-02
  15274.92  6897.1875  1.00000e+00  1.00000e+00  4.18331e-01  2.99185e-02
  15303.47  6897.8125  1.00000e+00  1.00000e+00  4.46229e-01  2.74814e-02
  15332.02  6898.4375  1.00000e+00  1.00000e+00  4.98199e-01  2.93861e-02
  15360.57  6899.0625  1.00000e+00  1.00000e+00  5.17642e-01  3.34150e-02
  15389.12  6899.6875  1.00000e+00  1.00000e+00  4.77075e-01  3.52124e-02
  15417.67  6900.3125  1.00000e+00  1.00000e+00  4.21504e-01  3.66381e-02
  15446.22  6900.9375  1.00000e+00  1.00000e+00  4.18405e-01  3.76697e-02
  15474.77  6901.5625  1.00000e+00  1.00000e+00  4.14342e-01  3.57404e-02
  15503.32  6902.1875  1.00000e+00  1.00000e+00  4.00413e-01  3.48959e-02
  15531.88  6902.8125  1.00000e+00  1.00000e+00  3.93964e-01  3.32862e-02
  15560.43  6903.4375  1.00000e+00  1.00000e+00  4.17162e-01  3.21211e-02
  15588.98  6904.0625  1.00000e+00  1.00000e+00  4.49353e-01  3.30744e-02
  15617.53  6904.6875  1.00000e+00  1.00000e+00  4.60146e-01  3.37317e-02
  15646.08  6905.3125  1.00000e+00  1.00000e+00  4.68178e-01  3.36842e-02
  15674.63  6905.9375  1.00000e+00  1.00000e+00  4.65052e-01  3.22462e-02
  15703.18  6906.5625  1.00000e+00  1.00000e+00  4.58732e-01  2.91536e-02
  15731.73  6907.1875  1.00000e+00  1.00000e+00  4.14709e-01  2.82780e-02
  15760.28  6907.8125  1.00000e+00  1.00000e+00  3.50202e-01  3.01595e-02
  15788.84  6908.4375  1.00000e+00  1.00000e+00  3.33513e-01  3.17643e-02
  15817.39  6909.0625  1.00000e+00  1.00000e+00  3.79806e-01  2.98554e-02
  15845.94  6909.6875  1.00000e+00  1.00000e+00  4.22433e-01  2.98474e-02
  15874.49  6910.3125  1.00000e+00  1.00000e+00  4.20592e-01  3.18005e-02
  15903.04  6910.9375  1.00000e+00  1.00000e+00  4.34024e-01  3.19804e-02
  15931.59  6911.5625  1.00000e+00  1.00000e+00  4.70395e-01  3.29681e-02
  15960.14  6912.1875  1.00000e+00  1.00000e+00  4.68974e-01  3.30712e-02
  15988.69  6912.8125  1.00000e+00  1.00000e+00  4.97675e-01  3.01749e-02
  16017.24  6913.4375  1.00000e+00  1.00000e+00  5.38580e-01  3.01458e-02
  16045.79  6914.0625  1.00000e+00  1.00000e+00  4.95086e-01  3.46858e-02
  16074.35  6914.6875  1.00000e+00  1.00000e+00  4.66625e-01  3.77170e-02
  16102.90  6915.3125  1.00000e+00  1.00000e+00  4.91650e-01  3.44916e-02
  16131.45  6915.9375  1.00000e+00  1.00000e+00  4.94225e-01  2.95972e-02
  16160.00  6916.5625  1.00000e+00  1.00000e+00  4.72820e-01  2.88303e-02
  16188.55  6917.1875  1.00000e+00  1.00000e+00  4.44954e-01  2.92610e-02
  16217.10  6917.8125  1.00000e+00  1.00000e+00  4.33595e-01  3.09389e-02
  16245.65  6918.4375  1.00000e+00  1.00000e+00  4.65908e-01  3.02564e-02
  16274.20  6919.0625  1.00000e+00  1.00000e+00  5.33092e-01  2.99956e-02
  16302.75  6919.6875  1.00000e+00  1.00000e+00  5.65038e-01  3.15979e-02
  16331.30  6920.3125  1.00000e+00  1.00000e+00  4.96246e-01  3.16618e-02
  16359.86  6920.9375  1.00000e+00  1.00000e+00  4.40816e-01  3.30713e-02
  16388.41  6921.5625  1.00000e+00  1.00000e+00  4.44705e-01  3.52039e-02
  16416.96  6922.1875  1.00000e+00  1.00000e+00  4.60984e-01  3.25948e-02
  16445.51  6922.8125  1.00000e+00  1.00000e+00  4.85693e-01  2.61236e-02
  16474.06  6923.4375  1.00000e+00  1.00000e+00  4.34613e-01  2.38977e-02
  16502.61  6924.0625  1.00000e+00  1.00000e+00  4.06641e-01  2.54506e-02
  16531.16  6924.6875  1.00000e+00  1.00000e+00  4.29955e-01  2.61176e-02
  16559.71  6925.3125  1.00000e+00  1.00000e+00  4.17860e-01  2.75655e-02
  16588.26  6925.9375  1.00000e+00  1.00000e+00  4.48575e-01  3.14825e-02
  16616.81  6926.5625  1.00000e+00  1.00000e+00  4.69912e-01  3.44712e-02
  16645.37  6927.1875  1.00000e+00  1.00000e+00  4.75228e-01  3.23810e-02
  16673.92  6927.8125  1.00000e+00  1.00000e+00  4.63926e-01  2.88498e-02
  16702.47  6928.4375  1.00000e+00  1.00000e+00  4.24704e-01  2.69620e-02
  16731.02  6929.0625  1.00000e+00  1.00000e+00  3.83146e-01  2.98735e-02
  16759.57  6929.6875  1.00000e+00  1.00000e+00  3.67464e-01  3.14578e-02
  16788.12  6930.3125  1.00000e+00  1.00000e+00  3.63807e-01  3.16545e-02
  16816.67  6930.9375  1.00000e+00  1.00000e+00  3.80294e-01  3.07564e-02
  16845.22  6931.5625  1.00000e+00  1.00000e+00  3.85390e-01  2.84232e-02
  16873.77  6932.1875  1.00000e+00  1.00000e+00  3.98893e-01  2.74962e-02
  16902.33  6932.8125  1.00000e+00  1.00000e+00  3.72723e-01  2.90776e-02
  16930.88  6933.4375  1.00000e+00  1.00000e+00  3.36023e-01  2.92284e-02
  16959.43  6934.0625  1.00000e+00  1.00000e+00  3.57828e-01  2.74612e-02
  16987.98  6934.6875  1.00000e+00  1.00000e+00  3.82872e-01  2.33251e-02
  17016.53  6935.3125  1.00000e+00  1.00000e+00  4.35951e-01  2.21955e-02
  17045.08  6935.9375  1.00000e+00  1.00000e+00  4.45989e-01  2.51591e-02
  17073.63  6936.5625  1.00000e+00  1.00000e+00  4.14765e-01  2.69328e-02
  17102.18  6937.1875  1.00000e+00  1.00000e+00  4.27001e-01  2.77430e-02
  17130.73  6937.8125  1.00000e+00  1.00000e+00  4.41806e-01  2.72609e-02
  17159.28  6938.4375  1.00000e+00  1.00000e+00  4.64181e-01  2.64158e-02
  17187.84  6939.0625  1.00000e+00  1.00000e+00  4.75613e-01  2.66214e-02
  17216.39  6939.6875  1.00000e+00  1.00000e+00  4.57943e-01  2.70046e-02
  17244.94  6940.3125  1.00000e+00  1.00000e+00  4.52234e-01  2.72463e-02
  17273.49  6940.9375  1.00000e+00  1.00000e+00  4.59489e-01  2.97257e-02
  17302.04  6941.5625  1.00000e+00  1.00000e+00  3.97881e-01  3.27186e-02
  17330.59  6942.1875  1.00000e+00  1.00000e+00  3.76067e-01  3.15328e-02
  17359.14  6942.8125  1.00000e+00  1.00000e+00  3.87265e-01  2.83918e-02
  17387.69  6943.4375  1.00000e+00  1.00000e+00  4.07919e-01  2.72691e-02
  17416.24  6944.0625  1.00000e+00  1.00000e+00  4.25075e-01  2.47221e-02
  17444.79  6944.6875  1.00000e+00  1.00000e+00  4.67333e-01  2.39061e-02
  17473.35  6945.3125  1.00000e+00  1.00000e+00  4.53956e-01  2.49272e-02
  17501.90  6945.9375  1.00000e+00  1.00000e+00  4.12074e-01  2.64531e-02
  17530.45  6946.5625  1.00000e+00  1.00000e+00  3.96233e-01  2.95103e-02
  17559.00  6947.1875  1.00000e+00  1.00000e+00  3.75553e-01  2.90797e-02
  17587.55  6947.8125  1.00000e+00  1.00000e+00  3.83951e-01  2.51230e-02
  17616.10  6948.4375  1.00000e+00  1.00000e+00  4.05977e-01  2.30430e-02
  17644.65  6949.0625  1.00000e+00  1.00000e+00  4.26668e-01  2.42265e-02
  17673.20  6949.6875  1.00000e+00  1.00000e+00  4.39076e-01  2.69899e-02
