# day070  epoch=70.0d  L_Halpha=1.180e+41 erg/s  smooth_kms=25.0
# Columns:
#   1: Δv [km/s]      velocity offset from Hα (6562.81 Å), positive = redshift
#   2: lambda [Å]     observed wavelength
#   3: F_norm         total flux, smoothed, normalized to F_cont_baseline
#   4: F_norm_raw     total flux, RAW MC (no velocity smoothing)
#   5: F_cont_smooth  continuum-channel flux (continuum photons only)
#   6: F_vol_smooth   volumetric-channel flux (line emission contribution)
# Format: F_norm ≈ F_cont_smooth + F_vol_smooth (within MC noise)
# ----------------------------------------------------------------------------------------
 -16559.48  6200.3125  1.00000e+00  1.00000e+00  3.90720e-01  0.00000e+00
 -16530.93  6200.9375  1.00000e+00  1.00000e+00  4.05525e-01  0.00000e+00
 -16502.38  6201.5625  1.00000e+00  1.00000e+00  4.19918e-01  0.00000e+00
 -16473.83  6202.1875  1.00000e+00  1.00000e+00  3.76500e-01  0.00000e+00
 -16445.28  6202.8125  1.00000e+00  1.00000e+00  3.15017e-01  0.00000e+00
 -16416.73  6203.4375  1.00000e+00  1.00000e+00  3.03494e-01  0.00000e+00
 -16388.18  6204.0625  1.00000e+00  1.00000e+00  3.12734e-01  0.00000e+00
 -16359.63  6204.6875  1.00000e+00  1.00000e+00  3.16296e-01  0.00000e+00
 -16331.08  6205.3125  1.00000e+00  1.00000e+00  3.14228e-01  0.00000e+00
 -16302.53  6205.9375  1.00000e+00  1.00000e+00  3.23753e-01  0.00000e+00
 -16273.97  6206.5625  1.00000e+00  1.00000e+00  3.34768e-01  0.00000e+00
 -16245.42  6207.1875  1.00000e+00  1.00000e+00  3.41493e-01  0.00000e+00
 -16216.87  6207.8125  1.00000e+00  1.00000e+00  3.44558e-01  0.00000e+00
 -16188.32  6208.4375  1.00000e+00  1.00000e+00  3.49803e-01  0.00000e+00
 -16159.77  6209.0625  1.00000e+00  1.00000e+00  3.34002e-01  0.00000e+00
 -16131.22  6209.6875  1.00000e+00  1.00000e+00  3.10716e-01  0.00000e+00
 -16102.67  6210.3125  1.00000e+00  1.00000e+00  3.00936e-01  0.00000e+00
 -16074.12  6210.9375  1.00000e+00  1.00000e+00  3.15599e-01  0.00000e+00
 -16045.57  6211.5625  1.00000e+00  1.00000e+00  3.23648e-01  0.00000e+00
 -16017.01  6212.1875  1.00000e+00  1.00000e+00  3.30395e-01  0.00000e+00
 -15988.46  6212.8125  1.00000e+00  1.00000e+00  3.10452e-01  0.00000e+00
 -15959.91  6213.4375  1.00000e+00  1.00000e+00  2.91530e-01  0.00000e+00
 -15931.36  6214.0625  1.00000e+00  1.00000e+00  2.87486e-01  0.00000e+00
 -15902.81  6214.6875  1.00000e+00  1.00000e+00  2.99821e-01  0.00000e+00
 -15874.26  6215.3125  1.00000e+00  1.00000e+00  3.23203e-01  0.00000e+00
 -15845.71  6215.9375  1.00000e+00  1.00000e+00  2.99283e-01  0.00000e+00
 -15817.16  6216.5625  1.00000e+00  1.00000e+00  2.78061e-01  0.00000e+00
 -15788.61  6217.1875  1.00000e+00  1.00000e+00  3.39739e-01  0.00000e+00
 -15760.06  6217.8125  1.00000e+00  1.00000e+00  3.63409e-01  0.00000e+00
 -15731.50  6218.4375  1.00000e+00  1.00000e+00  3.27994e-01  0.00000e+00
 -15702.95  6219.0625  1.00000e+00  1.00000e+00  3.23367e-01  0.00000e+00
 -15674.40  6219.6875  1.00000e+00  1.00000e+00  3.35063e-01  0.00000e+00
 -15645.85  6220.3125  1.00000e+00  1.00000e+00  3.40228e-01  0.00000e+00
 -15617.30  6220.9375  1.00000e+00  1.00000e+00  3.36692e-01  0.00000e+00
 -15588.75  6221.5625  1.00000e+00  1.00000e+00  3.16828e-01  0.00000e+00
 -15560.20  6222.1875  1.00000e+00  1.00000e+00  2.78244e-01  0.00000e+00
 -15531.65  6222.8125  1.00000e+00  1.00000e+00  2.52654e-01  0.00000e+00
 -15503.10  6223.4375  1.00000e+00  1.00000e+00  2.72681e-01  0.00000e+00
 -15474.55  6224.0625  1.00000e+00  1.00000e+00  3.23134e-01  0.00000e+00
 -15445.99  6224.6875  1.00000e+00  1.00000e+00  3.43605e-01  0.00000e+00
 -15417.44  6225.3125  1.00000e+00  1.00000e+00  3.26002e-01  0.00000e+00
 -15388.89  6225.9375  1.00000e+00  1.00000e+00  3.27712e-01  0.00000e+00
 -15360.34  6226.5625  1.00000e+00  1.00000e+00  3.30861e-01  0.00000e+00
 -15331.79  6227.1875  1.00000e+00  1.00000e+00  3.20651e-01  0.00000e+00
 -15303.24  6227.8125  1.00000e+00  1.00000e+00  2.87864e-01  0.00000e+00
 -15274.69  6228.4375  1.00000e+00  1.00000e+00  2.54923e-01  0.00000e+00
 -15246.14  6229.0625  1.00000e+00  1.00000e+00  2.73109e-01  0.00000e+00
 -15217.59  6229.6875  1.00000e+00  1.00000e+00  2.99888e-01  0.00000e+00
 -15189.03  6230.3125  1.00000e+00  1.00000e+00  2.90708e-01  0.00000e+00
 -15160.48  6230.9375  1.00000e+00  1.00000e+00  2.71361e-01  0.00000e+00
 -15131.93  6231.5625  1.00000e+00  1.00000e+00  2.78885e-01  0.00000e+00
 -15103.38  6232.1875  1.00000e+00  1.00000e+00  3.16212e-01  0.00000e+00
 -15074.83  6232.8125  1.00000e+00  1.00000e+00  3.37094e-01  0.00000e+00
 -15046.28  6233.4375  1.00000e+00  1.00000e+00  3.32140e-01  0.00000e+00
 -15017.73  6234.0625  1.00000e+00  1.00000e+00  3.31081e-01  0.00000e+00
 -14989.18  6234.6875  1.00000e+00  1.00000e+00  3.23085e-01  0.00000e+00
 -14960.63  6235.3125  1.00000e+00  1.00000e+00  2.99772e-01  0.00000e+00
 -14932.08  6235.9375  1.00000e+00  1.00000e+00  2.84957e-01  0.00000e+00
 -14903.52  6236.5625  1.00000e+00  1.00000e+00  2.73085e-01  0.00000e+00
 -14874.97  6237.1875  1.00000e+00  1.00000e+00  2.53489e-01  0.00000e+00
 -14846.42  6237.8125  1.00000e+00  1.00000e+00  2.74973e-01  0.00000e+00
 -14817.87  6238.4375  1.00000e+00  1.00000e+00  3.07742e-01  0.00000e+00
 -14789.32  6239.0625  1.00000e+00  1.00000e+00  3.12942e-01  0.00000e+00
 -14760.77  6239.6875  1.00000e+00  1.00000e+00  3.34661e-01  0.00000e+00
 -14732.22  6240.3125  1.00000e+00  1.00000e+00  3.57310e-01  0.00000e+00
 -14703.67  6240.9375  1.00000e+00  1.00000e+00  3.24047e-01  0.00000e+00
 -14675.12  6241.5625  1.00000e+00  1.00000e+00  3.09246e-01  0.00000e+00
 -14646.57  6242.1875  1.00000e+00  1.00000e+00  3.23797e-01  0.00000e+00
 -14618.01  6242.8125  1.00000e+00  1.00000e+00  3.58849e-01  0.00000e+00
 -14589.46  6243.4375  1.00000e+00  1.00000e+00  3.68184e-01  0.00000e+00
 -14560.91  6244.0625  1.00000e+00  1.00000e+00  3.22686e-01  0.00000e+00
 -14532.36  6244.6875  1.00000e+00  1.00000e+00  2.87723e-01  0.00000e+00
 -14503.81  6245.3125  1.00000e+00  1.00000e+00  2.81395e-01  0.00000e+00
 -14475.26  6245.9375  1.00000e+00  1.00000e+00  2.62630e-01  0.00000e+00
 -14446.71  6246.5625  1.00000e+00  1.00000e+00  2.59187e-01  0.00000e+00
 -14418.16  6247.1875  1.00000e+00  1.00000e+00  2.66566e-01  0.00000e+00
 -14389.61  6247.8125  1.00000e+00  1.00000e+00  2.41924e-01  0.00000e+00
 -14361.06  6248.4375  1.00000e+00  1.00000e+00  2.13950e-01  0.00000e+00
 -14332.50  6249.0625  1.00000e+00  1.00000e+00  2.44034e-01  0.00000e+00
 -14303.95  6249.6875  1.00000e+00  1.00000e+00  2.96925e-01  0.00000e+00
 -14275.40  6250.3125  1.00000e+00  1.00000e+00  2.96895e-01  0.00000e+00
 -14246.85  6250.9375  1.00000e+00  1.00000e+00  2.89619e-01  0.00000e+00
 -14218.30  6251.5625  1.00000e+00  1.00000e+00  2.79067e-01  0.00000e+00
 -14189.75  6252.1875  1.00000e+00  1.00000e+00  2.91157e-01  0.00000e+00
 -14161.20  6252.8125  1.00000e+00  1.00000e+00  3.15640e-01  0.00000e+00
 -14132.65  6253.4375  1.00000e+00  1.00000e+00  3.03282e-01  0.00000e+00
 -14104.10  6254.0625  1.00000e+00  1.00000e+00  2.86946e-01  0.00000e+00
 -14075.54  6254.6875  1.00000e+00  1.00000e+00  2.86851e-01  0.00000e+00
 -14046.99  6255.3125  1.00000e+00  1.00000e+00  2.79505e-01  0.00000e+00
 -14018.44  6255.9375  1.00000e+00  1.00000e+00  2.38117e-01  0.00000e+00
 -13989.89  6256.5625  1.00000e+00  1.00000e+00  2.11214e-01  0.00000e+00
 -13961.34  6257.1875  1.00000e+00  1.00000e+00  2.65898e-01  0.00000e+00
 -13932.79  6257.8125  1.00000e+00  1.00000e+00  3.30528e-01  0.00000e+00
 -13904.24  6258.4375  1.00000e+00  1.00000e+00  3.48097e-01  0.00000e+00
 -13875.69  6259.0625  1.00000e+00  1.00000e+00  3.35814e-01  0.00000e+00
 -13847.14  6259.6875  1.00000e+00  1.00000e+00  3.25608e-01  0.00000e+00
 -13818.59  6260.3125  1.00000e+00  1.00000e+00  3.41197e-01  0.00000e+00
 -13790.03  6260.9375  1.00000e+00  1.00000e+00  3.44129e-01  0.00000e+00
 -13761.48  6261.5625  1.00000e+00  1.00000e+00  3.12890e-01  0.00000e+00
 -13732.93  6262.1875  1.00000e+00  1.00000e+00  2.81959e-01  0.00000e+00
 -13704.38  6262.8125  1.00000e+00  1.00000e+00  2.57209e-01  0.00000e+00
 -13675.83  6263.4375  1.00000e+00  1.00000e+00  2.59927e-01  0.00000e+00
 -13647.28  6264.0625  1.00000e+00  1.00000e+00  2.79074e-01  0.00000e+00
 -13618.73  6264.6875  1.00000e+00  1.00000e+00  3.19097e-01  0.00000e+00
 -13590.18  6265.3125  1.00000e+00  1.00000e+00  3.39587e-01  0.00000e+00
 -13561.63  6265.9375  1.00000e+00  1.00000e+00  3.29390e-01  0.00000e+00
 -13533.08  6266.5625  1.00000e+00  1.00000e+00  3.32463e-01  0.00000e+00
 -13504.52  6267.1875  1.00000e+00  1.00000e+00  3.45167e-01  0.00000e+00
 -13475.97  6267.8125  1.00000e+00  1.00000e+00  3.57294e-01  0.00000e+00
 -13447.42  6268.4375  1.00000e+00  1.00000e+00  3.55925e-01  0.00000e+00
 -13418.87  6269.0625  1.00000e+00  1.00000e+00  3.16340e-01  0.00000e+00
 -13390.32  6269.6875  1.00000e+00  1.00000e+00  2.84328e-01  0.00000e+00
 -13361.77  6270.3125  1.00000e+00  1.00000e+00  2.97714e-01  0.00000e+00
 -13333.22  6270.9375  1.00000e+00  1.00000e+00  3.05655e-01  0.00000e+00
 -13304.67  6271.5625  1.00000e+00  1.00000e+00  3.34629e-01  0.00000e+00
 -13276.12  6272.1875  1.00000e+00  1.00000e+00  3.56695e-01  0.00000e+00
 -13247.56  6272.8125  1.00000e+00  1.00000e+00  3.17874e-01  0.00000e+00
 -13219.01  6273.4375  1.00000e+00  1.00000e+00  2.92718e-01  0.00000e+00
 -13190.46  6274.0625  1.00000e+00  1.00000e+00  2.97444e-01  0.00000e+00
 -13161.91  6274.6875  1.00000e+00  1.00000e+00  3.15759e-01  0.00000e+00
 -13133.36  6275.3125  1.00000e+00  1.00000e+00  3.36831e-01  0.00000e+00
 -13104.81  6275.9375  1.00000e+00  1.00000e+00  3.51713e-01  0.00000e+00
 -13076.26  6276.5625  1.00000e+00  1.00000e+00  3.41759e-01  0.00000e+00
 -13047.71  6277.1875  1.00000e+00  1.00000e+00  3.31897e-01  0.00000e+00
 -13019.16  6277.8125  1.00000e+00  1.00000e+00  3.23394e-01  0.00000e+00
 -12990.61  6278.4375  1.00000e+00  1.00000e+00  3.34639e-01  0.00000e+00
 -12962.05  6279.0625  1.00000e+00  1.00000e+00  3.51158e-01  0.00000e+00
 -12933.50  6279.6875  1.00000e+00  1.00000e+00  3.51473e-01  0.00000e+00
 -12904.95  6280.3125  1.00000e+00  1.00000e+00  3.55093e-01  0.00000e+00
 -12876.40  6280.9375  1.00000e+00  1.00000e+00  3.38082e-01  0.00000e+00
 -12847.85  6281.5625  1.00000e+00  1.00000e+00  3.24806e-01  0.00000e+00
 -12819.30  6282.1875  1.00000e+00  1.00000e+00  3.14459e-01  0.00000e+00
 -12790.75  6282.8125  1.00000e+00  1.00000e+00  3.27541e-01  0.00000e+00
 -12762.20  6283.4375  1.00000e+00  1.00000e+00  3.59597e-01  0.00000e+00
 -12733.65  6284.0625  1.00000e+00  1.00000e+00  3.52079e-01  0.00000e+00
 -12705.10  6284.6875  1.00000e+00  1.00000e+00  3.17409e-01  0.00000e+00
 -12676.54  6285.3125  1.00000e+00  1.00000e+00  3.02149e-01  0.00000e+00
 -12647.99  6285.9375  1.00000e+00  1.00000e+00  3.01764e-01  0.00000e+00
 -12619.44  6286.5625  1.00000e+00  1.00000e+00  3.06457e-01  0.00000e+00
 -12590.89  6287.1875  1.00000e+00  1.00000e+00  3.12697e-01  0.00000e+00
 -12562.34  6287.8125  1.00000e+00  1.00000e+00  3.38635e-01  0.00000e+00
 -12533.79  6288.4375  1.00000e+00  1.00000e+00  3.45276e-01  0.00000e+00
 -12505.24  6289.0625  1.00000e+00  1.00000e+00  3.22055e-01  0.00000e+00
 -12476.69  6289.6875  1.00000e+00  1.00000e+00  2.94024e-01  0.00000e+00
 -12448.14  6290.3125  1.00000e+00  1.00000e+00  3.06381e-01  0.00000e+00
 -12419.58  6290.9375  1.00000e+00  1.00000e+00  3.30451e-01  0.00000e+00
 -12391.03  6291.5625  1.00000e+00  1.00000e+00  3.08743e-01  0.00000e+00
 -12362.48  6292.1875  1.00000e+00  1.00000e+00  3.18672e-01  0.00000e+00
 -12333.93  6292.8125  1.00000e+00  1.00000e+00  3.60333e-01  0.00000e+00
 -12305.38  6293.4375  1.00000e+00  1.00000e+00  3.40753e-01  0.00000e+00
 -12276.83  6294.0625  1.00000e+00  1.00000e+00  3.08730e-01  0.00000e+00
 -12248.28  6294.6875  1.00000e+00  1.00000e+00  3.22334e-01  0.00000e+00
 -12219.73  6295.3125  1.00000e+00  1.00000e+00  3.27017e-01  0.00000e+00
 -12191.18  6295.9375  1.00000e+00  1.00000e+00  3.27111e-01  0.00000e+00
 -12162.63  6296.5625  1.00000e+00  1.00000e+00  3.29569e-01  0.00000e+00
 -12134.07  6297.1875  1.00000e+00  1.00000e+00  3.39331e-01  0.00000e+00
 -12105.52  6297.8125  1.00000e+00  1.00000e+00  3.12845e-01  0.00000e+00
 -12076.97  6298.4375  1.00000e+00  1.00000e+00  2.96225e-01  0.00000e+00
 -12048.42  6299.0625  1.00000e+00  1.00000e+00  3.10116e-01  0.00000e+00
 -12019.87  6299.6875  1.00000e+00  1.00000e+00  3.16046e-01  0.00000e+00
 -11991.32  6300.3125  1.00000e+00  1.00000e+00  3.14857e-01  0.00000e+00
 -11962.77  6300.9375  1.00000e+00  1.00000e+00  3.00442e-01  0.00000e+00
 -11934.22  6301.5625  1.00000e+00  1.00000e+00  3.09913e-01  0.00000e+00
 -11905.67  6302.1875  1.00000e+00  1.00000e+00  3.15184e-01  0.00000e+00
 -11877.12  6302.8125  1.00000e+00  1.00000e+00  3.01862e-01  0.00000e+00
 -11848.56  6303.4375  1.00000e+00  1.00000e+00  2.99089e-01  0.00000e+00
 -11820.01  6304.0625  1.00000e+00  1.00000e+00  3.05788e-01  0.00000e+00
 -11791.46  6304.6875  1.00000e+00  1.00000e+00  3.15582e-01  0.00000e+00
 -11762.91  6305.3125  1.00000e+00  1.00000e+00  2.97794e-01  0.00000e+00
 -11734.36  6305.9375  1.00000e+00  1.00000e+00  2.72227e-01  0.00000e+00
 -11705.81  6306.5625  1.00000e+00  1.00000e+00  2.87820e-01  0.00000e+00
 -11677.26  6307.1875  1.00000e+00  1.00000e+00  2.98045e-01  0.00000e+00
 -11648.71  6307.8125  1.00000e+00  1.00000e+00  2.72089e-01  0.00000e+00
 -11620.16  6308.4375  1.00000e+00  1.00000e+00  2.56026e-01  0.00000e+00
 -11591.60  6309.0625  1.00000e+00  1.00000e+00  2.66671e-01  0.00000e+00
 -11563.05  6309.6875  1.00000e+00  1.00000e+00  2.72861e-01  0.00000e+00
 -11534.50  6310.3125  1.00000e+00  1.00000e+00  2.79784e-01  0.00000e+00
 -11505.95  6310.9375  1.00000e+00  1.00000e+00  2.95659e-01  0.00000e+00
 -11477.40  6311.5625  1.00000e+00  1.00000e+00  3.12008e-01  0.00000e+00
 -11448.85  6312.1875  1.00000e+00  1.00000e+00  2.98235e-01  0.00000e+00
 -11420.30  6312.8125  1.00000e+00  1.00000e+00  2.55994e-01  0.00000e+00
 -11391.75  6313.4375  1.00000e+00  1.00000e+00  2.40916e-01  0.00000e+00
 -11363.20  6314.0625  1.00000e+00  1.00000e+00  2.56809e-01  0.00000e+00
 -11334.65  6314.6875  1.00000e+00  1.00000e+00  2.72355e-01  0.00000e+00
 -11306.09  6315.3125  1.00000e+00  1.00000e+00  2.94017e-01  0.00000e+00
 -11277.54  6315.9375  1.00000e+00  1.00000e+00  2.90974e-01  0.00000e+00
 -11248.99  6316.5625  1.00000e+00  1.00000e+00  2.46867e-01  0.00000e+00
 -11220.44  6317.1875  1.00000e+00  1.00000e+00  2.23493e-01  0.00000e+00
 -11191.89  6317.8125  1.00000e+00  1.00000e+00  2.42822e-01  0.00000e+00
 -11163.34  6318.4375  1.00000e+00  1.00000e+00  2.79384e-01  0.00000e+00
 -11134.79  6319.0625  1.00000e+00  1.00000e+00  3.09648e-01  0.00000e+00
 -11106.24  6319.6875  1.00000e+00  1.00000e+00  3.09632e-01  0.00000e+00
 -11077.69  6320.3125  1.00000e+00  1.00000e+00  2.94644e-01  0.00000e+00
 -11049.14  6320.9375  1.00000e+00  1.00000e+00  3.02766e-01  0.00000e+00
 -11020.58  6321.5625  1.00000e+00  1.00000e+00  3.13155e-01  0.00000e+00
 -10992.03  6322.1875  1.00000e+00  1.00000e+00  3.03146e-01  0.00000e+00
 -10963.48  6322.8125  1.00000e+00  1.00000e+00  2.80078e-01  0.00000e+00
 -10934.93  6323.4375  1.00000e+00  1.00000e+00  2.64988e-01  0.00000e+00
 -10906.38  6324.0625  1.00000e+00  1.00000e+00  3.11689e-01  0.00000e+00
 -10877.83  6324.6875  1.00000e+00  1.00000e+00  3.16291e-01  0.00000e+00
 -10849.28  6325.3125  1.00000e+00  1.00000e+00  2.81646e-01  0.00000e+00
 -10820.73  6325.9375  1.00000e+00  1.00000e+00  2.97416e-01  0.00000e+00
 -10792.18  6326.5625  1.00000e+00  1.00000e+00  3.29550e-01  0.00000e+00
 -10763.62  6327.1875  1.00000e+00  1.00000e+00  3.13621e-01  0.00000e+00
 -10735.07  6327.8125  1.00000e+00  1.00000e+00  3.01501e-01  0.00000e+00
 -10706.52  6328.4375  1.00000e+00  1.00000e+00  2.87969e-01  0.00000e+00
 -10677.97  6329.0625  1.00000e+00  1.00000e+00  3.19019e-01  0.00000e+00
 -10649.42  6329.6875  1.00000e+00  1.00000e+00  3.63793e-01  0.00000e+00
 -10620.87  6330.3125  1.00000e+00  1.00000e+00  3.43443e-01  0.00000e+00
 -10592.32  6330.9375  1.00000e+00  1.00000e+00  3.45354e-01  0.00000e+00
 -10563.77  6331.5625  1.00000e+00  1.00000e+00  3.48414e-01  0.00000e+00
 -10535.22  6332.1875  1.00000e+00  1.00000e+00  3.10935e-01  0.00000e+00
 -10506.67  6332.8125  1.00000e+00  1.00000e+00  2.90415e-01  0.00000e+00
 -10478.11  6333.4375  1.00000e+00  1.00000e+00  3.05905e-01  0.00000e+00
 -10449.56  6334.0625  1.00000e+00  1.00000e+00  3.35293e-01  0.00000e+00
 -10421.01  6334.6875  1.00000e+00  1.00000e+00  3.70114e-01  0.00000e+00
 -10392.46  6335.3125  1.00000e+00  1.00000e+00  3.61433e-01  0.00000e+00
 -10363.91  6335.9375  1.00000e+00  1.00000e+00  3.19969e-01  0.00000e+00
 -10335.36  6336.5625  1.00000e+00  1.00000e+00  2.86911e-01  0.00000e+00
 -10306.81  6337.1875  1.00000e+00  1.00000e+00  2.66357e-01  0.00000e+00
 -10278.26  6337.8125  1.00000e+00  1.00000e+00  2.68677e-01  0.00000e+00
 -10249.71  6338.4375  1.00000e+00  1.00000e+00  3.18062e-01  0.00000e+00
 -10221.16  6339.0625  1.00000e+00  1.00000e+00  3.03799e-01  0.00000e+00
 -10192.60  6339.6875  1.00000e+00  1.00000e+00  3.06030e-01  0.00000e+00
 -10164.05  6340.3125  1.00000e+00  1.00000e+00  3.23992e-01  0.00000e+00
 -10135.50  6340.9375  1.00000e+00  1.00000e+00  2.89004e-01  0.00000e+00
 -10106.95  6341.5625  1.00000e+00  1.00000e+00  2.66825e-01  0.00000e+00
 -10078.40  6342.1875  1.00000e+00  1.00000e+00  2.49140e-01  0.00000e+00
 -10049.85  6342.8125  1.00000e+00  1.00000e+00  2.48460e-01  0.00000e+00
 -10021.30  6343.4375  1.00000e+00  1.00000e+00  3.20639e-01  0.00000e+00
  -9992.75  6344.0625  1.00000e+00  1.00000e+00  4.03863e-01  0.00000e+00
  -9964.20  6344.6875  1.00000e+00  1.00000e+00  4.12703e-01  0.00000e+00
  -9935.65  6345.3125  1.00000e+00  1.00000e+00  3.21467e-01  0.00000e+00
  -9907.09  6345.9375  1.00000e+00  1.00000e+00  2.58479e-01  0.00000e+00
  -9878.54  6346.5625  1.00000e+00  1.00000e+00  2.94922e-01  0.00000e+00
  -9849.99  6347.1875  1.00000e+00  1.00000e+00  3.58104e-01  0.00000e+00
  -9821.44  6347.8125  1.00000e+00  1.00000e+00  3.46027e-01  0.00000e+00
  -9792.89  6348.4375  1.00000e+00  1.00000e+00  3.00490e-01  0.00000e+00
  -9764.34  6349.0625  1.00000e+00  1.00000e+00  3.00670e-01  0.00000e+00
  -9735.79  6349.6875  1.00000e+00  1.00000e+00  3.17359e-01  0.00000e+00
  -9707.24  6350.3125  1.00000e+00  1.00000e+00  3.20719e-01  0.00000e+00
  -9678.69  6350.9375  1.00000e+00  1.00000e+00  3.27612e-01  0.00000e+00
  -9650.13  6351.5625  1.00000e+00  1.00000e+00  3.67040e-01  0.00000e+00
  -9621.58  6352.1875  1.00000e+00  1.00000e+00  3.86929e-01  0.00000e+00
  -9593.03  6352.8125  1.00000e+00  1.00000e+00  3.50816e-01  0.00000e+00
  -9564.48  6353.4375  1.00000e+00  1.00000e+00  3.15989e-01  0.00000e+00
  -9535.93  6354.0625  1.00000e+00  1.00000e+00  3.06816e-01  0.00000e+00
  -9507.38  6354.6875  1.00000e+00  1.00000e+00  2.89574e-01  0.00000e+00
  -9478.83  6355.3125  1.00000e+00  1.00000e+00  2.90140e-01  0.00000e+00
  -9450.28  6355.9375  1.00000e+00  1.00000e+00  2.95153e-01  0.00000e+00
  -9421.73  6356.5625  1.00000e+00  1.00000e+00  2.96722e-01  0.00000e+00
  -9393.18  6357.1875  1.00000e+00  1.00000e+00  2.77754e-01  0.00000e+00
  -9364.62  6357.8125  1.00000e+00  1.00000e+00  2.63588e-01  0.00000e+00
  -9336.07  6358.4375  1.00000e+00  1.00000e+00  2.32895e-01  0.00000e+00
  -9307.52  6359.0625  1.00000e+00  1.00000e+00  2.39816e-01  0.00000e+00
  -9278.97  6359.6875  1.00000e+00  1.00000e+00  2.88594e-01  0.00000e+00
  -9250.42  6360.3125  1.00000e+00  1.00000e+00  3.11176e-01  0.00000e+00
  -9221.87  6360.9375  9.99999e-01  9.99999e-01  3.08013e-01  0.00000e+00
  -9193.32  6361.5625  9.99999e-01  9.99999e-01  2.70006e-01  0.00000e+00
  -9164.77  6362.1875  9.99999e-01  9.99999e-01  2.60929e-01  0.00000e+00
  -9136.22  6362.8125  9.99999e-01  9.99999e-01  2.96735e-01  0.00000e+00
  -9107.67  6363.4375  9.99999e-01  9.99999e-01  3.30737e-01  0.00000e+00
  -9079.11  6364.0625  9.99998e-01  9.99998e-01  3.09887e-01  0.00000e+00
  -9050.56  6364.6875  9.99998e-01  9.99998e-01  2.91925e-01  0.00000e+00
  -9022.01  6365.3125  9.99998e-01  9.99998e-01  3.03287e-01  0.00000e+00
  -8993.46  6365.9375  9.99997e-01  9.99997e-01  3.09841e-01  0.00000e+00
  -8964.91  6366.5625  9.99997e-01  9.99997e-01  3.13715e-01  0.00000e+00
  -8936.36  6367.1875  9.99996e-01  9.99996e-01  3.21667e-01  0.00000e+00
  -8907.81  6367.8125  9.99996e-01  9.99996e-01  2.92458e-01  0.00000e+00
  -8879.26  6368.4375  9.99995e-01  9.99995e-01  2.82095e-01  0.00000e+00
  -8850.71  6369.0625  9.99994e-01  9.99994e-01  2.66485e-01  0.00000e+00
  -8822.15  6369.6875  9.99993e-01  9.99993e-01  2.81444e-01  0.00000e+00
  -8793.60  6370.3125  9.99992e-01  9.99992e-01  3.35184e-01  0.00000e+00
  -8765.05  6370.9375  9.99990e-01  9.99990e-01  3.06651e-01  0.00000e+00
  -8736.50  6371.5625  9.99988e-01  9.99988e-01  2.55608e-01  0.00000e+00
  -8707.95  6372.1875  9.99986e-01  9.99986e-01  2.71667e-01  0.00000e+00
  -8679.40  6372.8125  9.99983e-01  9.99983e-01  2.63955e-01  0.00000e+00
  -8650.85  6373.4375  9.99980e-01  9.99980e-01  2.71135e-01  0.00000e+00
  -8622.30  6374.0625  9.99977e-01  9.99977e-01  3.04803e-01  0.00000e+00
  -8593.75  6374.6875  9.99973e-01  9.99973e-01  3.16714e-01  0.00000e+00
  -8565.20  6375.3125  9.99969e-01  9.99970e-01  3.07115e-01  0.00000e+00
  -8536.64  6375.9375  9.99966e-01  9.99966e-01  2.99731e-01  0.00000e+00
  -8508.09  6376.5625  9.99962e-01  9.99962e-01  2.96645e-01  0.00000e+00
  -8479.54  6377.1875  9.99957e-01  9.99957e-01  3.02519e-01  0.00000e+00
  -8450.99  6377.8125  9.99953e-01  9.99953e-01  3.20218e-01  0.00000e+00
  -8422.44  6378.4375  9.99949e-01  9.99949e-01  3.15426e-01  0.00000e+00
  -8393.89  6379.0625  9.99945e-01  9.99945e-01  3.04982e-01  0.00000e+00
  -8365.34  6379.6875  9.99940e-01  9.99940e-01  2.99338e-01  0.00000e+00
  -8336.79  6380.3125  9.99936e-01  9.99936e-01  2.97193e-01  0.00000e+00
  -8308.24  6380.9375  9.99932e-01  9.99932e-01  2.81706e-01  0.00000e+00
  -8279.69  6381.5625  9.99927e-01  9.99927e-01  2.91380e-01  0.00000e+00
  -8251.13  6382.1875  9.99923e-01  9.99923e-01  2.97959e-01  0.00000e+00
  -8222.58  6382.8125  9.99918e-01  9.99918e-01  2.87239e-01  0.00000e+00
  -8194.03  6383.4375  9.99913e-01  9.99913e-01  2.67686e-01  0.00000e+00
  -8165.48  6384.0625  9.99908e-01  9.99908e-01  2.70858e-01  0.00000e+00
  -8136.93  6384.6875  9.99903e-01  9.99903e-01  2.88352e-01  0.00000e+00
  -8108.38  6385.3125  9.99898e-01  9.99898e-01  3.06297e-01  0.00000e+00
  -8079.83  6385.9375  9.99893e-01  9.99893e-01  3.16738e-01  0.00000e+00
  -8051.28  6386.5625  9.99887e-01  9.99887e-01  3.12405e-01  0.00000e+00
  -8022.73  6387.1875  9.99881e-01  9.99881e-01  2.97666e-01  0.00000e+00
  -7994.17  6387.8125  9.99875e-01  9.99875e-01  2.82957e-01  0.00000e+00
  -7965.62  6388.4375  9.99869e-01  9.99869e-01  2.99010e-01  0.00000e+00
  -7937.07  6389.0625  9.99863e-01  9.99863e-01  3.34537e-01  0.00000e+00
  -7908.52  6389.6875  9.99857e-01  9.99857e-01  3.45317e-01  0.00000e+00
  -7879.97  6390.3125  9.99851e-01  9.99851e-01  3.44890e-01  0.00000e+00
  -7851.42  6390.9375  9.99844e-01  9.99845e-01  3.30508e-01  0.00000e+00
  -7822.87  6391.5625  9.99837e-01  9.99838e-01  2.77532e-01  0.00000e+00
  -7794.32  6392.1875  9.99829e-01  9.99830e-01  2.75788e-01  0.00000e+00
  -7765.77  6392.8125  9.99820e-01  9.99821e-01  3.31016e-01  0.00000e+00
  -7737.22  6393.4375  9.99808e-01  9.99809e-01  3.44096e-01  0.00000e+00
  -7708.66  6394.0625  9.99794e-01  9.99795e-01  3.19391e-01  0.00000e+00
  -7680.11  6394.6875  9.99778e-01  9.99779e-01  2.95632e-01  0.00000e+00
  -7651.56  6395.3125  9.99759e-01  9.99761e-01  3.00186e-01  0.00000e+00
  -7623.01  6395.9375  9.99737e-01  9.99739e-01  2.88213e-01  0.00000e+00
  -7594.46  6396.5625  9.99711e-01  9.99712e-01  2.54274e-01  0.00000e+00
  -7565.91  6397.1875  9.99680e-01  9.99682e-01  2.88235e-01  0.00000e+00
  -7537.36  6397.8125  9.99644e-01  9.99646e-01  3.38254e-01  0.00000e+00
  -7508.81  6398.4375  9.99603e-01  9.99606e-01  3.41764e-01  0.00000e+00
  -7480.26  6399.0625  9.99557e-01  9.99559e-01  3.08701e-01  0.00000e+00
  -7451.71  6399.6875  9.99505e-01  9.99507e-01  2.87722e-01  0.00000e+00
  -7423.15  6400.3125  9.99447e-01  9.99449e-01  3.06070e-01  0.00000e+00
  -7394.60  6400.9375  9.99385e-01  9.99386e-01  3.14564e-01  0.00000e+00
  -7366.05  6401.5625  9.99317e-01  9.99318e-01  3.07304e-01  0.00000e+00
  -7337.50  6402.1875  9.99247e-01  9.99248e-01  3.05569e-01  0.00000e+00
  -7308.95  6402.8125  9.99175e-01  9.99176e-01  3.08127e-01  0.00000e+00
  -7280.40  6403.4375  9.99100e-01  9.99101e-01  3.10512e-01  0.00000e+00
  -7251.85  6404.0625  9.99022e-01  9.99023e-01  3.40387e-01  0.00000e+00
  -7223.30  6404.6875  9.98940e-01  9.98941e-01  3.58539e-01  0.00000e+00
  -7194.75  6405.3125  9.98857e-01  9.98857e-01  3.52282e-01  0.00000e+00
  -7166.19  6405.9375  9.98769e-01  9.98774e-01  3.15566e-01  0.00000e+00
  -7137.64  6406.5625  9.98671e-01  9.98678e-01  2.92471e-01  0.00000e+00
  -7109.09  6407.1875  9.98555e-01  9.98563e-01  3.04135e-01  0.00000e+00
  -7080.54  6407.8125  9.98418e-01  9.98426e-01  3.14111e-01  0.00000e+00
  -7051.99  6408.4375  9.98257e-01  9.98267e-01  3.31348e-01  0.00000e+00
  -7023.44  6409.0625  9.98070e-01  9.98081e-01  3.71331e-01  0.00000e+00
  -6994.89  6409.6875  9.97852e-01  9.97865e-01  3.43449e-01  0.00000e+00
  -6966.34  6410.3125  9.97601e-01  9.97615e-01  2.95819e-01  0.00000e+00
  -6937.79  6410.9375  9.97314e-01  9.97329e-01  3.20660e-01  0.00000e+00
  -6909.24  6411.5625  9.96988e-01  9.97003e-01  3.57479e-01  0.00000e+00
  -6880.68  6412.1875  9.96620e-01  9.96637e-01  3.30518e-01  0.00000e+00
  -6852.13  6412.8125  9.96207e-01  9.96228e-01  2.93416e-01  0.00000e+00
  -6823.58  6413.4375  9.95741e-01  9.95763e-01  3.20741e-01  0.00000e+00
  -6795.03  6414.0625  9.95218e-01  9.95240e-01  3.38898e-01  0.00000e+00
  -6766.48  6414.6875  9.94634e-01  9.94661e-01  3.28301e-01  0.00000e+00
  -6737.93  6415.3125  9.93980e-01  9.94012e-01  3.17093e-01  0.00000e+00
  -6709.38  6415.9375  9.93244e-01  9.93281e-01  2.98901e-01  0.00000e+00
  -6680.83  6416.5625  9.92411e-01  9.92452e-01  2.64220e-01  0.00000e+00
  -6652.28  6417.1875  9.91470e-01  9.91515e-01  2.38775e-01  0.00000e+00
  -6623.73  6417.8125  9.90411e-01  9.90460e-01  2.74288e-01  0.00000e+00
  -6595.17  6418.4375  9.89222e-01  9.89278e-01  2.71882e-01  0.00000e+00
  -6566.62  6419.0625  9.87880e-01  9.87955e-01  2.50948e-01  0.00000e+00
  -6538.07  6419.6875  9.86351e-01  9.86433e-01  2.82146e-01  0.00000e+00
  -6509.52  6420.3125  9.84608e-01  9.84695e-01  3.36939e-01  0.00000e+00
  -6480.97  6420.9375  9.82640e-01  9.82731e-01  3.59508e-01  0.00000e+00
  -6452.42  6421.5625  9.80430e-01  9.80531e-01  3.41185e-01  0.00000e+00
  -6423.87  6422.1875  9.77955e-01  9.78067e-01  3.12822e-01  0.00000e+00
  -6395.32  6422.8125  9.75180e-01  9.75313e-01  2.98923e-01  0.00000e+00
  -6366.77  6423.4375  9.72028e-01  9.72229e-01  3.04942e-01  0.00000e+00
  -6338.21  6424.0625  9.68345e-01  9.68625e-01  3.16494e-01  0.00000e+00
  -6309.66  6424.6875  9.63981e-01  9.64268e-01  3.10470e-01  0.00000e+00
  -6281.11  6425.3125  9.58928e-01  9.59134e-01  3.06533e-01  0.00000e+00
  -6252.56  6425.9375  9.53319e-01  9.53475e-01  3.12838e-01  0.00000e+00
  -6224.01  6426.5625  9.47271e-01  9.47419e-01  3.17762e-01  0.00000e+00
  -6195.46  6427.1875  9.40731e-01  9.41033e-01  3.14605e-01  0.00000e+00
  -6166.91  6427.8125  9.33470e-01  9.33817e-01  3.18508e-01  0.00000e+00
  -6138.36  6428.4375  9.25295e-01  9.25710e-01  3.33641e-01  0.00000e+00
  -6109.81  6429.0625  9.16070e-01  9.16503e-01  3.38661e-01  0.00000e+00
  -6081.26  6429.6875  9.05734e-01  9.06160e-01  3.10970e-01  0.00000e+00
  -6052.70  6430.3125  8.94286e-01  8.94705e-01  2.67845e-01  0.00000e+00
  -6024.15  6430.9375  8.81698e-01  8.82184e-01  2.65597e-01  0.00000e+00
  -5995.60  6431.5625  8.67827e-01  8.68377e-01  2.75421e-01  0.00000e+00
  -5967.05  6432.1875  8.52242e-01  8.53307e-01  2.93238e-01  0.00000e+00
  -5938.50  6432.8125  8.34273e-01  8.35222e-01  3.02682e-01  0.00000e+00
  -5909.95  6433.4375  8.13493e-01  8.14816e-01  2.91790e-01  0.00000e+00
  -5881.40  6434.0625  7.88718e-01  7.91288e-01  2.77087e-01  0.00000e+00
  -5852.85  6434.6875  7.58402e-01  7.60438e-01  2.78008e-01  0.00000e+00
  -5824.30  6435.3125  7.22876e-01  7.24306e-01  2.74878e-01  0.00000e+00
  -5795.75  6435.9375  6.83598e-01  6.84443e-01  2.73566e-01  0.00000e+00
  -5767.19  6436.5625  6.41982e-01  6.42434e-01  2.74162e-01  0.00000e+00
  -5738.64  6437.1875  5.99082e-01  5.99286e-01  2.54239e-01  0.00000e+00
  -5710.09  6437.8125  5.55600e-01  5.55621e-01  2.22251e-01  0.00000e+00
  -5681.54  6438.4375  5.11991e-01  5.11935e-01  2.19666e-01  0.00000e+00
  -5652.99  6439.0625  4.68489e-01  4.68416e-01  1.97770e-01  0.00000e+00
  -5624.44  6439.6875  4.25263e-01  4.25040e-01  1.65959e-01  0.00000e+00
  -5595.89  6440.3125  3.82613e-01  3.82249e-01  1.57322e-01  0.00000e+00
  -5567.34  6440.9375  3.40873e-01  3.40452e-01  1.36134e-01  0.00000e+00
  -5538.79  6441.5625  3.00556e-01  2.99562e-01  1.26862e-01  0.00000e+00
  -5510.24  6442.1875  2.62472e-01  2.61464e-01  1.23584e-01  0.00000e+00
  -5481.68  6442.8125  2.27072e-01  2.25998e-01  8.57730e-02  0.00000e+00
  -5453.13  6443.4375  1.95231e-01  1.92898e-01  6.28995e-02  0.00000e+00
  -5424.58  6444.0625  1.68573e-01  1.66372e-01  7.44111e-02  0.00000e+00
  -5396.03  6444.6875  1.47320e-01  1.45700e-01  7.65233e-02  0.00000e+00
  -5367.48  6445.3125  1.30384e-01  1.29198e-01  4.98126e-02  0.00000e+00
  -5338.93  6445.9375  1.16638e-01  1.15751e-01  3.84879e-02  0.00000e+00
  -5310.38  6446.5625  1.05274e-01  1.04592e-01  4.61861e-02  0.00000e+00
  -5281.83  6447.1875  9.57466e-02  9.51903e-02  4.91840e-02  0.00000e+00
  -5253.28  6447.8125  8.77004e-02  8.72294e-02  3.89018e-02  0.00000e+00
  -5224.72  6448.4375  8.09160e-02  8.04828e-02  2.70356e-02  0.00000e+00
  -5196.17  6449.0625  7.52744e-02  7.48578e-02  2.68604e-02  0.00000e+00
  -5167.62  6449.6875  7.06645e-02  7.03499e-02  3.19008e-02  0.00000e+00
  -5139.07  6450.3125  6.69033e-02  6.66459e-02  3.80748e-02  0.00000e+00
  -5110.52  6450.9375  6.38336e-02  6.36056e-02  4.20858e-02  0.00000e+00
  -5081.97  6451.5625  6.13641e-02  6.11585e-02  3.86634e-02  0.00000e+00
  -5053.42  6452.1875  5.94327e-02  5.92473e-02  3.21078e-02  0.00000e+00
  -5024.87  6452.8125  5.79870e-02  5.78186e-02  3.52403e-02  0.00000e+00
  -4996.32  6453.4375  5.69792e-02  5.68299e-02  5.99903e-02  0.00000e+00
  -4967.77  6454.0625  5.63625e-02  5.62296e-02  9.32477e-02  6.06921e-08
  -4939.21  6454.6875  5.60927e-02  5.59762e-02  1.07383e-01  5.82968e-06
  -4910.66  6455.3125  5.61284e-02  5.60262e-02  8.08630e-02  1.52020e-04
  -4882.11  6455.9375  5.64306e-02  5.63428e-02  6.35466e-02  1.08081e-03
  -4853.56  6456.5625  5.69640e-02  5.68872e-02  5.69653e-02  2.21718e-03
  -4825.01  6457.1875  5.76972e-02  5.76322e-02  6.26112e-02  2.16252e-03
  -4796.46  6457.8125  5.86010e-02  5.85462e-02  9.38343e-02  2.23975e-03
  -4767.91  6458.4375  5.96493e-02  5.96029e-02  1.14642e-01  1.09344e-03
  -4739.36  6459.0625  6.08199e-02  6.07803e-02  9.67447e-02  1.53834e-04
  -4710.81  6459.6875  6.20942e-02  6.20608e-02  7.03073e-02  7.80110e-06
  -4682.26  6460.3125  6.34560e-02  6.34283e-02  5.55771e-02  4.97163e-05
  -4653.70  6460.9375  6.48909e-02  6.48679e-02  5.32284e-02  3.56726e-04
  -4625.15  6461.5625  6.63868e-02  6.63672e-02  4.45803e-02  8.27660e-04
  -4596.60  6462.1875  6.79339e-02  6.79174e-02  4.43937e-02  1.44185e-03
  -4568.05  6462.8125  6.95245e-02  6.95107e-02  3.74772e-02  2.14409e-03
  -4539.50  6463.4375  7.11517e-02  7.11398e-02  4.50073e-02  1.10385e-03
  -4510.95  6464.0625  7.28103e-02  7.27996e-02  6.81559e-02  4.38625e-04
  -4482.40  6464.6875  7.44966e-02  7.44873e-02  9.46777e-02  2.02461e-03
  -4453.85  6465.3125  7.62077e-02  7.61991e-02  9.46842e-02  4.06605e-03
  -4425.30  6465.9375  7.79412e-02  7.79336e-02  6.29526e-02  3.57654e-03
  -4396.74  6466.5625  7.96947e-02  7.96879e-02  4.01462e-02  4.07210e-03
  -4368.19  6467.1875  8.14660e-02  8.14598e-02  5.53311e-02  3.48621e-03
  -4339.64  6467.8125  8.32539e-02  8.32475e-02  9.39652e-02  1.27391e-03
  -4311.09  6468.4375  8.50589e-02  8.50514e-02  9.27637e-02  1.59487e-04
  -4282.54  6469.0625  8.68810e-02  8.68759e-02  6.12553e-02  5.90418e-06
  -4253.99  6469.6875  8.87182e-02  8.87128e-02  6.18055e-02  6.06367e-08
  -4225.44  6470.3125  9.05708e-02  9.05629e-02  8.70689e-02  0.00000e+00
  -4196.89  6470.9375  9.24403e-02  9.24360e-02  1.01178e-01  0.00000e+00
  -4168.34  6471.5625  9.43248e-02  9.43178e-02  1.07730e-01  0.00000e+00
  -4139.79  6472.1875  9.62255e-02  9.62196e-02  1.20017e-01  0.00000e+00
  -4111.23  6472.8125  9.81420e-02  9.81364e-02  1.24769e-01  6.46001e-08
  -4082.68  6473.4375  1.00075e-01  1.00067e-01  1.25643e-01  6.20505e-06
  -4054.13  6474.0625  1.02024e-01  1.02019e-01  1.14320e-01  1.61788e-04
  -4025.58  6474.6875  1.03990e-01  1.03982e-01  1.18897e-01  1.14852e-03
  -3997.03  6475.3125  1.05973e-01  1.05968e-01  1.23315e-01  2.31782e-03
  -3968.48  6475.9375  1.07974e-01  1.07967e-01  1.11886e-01  2.18519e-03
  -3939.93  6476.5625  1.09993e-01  1.09986e-01  8.97624e-02  3.44480e-03
  -3911.38  6477.1875  1.12029e-01  1.12022e-01  7.98011e-02  4.21996e-03
  -3882.83  6477.8125  1.14084e-01  1.14077e-01  7.56212e-02  2.31968e-03
  -3854.28  6478.4375  1.16158e-01  1.16151e-01  6.75965e-02  2.33300e-03
  -3825.72  6479.0625  1.18250e-01  1.18241e-01  7.98784e-02  4.18533e-03
  -3797.17  6479.6875  1.20363e-01  1.20356e-01  1.18491e-01  3.79351e-03
  -3768.62  6480.3125  1.22496e-01  1.22489e-01  1.62328e-01  2.57450e-03
  -3740.07  6480.9375  1.24649e-01  1.24639e-01  1.82989e-01  2.60079e-03
  -3711.52  6481.5625  1.26823e-01  1.26817e-01  1.93016e-01  1.29017e-03
  -3682.97  6482.1875  1.29019e-01  1.29011e-01  1.54332e-01  5.51556e-04
  -3654.42  6482.8125  1.31236e-01  1.31226e-01  1.32076e-01  2.75769e-03
  -3625.87  6483.4375  1.33477e-01  1.33468e-01  1.50486e-01  6.24724e-03
  -3597.32  6484.0625  1.35740e-01  1.35732e-01  1.60473e-01  5.98451e-03
  -3568.76  6484.6875  1.38026e-01  1.38017e-01  1.44186e-01  4.80827e-03
  -3540.21  6485.3125  1.40335e-01  1.40325e-01  1.44453e-01  4.74871e-03
  -3511.66  6485.9375  1.42670e-01  1.42659e-01  1.79896e-01  4.43038e-03
  -3483.11  6486.5625  1.45032e-01  1.45022e-01  1.82811e-01  3.91562e-03
  -3454.56  6487.1875  1.47420e-01  1.47410e-01  1.51425e-01  5.16914e-03
  -3426.01  6487.8125  1.49834e-01  1.49824e-01  1.39607e-01  7.80995e-03
  -3397.46  6488.4375  1.52273e-01  1.52263e-01  1.42138e-01  1.49919e-02
  -3368.91  6489.0625  1.54741e-01  1.54729e-01  1.39532e-01  1.64802e-02
  -3340.36  6489.6875  1.57238e-01  1.57226e-01  1.42322e-01  1.24329e-02
  -3311.81  6490.3125  1.59767e-01  1.59754e-01  1.41116e-01  1.34940e-02
  -3283.25  6490.9375  1.62328e-01  1.62316e-01  1.71409e-01  1.60224e-02
  -3254.70  6491.5625  1.64923e-01  1.64910e-01  2.09118e-01  1.62087e-02
  -3226.15  6492.1875  1.67550e-01  1.67537e-01  2.33150e-01  1.16058e-02
  -3197.60  6492.8125  1.70213e-01  1.70199e-01  2.24440e-01  9.10364e-03
  -3169.05  6493.4375  1.72912e-01  1.72898e-01  1.94816e-01  1.15300e-02
  -3140.50  6494.0625  1.75651e-01  1.75635e-01  1.72321e-01  1.81927e-02
  -3111.95  6494.6875  1.78430e-01  1.78414e-01  1.53247e-01  2.10647e-02
  -3083.40  6495.3125  1.81253e-01  1.81235e-01  1.58936e-01  1.94840e-02
  -3054.85  6495.9375  1.84123e-01  1.84104e-01  1.86476e-01  1.73282e-02
  -3026.30  6496.5625  1.87043e-01  1.87022e-01  2.13806e-01  2.17394e-02
  -2997.74  6497.1875  1.90017e-01  1.89994e-01  2.03344e-01  2.75190e-02
  -2969.19  6497.8125  1.93050e-01  1.93025e-01  1.90753e-01  3.34670e-02
  -2940.64  6498.4375  1.96148e-01  1.96121e-01  2.05771e-01  3.77198e-02
  -2912.09  6499.0625  1.99318e-01  1.99287e-01  2.17267e-01  3.33474e-02
  -2883.54  6499.6875  2.02567e-01  2.02534e-01  2.11942e-01  2.46029e-02
  -2854.99  6500.3125  2.05904e-01  2.05867e-01  1.99477e-01  2.82127e-02
  -2826.44  6500.9375  2.09338e-01  2.09297e-01  1.89409e-01  3.77789e-02
  -2797.89  6501.5625  2.12878e-01  2.12833e-01  1.87776e-01  4.36038e-02
  -2769.34  6502.1875  2.16536e-01  2.16486e-01  1.87491e-01  4.40904e-02
  -2740.78  6502.8125  2.20327e-01  2.20270e-01  1.96101e-01  5.71774e-02
  -2712.23  6503.4375  2.24265e-01  2.24202e-01  2.29209e-01  7.38452e-02
  -2683.68  6504.0625  2.28369e-01  2.28298e-01  2.20440e-01  8.12811e-02
  -2655.13  6504.6875  2.32656e-01  2.32580e-01  2.05814e-01  8.45402e-02
  -2626.58  6505.3125  2.37142e-01  2.37059e-01  2.06464e-01  9.67349e-02
  -2598.03  6505.9375  2.41847e-01  2.41755e-01  2.08533e-01  1.13557e-01
  -2569.48  6506.5625  2.46792e-01  2.46691e-01  2.51402e-01  1.20584e-01
  -2540.93  6507.1875  2.51999e-01  2.51889e-01  2.47289e-01  1.44738e-01
  -2512.38  6507.8125  2.57490e-01  2.57375e-01  2.35917e-01  1.69711e-01
  -2483.83  6508.4375  2.63283e-01  2.63159e-01  2.66535e-01  1.84839e-01
  -2455.27  6509.0625  2.69402e-01  2.69268e-01  3.22386e-01  2.13394e-01
  -2426.72  6509.6875  2.75867e-01  2.75726e-01  3.61337e-01  2.58309e-01
  -2398.17  6510.3125  2.82700e-01  2.82553e-01  3.23662e-01  3.35597e-01
  -2369.62  6510.9375  2.89918e-01  2.89763e-01  3.15614e-01  4.42552e-01
  -2341.07  6511.5625  2.97544e-01  2.97378e-01  3.27659e-01  5.63207e-01
  -2312.52  6512.1875  3.05602e-01  3.05427e-01  3.11546e-01  7.47592e-01
  -2283.97  6512.8125  3.14176e-01  3.13925e-01  2.83475e-01  1.06164e+00
  -2255.42  6513.4375  3.23857e-01  3.22914e-01  2.63507e-01  1.54128e+00
  -2226.87  6514.0625  3.36703e-01  3.33844e-01  2.39555e-01  2.27350e+00
  -2198.32  6514.6875  3.54200e-01  3.53779e-01  2.41494e-01  3.18402e+00
  -2169.76  6515.3125  3.74003e-01  3.74034e-01  2.96164e-01  3.92520e+00
  -2141.21  6515.9375  3.94083e-01  3.94117e-01  3.06692e-01  4.22421e+00
  -2112.66  6516.5625  4.13994e-01  4.14194e-01  2.78158e-01  4.32623e+00
  -2084.11  6517.1875  4.33818e-01  4.33503e-01  2.78557e-01  4.38840e+00
  -2055.56  6517.8125  4.54088e-01  4.53820e-01  3.09272e-01  4.51415e+00
  -2027.01  6518.4375  4.74598e-01  4.75100e-01  3.58389e-01  4.57886e+00
  -1998.46  6519.0625  4.94699e-01  4.94567e-01  4.07735e-01  4.62450e+00
  -1969.91  6519.6875  5.14812e-01  5.14605e-01  4.54212e-01  4.67874e+00
  -1941.36  6520.3125  5.35386e-01  5.35190e-01  4.46499e-01  4.62976e+00
  -1912.80  6520.9375  5.56366e-01  5.56297e-01  3.72146e-01  4.67099e+00
  -1884.25  6521.5625  5.77124e-01  5.77897e-01  3.38216e-01  4.78187e+00
  -1855.70  6522.1875  5.97437e-01  5.96505e-01  3.52641e-01  4.88656e+00
  -1827.15  6522.8125  6.17990e-01  6.18868e-01  3.88857e-01  5.02366e+00
  -1798.60  6523.4375  6.37875e-01  6.37940e-01  3.87047e-01  5.06105e+00
  -1770.05  6524.0625  6.57201e-01  6.57154e-01  3.65122e-01  5.00989e+00
  -1741.50  6524.6875  6.76545e-01  6.76504e-01  4.10792e-01  5.02707e+00
  -1712.95  6525.3125  6.95990e-01  6.95957e-01  4.69998e-01  5.10009e+00
  -1684.40  6525.9375  7.15391e-01  7.15512e-01  4.94112e-01  5.10015e+00
  -1655.85  6526.5625  7.33998e-01  7.35137e-01  5.00680e-01  5.05909e+00
  -1627.29  6527.1875  7.51709e-01  7.50566e-01  4.79024e-01  5.05983e+00
  -1598.74  6527.8125  7.70212e-01  7.70205e-01  4.69781e-01  5.19873e+00
  -1570.19  6528.4375  7.88677e-01  7.89900e-01  4.19316e-01  5.30418e+00
  -1541.64  6529.0625  8.06152e-01  8.05103e-01  3.99738e-01  5.27112e+00
  -1513.09  6529.6875  8.23640e-01  8.24760e-01  4.07172e-01  5.25024e+00
  -1484.54  6530.3125  8.40842e-01  8.39763e-01  3.88735e-01  5.23840e+00
  -1455.99  6530.9375  8.58038e-01  8.59355e-01  3.75674e-01  5.19805e+00
  -1427.44  6531.5625  8.74107e-01  8.74152e-01  3.92592e-01  5.22728e+00
  -1398.89  6532.1875  8.90087e-01  8.88807e-01  4.20201e-01  5.28917e+00
  -1370.34  6532.8125  9.06862e-01  9.08236e-01  4.69576e-01  5.27630e+00
  -1341.78  6533.4375  9.22442e-01  9.22671e-01  4.97614e-01  5.21474e+00
  -1313.23  6534.0625  9.36889e-01  9.36947e-01  4.40328e-01  5.22752e+00
  -1284.68  6534.6875  9.51036e-01  9.51093e-01  3.91859e-01  5.29838e+00
  -1256.13  6535.3125  9.65035e-01  9.65089e-01  4.61361e-01  5.29070e+00
  -1227.58  6535.9375  9.78892e-01  9.78946e-01  5.44287e-01  5.29552e+00
  -1199.03  6536.5625  9.92606e-01  9.92664e-01  5.72703e-01  5.26995e+00
  -1170.48  6537.1875  1.00617e+00  1.00623e+00  5.46805e-01  5.20182e+00
  -1141.93  6537.8125  1.01960e+00  1.01965e+00  4.99070e-01  5.10917e+00
  -1113.38  6538.4375  1.03287e+00  1.03293e+00  5.17130e-01  5.10850e+00
  -1084.83  6539.0625  1.04601e+00  1.04606e+00  5.42441e-01  5.14544e+00
  -1056.27  6539.6875  1.05899e+00  1.05905e+00  5.18122e-01  5.13639e+00
  -1027.72  6540.3125  1.07183e+00  1.07190e+00  5.48563e-01  5.14628e+00
   -999.17  6540.9375  1.08433e+00  1.08459e+00  5.95180e-01  5.11943e+00
   -970.62  6541.5625  1.09552e+00  1.09712e+00  5.92040e-01  5.08471e+00
   -942.07  6542.1875  1.10533e+00  1.10386e+00  5.94601e-01  5.04886e+00
   -913.52  6542.8125  1.11619e+00  1.11606e+00  5.30292e-01  5.00370e+00
   -884.97  6543.4375  1.12785e+00  1.12811e+00  4.81034e-01  5.01229e+00
   -856.42  6544.0625  1.13834e+00  1.13998e+00  5.40774e-01  5.01342e+00
   -827.87  6544.6875  1.14722e+00  1.14592e+00  5.83458e-01  4.96019e+00
   -799.31  6545.3125  1.15601e+00  1.15746e+00  5.46434e-01  4.86224e+00
   -770.76  6545.9375  1.16451e+00  1.16299e+00  4.97327e-01  4.81130e+00
   -742.21  6546.5625  1.17410e+00  1.17418e+00  5.06454e-01  4.80393e+00
   -713.66  6547.1875  1.18351e+00  1.18518e+00  5.64017e-01  4.78665e+00
   -685.11  6547.8125  1.19144e+00  1.19011e+00  5.72049e-01  4.75258e+00
   -656.56  6548.4375  1.19928e+00  1.20077e+00  5.54686e-01  4.73186e+00
   -628.01  6549.0625  1.20664e+00  1.20530e+00  5.70725e-01  4.70488e+00
   -599.46  6549.6875  1.21389e+00  1.21559e+00  5.75935e-01  4.66688e+00
   -570.91  6550.3125  1.21964e+00  1.21972e+00  5.67412e-01  4.56275e+00
   -542.36  6550.9375  1.22518e+00  1.22361e+00  5.65195e-01  4.46735e+00
   -513.80  6551.5625  1.23166e+00  1.23338e+00  6.04533e-01  4.38731e+00
   -485.25  6552.1875  1.23682e+00  1.23690e+00  6.42085e-01  4.39125e+00
   -456.70  6552.8125  1.24179e+00  1.24021e+00  6.33056e-01  4.35806e+00
   -428.15  6553.4375  1.24771e+00  1.24944e+00  6.96485e-01  4.26690e+00
   -399.60  6554.0625  1.25230e+00  1.25237e+00  7.14255e-01  4.13860e+00
   -371.05  6554.6875  1.25670e+00  1.25510e+00  6.69334e-01  4.04838e+00
   -342.50  6555.3125  1.26206e+00  1.26380e+00  6.27091e-01  3.99766e+00
   -313.95  6555.9375  1.26589e+00  1.26618e+00  6.40932e-01  3.99944e+00
   -285.40  6556.5625  1.26830e+00  1.26837e+00  6.52328e-01  4.03047e+00
   -256.85  6557.1875  1.27052e+00  1.27037e+00  6.57373e-01  3.93871e+00
   -228.29  6557.8125  1.27382e+00  1.27220e+00  6.71866e-01  3.80381e+00
   -199.74  6558.4375  1.27831e+00  1.28005e+00  6.70495e-01  3.70016e+00
   -171.19  6559.0625  1.28128e+00  1.28156e+00  6.27288e-01  3.58773e+00
   -142.64  6559.6875  1.28282e+00  1.28289e+00  5.89476e-01  3.47171e+00
   -114.09  6560.3125  1.28400e+00  1.28407e+00  5.66203e-01  3.31910e+00
    -85.54  6560.9375  1.28502e+00  1.28508e+00  5.49792e-01  3.25946e+00
    -56.99  6561.5625  1.28588e+00  1.28594e+00  5.70905e-01  3.26954e+00
    -28.44  6562.1875  1.28660e+00  1.28666e+00  6.43596e-01  3.27989e+00
      0.11  6562.8125  1.28718e+00  1.28724e+00  6.76751e-01  3.23041e+00
     28.67  6563.4375  1.28763e+00  1.28768e+00  5.99147e-01  3.07513e+00
     57.22  6564.0625  1.28795e+00  1.28799e+00  5.52643e-01  2.93582e+00
     85.77  6564.6875  1.28814e+00  1.28818e+00  6.38990e-01  2.88857e+00
    114.32  6565.3125  1.28821e+00  1.28826e+00  6.69272e-01  2.81142e+00
    142.87  6565.9375  1.28816e+00  1.28821e+00  6.08672e-01  2.72535e+00
    171.42  6566.5625  1.28801e+00  1.28805e+00  6.15980e-01  2.70861e+00
    199.97  6567.1875  1.28774e+00  1.28778e+00  6.58785e-01  2.69646e+00
    228.52  6567.8125  1.28738e+00  1.28741e+00  6.89822e-01  2.63268e+00
    257.07  6568.4375  1.28693e+00  1.28696e+00  6.81682e-01  2.51048e+00
    285.62  6569.0625  1.28639e+00  1.28642e+00  6.20655e-01  2.39568e+00
    314.18  6569.6875  1.28577e+00  1.28580e+00  5.85649e-01  2.31154e+00
    342.73  6570.3125  1.28508e+00  1.28511e+00  5.64591e-01  2.22042e+00
    371.28  6570.9375  1.28431e+00  1.28434e+00  5.85529e-01  2.22279e+00
    399.83  6571.5625  1.28348e+00  1.28350e+00  6.74469e-01  2.24842e+00
    428.38  6572.1875  1.28258e+00  1.28260e+00  7.19987e-01  2.22659e+00
    456.93  6572.8125  1.28162e+00  1.28164e+00  6.82085e-01  2.11430e+00
    485.48  6573.4375  1.28059e+00  1.28062e+00  6.90262e-01  2.00530e+00
    514.03  6574.0625  1.27952e+00  1.27954e+00  6.91578e-01  1.97049e+00
    542.58  6574.6875  1.27839e+00  1.27841e+00  6.50699e-01  1.98582e+00
    571.13  6575.3125  1.27722e+00  1.27723e+00  6.19942e-01  1.94905e+00
    599.69  6575.9375  1.27600e+00  1.27602e+00  5.98583e-01  1.87479e+00
    628.24  6576.5625  1.27473e+00  1.27475e+00  5.92527e-01  1.85779e+00
    656.79  6577.1875  1.27342e+00  1.27344e+00  6.16859e-01  1.92100e+00
    685.34  6577.8125  1.27207e+00  1.27208e+00  6.41712e-01  1.92857e+00
    713.89  6578.4375  1.27068e+00  1.27069e+00  6.76021e-01  1.89712e+00
    742.44  6579.0625  1.26926e+00  1.26927e+00  6.73931e-01  1.86462e+00
    770.99  6579.6875  1.26780e+00  1.26781e+00  6.71643e-01  1.84885e+00
    799.54  6580.3125  1.26631e+00  1.26632e+00  6.66480e-01  1.83512e+00
    828.09  6580.9375  1.26478e+00  1.26479e+00  6.42026e-01  1.80332e+00
    856.65  6581.5625  1.26323e+00  1.26324e+00  6.35470e-01  1.78661e+00
    885.20  6582.1875  1.26165e+00  1.26166e+00  6.16441e-01  1.73050e+00
    913.75  6582.8125  1.26004e+00  1.26005e+00  6.02922e-01  1.64849e+00
    942.30  6583.4375  1.25840e+00  1.25841e+00  5.93292e-01  1.63922e+00
    970.85  6584.0625  1.25674e+00  1.25675e+00  5.88961e-01  1.66150e+00
    999.40  6584.6875  1.25506e+00  1.25507e+00  6.30073e-01  1.66544e+00
   1027.95  6585.3125  1.25336e+00  1.25337e+00  6.05730e-01  1.60460e+00
   1056.50  6585.9375  1.25163e+00  1.25163e+00  5.85084e-01  1.58149e+00
   1085.05  6586.5625  1.24989e+00  1.24989e+00  6.33494e-01  1.60138e+00
   1113.60  6587.1875  1.24813e+00  1.24813e+00  6.50795e-01  1.58989e+00
   1142.16  6587.8125  1.24634e+00  1.24635e+00  6.21271e-01  1.59096e+00
   1170.71  6588.4375  1.24455e+00  1.24455e+00  6.48421e-01  1.58701e+00
   1199.26  6589.0625  1.24274e+00  1.24275e+00  6.20578e-01  1.57396e+00
   1227.81  6589.6875  1.24091e+00  1.24092e+00  5.29255e-01  1.58634e+00
   1256.36  6590.3125  1.23907e+00  1.23908e+00  5.51631e-01  1.57119e+00
   1284.91  6590.9375  1.23722e+00  1.23723e+00  5.87286e-01  1.54843e+00
   1313.46  6591.5625  1.23536e+00  1.23536e+00  5.97022e-01  1.51760e+00
   1342.01  6592.1875  1.23349e+00  1.23350e+00  5.77822e-01  1.49360e+00
   1370.56  6592.8125  1.23161e+00  1.23162e+00  5.53025e-01  1.49230e+00
   1399.11  6593.4375  1.22972e+00  1.22972e+00  4.99539e-01  1.48870e+00
   1427.67  6594.0625  1.22782e+00  1.22783e+00  5.06088e-01  1.51620e+00
   1456.22  6594.6875  1.22592e+00  1.22592e+00  5.48490e-01  1.54105e+00
   1484.77  6595.3125  1.22400e+00  1.22401e+00  5.89966e-01  1.53744e+00
   1513.32  6595.9375  1.22209e+00  1.22209e+00  5.94926e-01  1.57193e+00
   1541.87  6596.5625  1.22016e+00  1.22017e+00  5.71842e-01  1.58885e+00
   1570.42  6597.1875  1.21824e+00  1.21824e+00  5.52755e-01  1.53870e+00
   1598.97  6597.8125  1.21631e+00  1.21631e+00  5.61983e-01  1.47682e+00
   1627.52  6598.4375  1.21437e+00  1.21437e+00  5.09737e-01  1.48991e+00
   1656.07  6599.0625  1.21243e+00  1.21243e+00  4.58331e-01  1.49791e+00
   1684.63  6599.6875  1.21049e+00  1.21049e+00  4.56908e-01  1.49919e+00
   1713.18  6600.3125  1.20855e+00  1.20855e+00  4.91149e-01  1.53295e+00
   1741.73  6600.9375  1.20661e+00  1.20661e+00  5.61710e-01  1.53925e+00
   1770.28  6601.5625  1.20467e+00  1.20466e+00  5.61890e-01  1.51522e+00
   1798.83  6602.1875  1.20272e+00  1.20272e+00  5.48898e-01  1.48672e+00
   1827.38  6602.8125  1.20078e+00  1.20078e+00  5.54567e-01  1.47736e+00
   1855.93  6603.4375  1.19884e+00  1.19884e+00  5.67643e-01  1.48588e+00
   1884.48  6604.0625  1.19690e+00  1.19689e+00  6.09030e-01  1.46874e+00
   1913.03  6604.6875  1.19496e+00  1.19496e+00  6.19955e-01  1.45280e+00
   1941.58  6605.3125  1.19302e+00  1.19302e+00  5.63080e-01  1.43181e+00
   1970.14  6605.9375  1.19108e+00  1.19108e+00  5.43339e-01  1.41495e+00
   1998.69  6606.5625  1.18915e+00  1.18915e+00  5.38664e-01  1.42682e+00
   2027.24  6607.1875  1.18722e+00  1.18721e+00  5.40170e-01  1.47882e+00
   2055.79  6607.8125  1.18529e+00  1.18529e+00  5.22057e-01  1.50200e+00
   2084.34  6608.4375  1.18336e+00  1.18336e+00  5.35236e-01  1.48662e+00
   2112.89  6609.0625  1.18144e+00  1.18144e+00  5.26068e-01  1.49324e+00
   2141.44  6609.6875  1.17953e+00  1.17953e+00  5.32243e-01  1.50897e+00
   2169.99  6610.3125  1.17761e+00  1.17761e+00  5.51081e-01  1.52494e+00
   2198.54  6610.9375  1.17570e+00  1.17570e+00  5.92268e-01  1.53792e+00
   2227.09  6611.5625  1.17380e+00  1.17380e+00  6.63784e-01  1.49930e+00
   2255.65  6612.1875  1.17190e+00  1.17190e+00  6.46255e-01  1.45134e+00
   2284.20  6612.8125  1.17001e+00  1.17001e+00  5.35377e-01  1.43987e+00
   2312.75  6613.4375  1.16812e+00  1.16812e+00  4.90548e-01  1.45072e+00
   2341.30  6614.0625  1.16623e+00  1.16623e+00  5.05936e-01  1.45869e+00
   2369.85  6614.6875  1.16435e+00  1.16435e+00  5.28674e-01  1.46831e+00
   2398.40  6615.3125  1.16248e+00  1.16248e+00  5.13106e-01  1.44069e+00
   2426.95  6615.9375  1.16061e+00  1.16061e+00  5.15979e-01  1.42036e+00
   2455.50  6616.5625  1.15875e+00  1.15875e+00  5.58938e-01  1.42462e+00
   2484.05  6617.1875  1.15690e+00  1.15690e+00  5.66974e-01  1.43317e+00
   2512.61  6617.8125  1.15505e+00  1.15505e+00  5.62397e-01  1.40496e+00
   2541.16  6618.4375  1.15321e+00  1.15320e+00  5.67113e-01  1.38856e+00
   2569.71  6619.0625  1.15137e+00  1.15137e+00  5.66563e-01  1.38864e+00
   2598.26  6619.6875  1.14954e+00  1.14954e+00  5.74220e-01  1.39882e+00
   2626.81  6620.3125  1.14772e+00  1.14772e+00  5.11515e-01  1.41511e+00
   2655.36  6620.9375  1.14590e+00  1.14590e+00  4.69449e-01  1.39413e+00
   2683.91  6621.5625  1.14409e+00  1.14409e+00  4.83188e-01  1.36916e+00
   2712.46  6622.1875  1.14229e+00  1.14228e+00  4.68023e-01  1.35352e+00
   2741.01  6622.8125  1.14049e+00  1.14049e+00  4.58287e-01  1.30284e+00
   2769.56  6623.4375  1.13870e+00  1.13870e+00  4.82912e-01  1.26638e+00
   2798.12  6624.0625  1.13692e+00  1.13692e+00  5.24932e-01  1.26802e+00
   2826.67  6624.6875  1.13515e+00  1.13514e+00  5.28104e-01  1.24428e+00
   2855.22  6625.3125  1.13338e+00  1.13337e+00  4.94494e-01  1.22655e+00
   2883.77  6625.9375  1.13161e+00  1.13161e+00  5.30922e-01  1.23781e+00
   2912.32  6626.5625  1.12986e+00  1.12986e+00  5.22584e-01  1.25565e+00
   2940.87  6627.1875  1.12811e+00  1.12811e+00  4.64115e-01  1.28284e+00
   2969.42  6627.8125  1.12637e+00  1.12637e+00  4.43106e-01  1.28305e+00
   2997.97  6628.4375  1.12464e+00  1.12464e+00  4.49392e-01  1.23643e+00
   3026.52  6629.0625  1.12292e+00  1.12292e+00  4.81157e-01  1.20424e+00
   3055.07  6629.6875  1.12120e+00  1.12120e+00  4.74565e-01  1.19383e+00
   3083.63  6630.3125  1.11949e+00  1.11949e+00  4.61522e-01  1.18733e+00
   3112.18  6630.9375  1.11779e+00  1.11779e+00  4.87102e-01  1.15313e+00
   3140.73  6631.5625  1.11609e+00  1.11609e+00  4.96705e-01  1.16056e+00
   3169.28  6632.1875  1.11441e+00  1.11440e+00  4.78534e-01  1.16687e+00
   3197.83  6632.8125  1.11272e+00  1.11272e+00  4.70880e-01  1.10468e+00
   3226.38  6633.4375  1.11105e+00  1.11105e+00  4.21262e-01  1.07615e+00
   3254.93  6634.0625  1.10938e+00  1.10938e+00  3.98784e-01  1.09543e+00
   3283.48  6634.6875  1.10772e+00  1.10772e+00  3.98862e-01  1.11582e+00
   3312.03  6635.3125  1.10607e+00  1.10607e+00  3.82891e-01  1.12328e+00
   3340.58  6635.9375  1.10443e+00  1.10442e+00  4.13224e-01  1.12085e+00
   3369.14  6636.5625  1.10279e+00  1.10279e+00  4.35106e-01  1.11143e+00
   3397.69  6637.1875  1.10116e+00  1.10116e+00  4.26080e-01  1.08882e+00
   3426.24  6637.8125  1.09954e+00  1.09954e+00  4.23558e-01  1.04732e+00
   3454.79  6638.4375  1.09792e+00  1.09792e+00  4.29093e-01  1.07335e+00
   3483.34  6639.0625  1.09632e+00  1.09631e+00  4.26138e-01  1.11451e+00
   3511.89  6639.6875  1.09471e+00  1.09471e+00  4.09141e-01  1.07667e+00
   3540.44  6640.3125  1.09312e+00  1.09312e+00  3.80606e-01  1.02539e+00
   3568.99  6640.9375  1.09153e+00  1.09153e+00  3.69557e-01  1.02268e+00
   3597.54  6641.5625  1.08996e+00  1.08995e+00  3.64100e-01  1.00880e+00
   3626.10  6642.1875  1.08838e+00  1.08838e+00  3.75845e-01  9.93730e-01
   3654.65  6642.8125  1.08682e+00  1.08681e+00  3.94945e-01  9.93602e-01
   3683.20  6643.4375  1.08526e+00  1.08526e+00  3.99251e-01  9.85036e-01
   3711.75  6644.0625  1.08371e+00  1.08371e+00  4.09638e-01  9.60424e-01
   3740.30  6644.6875  1.08216e+00  1.08216e+00  4.01664e-01  9.24463e-01
   3768.85  6645.3125  1.08063e+00  1.08063e+00  4.05055e-01  9.09541e-01
   3797.40  6645.9375  1.07910e+00  1.07910e+00  3.84824e-01  8.55702e-01
   3825.95  6646.5625  1.07758e+00  1.07757e+00  3.86113e-01  8.25531e-01
   3854.50  6647.1875  1.07606e+00  1.07606e+00  3.86744e-01  8.63706e-01
   3883.05  6647.8125  1.07455e+00  1.07455e+00  3.57205e-01  8.98903e-01
   3911.61  6648.4375  1.07305e+00  1.07305e+00  3.36179e-01  8.74301e-01
   3940.16  6649.0625  1.07155e+00  1.07155e+00  3.68741e-01  8.46351e-01
   3968.71  6649.6875  1.07006e+00  1.07006e+00  4.41894e-01  8.38879e-01
   3997.26  6650.3125  1.06858e+00  1.06858e+00  4.86061e-01  8.31200e-01
   4025.81  6650.9375  1.06711e+00  1.06710e+00  4.68575e-01  8.26086e-01
   4054.36  6651.5625  1.06564e+00  1.06564e+00  4.36242e-01  8.39532e-01
   4082.91  6652.1875  1.06418e+00  1.06417e+00  3.93822e-01  8.33060e-01
   4111.46  6652.8125  1.06272e+00  1.06272e+00  3.95245e-01  8.01731e-01
   4140.01  6653.4375  1.06127e+00  1.06127e+00  3.86818e-01  7.77719e-01
   4168.56  6654.0625  1.05983e+00  1.05983e+00  3.70695e-01  7.94704e-01
   4197.12  6654.6875  1.05839e+00  1.05839e+00  3.74518e-01  7.84919e-01
   4225.67  6655.3125  1.05696e+00  1.05696e+00  3.73449e-01  7.42400e-01
   4254.22  6655.9375  1.05554e+00  1.05554e+00  3.73648e-01  7.21339e-01
   4282.77  6656.5625  1.05413e+00  1.05412e+00  4.02465e-01  7.34642e-01
   4311.32  6657.1875  1.05272e+00  1.05271e+00  4.16530e-01  7.23550e-01
   4339.87  6657.8125  1.05131e+00  1.05131e+00  4.00517e-01  7.00720e-01
   4368.42  6658.4375  1.04991e+00  1.04991e+00  4.06012e-01  6.92759e-01
   4396.97  6659.0625  1.04852e+00  1.04852e+00  4.30730e-01  7.18533e-01
   4425.52  6659.6875  1.04714e+00  1.04714e+00  4.40846e-01  7.11007e-01
   4454.08  6660.3125  1.04576e+00  1.04576e+00  4.56210e-01  6.57208e-01
   4482.63  6660.9375  1.04439e+00  1.04438e+00  4.18930e-01  6.39484e-01
   4511.18  6661.5625  1.04302e+00  1.04302e+00  3.70767e-01  6.31424e-01
   4539.73  6662.1875  1.04166e+00  1.04166e+00  3.82167e-01  6.13450e-01
   4568.28  6662.8125  1.04031e+00  1.04031e+00  3.80033e-01  6.23235e-01
   4596.83  6663.4375  1.03896e+00  1.03896e+00  3.76905e-01  6.26067e-01
   4625.38  6664.0625  1.03762e+00  1.03762e+00  4.13061e-01  6.06690e-01
   4653.93  6664.6875  1.03629e+00  1.03628e+00  3.94505e-01  5.84860e-01
   4682.48  6665.3125  1.03496e+00  1.03496e+00  3.83651e-01  5.72050e-01
   4711.03  6665.9375  1.03364e+00  1.03364e+00  3.94825e-01  5.70427e-01
   4739.59  6666.5625  1.03233e+00  1.03232e+00  4.01893e-01  5.58127e-01
   4768.14  6667.1875  1.03102e+00  1.03102e+00  4.05295e-01  5.50834e-01
   4796.69  6667.8125  1.02973e+00  1.02972e+00  3.93093e-01  5.75996e-01
   4825.24  6668.4375  1.02844e+00  1.02843e+00  3.63213e-01  5.96860e-01
   4853.79  6669.0625  1.02715e+00  1.02715e+00  3.74088e-01  5.98001e-01
   4882.34  6669.6875  1.02588e+00  1.02588e+00  3.78361e-01  5.87069e-01
   4910.89  6670.3125  1.02462e+00  1.02462e+00  3.62703e-01  5.53286e-01
   4939.44  6670.9375  1.02337e+00  1.02337e+00  3.55189e-01  5.13617e-01
   4967.99  6671.5625  1.02213e+00  1.02213e+00  3.68976e-01  5.05494e-01
   4996.54  6672.1875  1.02090e+00  1.02090e+00  3.80968e-01  5.23066e-01
   5025.10  6672.8125  1.01969e+00  1.01968e+00  3.92989e-01  5.32840e-01
   5053.65  6673.4375  1.01848e+00  1.01848e+00  4.02140e-01  5.27701e-01
   5082.20  6674.0625  1.01730e+00  1.01729e+00  3.78131e-01  5.21367e-01
   5110.75  6674.6875  1.01613e+00  1.01612e+00  3.86072e-01  5.15413e-01
   5139.30  6675.3125  1.01497e+00  1.01496e+00  4.08164e-01  5.23996e-01
   5167.85  6675.9375  1.01384e+00  1.01383e+00  4.17929e-01  5.33502e-01
   5196.40  6676.5625  1.01272e+00  1.01271e+00  4.01973e-01  5.15170e-01
   5224.95  6677.1875  1.01164e+00  1.01162e+00  3.71728e-01  5.05713e-01
   5253.50  6677.8125  1.01058e+00  1.01056e+00  3.46540e-01  4.83753e-01
   5282.06  6678.4375  1.00955e+00  1.00953e+00  3.26347e-01  4.43845e-01
   5310.61  6679.0625  1.00856e+00  1.00854e+00  3.51394e-01  4.21789e-01
   5339.16  6679.6875  1.00761e+00  1.00759e+00  3.85621e-01  4.13683e-01
   5367.71  6680.3125  1.00671e+00  1.00668e+00  3.83398e-01  4.26501e-01
   5396.26  6680.9375  1.00588e+00  1.00585e+00  3.49753e-01  4.58335e-01
   5424.81  6681.5625  1.00514e+00  1.00510e+00  3.70808e-01  4.82373e-01
   5453.36  6682.1875  1.00452e+00  1.00447e+00  3.82829e-01  4.56802e-01
   5481.91  6682.8125  1.00400e+00  1.00397e+00  3.55960e-01  4.45155e-01
   5510.46  6683.4375  1.00355e+00  1.00353e+00  3.31455e-01  4.32665e-01
   5539.01  6684.0625  1.00316e+00  1.00314e+00  3.06950e-01  4.25250e-01
   5567.57  6684.6875  1.00283e+00  1.00281e+00  2.94868e-01  4.25260e-01
   5596.12  6685.3125  1.00252e+00  1.00251e+00  3.05554e-01  4.23211e-01
   5624.67  6685.9375  1.00225e+00  1.00224e+00  3.60855e-01  4.28787e-01
   5653.22  6686.5625  1.00201e+00  1.00200e+00  3.91634e-01  4.29197e-01
   5681.77  6687.1875  1.00178e+00  1.00177e+00  3.76835e-01  4.05657e-01
   5710.32  6687.8125  1.00159e+00  1.00158e+00  3.84779e-01  3.88630e-01
   5738.87  6688.4375  1.00141e+00  1.00140e+00  4.08044e-01  3.95137e-01
   5767.42  6689.0625  1.00125e+00  1.00125e+00  3.88662e-01  4.15964e-01
   5795.97  6689.6875  1.00112e+00  1.00111e+00  3.47420e-01  4.17035e-01
   5824.52  6690.3125  1.00099e+00  1.00099e+00  2.97662e-01  3.97648e-01
   5853.08  6690.9375  1.00088e+00  1.00087e+00  2.70356e-01  3.74853e-01
   5881.63  6691.5625  1.00077e+00  1.00077e+00  2.81111e-01  3.64599e-01
   5910.18  6692.1875  1.00068e+00  1.00067e+00  3.02024e-01  3.63416e-01
   5938.73  6692.8125  1.00060e+00  1.00059e+00  3.12868e-01  3.61820e-01
   5967.28  6693.4375  1.00053e+00  1.00053e+00  3.13671e-01  3.64281e-01
   5995.83  6694.0625  1.00047e+00  1.00047e+00  3.07637e-01  3.80253e-01
   6024.38  6694.6875  1.00042e+00  1.00042e+00  3.40316e-01  3.91861e-01
   6052.93  6695.3125  1.00038e+00  1.00037e+00  3.98592e-01  3.92705e-01
   6081.48  6695.9375  1.00033e+00  1.00033e+00  3.58452e-01  3.98102e-01
   6110.04  6696.5625  1.00030e+00  1.00030e+00  2.98527e-01  3.86805e-01
   6138.59  6697.1875  1.00027e+00  1.00026e+00  2.94494e-01  3.57344e-01
   6167.14  6697.8125  1.00024e+00  1.00023e+00  3.12623e-01  3.35026e-01
   6195.69  6698.4375  1.00021e+00  1.00021e+00  3.16777e-01  3.33003e-01
   6224.24  6699.0625  1.00019e+00  1.00019e+00  2.90076e-01  3.27982e-01
   6252.79  6699.6875  1.00017e+00  1.00017e+00  2.95702e-01  3.22224e-01
   6281.34  6700.3125  1.00015e+00  1.00015e+00  3.26591e-01  3.35829e-01
   6309.89  6700.9375  1.00013e+00  1.00013e+00  3.04107e-01  3.53405e-01
   6338.44  6701.5625  1.00012e+00  1.00012e+00  2.81691e-01  3.52655e-01
   6366.99  6702.1875  1.00011e+00  1.00011e+00  2.67071e-01  3.38369e-01
   6395.55  6702.8125  1.00010e+00  1.00010e+00  2.64683e-01  3.23106e-01
   6424.10  6703.4375  1.00009e+00  1.00009e+00  2.75675e-01  3.20651e-01
   6452.65  6704.0625  1.00008e+00  1.00008e+00  3.13662e-01  3.11625e-01
   6481.20  6704.6875  1.00007e+00  1.00007e+00  3.62853e-01  3.05670e-01
   6509.75  6705.3125  1.00006e+00  1.00006e+00  3.67403e-01  3.29603e-01
   6538.30  6705.9375  1.00006e+00  1.00006e+00  3.54825e-01  3.24336e-01
   6566.85  6706.5625  1.00005e+00  1.00005e+00  3.34478e-01  2.95376e-01
   6595.40  6707.1875  1.00005e+00  1.00005e+00  3.16903e-01  2.88780e-01
   6623.95  6707.8125  1.00004e+00  1.00004e+00  3.10133e-01  3.01618e-01
   6652.50  6708.4375  1.00004e+00  1.00004e+00  3.20422e-01  2.87569e-01
   6681.06  6709.0625  1.00003e+00  1.00003e+00  3.39704e-01  2.80388e-01
   6709.61  6709.6875  1.00003e+00  1.00003e+00  3.44383e-01  2.94101e-01
   6738.16  6710.3125  1.00003e+00  1.00003e+00  3.48800e-01  3.07487e-01
   6766.71  6710.9375  1.00003e+00  1.00003e+00  3.39138e-01  2.99348e-01
   6795.26  6711.5625  1.00002e+00  1.00002e+00  3.42111e-01  2.94717e-01
   6823.81  6712.1875  1.00002e+00  1.00002e+00  3.49597e-01  2.89771e-01
   6852.36  6712.8125  1.00002e+00  1.00002e+00  3.52199e-01  2.63572e-01
   6880.91  6713.4375  1.00002e+00  1.00002e+00  3.38415e-01  2.46179e-01
   6909.46  6714.0625  1.00002e+00  1.00002e+00  3.72119e-01  2.50342e-01
   6938.02  6714.6875  1.00002e+00  1.00002e+00  4.02162e-01  2.52987e-01
   6966.57  6715.3125  1.00001e+00  1.00001e+00  3.32367e-01  2.60019e-01
   6995.12  6715.9375  1.00001e+00  1.00001e+00  2.88351e-01  2.87786e-01
   7023.67  6716.5625  1.00001e+00  1.00001e+00  3.05161e-01  2.86729e-01
   7052.22  6717.1875  1.00001e+00  1.00001e+00  3.16734e-01  2.64672e-01
   7080.77  6717.8125  1.00001e+00  1.00001e+00  3.22671e-01  2.63802e-01
   7109.32  6718.4375  1.00001e+00  1.00001e+00  3.33090e-01  2.66745e-01
   7137.87  6719.0625  1.00001e+00  1.00001e+00  3.31868e-01  2.49793e-01
   7166.42  6719.6875  1.00001e+00  1.00001e+00  3.27446e-01  2.61531e-01
   7194.97  6720.3125  1.00001e+00  1.00001e+00  3.31089e-01  2.77572e-01
   7223.53  6720.9375  1.00001e+00  1.00001e+00  3.57734e-01  2.68101e-01
   7252.08  6721.5625  1.00001e+00  1.00001e+00  3.64228e-01  2.41697e-01
   7280.63  6722.1875  1.00001e+00  1.00001e+00  3.65940e-01  2.25416e-01
   7309.18  6722.8125  1.00001e+00  1.00001e+00  3.38213e-01  2.37128e-01
   7337.73  6723.4375  1.00000e+00  1.00000e+00  3.25734e-01  2.44281e-01
   7366.28  6724.0625  1.00000e+00  1.00000e+00  3.36510e-01  2.48527e-01
   7394.83  6724.6875  1.00000e+00  1.00000e+00  3.52097e-01  2.47962e-01
   7423.38  6725.3125  1.00000e+00  1.00000e+00  3.42985e-01  2.38017e-01
   7451.93  6725.9375  1.00000e+00  1.00000e+00  3.47748e-01  2.30195e-01
   7480.48  6726.5625  1.00000e+00  1.00000e+00  3.74740e-01  2.20442e-01
   7509.04  6727.1875  1.00000e+00  1.00000e+00  3.93754e-01  2.09716e-01
   7537.59  6727.8125  1.00000e+00  1.00000e+00  3.67217e-01  2.03453e-01
   7566.14  6728.4375  1.00000e+00  1.00000e+00  3.17275e-01  2.24141e-01
   7594.69  6729.0625  1.00000e+00  1.00000e+00  3.25795e-01  2.40769e-01
   7623.24  6729.6875  1.00000e+00  1.00000e+00  3.76404e-01  2.26415e-01
   7651.79  6730.3125  1.00000e+00  1.00000e+00  3.90282e-01  2.03875e-01
   7680.34  6730.9375  1.00000e+00  1.00000e+00  3.76369e-01  1.78910e-01
   7708.89  6731.5625  1.00000e+00  1.00000e+00  3.69051e-01  1.84017e-01
   7737.44  6732.1875  1.00000e+00  1.00000e+00  3.51801e-01  1.99823e-01
   7765.99  6732.8125  1.00000e+00  1.00000e+00  3.52154e-01  1.94379e-01
   7794.55  6733.4375  1.00000e+00  1.00000e+00  3.50912e-01  1.81716e-01
   7823.10  6734.0625  1.00000e+00  1.00000e+00  3.91856e-01  1.79515e-01
   7851.65  6734.6875  1.00000e+00  1.00000e+00  4.10125e-01  1.81523e-01
   7880.20  6735.3125  1.00000e+00  1.00000e+00  3.66147e-01  1.84943e-01
   7908.75  6735.9375  1.00000e+00  1.00000e+00  3.42707e-01  1.94304e-01
   7937.30  6736.5625  1.00000e+00  1.00000e+00  3.33761e-01  2.01895e-01
   7965.85  6737.1875  1.00000e+00  1.00000e+00  3.21171e-01  1.92980e-01
   7994.40  6737.8125  1.00000e+00  1.00000e+00  3.08890e-01  1.88243e-01
   8022.95  6738.4375  1.00000e+00  1.00000e+00  2.86693e-01  1.79775e-01
   8051.51  6739.0625  1.00000e+00  1.00000e+00  2.58790e-01  1.65439e-01
   8080.06  6739.6875  1.00000e+00  1.00000e+00  2.77217e-01  1.73244e-01
   8108.61  6740.3125  1.00000e+00  1.00000e+00  3.01038e-01  1.70578e-01
   8137.16  6740.9375  1.00000e+00  1.00000e+00  3.08606e-01  1.61253e-01
   8165.71  6741.5625  1.00000e+00  1.00000e+00  3.18878e-01  1.74873e-01
   8194.26  6742.1875  1.00000e+00  1.00000e+00  3.25496e-01  1.77627e-01
   8222.81  6742.8125  1.00000e+00  1.00000e+00  3.09883e-01  1.78153e-01
   8251.36  6743.4375  1.00000e+00  1.00000e+00  3.56934e-01  1.72993e-01
   8279.91  6744.0625  1.00000e+00  1.00000e+00  4.00643e-01  1.53641e-01
   8308.46  6744.6875  1.00000e+00  1.00000e+00  3.70675e-01  1.43768e-01
   8337.02  6745.3125  1.00000e+00  1.00000e+00  3.46032e-01  1.48606e-01
   8365.57  6745.9375  1.00000e+00  1.00000e+00  3.39312e-01  1.63914e-01
   8394.12  6746.5625  1.00000e+00  1.00000e+00  3.27926e-01  1.66362e-01
   8422.67  6747.1875  1.00000e+00  1.00000e+00  2.99598e-01  1.67046e-01
   8451.22  6747.8125  1.00000e+00  1.00000e+00  3.07676e-01  1.67534e-01
   8479.77  6748.4375  1.00000e+00  1.00000e+00  3.61067e-01  1.63754e-01
   8508.32  6749.0625  1.00000e+00  1.00000e+00  4.00498e-01  1.53814e-01
   8536.87  6749.6875  1.00000e+00  1.00000e+00  3.69469e-01  1.54132e-01
   8565.42  6750.3125  1.00000e+00  1.00000e+00  3.63480e-01  1.50812e-01
   8593.97  6750.9375  1.00000e+00  1.00000e+00  3.96822e-01  1.42048e-01
   8622.53  6751.5625  1.00000e+00  1.00000e+00  3.73857e-01  1.35704e-01
   8651.08  6752.1875  1.00000e+00  1.00000e+00  3.25450e-01  1.35727e-01
   8679.63  6752.8125  1.00000e+00  1.00000e+00  3.22352e-01  1.36004e-01
   8708.18  6753.4375  1.00000e+00  1.00000e+00  3.32677e-01  1.31611e-01
   8736.73  6754.0625  1.00000e+00  1.00000e+00  3.23644e-01  1.26057e-01
   8765.28  6754.6875  1.00000e+00  1.00000e+00  3.06856e-01  1.23739e-01
   8793.83  6755.3125  1.00000e+00  1.00000e+00  2.99237e-01  1.25423e-01
   8822.38  6755.9375  1.00000e+00  1.00000e+00  3.07455e-01  1.29730e-01
   8850.93  6756.5625  1.00000e+00  1.00000e+00  3.15181e-01  1.21334e-01
   8879.49  6757.1875  1.00000e+00  1.00000e+00  3.20938e-01  1.16461e-01
   8908.04  6757.8125  1.00000e+00  1.00000e+00  3.11786e-01  1.14661e-01
   8936.59  6758.4375  1.00000e+00  1.00000e+00  3.22875e-01  1.19253e-01
   8965.14  6759.0625  1.00000e+00  1.00000e+00  3.51442e-01  1.21482e-01
   8993.69  6759.6875  1.00000e+00  1.00000e+00  3.69710e-01  1.19989e-01
   9022.24  6760.3125  1.00000e+00  1.00000e+00  3.79090e-01  1.21550e-01
   9050.79  6760.9375  1.00000e+00  1.00000e+00  3.84463e-01  1.33795e-01
   9079.34  6761.5625  1.00000e+00  1.00000e+00  3.46116e-01  1.33434e-01
   9107.89  6762.1875  1.00000e+00  1.00000e+00  3.14131e-01  1.26701e-01
   9136.44  6762.8125  1.00000e+00  1.00000e+00  3.25706e-01  1.18011e-01
   9165.00  6763.4375  1.00000e+00  1.00000e+00  3.42422e-01  1.18656e-01
   9193.55  6764.0625  1.00000e+00  1.00000e+00  3.68088e-01  1.19643e-01
   9222.10  6764.6875  1.00000e+00  1.00000e+00  3.69916e-01  1.15016e-01
   9250.65  6765.3125  1.00000e+00  1.00000e+00  3.25239e-01  1.11575e-01
   9279.20  6765.9375  1.00000e+00  1.00000e+00  2.82928e-01  1.09655e-01
   9307.75  6766.5625  1.00000e+00  1.00000e+00  2.80225e-01  1.13968e-01
   9336.30  6767.1875  1.00000e+00  1.00000e+00  2.81434e-01  1.20419e-01
   9364.85  6767.8125  1.00000e+00  1.00000e+00  2.63102e-01  1.19220e-01
   9393.40  6768.4375  1.00000e+00  1.00000e+00  2.60014e-01  1.15039e-01
   9421.95  6769.0625  1.00000e+00  1.00000e+00  2.89412e-01  1.16137e-01
   9450.51  6769.6875  1.00000e+00  1.00000e+00  3.41275e-01  1.10941e-01
   9479.06  6770.3125  1.00000e+00  1.00000e+00  3.31100e-01  9.97491e-02
   9507.61  6770.9375  1.00000e+00  1.00000e+00  3.25453e-01  9.41421e-02
   9536.16  6771.5625  1.00000e+00  1.00000e+00  3.63552e-01  7.82787e-02
   9564.71  6772.1875  1.00000e+00  1.00000e+00  3.52326e-01  7.83801e-02
   9593.26  6772.8125  1.00000e+00  1.00000e+00  3.28876e-01  9.12833e-02
   9621.81  6773.4375  1.00000e+00  1.00000e+00  3.48386e-01  1.02134e-01
   9650.36  6774.0625  1.00000e+00  1.00000e+00  3.54218e-01  9.59738e-02
   9678.91  6774.6875  1.00000e+00  1.00000e+00  3.58287e-01  9.25746e-02
   9707.47  6775.3125  1.00000e+00  1.00000e+00  3.60095e-01  9.60981e-02
   9736.02  6775.9375  1.00000e+00  1.00000e+00  3.49221e-01  9.11623e-02
   9764.57  6776.5625  1.00000e+00  1.00000e+00  3.11174e-01  9.11024e-02
   9793.12  6777.1875  1.00000e+00  1.00000e+00  3.11949e-01  1.04567e-01
   9821.67  6777.8125  1.00000e+00  1.00000e+00  3.45035e-01  1.05958e-01
   9850.22  6778.4375  1.00000e+00  1.00000e+00  3.43355e-01  8.85735e-02
   9878.77  6779.0625  1.00000e+00  1.00000e+00  3.33960e-01  8.83037e-02
   9907.32  6779.6875  1.00000e+00  1.00000e+00  3.68337e-01  1.07635e-01
   9935.87  6780.3125  1.00000e+00  1.00000e+00  3.72340e-01  1.38207e-01
   9964.42  6780.9375  1.00000e+00  1.00000e+00  3.36102e-01  1.48766e-01
   9992.98  6781.5625  1.00000e+00  1.00000e+00  2.97090e-01  1.26107e-01
  10021.53  6782.1875  1.00000e+00  1.00000e+00  3.13453e-01  8.87700e-02
  10050.08  6782.8125  1.00000e+00  1.00000e+00  3.66407e-01  7.48331e-02
  10078.63  6783.4375  1.00000e+00  1.00000e+00  3.72534e-01  8.03425e-02
  10107.18  6784.0625  1.00000e+00  1.00000e+00  3.09490e-01  9.07709e-02
  10135.73  6784.6875  1.00000e+00  1.00000e+00  3.01002e-01  9.74719e-02
  10164.28  6785.3125  1.00000e+00  1.00000e+00  3.24334e-01  9.04364e-02
  10192.83  6785.9375  1.00000e+00  1.00000e+00  3.35153e-01  8.54024e-02
  10221.38  6786.5625  1.00000e+00  1.00000e+00  3.60744e-01  7.26237e-02
  10249.93  6787.1875  1.00000e+00  1.00000e+00  3.75510e-01  6.68515e-02
  10278.49  6787.8125  1.00000e+00  1.00000e+00  3.39577e-01  7.71674e-02
  10307.04  6788.4375  1.00000e+00  1.00000e+00  2.96886e-01  9.28817e-02
  10335.59  6789.0625  1.00000e+00  1.00000e+00  2.57766e-01  9.56830e-02
  10364.14  6789.6875  1.00000e+00  1.00000e+00  2.62243e-01  8.87513e-02
  10392.69  6790.3125  1.00000e+00  1.00000e+00  2.92552e-01  8.79894e-02
  10421.24  6790.9375  1.00000e+00  1.00000e+00  3.29950e-01  9.83886e-02
  10449.79  6791.5625  1.00000e+00  1.00000e+00  3.62546e-01  1.01799e-01
  10478.34  6792.1875  1.00000e+00  1.00000e+00  3.69563e-01  8.61296e-02
  10506.89  6792.8125  1.00000e+00  1.00000e+00  3.41560e-01  8.03175e-02
  10535.45  6793.4375  1.00000e+00  1.00000e+00  3.25088e-01  9.34274e-02
  10564.00  6794.0625  1.00000e+00  1.00000e+00  3.21999e-01  9.71882e-02
  10592.55  6794.6875  1.00000e+00  1.00000e+00  3.33592e-01  8.12750e-02
  10621.10  6795.3125  1.00000e+00  1.00000e+00  3.47633e-01  7.39459e-02
  10649.65  6795.9375  1.00000e+00  1.00000e+00  3.51078e-01  8.10157e-02
  10678.20  6796.5625  1.00000e+00  1.00000e+00  3.45588e-01  7.77845e-02
  10706.75  6797.1875  1.00000e+00  1.00000e+00  3.31128e-01  7.00522e-02
  10735.30  6797.8125  1.00000e+00  1.00000e+00  3.34745e-01  7.17245e-02
  10763.85  6798.4375  1.00000e+00  1.00000e+00  3.41577e-01  7.31458e-02
  10792.40  6799.0625  1.00000e+00  1.00000e+00  3.55522e-01  7.49390e-02
  10820.96  6799.6875  1.00000e+00  1.00000e+00  3.73187e-01  7.08714e-02
  10849.51  6800.3125  1.00000e+00  1.00000e+00  3.66127e-01  6.40950e-02
  10878.06  6800.9375  1.00000e+00  1.00000e+00  3.32041e-01  5.96412e-02
  10906.61  6801.5625  1.00000e+00  1.00000e+00  3.27879e-01  5.72720e-02
  10935.16  6802.1875  1.00000e+00  1.00000e+00  3.42060e-01  6.60402e-02
  10963.71  6802.8125  1.00000e+00  1.00000e+00  3.47736e-01  7.09323e-02
  10992.26  6803.4375  1.00000e+00  1.00000e+00  3.48278e-01  6.68722e-02
  11020.81  6804.0625  1.00000e+00  1.00000e+00  3.36943e-01  6.54421e-02
  11049.36  6804.6875  1.00000e+00  1.00000e+00  3.50171e-01  6.66689e-02
  11077.91  6805.3125  1.00000e+00  1.00000e+00  3.79171e-01  6.94281e-02
  11106.47  6805.9375  1.00000e+00  1.00000e+00  3.88092e-01  7.15588e-02
  11135.02  6806.5625  1.00000e+00  1.00000e+00  3.64512e-01  6.61019e-02
  11163.57  6807.1875  1.00000e+00  1.00000e+00  3.67007e-01  6.64763e-02
  11192.12  6807.8125  1.00000e+00  1.00000e+00  3.21561e-01  6.85867e-02
  11220.67  6808.4375  1.00000e+00  1.00000e+00  2.73433e-01  5.70423e-02
  11249.22  6809.0625  1.00000e+00  1.00000e+00  2.91567e-01  5.10330e-02
  11277.77  6809.6875  1.00000e+00  1.00000e+00  3.43775e-01  5.09313e-02
  11306.32  6810.3125  1.00000e+00  1.00000e+00  3.48609e-01  5.73958e-02
  11334.87  6810.9375  1.00000e+00  1.00000e+00  3.14801e-01  6.22273e-02
  11363.43  6811.5625  1.00000e+00  1.00000e+00  2.78226e-01  5.85009e-02
  11391.98  6812.1875  1.00000e+00  1.00000e+00  2.73346e-01  5.14825e-02
  11420.53  6812.8125  1.00000e+00  1.00000e+00  3.01633e-01  4.12891e-02
  11449.08  6813.4375  1.00000e+00  1.00000e+00  3.36615e-01  3.19191e-02
  11477.63  6814.0625  1.00000e+00  1.00000e+00  3.63496e-01  3.69877e-02
  11506.18  6814.6875  1.00000e+00  1.00000e+00  4.06220e-01  5.16701e-02
  11534.73  6815.3125  1.00000e+00  1.00000e+00  4.02074e-01  5.64896e-02
  11563.28  6815.9375  1.00000e+00  1.00000e+00  3.68649e-01  5.61688e-02
  11591.83  6816.5625  1.00000e+00  1.00000e+00  3.56017e-01  5.51478e-02
  11620.38  6817.1875  1.00000e+00  1.00000e+00  3.25520e-01  5.83981e-02
  11648.94  6817.8125  1.00000e+00  1.00000e+00  2.92587e-01  5.91022e-02
  11677.49  6818.4375  1.00000e+00  1.00000e+00  2.93179e-01  5.56642e-02
  11706.04  6819.0625  1.00000e+00  1.00000e+00  3.29365e-01  5.48263e-02
  11734.59  6819.6875  1.00000e+00  1.00000e+00  3.70220e-01  5.82465e-02
  11763.14  6820.3125  1.00000e+00  1.00000e+00  3.53735e-01  5.78177e-02
  11791.69  6820.9375  1.00000e+00  1.00000e+00  3.22532e-01  5.44802e-02
  11820.24  6821.5625  1.00000e+00  1.00000e+00  3.15635e-01  5.31162e-02
  11848.79  6822.1875  1.00000e+00  1.00000e+00  3.17918e-01  5.33145e-02
  11877.34  6822.8125  1.00000e+00  1.00000e+00  3.40826e-01  4.49877e-02
  11905.89  6823.4375  1.00000e+00  1.00000e+00  3.83092e-01  3.71913e-02
  11934.45  6824.0625  1.00000e+00  1.00000e+00  3.91321e-01  3.46599e-02
  11963.00  6824.6875  1.00000e+00  1.00000e+00  3.46777e-01  4.06166e-02
  11991.55  6825.3125  1.00000e+00  1.00000e+00  3.34551e-01  4.69164e-02
  12020.10  6825.9375  1.00000e+00  1.00000e+00  3.56135e-01  4.81271e-02
  12048.65  6826.5625  1.00000e+00  1.00000e+00  3.56860e-01  4.11112e-02
  12077.20  6827.1875  1.00000e+00  1.00000e+00  3.47389e-01  4.20494e-02
  12105.75  6827.8125  1.00000e+00  1.00000e+00  3.58101e-01  4.39053e-02
  12134.30  6828.4375  1.00000e+00  1.00000e+00  3.57789e-01  4.08005e-02
  12162.85  6829.0625  1.00000e+00  1.00000e+00  3.40677e-01  4.79672e-02
  12191.40  6829.6875  1.00000e+00  1.00000e+00  2.96148e-01  4.51284e-02
  12219.96  6830.3125  1.00000e+00  1.00000e+00  2.83650e-01  4.16437e-02
  12248.51  6830.9375  1.00000e+00  1.00000e+00  3.15435e-01  4.18626e-02
  12277.06  6831.5625  1.00000e+00  1.00000e+00  3.35192e-01  3.70973e-02
  12305.61  6832.1875  1.00000e+00  1.00000e+00  3.48492e-01  3.35304e-02
  12334.16  6832.8125  1.00000e+00  1.00000e+00  3.36499e-01  3.40327e-02
  12362.71  6833.4375  1.00000e+00  1.00000e+00  3.18926e-01  3.19901e-02
  12391.26  6834.0625  1.00000e+00  1.00000e+00  3.57365e-01  2.59944e-02
  12419.81  6834.6875  1.00000e+00  1.00000e+00  3.52997e-01  2.56111e-02
  12448.36  6835.3125  1.00000e+00  1.00000e+00  3.00307e-01  2.73088e-02
  12476.92  6835.9375  1.00000e+00  1.00000e+00  3.09019e-01  2.92427e-02
  12505.47  6836.5625  1.00000e+00  1.00000e+00  3.49801e-01  2.81824e-02
  12534.02  6837.1875  1.00000e+00  1.00000e+00  3.20774e-01  2.64362e-02
  12562.57  6837.8125  1.00000e+00  1.00000e+00  3.06318e-01  2.68460e-02
  12591.12  6838.4375  1.00000e+00  1.00000e+00  3.37004e-01  2.90256e-02
  12619.67  6839.0625  1.00000e+00  1.00000e+00  3.81140e-01  2.84620e-02
  12648.22  6839.6875  1.00000e+00  1.00000e+00  3.87349e-01  3.03509e-02
  12676.77  6840.3125  1.00000e+00  1.00000e+00  3.54771e-01  2.95628e-02
  12705.32  6840.9375  1.00000e+00  1.00000e+00  3.38950e-01  2.93232e-02
  12733.87  6841.5625  1.00000e+00  1.00000e+00  3.49968e-01  3.23070e-02
  12762.43  6842.1875  1.00000e+00  1.00000e+00  3.82673e-01  2.89348e-02
  12790.98  6842.8125  1.00000e+00  1.00000e+00  4.11716e-01  2.65866e-02
  12819.53  6843.4375  1.00000e+00  1.00000e+00  3.73211e-01  3.27176e-02
  12848.08  6844.0625  1.00000e+00  1.00000e+00  3.21785e-01  3.63748e-02
  12876.63  6844.6875  1.00000e+00  1.00000e+00  3.42945e-01  3.43295e-02
  12905.18  6845.3125  1.00000e+00  1.00000e+00  3.59438e-01  2.54766e-02
  12933.73  6845.9375  1.00000e+00  1.00000e+00  3.67789e-01  2.48568e-02
  12962.28  6846.5625  1.00000e+00  1.00000e+00  3.49015e-01  3.06538e-02
  12990.83  6847.1875  1.00000e+00  1.00000e+00  3.51659e-01  4.02688e-02
  13019.38  6847.8125  1.00000e+00  1.00000e+00  3.78582e-01  3.72594e-02
  13047.94  6848.4375  1.00000e+00  1.00000e+00  3.71398e-01  2.64319e-02
  13076.49  6849.0625  1.00000e+00  1.00000e+00  3.77917e-01  2.14228e-02
  13105.04  6849.6875  1.00000e+00  1.00000e+00  4.09610e-01  2.31445e-02
  13133.59  6850.3125  1.00000e+00  1.00000e+00  4.46791e-01  2.61865e-02
  13162.14  6850.9375  1.00000e+00  1.00000e+00  4.49392e-01  2.87718e-02
  13190.69  6851.5625  1.00000e+00  1.00000e+00  4.29096e-01  2.49938e-02
  13219.24  6852.1875  1.00000e+00  1.00000e+00  3.86283e-01  2.07079e-02
  13247.79  6852.8125  1.00000e+00  1.00000e+00  3.54703e-01  1.84138e-02
  13276.34  6853.4375  1.00000e+00  1.00000e+00  3.47303e-01  2.11403e-02
  13304.90  6854.0625  1.00000e+00  1.00000e+00  3.67703e-01  2.96696e-02
  13333.45  6854.6875  1.00000e+00  1.00000e+00  3.68189e-01  3.64228e-02
  13362.00  6855.3125  1.00000e+00  1.00000e+00  3.37841e-01  3.18428e-02
  13390.55  6855.9375  1.00000e+00  1.00000e+00  3.39519e-01  2.53533e-02
  13419.10  6856.5625  1.00000e+00  1.00000e+00  3.66381e-01  2.20207e-02
  13447.65  6857.1875  1.00000e+00  1.00000e+00  3.65648e-01  1.96427e-02
  13476.20  6857.8125  1.00000e+00  1.00000e+00  3.49678e-01  1.88009e-02
  13504.75  6858.4375  1.00000e+00  1.00000e+00  3.65249e-01  2.03508e-02
  13533.30  6859.0625  1.00000e+00  1.00000e+00  3.92633e-01  2.33980e-02
  13561.85  6859.6875  1.00000e+00  1.00000e+00  3.80195e-01  1.92898e-02
  13590.41  6860.3125  1.00000e+00  1.00000e+00  3.57412e-01  1.62611e-02
  13618.96  6860.9375  1.00000e+00  1.00000e+00  3.42470e-01  2.14240e-02
  13647.51  6861.5625  1.00000e+00  1.00000e+00  3.21424e-01  2.28275e-02
  13676.06  6862.1875  1.00000e+00  1.00000e+00  3.50103e-01  2.52230e-02
  13704.61  6862.8125  1.00000e+00  1.00000e+00  3.71256e-01  2.78810e-02
  13733.16  6863.4375  1.00000e+00  1.00000e+00  3.64828e-01  2.36880e-02
  13761.71  6864.0625  1.00000e+00  1.00000e+00  3.68386e-01  1.80782e-02
  13790.26  6864.6875  1.00000e+00  1.00000e+00  3.86937e-01  1.62901e-02
  13818.81  6865.3125  1.00000e+00  1.00000e+00  3.90708e-01  1.97561e-02
  13847.36  6865.9375  1.00000e+00  1.00000e+00  3.83117e-01  2.25464e-02
  13875.92  6866.5625  1.00000e+00  1.00000e+00  3.44154e-01  2.39884e-02
  13904.47  6867.1875  1.00000e+00  1.00000e+00  3.04062e-01  2.03456e-02
  13933.02  6867.8125  1.00000e+00  1.00000e+00  2.91898e-01  2.10910e-02
  13961.57  6868.4375  1.00000e+00  1.00000e+00  2.88895e-01  2.67700e-02
  13990.12  6869.0625  1.00000e+00  1.00000e+00  2.96893e-01  2.41092e-02
  14018.67  6869.6875  1.00000e+00  1.00000e+00  3.15053e-01  2.08481e-02
  14047.22  6870.3125  1.00000e+00  1.00000e+00  3.15054e-01  1.70018e-02
  14075.77  6870.9375  1.00000e+00  1.00000e+00  3.26329e-01  1.44456e-02
  14104.32  6871.5625  1.00000e+00  1.00000e+00  3.08056e-01  1.38145e-02
  14132.88  6872.1875  1.00000e+00  1.00000e+00  2.82131e-01  1.40014e-02
  14161.43  6872.8125  1.00000e+00  1.00000e+00  3.11531e-01  1.57833e-02
  14189.98  6873.4375  1.00000e+00  1.00000e+00  3.34193e-01  1.63302e-02
  14218.53  6874.0625  1.00000e+00  1.00000e+00  3.14372e-01  2.04267e-02
  14247.08  6874.6875  1.00000e+00  1.00000e+00  3.10924e-01  2.20413e-02
  14275.63  6875.3125  1.00000e+00  1.00000e+00  3.18180e-01  1.95118e-02
  14304.18  6875.9375  1.00000e+00  1.00000e+00  3.15628e-01  1.74830e-02
  14332.73  6876.5625  1.00000e+00  1.00000e+00  3.36355e-01  1.45881e-02
  14361.28  6877.1875  1.00000e+00  1.00000e+00  3.46865e-01  1.50201e-02
  14389.83  6877.8125  1.00000e+00  1.00000e+00  3.57743e-01  1.56021e-02
  14418.39  6878.4375  1.00000e+00  1.00000e+00  3.71421e-01  1.43853e-02
  14446.94  6879.0625  1.00000e+00  1.00000e+00  3.76396e-01  1.62384e-02
  14475.49  6879.6875  1.00000e+00  1.00000e+00  3.69255e-01  1.81352e-02
  14504.04  6880.3125  1.00000e+00  1.00000e+00  3.36554e-01  1.59592e-02
  14532.59  6880.9375  1.00000e+00  1.00000e+00  3.10670e-01  1.45015e-02
  14561.14  6881.5625  1.00000e+00  1.00000e+00  3.03842e-01  1.20341e-02
  14589.69  6882.1875  1.00000e+00  1.00000e+00  3.39443e-01  1.17047e-02
  14618.24  6882.8125  1.00000e+00  1.00000e+00  3.90312e-01  1.60225e-02
  14646.79  6883.4375  1.00000e+00  1.00000e+00  3.77750e-01  2.11521e-02
  14675.34  6884.0625  1.00000e+00  1.00000e+00  3.28800e-01  2.20643e-02
  14703.90  6884.6875  1.00000e+00  1.00000e+00  3.25682e-01  1.50879e-02
  14732.45  6885.3125  1.00000e+00  1.00000e+00  3.03957e-01  8.90748e-03
  14761.00  6885.9375  1.00000e+00  1.00000e+00  2.83672e-01  1.10655e-02
  14789.55  6886.5625  1.00000e+00  1.00000e+00  3.10558e-01  1.86155e-02
  14818.10  6887.1875  1.00000e+00  1.00000e+00  3.26278e-01  1.83904e-02
  14846.65  6887.8125  1.00000e+00  1.00000e+00  3.34246e-01  1.37521e-02
  14875.20  6888.4375  1.00000e+00  1.00000e+00  3.37531e-01  1.24740e-02
  14903.75  6889.0625  1.00000e+00  1.00000e+00  3.31204e-01  1.31991e-02
  14932.30  6889.6875  1.00000e+00  1.00000e+00  3.27646e-01  1.64423e-02
  14960.86  6890.3125  1.00000e+00  1.00000e+00  3.13377e-01  1.80270e-02
  14989.41  6890.9375  1.00000e+00  1.00000e+00  3.14679e-01  1.59192e-02
  15017.96  6891.5625  1.00000e+00  1.00000e+00  3.72466e-01  1.48015e-02
  15046.51  6892.1875  1.00000e+00  1.00000e+00  3.91131e-01  9.00914e-03
  15075.06  6892.8125  1.00000e+00  1.00000e+00  3.74816e-01  6.37118e-03
  15103.61  6893.4375  1.00000e+00  1.00000e+00  3.37368e-01  8.24658e-03
  15132.16  6894.0625  1.00000e+00  1.00000e+00  3.47894e-01  8.79988e-03
  15160.71  6894.6875  1.00000e+00  1.00000e+00  4.12552e-01  9.85338e-03
  15189.26  6895.3125  1.00000e+00  1.00000e+00  3.89059e-01  1.13127e-02
  15217.81  6895.9375  1.00000e+00  1.00000e+00  3.34158e-01  1.23760e-02
  15246.37  6896.5625  1.00000e+00  1.00000e+00  3.33356e-01  1.14492e-02
  15274.92  6897.1875  1.00000e+00  1.00000e+00  3.51135e-01  8.18055e-03
  15303.47  6897.8125  1.00000e+00  1.00000e+00  3.81127e-01  7.55224e-03
  15332.02  6898.4375  1.00000e+00  1.00000e+00  3.48267e-01  1.06892e-02
  15360.57  6899.0625  1.00000e+00  1.00000e+00  3.17741e-01  1.58205e-02
  15389.12  6899.6875  1.00000e+00  1.00000e+00  3.43081e-01  1.70684e-02
  15417.67  6900.3125  1.00000e+00  1.00000e+00  3.57542e-01  1.37626e-02
  15446.22  6900.9375  1.00000e+00  1.00000e+00  3.65606e-01  7.01836e-03
  15474.77  6901.5625  1.00000e+00  1.00000e+00  3.76276e-01  4.27780e-03
  15503.32  6902.1875  1.00000e+00  1.00000e+00  3.67477e-01  7.31362e-03
  15531.88  6902.8125  1.00000e+00  1.00000e+00  3.51064e-01  8.45659e-03
  15560.43  6903.4375  1.00000e+00  1.00000e+00  3.22095e-01  7.59234e-03
  15588.98  6904.0625  1.00000e+00  1.00000e+00  3.03534e-01  9.81971e-03
  15617.53  6904.6875  1.00000e+00  1.00000e+00  3.23695e-01  1.18598e-02
  15646.08  6905.3125  1.00000e+00  1.00000e+00  3.31339e-01  1.33415e-02
  15674.63  6905.9375  1.00000e+00  1.00000e+00  3.36026e-01  1.43234e-02
  15703.18  6906.5625  1.00000e+00  1.00000e+00  3.34489e-01  1.27809e-02
  15731.73  6907.1875  1.00000e+00  1.00000e+00  3.48463e-01  1.20953e-02
  15760.28  6907.8125  1.00000e+00  1.00000e+00  3.45963e-01  1.00492e-02
  15788.84  6908.4375  1.00000e+00  1.00000e+00  3.19784e-01  7.83041e-03
  15817.39  6909.0625  1.00000e+00  1.00000e+00  2.92765e-01  9.23575e-03
  15845.94  6909.6875  1.00000e+00  1.00000e+00  2.90054e-01  1.10307e-02
  15874.49  6910.3125  1.00000e+00  1.00000e+00  3.05799e-01  1.00290e-02
  15903.04  6910.9375  1.00000e+00  1.00000e+00  3.20648e-01  7.12206e-03
  15931.59  6911.5625  1.00000e+00  1.00000e+00  3.50181e-01  5.95049e-03
  15960.14  6912.1875  1.00000e+00  1.00000e+00  3.45301e-01  8.46975e-03
  15988.69  6912.8125  1.00000e+00  1.00000e+00  3.48378e-01  1.00737e-02
  16017.24  6913.4375  1.00000e+00  1.00000e+00  3.60301e-01  8.67397e-03
  16045.79  6914.0625  1.00000e+00  1.00000e+00  3.25562e-01  6.74238e-03
  16074.35  6914.6875  1.00000e+00  1.00000e+00  3.06610e-01  9.54623e-03
  16102.90  6915.3125  1.00000e+00  1.00000e+00  3.48816e-01  1.13469e-02
  16131.45  6915.9375  1.00000e+00  1.00000e+00  3.71695e-01  9.42605e-03
  16160.00  6916.5625  1.00000e+00  1.00000e+00  3.66004e-01  8.39025e-03
  16188.55  6917.1875  1.00000e+00  1.00000e+00  3.82543e-01  1.20258e-02
  16217.10  6917.8125  1.00000e+00  1.00000e+00  3.82266e-01  1.25726e-02
  16245.65  6918.4375  1.00000e+00  1.00000e+00  3.66865e-01  1.25005e-02
  16274.20  6919.0625  1.00000e+00  1.00000e+00  3.64625e-01  9.07355e-03
  16302.75  6919.6875  1.00000e+00  1.00000e+00  3.48923e-01  4.90859e-03
  16331.30  6920.3125  1.00000e+00  1.00000e+00  3.38543e-01  4.91360e-03
  16359.86  6920.9375  1.00000e+00  1.00000e+00  3.59438e-01  8.17741e-03
  16388.41  6921.5625  1.00000e+00  1.00000e+00  3.95837e-01  1.01240e-02
  16416.96  6922.1875  1.00000e+00  1.00000e+00  3.86790e-01  8.04249e-03
  16445.51  6922.8125  1.00000e+00  1.00000e+00  3.67729e-01  8.48580e-03
  16474.06  6923.4375  1.00000e+00  1.00000e+00  3.27061e-01  1.08426e-02
  16502.61  6924.0625  1.00000e+00  1.00000e+00  3.12132e-01  1.02949e-02
  16531.16  6924.6875  1.00000e+00  1.00000e+00  3.34729e-01  1.00286e-02
  16559.71  6925.3125  1.00000e+00  1.00000e+00  3.18117e-01  8.55245e-03
  16588.26  6925.9375  1.00000e+00  1.00000e+00  3.05278e-01  9.70670e-03
  16616.81  6926.5625  1.00000e+00  1.00000e+00  3.19933e-01  8.82117e-03
  16645.37  6927.1875  1.00000e+00  1.00000e+00  3.38816e-01  6.35294e-03
  16673.92  6927.8125  1.00000e+00  1.00000e+00  3.71756e-01  5.01834e-03
  16702.47  6928.4375  1.00000e+00  1.00000e+00  3.75656e-01  6.99702e-03
  16731.02  6929.0625  1.00000e+00  1.00000e+00  3.57549e-01  7.46379e-03
  16759.57  6929.6875  1.00000e+00  1.00000e+00  3.46263e-01  4.56848e-03
  16788.12  6930.3125  1.00000e+00  1.00000e+00  3.69598e-01  4.78426e-03
  16816.67  6930.9375  1.00000e+00  1.00000e+00  3.73521e-01  1.03313e-02
  16845.22  6931.5625  1.00000e+00  1.00000e+00  3.69246e-01  1.23861e-02
  16873.77  6932.1875  1.00000e+00  1.00000e+00  3.69040e-01  9.02480e-03
  16902.33  6932.8125  1.00000e+00  1.00000e+00  3.44449e-01  7.94579e-03
  16930.88  6933.4375  1.00000e+00  1.00000e+00  3.37698e-01  7.47977e-03
  16959.43  6934.0625  1.00000e+00  1.00000e+00  3.11143e-01  6.17100e-03
  16987.98  6934.6875  1.00000e+00  1.00000e+00  2.93636e-01  8.85521e-03
  17016.53  6935.3125  1.00000e+00  1.00000e+00  3.27867e-01  1.01667e-02
  17045.08  6935.9375  1.00000e+00  1.00000e+00  3.73261e-01  7.45820e-03
  17073.63  6936.5625  1.00000e+00  1.00000e+00  3.58570e-01  4.09207e-03
  17102.18  6937.1875  1.00000e+00  1.00000e+00  3.18117e-01  3.69904e-03
  17130.73  6937.8125  1.00000e+00  1.00000e+00  3.19407e-01  5.12468e-03
  17159.28  6938.4375  1.00000e+00  1.00000e+00  3.34641e-01  6.78236e-03
  17187.84  6939.0625  1.00000e+00  1.00000e+00  3.36645e-01  7.09064e-03
  17216.39  6939.6875  1.00000e+00  1.00000e+00  3.03854e-01  5.40692e-03
  17244.94  6940.3125  1.00000e+00  1.00000e+00  2.81684e-01  3.75507e-03
  17273.49  6940.9375  1.00000e+00  1.00000e+00  3.16840e-01  3.03530e-03
  17302.04  6941.5625  1.00000e+00  1.00000e+00  3.49043e-01  4.65284e-03
  17330.59  6942.1875  1.00000e+00  1.00000e+00  3.68862e-01  7.41631e-03
  17359.14  6942.8125  1.00000e+00  1.00000e+00  3.61305e-01  9.67709e-03
  17387.69  6943.4375  1.00000e+00  1.00000e+00  3.37782e-01  1.05007e-02
  17416.24  6944.0625  1.00000e+00  1.00000e+00  3.11146e-01  1.06966e-02
  17444.79  6944.6875  1.00000e+00  1.00000e+00  2.91480e-01  7.33459e-03
  17473.35  6945.3125  1.00000e+00  1.00000e+00  2.88918e-01  5.58499e-03
  17501.90  6945.9375  1.00000e+00  1.00000e+00  2.85317e-01  8.95903e-03
  17530.45  6946.5625  1.00000e+00  1.00000e+00  3.08442e-01  1.04978e-02
  17559.00  6947.1875  1.00000e+00  1.00000e+00  3.71461e-01  7.28406e-03
  17587.55  6947.8125  1.00000e+00  1.00000e+00  3.97026e-01  4.47806e-03
  17616.10  6948.4375  1.00000e+00  1.00000e+00  3.67649e-01  4.94813e-03
  17644.65  6949.0625  1.00000e+00  1.00000e+00  3.45891e-01  4.50664e-03
  17673.20  6949.6875  1.00000e+00  1.00000e+00  3.60374e-01  3.08601e-03
