# day160  epoch=160.0d  L_Halpha=1.323e+38 erg/s  smooth_kms=25.0
# Columns:
#   1: Δv [km/s]      velocity offset from Hα (6562.81 Å), positive = redshift
#   2: lambda [Å]     observed wavelength
#   3: F_norm         total flux, smoothed, normalized to F_cont_baseline
#   4: F_norm_raw     total flux, RAW MC (no velocity smoothing)
#   5: F_cont_smooth  continuum-channel flux (continuum photons only)
#   6: F_vol_smooth   volumetric-channel flux (line emission contribution)
# Format: F_norm ≈ F_cont_smooth + F_vol_smooth (within MC noise)
# ----------------------------------------------------------------------------------------
 -16559.48  6200.3125  1.00000e+00  1.00000e+00  3.33343e-03  0.00000e+00
 -16530.93  6200.9375  1.00000e+00  1.00000e+00  3.23668e-03  0.00000e+00
 -16502.38  6201.5625  1.00000e+00  1.00000e+00  3.38908e-03  0.00000e+00
 -16473.83  6202.1875  1.00000e+00  1.00000e+00  3.34497e-03  0.00000e+00
 -16445.28  6202.8125  1.00000e+00  1.00000e+00  3.31172e-03  0.00000e+00
 -16416.73  6203.4375  1.00000e+00  1.00000e+00  3.19055e-03  0.00000e+00
 -16388.18  6204.0625  1.00000e+00  1.00000e+00  2.84575e-03  0.00000e+00
 -16359.63  6204.6875  1.00000e+00  1.00000e+00  2.98971e-03  0.00000e+00
 -16331.08  6205.3125  1.00000e+00  1.00000e+00  3.62620e-03  0.00000e+00
 -16302.53  6205.9375  1.00000e+00  1.00000e+00  3.73229e-03  0.00000e+00
 -16273.97  6206.5625  1.00000e+00  1.00000e+00  3.21903e-03  0.00000e+00
 -16245.42  6207.1875  1.00000e+00  1.00000e+00  3.10857e-03  0.00000e+00
 -16216.87  6207.8125  1.00000e+00  1.00000e+00  3.16345e-03  0.00000e+00
 -16188.32  6208.4375  1.00000e+00  1.00000e+00  2.96343e-03  0.00000e+00
 -16159.77  6209.0625  1.00000e+00  1.00000e+00  2.95576e-03  0.00000e+00
 -16131.22  6209.6875  1.00000e+00  1.00000e+00  3.27354e-03  0.00000e+00
 -16102.67  6210.3125  1.00000e+00  1.00000e+00  3.41225e-03  0.00000e+00
 -16074.12  6210.9375  1.00000e+00  1.00000e+00  3.07979e-03  0.00000e+00
 -16045.57  6211.5625  1.00000e+00  1.00000e+00  3.26211e-03  0.00000e+00
 -16017.01  6212.1875  1.00000e+00  1.00000e+00  3.55261e-03  0.00000e+00
 -15988.46  6212.8125  1.00000e+00  1.00000e+00  3.25411e-03  0.00000e+00
 -15959.91  6213.4375  1.00000e+00  1.00000e+00  2.90566e-03  0.00000e+00
 -15931.36  6214.0625  1.00000e+00  1.00000e+00  2.97575e-03  0.00000e+00
 -15902.81  6214.6875  1.00000e+00  1.00000e+00  3.18774e-03  0.00000e+00
 -15874.26  6215.3125  1.00000e+00  1.00000e+00  3.38647e-03  0.00000e+00
 -15845.71  6215.9375  1.00000e+00  1.00000e+00  3.54947e-03  0.00000e+00
 -15817.16  6216.5625  1.00000e+00  1.00000e+00  3.32118e-03  0.00000e+00
 -15788.61  6217.1875  1.00000e+00  1.00000e+00  3.04462e-03  0.00000e+00
 -15760.06  6217.8125  1.00000e+00  1.00000e+00  3.29481e-03  0.00000e+00
 -15731.50  6218.4375  1.00000e+00  1.00000e+00  3.27288e-03  0.00000e+00
 -15702.95  6219.0625  1.00000e+00  1.00000e+00  2.98358e-03  0.00000e+00
 -15674.40  6219.6875  1.00000e+00  1.00000e+00  2.77051e-03  0.00000e+00
 -15645.85  6220.3125  1.00000e+00  1.00000e+00  2.72040e-03  0.00000e+00
 -15617.30  6220.9375  1.00000e+00  1.00000e+00  3.09942e-03  0.00000e+00
 -15588.75  6221.5625  1.00000e+00  1.00000e+00  3.35358e-03  0.00000e+00
 -15560.20  6222.1875  1.00000e+00  1.00000e+00  3.17873e-03  0.00000e+00
 -15531.65  6222.8125  1.00000e+00  1.00000e+00  2.95262e-03  0.00000e+00
 -15503.10  6223.4375  1.00000e+00  1.00000e+00  3.03178e-03  0.00000e+00
 -15474.55  6224.0625  1.00000e+00  1.00000e+00  2.96088e-03  0.00000e+00
 -15445.99  6224.6875  1.00000e+00  1.00000e+00  2.99737e-03  0.00000e+00
 -15417.44  6225.3125  1.00000e+00  1.00000e+00  3.26251e-03  0.00000e+00
 -15388.89  6225.9375  1.00000e+00  1.00000e+00  3.22042e-03  0.00000e+00
 -15360.34  6226.5625  1.00000e+00  1.00000e+00  3.01339e-03  0.00000e+00
 -15331.79  6227.1875  1.00000e+00  1.00000e+00  2.77698e-03  0.00000e+00
 -15303.24  6227.8125  1.00000e+00  1.00000e+00  2.87349e-03  0.00000e+00
 -15274.69  6228.4375  1.00000e+00  1.00000e+00  3.08086e-03  0.00000e+00
 -15246.14  6229.0625  1.00000e+00  1.00000e+00  3.07821e-03  0.00000e+00
 -15217.59  6229.6875  1.00000e+00  1.00000e+00  3.07844e-03  0.00000e+00
 -15189.03  6230.3125  1.00000e+00  1.00000e+00  2.95257e-03  0.00000e+00
 -15160.48  6230.9375  1.00000e+00  1.00000e+00  2.90449e-03  0.00000e+00
 -15131.93  6231.5625  1.00000e+00  1.00000e+00  2.82005e-03  0.00000e+00
 -15103.38  6232.1875  1.00000e+00  1.00000e+00  2.82541e-03  0.00000e+00
 -15074.83  6232.8125  1.00000e+00  1.00000e+00  3.17289e-03  0.00000e+00
 -15046.28  6233.4375  1.00000e+00  1.00000e+00  3.32425e-03  0.00000e+00
 -15017.73  6234.0625  1.00000e+00  1.00000e+00  2.75581e-03  0.00000e+00
 -14989.18  6234.6875  1.00000e+00  1.00000e+00  2.20927e-03  0.00000e+00
 -14960.63  6235.3125  1.00000e+00  1.00000e+00  2.64553e-03  0.00000e+00
 -14932.08  6235.9375  1.00000e+00  1.00000e+00  3.44328e-03  0.00000e+00
 -14903.52  6236.5625  1.00000e+00  1.00000e+00  3.73906e-03  0.00000e+00
 -14874.97  6237.1875  1.00000e+00  1.00000e+00  3.75198e-03  0.00000e+00
 -14846.42  6237.8125  1.00000e+00  1.00000e+00  3.60558e-03  0.00000e+00
 -14817.87  6238.4375  1.00000e+00  1.00000e+00  3.10330e-03  0.00000e+00
 -14789.32  6239.0625  1.00000e+00  1.00000e+00  2.88426e-03  0.00000e+00
 -14760.77  6239.6875  1.00000e+00  1.00000e+00  3.13530e-03  0.00000e+00
 -14732.22  6240.3125  1.00000e+00  1.00000e+00  3.38814e-03  0.00000e+00
 -14703.67  6240.9375  1.00000e+00  1.00000e+00  3.28074e-03  0.00000e+00
 -14675.12  6241.5625  1.00000e+00  1.00000e+00  3.20501e-03  0.00000e+00
 -14646.57  6242.1875  1.00000e+00  1.00000e+00  3.53204e-03  0.00000e+00
 -14618.01  6242.8125  1.00000e+00  1.00000e+00  3.57417e-03  0.00000e+00
 -14589.46  6243.4375  1.00000e+00  1.00000e+00  3.25727e-03  0.00000e+00
 -14560.91  6244.0625  1.00000e+00  1.00000e+00  3.05297e-03  0.00000e+00
 -14532.36  6244.6875  1.00000e+00  1.00000e+00  3.11885e-03  0.00000e+00
 -14503.81  6245.3125  1.00000e+00  1.00000e+00  3.04988e-03  0.00000e+00
 -14475.26  6245.9375  1.00000e+00  1.00000e+00  2.81498e-03  0.00000e+00
 -14446.71  6246.5625  1.00000e+00  1.00000e+00  2.62346e-03  0.00000e+00
 -14418.16  6247.1875  1.00000e+00  1.00000e+00  2.69024e-03  0.00000e+00
 -14389.61  6247.8125  1.00000e+00  1.00000e+00  2.71568e-03  0.00000e+00
 -14361.06  6248.4375  1.00000e+00  1.00000e+00  2.66662e-03  0.00000e+00
 -14332.50  6249.0625  1.00000e+00  1.00000e+00  3.07102e-03  0.00000e+00
 -14303.95  6249.6875  1.00000e+00  1.00000e+00  3.67827e-03  0.00000e+00
 -14275.40  6250.3125  1.00000e+00  1.00000e+00  3.51158e-03  0.00000e+00
 -14246.85  6250.9375  1.00000e+00  1.00000e+00  3.34911e-03  0.00000e+00
 -14218.30  6251.5625  1.00000e+00  1.00000e+00  3.63692e-03  0.00000e+00
 -14189.75  6252.1875  1.00000e+00  1.00000e+00  3.62205e-03  0.00000e+00
 -14161.20  6252.8125  1.00000e+00  1.00000e+00  3.43918e-03  0.00000e+00
 -14132.65  6253.4375  1.00000e+00  1.00000e+00  3.31485e-03  0.00000e+00
 -14104.10  6254.0625  1.00000e+00  1.00000e+00  3.17144e-03  0.00000e+00
 -14075.54  6254.6875  1.00000e+00  1.00000e+00  3.06872e-03  0.00000e+00
 -14046.99  6255.3125  1.00000e+00  1.00000e+00  3.24910e-03  0.00000e+00
 -14018.44  6255.9375  1.00000e+00  1.00000e+00  3.42163e-03  0.00000e+00
 -13989.89  6256.5625  1.00000e+00  1.00000e+00  3.12359e-03  0.00000e+00
 -13961.34  6257.1875  1.00000e+00  1.00000e+00  2.84112e-03  0.00000e+00
 -13932.79  6257.8125  1.00000e+00  1.00000e+00  2.91051e-03  0.00000e+00
 -13904.24  6258.4375  1.00000e+00  1.00000e+00  3.34559e-03  0.00000e+00
 -13875.69  6259.0625  1.00000e+00  1.00000e+00  3.57487e-03  0.00000e+00
 -13847.14  6259.6875  1.00000e+00  1.00000e+00  3.37170e-03  0.00000e+00
 -13818.59  6260.3125  1.00000e+00  1.00000e+00  3.27583e-03  0.00000e+00
 -13790.03  6260.9375  1.00000e+00  1.00000e+00  3.18321e-03  0.00000e+00
 -13761.48  6261.5625  1.00000e+00  1.00000e+00  2.92901e-03  0.00000e+00
 -13732.93  6262.1875  1.00000e+00  1.00000e+00  2.86228e-03  0.00000e+00
 -13704.38  6262.8125  1.00000e+00  1.00000e+00  3.01377e-03  0.00000e+00
 -13675.83  6263.4375  1.00000e+00  1.00000e+00  3.35643e-03  0.00000e+00
 -13647.28  6264.0625  1.00000e+00  1.00000e+00  3.32459e-03  0.00000e+00
 -13618.73  6264.6875  1.00000e+00  1.00000e+00  3.08547e-03  0.00000e+00
 -13590.18  6265.3125  1.00000e+00  1.00000e+00  3.09279e-03  0.00000e+00
 -13561.63  6265.9375  1.00000e+00  1.00000e+00  3.26498e-03  0.00000e+00
 -13533.08  6266.5625  1.00000e+00  1.00000e+00  3.29237e-03  0.00000e+00
 -13504.52  6267.1875  1.00000e+00  1.00000e+00  3.35645e-03  0.00000e+00
 -13475.97  6267.8125  1.00000e+00  1.00000e+00  3.56587e-03  0.00000e+00
 -13447.42  6268.4375  1.00000e+00  1.00000e+00  3.47017e-03  0.00000e+00
 -13418.87  6269.0625  1.00000e+00  1.00000e+00  3.14346e-03  0.00000e+00
 -13390.32  6269.6875  1.00000e+00  1.00000e+00  3.01774e-03  0.00000e+00
 -13361.77  6270.3125  1.00000e+00  1.00000e+00  3.04081e-03  0.00000e+00
 -13333.22  6270.9375  1.00000e+00  1.00000e+00  2.95645e-03  0.00000e+00
 -13304.67  6271.5625  1.00000e+00  1.00000e+00  3.12843e-03  0.00000e+00
 -13276.12  6272.1875  1.00000e+00  1.00000e+00  3.25572e-03  0.00000e+00
 -13247.56  6272.8125  1.00000e+00  1.00000e+00  3.11472e-03  0.00000e+00
 -13219.01  6273.4375  1.00000e+00  1.00000e+00  2.96166e-03  0.00000e+00
 -13190.46  6274.0625  1.00000e+00  1.00000e+00  3.18200e-03  0.00000e+00
 -13161.91  6274.6875  1.00000e+00  1.00000e+00  3.39867e-03  0.00000e+00
 -13133.36  6275.3125  1.00000e+00  1.00000e+00  3.41125e-03  0.00000e+00
 -13104.81  6275.9375  1.00000e+00  1.00000e+00  3.18607e-03  0.00000e+00
 -13076.26  6276.5625  1.00000e+00  1.00000e+00  3.18692e-03  0.00000e+00
 -13047.71  6277.1875  1.00000e+00  1.00000e+00  3.37660e-03  0.00000e+00
 -13019.16  6277.8125  1.00000e+00  1.00000e+00  3.25636e-03  0.00000e+00
 -12990.61  6278.4375  1.00000e+00  1.00000e+00  3.19070e-03  0.00000e+00
 -12962.05  6279.0625  1.00000e+00  1.00000e+00  3.03259e-03  0.00000e+00
 -12933.50  6279.6875  1.00000e+00  1.00000e+00  2.94843e-03  0.00000e+00
 -12904.95  6280.3125  1.00000e+00  1.00000e+00  2.78059e-03  0.00000e+00
 -12876.40  6280.9375  1.00000e+00  1.00000e+00  2.93011e-03  0.00000e+00
 -12847.85  6281.5625  1.00000e+00  1.00000e+00  3.04352e-03  0.00000e+00
 -12819.30  6282.1875  1.00000e+00  1.00000e+00  3.07908e-03  0.00000e+00
 -12790.75  6282.8125  1.00000e+00  1.00000e+00  3.23407e-03  0.00000e+00
 -12762.20  6283.4375  1.00000e+00  1.00000e+00  3.29796e-03  0.00000e+00
 -12733.65  6284.0625  1.00000e+00  1.00000e+00  3.20249e-03  0.00000e+00
 -12705.10  6284.6875  1.00000e+00  1.00000e+00  3.11478e-03  0.00000e+00
 -12676.54  6285.3125  1.00000e+00  1.00000e+00  3.04797e-03  0.00000e+00
 -12647.99  6285.9375  1.00000e+00  1.00000e+00  2.97433e-03  0.00000e+00
 -12619.44  6286.5625  1.00000e+00  1.00000e+00  2.88803e-03  0.00000e+00
 -12590.89  6287.1875  1.00000e+00  1.00000e+00  3.05058e-03  0.00000e+00
 -12562.34  6287.8125  1.00000e+00  1.00000e+00  3.36654e-03  0.00000e+00
 -12533.79  6288.4375  1.00000e+00  1.00000e+00  3.51330e-03  0.00000e+00
 -12505.24  6289.0625  1.00000e+00  1.00000e+00  3.48754e-03  1.59989e-07
 -12476.69  6289.6875  1.00000e+00  1.00000e+00  3.68613e-03  1.53675e-05
 -12448.14  6290.3125  1.00000e+00  1.00000e+00  3.63435e-03  4.00574e-04
 -12419.58  6290.9375  1.00000e+00  1.00000e+00  3.21654e-03  2.83355e-03
 -12391.03  6291.5625  1.00000e+00  1.00000e+00  2.87597e-03  5.43935e-03
 -12362.48  6292.1875  1.00000e+00  1.00000e+00  2.93683e-03  2.83355e-03
 -12333.93  6292.8125  1.00000e+00  1.00000e+00  3.21039e-03  4.00574e-04
 -12305.38  6293.4375  1.00000e+00  1.00000e+00  3.08571e-03  1.53675e-05
 -12276.83  6294.0625  1.00000e+00  1.00000e+00  3.02868e-03  3.19657e-07
 -12248.28  6294.6875  1.00000e+00  1.00000e+00  3.42252e-03  1.56559e-05
 -12219.73  6295.3125  1.00000e+00  1.00000e+00  3.34082e-03  4.30437e-04
 -12191.18  6295.9375  1.00000e+00  1.00000e+00  2.81695e-03  3.62722e-03
 -12162.63  6296.5625  1.00000e+00  1.00000e+00  2.58379e-03  1.10830e-02
 -12134.07  6297.1875  1.00000e+00  1.00000e+00  2.81949e-03  1.36976e-02
 -12105.52  6297.8125  1.00000e+00  1.00000e+00  3.16476e-03  6.46896e-03
 -12076.97  6298.4375  1.00000e+00  1.00000e+00  3.37184e-03  4.05432e-03
 -12048.42  6299.0625  1.00000e+00  1.00000e+00  3.44783e-03  8.67737e-03
 -12019.87  6299.6875  1.00000e+00  1.00000e+00  3.17850e-03  1.10707e-02
 -11991.32  6300.3125  1.00000e+00  1.00000e+00  3.05794e-03  8.64404e-03
 -11962.77  6300.9375  1.00000e+00  1.00000e+00  3.06404e-03  3.23823e-03
 -11934.22  6301.5625  1.00000e+00  1.00000e+00  2.98645e-03  4.14650e-04
 -11905.67  6302.1875  1.00000e+00  1.00000e+00  3.32559e-03  1.54732e-05
 -11877.12  6302.8125  1.00000e+00  1.00000e+00  3.53537e-03  3.18541e-07
 -11848.56  6303.4375  1.00000e+00  1.00000e+00  3.23730e-03  1.52832e-05
 -11820.01  6304.0625  1.00000e+00  1.00000e+00  3.11800e-03  3.98378e-04
 -11791.46  6304.6875  1.00000e+00  1.00000e+00  2.99789e-03  2.81802e-03
 -11762.91  6305.3125  1.00000e+00  1.00000e+00  2.83074e-03  5.40953e-03
 -11734.36  6305.9375  1.00000e+00  1.00000e+00  2.74712e-03  2.81802e-03
 -11705.81  6306.5625  1.00000e+00  1.00000e+00  2.78822e-03  3.98378e-04
 -11677.26  6307.1875  1.00000e+00  1.00000e+00  2.97267e-03  1.65539e-05
 -11648.71  6307.8125  9.99999e-01  9.99999e-01  3.10328e-03  1.22688e-04
 -11620.16  6308.4375  9.99999e-01  9.99999e-01  2.92386e-03  3.22723e-03
 -11591.60  6309.0625  9.99999e-01  9.99999e-01  2.76929e-03  2.36978e-02
 -11563.05  6309.6875  9.99999e-01  9.99999e-01  2.88623e-03  5.16539e-02
 -11534.50  6310.3125  9.99999e-01  9.99999e-01  2.96000e-03  3.91453e-02
 -11505.95  6310.9375  9.99999e-01  9.99999e-01  3.13739e-03  1.57130e-02
 -11477.40  6311.5625  9.99999e-01  9.99999e-01  3.19946e-03  1.75254e-02
 -11448.85  6312.1875  9.99999e-01  9.99999e-01  3.01538e-03  3.59308e-02
 -11420.30  6312.8125  9.99999e-01  9.99999e-01  2.81778e-03  4.19988e-02
 -11391.75  6313.4375  9.99999e-01  9.99999e-01  2.64050e-03  2.40938e-02
 -11363.20  6314.0625  9.99999e-01  9.99999e-01  2.63045e-03  1.64458e-02
 -11334.65  6314.6875  9.99999e-01  9.99999e-01  2.72550e-03  1.47442e-02
 -11306.09  6315.3125  9.99999e-01  9.99999e-01  2.53996e-03  1.58393e-02
 -11277.54  6315.9375  9.99999e-01  9.99999e-01  2.65670e-03  2.37051e-02
 -11248.99  6316.5625  9.99999e-01  9.99999e-01  3.04297e-03  3.29892e-02
 -11220.44  6317.1875  9.99999e-01  9.99999e-01  3.00058e-03  4.26293e-02
 -11191.89  6317.8125  9.99999e-01  9.99999e-01  2.81808e-03  4.55886e-02
 -11163.34  6318.4375  9.99999e-01  9.99999e-01  2.82161e-03  3.06925e-02
 -11134.79  6319.0625  9.99999e-01  9.99999e-01  2.99901e-03  2.88261e-02
 -11106.24  6319.6875  9.99999e-01  9.99999e-01  3.30811e-03  4.00321e-02
 -11077.69  6320.3125  9.99999e-01  9.99999e-01  3.41378e-03  4.27359e-02
 -11049.14  6320.9375  9.99999e-01  9.99999e-01  3.48402e-03  3.50203e-02
 -11020.58  6321.5625  9.99999e-01  9.99999e-01  3.55562e-03  2.55896e-02
 -10992.03  6322.1875  9.99999e-01  9.99999e-01  3.68608e-03  2.66416e-02
 -10963.48  6322.8125  9.99999e-01  9.99999e-01  3.84076e-03  3.41323e-02
 -10934.93  6323.4375  9.99999e-01  9.99999e-01  3.77515e-03  2.65860e-02
 -10906.38  6324.0625  9.99999e-01  9.99999e-01  3.51269e-03  2.43459e-02
 -10877.83  6324.6875  9.99998e-01  9.99998e-01  3.31576e-03  2.57873e-02
 -10849.28  6325.3125  9.99998e-01  9.99998e-01  3.35992e-03  2.09743e-02
 -10820.73  6325.9375  9.99998e-01  9.99998e-01  3.25258e-03  2.11681e-02
 -10792.18  6326.5625  9.99998e-01  9.99998e-01  3.13828e-03  2.35774e-02
 -10763.62  6327.1875  9.99998e-01  9.99998e-01  3.27671e-03  2.66997e-02
 -10735.07  6327.8125  9.99998e-01  9.99998e-01  2.92036e-03  3.13105e-02
 -10706.52  6328.4375  9.99998e-01  9.99998e-01  2.91681e-03  2.92866e-02
 -10677.97  6329.0625  9.99998e-01  9.99998e-01  3.06925e-03  2.41441e-02
 -10649.42  6329.6875  9.99998e-01  9.99998e-01  2.95105e-03  2.65248e-02
 -10620.87  6330.3125  9.99998e-01  9.99998e-01  2.96891e-03  2.66981e-02
 -10592.32  6330.9375  9.99998e-01  9.99998e-01  2.99456e-03  2.90703e-02
 -10563.77  6331.5625  9.99998e-01  9.99998e-01  2.76996e-03  3.14054e-02
 -10535.22  6332.1875  9.99998e-01  9.99998e-01  2.56196e-03  2.29187e-02
 -10506.67  6332.8125  9.99998e-01  9.99998e-01  2.62616e-03  1.55530e-02
 -10478.11  6333.4375  9.99998e-01  9.99998e-01  2.84723e-03  1.04374e-02
 -10449.56  6334.0625  9.99998e-01  9.99998e-01  3.16078e-03  1.85216e-02
 -10421.01  6334.6875  9.99998e-01  9.99998e-01  3.31271e-03  3.38014e-02
 -10392.46  6335.3125  9.99998e-01  9.99998e-01  3.01394e-03  3.75164e-02
 -10363.91  6335.9375  9.99998e-01  9.99998e-01  2.93498e-03  3.75665e-02
 -10335.36  6336.5625  9.99998e-01  9.99998e-01  3.14429e-03  3.53243e-02
 -10306.81  6337.1875  9.99998e-01  9.99998e-01  3.30470e-03  2.89075e-02
 -10278.26  6337.8125  9.99998e-01  9.99998e-01  3.13603e-03  2.77914e-02
 -10249.71  6338.4375  9.99998e-01  9.99998e-01  3.09196e-03  2.70745e-02
 -10221.16  6339.0625  9.99998e-01  9.99998e-01  3.18711e-03  3.98393e-02
 -10192.60  6339.6875  9.99998e-01  9.99998e-01  2.94953e-03  3.93907e-02
 -10164.05  6340.3125  9.99998e-01  9.99998e-01  2.63070e-03  2.99458e-02
 -10135.50  6340.9375  9.99998e-01  9.99998e-01  2.38488e-03  4.38473e-02
 -10106.95  6341.5625  9.99998e-01  9.99998e-01  2.41816e-03  6.01792e-02
 -10078.40  6342.1875  9.99998e-01  9.99998e-01  2.99784e-03  4.22667e-02
 -10049.85  6342.8125  9.99998e-01  9.99998e-01  3.36767e-03  1.89020e-02
 -10021.30  6343.4375  9.99998e-01  9.99998e-01  3.36800e-03  2.03219e-02
  -9992.75  6344.0625  9.99998e-01  9.99998e-01  3.44324e-03  4.41786e-02
  -9964.20  6344.6875  9.99998e-01  9.99998e-01  3.47660e-03  5.02237e-02
  -9935.65  6345.3125  9.99998e-01  9.99998e-01  3.42365e-03  3.58289e-02
  -9907.09  6345.9375  9.99998e-01  9.99998e-01  3.25398e-03  3.25262e-02
  -9878.54  6346.5625  9.99998e-01  9.99998e-01  3.13464e-03  2.73902e-02
  -9849.99  6347.1875  9.99998e-01  9.99998e-01  2.84741e-03  3.02993e-02
  -9821.44  6347.8125  9.99998e-01  9.99998e-01  2.57592e-03  4.50238e-02
  -9792.89  6348.4375  9.99998e-01  9.99998e-01  2.75452e-03  4.13921e-02
  -9764.34  6349.0625  9.99998e-01  9.99998e-01  2.81483e-03  2.86035e-02
  -9735.79  6349.6875  9.99998e-01  9.99998e-01  2.44792e-03  2.39156e-02
  -9707.24  6350.3125  9.99998e-01  9.99998e-01  2.67629e-03  3.33324e-02
  -9678.69  6350.9375  9.99998e-01  9.99998e-01  3.01456e-03  3.94467e-02
  -9650.13  6351.5625  9.99998e-01  9.99998e-01  3.18190e-03  4.98363e-02
  -9621.58  6352.1875  9.99998e-01  9.99998e-01  3.17260e-03  4.82741e-02
  -9593.03  6352.8125  9.99998e-01  9.99998e-01  3.06041e-03  4.96600e-02
  -9564.48  6353.4375  9.99997e-01  9.99997e-01  3.13295e-03  4.29359e-02
  -9535.93  6354.0625  9.99997e-01  9.99997e-01  3.28256e-03  3.65395e-02
  -9507.38  6354.6875  9.99996e-01  9.99996e-01  3.29152e-03  3.89021e-02
  -9478.83  6355.3125  9.99996e-01  9.99996e-01  3.23549e-03  4.81611e-02
  -9450.28  6355.9375  9.99996e-01  9.99996e-01  3.41544e-03  5.16121e-02
  -9421.73  6356.5625  9.99995e-01  9.99995e-01  3.50776e-03  4.38112e-02
  -9393.18  6357.1875  9.99995e-01  9.99995e-01  3.58646e-03  4.39450e-02
  -9364.62  6357.8125  9.99994e-01  9.99994e-01  3.24840e-03  4.05226e-02
  -9336.07  6358.4375  9.99994e-01  9.99994e-01  3.05052e-03  4.00168e-02
  -9307.52  6359.0625  9.99993e-01  9.99993e-01  3.21928e-03  5.23945e-02
  -9278.97  6359.6875  9.99993e-01  9.99993e-01  3.47508e-03  6.67110e-02
  -9250.42  6360.3125  9.99992e-01  9.99992e-01  3.40952e-03  5.97865e-02
  -9221.87  6360.9375  9.99992e-01  9.99992e-01  2.82527e-03  4.17610e-02
  -9193.32  6361.5625  9.99991e-01  9.99991e-01  2.59818e-03  3.54632e-02
  -9164.77  6362.1875  9.99991e-01  9.99991e-01  2.86747e-03  2.92025e-02
  -9136.22  6362.8125  9.99990e-01  9.99990e-01  2.93637e-03  2.71431e-02
  -9107.67  6363.4375  9.99990e-01  9.99990e-01  2.88358e-03  3.13298e-02
  -9079.11  6364.0625  9.99990e-01  9.99990e-01  3.01522e-03  3.24176e-02
  -9050.56  6364.6875  9.99989e-01  9.99989e-01  3.47240e-03  3.46931e-02
  -9022.01  6365.3125  9.99989e-01  9.99989e-01  3.71423e-03  4.17875e-02
  -8993.46  6365.9375  9.99988e-01  9.99988e-01  3.58045e-03  4.80172e-02
  -8964.91  6366.5625  9.99988e-01  9.99988e-01  3.35742e-03  5.71952e-02
  -8936.36  6367.1875  9.99988e-01  9.99988e-01  2.97247e-03  4.76699e-02
  -8907.81  6367.8125  9.99988e-01  9.99988e-01  2.67990e-03  4.06141e-02
  -8879.26  6368.4375  9.99988e-01  9.99988e-01  2.47203e-03  4.19468e-02
  -8850.71  6369.0625  9.99988e-01  9.99988e-01  2.73289e-03  6.24819e-02
  -8822.15  6369.6875  9.99988e-01  9.99988e-01  3.39158e-03  6.84590e-02
  -8793.60  6370.3125  9.99988e-01  9.99988e-01  3.68973e-03  5.01320e-02
  -8765.05  6370.9375  9.99988e-01  9.99988e-01  3.34118e-03  3.58677e-02
  -8736.50  6371.5625  9.99988e-01  9.99988e-01  2.80630e-03  3.46114e-02
  -8707.95  6372.1875  9.99987e-01  9.99987e-01  2.87833e-03  4.53471e-02
  -8679.40  6372.8125  9.99987e-01  9.99987e-01  3.16932e-03  7.80152e-02
  -8650.85  6373.4375  9.99987e-01  9.99987e-01  3.09246e-03  8.39845e-02
  -8622.30  6374.0625  9.99987e-01  9.99987e-01  2.95247e-03  5.36554e-02
  -8593.75  6374.6875  9.99987e-01  9.99987e-01  2.77370e-03  3.32341e-02
  -8565.20  6375.3125  9.99986e-01  9.99986e-01  2.67204e-03  4.39184e-02
  -8536.64  6375.9375  9.99986e-01  9.99986e-01  2.80201e-03  5.79657e-02
  -8508.09  6376.5625  9.99986e-01  9.99986e-01  2.90865e-03  5.52856e-02
  -8479.54  6377.1875  9.99985e-01  9.99985e-01  3.05692e-03  5.18672e-02
  -8450.99  6377.8125  9.99985e-01  9.99985e-01  3.43651e-03  5.37166e-02
  -8422.44  6378.4375  9.99983e-01  9.99984e-01  3.71874e-03  3.96222e-02
  -8393.89  6379.0625  9.99982e-01  9.99982e-01  3.40709e-03  2.91241e-02
  -8365.34  6379.6875  9.99979e-01  9.99979e-01  2.80139e-03  3.24528e-02
  -8336.79  6380.3125  9.99977e-01  9.99977e-01  2.71785e-03  4.99406e-02
  -8308.24  6380.9375  9.99974e-01  9.99974e-01  3.14173e-03  6.41381e-02
  -8279.69  6381.5625  9.99972e-01  9.99972e-01  3.28686e-03  7.42966e-02
  -8251.13  6382.1875  9.99970e-01  9.99970e-01  3.07227e-03  6.91207e-02
  -8222.58  6382.8125  9.99967e-01  9.99967e-01  3.16502e-03  7.07783e-02
  -8194.03  6383.4375  9.99965e-01  9.99965e-01  3.24114e-03  6.11669e-02
  -8165.48  6384.0625  9.99963e-01  9.99962e-01  3.12272e-03  3.54080e-02
  -8136.93  6384.6875  9.99962e-01  9.99961e-01  3.21510e-03  3.75778e-02
  -8108.38  6385.3125  9.99961e-01  9.99961e-01  3.41293e-03  6.18442e-02
  -8079.83  6385.9375  9.99960e-01  9.99960e-01  3.13947e-03  7.28878e-02
  -8051.28  6386.5625  9.99959e-01  9.99959e-01  2.74224e-03  7.45955e-02
  -8022.73  6387.1875  9.99958e-01  9.99958e-01  2.76245e-03  7.17419e-02
  -7994.17  6387.8125  9.99957e-01  9.99957e-01  3.06424e-03  6.90254e-02
  -7965.62  6388.4375  9.99957e-01  9.99957e-01  3.40880e-03  6.70217e-02
  -7937.07  6389.0625  9.99956e-01  9.99956e-01  3.13756e-03  6.87658e-02
  -7908.52  6389.6875  9.99954e-01  9.99955e-01  2.75860e-03  7.32209e-02
  -7879.97  6390.3125  9.99950e-01  9.99951e-01  2.83057e-03  6.40388e-02
  -7851.42  6390.9375  9.99943e-01  9.99943e-01  2.87647e-03  6.07574e-02
  -7822.87  6391.5625  9.99936e-01  9.99936e-01  2.84227e-03  6.49490e-02
  -7794.32  6392.1875  9.99929e-01  9.99929e-01  2.84096e-03  5.39323e-02
  -7765.77  6392.8125  9.99922e-01  9.99922e-01  3.01201e-03  4.68777e-02
  -7737.22  6393.4375  9.99914e-01  9.99914e-01  3.13409e-03  4.11608e-02
  -7708.66  6394.0625  9.99907e-01  9.99907e-01  2.91055e-03  4.49229e-02
  -7680.11  6394.6875  9.99899e-01  9.99900e-01  2.90418e-03  6.18287e-02
  -7651.56  6395.3125  9.99891e-01  9.99891e-01  3.12661e-03  7.04738e-02
  -7623.01  6395.9375  9.99881e-01  9.99881e-01  3.41211e-03  6.85883e-02
  -7594.46  6396.5625  9.99872e-01  9.99872e-01  3.62470e-03  6.93469e-02
  -7565.91  6397.1875  9.99865e-01  9.99863e-01  3.57466e-03  6.93392e-02
  -7537.36  6397.8125  9.99870e-01  9.99854e-01  3.31661e-03  7.62593e-02
  -7508.81  6398.4375  9.99897e-01  9.99900e-01  2.82480e-03  7.57295e-02
  -7480.26  6399.0625  9.99924e-01  9.99934e-01  2.49995e-03  6.24814e-02
  -7451.71  6399.6875  9.99936e-01  9.99937e-01  2.64125e-03  6.61719e-02
  -7423.15  6400.3125  9.99940e-01  9.99941e-01  2.78502e-03  7.47050e-02
  -7394.60  6400.9375  9.99940e-01  9.99941e-01  2.68624e-03  6.17745e-02
  -7366.05  6401.5625  9.99939e-01  9.99939e-01  2.52373e-03  6.44399e-02
  -7337.50  6402.1875  9.99936e-01  9.99936e-01  2.59925e-03  9.63616e-02
  -7308.95  6402.8125  9.99932e-01  9.99932e-01  2.58869e-03  1.22312e-01
  -7280.40  6403.4375  9.99927e-01  9.99928e-01  2.81510e-03  1.22902e-01
  -7251.85  6404.0625  9.99922e-01  9.99922e-01  3.14156e-03  1.05727e-01
  -7223.30  6404.6875  9.99915e-01  9.99914e-01  3.06326e-03  8.48942e-02
  -7194.75  6405.3125  9.99908e-01  9.99908e-01  3.08256e-03  8.08359e-02
  -7166.19  6405.9375  9.99901e-01  9.99902e-01  3.35232e-03  8.32214e-02
  -7137.64  6406.5625  9.99893e-01  9.99892e-01  3.43098e-03  8.47268e-02
  -7109.09  6407.1875  9.99886e-01  9.99885e-01  3.45966e-03  8.62670e-02
  -7080.54  6407.8125  9.99879e-01  9.99879e-01  3.27986e-03  6.72567e-02
  -7051.99  6408.4375  9.99870e-01  9.99871e-01  3.28986e-03  6.20795e-02
  -7023.44  6409.0625  9.99857e-01  9.99858e-01  3.18590e-03  9.11116e-02
  -6994.89  6409.6875  9.99843e-01  9.99843e-01  2.95912e-03  1.02405e-01
  -6966.34  6410.3125  9.99828e-01  9.99828e-01  2.76594e-03  8.61191e-02
  -6937.79  6410.9375  9.99812e-01  9.99814e-01  2.54778e-03  9.86947e-02
  -6909.24  6411.5625  9.99791e-01  9.99796e-01  2.49373e-03  1.04058e-01
  -6880.68  6412.1875  9.99764e-01  9.99764e-01  2.73845e-03  7.28761e-02
  -6852.13  6412.8125  9.99734e-01  9.99732e-01  3.18921e-03  6.37676e-02
  -6823.58  6413.4375  9.99708e-01  9.99708e-01  3.01634e-03  7.39306e-02
  -6795.03  6414.0625  9.99682e-01  9.99684e-01  3.02301e-03  8.90930e-02
  -6766.48  6414.6875  9.99653e-01  9.99656e-01  3.04566e-03  1.06664e-01
  -6737.93  6415.3125  9.99617e-01  9.99619e-01  2.78202e-03  1.17545e-01
  -6709.38  6415.9375  9.99578e-01  9.99575e-01  2.82517e-03  1.10092e-01
  -6680.83  6416.5625  9.99543e-01  9.99542e-01  2.98640e-03  1.00401e-01
  -6652.28  6417.1875  9.99512e-01  9.99512e-01  3.05288e-03  9.38010e-02
  -6623.73  6417.8125  9.99486e-01  9.99478e-01  3.01006e-03  9.05779e-02
  -6595.17  6418.4375  9.99469e-01  9.99471e-01  3.17271e-03  9.95991e-02
  -6566.62  6419.0625  9.99438e-01  9.99458e-01  3.29030e-03  1.15681e-01
  -6538.07  6419.6875  9.99331e-01  9.99411e-01  3.06029e-03  1.01875e-01
  -6509.52  6420.3125  9.99090e-01  9.99114e-01  2.97233e-03  8.65480e-02
  -6480.97  6420.9375  9.98765e-01  9.98768e-01  2.95623e-03  1.04406e-01
  -6452.42  6421.5625  9.98420e-01  9.98419e-01  2.86049e-03  1.32875e-01
  -6423.87  6422.1875  9.98075e-01  9.98071e-01  2.86218e-03  1.60826e-01
  -6395.32  6422.8125  9.97736e-01  9.97737e-01  2.86208e-03  1.64691e-01
  -6366.77  6423.4375  9.97398e-01  9.97400e-01  2.77549e-03  1.45622e-01
  -6338.21  6424.0625  9.97058e-01  9.97060e-01  2.90974e-03  1.57934e-01
  -6309.66  6424.6875  9.96715e-01  9.96717e-01  2.86527e-03  1.84039e-01
  -6281.11  6425.3125  9.96362e-01  9.96370e-01  2.88289e-03  1.70749e-01
  -6252.56  6425.9375  9.95955e-01  9.96021e-01  3.04266e-03  1.43907e-01
  -6224.01  6426.5625  9.95444e-01  9.95460e-01  2.78001e-03  1.54417e-01
  -6195.46  6427.1875  9.94869e-01  9.94871e-01  2.68937e-03  1.76468e-01
  -6166.91  6427.8125  9.94280e-01  9.94281e-01  2.74285e-03  1.67843e-01
  -6138.36  6428.4375  9.93687e-01  9.93688e-01  2.84255e-03  1.65332e-01
  -6109.81  6429.0625  9.93088e-01  9.93092e-01  2.91884e-03  2.11604e-01
  -6081.26  6429.6875  9.92455e-01  9.92495e-01  2.81122e-03  2.41670e-01
  -6052.70  6430.3125  9.91713e-01  9.91798e-01  2.76379e-03  2.13039e-01
  -6024.15  6430.9375  9.90827e-01  9.90837e-01  2.65432e-03  2.05861e-01
  -5995.60  6431.5625  9.89876e-01  9.89876e-01  2.60174e-03  2.29115e-01
  -5967.05  6432.1875  9.88916e-01  9.88916e-01  2.57499e-03  2.57783e-01
  -5938.50  6432.8125  9.87956e-01  9.87956e-01  2.59444e-03  2.63001e-01
  -5909.95  6433.4375  9.86997e-01  9.86998e-01  2.89114e-03  2.43951e-01
  -5881.40  6434.0625  9.86032e-01  9.86041e-01  3.19084e-03  2.65588e-01
  -5852.85  6434.6875  9.85047e-01  9.85058e-01  3.29852e-03  2.90144e-01
  -5824.30  6435.3125  9.84041e-01  9.84042e-01  2.87569e-03  2.75912e-01
  -5795.75  6435.9375  9.83027e-01  9.83027e-01  2.53497e-03  2.68532e-01
  -5767.19  6436.5625  9.82013e-01  9.82013e-01  2.88359e-03  2.87740e-01
  -5738.64  6437.1875  9.81011e-01  9.80998e-01  3.34243e-03  3.16283e-01
  -5710.09  6437.8125  9.80103e-01  9.79983e-01  3.02655e-03  3.29498e-01
  -5681.54  6438.4375  9.79452e-01  9.79306e-01  2.70232e-03  2.99697e-01
  -5652.99  6439.0625  9.79077e-01  9.79064e-01  2.42245e-03  2.48550e-01
  -5624.44  6439.6875  9.78807e-01  9.78813e-01  2.35644e-03  2.78428e-01
  -5595.89  6440.3125  9.78522e-01  9.78550e-01  2.48595e-03  3.43004e-01
  -5567.34  6440.9375  9.78145e-01  9.78228e-01  2.63233e-03  3.55544e-01
  -5538.79  6441.5625  9.77627e-01  9.77645e-01  2.97763e-03  3.39075e-01
  -5510.24  6442.1875  9.76996e-01  9.77041e-01  3.13502e-03  3.31827e-01
  -5481.68  6442.8125  9.76097e-01  9.76412e-01  3.14899e-03  3.27227e-01
  -5453.13  6443.4375  9.74665e-01  9.74802e-01  3.15492e-03  3.50764e-01
  -5424.58  6444.0625  9.72838e-01  9.72867e-01  2.93167e-03  3.72839e-01
  -5396.03  6444.6875  9.70845e-01  9.70900e-01  2.73618e-03  3.52483e-01
  -5367.48  6445.3125  9.68722e-01  9.68779e-01  2.43980e-03  3.10165e-01
  -5338.93  6445.9375  9.66445e-01  9.66500e-01  2.50712e-03  2.88464e-01
  -5310.38  6446.5625  9.63830e-01  9.64181e-01  2.65277e-03  2.77678e-01
  -5281.83  6447.1875  9.60427e-01  9.60892e-01  2.59137e-03  3.27529e-01
  -5253.28  6447.8125  9.56139e-01  9.56212e-01  2.74748e-03  4.02318e-01
  -5224.72  6448.4375  9.51318e-01  9.51504e-01  2.76795e-03  4.13319e-01
  -5196.17  6449.0625  9.45633e-01  9.46548e-01  2.55333e-03  3.88762e-01
  -5167.62  6449.6875  9.38551e-01  9.38652e-01  2.37078e-03  3.86165e-01
  -5139.07  6450.3125  9.30758e-01  9.30774e-01  2.29879e-03  3.67751e-01
  -5110.52  6450.9375  9.22723e-01  9.22913e-01  2.54187e-03  3.99272e-01
  -5081.97  6451.5625  9.14141e-01  9.14604e-01  2.81404e-03  4.81125e-01
  -5053.42  6452.1875  9.04807e-01  9.04839e-01  2.68418e-03  5.06722e-01
  -5024.87  6452.8125  8.95126e-01  8.95138e-01  2.31654e-03  4.91922e-01
  -4996.32  6453.4375  8.85156e-01  8.85504e-01  2.25791e-03  4.77052e-01
  -4967.77  6454.0625  8.74207e-01  8.75041e-01  2.17153e-03  4.90224e-01
  -4939.21  6454.6875  8.61913e-01  8.61950e-01  2.05934e-03  4.63506e-01
  -4910.66  6455.3125  8.49039e-01  8.49035e-01  2.13209e-03  4.75440e-01
  -4882.11  6455.9375  8.35780e-01  8.36297e-01  2.34810e-03  5.36995e-01
  -4853.56  6456.5625  8.21280e-01  8.22192e-01  2.38617e-03  6.02651e-01
  -4825.01  6457.1875  8.05264e-01  8.05245e-01  2.31682e-03  6.30486e-01
  -4796.46  6457.8125  7.88870e-01  7.88646e-01  2.28948e-03  6.28785e-01
  -4767.91  6458.4375  7.73422e-01  7.72381e-01  2.02510e-03  5.97776e-01
  -4739.36  6459.0625  7.60117e-01  7.59113e-01  1.80606e-03  6.17796e-01
  -4710.81  6459.6875  7.48950e-01  7.48729e-01  1.87143e-03  6.19089e-01
  -4682.26  6460.3125  7.39383e-01  7.38428e-01  1.88570e-03  6.19909e-01
  -4653.70  6460.9375  7.32829e-01  7.30242e-01  1.82873e-03  6.31277e-01
  -4625.15  6461.5625  7.30208e-01  7.30246e-01  1.79495e-03  6.71638e-01
  -4596.60  6462.1875  7.27411e-01  7.30146e-01  1.77338e-03  6.76387e-01
  -4568.05  6462.8125  7.19672e-01  7.21843e-01  1.67609e-03  6.34150e-01
  -4539.50  6463.4375  7.06464e-01  7.07751e-01  1.75062e-03  6.43123e-01
  -4510.95  6464.0625  6.87777e-01  6.91655e-01  1.72496e-03  7.36458e-01
  -4482.40  6464.6875  6.63024e-01  6.63107e-01  1.53271e-03  8.30868e-01
  -4453.85  6465.3125  6.35920e-01  6.35690e-01  1.27216e-03  8.30360e-01
  -4425.30  6465.9375  6.09137e-01  6.08851e-01  1.04305e-03  8.06774e-01
  -4396.74  6466.5625  5.83189e-01  5.82727e-01  9.79464e-04  8.43119e-01
  -4368.19  6467.1875  5.58532e-01  5.57701e-01  9.63972e-04  8.57770e-01
  -4339.64  6467.8125  5.34005e-01  5.35324e-01  8.74460e-04  8.28380e-01
  -4311.09  6468.4375  4.98677e-01  5.13898e-01  9.44741e-04  8.27190e-01
  -4282.54  6469.0625  4.36733e-01  4.46242e-01  1.01660e-03  8.79148e-01
  -4253.99  6469.6875  3.58929e-01  3.49867e-01  9.09558e-04  9.17323e-01
  -4225.44  6470.3125  2.98781e-01  2.79444e-01  7.89111e-04  9.05480e-01
  -4196.89  6470.9375  2.71559e-01  2.68682e-01  6.74140e-04  9.19446e-01
  -4168.34  6471.5625  2.62919e-01  2.58492e-01  5.42257e-04  1.03087e+00
  -4139.79  6472.1875  2.62509e-01  2.62392e-01  4.95966e-04  1.08565e+00
  -4111.23  6472.8125  2.62721e-01  2.66129e-01  4.87364e-04  1.06337e+00
  -4082.68  6473.4375  2.54859e-01  2.61076e-01  5.09807e-04  1.03945e+00
  -4054.13  6474.0625  2.37652e-01  2.36158e-01  4.92048e-04  9.93986e-01
  -4025.58  6474.6875  2.20491e-01  2.17070e-01  4.32446e-04  9.38910e-01
  -3997.03  6475.3125  2.05799e-01  2.10353e-01  3.48216e-04  9.56916e-01
  -3968.48  6475.9375  1.86369e-01  1.87750e-01  2.76961e-04  9.97817e-01
  -3939.93  6476.5625  1.63335e-01  1.61950e-01  2.21838e-04  1.00736e+00
  -3911.38  6477.1875  1.42279e-01  1.40466e-01  3.26788e-04  1.07506e+00
  -3882.83  6477.8125  1.24942e-01  1.24211e-01  5.28877e-04  1.10300e+00
  -3854.28  6478.4375  1.10761e-01  1.09126e-01  5.22813e-04  1.06093e+00
  -3825.72  6479.0625  1.00160e-01  9.87425e-02  2.82248e-04  1.04196e+00
  -3797.17  6479.6875  9.32433e-02  9.19900e-02  1.65376e-04  1.10031e+00
  -3768.62  6480.3125  8.92855e-02  8.86861e-02  1.95752e-04  1.16917e+00
  -3740.07  6480.9375  8.71099e-02  8.67947e-02  3.12839e-04  1.19002e+00
  -3711.52  6481.5625  8.55599e-02  8.59020e-02  3.74194e-04  1.18063e+00
  -3682.97  6482.1875  8.40079e-02  8.36276e-02  3.52827e-04  1.21487e+00
  -3654.42  6482.8125  8.31017e-02  8.25713e-02  3.86132e-04  1.23638e+00
  -3625.87  6483.4375  8.34176e-02  8.29444e-02  5.25385e-04  1.24683e+00
  -3597.32  6484.0625  8.48543e-02  8.46068e-02  5.40656e-04  1.28025e+00
  -3568.76  6484.6875  8.70105e-02  8.68726e-02  4.00923e-04  1.31855e+00
  -3540.21  6485.3125  8.95564e-02  8.94901e-02  3.24576e-04  1.35710e+00
  -3511.66  6485.9375  9.23079e-02  9.22661e-02  3.98193e-04  1.41797e+00
  -3483.11  6486.5625  9.51816e-02  9.51470e-02  5.45871e-04  1.50466e+00
  -3454.56  6487.1875  9.81529e-02  9.81147e-02  4.69265e-04  1.58890e+00
  -3426.01  6487.8125  1.01216e-01  1.01187e-01  3.09050e-04  1.58576e+00
  -3397.46  6488.4375  1.04359e-01  1.04331e-01  3.59573e-04  1.42169e+00
  -3368.91  6489.0625  1.07570e-01  1.07550e-01  4.29221e-04  1.36675e+00
  -3340.36  6489.6875  1.10839e-01  1.10814e-01  4.85524e-04  1.44372e+00
  -3311.81  6490.3125  1.14162e-01  1.14152e-01  5.00775e-04  1.55904e+00
  -3283.25  6490.9375  1.17530e-01  1.17507e-01  4.85324e-04  1.69813e+00
  -3254.70  6491.5625  1.20944e-01  1.20933e-01  5.00828e-04  1.69450e+00
  -3226.15  6492.1875  1.24395e-01  1.24381e-01  5.47960e-04  1.71797e+00
  -3197.60  6492.8125  1.27885e-01  1.27865e-01  5.28492e-04  1.74671e+00
  -3169.05  6493.4375  1.31415e-01  1.31406e-01  4.53946e-04  1.66116e+00
  -3140.50  6494.0625  1.34978e-01  1.34965e-01  4.58794e-04  1.56144e+00
  -3111.95  6494.6875  1.38575e-01  1.38559e-01  5.46425e-04  1.60152e+00
  -3083.40  6495.3125  1.42211e-01  1.42199e-01  6.36736e-04  1.72332e+00
  -3054.85  6495.9375  1.45881e-01  1.45866e-01  6.27042e-04  1.78992e+00
  -3026.30  6496.5625  1.49586e-01  1.49573e-01  6.80136e-04  1.76189e+00
  -2997.74  6497.1875  1.53327e-01  1.53314e-01  8.09454e-04  1.73305e+00
  -2969.19  6497.8125  1.57103e-01  1.57088e-01  8.35207e-04  1.67975e+00
  -2940.64  6498.4375  1.60916e-01  1.60901e-01  8.95798e-04  1.72382e+00
  -2912.09  6499.0625  1.64768e-01  1.64755e-01  9.82046e-04  1.72624e+00
  -2883.54  6499.6875  1.68658e-01  1.68642e-01  7.98386e-04  1.80514e+00
  -2854.99  6500.3125  1.72588e-01  1.72572e-01  6.97800e-04  1.92368e+00
  -2826.44  6500.9375  1.76558e-01  1.76543e-01  7.18283e-04  1.89363e+00
  -2797.89  6501.5625  1.80569e-01  1.80553e-01  7.16713e-04  1.93311e+00
  -2769.34  6502.1875  1.84621e-01  1.84605e-01  7.03653e-04  1.91658e+00
  -2740.78  6502.8125  1.88715e-01  1.88699e-01  7.52518e-04  1.96690e+00
  -2712.23  6503.4375  1.92851e-01  1.92834e-01  8.28085e-04  2.12606e+00
  -2683.68  6504.0625  1.97029e-01  1.97012e-01  8.11578e-04  2.12030e+00
  -2655.13  6504.6875  2.01250e-01  2.01232e-01  7.81062e-04  2.07328e+00
  -2626.58  6505.3125  2.05519e-01  2.05499e-01  7.01081e-04  2.03796e+00
  -2598.03  6505.9375  2.09839e-01  2.09819e-01  6.82537e-04  2.03856e+00
  -2569.48  6506.5625  2.14209e-01  2.14191e-01  7.50365e-04  2.04924e+00
  -2540.93  6507.1875  2.18629e-01  2.18611e-01  9.25268e-04  1.98301e+00
  -2512.38  6507.8125  2.23095e-01  2.23078e-01  1.10142e-03  1.92493e+00
  -2483.83  6508.4375  2.27607e-01  2.27589e-01  1.15985e-03  2.07552e+00
  -2455.27  6509.0625  2.32167e-01  2.32146e-01  9.60694e-04  2.19436e+00
  -2426.72  6509.6875  2.36784e-01  2.36758e-01  8.90835e-04  2.13522e+00
  -2398.17  6510.3125  2.41465e-01  2.41441e-01  9.23915e-04  2.09956e+00
  -2369.62  6510.9375  2.46207e-01  2.46188e-01  9.04085e-04  2.14815e+00
  -2341.07  6511.5625  2.51000e-01  2.50984e-01  8.25166e-04  2.19367e+00
  -2312.52  6512.1875  2.55842e-01  2.55818e-01  7.48154e-04  2.19063e+00
  -2283.97  6512.8125  2.60746e-01  2.60714e-01  9.50372e-04  2.15789e+00
  -2255.42  6513.4375  2.65722e-01  2.65698e-01  1.36583e-03  2.12853e+00
  -2226.87  6514.0625  2.70761e-01  2.70744e-01  1.42589e-03  2.23016e+00
  -2198.32  6514.6875  2.75858e-01  2.75828e-01  1.13358e-03  2.38343e+00
  -2169.76  6515.3125  2.81025e-01  2.80996e-01  8.28103e-04  2.45164e+00
  -2141.21  6515.9375  2.86264e-01  2.86241e-01  8.44600e-04  2.42407e+00
  -2112.66  6516.5625  2.91569e-01  2.91541e-01  9.93770e-04  2.35476e+00
  -2084.11  6517.1875  2.96947e-01  2.96915e-01  9.00959e-04  2.46019e+00
  -2055.56  6517.8125  3.02402e-01  3.02375e-01  8.16940e-04  2.60155e+00
  -2027.01  6518.4375  3.07932e-01  3.07902e-01  9.84687e-04  2.61725e+00
  -1998.46  6519.0625  3.13540e-01  3.13504e-01  1.30814e-03  2.55242e+00
  -1969.91  6519.6875  3.19231e-01  3.19208e-01  1.55837e-03  2.46409e+00
  -1941.36  6520.3125  3.25002e-01  3.24960e-01  1.51616e-03  2.59966e+00
  -1912.80  6520.9375  3.30865e-01  3.30834e-01  1.27708e-03  2.85041e+00
  -1884.25  6521.5625  3.36816e-01  3.36782e-01  1.17766e-03  3.00584e+00
  -1855.70  6522.1875  3.42855e-01  3.42817e-01  1.40395e-03  3.19263e+00
  -1827.15  6522.8125  3.48989e-01  3.48954e-01  1.61808e-03  3.23108e+00
  -1798.60  6523.4375  3.55221e-01  3.55180e-01  1.52880e-03  3.16080e+00
  -1770.05  6524.0625  3.61552e-01  3.61517e-01  1.67854e-03  3.28064e+00
  -1741.50  6524.6875  3.67987e-01  3.67941e-01  1.82557e-03  3.47665e+00
  -1712.95  6525.3125  3.74529e-01  3.74493e-01  1.81112e-03  3.58667e+00
  -1684.40  6525.9375  3.81181e-01  3.81129e-01  1.73959e-03  3.64993e+00
  -1655.85  6526.5625  3.87949e-01  3.87911e-01  1.60378e-03  3.69272e+00
  -1627.29  6527.1875  3.94835e-01  3.94781e-01  1.44712e-03  3.86983e+00
  -1598.74  6527.8125  4.01845e-01  4.01801e-01  1.37555e-03  4.07967e+00
  -1570.19  6528.4375  4.08982e-01  4.08928e-01  1.36384e-03  4.34321e+00
  -1541.64  6529.0625  4.16251e-01  4.16200e-01  1.51816e-03  4.46955e+00
  -1513.09  6529.6875  4.23657e-01  4.23602e-01  1.59683e-03  4.47802e+00
  -1484.54  6530.3125  4.31207e-01  4.31149e-01  1.46590e-03  4.68947e+00
  -1455.99  6530.9375  4.38904e-01  4.38847e-01  1.51145e-03  5.14215e+00
  -1427.44  6531.5625  4.46754e-01  4.46691e-01  1.79318e-03  5.57267e+00
  -1398.89  6532.1875  4.54764e-01  4.54703e-01  2.01050e-03  5.72817e+00
  -1370.34  6532.8125  4.62941e-01  4.62867e-01  1.77292e-03  5.71651e+00
  -1341.78  6533.4375  4.71294e-01  4.71231e-01  1.52067e-03  5.88748e+00
  -1313.23  6534.0625  4.79827e-01  4.79751e-01  1.48149e-03  6.12731e+00
  -1284.68  6534.6875  4.88550e-01  4.88474e-01  1.35352e-03  6.30354e+00
  -1256.13  6535.3125  4.97473e-01  4.97396e-01  1.38746e-03  6.51674e+00
  -1227.58  6535.9375  5.06603e-01  5.06516e-01  1.63266e-03  6.76748e+00
  -1199.03  6536.5625  5.15952e-01  5.15867e-01  1.86168e-03  7.00263e+00
  -1170.48  6537.1875  5.25529e-01  5.25437e-01  2.00145e-03  7.28074e+00
  -1141.93  6537.8125  5.35346e-01  5.35246e-01  2.06348e-03  7.56693e+00
  -1113.38  6538.4375  5.45418e-01  5.45317e-01  2.12533e-03  7.97543e+00
  -1084.83  6539.0625  5.55756e-01  5.55651e-01  2.35903e-03  8.54322e+00
  -1056.27  6539.6875  5.66373e-01  5.66256e-01  2.64230e-03  8.96921e+00
  -1027.72  6540.3125  5.77290e-01  5.77167e-01  2.82481e-03  9.27269e+00
   -999.17  6540.9375  5.88525e-01  5.88399e-01  2.97231e-03  9.70411e+00
   -970.62  6541.5625  6.00093e-01  5.99958e-01  3.05954e-03  1.04705e+01
   -942.07  6542.1875  6.12014e-01  6.11867e-01  2.77133e-03  1.13204e+01
   -913.52  6542.8125  6.24315e-01  6.24160e-01  2.54313e-03  1.18545e+01
   -884.97  6543.4375  6.37021e-01  6.36855e-01  2.80708e-03  1.25318e+01
   -856.42  6544.0625  6.50162e-01  6.49985e-01  2.86509e-03  1.34182e+01
   -827.87  6544.6875  6.63767e-01  6.63575e-01  2.43853e-03  1.42479e+01
   -799.31  6545.3125  6.77875e-01  6.77665e-01  2.29489e-03  1.53116e+01
   -770.76  6545.9375  6.92531e-01  6.92305e-01  2.55830e-03  1.67633e+01
   -742.21  6546.5625  7.07779e-01  7.07533e-01  2.71724e-03  1.78899e+01
   -713.66  6547.1875  7.23672e-01  7.23404e-01  2.65768e-03  1.88622e+01
   -685.11  6547.8125  7.40268e-01  7.39974e-01  2.87850e-03  2.00102e+01
   -656.56  6548.4375  7.57639e-01  7.57307e-01  3.11804e-03  2.10246e+01
   -628.01  6549.0625  7.75872e-01  7.75508e-01  3.38435e-03  2.17379e+01
   -599.46  6549.6875  7.95060e-01  7.94657e-01  3.64751e-03  2.22318e+01
   -570.91  6550.3125  8.15303e-01  8.14856e-01  3.47853e-03  2.23545e+01
   -542.36  6550.9375  8.36719e-01  8.36220e-01  3.36436e-03  2.25700e+01
   -513.80  6551.5625  8.59446e-01  8.58884e-01  3.70820e-03  2.29142e+01
   -485.25  6552.1875  8.83645e-01  8.83010e-01  3.90870e-03  2.30444e+01
   -456.70  6552.8125  9.09504e-01  9.08793e-01  3.93152e-03  2.31674e+01
   -428.15  6553.4375  9.37227e-01  9.36426e-01  3.83104e-03  2.33238e+01
   -399.60  6554.0625  9.67054e-01  9.66144e-01  3.82076e-03  2.36127e+01
   -371.05  6554.6875  9.99273e-01  9.98230e-01  3.91286e-03  2.38219e+01
   -342.50  6555.3125  1.03423e+00  1.03303e+00  3.91766e-03  2.39169e+01
   -313.95  6555.9375  1.07238e+00  1.07096e+00  3.74060e-03  2.36263e+01
   -285.40  6556.5625  1.11430e+00  1.11258e+00  3.61737e-03  2.33166e+01
   -256.85  6557.1875  1.16082e+00  1.15865e+00  3.73557e-03  2.36427e+01
   -228.29  6557.8125  1.21319e+00  1.21031e+00  4.28794e-03  2.40926e+01
   -199.74  6558.4375  1.27368e+00  1.26932e+00  4.72018e-03  2.41723e+01
   -171.19  6559.0625  1.35006e+00  1.33886e+00  4.48300e-03  2.39344e+01
   -142.64  6559.6875  1.47190e+00  1.42604e+00  4.24444e-03  2.40567e+01
   -114.09  6560.3125  1.66155e+00  1.66246e+00  4.73097e-03  2.40967e+01
    -85.54  6560.9375  1.88261e+00  1.87532e+00  5.54281e-03  2.39933e+01
    -56.99  6561.5625  2.10970e+00  2.11348e+00  6.59485e-03  2.38835e+01
    -28.44  6562.1875  2.29155e+00  2.36403e+00  6.91163e-03  2.37319e+01
      0.11  6562.8125  2.36446e+00  2.38079e+00  6.79508e-03  2.37027e+01
     28.67  6563.4375  2.36686e+00  2.37423e+00  7.21416e-03  2.35340e+01
     57.22  6564.0625  2.34455e+00  2.34878e+00  7.83466e-03  2.35866e+01
     85.77  6564.6875  2.31063e+00  2.31244e+00  8.07104e-03  2.37695e+01
    114.32  6565.3125  2.27131e+00  2.27166e+00  7.97258e-03  2.37885e+01
    142.87  6565.9375  2.23054e+00  2.23017e+00  8.16247e-03  2.35338e+01
    171.42  6566.5625  2.19046e+00  2.18977e+00  8.31319e-03  2.34019e+01
    199.97  6567.1875  2.15201e+00  2.15123e+00  8.04165e-03  2.32489e+01
    228.52  6567.8125  2.11552e+00  2.11474e+00  7.67769e-03  2.32528e+01
    257.07  6568.4375  2.08103e+00  2.08030e+00  7.61656e-03  2.34645e+01
    285.62  6569.0625  2.04846e+00  2.04778e+00  7.37663e-03  2.36455e+01
    314.18  6569.6875  2.01768e+00  2.01705e+00  6.92671e-03  2.35899e+01
    342.73  6570.3125  1.98856e+00  1.98797e+00  6.65878e-03  2.33681e+01
    371.28  6570.9375  1.96096e+00  1.96042e+00  6.06139e-03  2.33116e+01
    399.83  6571.5625  1.93478e+00  1.93428e+00  5.86214e-03  2.32587e+01
    428.38  6572.1875  1.90992e+00  1.90945e+00  6.17176e-03  2.28872e+01
    456.93  6572.8125  1.88627e+00  1.88584e+00  6.23942e-03  2.23101e+01
    485.48  6573.4375  1.86377e+00  1.86336e+00  6.32284e-03  2.22617e+01
    514.03  6574.0625  1.84233e+00  1.84195e+00  6.71741e-03  2.25365e+01
    542.58  6574.6875  1.82187e+00  1.82152e+00  7.03529e-03  2.21325e+01
    571.13  6575.3125  1.80232e+00  1.80200e+00  6.77834e-03  2.16212e+01
    599.69  6575.9375  1.78362e+00  1.78332e+00  6.00982e-03  2.14100e+01
    628.24  6576.5625  1.76572e+00  1.76543e+00  5.39829e-03  2.11550e+01
    656.79  6577.1875  1.74855e+00  1.74828e+00  5.34343e-03  2.07222e+01
    685.34  6577.8125  1.73208e+00  1.73183e+00  5.76557e-03  2.02333e+01
    713.89  6578.4375  1.71624e+00  1.71601e+00  5.73802e-03  1.93927e+01
    742.44  6579.0625  1.70099e+00  1.70078e+00  5.65889e-03  1.86658e+01
    770.99  6579.6875  1.68630e+00  1.68610e+00  5.61910e-03  1.77064e+01
    799.54  6580.3125  1.67213e+00  1.67194e+00  5.34131e-03  1.65867e+01
    828.09  6580.9375  1.65844e+00  1.65827e+00  4.95633e-03  1.56171e+01
    856.65  6581.5625  1.64521e+00  1.64505e+00  5.02592e-03  1.45822e+01
    885.20  6582.1875  1.63240e+00  1.63224e+00  5.10247e-03  1.36225e+01
    913.75  6582.8125  1.61999e+00  1.61984e+00  5.21281e-03  1.30396e+01
    942.30  6583.4375  1.60795e+00  1.60782e+00  5.36478e-03  1.24527e+01
    970.85  6584.0625  1.59627e+00  1.59615e+00  5.09082e-03  1.18827e+01
    999.40  6584.6875  1.58492e+00  1.58481e+00  5.20585e-03  1.12868e+01
   1027.95  6585.3125  1.57389e+00  1.57377e+00  5.52502e-03  1.04909e+01
   1056.50  6585.9375  1.56316e+00  1.56304e+00  5.50487e-03  9.85840e+00
   1085.05  6586.5625  1.55271e+00  1.55261e+00  5.49644e-03  9.32075e+00
   1113.60  6587.1875  1.54252e+00  1.54243e+00  5.39192e-03  8.80040e+00
   1142.16  6587.8125  1.53260e+00  1.53250e+00  5.35160e-03  8.41222e+00
   1170.71  6588.4375  1.52291e+00  1.52282e+00  5.52806e-03  7.91357e+00
   1199.26  6589.0625  1.51346e+00  1.51338e+00  5.50632e-03  7.57204e+00
   1227.81  6589.6875  1.50422e+00  1.50414e+00  5.28607e-03  7.32218e+00
   1256.36  6590.3125  1.49520e+00  1.49513e+00  5.14925e-03  7.10363e+00
   1284.91  6590.9375  1.48638e+00  1.48630e+00  5.02478e-03  6.81058e+00
   1313.46  6591.5625  1.47775e+00  1.47767e+00  4.86202e-03  6.54735e+00
   1342.01  6592.1875  1.46930e+00  1.46924e+00  4.88080e-03  6.34880e+00
   1370.56  6592.8125  1.46103e+00  1.46096e+00  5.09661e-03  6.16470e+00
   1399.11  6593.4375  1.45293e+00  1.45287e+00  4.74371e-03  6.00211e+00
   1427.67  6594.0625  1.44499e+00  1.44493e+00  4.31532e-03  5.77183e+00
   1456.22  6594.6875  1.43721e+00  1.43715e+00  4.68027e-03  5.49520e+00
   1484.77  6595.3125  1.42957e+00  1.42952e+00  5.16676e-03  5.28127e+00
   1513.32  6595.9375  1.42209e+00  1.42203e+00  5.10021e-03  5.10098e+00
   1541.87  6596.5625  1.41474e+00  1.41469e+00  4.73451e-03  4.90669e+00
   1570.42  6597.1875  1.40752e+00  1.40747e+00  4.20532e-03  4.74007e+00
   1598.97  6597.8125  1.40043e+00  1.40039e+00  4.21261e-03  4.64977e+00
   1627.52  6598.4375  1.39347e+00  1.39342e+00  4.20331e-03  4.54033e+00
   1656.07  6599.0625  1.38663e+00  1.38660e+00  3.90087e-03  4.31488e+00
   1684.63  6599.6875  1.37991e+00  1.37986e+00  4.08313e-03  4.07104e+00
   1713.18  6600.3125  1.37330e+00  1.37326e+00  4.64278e-03  3.85178e+00
   1741.73  6600.9375  1.36680e+00  1.36675e+00  5.02713e-03  3.70440e+00
   1770.28  6601.5625  1.36040e+00  1.36036e+00  5.02755e-03  3.66231e+00
   1798.83  6602.1875  1.35410e+00  1.35406e+00  4.74440e-03  3.59495e+00
   1827.38  6602.8125  1.34791e+00  1.34787e+00  4.70133e-03  3.59112e+00
   1855.93  6603.4375  1.34180e+00  1.34177e+00  4.57591e-03  3.50367e+00
   1884.48  6604.0625  1.33579e+00  1.33576e+00  4.45057e-03  3.22913e+00
   1913.03  6604.6875  1.32987e+00  1.32984e+00  4.60320e-03  2.99091e+00
   1941.58  6605.3125  1.32404e+00  1.32400e+00  4.65031e-03  2.91232e+00
   1970.14  6605.9375  1.31830e+00  1.31827e+00  4.58935e-03  2.82062e+00
   1998.69  6606.5625  1.31263e+00  1.31260e+00  4.33439e-03  2.76230e+00
   2027.24  6607.1875  1.30705e+00  1.30702e+00  4.05849e-03  2.86705e+00
   2055.79  6607.8125  1.30154e+00  1.30151e+00  3.94077e-03  2.84269e+00
   2084.34  6608.4375  1.29611e+00  1.29608e+00  3.82982e-03  2.74478e+00
   2112.89  6609.0625  1.29075e+00  1.29072e+00  3.71475e-03  2.77274e+00
   2141.44  6609.6875  1.28547e+00  1.28545e+00  3.68910e-03  2.68425e+00
   2169.99  6610.3125  1.28025e+00  1.28022e+00  4.09950e-03  2.46861e+00
   2198.54  6610.9375  1.27510e+00  1.27507e+00  4.27036e-03  2.38293e+00
   2227.09  6611.5625  1.27003e+00  1.27001e+00  4.17887e-03  2.39554e+00
   2255.65  6612.1875  1.26500e+00  1.26498e+00  3.92191e-03  2.36256e+00
   2284.20  6612.8125  1.26005e+00  1.26001e+00  3.69318e-03  2.32047e+00
   2312.75  6613.4375  1.25516e+00  1.25513e+00  3.57882e-03  2.31868e+00
   2341.30  6614.0625  1.25033e+00  1.25032e+00  3.61796e-03  2.33218e+00
   2369.85  6614.6875  1.24555e+00  1.24554e+00  3.75552e-03  2.39008e+00
   2398.40  6615.3125  1.24083e+00  1.24080e+00  3.68485e-03  2.34419e+00
   2426.95  6615.9375  1.23616e+00  1.23614e+00  3.44497e-03  2.19927e+00
   2455.50  6616.5625  1.23156e+00  1.23154e+00  3.50829e-03  2.17741e+00
   2484.05  6617.1875  1.22701e+00  1.22699e+00  3.70090e-03  2.15507e+00
   2512.61  6617.8125  1.22251e+00  1.22250e+00  3.57443e-03  2.14264e+00
   2541.16  6618.4375  1.21806e+00  1.21804e+00  3.58417e-03  2.16907e+00
   2569.71  6619.0625  1.21365e+00  1.21363e+00  3.53413e-03  2.15635e+00
   2598.26  6619.6875  1.20929e+00  1.20927e+00  3.41331e-03  2.10481e+00
   2626.81  6620.3125  1.20499e+00  1.20497e+00  3.56951e-03  1.99929e+00
   2655.36  6620.9375  1.20073e+00  1.20071e+00  3.60749e-03  1.97424e+00
   2683.91  6621.5625  1.19652e+00  1.19650e+00  3.31938e-03  1.99908e+00
   2712.46  6622.1875  1.19235e+00  1.19233e+00  3.36290e-03  1.95463e+00
   2741.01  6622.8125  1.18822e+00  1.18821e+00  3.54245e-03  1.92483e+00
   2769.56  6623.4375  1.18414e+00  1.18412e+00  3.40263e-03  1.90202e+00
   2798.12  6624.0625  1.18010e+00  1.18008e+00  3.22838e-03  1.87201e+00
   2826.67  6624.6875  1.17609e+00  1.17608e+00  3.01729e-03  1.87078e+00
   2855.22  6625.3125  1.17213e+00  1.17212e+00  2.98868e-03  1.84721e+00
   2883.77  6625.9375  1.16821e+00  1.16820e+00  3.01217e-03  1.81073e+00
   2912.32  6626.5625  1.16433e+00  1.16432e+00  3.31602e-03  1.79420e+00
   2940.87  6627.1875  1.16049e+00  1.16047e+00  3.69808e-03  1.75008e+00
   2969.42  6627.8125  1.15668e+00  1.15666e+00  3.64565e-03  1.71705e+00
   2997.97  6628.4375  1.15291e+00  1.15290e+00  3.50019e-03  1.69742e+00
   3026.52  6629.0625  1.14918e+00  1.14916e+00  3.37976e-03  1.69061e+00
   3055.07  6629.6875  1.14547e+00  1.14546e+00  3.17647e-03  1.68011e+00
   3083.63  6630.3125  1.14181e+00  1.14180e+00  3.28237e-03  1.61062e+00
   3112.18  6630.9375  1.13817e+00  1.13816e+00  3.58712e-03  1.47360e+00
   3140.73  6631.5625  1.13458e+00  1.13456e+00  3.49410e-03  1.43940e+00
   3169.28  6632.1875  1.13101e+00  1.13100e+00  3.33925e-03  1.52389e+00
   3197.83  6632.8125  1.12747e+00  1.12745e+00  2.89919e-03  1.62171e+00
   3226.38  6633.4375  1.12397e+00  1.12396e+00  2.82504e-03  1.67232e+00
   3254.93  6634.0625  1.12050e+00  1.12049e+00  3.11154e-03  1.71689e+00
   3283.48  6634.6875  1.11705e+00  1.11704e+00  3.16889e-03  1.69924e+00
   3312.03  6635.3125  1.11364e+00  1.11364e+00  3.15740e-03  1.60451e+00
   3340.58  6635.9375  1.11026e+00  1.11024e+00  3.12647e-03  1.47288e+00
   3369.14  6636.5625  1.10691e+00  1.10690e+00  3.10688e-03  1.35713e+00
   3397.69  6637.1875  1.10358e+00  1.10357e+00  3.16888e-03  1.26352e+00
   3426.24  6637.8125  1.10028e+00  1.10027e+00  3.16750e-03  1.31072e+00
   3454.79  6638.4375  1.09701e+00  1.09700e+00  3.09512e-03  1.40038e+00
   3483.34  6639.0625  1.09377e+00  1.09376e+00  3.09609e-03  1.38253e+00
   3511.89  6639.6875  1.09056e+00  1.09055e+00  3.39625e-03  1.36609e+00
   3540.44  6640.3125  1.08737e+00  1.08735e+00  3.76651e-03  1.38179e+00
   3568.99  6640.9375  1.08421e+00  1.08420e+00  3.47568e-03  1.35370e+00
   3597.54  6641.5625  1.08108e+00  1.08107e+00  3.12522e-03  1.31118e+00
   3626.10  6642.1875  1.07798e+00  1.07797e+00  3.12709e-03  1.27745e+00
   3654.65  6642.8125  1.07490e+00  1.07489e+00  3.19030e-03  1.23527e+00
   3683.20  6643.4375  1.07186e+00  1.07185e+00  3.16663e-03  1.20286e+00
   3711.75  6644.0625  1.06886e+00  1.06885e+00  3.07735e-03  1.17813e+00
   3740.30  6644.6875  1.06590e+00  1.06588e+00  3.17532e-03  1.18042e+00
   3768.85  6645.3125  1.06297e+00  1.06295e+00  3.26153e-03  1.14373e+00
   3797.40  6645.9375  1.06008e+00  1.06007e+00  3.20032e-03  1.09542e+00
   3825.95  6646.5625  1.05724e+00  1.05721e+00  2.95150e-03  1.07770e+00
   3854.50  6647.1875  1.05445e+00  1.05442e+00  2.82206e-03  1.08673e+00
   3883.05  6647.8125  1.05173e+00  1.05170e+00  2.93037e-03  1.06057e+00
   3911.61  6648.4375  1.04908e+00  1.04904e+00  2.94361e-03  1.01582e+00
   3940.16  6649.0625  1.04651e+00  1.04647e+00  2.84264e-03  9.93998e-01
   3968.71  6649.6875  1.04403e+00  1.04400e+00  2.66132e-03  9.95906e-01
   3997.26  6650.3125  1.04164e+00  1.04161e+00  2.62607e-03  9.96890e-01
   4025.81  6650.9375  1.03931e+00  1.03929e+00  2.44045e-03  1.02883e+00
   4054.36  6651.5625  1.03706e+00  1.03702e+00  2.30323e-03  1.08384e+00
   4082.91  6652.1875  1.03487e+00  1.03485e+00  2.54226e-03  1.10005e+00
   4111.46  6652.8125  1.03274e+00  1.03273e+00  2.73514e-03  1.01999e+00
   4140.01  6653.4375  1.03064e+00  1.03064e+00  2.79746e-03  9.33267e-01
   4168.56  6654.0625  1.02856e+00  1.02855e+00  2.75644e-03  8.95156e-01
   4197.12  6654.6875  1.02651e+00  1.02649e+00  2.71110e-03  8.91590e-01
   4225.67  6655.3125  1.02453e+00  1.02448e+00  2.64439e-03  8.61225e-01
   4254.22  6655.9375  1.02268e+00  1.02260e+00  2.52386e-03  8.61546e-01
   4282.77  6656.5625  1.02105e+00  1.02095e+00  2.53418e-03  8.72237e-01
   4311.32  6657.1875  1.01961e+00  1.01957e+00  2.58386e-03  8.94220e-01
   4339.87  6657.8125  1.01831e+00  1.01829e+00  2.66131e-03  9.46682e-01
   4368.42  6658.4375  1.01709e+00  1.01707e+00  2.61983e-03  9.18534e-01
   4396.97  6659.0625  1.01595e+00  1.01592e+00  2.66067e-03  7.93479e-01
   4425.52  6659.6875  1.01488e+00  1.01485e+00  2.89966e-03  6.98501e-01
   4454.08  6660.3125  1.01388e+00  1.01386e+00  3.16936e-03  6.86945e-01
   4482.63  6660.9375  1.01297e+00  1.01294e+00  3.28033e-03  7.65112e-01
   4511.18  6661.5625  1.01212e+00  1.01210e+00  3.14221e-03  8.16465e-01
   4539.73  6662.1875  1.01134e+00  1.01133e+00  2.99252e-03  7.80274e-01
   4568.28  6662.8125  1.01061e+00  1.01059e+00  3.03448e-03  7.29735e-01
   4596.83  6663.4375  1.00990e+00  1.00990e+00  3.13261e-03  7.04973e-01
   4625.38  6664.0625  1.00922e+00  1.00921e+00  2.89913e-03  6.83047e-01
   4653.93  6664.6875  1.00854e+00  1.00854e+00  2.66760e-03  6.71872e-01
   4682.48  6665.3125  1.00788e+00  1.00787e+00  2.64493e-03  6.39526e-01
   4711.03  6665.9375  1.00725e+00  1.00724e+00  2.81323e-03  5.96597e-01
   4739.59  6666.5625  1.00665e+00  1.00664e+00  2.79120e-03  5.83439e-01
   4768.14  6667.1875  1.00608e+00  1.00606e+00  2.72993e-03  5.66495e-01
   4796.69  6667.8125  1.00555e+00  1.00553e+00  2.86645e-03  5.65128e-01
   4825.24  6668.4375  1.00506e+00  1.00505e+00  2.94937e-03  5.60163e-01
   4853.79  6669.0625  1.00462e+00  1.00460e+00  2.82896e-03  5.62179e-01
   4882.34  6669.6875  1.00421e+00  1.00420e+00  2.60554e-03  5.39262e-01
   4910.89  6670.3125  1.00384e+00  1.00383e+00  2.45407e-03  5.06428e-01
   4939.44  6670.9375  1.00350e+00  1.00349e+00  2.39484e-03  4.81103e-01
   4967.99  6671.5625  1.00319e+00  1.00318e+00  2.64462e-03  4.64594e-01
   4996.54  6672.1875  1.00291e+00  1.00291e+00  2.81272e-03  4.27378e-01
   5025.10  6672.8125  1.00266e+00  1.00265e+00  2.57370e-03  4.14610e-01
   5053.65  6673.4375  1.00243e+00  1.00242e+00  2.42643e-03  4.28011e-01
   5082.20  6674.0625  1.00223e+00  1.00222e+00  2.58796e-03  4.29570e-01
   5110.75  6674.6875  1.00204e+00  1.00203e+00  2.80863e-03  4.19126e-01
   5139.30  6675.3125  1.00188e+00  1.00187e+00  2.99793e-03  4.18715e-01
   5167.85  6675.9375  1.00173e+00  1.00172e+00  3.03073e-03  4.08993e-01
   5196.40  6676.5625  1.00160e+00  1.00159e+00  2.90378e-03  3.89337e-01
   5224.95  6677.1875  1.00149e+00  1.00148e+00  2.64588e-03  3.64558e-01
   5253.50  6677.8125  1.00138e+00  1.00138e+00  2.51284e-03  3.58723e-01
   5282.06  6678.4375  1.00129e+00  1.00129e+00  2.60733e-03  3.47303e-01
   5310.61  6679.0625  1.00121e+00  1.00121e+00  2.56312e-03  3.72835e-01
   5339.16  6679.6875  1.00113e+00  1.00113e+00  2.59879e-03  3.97823e-01
   5367.71  6680.3125  1.00106e+00  1.00106e+00  2.46370e-03  3.75927e-01
   5396.26  6680.9375  1.00100e+00  1.00099e+00  2.43128e-03  3.62908e-01
   5424.81  6681.5625  1.00093e+00  1.00093e+00  2.62089e-03  3.54297e-01
   5453.36  6682.1875  1.00088e+00  1.00088e+00  2.69748e-03  3.26467e-01
   5481.91  6682.8125  1.00083e+00  1.00082e+00  2.55009e-03  3.16309e-01
   5510.46  6683.4375  1.00078e+00  1.00078e+00  2.52376e-03  3.03473e-01
   5539.01  6684.0625  1.00073e+00  1.00073e+00  2.51782e-03  2.97173e-01
   5567.57  6684.6875  1.00068e+00  1.00068e+00  2.62867e-03  3.18041e-01
   5596.12  6685.3125  1.00064e+00  1.00064e+00  2.75462e-03  2.73440e-01
   5624.67  6685.9375  1.00059e+00  1.00059e+00  2.82227e-03  2.19042e-01
   5653.22  6686.5625  1.00055e+00  1.00055e+00  2.97532e-03  2.09837e-01
   5681.77  6687.1875  1.00051e+00  1.00051e+00  2.71579e-03  2.30609e-01
   5710.32  6687.8125  1.00047e+00  1.00047e+00  2.49928e-03  2.62929e-01
   5738.87  6688.4375  1.00043e+00  1.00043e+00  2.63731e-03  2.73099e-01
   5767.42  6689.0625  1.00039e+00  1.00039e+00  2.87561e-03  2.54371e-01
   5795.97  6689.6875  1.00036e+00  1.00035e+00  3.16927e-03  2.23631e-01
   5824.52  6690.3125  1.00032e+00  1.00032e+00  3.05869e-03  2.24490e-01
   5853.08  6690.9375  1.00029e+00  1.00029e+00  2.57343e-03  2.37789e-01
   5881.63  6691.5625  1.00026e+00  1.00026e+00  2.56402e-03  2.11177e-01
   5910.18  6692.1875  1.00024e+00  1.00024e+00  2.93396e-03  1.68691e-01
   5938.73  6692.8125  1.00021e+00  1.00021e+00  3.05535e-03  1.60803e-01
   5967.28  6693.4375  1.00019e+00  1.00019e+00  2.77082e-03  1.75817e-01
   5995.83  6694.0625  1.00017e+00  1.00017e+00  2.69891e-03  1.94249e-01
   6024.38  6694.6875  1.00015e+00  1.00015e+00  2.97929e-03  1.94905e-01
   6052.93  6695.3125  1.00014e+00  1.00014e+00  3.06123e-03  2.04261e-01
   6081.48  6695.9375  1.00012e+00  1.00012e+00  2.98923e-03  2.05406e-01
   6110.04  6696.5625  1.00011e+00  1.00011e+00  3.01109e-03  2.14816e-01
   6138.59  6697.1875  1.00009e+00  1.00009e+00  2.54424e-03  2.07100e-01
   6167.14  6697.8125  1.00008e+00  1.00008e+00  2.30835e-03  1.81990e-01
   6195.69  6698.4375  1.00007e+00  1.00007e+00  2.54804e-03  1.72140e-01
   6224.24  6699.0625  1.00006e+00  1.00006e+00  2.73748e-03  1.69899e-01
   6252.79  6699.6875  1.00006e+00  1.00006e+00  2.59848e-03  1.69768e-01
   6281.34  6700.3125  1.00005e+00  1.00005e+00  2.38722e-03  1.47139e-01
   6309.89  6700.9375  1.00004e+00  1.00004e+00  2.35699e-03  1.24313e-01
   6338.44  6701.5625  1.00004e+00  1.00004e+00  2.63272e-03  1.33694e-01
   6366.99  6702.1875  1.00003e+00  1.00003e+00  2.85966e-03  1.36956e-01
   6395.55  6702.8125  1.00003e+00  1.00003e+00  2.74220e-03  1.20664e-01
   6424.10  6703.4375  1.00003e+00  1.00002e+00  2.47448e-03  1.11986e-01
   6452.65  6704.0625  1.00002e+00  1.00002e+00  2.39450e-03  1.16312e-01
   6481.20  6704.6875  1.00002e+00  1.00002e+00  2.52709e-03  1.15919e-01
   6509.75  6705.3125  1.00002e+00  1.00002e+00  2.65868e-03  1.04714e-01
   6538.30  6705.9375  1.00002e+00  1.00002e+00  2.58879e-03  9.03293e-02
   6566.85  6706.5625  1.00002e+00  1.00002e+00  2.51166e-03  8.95465e-02
   6595.40  6707.1875  1.00001e+00  1.00001e+00  2.36759e-03  9.15390e-02
   6623.95  6707.8125  1.00001e+00  1.00001e+00  2.23671e-03  7.69574e-02
   6652.50  6708.4375  1.00001e+00  1.00001e+00  2.17889e-03  5.90244e-02
   6681.06  6709.0625  1.00001e+00  1.00001e+00  2.18055e-03  6.04914e-02
   6709.61  6709.6875  1.00001e+00  1.00001e+00  2.24773e-03  7.07447e-02
   6738.16  6710.3125  1.00001e+00  1.00001e+00  2.39725e-03  7.80704e-02
   6766.71  6710.9375  1.00001e+00  1.00001e+00  2.57098e-03  7.73077e-02
   6795.26  6711.5625  1.00001e+00  1.00001e+00  2.41219e-03  7.50567e-02
   6823.81  6712.1875  1.00001e+00  1.00001e+00  2.32278e-03  8.03084e-02
   6852.36  6712.8125  1.00001e+00  1.00001e+00  2.43663e-03  8.30539e-02
   6880.91  6713.4375  1.00001e+00  1.00001e+00  2.42117e-03  8.25267e-02
   6909.46  6714.0625  1.00001e+00  1.00001e+00  2.38589e-03  7.70869e-02
   6938.02  6714.6875  1.00001e+00  1.00001e+00  2.47423e-03  8.24253e-02
   6966.57  6715.3125  1.00001e+00  1.00001e+00  2.63244e-03  8.02582e-02
   6995.12  6715.9375  1.00001e+00  1.00001e+00  2.67602e-03  7.22674e-02
   7023.67  6716.5625  1.00001e+00  1.00001e+00  2.65908e-03  6.27973e-02
   7052.22  6717.1875  1.00001e+00  1.00001e+00  2.55356e-03  6.39918e-02
   7080.77  6717.8125  1.00001e+00  1.00001e+00  2.50170e-03  6.53192e-02
   7109.32  6718.4375  1.00001e+00  1.00001e+00  2.54817e-03  5.49133e-02
   7137.87  6719.0625  1.00001e+00  1.00001e+00  2.67513e-03  5.57445e-02
   7166.42  6719.6875  1.00000e+00  1.00000e+00  2.44199e-03  6.79191e-02
   7194.97  6720.3125  1.00000e+00  1.00000e+00  2.35786e-03  7.31030e-02
   7223.53  6720.9375  1.00000e+00  1.00000e+00  2.53881e-03  6.78779e-02
   7252.08  6721.5625  1.00000e+00  1.00000e+00  2.52595e-03  5.96803e-02
   7280.63  6722.1875  1.00000e+00  1.00000e+00  2.33107e-03  5.19805e-02
   7309.18  6722.8125  1.00000e+00  1.00000e+00  2.41294e-03  5.70677e-02
   7337.73  6723.4375  1.00000e+00  1.00000e+00  2.35201e-03  6.05652e-02
   7366.28  6724.0625  1.00000e+00  1.00000e+00  2.15293e-03  6.44284e-02
   7394.83  6724.6875  1.00000e+00  1.00000e+00  2.19694e-03  5.85357e-02
   7423.38  6725.3125  1.00000e+00  1.00000e+00  2.57968e-03  4.82902e-02
   7451.93  6725.9375  1.00000e+00  1.00000e+00  2.87397e-03  5.92680e-02
   7480.48  6726.5625  1.00000e+00  1.00000e+00  3.00180e-03  6.92575e-02
   7509.04  6727.1875  1.00000e+00  1.00000e+00  2.92647e-03  7.98888e-02
   7537.59  6727.8125  1.00000e+00  1.00000e+00  2.62319e-03  1.00071e-01
   7566.14  6728.4375  1.00000e+00  1.00000e+00  2.35213e-03  1.03111e-01
   7594.69  6729.0625  1.00000e+00  1.00000e+00  2.24891e-03  9.91779e-02
   7623.24  6729.6875  1.00000e+00  1.00000e+00  2.24331e-03  1.06381e-01
   7651.79  6730.3125  1.00000e+00  1.00000e+00  2.51607e-03  1.09928e-01
   7680.34  6730.9375  1.00000e+00  1.00000e+00  2.64593e-03  9.15094e-02
   7708.89  6731.5625  1.00000e+00  1.00000e+00  2.74214e-03  7.36034e-02
   7737.44  6732.1875  1.00000e+00  1.00000e+00  2.93538e-03  6.59572e-02
   7765.99  6732.8125  1.00000e+00  1.00000e+00  2.99296e-03  6.07231e-02
   7794.55  6733.4375  1.00000e+00  1.00000e+00  2.87622e-03  6.17901e-02
   7823.10  6734.0625  1.00000e+00  1.00000e+00  2.58006e-03  7.68684e-02
   7851.65  6734.6875  1.00000e+00  1.00000e+00  2.33139e-03  7.04370e-02
   7880.20  6735.3125  1.00000e+00  1.00000e+00  2.25968e-03  6.74379e-02
   7908.75  6735.9375  1.00000e+00  1.00000e+00  2.42190e-03  7.65757e-02
   7937.30  6736.5625  1.00000e+00  1.00000e+00  2.51697e-03  6.51944e-02
   7965.85  6737.1875  1.00000e+00  1.00000e+00  2.16454e-03  5.01502e-02
   7994.40  6737.8125  1.00000e+00  1.00000e+00  2.00368e-03  4.85672e-02
   8022.95  6738.4375  1.00000e+00  1.00000e+00  2.27175e-03  5.98809e-02
   8051.51  6739.0625  1.00000e+00  1.00000e+00  2.50950e-03  7.23177e-02
   8080.06  6739.6875  1.00000e+00  1.00000e+00  2.55979e-03  6.17514e-02
   8108.61  6740.3125  1.00000e+00  1.00000e+00  2.62362e-03  6.56241e-02
   8137.16  6740.9375  1.00000e+00  1.00000e+00  2.87175e-03  7.55761e-02
   8165.71  6741.5625  1.00000e+00  1.00000e+00  3.15522e-03  6.75399e-02
   8194.26  6742.1875  1.00000e+00  1.00000e+00  3.05250e-03  4.64957e-02
   8222.81  6742.8125  1.00000e+00  1.00000e+00  2.69578e-03  3.51309e-02
   8251.36  6743.4375  1.00000e+00  1.00000e+00  2.60042e-03  3.35050e-02
   8279.91  6744.0625  1.00000e+00  1.00000e+00  2.85380e-03  4.20999e-02
   8308.46  6744.6875  1.00000e+00  1.00000e+00  2.97996e-03  4.47883e-02
   8337.02  6745.3125  1.00000e+00  1.00000e+00  2.64642e-03  4.05229e-02
   8365.57  6745.9375  1.00000e+00  1.00000e+00  2.42204e-03  3.78578e-02
   8394.12  6746.5625  1.00000e+00  1.00000e+00  2.60449e-03  3.00847e-02
   8422.67  6747.1875  1.00000e+00  1.00000e+00  2.76789e-03  3.71097e-02
   8451.22  6747.8125  1.00000e+00  1.00000e+00  2.70682e-03  5.78336e-02
   8479.77  6748.4375  1.00000e+00  1.00000e+00  2.43443e-03  5.60845e-02
   8508.32  6749.0625  1.00000e+00  1.00000e+00  2.37723e-03  4.19053e-02
   8536.87  6749.6875  1.00000e+00  1.00000e+00  2.36653e-03  3.93792e-02
   8565.42  6750.3125  1.00000e+00  1.00000e+00  2.19206e-03  4.70443e-02
   8593.97  6750.9375  1.00000e+00  1.00000e+00  2.18827e-03  6.47540e-02
   8622.53  6751.5625  1.00000e+00  1.00000e+00  2.38938e-03  7.67548e-02
   8651.08  6752.1875  1.00000e+00  1.00000e+00  2.80868e-03  6.83852e-02
   8679.63  6752.8125  1.00000e+00  1.00000e+00  2.92631e-03  6.41610e-02
   8708.18  6753.4375  1.00000e+00  1.00000e+00  2.87236e-03  6.04404e-02
   8736.73  6754.0625  1.00000e+00  1.00000e+00  2.97635e-03  5.59159e-02
   8765.28  6754.6875  1.00000e+00  1.00000e+00  2.70683e-03  5.47904e-02
   8793.83  6755.3125  1.00000e+00  1.00000e+00  2.42360e-03  4.81962e-02
   8822.38  6755.9375  1.00000e+00  1.00000e+00  2.42571e-03  4.14649e-02
   8850.93  6756.5625  1.00000e+00  1.00000e+00  2.67668e-03  4.38478e-02
   8879.49  6757.1875  1.00000e+00  1.00000e+00  2.83737e-03  4.75230e-02
   8908.04  6757.8125  1.00000e+00  1.00000e+00  2.65962e-03  5.13936e-02
   8936.59  6758.4375  1.00000e+00  1.00000e+00  2.48980e-03  5.35526e-02
   8965.14  6759.0625  1.00000e+00  1.00000e+00  2.42140e-03  5.13232e-02
   8993.69  6759.6875  1.00000e+00  1.00000e+00  2.43041e-03  3.35190e-02
   9022.24  6760.3125  1.00000e+00  1.00000e+00  2.39065e-03  3.03620e-02
   9050.79  6760.9375  1.00000e+00  1.00000e+00  2.58069e-03  3.98895e-02
   9079.34  6761.5625  1.00000e+00  1.00000e+00  2.98268e-03  4.67480e-02
   9107.89  6762.1875  1.00000e+00  1.00000e+00  2.96597e-03  4.43275e-02
   9136.44  6762.8125  1.00000e+00  1.00000e+00  2.78992e-03  3.44020e-02
   9165.00  6763.4375  1.00000e+00  1.00000e+00  2.48297e-03  3.36418e-02
   9193.55  6764.0625  1.00000e+00  1.00000e+00  2.28066e-03  4.14971e-02
   9222.10  6764.6875  1.00000e+00  1.00000e+00  2.50707e-03  3.51565e-02
   9250.65  6765.3125  1.00000e+00  1.00000e+00  3.03979e-03  2.88305e-02
   9279.20  6765.9375  1.00000e+00  1.00000e+00  3.26040e-03  3.01853e-02
   9307.75  6766.5625  1.00000e+00  1.00000e+00  2.94492e-03  2.70899e-02
   9336.30  6767.1875  1.00000e+00  1.00000e+00  2.66697e-03  2.31839e-02
   9364.85  6767.8125  1.00000e+00  1.00000e+00  2.38549e-03  2.07945e-02
   9393.40  6768.4375  1.00000e+00  1.00000e+00  2.17806e-03  3.89612e-02
   9421.95  6769.0625  1.00000e+00  1.00000e+00  2.13213e-03  6.89243e-02
   9450.51  6769.6875  1.00000e+00  1.00000e+00  2.31246e-03  6.61080e-02
   9479.06  6770.3125  1.00000e+00  1.00000e+00  2.47920e-03  4.97601e-02
   9507.61  6770.9375  1.00000e+00  1.00000e+00  2.36215e-03  4.68944e-02
   9536.16  6771.5625  1.00000e+00  1.00000e+00  2.44866e-03  3.48604e-02
   9564.71  6772.1875  1.00000e+00  1.00000e+00  2.59422e-03  2.08001e-02
   9593.26  6772.8125  1.00000e+00  1.00000e+00  2.61501e-03  3.07662e-02
   9621.81  6773.4375  1.00000e+00  1.00000e+00  2.62559e-03  4.64414e-02
   9650.36  6774.0625  1.00000e+00  1.00000e+00  2.53181e-03  4.33345e-02
   9678.91  6774.6875  1.00000e+00  1.00000e+00  2.30125e-03  2.90832e-02
   9707.47  6775.3125  1.00000e+00  1.00000e+00  2.33867e-03  2.57170e-02
   9736.02  6775.9375  1.00000e+00  1.00000e+00  2.46771e-03  4.02043e-02
   9764.57  6776.5625  1.00000e+00  1.00000e+00  2.49925e-03  5.73162e-02
   9793.12  6777.1875  1.00000e+00  1.00000e+00  2.69976e-03  4.83115e-02
   9821.67  6777.8125  1.00000e+00  1.00000e+00  3.04617e-03  2.69881e-02
   9850.22  6778.4375  1.00000e+00  1.00000e+00  3.21942e-03  1.66606e-02
   9878.77  6779.0625  1.00000e+00  1.00000e+00  3.04910e-03  1.81328e-02
   9907.32  6779.6875  1.00000e+00  1.00000e+00  3.01885e-03  2.28669e-02
   9935.87  6780.3125  1.00000e+00  1.00000e+00  2.90031e-03  3.01510e-02
   9964.42  6780.9375  1.00000e+00  1.00000e+00  2.91447e-03  3.64710e-02
   9992.98  6781.5625  1.00000e+00  1.00000e+00  2.81503e-03  3.49360e-02
  10021.53  6782.1875  1.00000e+00  1.00000e+00  2.65218e-03  3.00759e-02
  10050.08  6782.8125  1.00000e+00  1.00000e+00  2.61363e-03  3.02014e-02
  10078.63  6783.4375  1.00000e+00  1.00000e+00  2.55359e-03  2.80106e-02
  10107.18  6784.0625  1.00000e+00  1.00000e+00  2.49871e-03  3.09457e-02
  10135.73  6784.6875  1.00000e+00  1.00000e+00  2.42002e-03  3.89259e-02
  10164.28  6785.3125  1.00000e+00  1.00000e+00  2.25518e-03  5.34090e-02
  10192.83  6785.9375  1.00000e+00  1.00000e+00  2.42381e-03  7.42325e-02
  10221.38  6786.5625  1.00000e+00  1.00000e+00  2.83564e-03  7.02142e-02
  10249.93  6787.1875  1.00000e+00  1.00000e+00  2.83501e-03  4.54766e-02
  10278.49  6787.8125  1.00000e+00  1.00000e+00  2.61554e-03  3.40223e-02
  10307.04  6788.4375  1.00000e+00  1.00000e+00  2.59530e-03  2.79801e-02
  10335.59  6789.0625  1.00000e+00  1.00000e+00  2.70475e-03  3.29593e-02
  10364.14  6789.6875  1.00000e+00  1.00000e+00  2.56090e-03  3.57902e-02
  10392.69  6790.3125  1.00000e+00  1.00000e+00  2.45252e-03  2.77453e-02
  10421.24  6790.9375  1.00000e+00  1.00000e+00  2.47942e-03  1.89667e-02
  10449.79  6791.5625  1.00000e+00  1.00000e+00  2.70430e-03  2.11131e-02
  10478.34  6792.1875  1.00000e+00  1.00000e+00  2.75467e-03  2.87663e-02
  10506.89  6792.8125  1.00000e+00  1.00000e+00  2.70727e-03  2.92071e-02
  10535.45  6793.4375  1.00000e+00  1.00000e+00  2.70555e-03  2.02494e-02
  10564.00  6794.0625  1.00000e+00  1.00000e+00  2.57330e-03  1.53294e-02
  10592.55  6794.6875  1.00000e+00  1.00000e+00  2.45275e-03  1.04045e-02
  10621.10  6795.3125  1.00000e+00  1.00000e+00  2.58588e-03  7.89597e-03
  10649.65  6795.9375  1.00000e+00  1.00000e+00  2.77124e-03  1.11961e-02
  10678.20  6796.5625  1.00000e+00  1.00000e+00  2.91232e-03  1.70437e-02
  10706.75  6797.1875  1.00000e+00  1.00000e+00  3.14230e-03  2.69198e-02
  10735.30  6797.8125  1.00000e+00  1.00000e+00  3.21832e-03  2.43432e-02
  10763.85  6798.4375  1.00000e+00  1.00000e+00  2.91784e-03  2.38781e-02
  10792.40  6799.0625  1.00000e+00  1.00000e+00  2.50361e-03  2.69185e-02
  10820.96  6799.6875  1.00000e+00  1.00000e+00  2.38258e-03  3.08379e-02
  10849.51  6800.3125  1.00000e+00  1.00000e+00  2.39729e-03  3.46349e-02
  10878.06  6800.9375  1.00000e+00  1.00000e+00  2.57912e-03  4.12964e-02
  10906.61  6801.5625  1.00000e+00  1.00000e+00  2.43022e-03  3.38119e-02
  10935.16  6802.1875  1.00000e+00  1.00000e+00  2.44617e-03  2.27007e-02
  10963.71  6802.8125  1.00000e+00  1.00000e+00  2.72642e-03  2.56635e-02
  10992.26  6803.4375  1.00000e+00  1.00000e+00  2.74378e-03  3.85917e-02
  11020.81  6804.0625  1.00000e+00  1.00000e+00  2.56848e-03  3.70977e-02
  11049.36  6804.6875  1.00000e+00  1.00000e+00  2.78078e-03  3.60139e-02
  11077.91  6805.3125  1.00000e+00  1.00000e+00  2.94940e-03  4.10937e-02
  11106.47  6805.9375  1.00000e+00  1.00000e+00  2.92884e-03  3.58465e-02
  11135.02  6806.5625  1.00000e+00  1.00000e+00  2.83062e-03  2.10116e-02
  11163.57  6807.1875  1.00000e+00  1.00000e+00  2.61101e-03  1.25556e-02
  11192.12  6807.8125  1.00000e+00  1.00000e+00  2.60947e-03  2.19886e-02
  11220.67  6808.4375  1.00000e+00  1.00000e+00  2.59291e-03  3.05496e-02
  11249.22  6809.0625  1.00000e+00  1.00000e+00  2.40062e-03  2.34227e-02
  11277.77  6809.6875  1.00000e+00  1.00000e+00  2.25368e-03  2.50141e-02
  11306.32  6810.3125  1.00000e+00  1.00000e+00  2.14372e-03  2.98267e-02
  11334.87  6810.9375  1.00000e+00  1.00000e+00  2.32734e-03  2.76182e-02
  11363.43  6811.5625  1.00000e+00  1.00000e+00  2.51429e-03  3.62037e-02
  11391.98  6812.1875  1.00000e+00  1.00000e+00  2.64132e-03  3.07762e-02
  11420.53  6812.8125  1.00000e+00  1.00000e+00  2.70231e-03  1.90702e-02
  11449.08  6813.4375  1.00000e+00  1.00000e+00  2.48859e-03  1.91687e-02
  11477.63  6814.0625  1.00000e+00  1.00000e+00  2.55364e-03  2.78949e-02
  11506.18  6814.6875  1.00000e+00  1.00000e+00  2.66158e-03  3.26354e-02
  11534.73  6815.3125  1.00000e+00  1.00000e+00  2.62659e-03  2.06692e-02
  11563.28  6815.9375  1.00000e+00  1.00000e+00  2.78218e-03  1.52278e-02
  11591.83  6816.5625  1.00000e+00  1.00000e+00  2.76984e-03  9.50915e-03
  11620.38  6817.1875  1.00000e+00  1.00000e+00  2.63662e-03  2.65160e-03
  11648.94  6817.8125  1.00000e+00  1.00000e+00  2.52328e-03  2.88028e-04
  11677.49  6818.4375  1.00000e+00  1.00000e+00  2.39255e-03  2.29578e-05
  11706.04  6819.0625  1.00000e+00  1.00000e+00  2.45042e-03  3.34202e-04
  11734.59  6819.6875  1.00000e+00  1.00000e+00  2.50494e-03  2.36333e-03
  11763.14  6820.3125  1.00000e+00  1.00000e+00  2.64556e-03  4.53671e-03
  11791.69  6820.9375  1.00000e+00  1.00000e+00  2.84459e-03  2.36333e-03
  11820.24  6821.5625  1.00000e+00  1.00000e+00  2.68306e-03  3.34100e-04
  11848.79  6822.1875  1.00000e+00  1.00000e+00  2.46306e-03  1.28173e-05
  11877.34  6822.8125  1.00000e+00  1.00000e+00  2.38847e-03  1.33439e-07
  11905.89  6823.4375  1.00000e+00  1.00000e+00  2.35801e-03  0.00000e+00
  11934.45  6824.0625  1.00000e+00  1.00000e+00  2.39000e-03  2.66014e-07
  11963.00  6824.6875  1.00000e+00  1.00000e+00  2.64708e-03  2.55515e-05
  11991.55  6825.3125  1.00000e+00  1.00000e+00  2.79202e-03  6.66035e-04
  12020.10  6825.9375  1.00000e+00  1.00000e+00  2.66450e-03  4.71175e-03
  12048.65  6826.5625  1.00000e+00  1.00000e+00  2.44076e-03  9.08229e-03
  12077.20  6827.1875  1.00000e+00  1.00000e+00  2.48350e-03  5.70901e-03
  12105.75  6827.8125  1.00000e+00  1.00000e+00  2.40311e-03  7.72336e-03
  12134.30  6828.4375  1.00000e+00  1.00000e+00  2.53852e-03  1.35856e-02
  12162.85  6829.0625  1.00000e+00  1.00000e+00  2.81462e-03  7.40203e-03
  12191.40  6829.6875  1.00000e+00  1.00000e+00  2.90426e-03  3.67299e-03
  12219.96  6830.3125  1.00000e+00  1.00000e+00  2.81920e-03  6.85676e-03
  12248.51  6830.9375  1.00000e+00  1.00000e+00  2.49682e-03  6.78298e-03
  12277.06  6831.5625  1.00000e+00  1.00000e+00  2.43132e-03  2.65429e-03
  12305.61  6832.1875  1.00000e+00  1.00000e+00  2.65476e-03  6.67918e-04
  12334.16  6832.8125  1.00000e+00  1.00000e+00  2.67079e-03  2.34901e-03
  12362.71  6833.4375  1.00000e+00  1.00000e+00  2.63148e-03  4.78291e-03
  12391.26  6834.0625  1.00000e+00  1.00000e+00  2.67014e-03  4.59846e-03
  12419.81  6834.6875  1.00000e+00  1.00000e+00  2.43013e-03  4.69461e-03
  12448.36  6835.3125  1.00000e+00  1.00000e+00  2.36049e-03  2.28705e-03
  12476.92  6835.9375  1.00000e+00  1.00000e+00  2.53443e-03  3.21793e-04
  12505.47  6836.5625  1.00000e+00  1.00000e+00  2.63957e-03  2.46704e-05
  12534.02  6837.1875  1.00000e+00  1.00000e+00  2.73340e-03  3.21796e-04
  12562.57  6837.8125  1.00000e+00  1.00000e+00  2.78367e-03  2.28721e-03
  12591.12  6838.4375  1.00000e+00  1.00000e+00  2.70140e-03  4.69877e-03
  12619.67  6839.0625  1.00000e+00  1.00000e+00  2.93402e-03  4.62778e-03
  12648.22  6839.6875  1.00000e+00  1.00000e+00  3.11176e-03  4.83904e-03
  12676.77  6840.3125  1.00000e+00  1.00000e+00  2.85683e-03  2.36566e-03
  12705.32  6840.9375  1.00000e+00  1.00000e+00  2.53213e-03  3.32814e-04
  12733.87  6841.5625  1.00000e+00  1.00000e+00  2.61405e-03  1.27630e-05
  12762.43  6842.1875  1.00000e+00  1.00000e+00  2.57641e-03  1.32874e-07
  12790.98  6842.8125  1.00000e+00  1.00000e+00  2.40520e-03  0.00000e+00
  12819.53  6843.4375  1.00000e+00  1.00000e+00  2.55026e-03  0.00000e+00
  12848.08  6844.0625  1.00000e+00  1.00000e+00  2.71551e-03  0.00000e+00
  12876.63  6844.6875  1.00000e+00  1.00000e+00  2.69395e-03  0.00000e+00
  12905.18  6845.3125  1.00000e+00  1.00000e+00  2.70928e-03  0.00000e+00
  12933.73  6845.9375  1.00000e+00  1.00000e+00  2.80446e-03  0.00000e+00
  12962.28  6846.5625  1.00000e+00  1.00000e+00  2.64981e-03  0.00000e+00
  12990.83  6847.1875  1.00000e+00  1.00000e+00  2.51499e-03  0.00000e+00
  13019.38  6847.8125  1.00000e+00  1.00000e+00  2.79288e-03  0.00000e+00
  13047.94  6848.4375  1.00000e+00  1.00000e+00  3.00640e-03  0.00000e+00
  13076.49  6849.0625  1.00000e+00  1.00000e+00  2.74945e-03  0.00000e+00
  13105.04  6849.6875  1.00000e+00  1.00000e+00  2.59532e-03  0.00000e+00
  13133.59  6850.3125  1.00000e+00  1.00000e+00  2.74734e-03  0.00000e+00
  13162.14  6850.9375  1.00000e+00  1.00000e+00  2.91039e-03  0.00000e+00
  13190.69  6851.5625  1.00000e+00  1.00000e+00  2.98538e-03  0.00000e+00
  13219.24  6852.1875  1.00000e+00  1.00000e+00  2.71667e-03  0.00000e+00
  13247.79  6852.8125  1.00000e+00  1.00000e+00  2.37780e-03  0.00000e+00
  13276.34  6853.4375  1.00000e+00  1.00000e+00  2.50332e-03  0.00000e+00
  13304.90  6854.0625  1.00000e+00  1.00000e+00  2.63674e-03  0.00000e+00
  13333.45  6854.6875  1.00000e+00  1.00000e+00  2.59950e-03  0.00000e+00
  13362.00  6855.3125  1.00000e+00  1.00000e+00  2.44920e-03  0.00000e+00
  13390.55  6855.9375  1.00000e+00  1.00000e+00  2.22961e-03  0.00000e+00
  13419.10  6856.5625  1.00000e+00  1.00000e+00  2.07035e-03  0.00000e+00
  13447.65  6857.1875  1.00000e+00  1.00000e+00  2.27327e-03  0.00000e+00
  13476.20  6857.8125  1.00000e+00  1.00000e+00  2.74400e-03  0.00000e+00
  13504.75  6858.4375  1.00000e+00  1.00000e+00  2.45399e-03  0.00000e+00
  13533.30  6859.0625  1.00000e+00  1.00000e+00  2.01414e-03  0.00000e+00
  13561.85  6859.6875  1.00000e+00  1.00000e+00  2.19920e-03  0.00000e+00
  13590.41  6860.3125  1.00000e+00  1.00000e+00  2.37374e-03  0.00000e+00
  13618.96  6860.9375  1.00000e+00  1.00000e+00  2.54622e-03  0.00000e+00
  13647.51  6861.5625  1.00000e+00  1.00000e+00  2.77849e-03  0.00000e+00
  13676.06  6862.1875  1.00000e+00  1.00000e+00  2.73126e-03  0.00000e+00
  13704.61  6862.8125  1.00000e+00  1.00000e+00  2.55468e-03  0.00000e+00
  13733.16  6863.4375  1.00000e+00  1.00000e+00  2.56141e-03  0.00000e+00
  13761.71  6864.0625  1.00000e+00  1.00000e+00  2.63003e-03  0.00000e+00
  13790.26  6864.6875  1.00000e+00  1.00000e+00  2.49841e-03  0.00000e+00
  13818.81  6865.3125  1.00000e+00  1.00000e+00  2.59847e-03  0.00000e+00
  13847.36  6865.9375  1.00000e+00  1.00000e+00  2.70180e-03  0.00000e+00
  13875.92  6866.5625  1.00000e+00  1.00000e+00  2.56753e-03  0.00000e+00
  13904.47  6867.1875  1.00000e+00  1.00000e+00  2.67965e-03  0.00000e+00
  13933.02  6867.8125  1.00000e+00  1.00000e+00  2.96107e-03  0.00000e+00
  13961.57  6868.4375  1.00000e+00  1.00000e+00  2.99587e-03  0.00000e+00
  13990.12  6869.0625  1.00000e+00  1.00000e+00  3.04295e-03  1.31611e-07
  14018.67  6869.6875  1.00000e+00  1.00000e+00  3.04502e-03  1.26416e-05
  14047.22  6870.3125  1.00000e+00  1.00000e+00  3.06131e-03  3.29522e-04
  14075.77  6870.9375  1.00000e+00  1.00000e+00  2.85912e-03  2.33095e-03
  14104.32  6871.5625  1.00000e+00  1.00000e+00  2.54762e-03  4.47454e-03
  14132.88  6872.1875  1.00000e+00  1.00000e+00  2.27785e-03  2.33095e-03
  14161.43  6872.8125  1.00000e+00  1.00000e+00  2.14533e-03  3.29522e-04
  14189.98  6873.4375  1.00000e+00  1.00000e+00  2.13836e-03  1.26416e-05
  14218.53  6874.0625  1.00000e+00  1.00000e+00  2.33211e-03  1.31611e-07
  14247.08  6874.6875  1.00000e+00  1.00000e+00  2.53551e-03  0.00000e+00
  14275.63  6875.3125  1.00000e+00  1.00000e+00  2.56082e-03  0.00000e+00
  14304.18  6875.9375  1.00000e+00  1.00000e+00  2.73590e-03  0.00000e+00
  14332.73  6876.5625  1.00000e+00  1.00000e+00  2.74269e-03  0.00000e+00
  14361.28  6877.1875  1.00000e+00  1.00000e+00  2.73114e-03  0.00000e+00
  14389.83  6877.8125  1.00000e+00  1.00000e+00  2.83874e-03  0.00000e+00
  14418.39  6878.4375  1.00000e+00  1.00000e+00  2.81106e-03  0.00000e+00
  14446.94  6879.0625  1.00000e+00  1.00000e+00  2.46472e-03  0.00000e+00
  14475.49  6879.6875  1.00000e+00  1.00000e+00  2.23453e-03  0.00000e+00
  14504.04  6880.3125  1.00000e+00  1.00000e+00  2.06509e-03  0.00000e+00
  14532.59  6880.9375  1.00000e+00  1.00000e+00  2.32164e-03  0.00000e+00
  14561.14  6881.5625  1.00000e+00  1.00000e+00  2.59240e-03  0.00000e+00
  14589.69  6882.1875  1.00000e+00  1.00000e+00  2.44654e-03  0.00000e+00
  14618.24  6882.8125  1.00000e+00  1.00000e+00  2.35729e-03  0.00000e+00
  14646.79  6883.4375  1.00000e+00  1.00000e+00  2.34736e-03  0.00000e+00
  14675.34  6884.0625  1.00000e+00  1.00000e+00  2.30806e-03  0.00000e+00
  14703.90  6884.6875  1.00000e+00  1.00000e+00  2.25395e-03  0.00000e+00
  14732.45  6885.3125  1.00000e+00  1.00000e+00  2.34842e-03  0.00000e+00
  14761.00  6885.9375  1.00000e+00  1.00000e+00  2.39086e-03  0.00000e+00
  14789.55  6886.5625  1.00000e+00  1.00000e+00  2.35571e-03  0.00000e+00
  14818.10  6887.1875  1.00000e+00  1.00000e+00  2.32928e-03  0.00000e+00
  14846.65  6887.8125  1.00000e+00  1.00000e+00  2.40637e-03  0.00000e+00
  14875.20  6888.4375  1.00000e+00  1.00000e+00  2.68843e-03  0.00000e+00
  14903.75  6889.0625  1.00000e+00  1.00000e+00  2.68639e-03  0.00000e+00
  14932.30  6889.6875  1.00000e+00  1.00000e+00  2.50369e-03  0.00000e+00
  14960.86  6890.3125  1.00000e+00  1.00000e+00  2.54790e-03  0.00000e+00
  14989.41  6890.9375  1.00000e+00  1.00000e+00  2.62161e-03  0.00000e+00
  15017.96  6891.5625  1.00000e+00  1.00000e+00  2.58393e-03  0.00000e+00
  15046.51  6892.1875  1.00000e+00  1.00000e+00  2.67072e-03  0.00000e+00
  15075.06  6892.8125  1.00000e+00  1.00000e+00  2.52051e-03  0.00000e+00
  15103.61  6893.4375  1.00000e+00  1.00000e+00  2.26659e-03  0.00000e+00
  15132.16  6894.0625  1.00000e+00  1.00000e+00  2.24107e-03  0.00000e+00
  15160.71  6894.6875  1.00000e+00  1.00000e+00  2.58059e-03  0.00000e+00
  15189.26  6895.3125  1.00000e+00  1.00000e+00  2.77062e-03  0.00000e+00
  15217.81  6895.9375  1.00000e+00  1.00000e+00  2.57682e-03  0.00000e+00
  15246.37  6896.5625  1.00000e+00  1.00000e+00  2.67640e-03  0.00000e+00
  15274.92  6897.1875  1.00000e+00  1.00000e+00  2.90428e-03  0.00000e+00
  15303.47  6897.8125  1.00000e+00  1.00000e+00  2.96802e-03  0.00000e+00
  15332.02  6898.4375  1.00000e+00  1.00000e+00  2.88301e-03  0.00000e+00
  15360.57  6899.0625  1.00000e+00  1.00000e+00  2.75331e-03  0.00000e+00
  15389.12  6899.6875  1.00000e+00  1.00000e+00  2.51530e-03  0.00000e+00
  15417.67  6900.3125  1.00000e+00  1.00000e+00  2.41640e-03  0.00000e+00
  15446.22  6900.9375  1.00000e+00  1.00000e+00  2.46625e-03  0.00000e+00
  15474.77  6901.5625  1.00000e+00  1.00000e+00  2.45576e-03  0.00000e+00
  15503.32  6902.1875  1.00000e+00  1.00000e+00  2.51708e-03  0.00000e+00
  15531.88  6902.8125  1.00000e+00  1.00000e+00  2.56957e-03  0.00000e+00
  15560.43  6903.4375  1.00000e+00  1.00000e+00  2.53027e-03  0.00000e+00
  15588.98  6904.0625  1.00000e+00  1.00000e+00  2.43475e-03  0.00000e+00
  15617.53  6904.6875  1.00000e+00  1.00000e+00  2.40284e-03  0.00000e+00
  15646.08  6905.3125  1.00000e+00  1.00000e+00  2.39648e-03  0.00000e+00
  15674.63  6905.9375  1.00000e+00  1.00000e+00  2.28409e-03  0.00000e+00
  15703.18  6906.5625  1.00000e+00  1.00000e+00  2.28774e-03  0.00000e+00
  15731.73  6907.1875  1.00000e+00  1.00000e+00  2.56246e-03  0.00000e+00
  15760.28  6907.8125  1.00000e+00  1.00000e+00  2.97706e-03  1.27671e-07
  15788.84  6908.4375  1.00000e+00  1.00000e+00  3.16491e-03  1.22633e-05
  15817.39  6909.0625  1.00000e+00  1.00000e+00  2.95401e-03  3.19659e-04
  15845.94  6909.6875  1.00000e+00  1.00000e+00  2.61389e-03  2.26118e-03
  15874.49  6910.3125  1.00000e+00  1.00000e+00  2.23496e-03  4.34061e-03
  15903.04  6910.9375  1.00000e+00  1.00000e+00  2.26589e-03  2.26118e-03
  15931.59  6911.5625  1.00000e+00  1.00000e+00  2.51649e-03  3.19659e-04
  15960.14  6912.1875  1.00000e+00  1.00000e+00  2.62718e-03  1.22633e-05
  15988.69  6912.8125  1.00000e+00  1.00000e+00  2.70810e-03  1.27671e-07
  16017.24  6913.4375  1.00000e+00  1.00000e+00  2.67723e-03  0.00000e+00
  16045.79  6914.0625  1.00000e+00  1.00000e+00  2.56675e-03  0.00000e+00
  16074.35  6914.6875  1.00000e+00  1.00000e+00  2.36752e-03  0.00000e+00
  16102.90  6915.3125  1.00000e+00  1.00000e+00  2.15385e-03  0.00000e+00
  16131.45  6915.9375  1.00000e+00  1.00000e+00  2.24296e-03  0.00000e+00
  16160.00  6916.5625  1.00000e+00  1.00000e+00  2.39581e-03  0.00000e+00
  16188.55  6917.1875  1.00000e+00  1.00000e+00  2.34801e-03  0.00000e+00
  16217.10  6917.8125  1.00000e+00  1.00000e+00  2.42969e-03  0.00000e+00
  16245.65  6918.4375  1.00000e+00  1.00000e+00  2.71346e-03  0.00000e+00
  16274.20  6919.0625  1.00000e+00  1.00000e+00  2.74771e-03  0.00000e+00
  16302.75  6919.6875  1.00000e+00  1.00000e+00  2.64138e-03  0.00000e+00
  16331.30  6920.3125  1.00000e+00  1.00000e+00  2.52559e-03  0.00000e+00
  16359.86  6920.9375  1.00000e+00  1.00000e+00  2.47086e-03  0.00000e+00
  16388.41  6921.5625  1.00000e+00  1.00000e+00  2.62924e-03  0.00000e+00
  16416.96  6922.1875  1.00000e+00  1.00000e+00  2.79726e-03  0.00000e+00
  16445.51  6922.8125  1.00000e+00  1.00000e+00  2.75650e-03  0.00000e+00
  16474.06  6923.4375  1.00000e+00  1.00000e+00  2.86172e-03  0.00000e+00
  16502.61  6924.0625  1.00000e+00  1.00000e+00  2.84415e-03  0.00000e+00
  16531.16  6924.6875  1.00000e+00  1.00000e+00  2.61925e-03  0.00000e+00
  16559.71  6925.3125  1.00000e+00  1.00000e+00  2.43103e-03  0.00000e+00
  16588.26  6925.9375  1.00000e+00  1.00000e+00  2.52418e-03  0.00000e+00
  16616.81  6926.5625  1.00000e+00  1.00000e+00  2.83055e-03  0.00000e+00
  16645.37  6927.1875  1.00000e+00  1.00000e+00  2.76839e-03  0.00000e+00
  16673.92  6927.8125  1.00000e+00  1.00000e+00  2.45632e-03  0.00000e+00
  16702.47  6928.4375  1.00000e+00  1.00000e+00  2.29538e-03  0.00000e+00
  16731.02  6929.0625  1.00000e+00  1.00000e+00  2.29476e-03  0.00000e+00
  16759.57  6929.6875  1.00000e+00  1.00000e+00  2.49968e-03  0.00000e+00
  16788.12  6930.3125  1.00000e+00  1.00000e+00  2.59407e-03  0.00000e+00
  16816.67  6930.9375  1.00000e+00  1.00000e+00  2.42945e-03  0.00000e+00
  16845.22  6931.5625  1.00000e+00  1.00000e+00  2.24772e-03  0.00000e+00
  16873.77  6932.1875  1.00000e+00  1.00000e+00  2.45329e-03  0.00000e+00
  16902.33  6932.8125  1.00000e+00  1.00000e+00  2.94706e-03  0.00000e+00
  16930.88  6933.4375  1.00000e+00  1.00000e+00  2.94879e-03  0.00000e+00
  16959.43  6934.0625  1.00000e+00  1.00000e+00  2.69644e-03  0.00000e+00
  16987.98  6934.6875  1.00000e+00  1.00000e+00  2.56609e-03  0.00000e+00
  17016.53  6935.3125  1.00000e+00  1.00000e+00  2.48285e-03  0.00000e+00
  17045.08  6935.9375  1.00000e+00  1.00000e+00  2.40078e-03  0.00000e+00
  17073.63  6936.5625  1.00000e+00  1.00000e+00  2.22708e-03  0.00000e+00
  17102.18  6937.1875  1.00000e+00  1.00000e+00  2.15646e-03  0.00000e+00
  17130.73  6937.8125  1.00000e+00  1.00000e+00  2.38652e-03  0.00000e+00
  17159.28  6938.4375  1.00000e+00  1.00000e+00  2.54565e-03  0.00000e+00
  17187.84  6939.0625  1.00000e+00  1.00000e+00  2.72407e-03  0.00000e+00
  17216.39  6939.6875  1.00000e+00  1.00000e+00  2.94970e-03  0.00000e+00
  17244.94  6940.3125  1.00000e+00  1.00000e+00  2.85110e-03  0.00000e+00
  17273.49  6940.9375  1.00000e+00  1.00000e+00  2.72924e-03  0.00000e+00
  17302.04  6941.5625  1.00000e+00  1.00000e+00  2.65785e-03  0.00000e+00
  17330.59  6942.1875  1.00000e+00  1.00000e+00  2.48322e-03  0.00000e+00
  17359.14  6942.8125  1.00000e+00  1.00000e+00  2.61141e-03  0.00000e+00
  17387.69  6943.4375  1.00000e+00  1.00000e+00  2.84174e-03  0.00000e+00
  17416.24  6944.0625  1.00000e+00  1.00000e+00  2.90510e-03  0.00000e+00
  17444.79  6944.6875  1.00000e+00  1.00000e+00  2.64098e-03  0.00000e+00
  17473.35  6945.3125  1.00000e+00  1.00000e+00  2.58277e-03  0.00000e+00
  17501.90  6945.9375  1.00000e+00  1.00000e+00  2.42144e-03  0.00000e+00
  17530.45  6946.5625  1.00000e+00  1.00000e+00  2.17090e-03  0.00000e+00
  17559.00  6947.1875  1.00000e+00  1.00000e+00  2.23254e-03  0.00000e+00
  17587.55  6947.8125  1.00000e+00  1.00000e+00  2.49715e-03  0.00000e+00
  17616.10  6948.4375  1.00000e+00  1.00000e+00  2.76199e-03  0.00000e+00
  17644.65  6949.0625  1.00000e+00  1.00000e+00  2.96436e-03  0.00000e+00
  17673.20  6949.6875  1.00000e+00  1.00000e+00  3.12119e-03  0.00000e+00
