# day002  epoch=2.0d  L_Halpha=2.450e+40 erg/s  smooth_kms=25.0
# Columns:
#   1: Δv [km/s]      velocity offset from Hα (6562.81 Å), positive = redshift
#   2: lambda [Å]     observed wavelength
#   3: F_norm         total flux, smoothed, normalized to F_cont_baseline
#   4: F_norm_raw     total flux, RAW MC (no velocity smoothing)
#   5: F_cont_smooth  continuum-channel flux (continuum photons only)
#   6: F_vol_smooth   volumetric-channel flux (line emission contribution)
# Format: F_norm ≈ F_cont_smooth + F_vol_smooth (within MC noise)
# ----------------------------------------------------------------------------------------
 -16559.48  6200.3125  9.06415e-01  9.26499e-01  9.05968e-01  0.00000e+00
 -16530.93  6200.9375  9.33074e-01  8.17283e-01  9.32597e-01  0.00000e+00
 -16502.38  6201.5625  9.50013e-01  1.21164e+00  9.48997e-01  0.00000e+00
 -16473.83  6202.1875  8.32150e-01  5.94732e-01  8.31147e-01  0.00000e+00
 -16445.28  6202.8125  8.79904e-01  8.66855e-01  8.79184e-01  0.00000e+00
 -16416.73  6203.4375  1.00620e+00  1.13273e+00  1.00561e+00  0.00000e+00
 -16388.18  6204.0625  1.01981e+00  9.48468e-01  1.01919e+00  0.00000e+00
 -16359.63  6204.6875  9.99402e-01  1.09187e+00  9.98836e-01  0.00000e+00
 -16331.08  6205.3125  9.58914e-01  8.48093e-01  9.58483e-01  0.00000e+00
 -16302.53  6205.9375  9.64397e-01  1.05147e+00  9.64242e-01  0.00000e+00
 -16273.97  6206.5625  9.85794e-01  8.63126e-01  9.85735e-01  0.00000e+00
 -16245.42  6207.1875  1.01138e+00  1.20023e+00  1.01120e+00  0.00000e+00
 -16216.87  6207.8125  9.31017e-01  8.06372e-01  9.30441e-01  0.00000e+00
 -16188.32  6208.4375  8.92424e-01  9.16950e-01  8.91921e-01  0.00000e+00
 -16159.77  6209.0625  9.02210e-01  8.81911e-01  9.02267e-01  0.00000e+00
 -16131.22  6209.6875  9.21488e-01  9.34358e-01  9.21339e-01  0.00000e+00
 -16102.67  6210.3125  9.45946e-01  9.27083e-01  9.45584e-01  0.00000e+00
 -16074.12  6210.9375  9.83952e-01  9.92263e-01  9.83803e-01  0.00000e+00
 -16045.57  6211.5625  1.02599e+00  1.01554e+00  1.02588e+00  0.00000e+00
 -16017.01  6212.1875  1.03895e+00  1.10455e+00  1.03868e+00  0.00000e+00
 -15988.46  6212.8125  9.98418e-01  9.56177e-01  9.97700e-01  0.00000e+00
 -15959.91  6213.4375  1.00935e+00  9.44369e-01  1.00824e+00  0.00000e+00
 -15931.36  6214.0625  1.05136e+00  1.19127e+00  1.05025e+00  0.00000e+00
 -15902.81  6214.6875  1.04618e+00  8.77037e-01  1.04568e+00  0.00000e+00
 -15874.26  6215.3125  1.11468e+00  1.23301e+00  1.11468e+00  0.00000e+00
 -15845.71  6215.9375  1.16026e+00  1.09056e+00  1.16039e+00  0.00000e+00
 -15817.16  6216.5625  1.14016e+00  1.29700e+00  1.14067e+00  0.00000e+00
 -15788.61  6217.1875  9.97434e-01  9.18707e-01  9.97874e-01  0.00000e+00
 -15760.06  6217.8125  8.80761e-01  8.56152e-01  8.81267e-01  0.00000e+00
 -15731.50  6218.4375  8.19060e-01  8.56152e-01  8.19577e-01  0.00000e+00
 -15702.95  6219.0625  7.71014e-01  7.00621e-01  7.70981e-01  0.00000e+00
 -15674.40  6219.6875  8.35544e-01  7.62401e-01  8.35479e-01  0.00000e+00
 -15645.85  6220.3125  9.69657e-01  1.08648e+00  9.69835e-01  0.00000e+00
 -15617.30  6220.9375  1.01523e+00  9.77692e-01  1.01532e+00  0.00000e+00
 -15588.75  6221.5625  1.01081e+00  1.06837e+00  1.01079e+00  0.00000e+00
 -15560.20  6222.1875  1.00400e+00  9.04971e-01  1.00417e+00  0.00000e+00
 -15531.65  6222.8125  1.01216e+00  1.15100e+00  1.01232e+00  0.00000e+00
 -15503.10  6223.4375  9.13591e-01  8.88030e-01  9.13217e-01  0.00000e+00
 -15474.55  6224.0625  8.56946e-01  7.07315e-01  8.55900e-01  0.00000e+00
 -15445.99  6224.6875  9.68279e-01  1.03594e+00  9.67214e-01  0.00000e+00
 -15417.44  6225.3125  1.05174e+00  1.09969e+00  1.05135e+00  0.00000e+00
 -15388.89  6225.9375  1.03216e+00  1.04007e+00  1.03235e+00  0.00000e+00
 -15360.34  6226.5625  1.00739e+00  9.44962e-01  1.00816e+00  0.00000e+00
 -15331.79  6227.1875  1.04053e+00  1.07052e+00  1.04124e+00  0.00000e+00
 -15303.24  6227.8125  1.05544e+00  1.08451e+00  1.05569e+00  0.00000e+00
 -15274.69  6228.4375  1.04760e+00  9.94354e-01  1.04726e+00  0.00000e+00
 -15246.14  6229.0625  1.08529e+00  1.09269e+00  1.08488e+00  0.00000e+00
 -15217.59  6229.6875  1.10294e+00  1.17283e+00  1.10279e+00  0.00000e+00
 -15189.03  6230.3125  1.04272e+00  1.01523e+00  1.04300e+00  0.00000e+00
 -15160.48  6230.9375  1.00320e+00  9.58389e-01  1.00411e+00  0.00000e+00
 -15131.93  6231.5625  1.02316e+00  1.04289e+00  1.02377e+00  0.00000e+00
 -15103.38  6232.1875  9.95675e-01  1.07957e+00  9.95871e-01  0.00000e+00
 -15074.83  6232.8125  8.87762e-01  8.27193e-01  8.88120e-01  0.00000e+00
 -15046.28  6233.4375  8.92355e-01  7.41826e-01  8.92874e-01  0.00000e+00
 -15017.73  6234.0625  9.93332e-01  1.23107e+00  9.93686e-01  0.00000e+00
 -14989.18  6234.6875  9.71773e-01  8.01853e-01  9.72382e-01  0.00000e+00
 -14960.63  6235.3125  1.00168e+00  1.05868e+00  1.00288e+00  0.00000e+00
 -14932.08  6235.9375  1.02411e+00  1.06527e+00  1.02541e+00  0.00000e+00
 -14903.52  6236.5625  9.43007e-01  9.82418e-01  9.43349e-01  0.00000e+00
 -14874.97  6237.1875  8.51041e-01  7.34164e-01  8.50786e-01  0.00000e+00
 -14846.42  6237.8125  8.61039e-01  9.14209e-01  8.60970e-01  0.00000e+00
 -14817.87  6238.4375  9.25715e-01  8.29226e-01  9.26170e-01  0.00000e+00
 -14789.32  6239.0625  1.04351e+00  1.12295e+00  1.04441e+00  0.00000e+00
 -14760.77  6239.6875  1.12281e+00  1.10003e+00  1.12297e+00  0.00000e+00
 -14732.22  6240.3125  1.13141e+00  1.22194e+00  1.13117e+00  0.00000e+00
 -14703.67  6240.9375  1.01976e+00  1.04615e+00  1.01997e+00  0.00000e+00
 -14675.12  6241.5625  9.22063e-01  7.50782e-01  9.22727e-01  0.00000e+00
 -14646.57  6242.1875  1.01188e+00  1.04249e+00  1.01251e+00  0.00000e+00
 -14618.01  6242.8125  1.10665e+00  1.20830e+00  1.10679e+00  0.00000e+00
 -14589.46  6243.4375  1.12198e+00  1.00092e+00  1.12146e+00  0.00000e+00
 -14560.91  6244.0625  1.15587e+00  1.28703e+00  1.15516e+00  0.00000e+00
 -14532.36  6244.6875  1.08279e+00  1.09018e+00  1.08250e+00  0.00000e+00
 -14503.81  6245.3125  9.74556e-01  8.96575e-01  9.74123e-01  0.00000e+00
 -14475.26  6245.9375  1.00496e+00  9.25948e-01  1.00455e+00  0.00000e+00
 -14446.71  6246.5625  1.10550e+00  1.24208e+00  1.10561e+00  0.00000e+00
 -14418.16  6247.1875  1.08453e+00  1.07274e+00  1.08441e+00  0.00000e+00
 -14389.61  6247.8125  1.05496e+00  9.59295e-01  1.05521e+00  0.00000e+00
 -14361.06  6248.4375  1.11229e+00  1.17840e+00  1.11300e+00  0.00000e+00
 -14332.50  6249.0625  1.08735e+00  1.18060e+00  1.08786e+00  0.00000e+00
 -14303.95  6249.6875  9.68819e-01  8.53906e-01  9.68751e-01  0.00000e+00
 -14275.40  6250.3125  9.18946e-01  9.66684e-01  9.18225e-01  0.00000e+00
 -14246.85  6250.9375  9.31704e-01  8.33744e-01  9.30540e-01  0.00000e+00
 -14218.30  6251.5625  1.04160e+00  1.04924e+00  1.04032e+00  0.00000e+00
 -14189.75  6252.1875  1.12520e+00  1.24688e+00  1.12399e+00  0.00000e+00
 -14161.20  6252.8125  1.05343e+00  1.04423e+00  1.05320e+00  0.00000e+00
 -14132.65  6253.4375  9.72250e-01  8.85137e-01  9.73370e-01  0.00000e+00
 -14104.10  6254.0625  9.98585e-01  1.01155e+00  9.99725e-01  0.00000e+00
 -14075.54  6254.6875  1.01240e+00  1.09288e+00  1.01248e+00  0.00000e+00
 -14046.99  6255.3125  9.24960e-01  9.11820e-01  9.24923e-01  0.00000e+00
 -14018.44  6255.9375  8.68691e-01  7.65446e-01  8.68994e-01  0.00000e+00
 -13989.89  6256.5625  9.54221e-01  9.49827e-01  9.54041e-01  0.00000e+00
 -13961.34  6257.1875  1.03976e+00  1.15963e+00  1.03931e+00  0.00000e+00
 -13932.79  6257.8125  1.03378e+00  9.26529e-01  1.03377e+00  0.00000e+00
 -13904.24  6258.4375  1.05912e+00  1.12948e+00  1.05954e+00  0.00000e+00
 -13875.69  6259.0625  1.10621e+00  1.00615e+00  1.10647e+00  0.00000e+00
 -13847.14  6259.6875  1.13669e+00  1.32471e+00  1.13663e+00  0.00000e+00
 -13818.59  6260.3125  1.03331e+00  9.39566e-01  1.03314e+00  0.00000e+00
 -13790.03  6260.9375  9.78198e-01  9.18797e-01  9.78181e-01  0.00000e+00
 -13761.48  6261.5625  1.00818e+00  1.07998e+00  1.00876e+00  0.00000e+00
 -13732.93  6262.1875  9.67123e-01  9.97331e-01  9.67796e-01  0.00000e+00
 -13704.38  6262.8125  9.11528e-01  7.99384e-01  9.12196e-01  0.00000e+00
 -13675.83  6263.4375  9.72802e-01  9.89061e-01  9.73529e-01  0.00000e+00
 -13647.28  6264.0625  1.03855e+00  1.10660e+00  1.03896e+00  0.00000e+00
 -13618.73  6264.6875  1.01468e+00  1.00468e+00  1.01493e+00  0.00000e+00
 -13590.18  6265.3125  9.90005e-01  9.45482e-01  9.90173e-01  0.00000e+00
 -13561.63  6265.9375  1.04213e+00  1.01738e+00  1.04145e+00  0.00000e+00
 -13533.08  6266.5625  1.12524e+00  1.17414e+00  1.12414e+00  0.00000e+00
 -13504.52  6267.1875  1.15930e+00  1.15754e+00  1.15884e+00  0.00000e+00
 -13475.97  6267.8125  1.15372e+00  1.18272e+00  1.15391e+00  0.00000e+00
 -13447.42  6268.4375  1.18074e+00  1.05216e+00  1.18114e+00  0.00000e+00
 -13418.87  6269.0625  1.25072e+00  1.43710e+00  1.25113e+00  0.00000e+00
 -13390.32  6269.6875  1.18727e+00  1.12659e+00  1.18738e+00  0.00000e+00
 -13361.77  6270.3125  1.11986e+00  1.07757e+00  1.11971e+00  0.00000e+00
 -13333.22  6270.9375  1.10968e+00  1.16091e+00  1.10935e+00  0.00000e+00
 -13304.67  6271.5625  1.08070e+00  1.04254e+00  1.08080e+00  0.00000e+00
 -13276.12  6272.1875  1.04962e+00  1.09313e+00  1.05058e+00  0.00000e+00
 -13247.56  6272.8125  1.03001e+00  9.41191e-01  1.03110e+00  0.00000e+00
 -13219.01  6273.4375  1.01091e+00  1.17547e+00  1.01153e+00  0.00000e+00
 -13190.46  6274.0625  9.46297e-01  7.40440e-01  9.46941e-01  0.00000e+00
 -13161.91  6274.6875  1.00159e+00  1.09820e+00  1.00244e+00  0.00000e+00
 -13133.36  6275.3125  1.06184e+00  1.04000e+00  1.06240e+00  0.00000e+00
 -13104.81  6275.9375  1.11880e+00  1.08384e+00  1.11986e+00  0.00000e+00
 -13076.26  6276.5625  1.18199e+00  1.25661e+00  1.18357e+00  0.00000e+00
 -13047.71  6277.1875  1.09605e+00  1.22751e+00  1.09719e+00  0.00000e+00
 -13019.16  6277.8125  9.32061e-01  6.90976e-01  9.32704e-01  0.00000e+00
 -12990.61  6278.4375  9.27581e-01  1.06479e+00  9.28220e-01  0.00000e+00
 -12962.05  6279.0625  9.37387e-01  8.43035e-01  9.38401e-01  0.00000e+00
 -12933.50  6279.6875  9.58897e-01  1.02267e+00  9.59771e-01  0.00000e+00
 -12904.95  6280.3125  9.42305e-01  9.51812e-01  9.42770e-01  0.00000e+00
 -12876.40  6280.9375  8.94477e-01  8.71654e-01  8.94570e-01  0.00000e+00
 -12847.85  6281.5625  9.21943e-01  8.33328e-01  9.21934e-01  0.00000e+00
 -12819.30  6282.1875  1.05333e+00  1.09147e+00  1.05329e+00  0.00000e+00
 -12790.75  6282.8125  1.10990e+00  1.24944e+00  1.10959e+00  0.00000e+00
 -12762.20  6283.4375  1.06678e+00  8.82554e-01  1.06656e+00  0.00000e+00
 -12733.65  6284.0625  1.09835e+00  1.24317e+00  1.09866e+00  0.00000e+00
 -12705.10  6284.6875  1.09816e+00  1.01091e+00  1.09929e+00  0.00000e+00
 -12676.54  6285.3125  1.14114e+00  1.11698e+00  1.14218e+00  0.00000e+00
 -12647.99  6285.9375  1.15433e+00  1.34203e+00  1.15494e+00  0.00000e+00
 -12619.44  6286.5625  1.01436e+00  8.86065e-01  1.01437e+00  0.00000e+00
 -12590.89  6287.1875  9.63185e-01  9.10868e-01  9.62901e-01  0.00000e+00
 -12562.34  6287.8125  1.03200e+00  1.06420e+00  1.03239e+00  0.00000e+00
 -12533.79  6288.4375  1.06186e+00  1.11982e+00  1.06289e+00  0.00000e+00
 -12505.24  6289.0625  1.04451e+00  9.60380e-01  1.04504e+00  0.00000e+00
 -12476.69  6289.6875  1.05757e+00  1.13667e+00  1.05769e+00  0.00000e+00
 -12448.14  6290.3125  1.05323e+00  9.84336e-01  1.05370e+00  0.00000e+00
 -12419.58  6290.9375  1.04282e+00  1.13062e+00  1.04327e+00  0.00000e+00
 -12391.03  6291.5625  9.64728e-01  9.49483e-01  9.64510e-01  0.00000e+00
 -12362.48  6292.1875  8.88828e-01  8.41689e-01  8.87933e-01  0.00000e+00
 -12333.93  6292.8125  9.47313e-01  8.31225e-01  9.46388e-01  0.00000e+00
 -12305.38  6293.4375  1.09537e+00  1.25424e+00  1.09504e+00  0.00000e+00
 -12276.83  6294.0625  1.13369e+00  1.08240e+00  1.13398e+00  0.00000e+00
 -12248.28  6294.6875  1.13864e+00  1.15624e+00  1.13842e+00  0.00000e+00
 -12219.73  6295.3125  1.17192e+00  1.12609e+00  1.17168e+00  0.00000e+00
 -12191.18  6295.9375  1.22057e+00  1.27868e+00  1.22092e+00  0.00000e+00
 -12162.63  6296.5625  1.18424e+00  1.24175e+00  1.18487e+00  0.00000e+00
 -12134.07  6297.1875  1.05396e+00  1.03340e+00  1.05470e+00  0.00000e+00
 -12105.52  6297.8125  9.86838e-01  8.64233e-01  9.87566e-01  0.00000e+00
 -12076.97  6298.4375  1.05624e+00  1.11592e+00  1.05640e+00  0.00000e+00
 -12048.42  6299.0625  1.08962e+00  1.14177e+00  1.08966e+00  0.00000e+00
 -12019.87  6299.6875  1.02827e+00  1.02006e+00  1.02910e+00  0.00000e+00
 -11991.32  6300.3125  9.91297e-01  9.17330e-01  9.91795e-01  0.00000e+00
 -11962.77  6300.9375  1.08312e+00  1.02634e+00  1.08254e+00  0.00000e+00
 -11934.22  6301.5625  1.16632e+00  1.39309e+00  1.16517e+00  0.00000e+00
 -11905.67  6302.1875  1.12158e+00  8.85886e-01  1.12036e+00  0.00000e+00
 -11877.12  6302.8125  1.16048e+00  1.31701e+00  1.15970e+00  0.00000e+00
 -11848.56  6303.4375  1.13150e+00  1.12714e+00  1.13147e+00  0.00000e+00
 -11820.01  6304.0625  1.07685e+00  9.87064e-01  1.07734e+00  0.00000e+00
 -11791.46  6304.6875  1.14735e+00  1.12749e+00  1.14739e+00  0.00000e+00
 -11762.91  6305.3125  1.23435e+00  1.34627e+00  1.23374e+00  0.00000e+00
 -11734.36  6305.9375  1.23567e+00  1.15141e+00  1.23518e+00  0.00000e+00
 -11705.81  6306.5625  1.23777e+00  1.31027e+00  1.23721e+00  0.00000e+00
 -11677.26  6307.1875  1.18814e+00  1.19378e+00  1.18759e+00  0.00000e+00
 -11648.71  6307.8125  1.11496e+00  1.07838e+00  1.11491e+00  0.00000e+00
 -11620.16  6308.4375  1.12191e+00  1.04931e+00  1.12202e+00  0.00000e+00
 -11591.60  6309.0625  1.13120e+00  1.33182e+00  1.13121e+00  0.00000e+00
 -11563.05  6309.6875  1.00850e+00  8.57132e-01  1.00853e+00  0.00000e+00
 -11534.50  6310.3125  9.44835e-01  9.83748e-01  9.44603e-01  0.00000e+00
 -11505.95  6310.9375  9.16505e-01  9.13579e-01  9.15735e-01  0.00000e+00
 -11477.40  6311.5625  8.84955e-01  8.70805e-01  8.83829e-01  0.00000e+00
 -11448.85  6312.1875  9.16847e-01  8.40898e-01  9.16351e-01  0.00000e+00
 -11420.30  6312.8125  1.02574e+00  1.07938e+00  1.02561e+00  0.00000e+00
 -11391.75  6313.4375  1.09367e+00  1.11698e+00  1.09317e+00  0.00000e+00
 -11363.20  6314.0625  1.07224e+00  1.12193e+00  1.07199e+00  0.00000e+00
 -11334.65  6314.6875  1.00412e+00  9.43258e-01  1.00397e+00  0.00000e+00
 -11306.09  6315.3125  9.61864e-01  1.00164e+00  9.61408e-01  0.00000e+00
 -11277.54  6315.9375  9.05552e-01  9.08252e-01  9.05550e-01  0.00000e+00
 -11248.99  6316.5625  9.11461e-01  7.57970e-01  9.11910e-01  0.00000e+00
 -11220.44  6317.1875  1.02916e+00  1.18377e+00  1.02978e+00  0.00000e+00
 -11191.89  6317.8125  1.09293e+00  9.86853e-01  1.09356e+00  0.00000e+00
 -11163.34  6318.4375  1.11760e+00  1.27117e+00  1.11765e+00  0.00000e+00
 -11134.79  6319.0625  1.02292e+00  9.80082e-01  1.02295e+00  0.00000e+00
 -11106.24  6319.6875  9.14729e-01  8.88860e-01  9.15052e-01  0.00000e+00
 -11077.69  6320.3125  9.07164e-01  8.24493e-01  9.06829e-01  0.00000e+00
 -11049.14  6320.9375  9.42829e-01  1.08708e+00  9.41542e-01  0.00000e+00
 -11020.58  6321.5625  8.97824e-01  8.01000e-01  8.96396e-01  0.00000e+00
 -10992.03  6322.1875  9.27875e-01  8.68658e-01  9.26805e-01  0.00000e+00
 -10963.48  6322.8125  1.00010e+00  1.15496e+00  9.99841e-01  0.00000e+00
 -10934.93  6323.4375  9.61223e-01  8.66081e-01  9.61841e-01  0.00000e+00
 -10906.38  6324.0625  9.28153e-01  9.74965e-01  9.28633e-01  0.00000e+00
 -10877.83  6324.6875  8.83690e-01  8.91766e-01  8.83213e-01  0.00000e+00
 -10849.28  6325.3125  8.59755e-01  7.61834e-01  8.58987e-01  0.00000e+00
 -10820.73  6325.9375  9.07432e-01  9.98437e-01  9.07302e-01  0.00000e+00
 -10792.18  6326.5625  9.41801e-01  8.59003e-01  9.42572e-01  0.00000e+00
 -10763.62  6327.1875  1.00596e+00  1.05080e+00  1.00683e+00  0.00000e+00
 -10735.07  6327.8125  1.02988e+00  1.07538e+00  1.03025e+00  0.00000e+00
 -10706.52  6328.4375  9.69010e-01  9.67131e-01  9.68899e-01  0.00000e+00
 -10677.97  6329.0625  8.77555e-01  8.92770e-01  8.77058e-01  0.00000e+00
 -10649.42  6329.6875  8.57570e-01  6.99214e-01  8.57735e-01  0.00000e+00
 -10620.87  6330.3125  9.59388e-01  1.08967e+00  9.59475e-01  0.00000e+00
 -10592.32  6330.9375  9.67484e-01  1.00146e+00  9.67246e-01  0.00000e+00
 -10563.77  6331.5625  9.44461e-01  7.91842e-01  9.44483e-01  0.00000e+00
 -10535.22  6332.1875  1.01698e+00  1.15446e+00  1.01693e+00  0.00000e+00
 -10506.67  6332.8125  1.00789e+00  9.93133e-01  1.00757e+00  0.00000e+00
 -10478.11  6333.4375  9.61582e-01  9.26048e-01  9.60730e-01  0.00000e+00
 -10449.56  6334.0625  9.63593e-01  9.67285e-01  9.63047e-01  0.00000e+00
 -10421.01  6334.6875  9.66829e-01  9.96137e-01  9.66967e-01  0.00000e+00
 -10392.46  6335.3125  9.56624e-01  9.10485e-01  9.56926e-01  0.00000e+00
 -10363.91  6335.9375  9.74639e-01  1.00463e+00  9.74715e-01  0.00000e+00
 -10335.36  6336.5625  1.02699e+00  9.45053e-01  1.02661e+00  0.00000e+00
 -10306.81  6337.1875  1.12902e+00  1.20165e+00  1.12809e+00  0.00000e+00
 -10278.26  6337.8125  1.19458e+00  1.17003e+00  1.19297e+00  0.00000e+00
 -10249.71  6338.4375  1.20086e+00  1.28918e+00  1.19912e+00  0.00000e+00
 -10221.16  6339.0625  1.15601e+00  1.06655e+00  1.15536e+00  0.00000e+00
 -10192.60  6339.6875  1.17094e+00  1.17575e+00  1.17153e+00  0.00000e+00
 -10164.05  6340.3125  1.15850e+00  1.28108e+00  1.15923e+00  0.00000e+00
 -10135.50  6340.9375  1.02434e+00  9.57768e-01  1.02516e+00  0.00000e+00
 -10106.95  6341.5625  9.34296e-01  8.88117e-01  9.35220e-01  0.00000e+00
 -10078.40  6342.1875  9.74597e-01  9.18014e-01  9.75332e-01  0.00000e+00
 -10049.85  6342.8125  1.07358e+00  1.14609e+00  1.07371e+00  0.00000e+00
 -10021.30  6343.4375  1.05991e+00  1.15226e+00  1.06014e+00  0.00000e+00
  -9992.75  6344.0625  9.62556e-01  8.25333e-01  9.63108e-01  0.00000e+00
  -9964.20  6344.6875  9.65274e-01  1.00719e+00  9.65486e-01  0.00000e+00
  -9935.65  6345.3125  1.00088e+00  9.82132e-01  1.00019e+00  0.00000e+00
  -9907.09  6345.9375  9.87153e-01  1.07749e+00  9.86602e-01  0.00000e+00
  -9878.54  6346.5625  8.93741e-01  8.47447e-01  8.93739e-01  0.00000e+00
  -9849.99  6347.1875  8.57799e-01  7.69376e-01  8.57354e-01  0.00000e+00
  -9821.44  6347.8125  8.98201e-01  1.01286e+00  8.97543e-01  0.00000e+00
  -9792.89  6348.4375  8.91809e-01  8.07305e-01  8.91518e-01  0.00000e+00
  -9764.34  6349.0625  9.24064e-01  9.35775e-01  9.24092e-01  0.00000e+00
  -9735.79  6349.6875  9.79277e-01  9.90348e-01  9.79520e-01  0.00000e+00
  -9707.24  6350.3125  9.82211e-01  1.04137e+00  9.82548e-01  0.00000e+00
  -9678.69  6350.9375  9.43522e-01  8.68059e-01  9.43990e-01  0.00000e+00
  -9650.13  6351.5625  9.49908e-01  9.83333e-01  9.50305e-01  0.00000e+00
  -9621.58  6352.1875  9.75312e-01  9.45692e-01  9.75873e-01  0.00000e+00
  -9593.03  6352.8125  1.04719e+00  1.00052e+00  1.04724e+00  0.00000e+00
  -9564.48  6353.4375  1.13016e+00  1.24295e+00  1.12914e+00  0.00000e+00
  -9535.93  6354.0625  1.10051e+00  1.08571e+00  1.09957e+00  0.00000e+00
  -9507.38  6354.6875  1.02213e+00  1.02875e+00  1.02216e+00  0.00000e+00
  -9478.83  6355.3125  9.85364e-01  9.09116e-01  9.86230e-01  0.00000e+00
  -9450.28  6355.9375  1.02505e+00  1.06002e+00  1.02557e+00  0.00000e+00
  -9421.73  6356.5625  1.04581e+00  1.07408e+00  1.04620e+00  0.00000e+00
  -9393.18  6357.1875  1.00276e+00  1.02453e+00  1.00368e+00  0.00000e+00
  -9364.62  6357.8125  1.00896e+00  8.39679e-01  1.00957e+00  0.00000e+00
  -9336.07  6358.4375  1.11834e+00  1.30002e+00  1.11859e+00  0.00000e+00
  -9307.52  6359.0625  1.11339e+00  1.06904e+00  1.11299e+00  0.00000e+00
  -9278.97  6359.6875  1.05052e+00  1.07271e+00  1.05033e+00  0.00000e+00
  -9250.42  6360.3125  9.98173e-01  9.65223e-01  9.98535e-01  0.00000e+00
  -9221.87  6360.9375  9.71734e-01  9.84885e-01  9.72110e-01  0.00000e+00
  -9193.32  6361.5625  9.67738e-01  9.28085e-01  9.68278e-01  0.00000e+00
  -9164.77  6362.1875  9.56127e-01  1.04946e+00  9.56862e-01  0.00000e+00
  -9136.22  6362.8125  9.03372e-01  8.07799e-01  9.04046e-01  0.00000e+00
  -9107.67  6363.4375  9.56773e-01  8.99630e-01  9.56517e-01  0.00000e+00
  -9079.11  6364.0625  1.11702e+00  1.15024e+00  1.11571e+00  0.00000e+00
  -9050.56  6364.6875  1.19843e+00  1.32221e+00  1.19780e+00  0.00000e+00
  -9022.01  6365.3125  1.14259e+00  1.06373e+00  1.14250e+00  0.00000e+00
  -8993.46  6365.9375  1.09294e+00  1.13194e+00  1.09304e+00  0.00000e+00
  -8964.91  6366.5625  1.05225e+00  1.02451e+00  1.05311e+00  0.00000e+00
  -8936.36  6367.1875  1.03473e+00  1.02483e+00  1.03571e+00  0.00000e+00
  -8907.81  6367.8125  1.06424e+00  1.03359e+00  1.06482e+00  0.00000e+00
  -8879.26  6368.4375  1.12938e+00  1.14310e+00  1.12984e+00  0.00000e+00
  -8850.71  6369.0625  1.13038e+00  1.24397e+00  1.13110e+00  0.00000e+00
  -8822.15  6369.6875  1.04579e+00  9.20122e-01  1.04667e+00  0.00000e+00
  -8793.60  6370.3125  1.01266e+00  1.09479e+00  1.01288e+00  0.00000e+00
  -8765.05  6370.9375  9.93094e-01  9.05774e-01  9.93045e-01  0.00000e+00
  -8736.50  6371.5625  1.00142e+00  1.07396e+00  1.00159e+00  0.00000e+00
  -8707.95  6372.1875  9.80966e-01  9.52312e-01  9.80828e-01  0.00000e+00
  -8679.40  6372.8125  9.68220e-01  9.50033e-01  9.67929e-01  0.00000e+00
  -8650.85  6373.4375  9.81290e-01  1.00146e+00  9.81556e-01  0.00000e+00
  -8622.30  6374.0625  9.65069e-01  9.92832e-01  9.65789e-01  0.00000e+00
  -8593.75  6374.6875  9.45706e-01  8.71451e-01  9.46739e-01  0.00000e+00
  -8565.20  6375.3125  1.00904e+00  1.00003e+00  1.01014e+00  0.00000e+00
  -8536.64  6375.9375  1.05531e+00  1.18241e+00  1.05616e+00  0.00000e+00
  -8508.09  6376.5625  1.01062e+00  8.93111e-01  1.01138e+00  0.00000e+00
  -8479.54  6377.1875  1.03267e+00  1.05172e+00  1.03330e+00  0.00000e+00
  -8450.99  6377.8125  1.06746e+00  1.11535e+00  1.06766e+00  0.00000e+00
  -8422.44  6378.4375  1.03936e+00  1.03107e+00  1.03980e+00  0.00000e+00
  -8393.89  6379.0625  1.04591e+00  9.49100e-01  1.04697e+00  0.00000e+00
  -8365.34  6379.6875  1.09052e+00  1.24889e+00  1.09143e+00  0.00000e+00
  -8336.79  6380.3125  1.01265e+00  9.66341e-01  1.01322e+00  0.00000e+00
  -8308.24  6380.9375  9.36044e-01  8.82503e-01  9.36566e-01  0.00000e+00
  -8279.69  6381.5625  9.53517e-01  9.54407e-01  9.54237e-01  0.00000e+00
  -8251.13  6382.1875  1.01120e+00  9.99690e-01  1.01224e+00  0.00000e+00
  -8222.58  6382.8125  1.08061e+00  1.08412e+00  1.08188e+00  0.00000e+00
  -8194.03  6383.4375  1.10992e+00  1.18384e+00  1.11102e+00  0.00000e+00
  -8165.48  6384.0625  1.08746e+00  1.00691e+00  1.08748e+00  0.00000e+00
  -8136.93  6384.6875  1.11724e+00  1.12970e+00  1.11694e+00  0.00000e+00
  -8108.38  6385.3125  1.13297e+00  1.21066e+00  1.13312e+00  0.00000e+00
  -8079.83  6385.9375  1.09355e+00  1.00038e+00  1.09396e+00  0.00000e+00
  -8051.28  6386.5625  1.07434e+00  1.16962e+00  1.07488e+00  0.00000e+00
  -8022.73  6387.1875  1.01397e+00  9.65449e-01  1.01451e+00  0.00000e+00
  -7994.17  6387.8125  1.00028e+00  9.32278e-01  1.00041e+00  0.00000e+00
  -7965.62  6388.4375  1.02301e+00  1.16140e+00  1.02306e+00  0.00000e+00
  -7937.07  6389.0625  9.70492e-01  8.61736e-01  9.70647e-01  0.00000e+00
  -7908.52  6389.6875  9.83882e-01  9.75649e-01  9.83791e-01  0.00000e+00
  -7879.97  6390.3125  1.02716e+00  1.09861e+00  1.02721e+00  0.00000e+00
  -7851.42  6390.9375  9.98041e-01  9.73204e-01  9.98749e-01  0.00000e+00
  -7822.87  6391.5625  9.43481e-01  9.69810e-01  9.44047e-01  0.00000e+00
  -7794.32  6392.1875  8.87066e-01  8.57999e-01  8.87218e-01  0.00000e+00
  -7765.77  6392.8125  9.02245e-01  8.18816e-01  9.02303e-01  0.00000e+00
  -7737.22  6393.4375  9.85275e-01  1.07942e+00  9.85312e-01  0.00000e+00
  -7708.66  6394.0625  9.53648e-01  1.03340e+00  9.54182e-01  0.00000e+00
  -7680.11  6394.6875  8.98333e-01  6.65290e-01  8.99201e-01  0.00000e+00
  -7651.56  6395.3125  1.02121e+00  1.15264e+00  1.02208e+00  0.00000e+00
  -7623.01  6395.9375  1.08028e+00  1.12669e+00  1.08077e+00  0.00000e+00
  -7594.46  6396.5625  1.02339e+00  9.96476e-01  1.02382e+00  0.00000e+00
  -7565.91  6397.1875  9.99515e-01  9.48148e-01  9.99392e-01  0.00000e+00
  -7537.36  6397.8125  1.03536e+00  1.07314e+00  1.03502e+00  0.00000e+00
  -7508.81  6398.4375  1.03648e+00  1.06657e+00  1.03672e+00  0.00000e+00
  -7480.26  6399.0625  1.00900e+00  9.53457e-01  1.00932e+00  0.00000e+00
  -7451.71  6399.6875  1.01836e+00  1.04574e+00  1.01832e+00  0.00000e+00
  -7423.15  6400.3125  1.00657e+00  1.03777e+00  1.00614e+00  0.00000e+00
  -7394.60  6400.9375  9.65682e-01  9.19746e-01  9.65212e-01  0.00000e+00
  -7366.05  6401.5625  9.55675e-01  9.72941e-01  9.55815e-01  0.00000e+00
  -7337.50  6402.1875  9.54686e-01  9.50125e-01  9.55230e-01  0.00000e+00
  -7308.95  6402.8125  9.93281e-01  9.21911e-01  9.93491e-01  0.00000e+00
  -7280.40  6403.4375  1.10206e+00  1.13930e+00  1.10228e+00  0.00000e+00
  -7251.85  6404.0625  1.12237e+00  1.26098e+00  1.12283e+00  0.00000e+00
  -7223.30  6404.6875  9.81939e-01  9.15486e-01  9.82603e-01  0.00000e+00
  -7194.75  6405.3125  9.12532e-01  7.91742e-01  9.13267e-01  0.00000e+00
  -7166.19  6405.9375  9.45779e-01  1.10825e+00  9.46840e-01  0.00000e+00
  -7137.64  6406.5625  9.13198e-01  7.88491e-01  9.14095e-01  0.00000e+00
  -7109.09  6407.1875  9.45028e-01  9.56518e-01  9.45543e-01  0.00000e+00
  -7080.54  6407.8125  1.02142e+00  1.03408e+00  1.02188e+00  0.00000e+00
  -7051.99  6408.4375  1.03439e+00  1.11030e+00  1.03471e+00  0.00000e+00
  -7023.44  6409.0625  9.75215e-01  9.11771e-01  9.75089e-01  0.00000e+00
  -6994.89  6409.6875  9.38952e-01  9.66031e-01  9.38406e-01  0.00000e+00
  -6966.34  6410.3125  9.22825e-01  8.89474e-01  9.22918e-01  0.00000e+00
  -6937.79  6410.9375  9.34968e-01  9.37253e-01  9.35775e-01  0.00000e+00
  -6909.24  6411.5625  9.52273e-01  9.71252e-01  9.53191e-01  0.00000e+00
  -6880.68  6412.1875  9.51363e-01  9.37517e-01  9.51013e-01  0.00000e+00
  -6852.13  6412.8125  9.39136e-01  9.70066e-01  9.37945e-01  0.00000e+00
  -6823.58  6413.4375  9.06116e-01  8.85675e-01  9.05574e-01  0.00000e+00
  -6795.03  6414.0625  8.94626e-01  8.78995e-01  8.94568e-01  0.00000e+00
  -6766.48  6414.6875  9.58360e-01  8.77375e-01  9.58074e-01  0.00000e+00
  -6737.93  6415.3125  1.03260e+00  1.21609e+00  1.03204e+00  0.00000e+00
  -6709.38  6415.9375  9.78546e-01  8.68538e-01  9.77963e-01  0.00000e+00
  -6680.83  6416.5625  9.65924e-01  9.58657e-01  9.65504e-01  0.00000e+00
  -6652.28  6417.1875  1.00433e+00  1.03676e+00  1.00401e+00  0.00000e+00
  -6623.73  6417.8125  1.01508e+00  1.00366e+00  1.01402e+00  0.00000e+00
  -6595.17  6418.4375  1.02683e+00  1.01739e+00  1.02567e+00  0.00000e+00
  -6566.62  6419.0625  1.04874e+00  1.05958e+00  1.04798e+00  0.00000e+00
  -6538.07  6419.6875  1.03601e+00  1.08391e+00  1.03550e+00  0.00000e+00
  -6509.52  6420.3125  9.99219e-01  9.19472e-01  9.98959e-01  0.00000e+00
  -6480.97  6420.9375  1.00142e+00  1.06634e+00  1.00136e+00  0.00000e+00
  -6452.42  6421.5625  9.85651e-01  9.46980e-01  9.86176e-01  0.00000e+00
  -6423.87  6422.1875  9.55693e-01  1.00509e+00  9.56162e-01  0.00000e+00
  -6395.32  6422.8125  8.99185e-01  8.70341e-01  8.99391e-01  0.00000e+00
  -6366.77  6423.4375  8.69003e-01  8.44182e-01  8.69302e-01  0.00000e+00
  -6338.21  6424.0625  9.16617e-01  8.71778e-01  9.16803e-01  0.00000e+00
  -6309.66  6424.6875  1.05801e+00  1.01934e+00  1.05773e+00  0.00000e+00
  -6281.11  6425.3125  1.17079e+00  1.34787e+00  1.17035e+00  0.00000e+00
  -6252.56  6425.9375  1.06505e+00  1.08112e+00  1.06518e+00  0.00000e+00
  -6224.01  6426.5625  8.87027e-01  7.98034e-01  8.86908e-01  0.00000e+00
  -6195.46  6427.1875  8.35432e-01  7.94219e-01  8.35060e-01  0.00000e+00
  -6166.91  6427.8125  8.64091e-01  9.15592e-01  8.64081e-01  0.00000e+00
  -6138.36  6428.4375  8.99430e-01  8.20014e-01  8.99908e-01  0.00000e+00
  -6109.81  6429.0625  9.93161e-01  1.01816e+00  9.93578e-01  0.00000e+00
  -6081.26  6429.6875  1.05596e+00  1.12835e+00  1.05580e+00  0.00000e+00
  -6052.70  6430.3125  1.02095e+00  1.01148e+00  1.02050e+00  0.00000e+00
  -6024.15  6430.9375  1.03780e+00  8.84151e-01  1.03794e+00  0.00000e+00
  -5995.60  6431.5625  1.10606e+00  1.37522e+00  1.10581e+00  0.00000e+00
  -5967.05  6432.1875  1.01782e+00  8.33588e-01  1.01662e+00  0.00000e+00
  -5938.50  6432.8125  9.71580e-01  1.05018e+00  9.70434e-01  0.00000e+00
  -5909.95  6433.4375  9.64505e-01  8.96747e-01  9.64232e-01  0.00000e+00
  -5881.40  6434.0625  1.00979e+00  1.00436e+00  1.00980e+00  0.00000e+00
  -5852.85  6434.6875  1.09086e+00  1.10332e+00  1.09103e+00  0.00000e+00
  -5824.30  6435.3125  1.12409e+00  1.18606e+00  1.12398e+00  0.00000e+00
  -5795.75  6435.9375  1.07629e+00  1.05819e+00  1.07596e+00  0.00000e+00
  -5767.19  6436.5625  9.86953e-01  1.03626e+00  9.87271e-01  0.00000e+00
  -5738.64  6437.1875  8.91068e-01  8.14023e-01  8.91916e-01  0.00000e+00
  -5710.09  6437.8125  9.21555e-01  8.25202e-01  9.22619e-01  0.00000e+00
  -5681.54  6438.4375  1.02314e+00  1.19625e+00  1.02414e+00  0.00000e+00
  -5652.99  6439.0625  1.00149e+00  9.25454e-01  1.00200e+00  0.00000e+00
  -5624.44  6439.6875  9.88745e-01  9.71176e-01  9.89370e-01  0.00000e+00
  -5595.89  6440.3125  1.01785e+00  1.05355e+00  1.01866e+00  0.00000e+00
  -5567.34  6440.9375  1.01225e+00  1.01673e+00  1.01257e+00  0.00000e+00
  -5538.79  6441.5625  1.01764e+00  9.52646e-01  1.01686e+00  0.00000e+00
  -5510.24  6442.1875  1.08176e+00  1.11989e+00  1.08030e+00  0.00000e+00
  -5481.68  6442.8125  1.11519e+00  1.14667e+00  1.11413e+00  0.00000e+00
  -5453.13  6443.4375  1.08805e+00  1.08668e+00  1.08760e+00  0.00000e+00
  -5424.58  6444.0625  1.06690e+00  1.02186e+00  1.06665e+00  0.00000e+00
  -5396.03  6444.6875  1.05965e+00  1.13887e+00  1.05987e+00  0.00000e+00
  -5367.48  6445.3125  1.00886e+00  9.50281e-01  1.00961e+00  0.00000e+00
  -5338.93  6445.9375  9.82128e-01  9.99380e-01  9.82368e-01  0.00000e+00
  -5310.38  6446.5625  1.01272e+00  9.28687e-01  1.01210e+00  0.00000e+00
  -5281.83  6447.1875  1.08323e+00  1.19034e+00  1.08236e+00  0.00000e+00
  -5253.28  6447.8125  1.07637e+00  1.04680e+00  1.07610e+00  0.00000e+00
  -5224.72  6448.4375  1.00550e+00  1.07932e+00  1.00576e+00  0.00000e+00
  -5196.17  6449.0625  9.19124e-01  8.07241e-01  9.19644e-01  0.00000e+00
  -5167.62  6449.6875  9.50900e-01  9.28010e-01  9.51293e-01  0.00000e+00
  -5139.07  6450.3125  1.04467e+00  1.09667e+00  1.04501e+00  0.00000e+00
  -5110.52  6450.9375  1.05098e+00  1.11711e+00  1.05070e+00  0.00000e+00
  -5081.97  6451.5625  1.01351e+00  8.83718e-01  1.01243e+00  0.00000e+00
  -5053.42  6452.1875  1.04642e+00  1.14614e+00  1.04619e+00  0.00000e+00
  -5024.87  6452.8125  1.01757e+00  1.02957e+00  1.01829e+00  4.93531e-09
  -4996.32  6453.4375  9.56641e-01  8.93833e-01  9.57522e-01  4.74053e-07
  -4967.77  6454.0625  9.91595e-01  9.43078e-01  9.92903e-01  1.23568e-05
  -4939.21  6454.6875  1.01855e+00  1.21084e+00  1.01932e+00  8.74089e-05
  -4910.66  6455.3125  9.22463e-01  7.47094e-01  9.22182e-01  1.67792e-04
  -4882.11  6455.9375  8.74381e-01  9.97720e-01  8.74056e-01  8.74089e-05
  -4853.56  6456.5625  8.32446e-01  7.12654e-01  8.31974e-01  1.23568e-05
  -4825.01  6457.1875  8.45932e-01  9.06367e-01  8.45504e-01  4.74053e-07
  -4796.46  6457.8125  8.65547e-01  8.35691e-01  8.65166e-01  4.93531e-09
  -4767.91  6458.4375  9.03745e-01  8.87910e-01  9.03122e-01  0.00000e+00
  -4739.36  6459.0625  9.98446e-01  9.58417e-01  9.97891e-01  0.00000e+00
  -4710.81  6459.6875  1.06743e+00  1.21599e+00  1.06661e+00  0.00000e+00
  -4682.26  6460.3125  9.69377e-01  9.59719e-01  9.67851e-01  0.00000e+00
  -4653.70  6460.9375  8.09914e-01  7.87077e-01  8.08569e-01  0.00000e+00
  -4625.15  6461.5625  7.02536e-01  6.73516e-01  7.01956e-01  0.00000e+00
  -4596.60  6462.1875  7.07994e-01  6.11963e-01  7.07654e-01  0.00000e+00
  -4568.05  6462.8125  8.73845e-01  8.43133e-01  8.73652e-01  0.00000e+00
  -4539.50  6463.4375  1.05391e+00  1.19785e+00  1.05384e+00  0.00000e+00
  -4510.95  6464.0625  1.09074e+00  1.04642e+00  1.09085e+00  0.00000e+00
  -4482.40  6464.6875  1.10363e+00  1.09574e+00  1.10433e+00  0.00000e+00
  -4453.85  6465.3125  1.12238e+00  1.16558e+00  1.12274e+00  0.00000e+00
  -4425.30  6465.9375  1.07686e+00  1.09796e+00  1.07620e+00  0.00000e+00
  -4396.74  6466.5625  9.80990e-01  9.81983e-01  9.80218e-01  0.00000e+00
  -4368.19  6467.1875  9.39953e-01  8.13904e-01  9.39798e-01  0.00000e+00
  -4339.64  6467.8125  9.63318e-01  1.14156e+00  9.63901e-01  0.00000e+00
  -4311.09  6468.4375  9.24034e-01  7.58151e-01  9.24858e-01  5.59123e-09
  -4282.54  6469.0625  9.64230e-01  1.02466e+00  9.65350e-01  5.37057e-07
  -4253.99  6469.6875  1.00374e+00  1.03358e+00  1.00451e+00  1.39991e-05
  -4225.44  6470.3125  1.03324e+00  9.30074e-01  1.03310e+00  9.90259e-05
  -4196.89  6470.9375  1.14427e+00  1.20268e+00  1.14334e+00  1.90096e-04
  -4168.34  6471.5625  1.23023e+00  1.24264e+00  1.22945e+00  9.93389e-05
  -4139.79  6472.1875  1.24004e+00  1.28417e+00  1.23969e+00  2.21579e-05
  -4111.23  6472.8125  1.16803e+00  1.19018e+00  1.16765e+00  5.82502e-05
  -4082.68  6473.4375  1.05096e+00  1.03785e+00  1.05054e+00  1.10793e-04
  -4054.13  6474.0625  9.96140e-01  8.92400e-01  9.95752e-01  5.77132e-05
  -4025.58  6474.6875  1.03092e+00  1.12835e+00  1.03077e+00  8.15880e-06
  -3997.03  6475.3125  1.04528e+00  9.63197e-01  1.04539e+00  3.13001e-07
  -3968.48  6475.9375  1.04741e+00  1.15706e+00  1.04706e+00  3.25862e-09
  -3939.93  6476.5625  9.70862e-01  9.43654e-01  9.70082e-01  0.00000e+00
  -3911.38  6477.1875  9.39005e-01  8.07831e-01  9.38497e-01  0.00000e+00
  -3882.83  6477.8125  9.70219e-01  1.18856e+00  9.70205e-01  3.86881e-09
  -3854.28  6478.4375  9.22173e-01  6.96185e-01  9.22776e-01  3.71612e-07
  -3825.72  6479.0625  9.53383e-01  1.11727e+00  9.54258e-01  9.68657e-06
  -3797.17  6479.6875  9.89686e-01  8.29749e-01  9.89798e-01  6.85202e-05
  -3768.62  6480.3125  1.08798e+00  1.18400e+00  1.08739e+00  1.31533e-04
  -3740.07  6480.9375  1.12764e+00  1.16939e+00  1.12721e+00  6.85202e-05
  -3711.52  6481.5625  1.11360e+00  1.01343e+00  1.11332e+00  9.69641e-06
  -3682.97  6482.1875  1.10267e+00  1.27897e+00  1.10264e+00  1.32321e-06
  -3654.42  6482.8125  1.01001e+00  8.52645e-01  1.01077e+00  2.52962e-05
  -3625.87  6483.4375  9.97829e-01  1.04294e+00  9.98805e-01  1.91835e-04
  -3597.32  6484.0625  1.03461e+00  9.96930e-01  1.03469e+00  4.66041e-04
  -3568.76  6484.6875  1.04776e+00  1.14018e+00  1.04704e+00  4.94519e-04
  -3540.21  6485.3125  1.02797e+00  9.08752e-01  1.02676e+00  4.58378e-04
  -3511.66  6485.9375  1.05734e+00  1.14853e+00  1.05647e+00  4.70117e-04
  -3483.11  6486.5625  1.03254e+00  1.03311e+00  1.03255e+00  2.57222e-04
  -3454.56  6487.1875  9.42092e-01  9.73155e-01  9.42461e-01  1.47817e-04
  -3426.01  6487.8125  8.96068e-01  7.41926e-01  8.95650e-01  2.22084e-04
  -3397.46  6488.4375  9.63022e-01  1.08706e+00  9.62399e-01  3.77640e-04
  -3368.91  6489.0625  9.79120e-01  9.43362e-01  9.79160e-01  5.34332e-04
  -3340.36  6489.6875  9.79142e-01  9.66320e-01  9.78953e-01  6.74294e-04
  -3311.81  6490.3125  9.89633e-01  1.03037e+00  9.88536e-01  4.83322e-04
  -3283.25  6490.9375  9.68919e-01  9.46170e-01  9.67531e-01  3.61033e-04
  -3254.70  6491.5625  9.56441e-01  9.52420e-01  9.55621e-01  2.85555e-04
  -3226.15  6492.1875  9.54976e-01  9.63546e-01  9.54832e-01  3.00449e-04
  -3197.60  6492.8125  9.22680e-01  9.65659e-01  9.22914e-01  5.15879e-04
  -3169.05  6493.4375  8.91418e-01  7.86054e-01  8.91571e-01  7.33385e-04
  -3140.50  6494.0625  9.63955e-01  9.79101e-01  9.64244e-01  7.17189e-04
  -3111.95  6494.6875  1.05707e+00  1.09496e+00  1.05765e+00  4.32052e-04
  -3083.40  6495.3125  1.10586e+00  1.07832e+00  1.10577e+00  1.65588e-04
  -3054.85  6495.9375  1.08699e+00  1.22636e+00  1.08629e+00  2.18729e-04
  -3026.30  6496.5625  9.73798e-01  8.50663e-01  9.72823e-01  4.88946e-04
  -2997.74  6497.1875  9.59394e-01  9.22746e-01  9.58564e-01  5.91427e-04
  -2969.19  6497.8125  9.93101e-01  1.11620e+00  9.92830e-01  7.56750e-04
  -2940.64  6498.4375  9.55406e-01  8.43323e-01  9.54964e-01  1.07845e-03
  -2912.09  6499.0625  9.64750e-01  1.01330e+00  9.64310e-01  9.60102e-04
  -2883.54  6499.6875  9.82550e-01  9.64658e-01  9.81106e-01  1.25319e-03
  -2854.99  6500.3125  9.68090e-01  1.01786e+00  9.65483e-01  1.69079e-03
  -2826.44  6500.9375  8.93881e-01  9.01095e-01  8.91624e-01  1.70849e-03
  -2797.89  6501.5625  8.20083e-01  7.55556e-01  8.17715e-01  1.74589e-03
  -2769.34  6502.1875  8.38062e-01  8.21982e-01  8.35680e-01  1.79028e-03
  -2740.78  6502.8125  9.42765e-01  8.92563e-01  9.40953e-01  1.92418e-03
  -2712.23  6503.4375  1.05366e+00  1.17857e+00  1.05247e+00  1.92702e-03
  -2683.68  6504.0625  1.08120e+00  9.90049e-01  1.07978e+00  1.99655e-03
  -2655.13  6504.6875  1.10363e+00  1.18983e+00  1.10142e+00  2.33680e-03
  -2626.58  6505.3125  1.07131e+00  1.06657e+00  1.06871e+00  2.62658e-03
  -2598.03  6505.9375  1.09832e+00  9.18458e-01  1.09575e+00  2.97545e-03
  -2569.48  6506.5625  1.23213e+00  1.45134e+00  1.22970e+00  3.40755e-03
  -2540.93  6507.1875  1.18660e+00  1.18528e+00  1.18463e+00  3.35714e-03
  -2512.38  6507.8125  1.06774e+00  9.78885e-01  1.06551e+00  3.56399e-03
  -2483.83  6508.4375  1.03175e+00  1.08295e+00  1.02980e+00  3.67969e-03
  -2455.27  6509.0625  1.01776e+00  9.57474e-01  1.01606e+00  3.50774e-03
  -2426.72  6509.6875  1.05026e+00  1.06517e+00  1.04778e+00  3.50779e-03
  -2398.17  6510.3125  1.14287e+00  1.05629e+00  1.13913e+00  3.96371e-03
  -2369.62  6510.9375  1.21825e+00  1.43317e+00  1.21392e+00  4.73600e-03
  -2341.07  6511.5625  1.14103e+00  1.00219e+00  1.13613e+00  5.63328e-03
  -2312.52  6512.1875  1.08980e+00  1.14463e+00  1.08454e+00  6.10388e-03
  -2283.97  6512.8125  1.06299e+00  1.02379e+00  1.05786e+00  6.19591e-03
  -2255.42  6513.4375  1.00875e+00  1.10124e+00  1.00381e+00  6.08034e-03
  -2226.87  6514.0625  9.33773e-01  7.95470e-01  9.28737e-01  6.64177e-03
  -2198.32  6514.6875  9.44295e-01  1.02420e+00  9.38463e-01  8.07177e-03
  -2169.76  6515.3125  9.90608e-01  8.78335e-01  9.84449e-01  8.21016e-03
  -2141.21  6515.9375  1.03345e+00  1.22327e+00  1.02733e+00  8.06187e-03
  -2112.66  6516.5625  9.88661e-01  8.18746e-01  9.80952e-01  9.23616e-03
  -2084.11  6517.1875  1.01040e+00  1.09051e+00  1.00064e+00  1.12928e-02
  -2055.56  6517.8125  1.01748e+00  1.02593e+00  1.00773e+00  1.14540e-02
  -2027.01  6518.4375  9.83179e-01  9.61982e-01  9.73899e-01  1.08209e-02
  -1998.46  6519.0625  9.65540e-01  9.72487e-01  9.56619e-01  1.07900e-02
  -1969.91  6519.6875  9.62576e-01  9.42684e-01  9.53044e-01  1.17280e-02
  -1941.36  6520.3125  9.74444e-01  9.94434e-01  9.62536e-01  1.35685e-02
  -1912.80  6520.9375  1.03081e+00  9.22481e-01  1.01669e+00  1.49403e-02
  -1884.25  6521.5625  1.10473e+00  1.29807e+00  1.08992e+00  1.63452e-02
  -1855.70  6522.1875  1.01507e+00  9.64083e-01  1.00091e+00  1.70823e-02
  -1827.15  6522.8125  8.66331e-01  8.98413e-01  8.51812e-01  1.78180e-02
  -1798.60  6523.4375  8.08800e-01  6.24514e-01  7.93181e-01  1.93923e-02
  -1770.05  6524.0625  9.33003e-01  1.00708e+00  9.15550e-01  2.13633e-02
  -1741.50  6524.6875  1.02842e+00  1.09251e+00  1.00845e+00  2.33102e-02
  -1712.95  6525.3125  9.77057e-01  1.01999e+00  9.54983e-01  2.55627e-02
  -1684.40  6525.9375  8.95247e-01  7.80497e-01  8.71346e-01  2.79259e-02
  -1655.85  6526.5625  9.20397e-01  9.51826e-01  8.93681e-01  3.08107e-02
  -1627.29  6527.1875  9.89032e-01  9.62768e-01  9.60787e-01  3.26634e-02
  -1598.74  6527.8125  1.08412e+00  1.06277e+00  1.05503e+00  3.41961e-02
  -1570.19  6528.4375  1.11369e+00  1.29962e+00  1.08056e+00  3.87738e-02
  -1541.64  6529.0625  9.94513e-01  8.58981e-01  9.58002e-01  4.25731e-02
  -1513.09  6529.6875  9.96638e-01  9.03089e-01  9.59783e-01  4.36038e-02
  -1484.54  6530.3125  1.12049e+00  1.25098e+00  1.08083e+00  4.73095e-02
  -1455.99  6530.9375  1.13068e+00  1.13404e+00  1.08464e+00  5.54679e-02
  -1427.44  6531.5625  1.07851e+00  1.04733e+00  1.02817e+00  6.10974e-02
  -1398.89  6532.1875  1.06026e+00  1.06513e+00  1.00816e+00  6.30989e-02
  -1370.34  6532.8125  1.07086e+00  1.03294e+00  1.01552e+00  6.69811e-02
  -1341.78  6533.4375  1.02308e+00  1.21419e+00  9.62697e-01  7.28121e-02
  -1313.23  6534.0625  9.11103e-01  6.34186e-01  8.44235e-01  7.96052e-02
  -1284.68  6534.6875  1.03765e+00  1.05136e+00  9.63434e-01  8.72618e-02
  -1256.13  6535.3125  1.16512e+00  1.40706e+00  1.08597e+00  9.26833e-02
  -1227.58  6535.9375  1.05402e+00  9.18970e-01  9.70392e-01  9.87240e-02
  -1199.03  6536.5625  9.99098e-01  9.57747e-01  9.05850e-01  1.10966e-01
  -1170.48  6537.1875  1.04879e+00  1.08945e+00  9.46442e-01  1.22398e-01
  -1141.93  6537.8125  1.07195e+00  1.07596e+00  9.66890e-01  1.25575e-01
  -1113.38  6538.4375  1.06833e+00  1.06347e+00  9.57713e-01  1.31180e-01
  -1084.83  6539.0625  1.06055e+00  1.07600e+00  9.40789e-01  1.41452e-01
  -1056.27  6539.6875  1.07808e+00  1.00372e+00  9.47652e-01  1.53736e-01
  -1027.72  6540.3125  1.14620e+00  1.21147e+00  1.00167e+00  1.69898e-01
   -999.17  6540.9375  1.17777e+00  1.17037e+00  1.01960e+00  1.86640e-01
   -970.62  6541.5625  1.20345e+00  1.16353e+00  1.03417e+00  2.01188e-01
   -942.07  6542.1875  1.23450e+00  1.31919e+00  1.05406e+00  2.14286e-01
   -913.52  6542.8125  1.20313e+00  1.16208e+00  1.00693e+00  2.32186e-01
   -884.97  6543.4375  1.20472e+00  1.16316e+00  9.93344e-01  2.50985e-01
   -856.42  6544.0625  1.33321e+00  1.24569e+00  1.10728e+00  2.69197e-01
   -827.87  6544.6875  1.52762e+00  1.65079e+00  1.28753e+00  2.85756e-01
   -799.31  6545.3125  1.56447e+00  1.64803e+00  1.30855e+00  3.03490e-01
   -770.76  6545.9375  1.47066e+00  1.37783e+00  1.19520e+00  3.26422e-01
   -742.21  6546.5625  1.38774e+00  1.48824e+00  1.09058e+00  3.52272e-01
   -713.66  6547.1875  1.27350e+00  1.19001e+00  9.57264e-01  3.74789e-01
   -685.11  6547.8125  1.18881e+00  1.23470e+00  8.50217e-01  4.01304e-01
   -656.56  6548.4375  1.16070e+00  1.04410e+00  8.08811e-01  4.17406e-01
   -628.01  6549.0625  1.26209e+00  1.26452e+00  8.96840e-01  4.33809e-01
   -599.46  6549.6875  1.42905e+00  1.42591e+00  1.03826e+00  4.64231e-01
   -570.91  6550.3125  1.55473e+00  1.62868e+00  1.14160e+00  4.90537e-01
   -542.36  6550.9375  1.53554e+00  1.62041e+00  1.10644e+00  5.09504e-01
   -513.80  6551.5625  1.42467e+00  1.31203e+00  9.74399e-01  5.35068e-01
   -485.25  6552.1875  1.37700e+00  1.43504e+00  9.00047e-01  5.66896e-01
   -456.70  6552.8125  1.35994e+00  1.29418e+00  8.56424e-01  5.98086e-01
   -428.15  6553.4375  1.43692e+00  1.36930e+00  9.18227e-01  6.15202e-01
   -399.60  6554.0625  1.57604e+00  1.68273e+00  1.04466e+00  6.29996e-01
   -371.05  6554.6875  1.60370e+00  1.63066e+00  1.04670e+00  6.60668e-01
   -342.50  6555.3125  1.60304e+00  1.48316e+00  1.00988e+00  7.03548e-01
   -313.95  6555.9375  1.70827e+00  1.77168e+00  1.04139e+00  7.91307e-01
   -285.40  6556.5625  1.85149e+00  1.74716e+00  1.00531e+00  1.00405e+00
   -256.85  6557.1875  1.86783e+00  2.25609e+00  9.01200e-01  1.14686e+00
   -228.29  6557.8125  1.53075e+00  1.37960e+00  6.68224e-01  1.02319e+00
   -199.74  6558.4375  1.41365e+00  1.01601e+00  4.12817e-01  1.18734e+00
   -171.19  6559.0625  2.05320e+00  1.79496e+00  3.64221e-01  2.00366e+00
   -142.64  6559.6875  3.09802e+00  3.40434e+00  4.98947e-01  3.08335e+00
   -114.09  6560.3125  3.88908e+00  3.91049e+00  5.73797e-01  3.93293e+00
    -85.54  6560.9375  4.43776e+00  4.48377e+00  7.21780e-01  4.40797e+00
    -56.99  6561.5625  4.76387e+00  4.99303e+00  8.85724e-01  4.59982e+00
    -28.44  6562.1875  4.78716e+00  4.74119e+00  8.80286e-01  4.63421e+00
      0.11  6562.8125  4.77874e+00  4.69318e+00  8.81480e-01  4.62302e+00
     28.67  6563.4375  4.82022e+00  4.95949e+00  9.50598e-01  4.59069e+00
     57.22  6564.0625  4.71656e+00  4.73464e+00  1.08419e+00  4.30927e+00
     85.77  6564.6875  4.45915e+00  4.53297e+00  1.27335e+00  3.77914e+00
    114.32  6565.3125  4.02238e+00  4.12280e+00  1.36055e+00  3.15795e+00
    142.87  6565.9375  3.34862e+00  3.45997e+00  1.27104e+00  2.46492e+00
    171.42  6566.5625  2.64684e+00  2.34509e+00  1.17509e+00  1.74636e+00
    199.97  6567.1875  2.28465e+00  2.26685e+00  1.27208e+00  1.20205e+00
    228.52  6567.8125  2.07301e+00  2.16767e+00  1.28729e+00  9.31947e-01
    257.07  6568.4375  1.84134e+00  1.70079e+00  1.13412e+00  8.38771e-01
    285.62  6569.0625  1.73903e+00  1.73543e+00  1.06535e+00  7.98765e-01
    314.18  6569.6875  1.68282e+00  1.75980e+00  1.02717e+00  7.76890e-01
    342.73  6570.3125  1.62874e+00  1.45974e+00  9.89289e-01  7.58088e-01
    371.28  6570.9375  1.67509e+00  1.80996e+00  1.05910e+00  7.30247e-01
    399.83  6571.5625  1.69809e+00  1.59706e+00  1.10248e+00  7.06152e-01
    428.38  6572.1875  1.70673e+00  1.83807e+00  1.12782e+00  6.87254e-01
    456.93  6572.8125  1.70950e+00  1.51388e+00  1.15244e+00  6.61241e-01
    485.48  6573.4375  1.78963e+00  1.96829e+00  1.25670e+00  6.31911e-01
    514.03  6574.0625  1.75800e+00  1.73620e+00  1.24558e+00  6.07471e-01
    542.58  6574.6875  1.64800e+00  1.66288e+00  1.15805e+00  5.81059e-01
    571.13  6575.3125  1.57999e+00  1.48378e+00  1.10880e+00  5.58924e-01
    599.69  6575.9375  1.57121e+00  1.67605e+00  1.11411e+00  5.42777e-01
    628.24  6576.5625  1.52550e+00  1.45246e+00  1.07958e+00  5.29888e-01
    656.79  6577.1875  1.52544e+00  1.50541e+00  1.09546e+00  5.10933e-01
    685.34  6577.8125  1.53281e+00  1.63651e+00  1.12538e+00  4.84380e-01
    713.89  6578.4375  1.46613e+00  1.38114e+00  1.08283e+00  4.55485e-01
    742.44  6579.0625  1.41744e+00  1.47472e+00  1.05581e+00  4.29584e-01
    770.99  6579.6875  1.37343e+00  1.31899e+00  1.03269e+00  4.04254e-01
    799.54  6580.3125  1.36763e+00  1.37166e+00  1.04569e+00  3.80889e-01
    828.09  6580.9375  1.37870e+00  1.39004e+00  1.07777e+00  3.55614e-01
    856.65  6581.5625  1.34464e+00  1.39692e+00  1.06236e+00  3.34578e-01
    885.20  6582.1875  1.27539e+00  1.20548e+00  1.00774e+00  3.18293e-01
    913.75  6582.8125  1.25810e+00  1.27601e+00  1.00376e+00  3.02557e-01
    942.30  6583.4375  1.28151e+00  1.23790e+00  1.04003e+00  2.86602e-01
    970.85  6584.0625  1.29976e+00  1.38626e+00  1.06674e+00  2.76073e-01
    999.40  6584.6875  1.19446e+00  1.25809e+00  9.72227e-01  2.62904e-01
   1027.95  6585.3125  1.04404e+00  8.94257e-01  8.34097e-01  2.48452e-01
   1056.50  6585.9375  1.05374e+00  1.05274e+00  8.53894e-01  2.36620e-01
   1085.05  6586.5625  1.17124e+00  1.14088e+00  9.81602e-01  2.24018e-01
   1113.60  6587.1875  1.30947e+00  1.34668e+00  1.12925e+00  2.12168e-01
   1142.16  6587.8125  1.36624e+00  1.45016e+00  1.19882e+00  1.96650e-01
   1170.71  6588.4375  1.30423e+00  1.27630e+00  1.15085e+00  1.81141e-01
   1199.26  6589.0625  1.20143e+00  1.25416e+00  1.05750e+00  1.71220e-01
   1227.81  6589.6875  1.14937e+00  9.67516e-01  1.01012e+00  1.65680e-01
   1256.36  6590.3125  1.23750e+00  1.35192e+00  1.10607e+00  1.55906e-01
   1284.91  6590.9375  1.24276e+00  1.30885e+00  1.12152e+00  1.43730e-01
   1313.46  6591.5625  1.12642e+00  1.07931e+00  1.01259e+00  1.35034e-01
   1342.01  6592.1875  1.05748e+00  1.01080e+00  9.47736e-01  1.30121e-01
   1370.56  6592.8125  1.08025e+00  1.07227e+00  9.75826e-01  1.24264e-01
   1399.11  6593.4375  1.11318e+00  1.17115e+00  1.01448e+00  1.17417e-01
   1427.67  6594.0625  1.15324e+00  1.01694e+00  1.06087e+00  1.09912e-01
   1456.22  6594.6875  1.25265e+00  1.39381e+00  1.16533e+00  1.03474e-01
   1484.77  6595.3125  1.21617e+00  1.26850e+00  1.12967e+00  1.01337e-01
   1513.32  6595.9375  1.09213e+00  9.86195e-01  1.00905e+00  9.68375e-02
   1541.87  6596.5625  1.06106e+00  1.08344e+00  9.85157e-01  8.89649e-02
   1570.42  6597.1875  1.09292e+00  1.04124e+00  1.02224e+00  8.33155e-02
   1598.97  6597.8125  1.15469e+00  1.20194e+00  1.08551e+00  8.14616e-02
   1627.52  6598.4375  1.17047e+00  1.18721e+00  1.10420e+00  7.78795e-02
   1656.07  6599.0625  1.08995e+00  1.17609e+00  1.02765e+00  7.33072e-02
   1684.63  6599.6875  9.79329e-01  8.18387e-01  9.20097e-01  6.99094e-02
   1713.18  6600.3125  1.00625e+00  1.04225e+00  9.49687e-01  6.64802e-02
   1741.73  6600.9375  1.03517e+00  1.11420e+00  9.80760e-01  6.34238e-02
   1770.28  6601.5625  1.00105e+00  9.04335e-01  9.48604e-01  6.06133e-02
   1798.83  6602.1875  1.04819e+00  1.04318e+00  9.98063e-01  5.82588e-02
   1827.38  6602.8125  1.13009e+00  1.17513e+00  1.08434e+00  5.39361e-02
   1855.93  6603.4375  1.14383e+00  1.16845e+00  1.10283e+00  4.86101e-02
   1884.48  6604.0625  1.10743e+00  1.09008e+00  1.06804e+00  4.59778e-02
   1913.03  6604.6875  1.06974e+00  1.08276e+00  1.03141e+00  4.43297e-02
   1941.58  6605.3125  1.02221e+00  1.02676e+00  9.86185e-01  4.19070e-02
   1970.14  6605.9375  9.74316e-01  9.56169e-01  9.41244e-01  3.87937e-02
   1998.69  6606.5625  9.79617e-01  9.22798e-01  9.48946e-01  3.63489e-02
   2027.24  6607.1875  1.02913e+00  1.09957e+00  9.99191e-01  3.54064e-02
   2055.79  6607.8125  1.02628e+00  1.01731e+00  9.96897e-01  3.48753e-02
   2084.34  6608.4375  1.01434e+00  9.80288e-01  9.86397e-01  3.38873e-02
   2112.89  6609.0625  1.03318e+00  1.06007e+00  1.00713e+00  3.08973e-02
   2141.44  6609.6875  1.01763e+00  1.05484e+00  9.93560e-01  2.70737e-02
   2169.99  6610.3125  9.89450e-01  9.00566e-01  9.67148e-01  2.46107e-02
   2198.54  6610.9375  1.02742e+00  1.07675e+00  1.00592e+00  2.43216e-02
   2227.09  6611.5625  1.06581e+00  1.04056e+00  1.04580e+00  2.39434e-02
   2255.65  6612.1875  1.07694e+00  1.13346e+00  1.05856e+00  2.25827e-02
   2284.20  6612.8125  1.03256e+00  1.02234e+00  1.01393e+00  2.19839e-02
   2312.75  6613.4375  9.81742e-01  9.66663e-01  9.62369e-01  2.18885e-02
   2341.30  6614.0625  1.01734e+00  9.04102e-01  9.98061e-01  2.11065e-02
   2369.85  6614.6875  1.09279e+00  1.29640e+00  1.07443e+00  1.99425e-02
   2398.40  6615.3125  1.01973e+00  9.33651e-01  1.00220e+00  1.97887e-02
   2426.95  6615.9375  9.77077e-01  9.18297e-01  9.61937e-01  1.76397e-02
   2455.50  6616.5625  1.04258e+00  1.06068e+00  1.03088e+00  1.40095e-02
   2484.05  6617.1875  1.04658e+00  1.18162e+00  1.03630e+00  1.27488e-02
   2512.61  6617.8125  9.64330e-01  7.91271e-01  9.53412e-01  1.34290e-02
   2541.16  6618.4375  1.00493e+00  1.05144e+00  9.92634e-01  1.39740e-02
   2569.71  6619.0625  1.11941e+00  1.05025e+00  1.10757e+00  1.31704e-02
   2598.26  6619.6875  1.18209e+00  1.38624e+00  1.17134e+00  1.19798e-02
   2626.81  6620.3125  1.05795e+00  9.87320e-01  1.04685e+00  1.16744e-02
   2655.36  6620.9375  9.52767e-01  8.72065e-01  9.42408e-01  1.11849e-02
   2683.91  6621.5625  9.46271e-01  1.02588e+00  9.36685e-01  1.09857e-02
   2712.46  6622.1875  9.35410e-01  8.46277e-01  9.26517e-01  1.01139e-02
   2741.01  6622.8125  9.39709e-01  1.04620e+00  9.30785e-01  9.82732e-03
   2769.56  6623.4375  9.65295e-01  7.70706e-01  9.56481e-01  9.70895e-03
   2798.12  6624.0625  1.07451e+00  1.26199e+00  1.06636e+00  9.35413e-03
   2826.67  6624.6875  1.03910e+00  1.05823e+00  1.03102e+00  9.56759e-03
   2855.22  6625.3125  9.25189e-01  8.36518e-01  9.18351e-01  8.40685e-03
   2883.77  6625.9375  9.19132e-01  9.05827e-01  9.13260e-01  7.31917e-03
   2912.32  6626.5625  9.82263e-01  9.90868e-01  9.76664e-01  6.86478e-03
   2940.87  6627.1875  1.08585e+00  1.00714e+00  1.08022e+00  7.00231e-03
   2969.42  6627.8125  1.16715e+00  1.37234e+00  1.16132e+00  7.13478e-03
   2997.97  6628.4375  1.06612e+00  9.95905e-01  1.05992e+00  7.56683e-03
   3026.52  6629.0625  9.62193e-01  9.18437e-01  9.56489e-01  7.12742e-03
   3055.07  6629.6875  9.32556e-01  9.67558e-01  9.27682e-01  6.26349e-03
   3083.63  6630.3125  9.12554e-01  8.69789e-01  9.08669e-01  5.57941e-03
   3112.18  6630.9375  9.46433e-01  9.15617e-01  9.42669e-01  5.54590e-03
   3140.73  6631.5625  1.01022e+00  1.06916e+00  1.00509e+00  6.15830e-03
   3169.28  6632.1875  1.01248e+00  1.01796e+00  1.00672e+00  5.90011e-03
   3197.83  6632.8125  9.81781e-01  9.68800e-01  9.77367e-01  4.53097e-03
   3226.38  6633.4375  9.81717e-01  9.46149e-01  9.78681e-01  3.59073e-03
   3254.93  6634.0625  9.89797e-01  1.07409e+00  9.86480e-01  3.95734e-03
   3283.48  6634.6875  9.72481e-01  8.58186e-01  9.69319e-01  3.78008e-03
   3312.03  6635.3125  9.88643e-01  1.10994e+00  9.85805e-01  3.52182e-03
   3340.58  6635.9375  9.90592e-01  8.53738e-01  9.87984e-01  3.48287e-03
   3369.14  6636.5625  1.06380e+00  1.12810e+00  1.06162e+00  2.83180e-03
   3397.69  6637.1875  1.08729e+00  1.16333e+00  1.08487e+00  2.48664e-03
   3426.24  6637.8125  1.03496e+00  9.33417e-01  1.03243e+00  2.66776e-03
   3454.79  6638.4375  1.04070e+00  1.08950e+00  1.03876e+00  2.31799e-03
   3483.34  6639.0625  1.05244e+00  1.03249e+00  1.05054e+00  2.03386e-03
   3511.89  6639.6875  1.05791e+00  1.06809e+00  1.05600e+00  2.16465e-03
   3540.44  6640.3125  1.04644e+00  1.06680e+00  1.04479e+00  2.20520e-03
   3568.99  6640.9375  9.84472e-01  1.01836e+00  9.82770e-01  1.95658e-03
   3597.54  6641.5625  9.11570e-01  8.31663e-01  9.09988e-01  1.85062e-03
   3626.10  6642.1875  9.06058e-01  9.42302e-01  9.04287e-01  2.27482e-03
   3654.65  6642.8125  9.65363e-01  8.51425e-01  9.63292e-01  2.74449e-03
   3683.20  6643.4375  1.08702e+00  1.19820e+00  1.08528e+00  2.48173e-03
   3711.75  6644.0625  1.07973e+00  1.16437e+00  1.07859e+00  1.79094e-03
   3740.30  6644.6875  9.50766e-01  8.58664e-01  9.49930e-01  1.57240e-03
   3768.85  6645.3125  8.85892e-01  9.00956e-01  8.85436e-01  1.40029e-03
   3797.40  6645.9375  9.42378e-01  7.86419e-01  9.41429e-01  1.56468e-03
   3825.95  6646.5625  1.08097e+00  1.28176e+00  1.07933e+00  2.04862e-03
   3854.50  6647.1875  1.08317e+00  1.02439e+00  1.08124e+00  2.04015e-03
   3883.05  6647.8125  1.07890e+00  1.02159e+00  1.07765e+00  1.43672e-03
   3911.61  6648.4375  1.12911e+00  1.21617e+00  1.12872e+00  1.11194e-03
   3940.16  6649.0625  1.12878e+00  1.07576e+00  1.12874e+00  1.18783e-03
   3968.71  6649.6875  1.08761e+00  1.19299e+00  1.08724e+00  1.39071e-03
   3997.26  6650.3125  1.00196e+00  8.92728e-01  1.00105e+00  1.62736e-03
   4025.81  6650.9375  1.00500e+00  9.91801e-01  1.00394e+00  1.47071e-03
   4054.36  6651.5625  1.03781e+00  1.12688e+00  1.03682e+00  1.03772e-03
   4082.91  6652.1875  1.02359e+00  9.20962e-01  1.02289e+00  9.88967e-04
   4111.46  6652.8125  1.05842e+00  1.11923e+00  1.05722e+00  1.54434e-03
   4140.01  6653.4375  1.11557e+00  1.03623e+00  1.11448e+00  1.78950e-03
   4168.56  6654.0625  1.17250e+00  1.29455e+00  1.17228e+00  1.29934e-03
   4197.12  6654.6875  1.13361e+00  1.09642e+00  1.13272e+00  7.81107e-04
   4225.67  6655.3125  1.04769e+00  1.09034e+00  1.04621e+00  5.80161e-04
   4254.22  6655.9375  9.40830e-01  9.17149e-01  9.40079e-01  4.96242e-04
   4282.77  6656.5625  8.98959e-01  8.02084e-01  8.99007e-01  3.78551e-04
   4311.32  6657.1875  9.79068e-01  1.01163e+00  9.78941e-01  2.36054e-04
   4339.87  6657.8125  1.06278e+00  1.08090e+00  1.06229e+00  2.07947e-04
   4368.42  6658.4375  1.07664e+00  1.12493e+00  1.07577e+00  3.42619e-04
   4396.97  6659.0625  1.02006e+00  1.00936e+00  1.01884e+00  5.20180e-04
   4425.52  6659.6875  9.51398e-01  9.51024e-01  9.50400e-01  4.84142e-04
   4454.08  6660.3125  9.44988e-01  8.49017e-01  9.44420e-01  2.79956e-04
   4482.63  6660.9375  1.03434e+00  1.08475e+00  1.03377e+00  1.79713e-04
   4511.18  6661.5625  1.07186e+00  1.14460e+00  1.07127e+00  3.23135e-04
   4539.73  6662.1875  1.01106e+00  9.67911e-01  1.01081e+00  4.64676e-04
   4568.28  6662.8125  9.65759e-01  9.60698e-01  9.65910e-01  3.76232e-04
   4596.83  6663.4375  9.63908e-01  9.41219e-01  9.64106e-01  2.53810e-04
   4625.38  6664.0625  9.80463e-01  1.00986e+00  9.80221e-01  2.69935e-04
   4653.93  6664.6875  9.98990e-01  9.55430e-01  9.98738e-01  1.78125e-04
   4682.48  6665.3125  1.06822e+00  1.04636e+00  1.06804e+00  1.22354e-04
   4711.03  6665.9375  1.12255e+00  1.23596e+00  1.12194e+00  1.14214e-04
   4739.59  6666.5625  1.03665e+00  1.04943e+00  1.03601e+00  1.22140e-04
   4768.14  6667.1875  9.40329e-01  8.14191e-01  9.40321e-01  1.41085e-04
   4796.69  6667.8125  9.70014e-01  1.02150e+00  9.70346e-01  6.69847e-05
   4825.24  6668.4375  1.01657e+00  1.00375e+00  1.01664e+00  9.28013e-06
   4853.79  6669.0625  1.06517e+00  1.03465e+00  1.06471e+00  3.54207e-07
   4882.34  6669.6875  1.05698e+00  1.24001e+00  1.05573e+00  8.58467e-09
   4910.89  6670.3125  9.62156e-01  7.29288e-01  9.61464e-01  4.71031e-07
   4939.44  6670.9375  1.01515e+00  1.10026e+00  1.01513e+00  1.22785e-05
   4967.99  6671.5625  1.07026e+00  1.10587e+00  1.06988e+00  8.68932e-05
   4996.54  6672.1875  1.06005e+00  1.00886e+00  1.05912e+00  1.67807e-04
   5025.10  6672.8125  1.01208e+00  1.15661e+00  1.01143e+00  9.46207e-05
   5053.65  6673.4375  9.20723e-01  7.21621e-01  9.20570e-01  2.99848e-05
   5082.20  6674.0625  9.83535e-01  1.02646e+00  9.83504e-01  3.73408e-05
   5110.75  6674.6875  1.11356e+00  1.10008e+00  1.11363e+00  1.26490e-04
   5139.30  6675.3125  1.23867e+00  1.23812e+00  1.23839e+00  2.87286e-04
   5167.85  6675.9375  1.29883e+00  1.41912e+00  1.29835e+00  3.34273e-04
   5196.40  6676.5625  1.21830e+00  1.18717e+00  1.21855e+00  1.85463e-04
   5224.95  6677.1875  1.10796e+00  1.10519e+00  1.10853e+00  9.67542e-05
   5253.50  6677.8125  1.02459e+00  1.01718e+00  1.02470e+00  5.13845e-05
   5282.06  6678.4375  1.01972e+00  9.07828e-01  1.01983e+00  2.72039e-05
   5310.61  6679.0625  1.12429e+00  1.19582e+00  1.12409e+00  6.19599e-05
   5339.16  6679.6875  1.17861e+00  1.21368e+00  1.17766e+00  1.20925e-04
   5367.71  6680.3125  1.11666e+00  1.16601e+00  1.11612e+00  1.52666e-04
   5396.26  6680.9375  9.84916e-01  9.62099e-01  9.84728e-01  2.17324e-04
   5424.81  6681.5625  9.55820e-01  7.77865e-01  9.55734e-01  1.65597e-04
   5453.36  6682.1875  1.08303e+00  1.23626e+00  1.08303e+00  1.32394e-04
   5481.91  6682.8125  1.10471e+00  1.12184e+00  1.10483e+00  1.77309e-04
   5510.46  6683.4375  1.03162e+00  1.00917e+00  1.03217e+00  1.16450e-04
   5539.01  6684.0625  1.00325e+00  9.50698e-01  1.00436e+00  6.73206e-05
   5567.57  6684.6875  1.03044e+00  1.07551e+00  1.03171e+00  2.99859e-05
   5596.12  6685.3125  1.02255e+00  1.03872e+00  1.02311e+00  1.07171e-05
   5624.67  6685.9375  1.00826e+00  9.39700e-01  1.00817e+00  1.77334e-05
   5653.22  6686.5625  1.05983e+00  1.08248e+00  1.05955e+00  4.29330e-05
   5681.77  6687.1875  1.11378e+00  1.12895e+00  1.11321e+00  7.09029e-05
   5710.32  6687.8125  1.14169e+00  1.12793e+00  1.14135e+00  3.64943e-05
   5738.87  6688.4375  1.13230e+00  1.21032e+00  1.13218e+00  5.15454e-06
   5767.42  6689.0625  1.05987e+00  1.00519e+00  1.05988e+00  2.00042e-07
   5795.97  6689.6875  1.01401e+00  1.01360e+00  1.01425e+00  2.23876e-07
   5824.52  6690.3125  1.00075e+00  9.97059e-01  1.00057e+00  5.78197e-06
   5853.08  6690.9375  9.79724e-01  1.00472e+00  9.79635e-01  4.09001e-05
   5881.63  6691.5625  9.32016e-01  9.24091e-01  9.32562e-01  7.85127e-05
   5910.18  6692.1875  8.74267e-01  8.82725e-01  8.74953e-01  4.09001e-05
   5938.73  6692.8125  8.14786e-01  8.15589e-01  8.14989e-01  5.78197e-06
   5967.28  6693.4375  8.46234e-01  6.74442e-01  8.45816e-01  2.21817e-07
   5995.83  6694.0625  9.74515e-01  1.19733e+00  9.73583e-01  2.30931e-09
   6024.38  6694.6875  9.70861e-01  8.66725e-01  9.70756e-01  0.00000e+00
   6052.93  6695.3125  9.44732e-01  1.00023e+00  9.45715e-01  0.00000e+00
   6081.48  6695.9375  9.39163e-01  8.77797e-01  9.39686e-01  0.00000e+00
   6110.04  6696.5625  1.01062e+00  9.63379e-01  1.01034e+00  0.00000e+00
   6138.59  6697.1875  1.11732e+00  1.22682e+00  1.11709e+00  0.00000e+00
   6167.14  6697.8125  1.15904e+00  1.06582e+00  1.15967e+00  0.00000e+00
   6195.69  6698.4375  1.15236e+00  1.33570e+00  1.15306e+00  0.00000e+00
   6224.24  6699.0625  1.02310e+00  9.11633e-01  1.02283e+00  0.00000e+00
   6252.79  6699.6875  9.58148e-01  9.15069e-01  9.57684e-01  0.00000e+00
   6281.34  6700.3125  9.71384e-01  1.04481e+00  9.71340e-01  0.00000e+00
   6309.89  6700.9375  9.78974e-01  8.70757e-01  9.78718e-01  0.00000e+00
   6338.44  6701.5625  1.02933e+00  1.13019e+00  1.02918e+00  0.00000e+00
   6366.99  6702.1875  1.05193e+00  9.71486e-01  1.05247e+00  0.00000e+00
   6395.55  6702.8125  1.04760e+00  1.18834e+00  1.04849e+00  0.00000e+00
   6424.10  6703.4375  1.04661e+00  7.94153e-01  1.04712e+00  1.77469e-10
   6452.65  6704.0625  1.16548e+00  1.38914e+00  1.16639e+00  1.70465e-08
   6481.20  6704.6875  1.15490e+00  1.12040e+00  1.15617e+00  4.44341e-07
   6509.75  6705.3125  1.05804e+00  1.06641e+00  1.05889e+00  3.14314e-06
   6538.30  6705.9375  9.69983e-01  9.63593e-01  9.70273e-01  6.03365e-06
   6566.85  6706.5625  9.42086e-01  8.50811e-01  9.42105e-01  3.14314e-06
   6595.40  6707.1875  1.02442e+00  1.04296e+00  1.02420e+00  4.44341e-07
   6623.95  6707.8125  1.07250e+00  1.18520e+00  1.07218e+00  1.70465e-08
   6652.50  6708.4375  1.02345e+00  9.21898e-01  1.02342e+00  1.77469e-10
   6681.06  6709.0625  1.03266e+00  1.04001e+00  1.03283e+00  0.00000e+00
   6709.61  6709.6875  1.03121e+00  1.13548e+00  1.03147e+00  0.00000e+00
   6738.16  6710.3125  9.67100e-01  8.35713e-01  9.67551e-01  0.00000e+00
   6766.71  6710.9375  9.75915e-01  1.04245e+00  9.76513e-01  0.00000e+00
   6795.26  6711.5625  1.00582e+00  9.52228e-01  1.00637e+00  0.00000e+00
   6823.81  6712.1875  1.08033e+00  1.05868e+00  1.08107e+00  0.00000e+00
   6852.36  6712.8125  1.13808e+00  1.26501e+00  1.13861e+00  0.00000e+00
   6880.91  6713.4375  1.06503e+00  1.02563e+00  1.06524e+00  0.00000e+00
   6909.46  6714.0625  9.67415e-01  9.72220e-01  9.67387e-01  0.00000e+00
   6938.02  6714.6875  9.27515e-01  8.56257e-01  9.27230e-01  0.00000e+00
   6966.57  6715.3125  1.00297e+00  9.67819e-01  1.00280e+00  0.00000e+00
   6995.12  6715.9375  1.16357e+00  1.16453e+00  1.16376e+00  0.00000e+00
   7023.67  6716.5625  1.27137e+00  1.39772e+00  1.27163e+00  0.00000e+00
   7052.22  6717.1875  1.23531e+00  1.19224e+00  1.23567e+00  0.00000e+00
   7080.77  6717.8125  1.15088e+00  1.20086e+00  1.15197e+00  0.00000e+00
   7109.32  6718.4375  1.04611e+00  1.00665e+00  1.04658e+00  0.00000e+00
   7137.87  6719.0625  9.72897e-01  9.60637e-01  9.72752e-01  0.00000e+00
   7166.42  6719.6875  9.39465e-01  9.36773e-01  9.39880e-01  0.00000e+00
   7194.97  6720.3125  9.18696e-01  9.24327e-01  9.19998e-01  0.00000e+00
   7223.53  6720.9375  9.46169e-01  8.46750e-01  9.47535e-01  0.00000e+00
   7252.08  6721.5625  9.88171e-01  1.18282e+00  9.88983e-01  0.00000e+00
   7280.63  6722.1875  8.99514e-01  7.90987e-01  9.00041e-01  0.00000e+00
   7309.18  6722.8125  8.92066e-01  8.01341e-01  8.93047e-01  0.00000e+00
   7337.73  6723.4375  9.95043e-01  1.11190e+00  9.95772e-01  0.00000e+00
   7366.28  6724.0625  1.01369e+00  9.90252e-01  1.01388e+00  0.00000e+00
   7394.83  6724.6875  9.72887e-01  1.01477e+00  9.73323e-01  0.00000e+00
   7423.38  6725.3125  9.39304e-01  8.50383e-01  9.39443e-01  0.00000e+00
   7451.93  6725.9375  9.82326e-01  1.01372e+00  9.81823e-01  0.00000e+00
   7480.48  6726.5625  1.05495e+00  1.01932e+00  1.05464e+00  0.00000e+00
   7509.04  6727.1875  1.10931e+00  1.19131e+00  1.10988e+00  0.00000e+00
   7537.59  6727.8125  1.07340e+00  1.07430e+00  1.07498e+00  0.00000e+00
   7566.14  6728.4375  9.78200e-01  9.95915e-01  9.79586e-01  0.00000e+00
   7594.69  6729.0625  8.79307e-01  8.41767e-01  8.79799e-01  0.00000e+00
   7623.24  6729.6875  8.32427e-01  8.14663e-01  8.33063e-01  0.00000e+00
   7651.79  6730.3125  8.56553e-01  8.10135e-01  8.57417e-01  0.00000e+00
   7680.34  6730.9375  8.96944e-01  9.92113e-01  8.97426e-01  0.00000e+00
   7708.89  6731.5625  8.56750e-01  8.39804e-01  8.56602e-01  0.00000e+00
   7737.44  6732.1875  9.00597e-01  6.89481e-01  9.00230e-01  0.00000e+00
   7765.99  6732.8125  1.04331e+00  1.36066e+00  1.04332e+00  0.00000e+00
   7794.55  6733.4375  9.46455e-01  8.61415e-01  9.46933e-01  0.00000e+00
   7823.10  6734.0625  8.41677e-01  7.33216e-01  8.41996e-01  0.00000e+00
   7851.65  6734.6875  8.96095e-01  9.40276e-01  8.95908e-01  0.00000e+00
   7880.20  6735.3125  9.66166e-01  9.57025e-01  9.65224e-01  0.00000e+00
   7908.75  6735.9375  1.01357e+00  1.02701e+00  1.01277e+00  0.00000e+00
   7937.30  6736.5625  9.94890e-01  1.08593e+00  9.94810e-01  0.00000e+00
   7965.85  6737.1875  9.08972e-01  8.08004e-01  9.08734e-01  0.00000e+00
   7994.40  6737.8125  9.12630e-01  8.92335e-01  9.12766e-01  0.00000e+00
   8022.95  6738.4375  9.69621e-01  1.02408e+00  9.70650e-01  0.00000e+00
   8051.51  6739.0625  9.85494e-01  9.58330e-01  9.86429e-01  0.00000e+00
   8080.06  6739.6875  9.91103e-01  1.01303e+00  9.91653e-01  0.00000e+00
   8108.61  6740.3125  9.75232e-01  9.89542e-01  9.75370e-01  0.00000e+00
   8137.16  6740.9375  9.58395e-01  9.06045e-01  9.57722e-01  0.00000e+00
   8165.71  6741.5625  9.74026e-01  1.01790e+00  9.73128e-01  0.00000e+00
   8194.26  6742.1875  9.42746e-01  9.79132e-01  9.42384e-01  0.00000e+00
   8222.81  6742.8125  8.79156e-01  8.08797e-01  8.78871e-01  0.00000e+00
   8251.36  6743.4375  8.60846e-01  9.04724e-01  8.60340e-01  0.00000e+00
   8279.91  6744.0625  8.52877e-01  8.05985e-01  8.52812e-01  0.00000e+00
   8308.46  6744.6875  8.71968e-01  8.98145e-01  8.72084e-01  0.00000e+00
   8337.02  6745.3125  9.54108e-01  8.25433e-01  9.53663e-01  0.00000e+00
   8365.57  6745.9375  1.07184e+00  1.27931e+00  1.07132e+00  0.00000e+00
   8394.12  6746.5625  1.05910e+00  9.40859e-01  1.05836e+00  0.00000e+00
   8422.67  6747.1875  1.04411e+00  1.11186e+00  1.04331e+00  0.00000e+00
   8451.22  6747.8125  1.04693e+00  9.70048e-01  1.04637e+00  0.00000e+00
   8479.77  6748.4375  1.05604e+00  1.15444e+00  1.05635e+00  0.00000e+00
   8508.32  6749.0625  9.90583e-01  9.76391e-01  9.91558e-01  0.00000e+00
   8536.87  6749.6875  9.56519e-01  8.37748e-01  9.56883e-01  0.00000e+00
   8565.42  6750.3125  1.02920e+00  1.11700e+00  1.02847e+00  0.00000e+00
   8593.97  6750.9375  1.00933e+00  1.10516e+00  1.00843e+00  0.00000e+00
   8622.53  6751.5625  9.81511e-01  6.87982e-01  9.80780e-01  0.00000e+00
   8651.08  6752.1875  1.11994e+00  1.38949e+00  1.11860e+00  0.00000e+00
   8679.63  6752.8125  1.06601e+00  1.08392e+00  1.06523e+00  0.00000e+00
   8708.18  6753.4375  8.91521e-01  7.96213e-01  8.91639e-01  0.00000e+00
   8736.73  6754.0625  8.18233e-01  8.31203e-01  8.18061e-01  0.00000e+00
   8765.28  6754.6875  8.20079e-01  7.60005e-01  8.19788e-01  0.00000e+00
   8793.83  6755.3125  8.70349e-01  9.21257e-01  8.70781e-01  0.00000e+00
   8822.38  6755.9375  9.44136e-01  8.39429e-01  9.44837e-01  0.00000e+00
   8850.93  6756.5625  9.94108e-01  1.22583e+00  9.94801e-01  0.00000e+00
   8879.49  6757.1875  9.08066e-01  7.24100e-01  9.08593e-01  0.00000e+00
   8908.04  6757.8125  9.22074e-01  9.30807e-01  9.21964e-01  0.00000e+00
   8936.59  6758.4375  9.72050e-01  1.06657e+00  9.71270e-01  0.00000e+00
   8965.14  6759.0625  9.20366e-01  8.84284e-01  9.19050e-01  0.00000e+00
   8993.69  6759.6875  8.87741e-01  8.40992e-01  8.86608e-01  0.00000e+00
   9022.24  6760.3125  9.39566e-01  9.28404e-01  9.39041e-01  0.00000e+00
   9050.79  6760.9375  9.73859e-01  1.08070e+00  9.73531e-01  0.00000e+00
   9079.34  6761.5625  9.21334e-01  8.41080e-01  9.20741e-01  0.00000e+00
   9107.89  6762.1875  8.91281e-01  9.24415e-01  8.90346e-01  0.00000e+00
   9136.44  6762.8125  8.69634e-01  8.62512e-01  8.68942e-01  0.00000e+00
   9165.00  6763.4375  8.91971e-01  8.02248e-01  8.91449e-01  0.00000e+00
   9193.55  6764.0625  9.81226e-01  1.06961e+00  9.80656e-01  0.00000e+00
   9222.10  6764.6875  9.71582e-01  1.03558e+00  9.71173e-01  0.00000e+00
   9250.65  6765.3125  8.90575e-01  7.87521e-01  8.90208e-01  0.00000e+00
   9279.20  6765.9375  9.37622e-01  8.76517e-01  9.37120e-01  0.00000e+00
   9307.75  6766.5625  1.04095e+00  1.18461e+00  1.04017e+00  0.00000e+00
   9336.30  6767.1875  1.02147e+00  9.78761e-01  1.02097e+00  0.00000e+00
   9364.85  6767.8125  1.01642e+00  9.42275e-01  1.01691e+00  0.00000e+00
   9393.40  6768.4375  1.08820e+00  1.15725e+00  1.08936e+00  0.00000e+00
   9421.95  6769.0625  1.09184e+00  1.13182e+00  1.09253e+00  0.00000e+00
   9450.51  6769.6875  1.03487e+00  9.83114e-01  1.03477e+00  0.00000e+00
   9479.06  6770.3125  1.03708e+00  1.00815e+00  1.03660e+00  0.00000e+00
   9507.61  6770.9375  1.08750e+00  1.11815e+00  1.08651e+00  0.00000e+00
   9536.16  6771.5625  1.08496e+00  1.14230e+00  1.08337e+00  0.00000e+00
   9564.71  6772.1875  1.05334e+00  9.45987e-01  1.05196e+00  0.00000e+00
   9593.26  6772.8125  1.12053e+00  1.12692e+00  1.11958e+00  0.00000e+00
   9621.81  6773.4375  1.16493e+00  1.30163e+00  1.16373e+00  0.00000e+00
   9650.36  6774.0625  1.11265e+00  9.60855e-01  1.11162e+00  0.00000e+00
   9678.91  6774.6875  1.08736e+00  1.25438e+00  1.08694e+00  0.00000e+00
   9707.47  6775.3125  1.08015e+00  8.14375e-01  1.07974e+00  0.00000e+00
   9736.02  6775.9375  1.18249e+00  1.42876e+00  1.18163e+00  0.00000e+00
   9764.57  6776.5625  1.12934e+00  1.10820e+00  1.12880e+00  0.00000e+00
   9793.12  6777.1875  1.04327e+00  9.03106e-01  1.04331e+00  0.00000e+00
   9821.67  6777.8125  1.05489e+00  1.21896e+00  1.05534e+00  0.00000e+00
   9850.22  6778.4375  1.03577e+00  8.61643e-01  1.03531e+00  0.00000e+00
   9878.77  6779.0625  1.08607e+00  1.19936e+00  1.08556e+00  0.00000e+00
   9907.32  6779.6875  1.09908e+00  1.07483e+00  1.09938e+00  0.00000e+00
   9935.87  6780.3125  1.06805e+00  1.09205e+00  1.06840e+00  0.00000e+00
   9964.42  6780.9375  1.03407e+00  1.00471e+00  1.03388e+00  0.00000e+00
   9992.98  6781.5625  1.02768e+00  1.01731e+00  1.02746e+00  0.00000e+00
  10021.53  6782.1875  9.80298e-01  1.10649e+00  9.79966e-01  0.00000e+00
  10050.08  6782.8125  8.63070e-01  7.13558e-01  8.62374e-01  0.00000e+00
  10078.63  6783.4375  8.77138e-01  8.61771e-01  8.76777e-01  0.00000e+00
  10107.18  6784.0625  9.74801e-01  1.01441e+00  9.75114e-01  0.00000e+00
  10135.73  6784.6875  1.03789e+00  1.02790e+00  1.03804e+00  0.00000e+00
  10164.28  6785.3125  1.05078e+00  1.11729e+00  1.05013e+00  0.00000e+00
  10192.83  6785.9375  9.97255e-01  9.71394e-01  9.96877e-01  0.00000e+00
  10221.38  6786.5625  9.74508e-01  9.15148e-01  9.74879e-01  0.00000e+00
  10249.93  6787.1875  1.03925e+00  1.04177e+00  1.03954e+00  0.00000e+00
  10278.49  6787.8125  1.07007e+00  1.18353e+00  1.06981e+00  0.00000e+00
  10307.04  6788.4375  9.79594e-01  9.34412e-01  9.79073e-01  0.00000e+00
  10335.59  6789.0625  9.19434e-01  8.50009e-01  9.18900e-01  0.00000e+00
  10364.14  6789.6875  9.27528e-01  1.01385e+00  9.26718e-01  0.00000e+00
  10392.69  6790.3125  9.30130e-01  8.12346e-01  9.29890e-01  0.00000e+00
  10421.24  6790.9375  9.46095e-01  1.10830e+00  9.46287e-01  0.00000e+00
  10449.79  6791.5625  8.97045e-01  7.54767e-01  8.97089e-01  0.00000e+00
  10478.34  6792.1875  8.93519e-01  9.85345e-01  8.93523e-01  0.00000e+00
  10506.89  6792.8125  9.41027e-01  7.77218e-01  9.40798e-01  0.00000e+00
  10535.45  6793.4375  1.03975e+00  1.23766e+00  1.03987e+00  0.00000e+00
  10564.00  6794.0625  1.03137e+00  9.28938e-01  1.03174e+00  0.00000e+00
  10592.55  6794.6875  1.02293e+00  1.05906e+00  1.02274e+00  0.00000e+00
  10621.10  6795.3125  1.01650e+00  1.02554e+00  1.01553e+00  0.00000e+00
  10649.65  6795.9375  9.84609e-01  9.75926e-01  9.83990e-01  0.00000e+00
  10678.20  6796.5625  9.48480e-01  9.63574e-01  9.48159e-01  0.00000e+00
  10706.75  6797.1875  9.02407e-01  8.94416e-01  9.01924e-01  0.00000e+00
  10735.30  6797.8125  8.65535e-01  8.54864e-01  8.65085e-01  0.00000e+00
  10763.85  6798.4375  8.61814e-01  8.35810e-01  8.62001e-01  0.00000e+00
  10792.40  6799.0625  8.73216e-01  9.14198e-01  8.73790e-01  0.00000e+00
  10820.96  6799.6875  8.26712e-01  8.64769e-01  8.27176e-01  0.00000e+00
  10849.51  6800.3125  7.75298e-01  6.58949e-01  7.75254e-01  0.00000e+00
  10878.06  6800.9375  8.37648e-01  8.62376e-01  8.37297e-01  0.00000e+00
  10906.61  6801.5625  9.02481e-01  9.62170e-01  9.01748e-01  0.00000e+00
  10935.16  6802.1875  9.14917e-01  8.48869e-01  9.14150e-01  0.00000e+00
  10963.71  6802.8125  9.46375e-01  9.97859e-01  9.46075e-01  0.00000e+00
  10992.26  6803.4375  9.45711e-01  9.55625e-01  9.45705e-01  0.00000e+00
  11020.81  6804.0625  9.71166e-01  8.48238e-01  9.70724e-01  0.00000e+00
  11049.36  6804.6875  1.04841e+00  1.23008e+00  1.04760e+00  0.00000e+00
  11077.91  6805.3125  1.05310e+00  8.86418e-01  1.05278e+00  0.00000e+00
  11106.47  6805.9375  1.07552e+00  1.24236e+00  1.07564e+00  0.00000e+00
  11135.02  6806.5625  1.02430e+00  9.37060e-01  1.02452e+00  0.00000e+00
  11163.57  6807.1875  1.00725e+00  9.79742e-01  1.00727e+00  0.00000e+00
  11192.12  6807.8125  1.02143e+00  1.11820e+00  1.02117e+00  0.00000e+00
  11220.67  6808.4375  1.02647e+00  8.51129e-01  1.02658e+00  0.00000e+00
  11249.22  6809.0625  1.09546e+00  1.28428e+00  1.09621e+00  0.00000e+00
  11277.77  6809.6875  1.05908e+00  9.84713e-01  1.06004e+00  0.00000e+00
  11306.32  6810.3125  9.88203e-01  1.03389e+00  9.89009e-01  0.00000e+00
  11334.87  6810.9375  9.39817e-01  8.62380e-01  9.40409e-01  0.00000e+00
  11363.43  6811.5625  9.36278e-01  9.96503e-01  9.36527e-01  0.00000e+00
  11391.98  6812.1875  9.39175e-01  8.61533e-01  9.38728e-01  0.00000e+00
  11420.53  6812.8125  9.20048e-01  1.08100e+00  9.18839e-01  0.00000e+00
  11449.08  6813.4375  8.36048e-01  6.58328e-01  8.34910e-01  0.00000e+00
  11477.63  6814.0625  8.45201e-01  9.29329e-01  8.44484e-01  0.00000e+00
  11506.18  6814.6875  8.81709e-01  8.20475e-01  8.81748e-01  0.00000e+00
  11534.73  6815.3125  9.49964e-01  9.54235e-01  9.50538e-01  0.00000e+00
  11563.28  6815.9375  1.00384e+00  1.07673e+00  1.00390e+00  0.00000e+00
  11591.83  6816.5625  9.87232e-01  9.41285e-01  9.86759e-01  0.00000e+00
  11620.38  6817.1875  9.71974e-01  9.95161e-01  9.71409e-01  0.00000e+00
  11648.94  6817.8125  9.34467e-01  9.69031e-01  9.34329e-01  0.00000e+00
  11677.49  6818.4375  9.16428e-01  7.88043e-01  9.16856e-01  0.00000e+00
  11706.04  6819.0625  1.03962e+00  1.04566e+00  1.04009e+00  0.00000e+00
  11734.59  6819.6875  1.14038e+00  1.28825e+00  1.14120e+00  0.00000e+00
  11763.14  6820.3125  1.02846e+00  1.06323e+00  1.02939e+00  0.00000e+00
  11791.69  6820.9375  8.77898e-01  7.15850e-01  8.78061e-01  0.00000e+00
  11820.24  6821.5625  9.03681e-01  9.21550e-01  9.03400e-01  0.00000e+00
  11848.79  6822.1875  9.49921e-01  1.04413e+00  9.49055e-01  0.00000e+00
  11877.34  6822.8125  9.33287e-01  8.16443e-01  9.32275e-01  0.00000e+00
  11905.89  6823.4375  9.69856e-01  1.04450e+00  9.69108e-01  0.00000e+00
  11934.45  6824.0625  9.89188e-01  9.67204e-01  9.88727e-01  0.00000e+00
  11963.00  6824.6875  1.01609e+00  9.82506e-01  1.01526e+00  0.00000e+00
  11991.55  6825.3125  1.07446e+00  1.10809e+00  1.07416e+00  0.00000e+00
  12020.10  6825.9375  1.05053e+00  1.15392e+00  1.05052e+00  0.00000e+00
  12048.65  6826.5625  9.47706e-01  8.19670e-01  9.47850e-01  0.00000e+00
  12077.20  6827.1875  9.58864e-01  9.41412e-01  9.59420e-01  0.00000e+00
  12105.75  6827.8125  1.00636e+00  1.11255e+00  1.00692e+00  0.00000e+00
  12134.30  6828.4375  9.84816e-01  8.90027e-01  9.85345e-01  0.00000e+00
  12162.85  6829.0625  1.01888e+00  1.02162e+00  1.01861e+00  0.00000e+00
  12191.40  6829.6875  1.01235e+00  1.16572e+00  1.01182e+00  0.00000e+00
  12219.96  6830.3125  8.49148e-01  7.78050e-01  8.49314e-01  0.00000e+00
  12248.51  6830.9375  7.51590e-01  6.47433e-01  7.52243e-01  0.00000e+00
  12277.06  6831.5625  8.41873e-01  8.19720e-01  8.42008e-01  0.00000e+00
  12305.61  6832.1875  9.78465e-01  1.06287e+00  9.78101e-01  0.00000e+00
  12334.16  6832.8125  1.04730e+00  9.92386e-01  1.04695e+00  0.00000e+00
  12362.71  6833.4375  1.05572e+00  1.20067e+00  1.05533e+00  0.00000e+00
  12391.26  6834.0625  9.91683e-01  8.40709e-01  9.91326e-01  0.00000e+00
  12419.81  6834.6875  1.01632e+00  1.05685e+00  1.01598e+00  0.00000e+00
  12448.36  6835.3125  1.03531e+00  1.10176e+00  1.03536e+00  0.00000e+00
  12476.92  6835.9375  9.81299e-01  9.21781e-01  9.81303e-01  0.00000e+00
  12505.47  6836.5625  9.51746e-01  9.77725e-01  9.51622e-01  0.00000e+00
  12534.02  6837.1875  9.66186e-01  8.87455e-01  9.66112e-01  0.00000e+00
  12562.57  6837.8125  1.00733e+00  1.11066e+00  1.00726e+00  0.00000e+00
  12591.12  6838.4375  9.30138e-01  9.82259e-01  9.30097e-01  0.00000e+00
  12619.67  6839.0625  8.05875e-01  6.69194e-01  8.06098e-01  0.00000e+00
  12648.22  6839.6875  8.25064e-01  8.33119e-01  8.25648e-01  0.00000e+00
  12676.77  6840.3125  9.25600e-01  9.02015e-01  9.26210e-01  0.00000e+00
  12705.32  6840.9375  9.95849e-01  1.10312e+00  9.96449e-01  0.00000e+00
  12733.87  6841.5625  9.99006e-01  8.90902e-01  9.99276e-01  0.00000e+00
  12762.43  6842.1875  1.02838e+00  1.12192e+00  1.02841e+00  0.00000e+00
  12790.98  6842.8125  1.04408e+00  9.58373e-01  1.04408e+00  0.00000e+00
  12819.53  6843.4375  1.06444e+00  1.15645e+00  1.06430e+00  0.00000e+00
  12848.08  6844.0625  9.97269e-01  1.02155e+00  9.96949e-01  0.00000e+00
  12876.63  6844.6875  8.72598e-01  8.29338e-01  8.72204e-01  0.00000e+00
  12905.18  6845.3125  8.16990e-01  7.69422e-01  8.16177e-01  0.00000e+00
  12933.73  6845.9375  8.62817e-01  8.46600e-01  8.62173e-01  0.00000e+00
  12962.28  6846.5625  9.91368e-01  9.30299e-01  9.91563e-01  0.00000e+00
  12990.83  6847.1875  1.09551e+00  1.28939e+00  1.09595e+00  0.00000e+00
  13019.38  6847.8125  1.00111e+00  9.73832e-01  1.00112e+00  0.00000e+00
  13047.94  6848.4375  9.33214e-01  7.50247e-01  9.33148e-01  0.00000e+00
  13076.49  6849.0625  1.02279e+00  1.18382e+00  1.02349e+00  0.00000e+00
  13105.04  6849.6875  1.02264e+00  1.00031e+00  1.02332e+00  0.00000e+00
  13133.59  6850.3125  9.48911e-01  9.68512e-01  9.49400e-01  0.00000e+00
  13162.14  6850.9375  8.71128e-01  8.52205e-01  8.71134e-01  0.00000e+00
  13190.69  6851.5625  8.53002e-01  7.74817e-01  8.52502e-01  0.00000e+00
  13219.24  6852.1875  9.13510e-01  9.78014e-01  9.13260e-01  0.00000e+00
  13247.79  6852.8125  9.74664e-01  9.03228e-01  9.75151e-01  0.00000e+00
  13276.34  6853.4375  1.01665e+00  1.15248e+00  1.01710e+00  0.00000e+00
  13304.90  6854.0625  9.94522e-01  8.62158e-01  9.94909e-01  0.00000e+00
  13333.45  6854.6875  1.00482e+00  1.12162e+00  1.00525e+00  0.00000e+00
  13362.00  6855.3125  1.04231e+00  8.53801e-01  1.04266e+00  0.00000e+00
  13390.55  6855.9375  1.13343e+00  1.35144e+00  1.13360e+00  0.00000e+00
  13419.10  6856.5625  1.05733e+00  1.03719e+00  1.05717e+00  0.00000e+00
  13447.65  6857.1875  9.14479e-01  8.67108e-01  9.14490e-01  0.00000e+00
  13476.20  6857.8125  8.94926e-01  7.95585e-01  8.95254e-01  0.00000e+00
  13504.75  6858.4375  9.49694e-01  1.09889e+00  9.49980e-01  0.00000e+00
  13533.30  6859.0625  9.13465e-01  8.38838e-01  9.14047e-01  0.00000e+00
  13561.85  6859.6875  9.05681e-01  8.74897e-01  9.06166e-01  0.00000e+00
  13590.41  6860.3125  9.43619e-01  1.00949e+00  9.43320e-01  0.00000e+00
  13618.96  6860.9375  9.89901e-01  8.61652e-01  9.89780e-01  0.00000e+00
  13647.51  6861.5625  1.10911e+00  1.20433e+00  1.10947e+00  0.00000e+00
  13676.06  6862.1875  1.15434e+00  1.19318e+00  1.15481e+00  0.00000e+00
  13704.61  6862.8125  1.11049e+00  1.08107e+00  1.11079e+00  0.00000e+00
  13733.16  6863.4375  1.05572e+00  1.09898e+00  1.05621e+00  0.00000e+00
  13761.71  6864.0625  1.01646e+00  9.23404e-01  1.01701e+00  0.00000e+00
  13790.26  6864.6875  1.06425e+00  1.07589e+00  1.06440e+00  0.00000e+00
  13818.81  6865.3125  1.07071e+00  1.21192e+00  1.07093e+00  0.00000e+00
  13847.36  6865.9375  9.70194e-01  8.24434e-01  9.70606e-01  0.00000e+00
  13875.92  6866.5625  9.31883e-01  1.01464e+00  9.31338e-01  0.00000e+00
  13904.47  6867.1875  9.35043e-01  8.16214e-01  9.33927e-01  0.00000e+00
  13933.02  6867.8125  9.80038e-01  1.10206e+00  9.79522e-01  0.00000e+00
  13961.57  6868.4375  9.77359e-01  9.01348e-01  9.78001e-01  0.00000e+00
  13990.12  6869.0625  1.00442e+00  1.00606e+00  1.00565e+00  0.00000e+00
  14018.67  6869.6875  1.05983e+00  1.08026e+00  1.06051e+00  0.00000e+00
  14047.22  6870.3125  1.09912e+00  1.07633e+00  1.10005e+00  0.00000e+00
  14075.77  6870.9375  1.08905e+00  1.21119e+00  1.09047e+00  0.00000e+00
  14104.32  6871.5625  1.04558e+00  8.43034e-01  1.04634e+00  0.00000e+00
  14132.88  6872.1875  1.08238e+00  1.27817e+00  1.08253e+00  0.00000e+00
  14161.43  6872.8125  1.02166e+00  9.52524e-01  1.02179e+00  0.00000e+00
  14189.98  6873.4375  9.88858e-01  9.04509e-01  9.88847e-01  0.00000e+00
  14218.53  6874.0625  1.03332e+00  1.14718e+00  1.03296e+00  0.00000e+00
  14247.08  6874.6875  9.66483e-01  9.97819e-01  9.65956e-01  0.00000e+00
  14275.63  6875.3125  8.90944e-01  7.19238e-01  8.90370e-01  0.00000e+00
  14304.18  6875.9375  9.48247e-01  1.07743e+00  9.47894e-01  0.00000e+00
  14332.73  6876.5625  1.01771e+00  8.76404e-01  1.01740e+00  0.00000e+00
  14361.28  6877.1875  1.11495e+00  1.25890e+00  1.11453e+00  0.00000e+00
  14389.83  6877.8125  1.09250e+00  1.11021e+00  1.09208e+00  0.00000e+00
  14418.39  6878.4375  1.00561e+00  9.39500e-01  1.00553e+00  0.00000e+00
  14446.94  6879.0625  1.01476e+00  9.71833e-01  1.01526e+00  0.00000e+00
  14475.49  6879.6875  1.07816e+00  1.15229e+00  1.07901e+00  0.00000e+00
  14504.04  6880.3125  1.10458e+00  1.04575e+00  1.10523e+00  0.00000e+00
  14532.59  6880.9375  1.13029e+00  1.18928e+00  1.13034e+00  0.00000e+00
  14561.14  6881.5625  1.11165e+00  1.10651e+00  1.11147e+00  0.00000e+00
  14589.69  6882.1875  1.03598e+00  1.09006e+00  1.03574e+00  0.00000e+00
  14618.24  6882.8125  9.38121e-01  8.56594e-01  9.38084e-01  0.00000e+00
  14646.79  6883.4375  9.03592e-01  9.23081e-01  9.04030e-01  0.00000e+00
  14675.34  6884.0625  8.78186e-01  9.05615e-01  8.78380e-01  0.00000e+00
  14703.90  6884.6875  8.75425e-01  7.56809e-01  8.74771e-01  0.00000e+00
  14732.45  6885.3125  9.44952e-01  1.05796e+00  9.43994e-01  0.00000e+00
  14761.00  6885.9375  9.31072e-01  9.34796e-01  9.29838e-01  0.00000e+00
  14789.55  6886.5625  8.34840e-01  8.65977e-01  8.33985e-01  0.00000e+00
  14818.10  6887.1875  8.00146e-01  6.14644e-01  7.99697e-01  0.00000e+00
  14846.65  6887.8125  9.27877e-01  1.03417e+00  9.27134e-01  0.00000e+00
  14875.20  6888.4375  9.94530e-01  1.04973e+00  9.93471e-01  0.00000e+00
  14903.75  6889.0625  9.77216e-01  8.95081e-01  9.76617e-01  0.00000e+00
  14932.30  6889.6875  1.00720e+00  1.05294e+00  1.00681e+00  0.00000e+00
  14960.86  6890.3125  1.06126e+00  9.89926e-01  1.06086e+00  0.00000e+00
  14989.41  6890.9375  1.07634e+00  1.26544e+00  1.07597e+00  0.00000e+00
  15017.96  6891.5625  9.80956e-01  8.12767e-01  9.81704e-01  0.00000e+00
  15046.51  6892.1875  9.69263e-01  1.01885e+00  9.70520e-01  0.00000e+00
  15075.06  6892.8125  1.01151e+00  9.67446e-01  1.01222e+00  0.00000e+00
  15103.61  6893.4375  1.04495e+00  1.11782e+00  1.04531e+00  0.00000e+00
  15132.16  6894.0625  1.02123e+00  9.95879e-01  1.02143e+00  0.00000e+00
  15160.71  6894.6875  9.86788e-01  9.88400e-01  9.86702e-01  0.00000e+00
  15189.26  6895.3125  9.46009e-01  9.74506e-01  9.45861e-01  0.00000e+00
  15217.81  6895.9375  8.82411e-01  8.65777e-01  8.82185e-01  0.00000e+00
  15246.37  6896.5625  9.08148e-01  7.60370e-01  9.08290e-01  0.00000e+00
  15274.92  6897.1875  1.04266e+00  1.20285e+00  1.04354e+00  0.00000e+00
  15303.47  6897.8125  1.04642e+00  1.05956e+00  1.04697e+00  0.00000e+00
  15332.02  6898.4375  9.57509e-01  9.30838e-01  9.57753e-01  0.00000e+00
  15360.57  6899.0625  9.15319e-01  8.76833e-01  9.15443e-01  0.00000e+00
  15389.12  6899.6875  9.56588e-01  9.25209e-01  9.56507e-01  0.00000e+00
  15417.67  6900.3125  1.00823e+00  1.10199e+00  1.00825e+00  0.00000e+00
  15446.22  6900.9375  9.78114e-01  9.40859e-01  9.78407e-01  0.00000e+00
  15474.77  6901.5625  9.52285e-01  9.34538e-01  9.53035e-01  0.00000e+00
  15503.32  6902.1875  9.68098e-01  9.72925e-01  9.69101e-01  0.00000e+00
  15531.88  6902.8125  1.00514e+00  9.72398e-01  1.00609e+00  0.00000e+00
  15560.43  6903.4375  1.01245e+00  1.13763e+00  1.01296e+00  0.00000e+00
  15588.98  6904.0625  9.60238e-01  8.11209e-01  9.59911e-01  0.00000e+00
  15617.53  6904.6875  9.81339e-01  1.06256e+00  9.80395e-01  0.00000e+00
  15646.08  6905.3125  9.55415e-01  9.98327e-01  9.54601e-01  0.00000e+00
  15674.63  6905.9375  8.55996e-01  8.14862e-01  8.55537e-01  0.00000e+00
  15703.18  6906.5625  8.32900e-01  7.45121e-01  8.33320e-01  0.00000e+00
  15731.73  6907.1875  9.00982e-01  9.85658e-01  9.01930e-01  0.00000e+00
  15760.28  6907.8125  9.39166e-01  8.91093e-01  9.39161e-01  0.00000e+00
  15788.84  6908.4375  9.76099e-01  1.00122e+00  9.75126e-01  0.00000e+00
  15817.39  6909.0625  9.78489e-01  1.02447e+00  9.77852e-01  0.00000e+00
  15845.94  6909.6875  9.20381e-01  8.98235e-01  9.20290e-01  0.00000e+00
  15874.49  6910.3125  8.83681e-01  8.51711e-01  8.83888e-01  0.00000e+00
  15903.04  6910.9375  9.23829e-01  8.85955e-01  9.24209e-01  0.00000e+00
  15931.59  6911.5625  1.01264e+00  1.04451e+00  1.01245e+00  0.00000e+00
  15960.14  6912.1875  1.03753e+00  1.11708e+00  1.03663e+00  0.00000e+00
  15988.69  6912.8125  9.92133e-01  9.02319e-01  9.91293e-01  0.00000e+00
  16017.24  6913.4375  1.00700e+00  1.02200e+00  1.00633e+00  0.00000e+00
  16045.79  6914.0625  1.02726e+00  1.06763e+00  1.02682e+00  0.00000e+00
  16074.35  6914.6875  9.53268e-01  1.01374e+00  9.52781e-01  0.00000e+00
  16102.90  6915.3125  8.29363e-01  7.45021e-01  8.28641e-01  0.00000e+00
  16131.45  6915.9375  8.58512e-01  7.20390e-01  8.57848e-01  0.00000e+00
  16160.00  6916.5625  1.01611e+00  1.18708e+00  1.01579e+00  0.00000e+00
  16188.55  6917.1875  1.01543e+00  1.05127e+00  1.01540e+00  0.00000e+00
  16217.10  6917.8125  9.51798e-01  8.05281e-01  9.51489e-01  0.00000e+00
  16245.65  6918.4375  9.72561e-01  1.11143e+00  9.72210e-01  0.00000e+00
  16274.20  6919.0625  9.12110e-01  8.88815e-01  9.11847e-01  0.00000e+00
  16302.75  6919.6875  8.36377e-01  7.80253e-01  8.35992e-01  0.00000e+00
  16331.30  6920.3125  8.27788e-01  8.56457e-01  8.27299e-01  0.00000e+00
  16359.86  6920.9375  8.32447e-01  8.13214e-01  8.32033e-01  0.00000e+00
  16388.41  6921.5625  9.15935e-01  7.88364e-01  9.15380e-01  0.00000e+00
  16416.96  6922.1875  1.03023e+00  1.28596e+00  1.02898e+00  0.00000e+00
  16445.51  6922.8125  9.73292e-01  8.19290e-01  9.71523e-01  0.00000e+00
  16474.06  6923.4375  9.43082e-01  9.87585e-01  9.41612e-01  0.00000e+00
  16502.61  6924.0625  9.28940e-01  9.47679e-01  9.28559e-01  0.00000e+00
  16531.16  6924.6875  9.01670e-01  8.44694e-01  9.01847e-01  0.00000e+00
  16559.71  6925.3125  9.11829e-01  9.52229e-01  9.11747e-01  0.00000e+00
  16588.26  6925.9375  8.90754e-01  9.13837e-01  8.90475e-01  0.00000e+00
  16616.81  6926.5625  8.61955e-01  7.84134e-01  8.62171e-01  0.00000e+00
  16645.37  6927.1875  8.96976e-01  9.39958e-01  8.97132e-01  0.00000e+00
  16673.92  6927.8125  9.43227e-01  9.03121e-01  9.43251e-01  0.00000e+00
  16702.47  6928.4375  9.77970e-01  1.04772e+00  9.78139e-01  0.00000e+00
  16731.02  6929.0625  9.60508e-01  9.32740e-01  9.60983e-01  0.00000e+00
  16759.57  6929.6875  9.60383e-01  9.23382e-01  9.61075e-01  0.00000e+00
  16788.12  6930.3125  9.94880e-01  1.03918e+00  9.95054e-01  0.00000e+00
  16816.67  6930.9375  9.56398e-01  1.02345e+00  9.56404e-01  0.00000e+00
  16845.22  6931.5625  8.68552e-01  7.62026e-01  8.69203e-01  0.00000e+00
  16873.77  6932.1875  9.03895e-01  8.65085e-01  9.04801e-01  0.00000e+00
  16902.33  6932.8125  1.04047e+00  1.05779e+00  1.04156e+00  0.00000e+00
  16930.88  6933.4375  1.12515e+00  1.21306e+00  1.12563e+00  0.00000e+00
  16959.43  6934.0625  1.04640e+00  1.11509e+00  1.04559e+00  0.00000e+00
  16987.98  6934.6875  9.11147e-01  7.59255e-01  9.10306e-01  0.00000e+00
  17016.53  6935.3125  8.87468e-01  9.71618e-01  8.86891e-01  0.00000e+00
  17045.08  6935.9375  9.13639e-01  7.88038e-01  9.12454e-01  0.00000e+00
  17073.63  6936.5625  9.88157e-01  1.11280e+00  9.86667e-01  0.00000e+00
  17102.18  6937.1875  1.01338e+00  9.40861e-01  1.01200e+00  0.00000e+00
  17130.73  6937.8125  1.05793e+00  1.06439e+00  1.05743e+00  0.00000e+00
  17159.28  6938.4375  1.09200e+00  1.16040e+00  1.09248e+00  0.00000e+00
  17187.84  6939.0625  1.03831e+00  1.03463e+00  1.03842e+00  0.00000e+00
  17216.39  6939.6875  9.95022e-01  9.15805e-01  9.94570e-01  0.00000e+00
  17244.94  6940.3125  1.04012e+00  1.06538e+00  1.03996e+00  0.00000e+00
  17273.49  6940.9375  1.06364e+00  1.12562e+00  1.06371e+00  0.00000e+00
  17302.04  6941.5625  1.01713e+00  9.74283e-01  1.01732e+00  0.00000e+00
  17330.59  6942.1875  9.82611e-01  9.95456e-01  9.82516e-01  0.00000e+00
  17359.14  6942.8125  9.75164e-01  9.40390e-01  9.74580e-01  0.00000e+00
  17387.69  6943.4375  9.86868e-01  1.01928e+00  9.86463e-01  0.00000e+00
  17416.24  6944.0625  9.64240e-01  9.92973e-01  9.64636e-01  0.00000e+00
  17444.79  6944.6875  9.71226e-01  8.12691e-01  9.71810e-01  0.00000e+00
  17473.35  6945.3125  1.01054e+00  1.29136e+00  1.01055e+00  0.00000e+00
  17501.90  6945.9375  9.42510e-01  6.51935e-01  9.42376e-01  0.00000e+00
  17530.45  6946.5625  1.01496e+00  1.14730e+00  1.01480e+00  0.00000e+00
  17559.00  6947.1875  1.04366e+00  1.10076e+00  1.04370e+00  0.00000e+00
  17587.55  6947.8125  9.44541e-01  9.18280e-01  9.44672e-01  0.00000e+00
  17616.10  6948.4375  8.93603e-01  8.07454e-01  8.93205e-01  0.00000e+00
  17644.65  6949.0625  9.76443e-01  9.66262e-01  9.75819e-01  0.00000e+00
  17673.20  6949.6875  1.08680e+00  1.14829e+00  1.08688e+00  0.00000e+00
