# day000.9  epoch=0.9d  L_Halpha=2.418e+40 erg/s  smooth_kms=25.0
# Columns:
#   1: Δv [km/s]      velocity offset from Hα (6562.81 Å), positive = redshift
#   2: lambda [Å]     observed wavelength
#   3: F_norm         total flux, smoothed, normalized to F_cont_baseline
#   4: F_norm_raw     total flux, RAW MC (no velocity smoothing)
#   5: F_cont_smooth  continuum-channel flux (continuum photons only)
#   6: F_vol_smooth   volumetric-channel flux (line emission contribution)
# Format: F_norm ≈ F_cont_smooth + F_vol_smooth (within MC noise)
# ----------------------------------------------------------------------------------------
 -16559.48  6200.3125  1.04100e+00  1.03298e+00  1.04101e+00  0.00000e+00
 -16530.93  6200.9375  1.03086e+00  1.06918e+00  1.03077e+00  0.00000e+00
 -16502.38  6201.5625  9.56968e-01  9.91286e-01  9.56900e-01  0.00000e+00
 -16473.83  6202.1875  8.69661e-01  7.77063e-01  8.69634e-01  0.00000e+00
 -16445.28  6202.8125  8.63443e-01  8.92942e-01  8.63488e-01  0.00000e+00
 -16416.73  6203.4375  8.35108e-01  9.04772e-01  8.35177e-01  0.00000e+00
 -16388.18  6204.0625  7.76390e-01  6.45327e-01  7.76265e-01  0.00000e+00
 -16359.63  6204.6875  8.13961e-01  8.74662e-01  8.13678e-01  0.00000e+00
 -16331.08  6205.3125  8.74778e-01  8.28147e-01  8.74562e-01  0.00000e+00
 -16302.53  6205.9375  9.40209e-01  9.82316e-01  9.40131e-01  0.00000e+00
 -16273.97  6206.5625  9.78123e-01  9.70612e-01  9.78044e-01  0.00000e+00
 -16245.42  6207.1875  9.71500e-01  1.02567e+00  9.71282e-01  0.00000e+00
 -16216.87  6207.8125  9.41284e-01  8.69089e-01  9.41073e-01  0.00000e+00
 -16188.32  6208.4375  9.98071e-01  9.51829e-01  9.97896e-01  0.00000e+00
 -16159.77  6209.0625  1.06781e+00  1.21859e+00  1.06762e+00  0.00000e+00
 -16131.22  6209.6875  9.84978e-01  9.58910e-01  9.84788e-01  0.00000e+00
 -16102.67  6210.3125  8.91480e-01  8.17632e-01  8.91288e-01  0.00000e+00
 -16074.12  6210.9375  9.06130e-01  9.08757e-01  9.06083e-01  0.00000e+00
 -16045.57  6211.5625  9.66082e-01  9.59521e-01  9.66167e-01  0.00000e+00
 -16017.01  6212.1875  1.01669e+00  1.04992e+00  1.01674e+00  0.00000e+00
 -15988.46  6212.8125  1.04983e+00  1.00993e+00  1.04993e+00  0.00000e+00
 -15959.91  6213.4375  1.09805e+00  1.12926e+00  1.09833e+00  0.00000e+00
 -15931.36  6214.0625  1.13081e+00  1.11862e+00  1.13104e+00  0.00000e+00
 -15902.81  6214.6875  1.09446e+00  1.21604e+00  1.09453e+00  0.00000e+00
 -15874.26  6215.3125  1.00367e+00  8.28519e-01  1.00352e+00  0.00000e+00
 -15845.71  6215.9375  9.86142e-01  1.13124e+00  9.85913e-01  0.00000e+00
 -15817.16  6216.5625  8.95915e-01  8.67669e-01  8.95885e-01  0.00000e+00
 -15788.61  6217.1875  7.96783e-01  7.43052e-01  7.96830e-01  0.00000e+00
 -15760.06  6217.8125  8.29730e-01  7.45455e-01  8.29654e-01  0.00000e+00
 -15731.50  6218.4375  9.50446e-01  1.04336e+00  9.50366e-01  0.00000e+00
 -15702.95  6219.0625  9.65745e-01  1.02750e+00  9.65753e-01  0.00000e+00
 -15674.40  6219.6875  9.10071e-01  8.04720e-01  9.10134e-01  0.00000e+00
 -15645.85  6220.3125  9.68423e-01  9.37648e-01  9.68438e-01  0.00000e+00
 -15617.30  6220.9375  1.04966e+00  1.18706e+00  1.04964e+00  0.00000e+00
 -15588.75  6221.5625  1.02164e+00  9.32484e-01  1.02171e+00  0.00000e+00
 -15560.20  6222.1875  9.95635e-01  1.05620e+00  9.95743e-01  0.00000e+00
 -15531.65  6222.8125  9.77425e-01  9.09005e-01  9.77481e-01  0.00000e+00
 -15503.10  6223.4375  9.79342e-01  1.04805e+00  9.79421e-01  0.00000e+00
 -15474.55  6224.0625  9.97960e-01  8.79035e-01  9.98078e-01  0.00000e+00
 -15445.99  6224.6875  1.07555e+00  1.17353e+00  1.07565e+00  0.00000e+00
 -15417.44  6225.3125  1.07364e+00  1.10429e+00  1.07364e+00  0.00000e+00
 -15388.89  6225.9375  9.84477e-01  9.74707e-01  9.84554e-01  0.00000e+00
 -15360.34  6226.5625  9.43955e-01  8.47262e-01  9.44059e-01  0.00000e+00
 -15331.79  6227.1875  1.01321e+00  1.05011e+00  1.01336e+00  0.00000e+00
 -15303.24  6227.8125  1.05245e+00  1.11770e+00  1.05268e+00  0.00000e+00
 -15274.69  6228.4375  9.84135e-01  9.87708e-01  9.84290e-01  0.00000e+00
 -15246.14  6229.0625  8.97177e-01  8.58176e-01  8.97243e-01  0.00000e+00
 -15217.59  6229.6875  9.15268e-01  8.15333e-01  9.15313e-01  0.00000e+00
 -15189.03  6230.3125  1.02306e+00  1.13283e+00  1.02309e+00  0.00000e+00
 -15160.48  6230.9375  1.03632e+00  1.05612e+00  1.03638e+00  0.00000e+00
 -15131.93  6231.5625  9.93719e-01  9.33273e-01  9.93697e-01  0.00000e+00
 -15103.38  6232.1875  9.75339e-01  1.04847e+00  9.75248e-01  0.00000e+00
 -15074.83  6232.8125  9.54758e-01  8.50147e-01  9.54708e-01  0.00000e+00
 -15046.28  6233.4375  9.54363e-01  1.08490e+00  9.54371e-01  0.00000e+00
 -15017.73  6234.0625  8.87030e-01  8.14829e-01  8.87068e-01  0.00000e+00
 -14989.18  6234.6875  8.85913e-01  8.09355e-01  8.85926e-01  0.00000e+00
 -14960.63  6235.3125  1.01008e+00  1.03811e+00  1.01015e+00  0.00000e+00
 -14932.08  6235.9375  1.14817e+00  1.13623e+00  1.14833e+00  0.00000e+00
 -14903.52  6236.5625  1.19595e+00  1.34867e+00  1.19606e+00  0.00000e+00
 -14874.97  6237.1875  1.07212e+00  1.03237e+00  1.07209e+00  0.00000e+00
 -14846.42  6237.8125  9.40684e-01  8.84788e-01  9.40558e-01  0.00000e+00
 -14817.87  6238.4375  8.64747e-01  9.32477e-01  8.64713e-01  0.00000e+00
 -14789.32  6239.0625  7.96947e-01  7.00244e-01  7.96987e-01  0.00000e+00
 -14760.77  6239.6875  8.89681e-01  7.65287e-01  8.89725e-01  0.00000e+00
 -14732.22  6240.3125  1.11571e+00  1.26119e+00  1.11579e+00  0.00000e+00
 -14703.67  6240.9375  1.20238e+00  1.23635e+00  1.20240e+00  0.00000e+00
 -14675.12  6241.5625  1.10489e+00  1.19984e+00  1.10498e+00  0.00000e+00
 -14646.57  6242.1875  9.20945e-01  8.14888e-01  9.21051e-01  0.00000e+00
 -14618.01  6242.8125  8.48198e-01  8.01899e-01  8.48200e-01  0.00000e+00
 -14589.46  6243.4375  8.91628e-01  8.99590e-01  8.91588e-01  0.00000e+00
 -14560.91  6244.0625  9.20474e-01  9.82639e-01  9.20528e-01  0.00000e+00
 -14532.36  6244.6875  8.99737e-01  8.37641e-01  8.99818e-01  0.00000e+00
 -14503.81  6245.3125  9.14393e-01  9.32393e-01  9.14426e-01  0.00000e+00
 -14475.26  6245.9375  9.62967e-01  9.22203e-01  9.62998e-01  0.00000e+00
 -14446.71  6246.5625  1.01135e+00  1.08765e+00  1.01133e+00  0.00000e+00
 -14418.16  6247.1875  9.91043e-01  9.76085e-01  9.90965e-01  0.00000e+00
 -14389.61  6247.8125  9.53239e-01  9.45210e-01  9.53221e-01  0.00000e+00
 -14361.06  6248.4375  9.70162e-01  9.00188e-01  9.70187e-01  0.00000e+00
 -14332.50  6249.0625  1.00550e+00  1.14760e+00  1.00555e+00  0.00000e+00
 -14303.95  6249.6875  9.94419e-01  8.23821e-01  9.94537e-01  0.00000e+00
 -14275.40  6250.3125  1.07371e+00  1.16277e+00  1.07373e+00  0.00000e+00
 -14246.85  6250.9375  1.14300e+00  1.12470e+00  1.14290e+00  0.00000e+00
 -14218.30  6251.5625  1.16728e+00  1.20041e+00  1.16711e+00  0.00000e+00
 -14189.75  6252.1875  1.13452e+00  1.16893e+00  1.13425e+00  0.00000e+00
 -14161.20  6252.8125  1.04280e+00  1.03362e+00  1.04260e+00  0.00000e+00
 -14132.65  6253.4375  9.57734e-01  9.33092e-01  9.57669e-01  0.00000e+00
 -14104.10  6254.0625  9.34563e-01  8.92405e-01  9.34512e-01  0.00000e+00
 -14075.54  6254.6875  9.65050e-01  9.96859e-01  9.65006e-01  0.00000e+00
 -14046.99  6255.3125  1.00027e+00  9.62500e-01  1.00031e+00  0.00000e+00
 -14018.44  6255.9375  1.03258e+00  1.09344e+00  1.03261e+00  0.00000e+00
 -13989.89  6256.5625  1.03057e+00  9.85759e-01  1.03065e+00  0.00000e+00
 -13961.34  6257.1875  1.02084e+00  1.07852e+00  1.02098e+00  0.00000e+00
 -13932.79  6257.8125  1.01233e+00  9.21010e-01  1.01237e+00  0.00000e+00
 -13904.24  6258.4375  1.05276e+00  1.12107e+00  1.05276e+00  0.00000e+00
 -13875.69  6259.0625  1.08772e+00  1.03214e+00  1.08768e+00  0.00000e+00
 -13847.14  6259.6875  1.12705e+00  1.17572e+00  1.12694e+00  0.00000e+00
 -13818.59  6260.3125  1.10571e+00  1.15684e+00  1.10560e+00  0.00000e+00
 -13790.03  6260.9375  1.05869e+00  9.39327e-01  1.05861e+00  0.00000e+00
 -13761.48  6261.5625  1.09550e+00  1.16611e+00  1.09545e+00  0.00000e+00
 -13732.93  6262.1875  1.10507e+00  1.10794e+00  1.10506e+00  0.00000e+00
 -13704.38  6262.8125  1.03896e+00  1.09830e+00  1.03890e+00  0.00000e+00
 -13675.83  6263.4375  9.51450e-01  8.52329e-01  9.51416e-01  0.00000e+00
 -13647.28  6264.0625  9.86809e-01  9.35495e-01  9.86776e-01  0.00000e+00
 -13618.73  6264.6875  1.06160e+00  1.20587e+00  1.06151e+00  0.00000e+00
 -13590.18  6265.3125  9.89206e-01  9.75686e-01  9.89153e-01  0.00000e+00
 -13561.63  6265.9375  8.98781e-01  8.14963e-01  8.98787e-01  0.00000e+00
 -13533.08  6266.5625  9.10791e-01  9.33857e-01  9.10803e-01  0.00000e+00
 -13504.52  6267.1875  9.55665e-01  9.29871e-01  9.55716e-01  0.00000e+00
 -13475.97  6267.8125  9.61284e-01  1.06822e+00  9.61437e-01  0.00000e+00
 -13447.42  6268.4375  8.94978e-01  8.08235e-01  8.95112e-01  0.00000e+00
 -13418.87  6269.0625  9.35759e-01  8.37423e-01  9.35810e-01  0.00000e+00
 -13390.32  6269.6875  1.07226e+00  1.21030e+00  1.07226e+00  0.00000e+00
 -13361.77  6270.3125  1.07627e+00  1.09878e+00  1.07623e+00  0.00000e+00
 -13333.22  6270.9375  1.02172e+00  9.36052e-01  1.02168e+00  0.00000e+00
 -13304.67  6271.5625  1.05844e+00  1.05893e+00  1.05848e+00  0.00000e+00
 -13276.12  6272.1875  1.07467e+00  1.20166e+00  1.07497e+00  0.00000e+00
 -13247.56  6272.8125  1.01819e+00  8.54527e-01  1.01856e+00  0.00000e+00
 -13219.01  6273.4375  1.01435e+00  1.16419e+00  1.01452e+00  0.00000e+00
 -13190.46  6274.0625  9.48943e-01  8.76878e-01  9.48841e-01  0.00000e+00
 -13161.91  6274.6875  8.88804e-01  9.00771e-01  8.88534e-01  0.00000e+00
 -13133.36  6275.3125  8.88187e-01  8.30823e-01  8.87981e-01  0.00000e+00
 -13104.81  6275.9375  9.89719e-01  9.32316e-01  9.89548e-01  0.00000e+00
 -13076.26  6276.5625  1.11312e+00  1.25921e+00  1.11285e+00  0.00000e+00
 -13047.71  6277.1875  1.07552e+00  1.08277e+00  1.07533e+00  0.00000e+00
 -13019.16  6277.8125  9.71865e-01  9.20399e-01  9.71791e-01  0.00000e+00
 -12990.61  6278.4375  9.17837e-01  9.36463e-01  9.17794e-01  0.00000e+00
 -12962.05  6279.0625  8.98215e-01  8.52636e-01  8.98200e-01  0.00000e+00
 -12933.50  6279.6875  9.32680e-01  9.26203e-01  9.32608e-01  0.00000e+00
 -12904.95  6280.3125  9.86506e-01  1.01563e+00  9.86329e-01  0.00000e+00
 -12876.40  6280.9375  1.02606e+00  9.88735e-01  1.02587e+00  0.00000e+00
 -12847.85  6281.5625  1.03397e+00  1.14055e+00  1.03384e+00  0.00000e+00
 -12819.30  6282.1875  9.44490e-01  9.12287e-01  9.44361e-01  0.00000e+00
 -12790.75  6282.8125  8.92859e-01  7.89412e-01  8.92669e-01  0.00000e+00
 -12762.20  6283.4375  9.21439e-01  1.05110e+00  9.21165e-01  0.00000e+00
 -12733.65  6284.0625  9.24498e-01  7.82289e-01  9.24232e-01  0.00000e+00
 -12705.10  6284.6875  9.86363e-01  1.07567e+00  9.86183e-01  0.00000e+00
 -12676.54  6285.3125  9.91639e-01  1.02857e+00  9.91574e-01  0.00000e+00
 -12647.99  6285.9375  9.52414e-01  8.59573e-01  9.52452e-01  0.00000e+00
 -12619.44  6286.5625  9.72292e-01  1.03904e+00  9.72276e-01  0.00000e+00
 -12590.89  6287.1875  9.78560e-01  9.42394e-01  9.78542e-01  0.00000e+00
 -12562.34  6287.8125  9.64629e-01  1.01812e+00  9.64697e-01  0.00000e+00
 -12533.79  6288.4375  9.28865e-01  8.81670e-01  9.29024e-01  0.00000e+00
 -12505.24  6289.0625  9.49553e-01  9.08343e-01  9.49750e-01  0.00000e+00
 -12476.69  6289.6875  1.03801e+00  1.05690e+00  1.03815e+00  0.00000e+00
 -12448.14  6290.3125  1.07790e+00  1.15968e+00  1.07798e+00  0.00000e+00
 -12419.58  6290.9375  9.93808e-01  1.00340e+00  9.93808e-01  0.00000e+00
 -12391.03  6291.5625  8.75971e-01  8.31681e-01  8.75887e-01  0.00000e+00
 -12362.48  6292.1875  8.54824e-01  7.78079e-01  8.54750e-01  0.00000e+00
 -12333.93  6292.8125  9.52274e-01  9.70171e-01  9.52230e-01  0.00000e+00
 -12305.38  6293.4375  1.06912e+00  1.07002e+00  1.06907e+00  0.00000e+00
 -12276.83  6294.0625  1.10396e+00  1.22760e+00  1.10393e+00  0.00000e+00
 -12248.28  6294.6875  1.02308e+00  9.39531e-01  1.02293e+00  0.00000e+00
 -12219.73  6295.3125  9.81184e-01  9.79886e-01  9.81000e-01  0.00000e+00
 -12191.18  6295.9375  1.01531e+00  9.66943e-01  1.01517e+00  0.00000e+00
 -12162.63  6296.5625  1.08416e+00  1.13940e+00  1.08403e+00  0.00000e+00
 -12134.07  6297.1875  1.11093e+00  1.10960e+00  1.11084e+00  0.00000e+00
 -12105.52  6297.8125  1.12514e+00  1.08644e+00  1.12506e+00  0.00000e+00
 -12076.97  6298.4375  1.09098e+00  1.26240e+00  1.09093e+00  0.00000e+00
 -12048.42  6299.0625  9.48071e-01  7.90044e-01  9.48179e-01  0.00000e+00
 -12019.87  6299.6875  9.22630e-01  9.06713e-01  9.22696e-01  0.00000e+00
 -11991.32  6300.3125  9.90392e-01  1.01236e+00  9.90322e-01  0.00000e+00
 -11962.77  6300.9375  9.66707e-01  1.10605e+00  9.66604e-01  0.00000e+00
 -11934.22  6301.5625  8.71299e-01  6.54284e-01  8.71219e-01  0.00000e+00
 -11905.67  6302.1875  9.03062e-01  1.03171e+00  9.02946e-01  0.00000e+00
 -11877.12  6302.8125  9.06982e-01  8.80650e-01  9.06828e-01  0.00000e+00
 -11848.56  6303.4375  8.95892e-01  8.67703e-01  8.95846e-01  0.00000e+00
 -11820.01  6304.0625  9.83618e-01  8.90084e-01  9.83670e-01  0.00000e+00
 -11791.46  6304.6875  1.09302e+00  1.29914e+00  1.09295e+00  0.00000e+00
 -11762.91  6305.3125  1.05367e+00  9.40798e-01  1.05356e+00  0.00000e+00
 -11734.36  6305.9375  1.04581e+00  1.03873e+00  1.04579e+00  0.00000e+00
 -11705.81  6306.5625  1.09322e+00  1.12617e+00  1.09324e+00  0.00000e+00
 -11677.26  6307.1875  1.16189e+00  1.05263e+00  1.16196e+00  0.00000e+00
 -11648.71  6307.8125  1.19182e+00  1.47264e+00  1.19197e+00  0.00000e+00
 -11620.16  6308.4375  1.03277e+00  8.41189e-01  1.03283e+00  0.00000e+00
 -11591.60  6309.0625  1.02865e+00  9.07711e-01  1.02866e+00  0.00000e+00
 -11563.05  6309.6875  1.15608e+00  1.38319e+00  1.15610e+00  0.00000e+00
 -11534.50  6310.3125  1.08479e+00  1.04940e+00  1.08481e+00  0.00000e+00
 -11505.95  6310.9375  9.77761e-01  8.92175e-01  9.77822e-01  0.00000e+00
 -11477.40  6311.5625  9.89272e-01  1.00528e+00  9.89365e-01  0.00000e+00
 -11448.85  6312.1875  1.02993e+00  1.03171e+00  1.03000e+00  0.00000e+00
 -11420.30  6312.8125  1.02436e+00  1.08559e+00  1.02439e+00  0.00000e+00
 -11391.75  6313.4375  9.47521e-01  9.31240e-01  9.47558e-01  0.00000e+00
 -11363.20  6314.0625  8.95915e-01  8.26203e-01  8.95908e-01  0.00000e+00
 -11334.65  6314.6875  9.17808e-01  9.65523e-01  9.17848e-01  0.00000e+00
 -11306.09  6315.3125  9.44626e-01  9.00707e-01  9.44667e-01  0.00000e+00
 -11277.54  6315.9375  9.79992e-01  1.01512e+00  9.79926e-01  0.00000e+00
 -11248.99  6316.5625  9.67428e-01  1.01876e+00  9.67388e-01  0.00000e+00
 -11220.44  6317.1875  9.55783e-01  8.03214e-01  9.55918e-01  0.00000e+00
 -11191.89  6317.8125  1.04971e+00  1.15619e+00  1.04989e+00  0.00000e+00
 -11163.34  6318.4375  1.07319e+00  1.10600e+00  1.07319e+00  0.00000e+00
 -11134.79  6319.0625  1.00656e+00  9.86352e-01  1.00650e+00  0.00000e+00
 -11106.24  6319.6875  9.57974e-01  9.30546e-01  9.58016e-01  0.00000e+00
 -11077.69  6320.3125  9.33473e-01  9.81184e-01  9.33691e-01  0.00000e+00
 -11049.14  6320.9375  9.43874e-01  8.01440e-01  9.44114e-01  0.00000e+00
 -11020.58  6321.5625  1.02159e+00  1.17978e+00  1.02173e+00  0.00000e+00
 -10992.03  6322.1875  9.98217e-01  9.57362e-01  9.98183e-01  0.00000e+00
 -10963.48  6322.8125  9.43285e-01  9.32269e-01  9.43142e-01  0.00000e+00
 -10934.93  6323.4375  8.98579e-01  9.40862e-01  8.98457e-01  0.00000e+00
 -10906.38  6324.0625  8.45043e-01  7.84045e-01  8.45034e-01  0.00000e+00
 -10877.83  6324.6875  8.83847e-01  8.20039e-01  8.83902e-01  0.00000e+00
 -10849.28  6325.3125  9.94871e-01  1.07232e+00  9.94968e-01  0.00000e+00
 -10820.73  6325.9375  1.02636e+00  1.06367e+00  1.02651e+00  0.00000e+00
 -10792.18  6326.5625  1.05412e+00  8.92253e-01  1.05428e+00  0.00000e+00
 -10763.62  6327.1875  1.14466e+00  1.35919e+00  1.14474e+00  0.00000e+00
 -10735.07  6327.8125  1.08535e+00  1.01991e+00  1.08537e+00  0.00000e+00
 -10706.52  6328.4375  9.85707e-01  9.93557e-01  9.85799e-01  0.00000e+00
 -10677.97  6329.0625  9.45729e-01  8.84072e-01  9.45904e-01  0.00000e+00
 -10649.42  6329.6875  9.81447e-01  9.81594e-01  9.81592e-01  0.00000e+00
 -10620.87  6330.3125  9.85800e-01  1.10823e+00  9.85899e-01  0.00000e+00
 -10592.32  6330.9375  9.36829e-01  7.53146e-01  9.36957e-01  0.00000e+00
 -10563.77  6331.5625  9.95710e-01  1.09840e+00  9.95894e-01  0.00000e+00
 -10535.22  6332.1875  1.02394e+00  1.03304e+00  1.02405e+00  0.00000e+00
 -10506.67  6332.8125  1.05623e+00  9.29131e-01  1.05634e+00  0.00000e+00
 -10478.11  6333.4375  1.15210e+00  1.30685e+00  1.15223e+00  0.00000e+00
 -10449.56  6334.0625  1.07707e+00  1.15507e+00  1.07707e+00  0.00000e+00
 -10421.01  6334.6875  9.17643e-01  7.35454e-01  9.17515e-01  0.00000e+00
 -10392.46  6335.3125  9.30467e-01  9.61398e-01  9.30307e-01  0.00000e+00
 -10363.91  6335.9375  1.00803e+00  1.00467e+00  1.00798e+00  0.00000e+00
 -10335.36  6336.5625  1.00892e+00  1.13218e+00  1.00910e+00  0.00000e+00
 -10306.81  6337.1875  9.56616e-01  7.67189e-01  9.56813e-01  0.00000e+00
 -10278.26  6337.8125  1.00815e+00  1.13441e+00  1.00814e+00  0.00000e+00
 -10249.71  6338.4375  1.03703e+00  9.75256e-01  1.03697e+00  0.00000e+00
 -10221.16  6339.0625  1.03421e+00  1.10938e+00  1.03420e+00  0.00000e+00
 -10192.60  6339.6875  9.98633e-01  9.43833e-01  9.98619e-01  0.00000e+00
 -10164.05  6340.3125  1.02063e+00  9.76275e-01  1.02053e+00  0.00000e+00
 -10135.50  6340.9375  1.13171e+00  1.12160e+00  1.13163e+00  0.00000e+00
 -10106.95  6341.5625  1.16521e+00  1.37051e+00  1.16513e+00  0.00000e+00
 -10078.40  6342.1875  1.01833e+00  8.75321e-01  1.01826e+00  0.00000e+00
 -10049.85  6342.8125  9.29782e-01  9.44705e-01  9.29768e-01  0.00000e+00
 -10021.30  6343.4375  9.17354e-01  8.91494e-01  9.17400e-01  0.00000e+00
  -9992.75  6344.0625  9.43038e-01  9.33210e-01  9.43092e-01  0.00000e+00
  -9964.20  6344.6875  1.01644e+00  9.76320e-01  1.01643e+00  0.00000e+00
  -9935.65  6345.3125  1.07208e+00  1.20701e+00  1.07201e+00  0.00000e+00
  -9907.09  6345.9375  1.04026e+00  9.26781e-01  1.04015e+00  0.00000e+00
  -9878.54  6346.5625  1.05865e+00  1.08894e+00  1.05853e+00  0.00000e+00
  -9849.99  6347.1875  1.06478e+00  1.12956e+00  1.06480e+00  0.00000e+00
  -9821.44  6347.8125  1.02496e+00  9.32612e-01  1.02499e+00  0.00000e+00
  -9792.89  6348.4375  1.04507e+00  1.08126e+00  1.04501e+00  0.00000e+00
  -9764.34  6349.0625  1.05524e+00  1.08083e+00  1.05517e+00  0.00000e+00
  -9735.79  6349.6875  1.01068e+00  1.01423e+00  1.01056e+00  0.00000e+00
  -9707.24  6350.3125  9.59106e-01  9.39694e-01  9.58978e-01  0.00000e+00
  -9678.69  6350.9375  9.76270e-01  8.95409e-01  9.76231e-01  0.00000e+00
  -9650.13  6351.5625  1.05355e+00  1.15433e+00  1.05357e+00  0.00000e+00
  -9621.58  6352.1875  1.07758e+00  1.02646e+00  1.07762e+00  0.00000e+00
  -9593.03  6352.8125  1.12605e+00  1.10448e+00  1.12607e+00  0.00000e+00
  -9564.48  6353.4375  1.24401e+00  1.20903e+00  1.24401e+00  0.00000e+00
  -9535.93  6354.0625  1.27867e+00  1.52330e+00  1.27859e+00  0.00000e+00
  -9507.38  6354.6875  1.07774e+00  9.66558e-01  1.07764e+00  0.00000e+00
  -9478.83  6355.3125  9.10227e-01  8.57013e-01  9.10084e-01  0.00000e+00
  -9450.28  6355.9375  8.78076e-01  8.72938e-01  8.77910e-01  0.00000e+00
  -9421.73  6356.5625  9.15887e-01  8.68139e-01  9.15762e-01  0.00000e+00
  -9393.18  6357.1875  9.70734e-01  1.04945e+00  9.70642e-01  0.00000e+00
  -9364.62  6357.8125  9.10459e-01  9.93745e-01  9.10385e-01  0.00000e+00
  -9336.07  6358.4375  8.81568e-01  5.51074e-01  8.81478e-01  0.00000e+00
  -9307.52  6359.0625  1.03340e+00  1.38488e+00  1.03328e+00  0.00000e+00
  -9278.97  6359.6875  1.02858e+00  8.41053e-01  1.02856e+00  0.00000e+00
  -9250.42  6360.3125  1.07988e+00  1.06240e+00  1.08005e+00  0.00000e+00
  -9221.87  6360.9375  1.21180e+00  1.28523e+00  1.21205e+00  0.00000e+00
  -9193.32  6361.5625  1.25486e+00  1.26086e+00  1.25509e+00  0.00000e+00
  -9164.77  6362.1875  1.16870e+00  1.30324e+00  1.16888e+00  0.00000e+00
  -9136.22  6362.8125  9.86840e-01  8.37024e-01  9.86991e-01  0.00000e+00
  -9107.67  6363.4375  9.14026e-01  9.36191e-01  9.14118e-01  0.00000e+00
  -9079.11  6364.0625  9.61818e-01  8.46322e-01  9.61789e-01  0.00000e+00
  -9050.56  6364.6875  1.03787e+00  1.23460e+00  1.03781e+00  0.00000e+00
  -9022.01  6365.3125  9.56091e-01  8.98759e-01  9.56086e-01  0.00000e+00
  -8993.46  6365.9375  8.57335e-01  8.23251e-01  8.57288e-01  0.00000e+00
  -8964.91  6366.5625  8.55308e-01  8.15118e-01  8.55255e-01  0.00000e+00
  -8936.36  6367.1875  9.08308e-01  9.46597e-01  9.08330e-01  0.00000e+00
  -8907.81  6367.8125  9.63412e-01  9.15555e-01  9.63426e-01  0.00000e+00
  -8879.26  6368.4375  1.03760e+00  1.07436e+00  1.03762e+00  0.00000e+00
  -8850.71  6369.0625  1.07336e+00  1.09599e+00  1.07349e+00  0.00000e+00
  -8822.15  6369.6875  1.00441e+00  1.09965e+00  1.00450e+00  0.00000e+00
  -8793.60  6370.3125  8.70177e-01  7.45077e-01  8.70182e-01  0.00000e+00
  -8765.05  6370.9375  8.58795e-01  8.32426e-01  8.58818e-01  0.00000e+00
  -8736.50  6371.5625  9.21621e-01  9.76433e-01  9.21696e-01  0.00000e+00
  -8707.95  6372.1875  9.17188e-01  9.38885e-01  9.17316e-01  0.00000e+00
  -8679.40  6372.8125  8.37385e-01  8.65797e-01  8.37480e-01  0.00000e+00
  -8650.85  6373.4375  7.76610e-01  6.61820e-01  7.76696e-01  0.00000e+00
  -8622.30  6374.0625  8.85221e-01  8.22921e-01  8.85391e-01  0.00000e+00
  -8593.75  6374.6875  1.07031e+00  1.19243e+00  1.07053e+00  0.00000e+00
  -8565.20  6375.3125  1.11085e+00  1.15080e+00  1.11099e+00  0.00000e+00
  -8536.64  6375.9375  1.04410e+00  1.01124e+00  1.04411e+00  0.00000e+00
  -8508.09  6376.5625  9.64165e-01  1.01182e+00  9.64126e-01  0.00000e+00
  -8479.54  6377.1875  8.49249e-01  8.37946e-01  8.49240e-01  0.00000e+00
  -8450.99  6377.8125  7.76665e-01  6.87007e-01  7.76694e-01  0.00000e+00
  -8422.44  6378.4375  8.32231e-01  8.20823e-01  8.32360e-01  0.00000e+00
  -8393.89  6379.0625  8.93097e-01  1.00342e+00  8.93167e-01  0.00000e+00
  -8365.34  6379.6875  8.56034e-01  7.90401e-01  8.56115e-01  0.00000e+00
  -8336.79  6380.3125  8.40699e-01  8.43388e-01  8.40847e-01  0.00000e+00
  -8308.24  6380.9375  8.96011e-01  8.26720e-01  8.96131e-01  0.00000e+00
  -8279.69  6381.5625  9.67903e-01  1.09421e+00  9.67972e-01  0.00000e+00
  -8251.13  6382.1875  9.20168e-01  9.13521e-01  9.20266e-01  0.00000e+00
  -8222.58  6382.8125  8.66105e-01  7.68296e-01  8.66199e-01  0.00000e+00
  -8194.03  6383.4375  9.35972e-01  9.44084e-01  9.36105e-01  0.00000e+00
  -8165.48  6384.0625  1.02870e+00  1.07364e+00  1.02880e+00  0.00000e+00
  -8136.93  6384.6875  1.07029e+00  1.04550e+00  1.07020e+00  0.00000e+00
  -8108.38  6385.3125  1.04691e+00  1.17128e+00  1.04671e+00  0.00000e+00
  -8079.83  6385.9375  9.66326e-01  8.07984e-01  9.66148e-01  0.00000e+00
  -8051.28  6386.5625  1.00732e+00  1.03334e+00  1.00718e+00  0.00000e+00
  -8022.73  6387.1875  1.10545e+00  1.09810e+00  1.10543e+00  0.00000e+00
  -7994.17  6387.8125  1.12134e+00  1.25927e+00  1.12156e+00  0.00000e+00
  -7965.62  6388.4375  9.96883e-01  9.31313e-01  9.97188e-01  0.00000e+00
  -7937.07  6389.0625  8.92052e-01  8.67714e-01  8.92190e-01  0.00000e+00
  -7908.52  6389.6875  8.71239e-01  8.46687e-01  8.71251e-01  0.00000e+00
  -7879.97  6390.3125  9.19046e-01  8.84017e-01  9.19042e-01  0.00000e+00
  -7851.42  6390.9375  9.82613e-01  1.06105e+00  9.82679e-01  0.00000e+00
  -7822.87  6391.5625  9.81389e-01  9.50087e-01  9.81472e-01  0.00000e+00
  -7794.32  6392.1875  9.53868e-01  9.88488e-01  9.53841e-01  0.00000e+00
  -7765.77  6392.8125  8.94931e-01  9.03880e-01  8.94837e-01  0.00000e+00
  -7737.22  6393.4375  8.71164e-01  7.57033e-01  8.71046e-01  0.00000e+00
  -7708.66  6394.0625  9.52790e-01  1.02168e+00  9.52712e-01  0.00000e+00
  -7680.11  6394.6875  1.03059e+00  9.93103e-01  1.03058e+00  0.00000e+00
  -7651.56  6395.3125  1.05517e+00  1.16528e+00  1.05513e+00  0.00000e+00
  -7623.01  6395.9375  9.89395e-01  9.33075e-01  9.89358e-01  0.00000e+00
  -7594.46  6396.5625  9.72811e-01  9.06551e-01  9.72799e-01  0.00000e+00
  -7565.91  6397.1875  1.05027e+00  1.08389e+00  1.05032e+00  0.00000e+00
  -7537.36  6397.8125  1.05332e+00  1.18140e+00  1.05334e+00  0.00000e+00
  -7508.81  6398.4375  9.76448e-01  7.94579e-01  9.76494e-01  0.00000e+00
  -7480.26  6399.0625  1.03953e+00  1.07371e+00  1.03961e+00  0.00000e+00
  -7451.71  6399.6875  1.10551e+00  1.20181e+00  1.10559e+00  0.00000e+00
  -7423.15  6400.3125  1.04177e+00  1.02036e+00  1.04180e+00  0.00000e+00
  -7394.60  6400.9375  9.64585e-01  9.41704e-01  9.64467e-01  0.00000e+00
  -7366.05  6401.5625  9.86756e-01  8.77145e-01  9.86549e-01  0.00000e+00
  -7337.50  6402.1875  1.03298e+00  1.26443e+00  1.03273e+00  0.00000e+00
  -7308.95  6402.8125  9.03919e-01  7.96207e-01  9.03707e-01  0.00000e+00
  -7280.40  6403.4375  8.09300e-01  7.67991e-01  8.09299e-01  0.00000e+00
  -7251.85  6404.0625  8.71555e-01  7.96142e-01  8.71606e-01  0.00000e+00
  -7223.30  6404.6875  1.02384e+00  1.08364e+00  1.02379e+00  0.00000e+00
  -7194.75  6405.3125  1.08539e+00  1.18536e+00  1.08529e+00  0.00000e+00
  -7166.19  6405.9375  1.03970e+00  9.43852e-01  1.03966e+00  0.00000e+00
  -7137.64  6406.5625  1.08568e+00  1.03439e+00  1.08571e+00  0.00000e+00
  -7109.09  6407.1875  1.17217e+00  1.31208e+00  1.17212e+00  0.00000e+00
  -7080.54  6407.8125  1.14326e+00  1.08362e+00  1.14299e+00  0.00000e+00
  -7051.99  6408.4375  1.12203e+00  1.10092e+00  1.12171e+00  0.00000e+00
  -7023.44  6409.0625  1.13639e+00  1.17590e+00  1.13627e+00  0.00000e+00
  -6994.89  6409.6875  1.10497e+00  1.11509e+00  1.10503e+00  0.00000e+00
  -6966.34  6410.3125  1.00561e+00  1.06093e+00  1.00576e+00  0.00000e+00
  -6937.79  6410.9375  8.79149e-01  7.93590e-01  8.79279e-01  0.00000e+00
  -6909.24  6411.5625  8.65473e-01  8.04651e-01  8.65582e-01  0.00000e+00
  -6880.68  6412.1875  9.06424e-01  1.03899e+00  9.06529e-01  0.00000e+00
  -6852.13  6412.8125  8.82685e-01  7.64887e-01  8.82850e-01  0.00000e+00
  -6823.58  6413.4375  9.50632e-01  9.24732e-01  9.50795e-01  0.00000e+00
  -6795.03  6414.0625  1.07397e+00  1.15218e+00  1.07408e+00  0.00000e+00
  -6766.48  6414.6875  1.12379e+00  1.09751e+00  1.12391e+00  0.00000e+00
  -6737.93  6415.3125  1.08218e+00  1.22216e+00  1.08230e+00  0.00000e+00
  -6709.38  6415.9375  9.61144e-01  8.01548e-01  9.61108e-01  0.00000e+00
  -6680.83  6416.5625  9.25726e-01  1.00407e+00  9.25594e-01  0.00000e+00
  -6652.28  6417.1875  9.42982e-01  8.28185e-01  9.42875e-01  0.00000e+00
  -6623.73  6417.8125  9.95597e-01  1.12903e+00  9.95598e-01  0.00000e+00
  -6595.17  6418.4375  1.02617e+00  8.73345e-01  1.02615e+00  0.00000e+00
  -6566.62  6419.0625  1.11915e+00  1.22514e+00  1.11907e+00  0.00000e+00
  -6538.07  6419.6875  1.15216e+00  1.16125e+00  1.15205e+00  0.00000e+00
  -6509.52  6420.3125  1.09974e+00  1.12789e+00  1.09959e+00  0.00000e+00
  -6480.97  6420.9375  1.05230e+00  9.65388e-01  1.05219e+00  0.00000e+00
  -6452.42  6421.5625  1.08306e+00  1.11419e+00  1.08316e+00  0.00000e+00
  -6423.87  6422.1875  1.09584e+00  1.14663e+00  1.09591e+00  0.00000e+00
  -6395.32  6422.8125  1.06741e+00  9.93134e-01  1.06743e+00  0.00000e+00
  -6366.77  6423.4375  1.06350e+00  1.13642e+00  1.06346e+00  0.00000e+00
  -6338.21  6424.0625  1.03468e+00  9.85825e-01  1.03459e+00  0.00000e+00
  -6309.66  6424.6875  1.01680e+00  1.03828e+00  1.01668e+00  0.00000e+00
  -6281.11  6425.3125  1.01122e+00  9.91571e-01  1.01118e+00  0.00000e+00
  -6252.56  6425.9375  1.05706e+00  9.96926e-01  1.05708e+00  0.00000e+00
  -6224.01  6426.5625  1.18386e+00  1.19399e+00  1.18396e+00  0.00000e+00
  -6195.46  6427.1875  1.25736e+00  1.38670e+00  1.25755e+00  0.00000e+00
  -6166.91  6427.8125  1.18853e+00  1.13573e+00  1.18867e+00  0.00000e+00
  -6138.36  6428.4375  1.14332e+00  1.07924e+00  1.14348e+00  0.00000e+00
  -6109.81  6429.0625  1.09925e+00  1.29557e+00  1.09935e+00  0.00000e+00
  -6081.26  6429.6875  9.66399e-01  7.51070e-01  9.66376e-01  0.00000e+00
  -6052.70  6430.3125  1.02242e+00  9.81289e-01  1.02232e+00  0.00000e+00
  -6024.15  6430.9375  1.14771e+00  1.33554e+00  1.14758e+00  0.00000e+00
  -5995.60  6431.5625  1.12371e+00  1.00364e+00  1.12358e+00  0.00000e+00
  -5967.05  6432.1875  1.09056e+00  1.19367e+00  1.09047e+00  0.00000e+00
  -5938.50  6432.8125  1.09251e+00  9.08864e-01  1.09247e+00  0.00000e+00
  -5909.95  6433.4375  1.17908e+00  1.34780e+00  1.17906e+00  0.00000e+00
  -5881.40  6434.0625  1.15345e+00  1.14685e+00  1.15343e+00  0.00000e+00
  -5852.85  6434.6875  1.06576e+00  1.02573e+00  1.06574e+00  0.00000e+00
  -5824.30  6435.3125  1.04716e+00  1.01672e+00  1.04716e+00  0.00000e+00
  -5795.75  6435.9375  1.07305e+00  1.10548e+00  1.07313e+00  0.00000e+00
  -5767.19  6436.5625  1.05360e+00  1.09266e+00  1.05378e+00  0.00000e+00
  -5738.64  6437.1875  1.00208e+00  9.39902e-01  1.00223e+00  0.00000e+00
  -5710.09  6437.8125  1.02604e+00  9.94629e-01  1.02609e+00  0.00000e+00
  -5681.54  6438.4375  1.09712e+00  1.15036e+00  1.09718e+00  0.00000e+00
  -5652.99  6439.0625  1.13140e+00  1.10651e+00  1.13140e+00  0.00000e+00
  -5624.44  6439.6875  1.13814e+00  1.19230e+00  1.13816e+00  0.00000e+00
  -5595.89  6440.3125  1.14327e+00  1.04220e+00  1.14328e+00  0.00000e+00
  -5567.34  6440.9375  1.17801e+00  1.29991e+00  1.17803e+00  0.00000e+00
  -5538.79  6441.5625  1.12017e+00  1.10220e+00  1.12031e+00  0.00000e+00
  -5510.24  6442.1875  1.01633e+00  1.01925e+00  1.01654e+00  0.00000e+00
  -5481.68  6442.8125  9.62027e-01  8.86404e-01  9.62210e-01  0.00000e+00
  -5453.13  6443.4375  1.01371e+00  9.97301e-01  1.01377e+00  0.00000e+00
  -5424.58  6444.0625  1.06477e+00  1.18255e+00  1.06481e+00  0.00000e+00
  -5396.03  6444.6875  1.02407e+00  9.31372e-01  1.02409e+00  0.00000e+00
  -5367.48  6445.3125  9.87734e-01  1.07537e+00  9.87721e-01  0.00000e+00
  -5338.93  6445.9375  9.72517e-01  8.26632e-01  9.72456e-01  0.00000e+00
  -5310.38  6446.5625  1.05142e+00  1.13691e+00  1.05137e+00  0.00000e+00
  -5281.83  6447.1875  1.11619e+00  1.08681e+00  1.11621e+00  0.00000e+00
  -5253.28  6447.8125  1.11439e+00  1.21354e+00  1.11448e+00  0.00000e+00
  -5224.72  6448.4375  1.02124e+00  9.78787e-01  1.02136e+00  0.00000e+00
  -5196.17  6449.0625  9.40259e-01  9.19613e-01  9.40367e-01  0.00000e+00
  -5167.62  6449.6875  9.44160e-01  8.84909e-01  9.44224e-01  0.00000e+00
  -5139.07  6450.3125  1.01848e+00  1.05484e+00  1.01852e+00  0.00000e+00
  -5110.52  6450.9375  1.06744e+00  1.08984e+00  1.06749e+00  0.00000e+00
  -5081.97  6451.5625  1.06727e+00  1.06303e+00  1.06742e+00  0.00000e+00
  -5053.42  6452.1875  1.03141e+00  1.07766e+00  1.03163e+00  0.00000e+00
  -5024.87  6452.8125  9.67944e-01  9.16430e-01  9.68122e-01  0.00000e+00
  -4996.32  6453.4375  9.61890e-01  9.33617e-01  9.61988e-01  0.00000e+00
  -4967.77  6454.0625  1.00552e+00  1.03062e+00  1.00558e+00  0.00000e+00
  -4939.21  6454.6875  9.87466e-01  1.06621e+00  9.87595e-01  0.00000e+00
  -4910.66  6455.3125  8.73958e-01  8.42174e-01  8.74139e-01  0.00000e+00
  -4882.11  6455.9375  8.38772e-01  6.94935e-01  8.38860e-01  0.00000e+00
  -4853.56  6456.5625  9.55268e-01  1.04543e+00  9.55283e-01  0.00000e+00
  -4825.01  6457.1875  1.00267e+00  1.07005e+00  1.00266e+00  0.00000e+00
  -4796.46  6457.8125  9.76705e-01  8.64879e-01  9.76787e-01  0.00000e+00
  -4767.91  6458.4375  1.02845e+00  1.06889e+00  1.02868e+00  0.00000e+00
  -4739.36  6459.0625  1.04615e+00  1.12841e+00  1.04640e+00  0.00000e+00
  -4710.81  6459.6875  1.00314e+00  8.84927e-01  1.00330e+00  0.00000e+00
  -4682.26  6460.3125  1.03084e+00  1.08891e+00  1.03088e+00  0.00000e+00
  -4653.70  6460.9375  1.04045e+00  1.05493e+00  1.04060e+00  0.00000e+00
  -4625.15  6461.5625  9.84242e-01  1.01171e+00  9.84557e-01  0.00000e+00
  -4596.60  6462.1875  9.11585e-01  8.63151e-01  9.11726e-01  0.00000e+00
  -4568.05  6462.8125  9.14968e-01  8.64811e-01  9.14954e-01  0.00000e+00
  -4539.50  6463.4375  9.72862e-01  1.03892e+00  9.72881e-01  0.00000e+00
  -4510.95  6464.0625  9.60667e-01  9.85663e-01  9.60767e-01  0.00000e+00
  -4482.40  6464.6875  8.98723e-01  8.61737e-01  8.98869e-01  0.00000e+00
  -4453.85  6465.3125  8.69941e-01  8.72095e-01  8.70064e-01  0.00000e+00
  -4425.30  6465.9375  8.94692e-01  8.28818e-01  8.94802e-01  5.06909e-09
  -4396.74  6466.5625  9.16409e-01  1.07335e+00  9.16575e-01  4.89797e-07
  -4368.19  6467.1875  8.54373e-01  7.15911e-01  8.54514e-01  1.29697e-05
  -4339.64  6467.8125  9.12839e-01  8.60228e-01  9.12783e-01  9.70233e-05
  -4311.09  6468.4375  1.05895e+00  1.15886e+00  1.05881e+00  2.23593e-04
  -4282.54  6469.0625  1.09456e+00  1.11792e+00  1.09460e+00  1.88458e-04
  -4253.99  6469.6875  1.05227e+00  1.03658e+00  1.05235e+00  7.17930e-05
  -4225.44  6470.3125  1.06084e+00  9.75722e-01  1.06075e+00  6.32757e-05
  -4196.89  6470.9375  1.11233e+00  1.24367e+00  1.11219e+00  1.06906e-04
  -4168.34  6471.5625  1.04254e+00  1.04109e+00  1.04247e+00  5.55467e-05
  -4139.79  6472.1875  9.21989e-01  8.86048e-01  9.21941e-01  7.85213e-06
  -4111.23  6472.8125  8.90995e-01  8.15251e-01  8.90967e-01  3.01236e-07
  -4082.68  6473.4375  9.71386e-01  9.93786e-01  9.71383e-01  3.13613e-09
  -4054.13  6474.0625  1.09693e+00  1.04792e+00  1.09702e+00  0.00000e+00
  -4025.58  6474.6875  1.23726e+00  1.29797e+00  1.23743e+00  0.00000e+00
  -3997.03  6475.3125  1.28293e+00  1.35711e+00  1.28307e+00  0.00000e+00
  -3968.48  6475.9375  1.23336e+00  1.16279e+00  1.23340e+00  0.00000e+00
  -3939.93  6476.5625  1.16376e+00  1.27795e+00  1.16372e+00  0.00000e+00
  -3911.38  6477.1875  1.02499e+00  9.56457e-01  1.02494e+00  0.00000e+00
  -3882.83  6477.8125  9.36686e-01  8.97644e-01  9.36721e-01  4.52614e-09
  -3854.28  6478.4375  9.74429e-01  9.11814e-01  9.74381e-01  4.38435e-07
  -3825.72  6479.0625  1.08089e+00  1.14341e+00  1.08076e+00  1.16877e-05
  -3797.17  6479.6875  1.09915e+00  1.18172e+00  1.09904e+00  8.95299e-05
  -3768.62  6480.3125  1.07453e+00  8.93321e-01  1.07435e+00  2.22878e-04
  -3740.07  6480.9375  1.12289e+00  1.32083e+00  1.12275e+00  2.32222e-04
  -3711.52  6481.5625  1.07880e+00  9.72464e-01  1.07861e+00  1.35902e-04
  -3682.97  6482.1875  1.05787e+00  1.06477e+00  1.05759e+00  1.03397e-04
  -3654.42  6482.8125  1.07622e+00  1.09150e+00  1.07598e+00  1.93188e-04
  -3625.87  6483.4375  1.07777e+00  1.07371e+00  1.07752e+00  2.68902e-04
  -3597.32  6484.0625  1.09381e+00  1.05726e+00  1.09351e+00  2.32586e-04
  -3568.76  6484.6875  1.10455e+00  1.20183e+00  1.10431e+00  9.63871e-05
  -3540.21  6485.3125  1.06429e+00  9.72013e-01  1.06416e+00  4.67202e-05
  -3511.66  6485.9375  1.09491e+00  1.08267e+00  1.09489e+00  6.80722e-05
  -3483.11  6486.5625  1.15656e+00  1.21734e+00  1.15646e+00  5.01992e-05
  -3454.56  6487.1875  1.12519e+00  1.16265e+00  1.12488e+00  1.02588e-04
  -3426.01  6487.8125  1.02432e+00  1.00510e+00  1.02392e+00  1.96597e-04
  -3397.46  6488.4375  1.01180e+00  8.55773e-01  1.01149e+00  2.14100e-04
  -3368.91  6489.0625  1.09281e+00  1.30800e+00  1.09264e+00  3.06974e-04
  -3340.36  6489.6875  1.06985e+00  9.17572e-01  1.06960e+00  4.27190e-04
  -3311.81  6490.3125  1.04415e+00  1.17953e+00  1.04357e+00  7.18035e-04
  -3283.25  6490.9375  9.62504e-01  9.02349e-01  9.61635e-01  9.21380e-04
  -3254.70  6491.5625  9.34690e-01  8.45488e-01  9.33772e-01  8.85583e-04
  -3226.15  6492.1875  9.88955e-01  1.10517e+00  9.88061e-01  8.32003e-04
  -3197.60  6492.8125  9.76528e-01  9.23040e-01  9.75903e-01  4.80221e-04
  -3169.05  6493.4375  9.55798e-01  9.72407e-01  9.55351e-01  3.57126e-04
  -3140.50  6494.0625  9.16431e-01  9.64317e-01  9.15896e-01  5.38121e-04
  -3111.95  6494.6875  8.78311e-01  7.55180e-01  8.77576e-01  7.12112e-04
  -3083.40  6495.3125  9.40867e-01  9.92286e-01  9.40059e-01  7.04121e-04
  -3054.85  6495.9375  9.63008e-01  1.04217e+00  9.62139e-01  9.09115e-04
  -3026.30  6496.5625  9.13139e-01  8.15436e-01  9.12396e-01  9.17299e-04
  -2997.74  6497.1875  9.67505e-01  9.25005e-01  9.66989e-01  7.00296e-04
  -2969.19  6497.8125  1.09258e+00  1.15962e+00  1.09197e+00  8.10914e-04
  -2940.64  6498.4375  1.11875e+00  1.18453e+00  1.11747e+00  1.50198e-03
  -2912.09  6499.0625  1.04701e+00  1.00097e+00  1.04529e+00  1.92573e-03
  -2883.54  6499.6875  1.01762e+00  9.76001e-01  1.01627e+00  1.62286e-03
  -2854.99  6500.3125  1.02777e+00  1.09658e+00  1.02678e+00  1.21607e-03
  -2826.44  6500.9375  9.77157e-01  9.76492e-01  9.75997e-01  1.20887e-03
  -2797.89  6501.5625  9.49631e-01  8.39744e-01  9.48275e-01  1.27633e-03
  -2769.34  6502.1875  9.96609e-01  1.11539e+00  9.94935e-01  1.54268e-03
  -2740.78  6502.8125  9.85778e-01  9.30044e-01  9.84005e-01  1.81629e-03
  -2712.23  6503.4375  9.78788e-01  9.79596e-01  9.76973e-01  2.01540e-03
  -2683.68  6504.0625  9.75209e-01  1.01922e+00  9.73142e-01  2.24025e-03
  -2655.13  6504.6875  9.42995e-01  8.96888e-01  9.40605e-01  2.66613e-03
  -2626.58  6505.3125  9.52688e-01  9.38604e-01  9.50132e-01  2.96911e-03
  -2598.03  6505.9375  9.83447e-01  1.02385e+00  9.80796e-01  3.08888e-03
  -2569.48  6506.5625  9.72250e-01  9.67768e-01  9.69379e-01  3.24600e-03
  -2540.93  6507.1875  9.29039e-01  9.53729e-01  9.26038e-01  3.34666e-03
  -2512.38  6507.8125  8.73353e-01  8.40008e-01  8.70219e-01  3.52825e-03
  -2483.83  6508.4375  8.34694e-01  8.61930e-01  8.31670e-01  3.35031e-03
  -2455.27  6509.0625  8.45593e-01  7.32596e-01  8.42461e-01  3.46125e-03
  -2426.72  6509.6875  9.52404e-01  1.01718e+00  9.48969e-01  3.94701e-03
  -2398.17  6510.3125  1.03084e+00  1.04280e+00  1.02749e+00  3.93142e-03
  -2369.62  6510.9375  1.01822e+00  1.08537e+00  1.01477e+00  3.92916e-03
  -2341.07  6511.5625  9.30431e-01  8.91099e-01  9.26582e-01  4.36501e-03
  -2312.52  6512.1875  8.63856e-01  8.51889e-01  8.59712e-01  4.79878e-03
  -2283.97  6512.8125  8.76515e-01  8.05225e-01  8.72400e-01  4.86829e-03
  -2255.42  6513.4375  9.60165e-01  1.01398e+00  9.55489e-01  5.39271e-03
  -2226.87  6514.0625  1.00958e+00  1.01783e+00  1.00342e+00  6.97316e-03
  -2198.32  6514.6875  1.00225e+00  1.02915e+00  9.95891e-01  7.14613e-03
  -2169.76  6515.3125  9.71354e-01  9.40299e-01  9.64758e-01  7.37650e-03
  -2141.21  6515.9375  9.70511e-01  9.60180e-01  9.62328e-01  9.25045e-03
  -2112.66  6516.5625  9.84207e-01  1.01662e+00  9.73977e-01  1.17393e-02
  -2084.11  6517.1875  1.00382e+00  9.32104e-01  9.93017e-01  1.23905e-02
  -2055.56  6517.8125  1.06522e+00  1.11987e+00  1.05560e+00  1.10399e-02
  -2027.01  6518.4375  1.06779e+00  1.11291e+00  1.05817e+00  1.11296e-02
  -1998.46  6519.0625  9.72551e-01  9.91673e-01  9.61024e-01  1.33476e-02
  -1969.91  6519.6875  9.08295e-01  7.63466e-01  8.95616e-01  1.46522e-02
  -1941.36  6520.3125  9.85260e-01  1.04962e+00  9.72946e-01  1.42371e-02
  -1912.80  6520.9375  1.06040e+00  1.06538e+00  1.04719e+00  1.53237e-02
  -1884.25  6521.5625  1.08867e+00  1.09749e+00  1.07353e+00  1.74941e-02
  -1855.70  6522.1875  1.09215e+00  1.10646e+00  1.07563e+00  1.89686e-02
  -1827.15  6522.8125  1.08791e+00  1.05767e+00  1.07060e+00  1.98638e-02
  -1798.60  6523.4375  1.09100e+00  1.13545e+00  1.07284e+00  2.06852e-02
  -1770.05  6524.0625  1.10051e+00  1.01673e+00  1.08091e+00  2.20372e-02
  -1741.50  6524.6875  1.14447e+00  1.23269e+00  1.12133e+00  2.61626e-02
  -1712.95  6525.3125  1.16088e+00  1.09429e+00  1.13598e+00  2.84343e-02
  -1684.40  6525.9375  1.21497e+00  1.20923e+00  1.19011e+00  2.83872e-02
  -1655.85  6526.5625  1.24611e+00  1.36314e+00  1.21890e+00  3.09712e-02
  -1627.29  6527.1875  1.18687e+00  1.09029e+00  1.15672e+00  3.44846e-02
  -1598.74  6527.8125  1.19597e+00  1.16753e+00  1.16206e+00  3.89487e-02
  -1570.19  6528.4375  1.18496e+00  1.38228e+00  1.14926e+00  4.09276e-02
  -1541.64  6529.0625  1.05278e+00  8.47470e-01  1.01731e+00  4.06278e-02
  -1513.09  6529.6875  1.02987e+00  1.11259e+00  9.93506e-01  4.16682e-02
  -1484.54  6530.3125  1.08310e+00  9.59613e-01  1.04358e+00  4.52974e-02
  -1455.99  6530.9375  1.14006e+00  1.33810e+00  1.09480e+00  5.18282e-02
  -1427.44  6531.5625  1.05797e+00  9.78743e-01  1.00802e+00  5.70344e-02
  -1398.89  6532.1875  1.05178e+00  8.97889e-01  9.97443e-01  6.20753e-02
  -1370.34  6532.8125  1.16942e+00  1.38189e+00  1.11056e+00  6.74606e-02
  -1341.78  6533.4375  1.20050e+00  1.02700e+00  1.13613e+00  7.38196e-02
  -1313.23  6534.0625  1.25291e+00  1.39503e+00  1.18397e+00  7.90509e-02
  -1284.68  6534.6875  1.21509e+00  1.21227e+00  1.14141e+00  8.44384e-02
  -1256.13  6535.3125  1.10591e+00  1.10556e+00  1.02658e+00  9.07915e-02
  -1227.58  6535.9375  1.07443e+00  9.34594e-01  9.90108e-01  9.65027e-02
  -1199.03  6536.5625  1.15101e+00  1.28354e+00  1.05561e+00  1.09203e-01
  -1170.48  6537.1875  1.15453e+00  1.12127e+00  1.04736e+00  1.22661e-01
  -1141.93  6537.8125  1.11149e+00  1.14095e+00  1.00126e+00  1.26059e-01
  -1113.38  6538.4375  1.09697e+00  1.01009e+00  9.86504e-01  1.26231e-01
  -1084.83  6539.0625  1.16535e+00  1.18705e+00  1.04757e+00  1.34468e-01
  -1056.27  6539.6875  1.19883e+00  1.29874e+00  1.06805e+00  1.49157e-01
  -1027.72  6540.3125  1.14545e+00  1.05153e+00  1.00579e+00  1.59346e-01
   -999.17  6540.9375  1.15718e+00  1.15812e+00  1.00967e+00  1.68577e-01
   -970.62  6541.5625  1.24555e+00  1.19842e+00  1.08607e+00  1.82437e-01
   -942.07  6542.1875  1.31813e+00  1.45514e+00  1.14423e+00  1.98934e-01
   -913.52  6542.8125  1.26675e+00  1.21427e+00  1.07804e+00  2.15892e-01
   -884.97  6543.4375  1.19252e+00  1.21960e+00  9.90494e-01  2.31085e-01
   -856.42  6544.0625  1.20305e+00  1.04673e+00  9.81271e-01  2.53533e-01
   -827.87  6544.6875  1.37070e+00  1.42221e+00  1.12986e+00  2.75240e-01
   -799.31  6545.3125  1.45849e+00  1.63553e+00  1.20492e+00  2.89865e-01
   -770.76  6545.9375  1.33274e+00  1.25360e+00  1.06920e+00  3.01260e-01
   -742.21  6546.5625  1.22033e+00  1.19197e+00  9.46434e-01  3.12954e-01
   -713.66  6547.1875  1.19269e+00  1.18951e+00  9.02898e-01  3.31127e-01
   -685.11  6547.8125  1.22823e+00  1.15819e+00  9.18984e-01  3.53354e-01
   -656.56  6548.4375  1.29691e+00  1.40574e+00  9.62295e-01  3.82301e-01
   -628.01  6549.0625  1.31287e+00  1.22511e+00  9.53181e-01  4.10972e-01
   -599.46  6549.6875  1.33306e+00  1.42263e+00  9.56144e-01  4.30721e-01
   -570.91  6550.3125  1.37371e+00  1.21928e+00  9.79300e-01  4.50700e-01
   -542.36  6550.9375  1.50263e+00  1.60864e+00  1.08724e+00  4.74656e-01
   -513.80  6551.5625  1.54303e+00  1.60890e+00  1.11084e+00  4.93846e-01
   -485.25  6552.1875  1.48282e+00  1.40769e+00  1.04091e+00  5.04949e-01
   -456.70  6552.8125  1.49578e+00  1.46873e+00  1.03619e+00  5.25213e-01
   -428.15  6553.4375  1.58687e+00  1.58582e+00  1.10255e+00  5.53657e-01
   -399.60  6554.0625  1.66079e+00  1.72745e+00  1.15566e+00  5.77536e-01
   -371.05  6554.6875  1.68889e+00  1.61079e+00  1.15789e+00  6.07006e-01
   -342.50  6555.3125  1.68752e+00  1.84912e+00  1.13321e+00  6.33555e-01
   -313.95  6555.9375  1.61037e+00  1.45738e+00  1.04038e+00  6.51476e-01
   -285.40  6556.5625  1.66290e+00  1.61842e+00  1.06408e+00  6.84423e-01
   -256.85  6557.1875  1.74008e+00  1.93712e+00  1.08828e+00  7.44887e-01
   -228.29  6557.8125  1.56919e+00  1.62007e+00  8.57505e-01  8.13271e-01
   -199.74  6558.4375  1.48509e+00  1.04757e+00  5.58403e-01  1.05890e+00
   -171.19  6559.0625  2.07698e+00  1.85249e+00  5.40882e-01  1.75520e+00
   -142.64  6559.6875  3.09811e+00  3.31769e+00  7.64770e-01  2.66606e+00
   -114.09  6560.3125  3.93257e+00  3.99392e+00  9.97488e-01  3.35339e+00
    -85.54  6560.9375  4.42554e+00  4.63968e+00  1.16278e+00  3.72765e+00
    -56.99  6561.5625  4.54427e+00  4.62083e+00  1.12352e+00  3.90826e+00
    -28.44  6562.1875  4.48776e+00  4.39533e+00  1.00016e+00  3.98469e+00
      0.11  6562.8125  4.53512e+00  4.47329e+00  1.01555e+00  4.02123e+00
     28.67  6563.4375  4.63352e+00  4.76459e+00  1.16300e+00  3.96518e+00
     57.22  6564.0625  4.48635e+00  4.67206e+00  1.26759e+00  3.67760e+00
     85.77  6564.6875  4.03676e+00  3.99549e+00  1.21025e+00  3.22960e+00
    114.32  6565.3125  3.49254e+00  3.54711e+00  1.11528e+00  2.71641e+00
    142.87  6565.9375  2.91185e+00  2.89019e+00  1.04338e+00  2.13509e+00
    171.42  6566.5625  2.39687e+00  2.28087e+00  1.02095e+00  1.57219e+00
    199.97  6567.1875  2.01817e+00  2.07546e+00  1.02101e+00  1.13939e+00
    228.52  6567.8125  1.73109e+00  1.57429e+00  9.60601e-01  8.80368e-01
    257.07  6568.4375  1.64796e+00  1.60054e+00  9.75176e-01  7.68684e-01
    285.62  6569.0625  1.66646e+00  1.75849e+00  1.02432e+00  7.33632e-01
    314.18  6569.6875  1.61426e+00  1.58207e+00  9.90568e-01  7.12595e-01
    342.73  6570.3125  1.52922e+00  1.56691e+00  9.27410e-01  6.87683e-01
    371.28  6570.9375  1.44818e+00  1.38972e+00  8.63546e-01  6.68012e-01
    399.83  6571.5625  1.45938e+00  1.39438e+00  8.85618e-01  6.55521e-01
    428.38  6572.1875  1.52316e+00  1.63549e+00  9.64860e-01  6.37894e-01
    456.93  6572.8125  1.47890e+00  1.48116e+00  9.40289e-01  6.15467e-01
    485.48  6573.4375  1.39983e+00  1.34230e+00  8.85168e-01  5.88068e-01
    514.03  6574.0625  1.38519e+00  1.39853e+00  8.92688e-01  5.62737e-01
    542.58  6574.6875  1.39634e+00  1.37677e+00  9.18304e-01  5.46259e-01
    571.13  6575.3125  1.37317e+00  1.46897e+00  9.06189e-01  5.33549e-01
    599.69  6575.9375  1.31026e+00  1.18563e+00  8.59982e-01  5.14244e-01
    628.24  6576.5625  1.36891e+00  1.34083e+00  9.33639e-01  4.97085e-01
    656.79  6577.1875  1.46034e+00  1.59159e+00  1.04693e+00  4.72267e-01
    685.34  6577.8125  1.43894e+00  1.36747e+00  1.05301e+00  4.41042e-01
    713.89  6578.4375  1.38951e+00  1.46128e+00  1.01578e+00  4.27128e-01
    742.44  6579.0625  1.27806e+00  1.29476e+00  9.17164e-01  4.12350e-01
    770.99  6579.6875  1.19156e+00  1.04430e+00  8.47904e-01  3.92667e-01
    799.54  6580.3125  1.26285e+00  1.30321e+00  9.35529e-01  3.73967e-01
    828.09  6580.9375  1.33842e+00  1.38952e+00  1.03042e+00  3.51829e-01
    856.65  6581.5625  1.32985e+00  1.32392e+00  1.03977e+00  3.31420e-01
    885.20  6582.1875  1.30290e+00  1.29406e+00  1.02363e+00  3.19196e-01
    913.75  6582.8125  1.30333e+00  1.27754e+00  1.03135e+00  3.10912e-01
    942.30  6583.4375  1.30898e+00  1.37024e+00  1.05018e+00  2.95791e-01
    970.85  6584.0625  1.28632e+00  1.22013e+00  1.04611e+00  2.74444e-01
    999.40  6584.6875  1.26458e+00  1.34749e+00  1.04087e+00  2.55598e-01
   1027.95  6585.3125  1.16801e+00  1.18025e+00  9.60981e-01  2.36656e-01
   1056.50  6585.9375  1.09919e+00  9.43946e-01  9.04255e-01  2.22772e-01
   1085.05  6586.5625  1.18217e+00  1.25210e+00  9.92450e-01  2.16684e-01
   1113.60  6587.1875  1.22273e+00  1.29995e+00  1.03838e+00  2.10470e-01
   1142.16  6587.8125  1.18811e+00  1.07650e+00  1.01005e+00  2.03270e-01
   1170.71  6588.4375  1.21110e+00  1.28269e+00  1.04271e+00  1.92400e-01
   1199.26  6589.0625  1.22558e+00  1.18500e+00  1.06807e+00  1.80197e-01
   1227.81  6589.6875  1.20217e+00  1.29124e+00  1.05556e+00  1.67880e-01
   1256.36  6590.3125  1.11333e+00  1.06144e+00  9.73587e-01  1.60061e-01
   1284.91  6590.9375  1.04379e+00  1.04261e+00  9.10642e-01  1.52398e-01
   1313.46  6591.5625  1.03508e+00  9.81059e-01  9.10204e-01  1.42876e-01
   1342.01  6592.1875  1.06704e+00  1.12626e+00  9.47555e-01  1.36633e-01
   1370.56  6592.8125  1.08258e+00  1.02902e+00  9.69919e-01  1.28814e-01
   1399.11  6593.4375  1.09025e+00  1.16688e+00  9.85838e-01  1.19239e-01
   1427.67  6594.0625  1.05219e+00  1.01035e+00  9.54539e-01  1.11435e-01
   1456.22  6594.6875  1.03370e+00  1.01624e+00  9.44307e-01  1.02145e-01
   1484.77  6595.3125  1.02685e+00  1.08908e+00  9.41022e-01  9.80860e-02
   1513.32  6595.9375  1.00789e+00  9.08373e-01  9.23793e-01  9.61308e-02
   1541.87  6596.5625  1.04926e+00  1.10280e+00  9.69919e-01  9.08391e-02
   1570.42  6597.1875  1.03828e+00  1.11152e+00  9.63019e-01  8.62042e-02
   1598.97  6597.8125  9.89291e-01  8.35973e-01  9.17863e-01  8.16901e-02
   1627.52  6598.4375  1.02830e+00  1.14940e+00  9.59687e-01  7.84744e-02
   1656.07  6599.0625  1.04641e+00  9.56681e-01  9.81738e-01  7.40937e-02
   1684.63  6599.6875  1.04207e+00  1.17144e+00  9.81604e-01  6.93357e-02
   1713.18  6600.3125  9.94481e-01  8.57806e-01  9.36494e-01  6.64588e-02
   1741.73  6600.9375  9.90318e-01  1.09915e+00  9.33495e-01  6.51771e-02
   1770.28  6601.5625  9.59092e-01  8.90704e-01  9.05552e-01  6.14383e-02
   1798.83  6602.1875  9.33848e-01  9.80738e-01  8.84195e-01  5.68495e-02
   1827.38  6602.8125  9.56051e-01  8.28320e-01  9.07484e-01  5.55952e-02
   1855.93  6603.4375  1.03210e+00  1.18576e+00  9.83381e-01  5.58641e-02
   1884.48  6604.0625  1.02619e+00  9.47603e-01  9.79962e-01  5.29493e-02
   1913.03  6604.6875  1.02008e+00  1.03983e+00  9.76532e-01  4.97917e-02
   1941.58  6605.3125  9.71158e-01  1.08128e+00  9.29680e-01  4.73685e-02
   1970.14  6605.9375  9.03937e-01  6.68443e-01  8.64275e-01  4.52365e-02
   1998.69  6606.5625  9.92345e-01  1.14601e+00  9.55413e-01  4.20736e-02
   2027.24  6607.1875  1.04890e+00  9.88200e-01  1.01540e+00  3.82117e-02
   2055.79  6607.8125  1.04588e+00  1.13722e+00  1.01461e+00  3.57401e-02
   2084.34  6608.4375  9.59029e-01  9.49592e-01  9.27999e-01  3.54693e-02
   2112.89  6609.0625  8.57973e-01  8.19266e-01  8.26932e-01  3.54923e-02
   2141.44  6609.6875  8.57055e-01  7.76597e-01  8.26908e-01  3.44516e-02
   2169.99  6610.3125  9.40336e-01  1.02447e+00  9.11634e-01  3.27673e-02
   2198.54  6610.9375  1.02074e+00  9.13611e-01  9.93937e-01  3.04737e-02
   2227.09  6611.5625  1.09427e+00  1.26418e+00  1.06956e+00  2.80510e-02
   2255.65  6612.1875  1.04157e+00  9.81730e-01  1.01853e+00  2.63176e-02
   2284.20  6612.8125  1.00655e+00  9.42742e-01  9.84773e-01  2.49843e-02
   2312.75  6613.4375  1.05658e+00  1.10515e+00  1.03549e+00  2.41469e-02
   2341.30  6614.0625  1.06090e+00  1.09811e+00  1.03967e+00  2.43215e-02
   2369.85  6614.6875  1.01019e+00  9.80455e-01  9.90060e-01  2.30572e-02
   2398.40  6615.3125  1.04433e+00  9.23425e-01  1.02663e+00  2.01753e-02
   2426.95  6615.9375  1.17657e+00  1.30436e+00  1.16078e+00  1.78955e-02
   2455.50  6616.5625  1.16779e+00  1.24641e+00  1.15189e+00  1.80621e-02
   2484.05  6617.1875  1.03437e+00  9.45278e-01  1.01872e+00  1.78745e-02
   2512.61  6617.8125  9.66510e-01  9.67954e-01  9.51231e-01  1.73439e-02
   2541.16  6618.4375  9.47631e-01  9.54020e-01  9.33650e-01  1.58776e-02
   2569.71  6619.0625  9.68986e-01  8.85732e-01  9.56789e-01  1.39125e-02
   2598.26  6619.6875  1.03112e+00  1.14549e+00  1.01939e+00  1.33497e-02
   2626.81  6620.3125  1.04276e+00  9.51644e-01  1.03111e+00  1.32284e-02
   2655.36  6620.9375  1.04607e+00  1.15150e+00  1.03524e+00  1.23764e-02
   2683.91  6621.5625  9.80984e-01  9.52003e-01  9.70974e-01  1.15129e-02
   2712.46  6622.1875  9.45642e-01  8.52323e-01  9.36021e-01  1.11247e-02
   2741.01  6622.8125  9.70666e-01  1.10824e+00  9.61304e-01  1.08534e-02
   2769.56  6623.4375  9.60611e-01  8.04542e-01  9.51404e-01  1.05948e-02
   2798.12  6624.0625  1.00790e+00  1.12668e+00  9.99475e-01  9.62315e-03
   2826.67  6624.6875  1.02125e+00  9.67065e-01  1.01430e+00  8.03797e-03
   2855.22  6625.3125  1.05803e+00  1.01894e+00  1.05222e+00  6.77027e-03
   2883.77  6625.9375  1.08216e+00  1.24892e+00  1.07624e+00  6.86523e-03
   2912.32  6626.5625  1.04207e+00  8.14718e-01  1.03563e+00  7.34063e-03
   2940.87  6627.1875  1.10583e+00  1.27039e+00  1.09907e+00  7.62609e-03
   2969.42  6627.8125  1.09130e+00  1.07934e+00  1.08455e+00  7.61104e-03
   2997.97  6628.4375  1.03271e+00  9.80596e-01  1.02634e+00  7.12779e-03
   3026.52  6629.0625  1.05610e+00  1.03906e+00  1.05025e+00  6.56303e-03
   3055.07  6629.6875  1.13664e+00  1.12585e+00  1.13119e+00  6.18183e-03
   3083.63  6630.3125  1.16485e+00  1.29984e+00  1.15966e+00  5.95706e-03
   3112.18  6630.9375  1.08345e+00  9.80667e-01  1.07795e+00  6.33471e-03
   3140.73  6631.5625  1.06938e+00  1.04183e+00  1.06386e+00  6.32161e-03
   3169.28  6632.1875  1.07394e+00  1.21241e+00  1.06891e+00  5.66583e-03
   3197.83  6632.8125  1.04796e+00  8.16875e-01  1.04331e+00  5.22088e-03
   3226.38  6633.4375  1.13391e+00  1.32339e+00  1.12895e+00  5.65294e-03
   3254.93  6634.0625  1.13594e+00  1.08058e+00  1.13104e+00  5.66611e-03
   3283.48  6634.6875  1.09501e+00  1.10788e+00  1.09084e+00  4.95169e-03
   3312.03  6635.3125  1.04095e+00  1.08717e+00  1.03745e+00  4.26365e-03
   3340.58  6635.9375  1.01339e+00  8.56476e-01  1.00995e+00  4.06995e-03
   3369.14  6636.5625  1.13094e+00  1.18400e+00  1.12747e+00  3.92900e-03
   3397.69  6637.1875  1.20583e+00  1.31488e+00  1.20222e+00  4.10825e-03
   3426.24  6637.8125  1.12388e+00  1.10158e+00  1.12069e+00  3.74374e-03
   3454.79  6638.4375  1.04247e+00  9.75835e-01  1.03974e+00  3.30172e-03
   3483.34  6639.0625  1.03931e+00  1.07794e+00  1.03719e+00  2.71003e-03
   3511.89  6639.6875  1.06443e+00  9.94063e-01  1.06287e+00  1.98939e-03
   3540.44  6640.3125  1.08637e+00  1.21432e+00  1.08490e+00  1.64455e-03
   3568.99  6640.9375  1.01628e+00  9.55967e-01  1.01449e+00  1.86985e-03
   3597.54  6641.5625  9.66039e-01  9.40616e-01  9.63896e-01  2.34076e-03
   3626.10  6642.1875  9.67223e-01  9.91789e-01  9.65604e-01  1.85672e-03
   3654.65  6642.8125  9.56755e-01  9.52419e-01  9.55275e-01  1.70809e-03
   3683.20  6643.4375  9.49343e-01  9.27247e-01  9.47898e-01  1.74876e-03
   3711.75  6644.0625  9.45670e-01  9.96884e-01  9.44381e-01  1.63482e-03
   3740.30  6644.6875  9.46799e-01  8.43745e-01  9.45425e-01  1.72118e-03
   3768.85  6645.3125  1.00697e+00  1.09190e+00  1.00546e+00  1.84024e-03
   3797.40  6645.9375  1.06450e+00  9.72403e-01  1.06292e+00  1.89106e-03
   3825.95  6646.5625  1.09270e+00  1.27073e+00  1.09132e+00  1.63130e-03
   3854.50  6647.1875  1.00406e+00  8.88646e-01  1.00284e+00  1.28507e-03
   3883.05  6647.8125  9.28677e-01  9.90981e-01  9.27372e-01  1.28429e-03
   3911.61  6648.4375  8.78142e-01  8.12092e-01  8.76906e-01  1.25763e-03
   3940.16  6649.0625  9.37857e-01  8.33851e-01  9.36853e-01  1.09975e-03
   3968.71  6649.6875  1.04424e+00  1.26459e+00  1.04344e+00  8.34874e-04
   3997.26  6650.3125  9.89661e-01  8.75909e-01  9.89154e-01  5.07182e-04
   4025.81  6650.9375  9.39658e-01  9.71706e-01  9.39192e-01  4.31029e-04
   4054.36  6651.5625  9.53625e-01  8.75443e-01  9.52982e-01  6.53863e-04
   4082.91  6652.1875  1.01002e+00  1.08576e+00  1.00940e+00  7.56013e-04
   4111.46  6652.8125  9.96305e-01  1.01997e+00  9.95465e-01  1.07147e-03
   4140.01  6653.4375  8.98684e-01  9.17254e-01  8.97531e-01  1.35516e-03
   4168.56  6654.0625  8.05943e-01  7.31292e-01  8.04833e-01  1.18561e-03
   4197.12  6654.6875  8.21560e-01  7.84147e-01  8.20824e-01  7.13254e-04
   4225.67  6655.3125  8.87972e-01  9.57857e-01  8.87528e-01  4.53666e-04
   4254.22  6655.9375  8.69356e-01  9.05054e-01  8.68959e-01  5.80705e-04
   4282.77  6656.5625  8.43375e-01  7.02819e-01  8.42867e-01  6.97329e-04
   4311.32  6657.1875  9.21221e-01  1.02586e+00  9.20674e-01  6.21423e-04
   4339.87  6657.8125  9.99274e-01  8.97970e-01  9.98699e-01  5.17556e-04
   4368.42  6658.4375  1.05298e+00  1.22613e+00  1.05234e+00  5.45929e-04
   4396.97  6659.0625  1.01094e+00  8.79578e-01  1.01043e+00  4.74134e-04
   4425.52  6659.6875  1.00710e+00  1.06847e+00  1.00672e+00  4.55979e-04
   4454.08  6660.3125  1.01933e+00  9.75136e-01  1.01881e+00  6.79508e-04
   4482.63  6660.9375  1.01930e+00  1.09166e+00  1.01854e+00  8.60882e-04
   4511.18  6661.5625  1.04168e+00  8.83038e-01  1.04111e+00  7.12447e-04
   4539.73  6662.1875  1.18804e+00  1.25455e+00  1.18783e+00  3.49228e-04
   4568.28  6662.8125  1.25017e+00  1.40241e+00  1.25011e+00  1.59193e-04
   4596.83  6663.4375  1.13607e+00  1.03643e+00  1.13610e+00  8.94302e-05
   4625.38  6664.0625  1.07640e+00  1.03954e+00  1.07625e+00  2.10991e-04
   4653.93  6664.6875  1.01928e+00  1.19658e+00  1.01890e+00  4.43449e-04
   4682.48  6665.3125  8.52755e-01  6.88384e-01  8.52495e-01  4.01472e-04
   4711.03  6665.9375  8.28025e-01  7.79186e-01  8.27971e-01  2.83828e-04
   4739.59  6666.5625  9.44180e-01  9.69568e-01  9.44143e-01  2.51504e-04
   4768.14  6667.1875  1.01371e+00  1.09715e+00  1.01366e+00  2.59724e-04
   4796.69  6667.8125  9.96205e-01  9.25711e-01  9.96030e-01  3.18781e-04
   4825.24  6668.4375  9.51859e-01  1.07297e+00  9.51534e-01  3.23029e-04
   4853.79  6669.0625  8.64290e-01  7.36330e-01  8.64025e-01  2.32939e-04
   4882.34  6669.6875  8.82237e-01  8.68001e-01  8.82067e-01  1.18571e-04
   4910.89  6670.3125  9.41805e-01  1.02839e+00  9.41523e-01  1.26136e-04
   4939.44  6670.9375  9.32224e-01  8.79692e-01  9.31816e-01  2.25469e-04
   4967.99  6671.5625  9.67409e-01  9.21697e-01  9.67100e-01  2.65372e-04
   4996.54  6672.1875  1.07076e+00  1.10077e+00  1.07063e+00  1.31720e-04
   5025.10  6672.8125  1.10116e+00  1.20955e+00  1.10108e+00  1.02287e-04
   5053.65  6673.4375  1.03260e+00  9.30386e-01  1.03252e+00  1.87026e-04
   5082.20  6674.0625  1.03661e+00  1.02628e+00  1.03651e+00  1.96575e-04
   5110.75  6674.6875  1.05720e+00  1.15398e+00  1.05709e+00  2.04386e-04
   5139.30  6675.3125  1.01032e+00  9.22457e-01  1.01025e+00  1.86290e-04
   5167.85  6675.9375  9.95666e-01  1.03920e+00  9.95623e-01  2.01569e-04
   5196.40  6676.5625  9.75767e-01  9.73473e-01  9.75794e-01  1.07934e-04
   5224.95  6677.1875  9.58787e-01  9.19827e-01  9.58819e-01  3.30228e-05
   5253.50  6677.8125  9.83164e-01  9.98548e-01  9.83194e-01  3.36568e-05
   5282.06  6678.4375  9.89071e-01  1.02412e+00  9.88906e-01  1.76353e-04
   5310.61  6679.0625  9.36930e-01  9.46497e-01  9.36493e-01  3.92850e-04
   5339.16  6679.6875  8.95056e-01  8.17706e-01  8.94677e-01  3.14249e-04
   5367.71  6680.3125  9.13250e-01  9.74702e-01  9.13148e-01  1.13956e-04
   5396.26  6680.9375  9.12294e-01  8.83806e-01  9.12341e-01  1.05091e-04
   5424.81  6681.5625  9.04964e-01  9.28802e-01  9.04855e-01  2.00735e-04
   5453.36  6682.1875  9.51822e-01  8.20524e-01  9.51652e-01  1.45888e-04
   5481.91  6682.8125  1.01221e+00  1.26896e+00  1.01213e+00  5.16947e-05
   5510.46  6683.4375  9.43167e-01  7.17463e-01  9.42982e-01  7.37416e-05
   5539.01  6684.0625  9.76552e-01  1.05409e+00  9.76251e-01  1.40868e-04
   5567.57  6684.6875  1.02214e+00  1.03832e+00  1.02200e+00  1.13651e-04
   5596.12  6685.3125  9.61641e-01  1.04242e+00  9.61588e-01  9.07747e-05
   5624.67  6685.9375  8.51919e-01  7.35250e-01  8.51897e-01  8.43578e-05
   5653.22  6686.5625  8.51708e-01  8.39586e-01  8.51701e-01  1.04843e-04
   5681.77  6687.1875  8.69944e-01  9.88810e-01  8.69863e-01  1.20755e-04
   5710.32  6687.8125  8.48358e-01  6.64831e-01  8.48232e-01  1.48813e-04
   5738.87  6688.4375  9.25674e-01  1.04597e+00  9.25517e-01  7.43516e-05
   5767.42  6689.0625  9.37029e-01  9.63647e-01  9.36823e-01  1.04780e-05
   5795.97  6689.6875  9.01485e-01  8.05911e-01  9.01362e-01  4.02208e-07
   5824.52  6690.3125  9.27870e-01  1.00427e+00  9.27869e-01  3.64915e-08
   5853.08  6690.9375  9.32583e-01  8.95558e-01  9.32576e-01  8.47023e-07
   5881.63  6691.5625  9.50676e-01  9.38333e-01  9.50564e-01  6.42568e-06
   5910.18  6692.1875  9.97184e-01  1.00847e+00  9.97015e-01  2.36498e-05
   5938.73  6692.8125  1.01880e+00  1.04973e+00  1.01864e+00  9.23921e-05
   5967.28  6693.4375  9.95093e-01  9.91758e-01  9.94979e-01  1.67879e-04
   5995.83  6694.0625  9.65107e-01  9.50944e-01  9.65067e-01  1.01200e-04
   6024.38  6694.6875  9.52696e-01  9.57250e-01  9.52600e-01  8.60213e-05
   6052.93  6695.3125  9.47741e-01  9.38225e-01  9.47563e-01  1.31816e-04
   6081.48  6695.9375  9.39926e-01  9.65837e-01  9.39846e-01  1.14929e-04
   6110.04  6696.5625  9.47264e-01  8.72699e-01  9.47191e-01  1.72418e-04
   6138.59  6697.1875  1.01236e+00  1.05178e+00  1.01227e+00  2.46009e-04
   6167.14  6697.8125  1.03010e+00  1.09968e+00  1.03007e+00  1.91438e-04
   6195.69  6698.4375  9.86108e-01  8.95137e-01  9.86053e-01  7.35955e-05
   6224.24  6699.0625  9.73464e-01  1.05150e+00  9.73269e-01  5.20224e-05
   6252.79  6699.6875  9.29335e-01  8.98683e-01  9.29147e-01  8.40960e-05
   6281.34  6700.3125  8.99490e-01  8.69249e-01  8.99416e-01  4.36507e-05
   6309.89  6700.9375  9.14673e-01  9.34748e-01  9.14703e-01  6.18646e-06
   6338.44  6701.5625  9.44122e-01  9.10979e-01  9.44155e-01  6.56594e-07
   6366.99  6702.1875  1.02530e+00  9.88591e-01  1.02527e+00  2.97256e-06
   6395.55  6702.8125  1.10713e+00  1.21751e+00  1.10710e+00  5.70147e-06
   6424.10  6703.4375  1.05772e+00  1.07483e+00  1.05780e+00  2.97010e-06
   6452.65  6704.0625  9.79229e-01  8.82124e-01  9.79471e-01  4.23105e-07
   6481.20  6704.6875  1.02373e+00  1.00728e+00  1.02397e+00  3.26093e-07
   6509.75  6705.3125  1.09973e+00  1.18059e+00  1.09983e+00  8.08036e-06
   6538.30  6705.9375  1.08073e+00  1.08130e+00  1.08074e+00  5.71571e-05
   6566.85  6706.5625  1.01879e+00  1.01041e+00  1.01877e+00  1.09720e-04
   6595.40  6707.1875  9.90287e-01  9.46506e-01  9.90366e-01  5.71571e-05
   6623.95  6707.8125  1.00245e+00  1.04192e+00  1.00249e+00  8.08019e-06
   6652.50  6708.4375  1.00587e+00  9.77419e-01  1.00587e+00  3.09985e-07
   6681.06  6709.0625  1.01951e+00  1.02640e+00  1.01955e+00  3.22722e-09
   6709.61  6709.6875  1.02121e+00  1.05235e+00  1.02119e+00  0.00000e+00
   6738.16  6710.3125  9.89201e-01  9.75548e-01  9.89173e-01  0.00000e+00
   6766.71  6710.9375  1.00470e+00  9.22398e-01  1.00474e+00  0.00000e+00
   6795.26  6711.5625  1.10206e+00  1.15485e+00  1.10210e+00  1.65577e-10
   6823.81  6712.1875  1.13070e+00  1.22001e+00  1.13080e+00  1.59043e-08
   6852.36  6712.8125  1.09862e+00  9.42650e-01  1.09875e+00  4.14566e-07
   6880.91  6713.4375  1.10356e+00  1.30131e+00  1.10356e+00  2.93253e-06
   6909.46  6714.0625  1.02334e+00  8.76733e-01  1.02335e+00  5.62935e-06
   6938.02  6714.6875  9.85763e-01  1.04874e+00  9.85753e-01  2.93253e-06
   6966.57  6715.3125  9.46763e-01  9.47416e-01  9.46730e-01  4.14566e-07
   6995.12  6715.9375  8.93787e-01  8.64162e-01  8.93771e-01  1.59043e-08
   7023.67  6716.5625  9.10416e-01  8.53623e-01  9.10441e-01  1.65577e-10
   7052.22  6717.1875  9.88686e-01  1.04060e+00  9.88760e-01  0.00000e+00
   7080.77  6717.8125  1.02168e+00  1.04292e+00  1.02170e+00  0.00000e+00
   7109.32  6718.4375  1.02397e+00  9.77982e-01  1.02398e+00  0.00000e+00
   7137.87  6719.0625  1.06421e+00  1.07948e+00  1.06434e+00  0.00000e+00
   7166.42  6719.6875  1.11585e+00  1.10469e+00  1.11600e+00  0.00000e+00
   7194.97  6720.3125  1.13482e+00  1.20355e+00  1.13487e+00  0.00000e+00
   7223.53  6720.9375  1.09807e+00  1.04522e+00  1.09807e+00  0.00000e+00
   7252.08  6721.5625  1.05315e+00  1.11778e+00  1.05308e+00  0.00000e+00
   7280.63  6722.1875  9.88216e-01  9.30171e-01  9.88140e-01  0.00000e+00
   7309.18  6722.8125  9.79134e-01  9.48140e-01  9.79090e-01  0.00000e+00
   7337.73  6723.4375  9.93876e-01  1.08257e+00  9.93860e-01  0.00000e+00
   7366.28  6724.0625  9.73005e-01  8.71259e-01  9.72920e-01  0.00000e+00
   7394.83  6724.6875  1.04378e+00  1.03256e+00  1.04364e+00  0.00000e+00
   7423.38  6725.3125  1.20643e+00  1.16296e+00  1.20628e+00  0.00000e+00
   7451.93  6725.9375  1.29309e+00  1.53945e+00  1.29295e+00  0.00000e+00
   7480.48  6726.5625  1.17077e+00  1.01387e+00  1.17068e+00  0.00000e+00
   7509.04  6727.1875  1.07855e+00  1.13224e+00  1.07851e+00  0.00000e+00
   7537.59  6727.8125  1.02816e+00  9.85909e-01  1.02819e+00  0.00000e+00
   7566.14  6728.4375  1.01500e+00  9.98698e-01  1.01506e+00  0.00000e+00
   7594.69  6729.0625  1.01282e+00  1.07310e+00  1.01287e+00  0.00000e+00
   7623.24  6729.6875  9.84752e-01  9.13995e-01  9.84763e-01  0.00000e+00
   7651.79  6730.3125  1.01843e+00  1.01213e+00  1.01835e+00  0.00000e+00
   7680.34  6730.9375  1.08858e+00  1.10570e+00  1.08845e+00  0.00000e+00
   7708.89  6731.5625  1.10348e+00  1.17356e+00  1.10333e+00  0.00000e+00
   7737.44  6732.1875  1.07715e+00  9.66404e-01  1.07701e+00  0.00000e+00
   7765.99  6732.8125  1.07191e+00  1.21093e+00  1.07188e+00  0.00000e+00
   7794.55  6733.4375  9.70397e-01  9.38266e-01  9.70415e-01  0.00000e+00
   7823.10  6734.0625  9.11931e-01  7.71541e-01  9.11856e-01  0.00000e+00
   7851.65  6734.6875  9.74849e-01  1.10949e+00  9.74716e-01  0.00000e+00
   7880.20  6735.3125  9.64675e-01  9.33588e-01  9.64584e-01  0.00000e+00
   7908.75  6735.9375  9.40804e-01  9.03598e-01  9.40727e-01  0.00000e+00
   7937.30  6736.5625  9.69117e-01  9.86768e-01  9.69098e-01  0.00000e+00
   7965.85  6737.1875  9.77155e-01  1.00970e+00  9.77015e-01  0.00000e+00
   7994.40  6737.8125  9.19331e-01  9.42963e-01  9.19111e-01  0.00000e+00
   8022.95  6738.4375  8.41100e-01  7.91123e-01  8.40928e-01  0.00000e+00
   8051.51  6739.0625  8.40681e-01  7.99724e-01  8.40633e-01  0.00000e+00
   8080.06  6739.6875  9.46597e-01  9.04729e-01  9.46539e-01  0.00000e+00
   8108.61  6740.3125  1.06600e+00  1.17580e+00  1.06585e+00  0.00000e+00
   8137.16  6740.9375  1.03456e+00  1.09417e+00  1.03442e+00  0.00000e+00
   8165.71  6741.5625  9.48679e-01  7.92863e-01  9.48571e-01  0.00000e+00
   8194.26  6742.1875  9.65071e-01  1.08118e+00  9.64936e-01  0.00000e+00
   8222.81  6742.8125  9.97611e-01  8.63785e-01  9.97552e-01  0.00000e+00
   8251.36  6743.4375  1.09186e+00  1.17967e+00  1.09190e+00  0.00000e+00
   8279.91  6744.0625  1.16414e+00  1.12486e+00  1.16434e+00  0.00000e+00
   8308.46  6744.6875  1.14626e+00  1.31032e+00  1.14655e+00  0.00000e+00
   8337.02  6745.3125  1.02875e+00  8.60773e-01  1.02895e+00  0.00000e+00
   8365.57  6745.9375  9.81052e-01  1.07712e+00  9.81094e-01  0.00000e+00
   8394.12  6746.5625  9.35130e-01  8.78028e-01  9.35061e-01  0.00000e+00
   8422.67  6747.1875  8.91988e-01  9.27138e-01  8.91904e-01  0.00000e+00
   8451.22  6747.8125  8.40484e-01  8.28297e-01  8.40471e-01  0.00000e+00
   8479.77  6748.4375  7.89480e-01  7.86017e-01  7.89440e-01  0.00000e+00
   8508.32  6749.0625  7.72173e-01  7.32216e-01  7.72238e-01  0.00000e+00
   8536.87  6749.6875  7.90341e-01  8.26769e-01  7.90487e-01  0.00000e+00
   8565.42  6750.3125  8.16508e-01  7.64030e-01  8.16609e-01  0.00000e+00
   8593.97  6750.9375  8.99152e-01  8.86181e-01  8.99278e-01  0.00000e+00
   8622.53  6751.5625  1.01078e+00  1.03687e+00  1.01093e+00  0.00000e+00
   8651.08  6752.1875  1.04616e+00  1.13532e+00  1.04626e+00  0.00000e+00
   8679.63  6752.8125  1.00678e+00  9.10285e-01  1.00686e+00  0.00000e+00
   8708.18  6753.4375  1.05192e+00  1.02522e+00  1.05193e+00  0.00000e+00
   8736.73  6754.0625  1.09522e+00  1.25692e+00  1.09510e+00  0.00000e+00
   8765.28  6754.6875  1.03411e+00  8.82399e-01  1.03414e+00  0.00000e+00
   8793.83  6755.3125  1.06945e+00  1.07898e+00  1.06962e+00  0.00000e+00
   8822.38  6755.9375  1.12632e+00  1.21311e+00  1.12653e+00  0.00000e+00
   8850.93  6756.5625  1.07082e+00  1.06565e+00  1.07104e+00  0.00000e+00
   8879.49  6757.1875  9.86742e-01  9.58124e-01  9.86922e-01  0.00000e+00
   8908.04  6757.8125  9.57478e-01  9.35501e-01  9.57522e-01  0.00000e+00
   8936.59  6758.4375  1.01405e+00  9.39005e-01  1.01397e+00  0.00000e+00
   8965.14  6759.0625  1.06605e+00  1.26810e+00  1.06594e+00  0.00000e+00
   8993.69  6759.6875  9.68019e-01  8.50751e-01  9.67923e-01  0.00000e+00
   9022.24  6760.3125  9.46643e-01  8.77348e-01  9.46590e-01  0.00000e+00
   9050.79  6760.9375  1.04486e+00  1.10276e+00  1.04483e+00  0.00000e+00
   9079.34  6761.5625  1.07570e+00  1.14011e+00  1.07563e+00  0.00000e+00
   9107.89  6762.1875  1.03591e+00  9.54025e-01  1.03591e+00  0.00000e+00
   9136.44  6762.8125  1.04528e+00  1.07864e+00  1.04535e+00  0.00000e+00
   9165.00  6763.4375  1.07533e+00  1.04342e+00  1.07543e+00  0.00000e+00
   9193.55  6764.0625  1.09445e+00  1.15385e+00  1.09449e+00  0.00000e+00
   9222.10  6764.6875  1.05284e+00  1.05278e+00  1.05259e+00  0.00000e+00
   9250.65  6765.3125  9.90988e-01  9.71399e-01  9.90744e-01  0.00000e+00
   9279.20  6765.9375  1.00072e+00  9.19967e-01  1.00065e+00  0.00000e+00
   9307.75  6766.5625  1.09529e+00  1.14966e+00  1.09529e+00  0.00000e+00
   9336.30  6767.1875  1.13475e+00  1.19153e+00  1.13486e+00  0.00000e+00
   9364.85  6767.8125  1.10384e+00  1.03952e+00  1.10404e+00  0.00000e+00
   9393.40  6768.4375  1.07324e+00  1.16162e+00  1.07340e+00  0.00000e+00
   9421.95  6769.0625  1.04077e+00  9.07542e-01  1.04085e+00  0.00000e+00
   9450.51  6769.6875  1.08822e+00  1.15935e+00  1.08825e+00  0.00000e+00
   9479.06  6770.3125  1.07355e+00  1.16034e+00  1.07342e+00  0.00000e+00
   9507.61  6770.9375  1.03653e+00  8.10276e-01  1.03628e+00  0.00000e+00
   9536.16  6771.5625  1.14824e+00  1.30851e+00  1.14808e+00  0.00000e+00
   9564.71  6772.1875  1.16217e+00  1.19010e+00  1.16218e+00  0.00000e+00
   9593.26  6772.8125  1.03587e+00  1.06884e+00  1.03593e+00  0.00000e+00
   9621.81  6773.4375  9.66376e-01  7.59106e-01  9.66439e-01  0.00000e+00
   9650.36  6774.0625  1.09801e+00  1.18080e+00  1.09802e+00  0.00000e+00
   9678.91  6774.6875  1.16277e+00  1.30331e+00  1.16270e+00  0.00000e+00
   9707.47  6775.3125  1.06986e+00  9.45095e-01  1.06978e+00  0.00000e+00
   9736.02  6775.9375  1.01821e+00  1.08321e+00  1.01824e+00  0.00000e+00
   9764.57  6776.5625  1.00394e+00  9.20073e-01  1.00400e+00  0.00000e+00
   9793.12  6777.1875  1.08843e+00  1.04279e+00  1.08833e+00  0.00000e+00
   9821.67  6777.8125  1.18317e+00  1.35359e+00  1.18298e+00  0.00000e+00
   9850.22  6778.4375  1.15393e+00  1.02855e+00  1.15381e+00  0.00000e+00
   9878.77  6779.0625  1.13796e+00  1.22851e+00  1.13791e+00  0.00000e+00
   9907.32  6779.6875  1.12563e+00  1.03522e+00  1.12571e+00  0.00000e+00
   9935.87  6780.3125  1.16159e+00  1.19322e+00  1.16167e+00  0.00000e+00
   9964.42  6780.9375  1.15977e+00  1.24005e+00  1.15976e+00  0.00000e+00
   9992.98  6781.5625  1.07056e+00  1.01673e+00  1.07051e+00  0.00000e+00
  10021.53  6782.1875  1.05492e+00  9.63954e-01  1.05491e+00  0.00000e+00
  10050.08  6782.8125  1.12809e+00  1.23457e+00  1.12819e+00  0.00000e+00
  10078.63  6783.4375  1.14199e+00  1.09317e+00  1.14208e+00  0.00000e+00
  10107.18  6784.0625  1.09453e+00  1.20668e+00  1.09455e+00  0.00000e+00
  10135.73  6784.6875  9.86489e-01  8.82800e-01  9.86436e-01  0.00000e+00
  10164.28  6785.3125  9.56591e-01  9.48207e-01  9.56485e-01  0.00000e+00
  10192.83  6785.9375  1.01173e+00  9.86386e-01  1.01163e+00  0.00000e+00
  10221.38  6786.5625  1.09796e+00  1.11819e+00  1.09777e+00  0.00000e+00
  10249.93  6787.1875  1.18004e+00  1.16195e+00  1.17980e+00  0.00000e+00
  10278.49  6787.8125  1.21470e+00  1.31818e+00  1.21454e+00  0.00000e+00
  10307.04  6788.4375  1.16163e+00  1.08832e+00  1.16145e+00  0.00000e+00
  10335.59  6789.0625  1.07477e+00  1.19832e+00  1.07449e+00  0.00000e+00
  10364.14  6789.6875  9.66709e-01  7.97129e-01  9.66475e-01  0.00000e+00
  10392.69  6790.3125  1.00472e+00  1.01582e+00  1.00456e+00  0.00000e+00
  10421.24  6790.9375  1.09473e+00  1.14061e+00  1.09459e+00  0.00000e+00
  10449.79  6791.5625  1.05576e+00  1.17311e+00  1.05565e+00  0.00000e+00
  10478.34  6792.1875  9.18898e-01  7.77504e-01  9.18866e-01  0.00000e+00
  10506.89  6792.8125  9.16149e-01  8.78028e-01  9.16251e-01  0.00000e+00
  10535.45  6793.4375  9.60632e-01  1.10976e+00  9.60852e-01  0.00000e+00
  10564.00  6794.0625  9.23639e-01  7.76439e-01  9.23856e-01  0.00000e+00
  10592.55  6794.6875  9.91619e-01  9.88857e-01  9.91787e-01  0.00000e+00
  10621.10  6795.3125  1.07939e+00  1.19170e+00  1.07947e+00  0.00000e+00
  10649.65  6795.9375  1.02350e+00  1.02659e+00  1.02356e+00  0.00000e+00
  10678.20  6796.5625  9.25843e-01  8.78393e-01  9.26007e-01  0.00000e+00
  10706.75  6797.1875  9.22726e-01  8.61588e-01  9.22931e-01  0.00000e+00
  10735.30  6797.8125  1.01820e+00  1.03507e+00  1.01836e+00  0.00000e+00
  10763.85  6798.4375  1.09656e+00  1.15083e+00  1.09665e+00  0.00000e+00
  10792.40  6799.0625  1.09398e+00  1.09761e+00  1.09401e+00  0.00000e+00
  10820.96  6799.6875  1.08363e+00  1.02710e+00  1.08364e+00  0.00000e+00
  10849.51  6800.3125  1.09100e+00  1.18981e+00  1.09094e+00  0.00000e+00
  10878.06  6800.9375  1.09442e+00  9.24713e-01  1.09431e+00  0.00000e+00
  10906.61  6801.5625  1.10771e+00  1.38127e+00  1.10759e+00  0.00000e+00
  10935.16  6802.1875  9.87913e-01  7.64276e-01  9.87798e-01  0.00000e+00
  10963.71  6802.8125  9.47177e-01  1.04645e+00  9.47042e-01  0.00000e+00
  10992.26  6803.4375  9.18140e-01  8.87368e-01  9.18023e-01  0.00000e+00
  11020.81  6804.0625  8.67463e-01  8.89684e-01  8.67343e-01  0.00000e+00
  11049.36  6804.6875  8.52820e-01  7.62914e-01  8.52683e-01  0.00000e+00
  11077.91  6805.3125  8.82480e-01  9.92653e-01  8.82402e-01  0.00000e+00
  11106.47  6805.9375  8.77339e-01  7.77359e-01  8.77336e-01  0.00000e+00
  11135.02  6806.5625  8.98393e-01  9.67777e-01  8.98357e-01  0.00000e+00
  11163.57  6807.1875  8.66375e-01  8.99627e-01  8.66272e-01  0.00000e+00
  11192.12  6807.8125  8.08795e-01  7.17235e-01  8.08776e-01  0.00000e+00
  11220.67  6808.4375  8.80304e-01  8.27318e-01  8.80413e-01  0.00000e+00
  11249.22  6809.0625  1.02769e+00  1.10935e+00  1.02790e+00  0.00000e+00
  11277.77  6809.6875  1.10044e+00  1.10073e+00  1.10069e+00  0.00000e+00
  11306.32  6810.3125  1.11011e+00  1.13190e+00  1.11012e+00  0.00000e+00
  11334.87  6810.9375  1.07041e+00  1.10590e+00  1.07029e+00  0.00000e+00
  11363.43  6811.5625  1.04498e+00  9.19323e-01  1.04495e+00  0.00000e+00
  11391.98  6812.1875  1.12258e+00  1.18357e+00  1.12256e+00  0.00000e+00
  11420.53  6812.8125  1.10766e+00  1.26139e+00  1.10768e+00  0.00000e+00
  11449.08  6813.4375  9.81389e-01  7.68587e-01  9.81493e-01  0.00000e+00
  11477.63  6814.0625  1.00226e+00  1.07297e+00  1.00233e+00  0.00000e+00
  11506.18  6814.6875  1.07520e+00  1.03422e+00  1.07525e+00  0.00000e+00
  11534.73  6815.3125  1.11384e+00  1.20021e+00  1.11390e+00  0.00000e+00
  11563.28  6815.9375  1.04525e+00  1.07018e+00  1.04526e+00  0.00000e+00
  11591.83  6816.5625  9.18778e-01  8.79439e-01  9.18692e-01  0.00000e+00
  11620.38  6817.1875  8.68677e-01  7.96734e-01  8.68525e-01  0.00000e+00
  11648.94  6817.8125  9.03437e-01  9.59588e-01  9.03319e-01  0.00000e+00
  11677.49  6818.4375  9.06028e-01  9.13080e-01  9.05946e-01  0.00000e+00
  11706.04  6819.0625  9.02710e-01  8.41409e-01  9.02611e-01  0.00000e+00
  11734.59  6819.6875  9.41797e-01  9.97624e-01  9.41630e-01  0.00000e+00
  11763.14  6820.3125  9.56013e-01  9.35015e-01  9.55787e-01  0.00000e+00
  11791.69  6820.9375  9.63557e-01  9.68788e-01  9.63278e-01  0.00000e+00
  11820.24  6821.5625  9.78264e-01  9.70232e-01  9.78080e-01  0.00000e+00
  11848.79  6822.1875  9.81044e-01  1.02058e+00  9.80975e-01  0.00000e+00
  11877.34  6822.8125  9.97884e-01  8.90016e-01  9.97905e-01  0.00000e+00
  11905.89  6823.4375  1.07386e+00  1.17491e+00  1.07389e+00  0.00000e+00
  11934.45  6824.0625  1.08211e+00  1.07696e+00  1.08208e+00  0.00000e+00
  11963.00  6824.6875  1.04507e+00  1.04136e+00  1.04504e+00  0.00000e+00
  11991.55  6825.3125  1.06590e+00  9.71541e-01  1.06584e+00  0.00000e+00
  12020.10  6825.9375  1.14043e+00  1.26361e+00  1.14027e+00  0.00000e+00
  12048.65  6826.5625  1.10376e+00  1.11010e+00  1.10364e+00  0.00000e+00
  12077.20  6827.1875  9.89152e-01  9.90574e-01  9.89154e-01  0.00000e+00
  12105.75  6827.8125  9.18239e-01  8.26667e-01  9.18300e-01  0.00000e+00
  12134.30  6828.4375  9.33485e-01  9.92609e-01  9.33512e-01  0.00000e+00
  12162.85  6829.0625  9.37670e-01  9.18477e-01  9.37740e-01  0.00000e+00
  12191.40  6829.6875  9.45554e-01  9.25783e-01  9.45623e-01  0.00000e+00
  12219.96  6830.3125  9.66999e-01  1.00130e+00  9.67048e-01  0.00000e+00
  12248.51  6830.9375  9.35468e-01  9.74996e-01  9.35486e-01  0.00000e+00
  12277.06  6831.5625  8.97661e-01  7.81081e-01  8.97697e-01  0.00000e+00
  12305.61  6832.1875  9.24689e-01  1.04008e+00  9.24750e-01  0.00000e+00
  12334.16  6832.8125  9.36126e-01  8.13148e-01  9.36120e-01  0.00000e+00
  12362.71  6833.4375  9.48286e-01  1.11600e+00  9.48213e-01  0.00000e+00
  12391.26  6834.0625  8.90230e-01  7.52083e-01  8.90284e-01  0.00000e+00
  12419.81  6834.6875  9.02865e-01  9.28598e-01  9.03086e-01  0.00000e+00
  12448.36  6835.3125  9.50553e-01  9.66499e-01  9.50786e-01  0.00000e+00
  12476.92  6835.9375  9.82216e-01  9.54440e-01  9.82367e-01  0.00000e+00
  12505.47  6836.5625  1.02682e+00  1.05033e+00  1.02685e+00  0.00000e+00
  12534.02  6837.1875  1.07343e+00  1.04456e+00  1.07335e+00  0.00000e+00
  12562.57  6837.8125  1.12665e+00  1.15163e+00  1.12653e+00  0.00000e+00
  12591.12  6838.4375  1.10662e+00  1.20549e+00  1.10651e+00  0.00000e+00
  12619.67  6839.0625  1.00477e+00  8.99095e-01  1.00471e+00  0.00000e+00
  12648.22  6839.6875  9.83734e-01  9.80285e-01  9.83811e-01  0.00000e+00
  12676.77  6840.3125  1.00133e+00  1.04632e+00  1.00154e+00  0.00000e+00
  12705.32  6840.9375  9.70760e-01  9.60593e-01  9.70900e-01  0.00000e+00
  12733.87  6841.5625  9.21720e-01  9.25813e-01  9.21647e-01  0.00000e+00
  12762.43  6842.1875  8.44453e-01  8.98585e-01  8.44271e-01  0.00000e+00
  12790.98  6842.8125  7.92130e-01  6.27370e-01  7.92026e-01  0.00000e+00
  12819.53  6843.4375  9.11883e-01  9.35364e-01  9.11946e-01  0.00000e+00
  12848.08  6844.0625  1.07854e+00  1.10541e+00  1.07859e+00  0.00000e+00
  12876.63  6844.6875  1.13426e+00  1.24576e+00  1.13422e+00  0.00000e+00
  12905.18  6845.3125  1.05332e+00  1.00647e+00  1.05337e+00  0.00000e+00
  12933.73  6845.9375  9.85871e-01  9.51840e-01  9.85872e-01  0.00000e+00
  12962.28  6846.5625  9.68553e-01  1.00458e+00  9.68391e-01  0.00000e+00
  12990.83  6847.1875  9.53307e-01  9.04913e-01  9.53094e-01  0.00000e+00
  13019.38  6847.8125  9.57119e-01  1.00172e+00  9.56952e-01  0.00000e+00
  13047.94  6848.4375  9.69092e-01  8.99772e-01  9.68939e-01  0.00000e+00
  13076.49  6849.0625  1.00403e+00  1.07884e+00  1.00381e+00  0.00000e+00
  13105.04  6849.6875  9.99617e-01  9.64252e-01  9.99436e-01  0.00000e+00
  13133.59  6850.3125  9.82772e-01  1.01776e+00  9.82715e-01  0.00000e+00
  13162.14  6850.9375  1.01790e+00  8.80978e-01  1.01797e+00  0.00000e+00
  13190.69  6851.5625  1.14601e+00  1.25551e+00  1.14608e+00  0.00000e+00
  13219.24  6852.1875  1.14846e+00  1.25226e+00  1.14843e+00  0.00000e+00
  13247.79  6852.8125  9.86406e-01  9.30995e-01  9.86398e-01  0.00000e+00
  13276.34  6853.4375  8.76084e-01  8.02307e-01  8.76118e-01  0.00000e+00
  13304.90  6854.0625  8.93273e-01  8.97149e-01  8.93415e-01  0.00000e+00
  13333.45  6854.6875  9.70591e-01  9.42109e-01  9.70729e-01  0.00000e+00
  13362.00  6855.3125  1.09765e+00  1.06977e+00  1.09770e+00  0.00000e+00
  13390.55  6855.9375  1.18388e+00  1.34099e+00  1.18392e+00  0.00000e+00
  13419.10  6856.5625  1.08948e+00  1.07496e+00  1.08939e+00  0.00000e+00
  13447.65  6857.1875  9.68695e-01  8.90608e-01  9.68542e-01  0.00000e+00
  13476.20  6857.8125  9.75333e-01  9.39099e-01  9.75203e-01  0.00000e+00
  13504.75  6858.4375  1.03500e+00  1.10920e+00  1.03497e+00  0.00000e+00
  13533.30  6859.0625  1.04210e+00  1.00166e+00  1.04217e+00  0.00000e+00
  13561.85  6859.6875  1.02067e+00  1.09000e+00  1.02076e+00  0.00000e+00
  13590.41  6860.3125  9.87966e-01  8.84508e-01  9.88028e-01  0.00000e+00
  13618.96  6860.9375  9.91803e-01  1.09662e+00  9.91769e-01  0.00000e+00
  13647.51  6861.5625  9.63186e-01  8.83889e-01  9.63122e-01  0.00000e+00
  13676.06  6862.1875  9.64205e-01  9.93870e-01  9.64212e-01  0.00000e+00
  13704.61  6862.8125  1.00070e+00  9.46798e-01  1.00070e+00  0.00000e+00
  13733.16  6863.4375  1.05129e+00  1.11978e+00  1.05121e+00  0.00000e+00
  13761.71  6864.0625  1.02171e+00  1.05544e+00  1.02150e+00  0.00000e+00
  13790.26  6864.6875  9.15548e-01  9.05744e-01  9.15441e-01  0.00000e+00
  13818.81  6865.3125  8.43997e-01  7.72456e-01  8.43952e-01  0.00000e+00
  13847.36  6865.9375  8.88150e-01  8.61768e-01  8.88072e-01  0.00000e+00
  13875.92  6866.5625  9.91035e-01  1.02116e+00  9.91005e-01  0.00000e+00
  13904.47  6867.1875  1.03649e+00  1.09648e+00  1.03649e+00  0.00000e+00
  13933.02  6867.8125  1.00056e+00  9.73161e-01  1.00056e+00  0.00000e+00
  13961.57  6868.4375  9.60983e-01  9.68039e-01  9.61104e-01  0.00000e+00
  13990.12  6869.0625  9.53297e-01  9.08822e-01  9.53379e-01  0.00000e+00
  14018.67  6869.6875  9.88243e-01  1.00671e+00  9.88180e-01  0.00000e+00
  14047.22  6870.3125  9.93538e-01  1.05357e+00  9.93481e-01  0.00000e+00
  14075.77  6870.9375  9.87517e-01  8.50410e-01  9.87474e-01  0.00000e+00
  14104.32  6871.5625  1.04085e+00  1.18389e+00  1.04089e+00  0.00000e+00
  14132.88  6872.1875  9.93411e-01  9.81877e-01  9.93595e-01  0.00000e+00
  14161.43  6872.8125  9.15494e-01  8.56235e-01  9.15636e-01  0.00000e+00
  14189.98  6873.4375  9.25836e-01  9.13666e-01  9.25874e-01  0.00000e+00
  14218.53  6874.0625  9.74612e-01  9.92276e-01  9.74566e-01  0.00000e+00
  14247.08  6874.6875  9.47717e-01  1.05564e+00  9.47574e-01  0.00000e+00
  14275.63  6875.3125  8.47637e-01  7.15823e-01  8.47496e-01  0.00000e+00
  14304.18  6875.9375  8.81041e-01  8.40739e-01  8.80968e-01  0.00000e+00
  14332.73  6876.5625  1.01914e+00  1.05465e+00  1.01913e+00  0.00000e+00
  14361.28  6877.1875  1.07141e+00  1.18959e+00  1.07136e+00  0.00000e+00
  14389.83  6877.8125  1.01990e+00  8.91882e-01  1.01985e+00  0.00000e+00
  14418.39  6878.4375  1.01040e+00  1.10476e+00  1.01040e+00  0.00000e+00
  14446.94  6879.0625  9.70116e-01  9.32734e-01  9.70076e-01  0.00000e+00
  14475.49  6879.6875  9.08225e-01  9.45308e-01  9.08064e-01  0.00000e+00
  14504.04  6880.3125  8.80035e-01  7.68391e-01  8.79803e-01  0.00000e+00
  14532.59  6880.9375  9.12301e-01  1.02752e+00  9.12192e-01  0.00000e+00
  14561.14  6881.5625  9.02571e-01  8.27997e-01  9.02706e-01  0.00000e+00
  14589.69  6882.1875  9.18781e-01  9.24218e-01  9.19030e-01  0.00000e+00
  14618.24  6882.8125  9.11296e-01  1.02015e+00  9.11479e-01  0.00000e+00
  14646.79  6883.4375  9.04133e-01  6.55520e-01  9.04253e-01  0.00000e+00
  14675.34  6884.0625  1.06867e+00  1.21815e+00  1.06883e+00  0.00000e+00
  14703.90  6884.6875  1.12688e+00  1.21868e+00  1.12699e+00  0.00000e+00
  14732.45  6885.3125  1.01520e+00  9.61790e-01  1.01524e+00  0.00000e+00
  14761.00  6885.9375  9.61294e-01  8.80604e-01  9.61325e-01  0.00000e+00
  14789.55  6886.5625  1.01627e+00  1.06192e+00  1.01623e+00  0.00000e+00
  14818.10  6887.1875  1.04738e+00  1.07317e+00  1.04727e+00  0.00000e+00
  14846.65  6887.8125  1.04692e+00  9.95472e-01  1.04686e+00  0.00000e+00
  14875.20  6888.4375  1.04179e+00  1.13598e+00  1.04163e+00  0.00000e+00
  14903.75  6889.0625  9.66790e-01  9.28320e-01  9.66737e-01  0.00000e+00
  14932.30  6889.6875  9.19974e-01  8.62860e-01  9.20066e-01  0.00000e+00
  14960.86  6890.3125  9.29185e-01  9.98934e-01  9.29258e-01  0.00000e+00
  14989.41  6890.9375  9.14574e-01  8.57795e-01  9.14511e-01  0.00000e+00
  15017.96  6891.5625  9.13675e-01  9.50971e-01  9.13587e-01  0.00000e+00
  15046.51  6892.1875  9.14779e-01  8.81128e-01  9.14818e-01  0.00000e+00
  15075.06  6892.8125  9.27391e-01  9.48920e-01  9.27505e-01  0.00000e+00
  15103.61  6893.4375  9.36340e-01  9.26873e-01  9.36490e-01  0.00000e+00
  15132.16  6894.0625  9.44810e-01  9.42548e-01  9.44866e-01  0.00000e+00
  15160.71  6894.6875  9.23013e-01  9.93721e-01  9.23025e-01  0.00000e+00
  15189.26  6895.3125  8.85393e-01  7.51109e-01  8.85555e-01  0.00000e+00
  15217.81  6895.9375  8.97274e-01  1.04093e+00  8.97411e-01  0.00000e+00
  15246.37  6896.5625  8.14256e-01  7.94124e-01  8.14282e-01  0.00000e+00
  15274.92  6897.1875  7.67744e-01  6.08123e-01  7.67779e-01  0.00000e+00
  15303.47  6897.8125  8.61824e-01  9.97357e-01  8.61873e-01  0.00000e+00
  15332.02  6898.4375  9.17472e-01  8.42502e-01  9.17537e-01  0.00000e+00
  15360.57  6899.0625  9.78183e-01  1.00622e+00  9.78167e-01  0.00000e+00
  15389.12  6899.6875  1.02601e+00  1.05242e+00  1.02596e+00  0.00000e+00
  15417.67  6900.3125  1.02059e+00  1.02680e+00  1.02069e+00  0.00000e+00
  15446.22  6900.9375  9.94430e-01  9.89279e-01  9.94666e-01  0.00000e+00
  15474.77  6901.5625  9.94649e-01  9.51625e-01  9.94832e-01  0.00000e+00
  15503.32  6902.1875  1.01968e+00  1.08060e+00  1.01974e+00  0.00000e+00
  15531.88  6902.8125  1.01184e+00  9.72865e-01  1.01184e+00  0.00000e+00
  15560.43  6903.4375  9.95092e-01  1.03858e+00  9.95048e-01  0.00000e+00
  15588.98  6904.0625  9.66936e-01  9.29666e-01  9.66927e-01  0.00000e+00
  15617.53  6904.6875  1.00533e+00  9.33472e-01  1.00536e+00  0.00000e+00
  15646.08  6905.3125  1.11749e+00  1.18233e+00  1.11746e+00  0.00000e+00
  15674.63  6905.9375  1.12050e+00  1.23617e+00  1.12031e+00  0.00000e+00
  15703.18  6906.5625  9.86256e-01  8.99576e-01  9.86011e-01  0.00000e+00
  15731.73  6907.1875  9.28406e-01  8.74741e-01  9.28311e-01  0.00000e+00
  15760.28  6907.8125  1.00527e+00  9.84760e-01  1.00523e+00  0.00000e+00
  15788.84  6908.4375  1.16480e+00  1.12488e+00  1.16458e+00  0.00000e+00
  15817.39  6909.0625  1.30945e+00  1.44705e+00  1.30906e+00  0.00000e+00
  15845.94  6909.6875  1.31950e+00  1.27860e+00  1.31905e+00  0.00000e+00
  15874.49  6910.3125  1.28956e+00  1.30778e+00  1.28921e+00  0.00000e+00
  15903.04  6910.9375  1.23090e+00  1.27125e+00  1.23080e+00  0.00000e+00
  15931.59  6911.5625  1.10914e+00  1.11215e+00  1.10909e+00  0.00000e+00
  15960.14  6912.1875  1.00195e+00  9.33978e-01  1.00198e+00  0.00000e+00
  15988.69  6912.8125  1.01960e+00  9.51107e-01  1.01977e+00  0.00000e+00
  16017.24  6913.4375  1.09105e+00  1.22377e+00  1.09119e+00  0.00000e+00
  16045.79  6914.0625  1.05906e+00  1.00883e+00  1.05895e+00  0.00000e+00
  16074.35  6914.6875  1.00551e+00  1.02173e+00  1.00540e+00  0.00000e+00
  16102.90  6915.3125  9.62986e-01  9.60648e-01  9.63023e-01  0.00000e+00
  16131.45  6915.9375  1.00066e+00  8.51602e-01  1.00057e+00  0.00000e+00
  16160.00  6916.5625  1.13587e+00  1.30468e+00  1.13566e+00  0.00000e+00
  16188.55  6917.1875  1.14664e+00  1.13396e+00  1.14647e+00  0.00000e+00
  16217.10  6917.8125  1.11615e+00  1.04361e+00  1.11611e+00  0.00000e+00
  16245.65  6918.4375  1.11221e+00  1.24112e+00  1.11225e+00  0.00000e+00
  16274.20  6919.0625  1.08266e+00  9.06865e-01  1.08271e+00  0.00000e+00
  16302.75  6919.6875  1.12339e+00  1.27355e+00  1.12338e+00  0.00000e+00
  16331.30  6920.3125  1.11391e+00  1.03339e+00  1.11384e+00  0.00000e+00
  16359.86  6920.9375  1.10474e+00  1.13848e+00  1.10458e+00  0.00000e+00
  16388.41  6921.5625  1.06962e+00  1.11359e+00  1.06953e+00  0.00000e+00
  16416.96  6922.1875  9.93227e-01  9.31692e-01  9.93195e-01  0.00000e+00
  16445.51  6922.8125  9.35209e-01  1.00103e+00  9.35135e-01  0.00000e+00
  16474.06  6923.4375  8.96959e-01  7.74328e-01  8.96916e-01  0.00000e+00
  16502.61  6924.0625  9.37367e-01  1.01892e+00  9.37378e-01  0.00000e+00
  16531.16  6924.6875  9.80325e-01  9.12682e-01  9.80335e-01  0.00000e+00
  16559.71  6925.3125  1.03448e+00  1.08989e+00  1.03452e+00  0.00000e+00
  16588.26  6925.9375  1.04953e+00  1.05395e+00  1.04955e+00  0.00000e+00
  16616.81  6926.5625  1.02320e+00  1.03499e+00  1.02324e+00  0.00000e+00
  16645.37  6927.1875  1.02208e+00  9.40357e-01  1.02215e+00  0.00000e+00
  16673.92  6927.8125  1.05126e+00  1.17193e+00  1.05136e+00  0.00000e+00
  16702.47  6928.4375  9.95804e-01  9.49092e-01  9.95909e-01  0.00000e+00
  16731.02  6929.0625  9.19718e-01  9.46259e-01  9.19676e-01  0.00000e+00
  16759.57  6929.6875  8.94905e-01  7.87095e-01  8.94754e-01  0.00000e+00
  16788.12  6930.3125  9.53250e-01  1.03677e+00  9.53195e-01  0.00000e+00
  16816.67  6930.9375  1.03199e+00  9.12081e-01  1.03186e+00  0.00000e+00
  16845.22  6931.5625  1.12371e+00  1.28851e+00  1.12345e+00  0.00000e+00
  16873.77  6932.1875  1.07120e+00  1.06486e+00  1.07101e+00  0.00000e+00
  16902.33  6932.8125  9.72429e-01  9.05723e-01  9.72429e-01  0.00000e+00
  16930.88  6933.4375  9.68795e-01  9.51432e-01  9.68886e-01  0.00000e+00
  16959.43  6934.0625  9.84597e-01  1.06279e+00  9.84668e-01  0.00000e+00
  16987.98  6934.6875  9.50904e-01  8.76093e-01  9.51008e-01  0.00000e+00
  17016.53  6935.3125  9.18594e-01  1.00912e+00  9.18741e-01  0.00000e+00
  17045.08  6935.9375  8.67551e-01  7.65428e-01  8.67620e-01  0.00000e+00
  17073.63  6936.5625  8.51888e-01  9.33570e-01  8.51824e-01  0.00000e+00
  17102.18  6937.1875  8.11658e-01  7.74830e-01  8.11660e-01  0.00000e+00
  17130.73  6937.8125  8.26632e-01  7.34209e-01  8.26700e-01  0.00000e+00
  17159.28  6938.4375  9.10555e-01  1.03314e+00  9.10575e-01  0.00000e+00
  17187.84  6939.0625  8.96870e-01  8.82423e-01  8.96837e-01  0.00000e+00
  17216.39  6939.6875  8.35307e-01  8.34039e-01  8.35288e-01  0.00000e+00
  17244.94  6940.3125  8.39112e-01  7.36020e-01  8.39154e-01  0.00000e+00
  17273.49  6940.9375  9.20869e-01  1.02502e+00  9.21033e-01  0.00000e+00
  17302.04  6941.5625  9.61274e-01  9.01501e-01  9.61469e-01  0.00000e+00
  17330.59  6942.1875  9.98796e-01  1.03533e+00  9.98860e-01  0.00000e+00
  17359.14  6942.8125  1.01154e+00  1.02812e+00  1.01143e+00  0.00000e+00
  17387.69  6943.4375  1.00316e+00  9.65067e-01  1.00309e+00  0.00000e+00
  17416.24  6944.0625  9.97406e-01  1.06016e+00  9.97330e-01  0.00000e+00
  17444.79  6944.6875  9.53195e-01  9.15398e-01  9.53168e-01  0.00000e+00
  17473.35  6945.3125  9.22190e-01  9.26531e-01  9.22307e-01  0.00000e+00
  17501.90  6945.9375  9.44126e-01  8.79088e-01  9.44207e-01  0.00000e+00
  17530.45  6946.5625  1.01784e+00  1.07028e+00  1.01791e+00  0.00000e+00
  17559.00  6947.1875  1.03312e+00  1.08526e+00  1.03319e+00  0.00000e+00
  17587.55  6947.8125  1.01364e+00  8.99841e-01  1.01363e+00  0.00000e+00
  17616.10  6948.4375  1.03647e+00  1.16796e+00  1.03631e+00  0.00000e+00
  17644.65  6949.0625  1.01681e+00  9.06608e-01  1.01662e+00  0.00000e+00
  17673.20  6949.6875  1.03891e+00  1.08440e+00  1.03870e+00  0.00000e+00
