# day100  epoch=100.0d  L_Halpha=3.036e+40 erg/s  smooth_kms=25.0
# Columns:
#   1: Δv [km/s]      velocity offset from Hα (6562.81 Å), positive = redshift
#   2: lambda [Å]     observed wavelength
#   3: F_norm         total flux, smoothed, normalized to F_cont_baseline
#   4: F_norm_raw     total flux, RAW MC (no velocity smoothing)
#   5: F_cont_smooth  continuum-channel flux (continuum photons only)
#   6: F_vol_smooth   volumetric-channel flux (line emission contribution)
# Format: F_norm ≈ F_cont_smooth + F_vol_smooth (within MC noise)
# ----------------------------------------------------------------------------------------
 -16559.48  6200.3125  3.51827e-01  3.39855e-01  3.51827e-01  0.00000e+00
 -16530.93  6200.9375  3.66800e-01  3.80139e-01  3.66800e-01  0.00000e+00
 -16502.38  6201.5625  3.76526e-01  3.68333e-01  3.76526e-01  0.00000e+00
 -16473.83  6202.1875  3.89413e-01  3.90695e-01  3.89413e-01  0.00000e+00
 -16445.28  6202.8125  4.16144e-01  3.95907e-01  4.16144e-01  0.00000e+00
 -16416.73  6203.4375  4.45995e-01  4.84548e-01  4.45995e-01  0.00000e+00
 -16388.18  6204.0625  4.37419e-01  4.36918e-01  4.37419e-01  0.00000e+00
 -16359.63  6204.6875  4.16701e-01  4.00496e-01  4.16701e-01  0.00000e+00
 -16331.08  6205.3125  4.15518e-01  4.15300e-01  4.15518e-01  0.00000e+00
 -16302.53  6205.9375  4.04198e-01  4.39982e-01  4.04198e-01  0.00000e+00
 -16273.97  6206.5625  3.71134e-01  3.29308e-01  3.71134e-01  0.00000e+00
 -16245.42  6207.1875  3.73516e-01  3.72296e-01  3.73516e-01  0.00000e+00
 -16216.87  6207.8125  4.08638e-01  3.93958e-01  4.08638e-01  0.00000e+00
 -16188.32  6208.4375  4.28459e-01  4.90305e-01  4.28459e-01  0.00000e+00
 -16159.77  6209.0625  3.86765e-01  3.69152e-01  3.86765e-01  0.00000e+00
 -16131.22  6209.6875  3.57599e-01  3.12937e-01  3.57599e-01  0.00000e+00
 -16102.67  6210.3125  3.78265e-01  4.09405e-01  3.78265e-01  0.00000e+00
 -16074.12  6210.9375  3.92126e-01  3.79638e-01  3.92126e-01  0.00000e+00
 -16045.57  6211.5625  3.93770e-01  4.12773e-01  3.93770e-01  0.00000e+00
 -16017.01  6212.1875  3.81799e-01  3.74853e-01  3.81799e-01  0.00000e+00
 -15988.46  6212.8125  3.85561e-01  3.54973e-01  3.85561e-01  0.00000e+00
 -15959.91  6213.4375  4.13686e-01  4.46526e-01  4.13686e-01  0.00000e+00
 -15931.36  6214.0625  4.15050e-01  4.18205e-01  4.15050e-01  0.00000e+00
 -15902.81  6214.6875  3.96033e-01  3.91238e-01  3.96033e-01  0.00000e+00
 -15874.26  6215.3125  3.79365e-01  3.81908e-01  3.79365e-01  0.00000e+00
 -15845.71  6215.9375  3.72800e-01  3.55747e-01  3.72800e-01  0.00000e+00
 -15817.16  6216.5625  3.93670e-01  3.84448e-01  3.93670e-01  0.00000e+00
 -15788.61  6217.1875  4.41422e-01  4.31203e-01  4.41422e-01  0.00000e+00
 -15760.06  6217.8125  4.75648e-01  5.32075e-01  4.75648e-01  0.00000e+00
 -15731.50  6218.4375  4.59094e-01  4.29823e-01  4.59094e-01  0.00000e+00
 -15702.95  6219.0625  4.49951e-01  4.43458e-01  4.49951e-01  0.00000e+00
 -15674.40  6219.6875  4.39514e-01  4.86235e-01  4.39514e-01  0.00000e+00
 -15645.85  6220.3125  4.12908e-01  3.41295e-01  4.12908e-01  0.00000e+00
 -15617.30  6220.9375  4.14195e-01  4.81520e-01  4.14195e-01  0.00000e+00
 -15588.75  6221.5625  3.92333e-01  3.50857e-01  3.92333e-01  0.00000e+00
 -15560.20  6222.1875  3.80539e-01  3.92085e-01  3.80539e-01  0.00000e+00
 -15531.65  6222.8125  3.80562e-01  3.74476e-01  3.80562e-01  0.00000e+00
 -15503.10  6223.4375  3.93811e-01  3.74380e-01  3.93811e-01  0.00000e+00
 -15474.55  6224.0625  4.13776e-01  4.50617e-01  4.13776e-01  0.00000e+00
 -15445.99  6224.6875  3.98006e-01  3.97826e-01  3.98006e-01  0.00000e+00
 -15417.44  6225.3125  3.82076e-01  3.44462e-01  3.82076e-01  0.00000e+00
 -15388.89  6225.9375  3.88532e-01  4.33371e-01  3.88532e-01  0.00000e+00
 -15360.34  6226.5625  3.69831e-01  3.52063e-01  3.69831e-01  0.00000e+00
 -15331.79  6227.1875  3.64330e-01  3.36372e-01  3.64330e-01  0.00000e+00
 -15303.24  6227.8125  3.80452e-01  4.23682e-01  3.80452e-01  0.00000e+00
 -15274.69  6228.4375  3.80449e-01  3.40862e-01  3.80449e-01  0.00000e+00
 -15246.14  6229.0625  4.03512e-01  4.08692e-01  4.03512e-01  0.00000e+00
 -15217.59  6229.6875  4.19934e-01  4.57671e-01  4.19934e-01  0.00000e+00
 -15189.03  6230.3125  3.96685e-01  3.76931e-01  3.96685e-01  0.00000e+00
 -15160.48  6230.9375  3.84936e-01  3.70688e-01  3.84936e-01  0.00000e+00
 -15131.93  6231.5625  3.97569e-01  4.07403e-01  3.97569e-01  0.00000e+00
 -15103.38  6232.1875  4.15237e-01  3.99782e-01  4.15237e-01  0.00000e+00
 -15074.83  6232.8125  4.36298e-01  4.55005e-01  4.36298e-01  0.00000e+00
 -15046.28  6233.4375  4.36026e-01  4.45485e-01  4.36026e-01  0.00000e+00
 -15017.73  6234.0625  4.19617e-01  4.08084e-01  4.19617e-01  0.00000e+00
 -14989.18  6234.6875  4.16231e-01  4.08174e-01  4.16231e-01  0.00000e+00
 -14960.63  6235.3125  4.17845e-01  4.41390e-01  4.17845e-01  0.00000e+00
 -14932.08  6235.9375  4.21811e-01  3.71078e-01  4.21811e-01  0.00000e+00
 -14903.52  6236.5625  4.39543e-01  5.07503e-01  4.39543e-01  0.00000e+00
 -14874.97  6237.1875  4.19541e-01  3.80165e-01  4.19541e-01  0.00000e+00
 -14846.42  6237.8125  3.97758e-01  4.23878e-01  3.97758e-01  0.00000e+00
 -14817.87  6238.4375  3.81988e-01  3.49781e-01  3.81988e-01  0.00000e+00
 -14789.32  6239.0625  3.88606e-01  3.97712e-01  3.88606e-01  0.00000e+00
 -14760.77  6239.6875  3.91091e-01  4.09878e-01  3.91091e-01  0.00000e+00
 -14732.22  6240.3125  3.79490e-01  3.54082e-01  3.79490e-01  0.00000e+00
 -14703.67  6240.9375  3.87122e-01  3.89879e-01  3.87122e-01  0.00000e+00
 -14675.12  6241.5625  3.85378e-01  4.21230e-01  3.85378e-01  0.00000e+00
 -14646.57  6242.1875  3.59807e-01  3.20183e-01  3.59807e-01  0.00000e+00
 -14618.01  6242.8125  3.77812e-01  3.55236e-01  3.77812e-01  0.00000e+00
 -14589.46  6243.4375  4.26764e-01  4.62384e-01  4.26764e-01  0.00000e+00
 -14560.91  6244.0625  4.34016e-01  4.49008e-01  4.34016e-01  0.00000e+00
 -14532.36  6244.6875  4.01759e-01  4.01846e-01  4.01759e-01  0.00000e+00
 -14503.81  6245.3125  3.85177e-01  3.40130e-01  3.85177e-01  0.00000e+00
 -14475.26  6245.9375  4.07783e-01  4.43796e-01  4.07783e-01  0.00000e+00
 -14446.71  6246.5625  4.30386e-01  3.92771e-01  4.30386e-01  0.00000e+00
 -14418.16  6247.1875  4.46084e-01  5.08774e-01  4.46084e-01  0.00000e+00
 -14389.61  6247.8125  4.23763e-01  3.83451e-01  4.23763e-01  0.00000e+00
 -14361.06  6248.4375  4.11487e-01  4.22847e-01  4.11487e-01  0.00000e+00
 -14332.50  6249.0625  4.02709e-01  4.07993e-01  4.02709e-01  0.00000e+00
 -14303.95  6249.6875  3.76859e-01  3.87592e-01  3.76859e-01  0.00000e+00
 -14275.40  6250.3125  3.66347e-01  3.09114e-01  3.66347e-01  0.00000e+00
 -14246.85  6250.9375  3.98544e-01  4.42474e-01  3.98544e-01  0.00000e+00
 -14218.30  6251.5625  4.03650e-01  4.11467e-01  4.03650e-01  0.00000e+00
 -14189.75  6252.1875  4.04305e-01  3.49986e-01  4.04305e-01  0.00000e+00
 -14161.20  6252.8125  4.33810e-01  4.98139e-01  4.33810e-01  0.00000e+00
 -14132.65  6253.4375  4.39490e-01  3.89837e-01  4.39490e-01  0.00000e+00
 -14104.10  6254.0625  4.56454e-01  4.85070e-01  4.56454e-01  0.00000e+00
 -14075.54  6254.6875  4.58796e-01  4.67718e-01  4.58796e-01  0.00000e+00
 -14046.99  6255.3125  4.50789e-01  4.20506e-01  4.50789e-01  0.00000e+00
 -14018.44  6255.9375  4.55366e-01  4.91541e-01  4.55366e-01  0.00000e+00
 -13989.89  6256.5625  4.40042e-01  4.22874e-01  4.40042e-01  0.00000e+00
 -13961.34  6257.1875  4.22633e-01  4.28952e-01  4.22633e-01  0.00000e+00
 -13932.79  6257.8125  4.05527e-01  4.08722e-01  4.05527e-01  0.00000e+00
 -13904.24  6258.4375  4.04011e-01  3.62400e-01  4.04011e-01  0.00000e+00
 -13875.69  6259.0625  4.17896e-01  4.82892e-01  4.17896e-01  0.00000e+00
 -13847.14  6259.6875  3.96466e-01  3.52039e-01  3.96466e-01  0.00000e+00
 -13818.59  6260.3125  3.85674e-01  4.04574e-01  3.85674e-01  0.00000e+00
 -13790.03  6260.9375  3.88854e-01  3.63375e-01  3.88854e-01  0.00000e+00
 -13761.48  6261.5625  3.98151e-01  4.28782e-01  3.98151e-01  0.00000e+00
 -13732.93  6262.1875  3.93214e-01  3.74348e-01  3.93214e-01  0.00000e+00
 -13704.38  6262.8125  4.03333e-01  3.89936e-01  4.03333e-01  0.00000e+00
 -13675.83  6263.4375  4.33273e-01  4.48475e-01  4.33273e-01  0.00000e+00
 -13647.28  6264.0625  4.61280e-01  4.42145e-01  4.61280e-01  0.00000e+00
 -13618.73  6264.6875  4.70106e-01  5.31320e-01  4.70106e-01  0.00000e+00
 -13590.18  6265.3125  4.30288e-01  3.92841e-01  4.30288e-01  0.00000e+00
 -13561.63  6265.9375  3.93437e-01  4.13272e-01  3.93437e-01  0.00000e+00
 -13533.08  6266.5625  3.78782e-01  3.32440e-01  3.78782e-01  0.00000e+00
 -13504.52  6267.1875  4.09742e-01  4.16953e-01  4.09742e-01  0.00000e+00
 -13475.97  6267.8125  4.38403e-01  4.73054e-01  4.38403e-01  0.00000e+00
 -13447.42  6268.4375  4.33678e-01  4.05995e-01  4.33678e-01  0.00000e+00
 -13418.87  6269.0625  4.26211e-01  4.58036e-01  4.26211e-01  0.00000e+00
 -13390.32  6269.6875  4.09179e-01  3.79896e-01  4.09179e-01  0.00000e+00
 -13361.77  6270.3125  4.02763e-01  4.19692e-01  4.02763e-01  0.00000e+00
 -13333.22  6270.9375  3.92379e-01  3.88670e-01  3.92379e-01  0.00000e+00
 -13304.67  6271.5625  3.73161e-01  3.81379e-01  3.73161e-01  0.00000e+00
 -13276.12  6272.1875  3.51839e-01  3.38980e-01  3.51839e-01  0.00000e+00
 -13247.56  6272.8125  3.33886e-01  3.49932e-01  3.33886e-01  0.00000e+00
 -13219.01  6273.4375  3.17670e-01  2.92797e-01  3.17670e-01  0.00000e+00
 -13190.46  6274.0625  3.35352e-01  3.18761e-01  3.35352e-01  0.00000e+00
 -13161.91  6274.6875  3.86178e-01  3.90428e-01  3.86178e-01  0.00000e+00
 -13133.36  6275.3125  4.25226e-01  4.54166e-01  4.25226e-01  0.00000e+00
 -13104.81  6275.9375  4.32660e-01  4.16742e-01  4.32660e-01  0.00000e+00
 -13076.26  6276.5625  4.34866e-01  4.50266e-01  4.34866e-01  0.00000e+00
 -13047.71  6277.1875  4.35023e-01  4.17839e-01  4.35023e-01  0.00000e+00
 -13019.16  6277.8125  4.37104e-01  4.57395e-01  4.37104e-01  0.00000e+00
 -12990.61  6278.4375  4.23309e-01  4.21208e-01  4.23309e-01  0.00000e+00
 -12962.05  6279.0625  4.00099e-01  3.99936e-01  4.00099e-01  0.00000e+00
 -12933.50  6279.6875  3.70566e-01  3.85241e-01  3.70566e-01  0.00000e+00
 -12904.95  6280.3125  3.52670e-01  2.99716e-01  3.52670e-01  0.00000e+00
 -12876.40  6280.9375  3.76781e-01  4.10304e-01  3.76781e-01  0.00000e+00
 -12847.85  6281.5625  3.97687e-01  3.80856e-01  3.97687e-01  0.00000e+00
 -12819.30  6282.1875  4.13290e-01  4.26248e-01  4.13290e-01  0.00000e+00
 -12790.75  6282.8125  4.01421e-01  4.36889e-01  4.01421e-01  0.00000e+00
 -12762.20  6283.4375  3.77427e-01  3.06369e-01  3.77427e-01  0.00000e+00
 -12733.65  6284.0625  4.09769e-01  4.34069e-01  4.09769e-01  0.00000e+00
 -12705.10  6284.6875  4.22362e-01  4.73861e-01  4.22362e-01  0.00000e+00
 -12676.54  6285.3125  3.90282e-01  3.30239e-01  3.90282e-01  0.00000e+00
 -12647.99  6285.9375  4.03575e-01  4.05715e-01  4.03575e-01  0.00000e+00
 -12619.44  6286.5625  4.28503e-01  4.64776e-01  4.28503e-01  0.00000e+00
 -12590.89  6287.1875  4.32624e-01  3.85197e-01  4.32624e-01  0.00000e+00
 -12562.34  6287.8125  4.44220e-01  5.01322e-01  4.44220e-01  0.00000e+00
 -12533.79  6288.4375  4.24503e-01  3.94455e-01  4.24503e-01  0.00000e+00
 -12505.24  6289.0625  3.96665e-01  4.23552e-01  3.96665e-01  0.00000e+00
 -12476.69  6289.6875  3.68938e-01  3.35412e-01  3.68938e-01  0.00000e+00
 -12448.14  6290.3125  3.60775e-01  3.78440e-01  3.60775e-01  0.00000e+00
 -12419.58  6290.9375  3.61762e-01  3.39347e-01  3.61762e-01  0.00000e+00
 -12391.03  6291.5625  3.78135e-01  3.86393e-01  3.78135e-01  0.00000e+00
 -12362.48  6292.1875  3.96603e-01  3.95781e-01  3.96603e-01  0.00000e+00
 -12333.93  6292.8125  4.06339e-01  4.16013e-01  4.06339e-01  0.00000e+00
 -12305.38  6293.4375  4.08778e-01  3.99895e-01  4.08778e-01  0.00000e+00
 -12276.83  6294.0625  4.16734e-01  4.16558e-01  4.16734e-01  0.00000e+00
 -12248.28  6294.6875  4.19060e-01  4.37700e-01  4.19060e-01  0.00000e+00
 -12219.73  6295.3125  4.02607e-01  3.92320e-01  4.02607e-01  0.00000e+00
 -12191.18  6295.9375  3.79703e-01  3.95421e-01  3.79703e-01  0.00000e+00
 -12162.63  6296.5625  3.54911e-01  3.33175e-01  3.54911e-01  0.00000e+00
 -12134.07  6297.1875  3.55471e-01  3.46799e-01  3.55471e-01  0.00000e+00
 -12105.52  6297.8125  3.84037e-01  3.77294e-01  3.84037e-01  0.00000e+00
 -12076.97  6298.4375  4.21093e-01  4.31450e-01  4.21093e-01  0.00000e+00
 -12048.42  6299.0625  4.41259e-01  4.51214e-01  4.41259e-01  0.00000e+00
 -12019.87  6299.6875  4.19090e-01  4.58562e-01  4.19090e-01  0.00000e+00
 -11991.32  6300.3125  3.60216e-01  3.26011e-01  3.60216e-01  0.00000e+00
 -11962.77  6300.9375  3.50069e-01  3.02767e-01  3.50069e-01  0.00000e+00
 -11934.22  6301.5625  3.98028e-01  4.39651e-01  3.98028e-01  0.00000e+00
 -11905.67  6302.1875  4.30876e-01  4.11432e-01  4.30876e-01  0.00000e+00
 -11877.12  6302.8125  4.43829e-01  4.81026e-01  4.43829e-01  0.00000e+00
 -11848.56  6303.4375  4.27414e-01  4.10927e-01  4.27414e-01  0.00000e+00
 -11820.01  6304.0625  4.09009e-01  4.12031e-01  4.09009e-01  0.00000e+00
 -11791.46  6304.6875  3.91797e-01  3.99427e-01  3.91797e-01  0.00000e+00
 -11762.91  6305.3125  3.81780e-01  3.49613e-01  3.81780e-01  0.00000e+00
 -11734.36  6305.9375  3.93646e-01  4.21265e-01  3.93646e-01  0.00000e+00
 -11705.81  6306.5625  3.98078e-01  3.82246e-01  3.98078e-01  0.00000e+00
 -11677.26  6307.1875  4.14714e-01  4.01057e-01  4.14714e-01  0.00000e+00
 -11648.71  6307.8125  4.34513e-01  4.76979e-01  4.34513e-01  0.00000e+00
 -11620.16  6308.4375  4.39829e-01  3.81025e-01  4.39829e-01  0.00000e+00
 -11591.60  6309.0625  4.56562e-01  5.27005e-01  4.56562e-01  0.00000e+00
 -11563.05  6309.6875  4.32992e-01  4.00985e-01  4.32992e-01  0.00000e+00
 -11534.50  6310.3125  4.12391e-01  4.11117e-01  4.12391e-01  0.00000e+00
 -11505.95  6310.9375  4.13772e-01  4.07753e-01  4.13772e-01  0.00000e+00
 -11477.40  6311.5625  4.18201e-01  4.29890e-01  4.18201e-01  0.00000e+00
 -11448.85  6312.1875  4.14077e-01  4.09069e-01  4.14077e-01  0.00000e+00
 -11420.30  6312.8125  4.16450e-01  4.04798e-01  4.16450e-01  0.00000e+00
 -11391.75  6313.4375  4.30741e-01  4.41487e-01  4.30741e-01  0.00000e+00
 -11363.20  6314.0625  4.42329e-01  4.35065e-01  4.42329e-01  0.00000e+00
 -11334.65  6314.6875  4.53513e-01  4.57536e-01  4.53513e-01  0.00000e+00
 -11306.09  6315.3125  4.39700e-01  4.81980e-01  4.39700e-01  0.00000e+00
 -11277.54  6315.9375  4.02802e-01  3.42842e-01  4.02802e-01  0.00000e+00
 -11248.99  6316.5625  4.06098e-01  4.30591e-01  4.06098e-01  0.00000e+00
 -11220.44  6317.1875  4.24635e-01  4.01608e-01  4.24635e-01  0.00000e+00
 -11191.89  6317.8125  4.42283e-01  4.74171e-01  4.42283e-01  0.00000e+00
 -11163.34  6318.4375  4.40422e-01  4.23554e-01  4.40422e-01  0.00000e+00
 -11134.79  6319.0625  4.39251e-01  4.45238e-01  4.39251e-01  0.00000e+00
 -11106.24  6319.6875  4.43795e-01  4.34865e-01  4.43795e-01  0.00000e+00
 -11077.69  6320.3125  4.41868e-01  4.67845e-01  4.41868e-01  0.00000e+00
 -11049.14  6320.9375  4.17262e-01  4.05732e-01  4.17262e-01  0.00000e+00
 -11020.58  6321.5625  3.91329e-01  3.94906e-01  3.91329e-01  0.00000e+00
 -10992.03  6322.1875  3.84935e-01  3.55710e-01  3.84935e-01  0.00000e+00
 -10963.48  6322.8125  4.19252e-01  4.10113e-01  4.19252e-01  0.00000e+00
 -10934.93  6323.4375  4.46791e-01  5.09265e-01  4.46791e-01  0.00000e+00
 -10906.38  6324.0625  4.23642e-01  3.81092e-01  4.23642e-01  0.00000e+00
 -10877.83  6324.6875  4.24678e-01  4.14673e-01  4.24678e-01  0.00000e+00
 -10849.28  6325.3125  4.43871e-01  4.75140e-01  4.43871e-01  0.00000e+00
 -10820.73  6325.9375  4.30124e-01  4.29195e-01  4.30124e-01  0.00000e+00
 -10792.18  6326.5625  4.10782e-01  3.90841e-01  4.10782e-01  0.00000e+00
 -10763.62  6327.1875  4.16192e-01  4.19922e-01  4.16192e-01  0.00000e+00
 -10735.07  6327.8125  4.41368e-01  4.18147e-01  4.41368e-01  0.00000e+00
 -10706.52  6328.4375  4.66717e-01  5.14812e-01  4.66717e-01  0.00000e+00
 -10677.97  6329.0625  4.43867e-01  4.42100e-01  4.43867e-01  0.00000e+00
 -10649.42  6329.6875  4.14267e-01  3.82677e-01  4.14267e-01  0.00000e+00
 -10620.87  6330.3125  4.27076e-01  4.24399e-01  4.27076e-01  0.00000e+00
 -10592.32  6330.9375  4.48170e-01  4.73309e-01  4.48170e-01  0.00000e+00
 -10563.77  6331.5625  4.49908e-01  4.30635e-01  4.49908e-01  0.00000e+00
 -10535.22  6332.1875  4.57262e-01  4.63477e-01  4.57262e-01  0.00000e+00
 -10506.67  6332.8125  4.47954e-01  4.80757e-01  4.47954e-01  0.00000e+00
 -10478.11  6333.4375  4.06179e-01  3.83886e-01  4.06179e-01  0.00000e+00
 -10449.56  6334.0625  3.88454e-01  3.63020e-01  3.88454e-01  0.00000e+00
 -10421.01  6334.6875  4.00826e-01  4.29410e-01  4.00826e-01  0.00000e+00
 -10392.46  6335.3125  4.09916e-01  3.79037e-01  4.09916e-01  0.00000e+00
 -10363.91  6335.9375  4.37864e-01  4.44399e-01  4.37864e-01  0.00000e+00
 -10335.36  6336.5625  4.48204e-01  4.97534e-01  4.48204e-01  0.00000e+00
 -10306.81  6337.1875  4.46610e-01  3.49345e-01  4.46610e-01  0.00000e+00
 -10278.26  6337.8125  5.00800e-01  5.71313e-01  5.00800e-01  0.00000e+00
 -10249.71  6338.4375  5.02521e-01  5.31424e-01  5.02521e-01  0.00000e+00
 -10221.16  6339.0625  4.55873e-01  4.04563e-01  4.55873e-01  0.00000e+00
 -10192.60  6339.6875  4.35867e-01  4.74723e-01  4.35867e-01  0.00000e+00
 -10164.05  6340.3125  4.24587e-01  3.72719e-01  4.24587e-01  0.00000e+00
 -10135.50  6340.9375  4.36144e-01  4.75939e-01  4.36144e-01  0.00000e+00
 -10106.95  6341.5625  4.21997e-01  4.29659e-01  4.21997e-01  0.00000e+00
 -10078.40  6342.1875  4.06462e-01  3.50863e-01  4.06462e-01  0.00000e+00
 -10049.85  6342.8125  4.14675e-01  4.89954e-01  4.14675e-01  0.00000e+00
 -10021.30  6343.4375  3.84753e-01  3.40919e-01  3.84753e-01  0.00000e+00
  -9992.75  6344.0625  4.02664e-01  3.42458e-01  4.02664e-01  0.00000e+00
  -9964.20  6344.6875  4.64564e-01  5.65874e-01  4.64564e-01  0.00000e+00
  -9935.65  6345.3125  4.50850e-01  4.16710e-01  4.50850e-01  0.00000e+00
  -9907.09  6345.9375  4.34730e-01  4.13213e-01  4.34730e-01  0.00000e+00
  -9878.54  6346.5625  4.40783e-01  4.81777e-01  4.40783e-01  0.00000e+00
  -9849.99  6347.1875  4.23397e-01  3.94188e-01  4.23397e-01  0.00000e+00
  -9821.44  6347.8125  4.07285e-01  4.31009e-01  4.07285e-01  0.00000e+00
  -9792.89  6348.4375  3.92848e-01  3.64161e-01  3.92848e-01  0.00000e+00
  -9764.34  6349.0625  3.97879e-01  4.08664e-01  3.97879e-01  0.00000e+00
  -9735.79  6349.6875  4.23146e-01  3.91806e-01  4.23146e-01  0.00000e+00
  -9707.24  6350.3125  4.64624e-01  4.96181e-01  4.64624e-01  0.00000e+00
  -9678.69  6350.9375  4.65024e-01  4.93741e-01  4.65024e-01  0.00000e+00
  -9650.13  6351.5625  4.10098e-01  4.10750e-01  4.10098e-01  0.00000e+00
  -9621.58  6352.1875  3.62643e-01  3.17188e-01  3.62643e-01  0.00000e+00
  -9593.03  6352.8125  3.61635e-01  3.83515e-01  3.61635e-01  0.00000e+00
  -9564.48  6353.4375  3.64687e-01  3.55525e-01  3.64687e-01  0.00000e+00
  -9535.93  6354.0625  3.67568e-01  3.66929e-01  3.67568e-01  0.00000e+00
  -9507.38  6354.6875  3.60283e-01  3.88095e-01  3.60283e-01  0.00000e+00
  -9478.83  6355.3125  3.40769e-01  3.03345e-01  3.40769e-01  0.00000e+00
  -9450.28  6355.9375  3.75764e-01  3.36238e-01  3.75764e-01  0.00000e+00
  -9421.73  6356.5625  4.37895e-01  5.16541e-01  4.37895e-01  0.00000e+00
  -9393.18  6357.1875  4.26666e-01  4.16949e-01  4.26666e-01  0.00000e+00
  -9364.62  6357.8125  3.91014e-01  3.76033e-01  3.91014e-01  0.00000e+00
  -9336.07  6358.4375  3.80346e-01  3.78062e-01  3.80346e-01  0.00000e+00
  -9307.52  6359.0625  3.86755e-01  3.78326e-01  3.86755e-01  0.00000e+00
  -9278.97  6359.6875  3.93913e-01  4.14459e-01  3.93913e-01  0.00000e+00
  -9250.42  6360.3125  3.81795e-01  3.77259e-01  3.81795e-01  0.00000e+00
  -9221.87  6360.9375  3.68371e-01  3.60595e-01  3.68371e-01  0.00000e+00
  -9193.32  6361.5625  3.68387e-01  3.65847e-01  3.68387e-01  0.00000e+00
  -9164.77  6362.1875  3.69742e-01  3.83688e-01  3.69742e-01  0.00000e+00
  -9136.22  6362.8125  3.78690e-01  3.35703e-01  3.78690e-01  0.00000e+00
  -9107.67  6363.4375  4.06424e-01  4.56858e-01  4.06424e-01  0.00000e+00
  -9079.11  6364.0625  4.01994e-01  3.87684e-01  4.01994e-01  0.00000e+00
  -9050.56  6364.6875  4.01925e-01  3.77035e-01  4.01925e-01  0.00000e+00
  -9022.01  6365.3125  4.27779e-01  4.49969e-01  4.27779e-01  0.00000e+00
  -8993.46  6365.9375  4.29513e-01  4.49747e-01  4.29513e-01  0.00000e+00
  -8964.91  6366.5625  4.27696e-01  3.65744e-01  4.27696e-01  0.00000e+00
  -8936.36  6367.1875  4.66685e-01  5.12825e-01  4.66685e-01  0.00000e+00
  -8907.81  6367.8125  4.68135e-01  4.91661e-01  4.68135e-01  0.00000e+00
  -8879.26  6368.4375  4.36641e-01  3.95842e-01  4.36641e-01  0.00000e+00
  -8850.71  6369.0625  4.36346e-01  4.47716e-01  4.36346e-01  0.00000e+00
  -8822.15  6369.6875  4.36826e-01  4.50669e-01  4.36826e-01  0.00000e+00
  -8793.60  6370.3125  4.18033e-01  4.10322e-01  4.18033e-01  0.00000e+00
  -8765.05  6370.9375  4.04312e-01  3.99991e-01  4.04312e-01  0.00000e+00
  -8736.50  6371.5625  4.17048e-01  3.88015e-01  4.17048e-01  0.00000e+00
  -8707.95  6372.1875  4.49696e-01  4.86067e-01  4.49696e-01  0.00000e+00
  -8679.40  6372.8125  4.56736e-01  4.47481e-01  4.56736e-01  0.00000e+00
  -8650.85  6373.4375  4.49199e-01  4.60101e-01  4.49199e-01  0.00000e+00
  -8622.30  6374.0625  4.43673e-01  4.21180e-01  4.43673e-01  0.00000e+00
  -8593.75  6374.6875  4.36073e-01  4.79928e-01  4.36073e-01  0.00000e+00
  -8565.20  6375.3125  4.00753e-01  3.74377e-01  4.00753e-01  0.00000e+00
  -8536.64  6375.9375  3.99368e-01  3.55625e-01  3.99368e-01  0.00000e+00
  -8508.09  6376.5625  4.37196e-01  4.94988e-01  4.37196e-01  0.00000e+00
  -8479.54  6377.1875  4.49821e-01  4.08864e-01  4.49821e-01  0.00000e+00
  -8450.99  6377.8125  4.74589e-01  4.88194e-01  4.74589e-01  0.00000e+00
  -8422.44  6378.4375  4.92687e-01  5.10761e-01  4.92687e-01  0.00000e+00
  -8393.89  6379.0625  4.71373e-01  4.85176e-01  4.71373e-01  0.00000e+00
  -8365.34  6379.6875  4.21140e-01  4.21672e-01  4.21140e-01  0.00000e+00
  -8336.79  6380.3125  3.85932e-01  3.44944e-01  3.85932e-01  0.00000e+00
  -8308.24  6380.9375  3.99404e-01  4.07274e-01  3.99404e-01  0.00000e+00
  -8279.69  6381.5625  4.17191e-01  4.33739e-01  4.17191e-01  0.00000e+00
  -8251.13  6382.1875  4.10758e-01  4.09809e-01  4.10758e-01  0.00000e+00
  -8222.58  6382.8125  4.08522e-01  3.86002e-01  4.08522e-01  0.00000e+00
  -8194.03  6383.4375  4.28404e-01  4.40564e-01  4.28404e-01  0.00000e+00
  -8165.48  6384.0625  4.36153e-01  4.53670e-01  4.36153e-01  0.00000e+00
  -8136.93  6384.6875  4.29209e-01  4.01469e-01  4.29209e-01  0.00000e+00
  -8108.38  6385.3125  4.22166e-01  4.66435e-01  4.22166e-01  0.00000e+00
  -8079.83  6385.9375  3.88526e-01  3.62591e-01  3.88526e-01  0.00000e+00
  -8051.28  6386.5625  3.72926e-01  3.57991e-01  3.72926e-01  0.00000e+00
  -8022.73  6387.1875  3.93604e-01  3.87790e-01  3.93604e-01  0.00000e+00
  -7994.17  6387.8125  4.08400e-01  4.49744e-01  4.08400e-01  0.00000e+00
  -7965.62  6388.4375  3.96139e-01  3.54126e-01  3.96139e-01  0.00000e+00
  -7937.07  6389.0625  3.95467e-01  4.31254e-01  3.95467e-01  2.00764e-08
  -7908.52  6389.6875  4.05959e-01  3.44545e-01  4.05957e-01  1.92841e-06
  -7879.97  6390.3125  4.34836e-01  5.08629e-01  4.34786e-01  5.02666e-05
  -7851.42  6390.9375  4.27812e-01  3.83497e-01  4.27457e-01  3.55573e-04
  -7822.87  6391.5625  4.30380e-01  4.40769e-01  4.29698e-01  6.82565e-04
  -7794.32  6392.1875  4.33645e-01  4.50203e-01  4.33290e-01  3.55573e-04
  -7765.77  6392.8125  4.14517e-01  4.07115e-01  4.14466e-01  5.02666e-05
  -7737.22  6393.4375  3.94189e-01  3.95812e-01  3.94187e-01  1.92841e-06
  -7708.66  6394.0625  3.83137e-01  3.70823e-01  3.83137e-01  2.00764e-08
  -7680.11  6394.6875  3.87645e-01  3.88029e-01  3.87645e-01  0.00000e+00
  -7651.56  6395.3125  3.99837e-01  3.98196e-01  3.99837e-01  0.00000e+00
  -7623.01  6395.9375  4.13064e-01  4.16972e-01  4.13064e-01  0.00000e+00
  -7594.46  6396.5625  4.36398e-01  4.08921e-01  4.36398e-01  0.00000e+00
  -7565.91  6397.1875  4.54647e-01  5.22461e-01  4.54647e-01  0.00000e+00
  -7537.36  6397.8125  4.30286e-01  3.78133e-01  4.30286e-01  0.00000e+00
  -7508.81  6398.4375  4.27603e-01  4.38449e-01  4.27603e-01  2.28831e-08
  -7480.26  6399.0625  4.21464e-01  4.53525e-01  4.21462e-01  2.22089e-06
  -7451.71  6399.6875  3.88544e-01  3.54657e-01  3.88484e-01  5.94933e-05
  -7423.15  6400.3125  3.84596e-01  3.78470e-01  3.84133e-01  4.62613e-04
  -7394.60  6400.9375  4.07916e-01  4.09021e-01  4.06732e-01  1.18354e-03
  -7366.05  6401.5625  4.36572e-01  4.32093e-01  4.35388e-01  1.18379e-03
  -7337.50  6402.1875  4.57907e-01  4.80370e-01  4.57444e-01  4.62848e-04
  -7308.95  6402.8125  4.66046e-01  4.40979e-01  4.65987e-01  5.95305e-05
  -7280.40  6403.4375  4.74122e-01  5.07540e-01  4.74120e-01  2.22236e-06
  -7251.85  6404.0625  4.55196e-01  4.49126e-01  4.55196e-01  2.28985e-08
  -7223.30  6404.6875  4.17770e-01  4.31909e-01  4.17770e-01  1.34711e-08
  -7194.75  6405.3125  3.89429e-01  3.46936e-01  3.89428e-01  1.31692e-06
  -7166.19  6405.9375  4.00460e-01  4.13914e-01  4.00424e-01  3.59357e-05
  -7137.64  6406.5625  4.03885e-01  4.29758e-01  4.03589e-01  2.96123e-04
  -7109.09  6407.1875  3.80138e-01  3.56948e-01  3.79273e-01  8.65003e-04
  -7080.54  6407.8125  3.73180e-01  3.70509e-01  3.72160e-01  1.01989e-03
  -7051.99  6408.4375  3.88090e-01  3.77455e-01  3.87649e-01  4.40760e-04
  -7023.44  6409.0625  3.94916e-01  4.37172e-01  3.94855e-01  6.10293e-05
  -6994.89  6409.6875  3.70421e-01  3.40423e-01  3.70362e-01  5.94945e-05
  -6966.34  6410.3125  3.70320e-01  3.55894e-01  3.69915e-01  4.05161e-04
  -6937.79  6410.9375  4.17686e-01  3.95027e-01  4.16908e-01  7.77735e-04
  -6909.24  6411.5625  4.63042e-01  5.34051e-01  4.62635e-01  4.07266e-04
  -6880.68  6412.1875  4.47148e-01  4.15420e-01  4.47035e-01  1.12747e-04
  -6852.13  6412.8125  4.33844e-01  4.29384e-01  4.33450e-01  3.94602e-04
  -6823.58  6413.4375  4.42203e-01  4.44486e-01  4.41450e-01  7.53315e-04
  -6795.03  6414.0625  4.52505e-01  4.49080e-01  4.52110e-01  3.94584e-04
  -6766.48  6414.6875  4.49320e-01  4.78133e-01  4.49207e-01  1.12283e-04
  -6737.93  6415.3125  4.24603e-01  4.00598e-01  4.24199e-01  4.04003e-04
  -6709.38  6415.9375  4.19371e-01  4.09966e-01  4.18598e-01  7.73607e-04
  -6680.83  6416.5625  4.26123e-01  4.51482e-01  4.25664e-01  4.58677e-04
  -6652.28  6417.1875  4.26870e-01  3.91030e-01  4.26411e-01  4.58775e-04
  -6623.73  6417.8125  4.50110e-01  4.65645e-01  4.49336e-01  7.73825e-04
  -6595.17  6418.4375  4.60017e-01  4.83142e-01  4.59613e-01  4.04208e-04
  -6566.62  6419.0625  4.40988e-01  4.24468e-01  4.40872e-01  1.16276e-04
  -6538.07  6419.6875  4.32220e-01  4.27904e-01  4.31755e-01  4.64405e-04
  -6509.52  6420.3125  4.42003e-01  4.36017e-01  4.40817e-01  1.18619e-03
  -6480.97  6420.9375  4.57686e-01  4.64806e-01  4.56388e-01  1.29742e-03
  -6452.42  6421.5625  4.53717e-01  4.79754e-01  4.52386e-01  1.33122e-03
  -6423.87  6422.1875  4.43746e-01  3.87181e-01  4.41571e-01  2.17446e-03
  -6395.32  6422.8125  4.68445e-01  5.10884e-01  4.65628e-01  2.81742e-03
  -6366.77  6423.4375  4.86087e-01  4.58216e-01  4.82880e-01  3.20709e-03
  -6338.21  6424.0625  5.00431e-01  5.26959e-01  4.98339e-01  2.09239e-03
  -6309.66  6424.6875  4.88187e-01  5.01531e-01  4.87008e-01  1.17908e-03
  -6281.11  6425.3125  4.67298e-01  4.24378e-01  4.64898e-01  2.39974e-03
  -6252.56  6425.9375  4.63650e-01  5.16569e-01  4.60169e-01  3.48126e-03
  -6224.01  6426.5625  4.35748e-01  4.01888e-01  4.34019e-01  1.72963e-03
  -6195.46  6427.1875  4.24213e-01  4.20239e-01  4.23472e-01  7.40240e-04
  -6166.91  6427.8125  4.27623e-01  4.43426e-01  4.25992e-01  1.63147e-03
  -6138.36  6428.4375  4.22673e-01  4.07611e-01  4.19883e-01  2.78925e-03
  -6109.81  6429.0625  4.27845e-01  4.28693e-01  4.24193e-01  3.65110e-03
  -6081.26  6429.6875  4.41608e-01  4.39544e-01  4.37601e-01  4.00769e-03
  -6052.70  6430.3125  4.54149e-01  4.59957e-01  4.51019e-01  3.13041e-03
  -6024.15  6430.9375  4.52559e-01  4.65828e-01  4.49453e-01  3.10549e-03
  -5995.60  6431.5625  4.36879e-01  4.23757e-01  4.32072e-01  4.80735e-03
  -5967.05  6432.1875  4.18074e-01  4.41524e-01  4.14335e-01  3.73932e-03
  -5938.50  6432.8125  4.08699e-01  3.53082e-01  4.06194e-01  2.50500e-03
  -5909.95  6433.4375  4.47811e-01  4.66567e-01  4.43423e-01  4.38808e-03
  -5881.40  6434.0625  4.83457e-01  5.02133e-01  4.77693e-01  5.76397e-03
  -5852.85  6434.6875  4.83248e-01  4.85314e-01  4.77963e-01  5.28464e-03
  -5824.30  6435.3125  4.65608e-01  4.69866e-01  4.59286e-01  6.32227e-03
  -5795.75  6435.9375  4.40712e-01  4.40813e-01  4.34648e-01  6.06404e-03
  -5767.19  6436.5625  4.21467e-01  4.09693e-01  4.17290e-01  4.17725e-03
  -5738.64  6437.1875  4.36906e-01  4.02171e-01  4.33044e-01  3.86235e-03
  -5710.09  6437.8125  4.71052e-01  5.29303e-01  4.66405e-01  4.64721e-03
  -5681.54  6438.4375  4.59363e-01  4.42407e-01  4.55307e-01  4.05593e-03
  -5652.99  6439.0625  4.39871e-01  4.33862e-01  4.35633e-01  4.23807e-03
  -5624.44  6439.6875  4.38558e-01  4.34580e-01  4.35485e-01  3.07216e-03
  -5595.89  6440.3125  4.37231e-01  4.54197e-01  4.33234e-01  3.99713e-03
  -5567.34  6440.9375  4.28740e-01  4.08028e-01  4.20877e-01  7.86286e-03
  -5538.79  6441.5625  4.39636e-01  4.33076e-01  4.28382e-01  1.12534e-02
  -5510.24  6442.1875  4.39229e-01  4.96952e-01  4.28769e-01  1.04605e-02
  -5481.68  6442.8125  4.19004e-01  3.30214e-01  4.11209e-01  7.79459e-03
  -5453.13  6443.4375  4.55571e-01  4.98513e-01  4.49977e-01  5.59378e-03
  -5424.58  6444.0625  4.73208e-01  4.96873e-01  4.68042e-01  5.16596e-03
  -5396.03  6444.6875  4.51412e-01  4.27129e-01  4.45295e-01  6.11657e-03
  -5367.48  6445.3125  4.53794e-01  4.40007e-01  4.48243e-01  5.55037e-03
  -5338.93  6445.9375  4.75740e-01  4.96578e-01  4.70390e-01  5.35025e-03
  -5310.38  6446.5625  4.75335e-01  4.82548e-01  4.68508e-01  6.82693e-03
  -5281.83  6447.1875  4.65263e-01  4.45115e-01  4.57565e-01  7.69766e-03
  -5253.28  6447.8125  4.74150e-01  4.76892e-01  4.66828e-01  7.32169e-03
  -5224.72  6448.4375  4.71640e-01  5.06225e-01  4.64784e-01  6.85529e-03
  -5196.17  6449.0625  4.43600e-01  4.07166e-01  4.34653e-01  8.94765e-03
  -5167.62  6449.6875  4.35294e-01  4.48846e-01  4.26744e-01  8.54994e-03
  -5139.07  6450.3125  4.37113e-01  4.24465e-01  4.28975e-01  8.13893e-03
  -5110.52  6450.9375  4.40381e-01  4.54504e-01  4.30140e-01  1.02410e-02
  -5081.97  6451.5625  4.34892e-01  4.30733e-01  4.23506e-01  1.13855e-02
  -5053.42  6452.1875  4.33336e-01  4.21578e-01  4.20756e-01  1.25797e-02
  -5024.87  6452.8125  4.38896e-01  4.57264e-01  4.23848e-01  1.50485e-02
  -4996.32  6453.4375  4.35538e-01  4.20690e-01  4.19679e-01  1.58589e-02
  -4967.77  6454.0625  4.29267e-01  4.50003e-01  4.12929e-01  1.63382e-02
  -4939.21  6454.6875  4.15589e-01  3.96038e-01  4.00249e-01  1.53401e-02
  -4910.66  6455.3125  4.17647e-01  4.15825e-01  4.03854e-01  1.37931e-02
  -4882.11  6455.9375  4.41693e-01  4.25914e-01  4.27869e-01  1.38240e-02
  -4853.56  6456.5625  4.66321e-01  5.02951e-01  4.51468e-01  1.48521e-02
  -4825.01  6457.1875  4.50381e-01  4.52088e-01  4.35042e-01  1.53390e-02
  -4796.46  6457.8125  4.10731e-01  4.13392e-01  3.93672e-01  1.70588e-02
  -4767.91  6458.4375  3.96723e-01  3.41780e-01  3.80269e-01  1.64541e-02
  -4739.36  6459.0625  4.22811e-01  4.77847e-01  4.06354e-01  1.64572e-02
  -4710.81  6459.6875  4.37842e-01  3.87338e-01  4.21550e-01  1.62924e-02
  -4682.26  6460.3125  4.62654e-01  5.06928e-01  4.45549e-01  1.71053e-02
  -4653.70  6460.9375  4.71962e-01  4.46723e-01  4.55432e-01  1.65300e-02
  -4625.15  6461.5625  4.80330e-01  4.95470e-01  4.61435e-01  1.88956e-02
  -4596.60  6462.1875  4.77106e-01  4.86477e-01  4.55041e-01  2.20647e-02
  -4568.05  6462.8125  4.62849e-01  4.46531e-01  4.43956e-01  1.88928e-02
  -4539.50  6463.4375  4.60331e-01  4.66025e-01  4.45795e-01  1.45363e-02
  -4510.95  6464.0625  4.55600e-01  4.64277e-01  4.41046e-01  1.45540e-02
  -4482.40  6464.6875  4.55025e-01  4.23971e-01  4.34419e-01  2.06066e-02
  -4453.85  6465.3125  4.83462e-01  4.92568e-01  4.59002e-01  2.44601e-02
  -4425.30  6465.9375  4.93305e-01  5.35921e-01  4.70431e-01  2.28735e-02
  -4396.74  6466.5625  4.55933e-01  4.31370e-01  4.35012e-01  2.09214e-02
  -4368.19  6467.1875  4.15167e-01  4.34165e-01  3.91939e-01  2.32281e-02
  -4339.64  6467.8125  3.92648e-01  3.43512e-01  3.66626e-01  2.60219e-02
  -4311.09  6468.4375  4.25296e-01  4.21926e-01  3.97908e-01  2.73881e-02
  -4282.54  6469.0625  4.58842e-01  5.13995e-01  4.28110e-01  3.07323e-02
  -4253.99  6469.6875  4.36343e-01  4.13612e-01  4.04732e-01  3.16113e-02
  -4225.44  6470.3125  4.15013e-01  4.09497e-01  3.87519e-01  2.74944e-02
  -4196.89  6470.9375  4.28237e-01  4.01319e-01  4.00882e-01  2.73548e-02
  -4168.34  6471.5625  4.60625e-01  4.95817e-01  4.27961e-01  3.26642e-02
  -4139.79  6472.1875  4.70409e-01  4.57886e-01  4.39874e-01  3.05350e-02
  -4111.23  6472.8125  4.81751e-01  4.72420e-01  4.56722e-01  2.50289e-02
  -4082.68  6473.4375  5.03362e-01  5.15765e-01  4.78721e-01  2.46403e-02
  -4054.13  6474.0625  4.95215e-01  5.27624e-01  4.68796e-01  2.64194e-02
  -4025.58  6474.6875  4.47683e-01  4.33013e-01  4.19054e-01  2.86285e-02
  -3997.03  6475.3125  4.37747e-01  3.72098e-01  4.02504e-01  3.52431e-02
  -3968.48  6475.9375  4.94529e-01  5.44810e-01  4.23515e-01  7.10142e-02
  -3939.93  6476.5625  5.52264e-01  5.03488e-01  4.02535e-01  1.49729e-01
  -3911.38  6477.1875  6.10103e-01  6.69837e-01  3.74827e-01  2.35277e-01
  -3882.83  6477.8125  6.10088e-01  6.20079e-01  3.34098e-01  2.75990e-01
  -3854.28  6478.4375  5.65112e-01  5.60839e-01  2.86817e-01  2.78295e-01
  -3825.72  6479.0625  5.21454e-01  5.13512e-01  2.66552e-01  2.54901e-01
  -3797.17  6479.6875  4.76023e-01  5.04636e-01  2.41517e-01  2.34506e-01
  -3768.62  6480.3125  4.43734e-01  3.65804e-01  1.97714e-01  2.46020e-01
  -3740.07  6480.9375  4.79059e-01  5.09420e-01  1.84699e-01  2.94360e-01
  -3711.52  6481.5625  5.06511e-01  5.31078e-01  1.69631e-01  3.36880e-01
  -3682.97  6482.1875  5.05846e-01  4.70317e-01  1.69970e-01  3.35876e-01
  -3654.42  6482.8125  5.16707e-01  5.49142e-01  1.79424e-01  3.37282e-01
  -3625.87  6483.4375  5.03026e-01  5.07088e-01  1.51079e-01  3.51947e-01
  -3597.32  6484.0625  4.73864e-01  4.60965e-01  1.21172e-01  3.52692e-01
  -3568.76  6484.6875  4.67787e-01  4.50867e-01  1.36868e-01  3.30919e-01
  -3540.21  6485.3125  4.77994e-01  5.02026e-01  1.62191e-01  3.15803e-01
  -3511.66  6485.9375  4.76063e-01  4.60619e-01  1.47564e-01  3.28498e-01
  -3483.11  6486.5625  4.76928e-01  4.81953e-01  1.24480e-01  3.52448e-01
  -3454.56  6487.1875  4.67769e-01  4.88310e-01  1.10460e-01  3.57310e-01
  -3426.01  6487.8125  4.41883e-01  4.21668e-01  1.08625e-01  3.33258e-01
  -3397.46  6488.4375  4.44079e-01  4.18828e-01  1.19592e-01  3.24487e-01
  -3368.91  6489.0625  4.61659e-01  5.10622e-01  1.10847e-01  3.50812e-01
  -3340.36  6489.6875  4.26866e-01  4.32838e-01  8.68878e-02  3.39978e-01
  -3311.81  6490.3125  3.66789e-01  3.47937e-01  7.04535e-02  2.96335e-01
  -3283.25  6490.9375  3.32439e-01  3.24384e-01  6.38821e-02  2.68557e-01
  -3254.70  6491.5625  3.37172e-01  3.08831e-01  5.59860e-02  2.81186e-01
  -3226.15  6492.1875  3.78619e-01  3.87868e-01  6.34767e-02  3.15143e-01
  -3197.60  6492.8125  4.07041e-01  4.37503e-01  6.58579e-02  3.41183e-01
  -3169.05  6493.4375  3.97472e-01  3.85300e-01  5.86774e-02  3.38794e-01
  -3140.50  6494.0625  3.85738e-01  3.85302e-01  5.21910e-02  3.33547e-01
  -3111.95  6494.6875  3.82953e-01  3.78901e-01  5.10180e-02  3.31935e-01
  -3083.40  6495.3125  3.77867e-01  3.92780e-01  5.52352e-02  3.22632e-01
  -3054.85  6495.9375  3.65553e-01  3.47705e-01  5.40728e-02  3.11480e-01
  -3026.30  6496.5625  3.58157e-01  3.75436e-01  5.49983e-02  3.03159e-01
  -2997.74  6497.1875  3.46555e-01  3.31931e-01  6.10188e-02  2.85536e-01
  -2969.19  6497.8125  3.40616e-01  3.49105e-01  6.23178e-02  2.78299e-01
  -2940.64  6498.4375  3.49706e-01  3.17116e-01  5.96456e-02  2.90060e-01
  -2912.09  6499.0625  3.67300e-01  4.18391e-01  6.59929e-02  3.01308e-01
  -2883.54  6499.6875  3.48042e-01  3.28354e-01  5.75122e-02  2.90530e-01
  -2854.99  6500.3125  3.26317e-01  3.26072e-01  5.38965e-02  2.72420e-01
  -2826.44  6500.9375  3.33390e-01  3.02480e-01  5.45045e-02  2.78886e-01
  -2797.89  6501.5625  3.70950e-01  3.88718e-01  5.52779e-02  3.15672e-01
  -2769.34  6502.1875  3.89273e-01  4.14652e-01  3.61132e-02  3.53160e-01
  -2740.78  6502.8125  3.83283e-01  3.49488e-01  2.55036e-02  3.57780e-01
  -2712.23  6503.4375  3.85868e-01  4.20604e-01  3.21995e-02  3.53669e-01
  -2683.68  6504.0625  3.73413e-01  3.54783e-01  2.76434e-02  3.45769e-01
  -2655.13  6504.6875  3.71141e-01  3.62311e-01  1.66304e-02  3.54511e-01
  -2626.58  6505.3125  3.90395e-01  3.92197e-01  1.35698e-02  3.76825e-01
  -2598.03  6505.9375  4.23178e-01  4.04173e-01  2.44837e-02  3.98694e-01
  -2569.48  6506.5625  4.49133e-01  5.00447e-01  4.09479e-02  4.08185e-01
  -2540.93  6507.1875  4.16787e-01  4.20703e-01  3.70282e-02  3.79759e-01
  -2512.38  6507.8125  3.70677e-01  3.35110e-01  2.48883e-02  3.45788e-01
  -2483.83  6508.4375  3.75758e-01  3.63076e-01  2.77308e-02  3.48028e-01
  -2455.27  6509.0625  4.18343e-01  4.18071e-01  5.31881e-02  3.65155e-01
  -2426.72  6509.6875  4.50014e-01  4.84476e-01  7.62382e-02  3.73776e-01
  -2398.17  6510.3125  4.50829e-01  4.26477e-01  7.73905e-02  3.73438e-01
  -2369.62  6510.9375  4.58889e-01  4.64589e-01  7.54176e-02  3.83472e-01
  -2341.07  6511.5625  4.60434e-01  4.83967e-01  7.03266e-02  3.90107e-01
  -2312.52  6512.1875  4.60726e-01  4.07187e-01  5.52722e-02  4.05453e-01
  -2283.97  6512.8125  5.19818e-01  5.14430e-01  4.02916e-02  4.79526e-01
  -2255.42  6513.4375  5.90937e-01  6.35112e-01  2.62221e-02  5.64714e-01
  -2226.87  6514.0625  6.08542e-01  6.09566e-01  2.37329e-02  5.84809e-01
  -2198.32  6514.6875  6.15748e-01  5.85289e-01  2.54951e-02  5.90253e-01
  -2169.76  6515.3125  6.48279e-01  6.70888e-01  3.01111e-02  6.18168e-01
  -2141.21  6515.9375  6.74654e-01  6.63734e-01  4.50498e-02  6.29604e-01
  -2112.66  6516.5625  6.84667e-01  7.17145e-01  4.99949e-02  6.34672e-01
  -2084.11  6517.1875  6.82915e-01  6.38553e-01  4.63308e-02  6.36584e-01
  -2055.56  6517.8125  7.00012e-01  7.35256e-01  4.02821e-02  6.59730e-01
  -2027.01  6518.4375  7.02279e-01  6.92110e-01  3.64364e-02  6.65842e-01
  -1998.46  6519.0625  7.00430e-01  6.95663e-01  5.53612e-02  6.45069e-01
  -1969.91  6519.6875  6.97343e-01  7.18461e-01  6.56398e-02  6.31703e-01
  -1941.36  6520.3125  6.75537e-01  6.65971e-01  4.26648e-02  6.32872e-01
  -1912.80  6520.9375  6.61048e-01  6.49421e-01  2.77115e-02  6.33336e-01
  -1884.25  6521.5625  6.69865e-01  6.64928e-01  2.76781e-02  6.42187e-01
  -1855.70  6522.1875  6.87479e-01  6.96699e-01  2.82772e-02  6.59202e-01
  -1827.15  6522.8125  7.02643e-01  6.91331e-01  3.10920e-02  6.71551e-01
  -1798.60  6523.4375  7.20912e-01  7.31735e-01  3.40859e-02  6.86826e-01
  -1770.05  6524.0625  7.32739e-01  7.30945e-01  3.46144e-02  6.98124e-01
  -1741.50  6524.6875  7.48104e-01  7.36432e-01  3.38994e-02  7.14205e-01
  -1712.95  6525.3125  7.85161e-01  7.76832e-01  3.36909e-02  7.51470e-01
  -1684.40  6525.9375  8.52390e-01  8.36655e-01  3.59056e-02  8.16484e-01
  -1655.85  6526.5625  9.85623e-01  9.17196e-01  4.18561e-02  9.43767e-01
  -1627.29  6527.1875  1.18222e+00  1.24366e+00  5.66392e-02  1.12558e+00
  -1598.74  6527.8125  1.32807e+00  1.34474e+00  5.18146e-02  1.27626e+00
  -1570.19  6528.4375  1.40535e+00  1.42436e+00  5.03320e-02  1.35501e+00
  -1541.64  6529.0625  1.44852e+00  1.44109e+00  5.52793e-02  1.39324e+00
  -1513.09  6529.6875  1.47238e+00  1.50180e+00  6.16005e-02  1.41078e+00
  -1484.54  6530.3125  1.47139e+00  1.45434e+00  5.37220e-02  1.41766e+00
  -1455.99  6530.9375  1.47503e+00  1.47340e+00  3.97808e-02  1.43525e+00
  -1427.44  6531.5625  1.46480e+00  1.50929e+00  3.94485e-02  1.42535e+00
  -1398.89  6532.1875  1.42785e+00  1.37805e+00  3.40747e-02  1.39378e+00
  -1370.34  6532.8125  1.44407e+00  1.42003e+00  3.82027e-02  1.40587e+00
  -1341.78  6533.4375  1.50401e+00  1.53243e+00  4.54799e-02  1.45853e+00
  -1313.23  6534.0625  1.54548e+00  1.54133e+00  5.98677e-02  1.48561e+00
  -1284.68  6534.6875  1.58230e+00  1.56748e+00  8.64104e-02  1.49589e+00
  -1256.13  6535.3125  1.59574e+00  1.67240e+00  1.06622e-01  1.48911e+00
  -1227.58  6535.9375  1.54794e+00  1.49427e+00  9.68024e-02  1.45114e+00
  -1199.03  6536.5625  1.51357e+00  1.53374e+00  7.69536e-02  1.43661e+00
  -1170.48  6537.1875  1.48863e+00  1.48192e+00  7.35524e-02  1.41508e+00
  -1141.93  6537.8125  1.50191e+00  1.43499e+00  8.13881e-02  1.42052e+00
  -1113.38  6538.4375  1.58726e+00  1.62008e+00  9.04184e-02  1.49684e+00
  -1084.83  6539.0625  1.65972e+00  1.67737e+00  9.61917e-02  1.56352e+00
  -1056.27  6539.6875  1.70088e+00  1.68136e+00  9.17725e-02  1.60910e+00
  -1027.72  6540.3125  1.73207e+00  1.77866e+00  8.73070e-02  1.64476e+00
   -999.17  6540.9375  1.79737e+00  1.66199e+00  7.43868e-02  1.72298e+00
   -970.62  6541.5625  2.06132e+00  1.98125e+00  7.56184e-02  1.98570e+00
   -942.07  6542.1875  2.44807e+00  2.54956e+00  7.39233e-02  2.37414e+00
   -913.52  6542.8125  2.69492e+00  2.79042e+00  1.03103e-01  2.59182e+00
   -884.97  6543.4375  2.76158e+00  2.74896e+00  1.40347e-01  2.62123e+00
   -856.42  6544.0625  2.76828e+00  2.79703e+00  1.42742e-01  2.62553e+00
   -827.87  6544.6875  2.77045e+00  2.71633e+00  1.49807e-01  2.62064e+00
   -799.31  6545.3125  2.76655e+00  2.87507e+00  1.74633e-01  2.59192e+00
   -770.76  6545.9375  2.72508e+00  2.59575e+00  1.57545e-01  2.56753e+00
   -742.21  6546.5625  2.73433e+00  2.82971e+00  1.59903e-01  2.57443e+00
   -713.66  6547.1875  2.69660e+00  2.69147e+00  1.46962e-01  2.54964e+00
   -685.11  6547.8125  2.65123e+00  2.58298e+00  1.28169e-01  2.52306e+00
   -656.56  6548.4375  2.65560e+00  2.72708e+00  1.42806e-01  2.51280e+00
   -628.01  6549.0625  2.64694e+00  2.57855e+00  1.70811e-01  2.47613e+00
   -599.46  6549.6875  2.67229e+00  2.69987e+00  1.77683e-01  2.49461e+00
   -570.91  6550.3125  2.71259e+00  2.69186e+00  1.72718e-01  2.53987e+00
   -542.36  6550.9375  2.77390e+00  2.76480e+00  1.63530e-01  2.61037e+00
   -513.80  6551.5625  2.90611e+00  2.83272e+00  1.58274e-01  2.74784e+00
   -485.25  6552.1875  3.18302e+00  3.10910e+00  1.51589e-01  3.03144e+00
   -456.70  6552.8125  3.51938e+00  3.65681e+00  1.42351e-01  3.37703e+00
   -428.15  6553.4375  3.70476e+00  3.72692e+00  1.43909e-01  3.56085e+00
   -399.60  6554.0625  3.75279e+00  3.79475e+00  1.70399e-01  3.58239e+00
   -371.05  6554.6875  3.70730e+00  3.74092e+00  2.27880e-01  3.47943e+00
   -342.50  6555.3125  3.61907e+00  3.58027e+00  2.73929e-01  3.34514e+00
   -313.95  6555.9375  3.64028e+00  3.50647e+00  2.80148e-01  3.36013e+00
   -285.40  6556.5625  3.79536e+00  3.88291e+00  3.08846e-01  3.48651e+00
   -256.85  6557.1875  3.66235e+00  4.09016e+00  3.07303e-01  3.35505e+00
   -228.29  6557.8125  3.01957e+00  2.83749e+00  2.10254e-01  2.80931e+00
   -199.74  6558.4375  2.37668e+00  2.36193e+00  2.45664e-01  2.13102e+00
   -171.19  6559.0625  2.04614e+00  1.72067e+00  4.57791e-01  1.58835e+00
   -142.64  6559.6875  2.14016e+00  2.18780e+00  6.51862e-01  1.48830e+00
   -114.09  6560.3125  2.43701e+00  2.32910e+00  7.28189e-01  1.70882e+00
    -85.54  6560.9375  3.01705e+00  2.82268e+00  8.78986e-01  2.13807e+00
    -56.99  6561.5625  4.76527e+00  3.44207e+00  1.24330e+00  3.52197e+00
    -28.44  6562.1875  9.02073e+00  7.86959e+00  1.84808e+00  7.17264e+00
      0.11  6562.8125  1.41003e+01  1.65864e+01  2.28237e+00  1.18179e+01
     28.67  6563.4375  1.63231e+01  1.67581e+01  2.37709e+00  1.39460e+01
     57.22  6564.0625  1.61581e+01  1.66693e+01  2.52428e+00  1.36338e+01
     85.77  6564.6875  1.45615e+01  1.52391e+01  2.54341e+00  1.20181e+01
    114.32  6565.3125  1.19245e+01  1.16402e+01  2.14917e+00  9.77531e+00
    142.87  6565.9375  9.44360e+00  9.11748e+00  1.66534e+00  7.77827e+00
    171.42  6566.5625  7.67364e+00  7.47983e+00  1.46600e+00  6.20764e+00
    199.97  6567.1875  6.48787e+00  6.29519e+00  1.47074e+00  5.01714e+00
    228.52  6567.8125  5.68085e+00  5.68532e+00  1.44098e+00  4.23987e+00
    257.07  6568.4375  4.94637e+00  5.02915e+00  1.28154e+00  3.66483e+00
    285.62  6569.0625  4.22956e+00  4.02811e+00  9.98744e-01  3.23082e+00
    314.18  6569.6875  3.78486e+00  3.69599e+00  8.22878e-01  2.96198e+00
    342.73  6570.3125  3.57799e+00  3.57785e+00  8.17014e-01  2.76098e+00
    371.28  6570.9375  3.41804e+00  3.43752e+00  8.53095e-01  2.56494e+00
    399.83  6571.5625  3.20543e+00  3.26004e+00  8.60038e-01  2.34539e+00
    428.38  6572.1875  2.98202e+00  2.85893e+00  8.56308e-01  2.12571e+00
    456.93  6572.8125  2.87689e+00  2.89634e+00  8.84423e-01  1.99246e+00
    485.48  6573.4375  2.80971e+00  2.82470e+00  8.91938e-01  1.91777e+00
    514.03  6574.0625  2.71623e+00  2.71428e+00  8.98544e-01  1.81768e+00
    542.58  6574.6875  2.61724e+00  2.61206e+00  9.03323e-01  1.71392e+00
    571.13  6575.3125  2.50200e+00  2.54097e+00  8.62303e-01  1.63970e+00
    599.69  6575.9375  2.34143e+00  2.34182e+00  7.63646e-01  1.57778e+00
    628.24  6576.5625  2.22540e+00  2.11184e+00  7.02173e-01  1.52323e+00
    656.79  6577.1875  2.25063e+00  2.26352e+00  7.55770e-01  1.49486e+00
    685.34  6577.8125  2.30623e+00  2.33986e+00  8.21831e-01  1.48440e+00
    713.89  6578.4375  2.29138e+00  2.32492e+00  8.11412e-01  1.47997e+00
    742.44  6579.0625  2.20252e+00  2.22411e+00  7.29505e-01  1.47302e+00
    770.99  6579.6875  2.14559e+00  2.00265e+00  6.64455e-01  1.48113e+00
    799.54  6580.3125  2.18350e+00  2.32197e+00  6.93117e-01  1.49038e+00
    828.09  6580.9375  2.16125e+00  2.09605e+00  7.28081e-01  1.43317e+00
    856.65  6581.5625  2.12628e+00  2.15865e+00  7.41844e-01  1.38443e+00
    885.20  6582.1875  2.07234e+00  2.09226e+00  7.20042e-01  1.35230e+00
    913.75  6582.8125  2.00303e+00  1.95549e+00  7.16093e-01  1.28694e+00
    942.30  6583.4375  1.97579e+00  1.98886e+00  7.32616e-01  1.24318e+00
    970.85  6584.0625  1.95880e+00  1.96169e+00  7.02644e-01  1.25616e+00
    999.40  6584.6875  1.94784e+00  1.91725e+00  6.92936e-01  1.25491e+00
   1027.95  6585.3125  1.93490e+00  2.00389e+00  7.12921e-01  1.22198e+00
   1056.50  6585.9375  1.87392e+00  1.83231e+00  6.66819e-01  1.20710e+00
   1085.05  6586.5625  1.83280e+00  1.82400e+00  6.14073e-01  1.21873e+00
   1113.60  6587.1875  1.82376e+00  1.82844e+00  6.12397e-01  1.21136e+00
   1142.16  6587.8125  1.82083e+00  1.81276e+00  6.66358e-01  1.15447e+00
   1170.71  6588.4375  1.83366e+00  1.81809e+00  7.31214e-01  1.10245e+00
   1199.26  6589.0625  1.84403e+00  1.89412e+00  7.59537e-01  1.08450e+00
   1227.81  6589.6875  1.83635e+00  1.76752e+00  7.43346e-01  1.09300e+00
   1256.36  6590.3125  1.84219e+00  1.92333e+00  7.45003e-01  1.09719e+00
   1284.91  6590.9375  1.79534e+00  1.77013e+00  7.12275e-01  1.08307e+00
   1313.46  6591.5625  1.73990e+00  1.73274e+00  6.64948e-01  1.07495e+00
   1342.01  6592.1875  1.71339e+00  1.70292e+00  6.36163e-01  1.07723e+00
   1370.56  6592.8125  1.71691e+00  1.70008e+00  6.42211e-01  1.07470e+00
   1399.11  6593.4375  1.75217e+00  1.74286e+00  6.73838e-01  1.07834e+00
   1427.67  6594.0625  1.75957e+00  1.84564e+00  6.91311e-01  1.06826e+00
   1456.22  6594.6875  1.68815e+00  1.64138e+00  6.59414e-01  1.02874e+00
   1484.77  6595.3125  1.65324e+00  1.60825e+00  6.52670e-01  1.00057e+00
   1513.32  6595.9375  1.67895e+00  1.71918e+00  6.77611e-01  1.00134e+00
   1541.87  6596.5625  1.67549e+00  1.68801e+00  6.81103e-01  9.94388e-01
   1570.42  6597.1875  1.67749e+00  1.59326e+00  6.84414e-01  9.93076e-01
   1598.97  6597.8125  1.68293e+00  1.85519e+00  6.93464e-01  9.89467e-01
   1627.52  6598.4375  1.59138e+00  1.45394e+00  6.36904e-01  9.54479e-01
   1656.07  6599.0625  1.55722e+00  1.59644e+00  6.25577e-01  9.31645e-01
   1684.63  6599.6875  1.54248e+00  1.55465e+00  6.22604e-01  9.19872e-01
   1713.18  6600.3125  1.52131e+00  1.47430e+00  6.05964e-01  9.15342e-01
   1741.73  6600.9375  1.55558e+00  1.55038e+00  6.28479e-01  9.27106e-01
   1770.28  6601.5625  1.59761e+00  1.64310e+00  6.66735e-01  9.30876e-01
   1798.83  6602.1875  1.58465e+00  1.58154e+00  6.75047e-01  9.09600e-01
   1827.38  6602.8125  1.53598e+00  1.55888e+00  6.52885e-01  8.83092e-01
   1855.93  6603.4375  1.48760e+00  1.43787e+00  6.05861e-01  8.81740e-01
   1884.48  6604.0625  1.49467e+00  1.48831e+00  6.02920e-01  8.91747e-01
   1913.03  6604.6875  1.51939e+00  1.55305e+00  6.49225e-01  8.70162e-01
   1941.58  6605.3125  1.50534e+00  1.50230e+00  6.72267e-01  8.33071e-01
   1970.14  6605.9375  1.45469e+00  1.48956e+00  6.49000e-01  8.05694e-01
   1998.69  6606.5625  1.37798e+00  1.34828e+00  5.92927e-01  7.85053e-01
   2027.24  6607.1875  1.34993e+00  1.29924e+00  5.60482e-01  7.89449e-01
   2055.79  6607.8125  1.39005e+00  1.41574e+00  5.75037e-01  8.15013e-01
   2084.34  6608.4375  1.41256e+00  1.43756e+00  5.85421e-01  8.27143e-01
   2112.89  6609.0625  1.39036e+00  1.38710e+00  5.99322e-01  7.91042e-01
   2141.44  6609.6875  1.37104e+00  1.34797e+00  6.11059e-01  7.59982e-01
   2169.99  6610.3125  1.39236e+00  1.37590e+00  6.34687e-01  7.57674e-01
   2198.54  6610.9375  1.42246e+00  1.46660e+00  6.59706e-01  7.62758e-01
   2227.09  6611.5625  1.39358e+00  1.41140e+00  6.38176e-01  7.55402e-01
   2255.65  6612.1875  1.31606e+00  1.31447e+00  6.01017e-01  7.15048e-01
   2284.20  6612.8125  1.23893e+00  1.22246e+00  5.61987e-01  6.76944e-01
   2312.75  6613.4375  1.19385e+00  1.17783e+00  5.31564e-01  6.62284e-01
   2341.30  6614.0625  1.17823e+00  1.18206e+00  5.22833e-01  6.55402e-01
   2369.85  6614.6875  1.17241e+00  1.16358e+00  5.26477e-01  6.45934e-01
   2398.40  6615.3125  1.16497e+00  1.18518e+00  5.28547e-01  6.36419e-01
   2426.95  6615.9375  1.15271e+00  1.12749e+00  5.34162e-01  6.18546e-01
   2455.50  6616.5625  1.18846e+00  1.14147e+00  5.72519e-01  6.15939e-01
   2484.05  6617.1875  1.25899e+00  1.32829e+00  6.32080e-01  6.26907e-01
   2512.61  6617.8125  1.25406e+00  1.27259e+00  6.41419e-01  6.12637e-01
   2541.16  6618.4375  1.17072e+00  1.19742e+00  5.93585e-01  5.77137e-01
   2569.71  6619.0625  1.09414e+00  9.99754e-01  5.43631e-01  5.50513e-01
   2598.26  6619.6875  1.10456e+00  1.14300e+00  5.58746e-01  5.45815e-01
   2626.81  6620.3125  1.13521e+00  1.10832e+00  5.86231e-01  5.48976e-01
   2655.36  6620.9375  1.15926e+00  1.19635e+00  6.11509e-01  5.47750e-01
   2683.91  6621.5625  1.15204e+00  1.14558e+00  6.18672e-01  5.33367e-01
   2712.46  6622.1875  1.12495e+00  1.13875e+00  6.09105e-01  5.15847e-01
   2741.01  6622.8125  1.10526e+00  1.06457e+00  5.97176e-01  5.08085e-01
   2769.56  6623.4375  1.10182e+00  1.15045e+00  5.97498e-01  5.04326e-01
   2798.12  6624.0625  1.05351e+00  1.06392e+00  5.59532e-01  4.93978e-01
   2826.67  6624.6875  1.00179e+00  9.37171e-01  5.21643e-01  4.80145e-01
   2855.22  6625.3125  1.01614e+00  1.03513e+00  5.43737e-01  4.72400e-01
   2883.77  6625.9375  1.03057e+00  1.05250e+00  5.65063e-01  4.65512e-01
   2912.32  6626.5625  1.00398e+00  1.00944e+00  5.56411e-01  4.47572e-01
   2940.87  6627.1875  9.71961e-01  9.43909e-01  5.43290e-01  4.28671e-01
   2969.42  6627.8125  9.55139e-01  9.87101e-01  5.36235e-01  4.18904e-01
   2997.97  6628.4375  9.31227e-01  8.98875e-01  5.17902e-01  4.13326e-01
   3026.52  6629.0625  9.16671e-01  9.43729e-01  5.05072e-01  4.11599e-01
   3055.07  6629.6875  9.01757e-01  8.71324e-01  5.07142e-01  3.94615e-01
   3083.63  6630.3125  8.89700e-01  9.27389e-01  5.05610e-01  3.84090e-01
   3112.18  6630.9375  8.54640e-01  8.40093e-01  4.68143e-01  3.86497e-01
   3140.73  6631.5625  8.34422e-01  8.05349e-01  4.48344e-01  3.86077e-01
   3169.28  6632.1875  8.51582e-01  8.65272e-01  4.75727e-01  3.75855e-01
   3197.83  6632.8125  8.59594e-01  8.77004e-01  4.91581e-01  3.68013e-01
   3226.38  6633.4375  8.58927e-01  8.18341e-01  4.91382e-01  3.67545e-01
   3254.93  6634.0625  8.59216e-01  9.34290e-01  5.01483e-01  3.57734e-01
   3283.48  6634.6875  8.40962e-01  7.41469e-01  4.98523e-01  3.42439e-01
   3312.03  6635.3125  8.59206e-01  9.45502e-01  5.26011e-01  3.33195e-01
   3340.58  6635.9375  8.29400e-01  8.17278e-01  5.16494e-01  3.12906e-01
   3369.14  6636.5625  8.00351e-01  7.42992e-01  5.05688e-01  2.94663e-01
   3397.69  6637.1875  8.25786e-01  8.67255e-01  5.43014e-01  2.82772e-01
   3426.24  6637.8125  8.09266e-01  8.46827e-01  5.34844e-01  2.74422e-01
   3454.79  6638.4375  7.33585e-01  7.09585e-01  4.66618e-01  2.66967e-01
   3483.34  6639.0625  6.65133e-01  6.68698e-01  4.00759e-01  2.64374e-01
   3511.89  6639.6875  6.34331e-01  5.85664e-01  3.67888e-01  2.66443e-01
   3540.44  6640.3125  6.59916e-01  6.74439e-01  3.89868e-01  2.70048e-01
   3568.99  6640.9375  7.17106e-01  6.76096e-01  4.51790e-01  2.65316e-01
   3597.54  6641.5625  7.64450e-01  8.61713e-01  5.08829e-01  2.55621e-01
   3626.10  6642.1875  7.36931e-01  6.85944e-01  4.94379e-01  2.42552e-01
   3654.65  6642.8125  7.15470e-01  7.23122e-01  4.79850e-01  2.35619e-01
   3683.20  6643.4375  7.16000e-01  7.07864e-01  4.80907e-01  2.35093e-01
   3711.75  6644.0625  7.17730e-01  7.30092e-01  4.89397e-01  2.28333e-01
   3740.30  6644.6875  7.16094e-01  6.99800e-01  4.94922e-01  2.21171e-01
   3768.85  6645.3125  7.08412e-01  7.45266e-01  4.89969e-01  2.18443e-01
   3797.40  6645.9375  6.94275e-01  6.39275e-01  4.76640e-01  2.17635e-01
   3825.95  6646.5625  7.24834e-01  7.32664e-01  5.03575e-01  2.21260e-01
   3854.50  6647.1875  7.38441e-01  8.03644e-01  5.28082e-01  2.10359e-01
   3883.05  6647.8125  6.83840e-01  6.51204e-01  4.86799e-01  1.97041e-01
   3911.61  6648.4375  6.65684e-01  6.09128e-01  4.61641e-01  2.04043e-01
   3940.16  6649.0625  7.13036e-01  7.59024e-01  4.97756e-01  2.15279e-01
   3968.71  6649.6875  7.35876e-01  7.32087e-01  5.19647e-01  2.16228e-01
   3997.26  6650.3125  7.20321e-01  7.49022e-01  5.11223e-01  2.09098e-01
   4025.81  6650.9375  6.72918e-01  6.65785e-01  4.80293e-01  1.92626e-01
   4054.36  6651.5625  6.44422e-01  6.00257e-01  4.70054e-01  1.74368e-01
   4082.91  6652.1875  6.70478e-01  6.80893e-01  4.92558e-01  1.77920e-01
   4111.46  6652.8125  6.87383e-01  7.28063e-01  4.94253e-01  1.93130e-01
   4140.01  6653.4375  6.86817e-01  6.16345e-01  4.94408e-01  1.92409e-01
   4168.56  6654.0625  7.30798e-01  7.67180e-01  5.40166e-01  1.90633e-01
   4197.12  6654.6875  7.28122e-01  7.96467e-01  5.31244e-01  1.96878e-01
   4225.67  6655.3125  6.52223e-01  5.91438e-01  4.63906e-01  1.88318e-01
   4254.22  6655.9375  6.30331e-01  6.04315e-01  4.49450e-01  1.80881e-01
   4282.77  6656.5625  6.74343e-01  6.79290e-01  4.89156e-01  1.85187e-01
   4311.32  6657.1875  7.15459e-01  7.36781e-01  5.20853e-01  1.94606e-01
   4339.87  6657.8125  7.05000e-01  7.41189e-01  5.15163e-01  1.89838e-01
   4368.42  6658.4375  6.55176e-01  6.18953e-01  4.80970e-01  1.74206e-01
   4396.97  6659.0625  6.31455e-01  6.29625e-01  4.67467e-01  1.63987e-01
   4425.52  6659.6875  6.19163e-01  6.40083e-01  4.54202e-01  1.64961e-01
   4454.08  6660.3125  5.96882e-01  5.71300e-01  4.30136e-01  1.66747e-01
   4482.63  6660.9375  5.96624e-01  5.95258e-01  4.32389e-01  1.64235e-01
   4511.18  6661.5625  6.08285e-01  6.15903e-01  4.46920e-01  1.61366e-01
   4539.73  6662.1875  6.08854e-01  6.13114e-01  4.48213e-01  1.60640e-01
   4568.28  6662.8125  5.99719e-01  5.99663e-01  4.42345e-01  1.57374e-01
   4596.83  6663.4375  5.98671e-01  5.80626e-01  4.41425e-01  1.57246e-01
   4625.38  6664.0625  6.18214e-01  6.22866e-01  4.58958e-01  1.59256e-01
   4653.93  6664.6875  6.31431e-01  6.49701e-01  4.79703e-01  1.51728e-01
   4682.48  6665.3125  6.19412e-01  6.17960e-01  4.78347e-01  1.41065e-01
   4711.03  6665.9375  6.06281e-01  5.91674e-01  4.65255e-01  1.41026e-01
   4739.59  6666.5625  6.03322e-01  6.20862e-01  4.56734e-01  1.46587e-01
   4768.14  6667.1875  6.02118e-01  5.73385e-01  4.56985e-01  1.45133e-01
   4796.69  6667.8125  6.07877e-01  6.44020e-01  4.66662e-01  1.41216e-01
   4825.24  6668.4375  5.95397e-01  5.73467e-01  4.52873e-01  1.42525e-01
   4853.79  6669.0625  5.88959e-01  5.92905e-01  4.41893e-01  1.47067e-01
   4882.34  6669.6875  5.92033e-01  5.87833e-01  4.44913e-01  1.47120e-01
   4910.89  6670.3125  6.01769e-01  5.97215e-01  4.65666e-01  1.36102e-01
   4939.44  6670.9375  6.17908e-01  6.21242e-01  4.88832e-01  1.29076e-01
   4967.99  6671.5625  6.31336e-01  6.32682e-01  4.96850e-01  1.34487e-01
   4996.54  6672.1875  6.33523e-01  6.45352e-01  4.98007e-01  1.35516e-01
   5025.10  6672.8125  6.11873e-01  6.23640e-01  4.84404e-01  1.27468e-01
   5053.65  6673.4375  5.72967e-01  5.67279e-01  4.56872e-01  1.16095e-01
   5082.20  6674.0625  5.70790e-01  5.06776e-01  4.55140e-01  1.15650e-01
   5110.75  6674.6875  6.17078e-01  6.83966e-01  4.97554e-01  1.19523e-01
   5139.30  6675.3125  6.21397e-01  6.06959e-01  5.01815e-01  1.19581e-01
   5167.85  6675.9375  5.98383e-01  6.12491e-01  4.73274e-01  1.25109e-01
   5196.40  6676.5625  5.73512e-01  5.57038e-01  4.43712e-01  1.29800e-01
   5224.95  6677.1875  5.70505e-01  5.56294e-01  4.48687e-01  1.21818e-01
   5253.50  6677.8125  5.79517e-01  6.05832e-01  4.66769e-01  1.12749e-01
   5282.06  6678.4375  5.59067e-01  5.68850e-01  4.54237e-01  1.04830e-01
   5310.61  6679.0625  5.51556e-01  4.80283e-01  4.49955e-01  1.01600e-01
   5339.16  6679.6875  6.00626e-01  6.53133e-01  4.93056e-01  1.07570e-01
   5367.71  6680.3125  6.22509e-01  6.21085e-01  5.14254e-01  1.08255e-01
   5396.26  6680.9375  6.01846e-01  6.28549e-01  4.94442e-01  1.07404e-01
   5424.81  6681.5625  5.66461e-01  5.28474e-01  4.55998e-01  1.10462e-01
   5453.36  6682.1875  5.46153e-01  5.79731e-01  4.36532e-01  1.09622e-01
   5481.91  6682.8125  5.16524e-01  4.93713e-01  4.12536e-01  1.03988e-01
   5510.46  6683.4375  4.90959e-01  5.04726e-01  3.79985e-01  1.10974e-01
   5539.01  6684.0625  4.80153e-01  4.46813e-01  3.68694e-01  1.11459e-01
   5567.57  6684.6875  5.08051e-01  5.03270e-01  4.02232e-01  1.05819e-01
   5596.12  6685.3125  5.42231e-01  5.76446e-01  4.34482e-01  1.07749e-01
   5624.67  6685.9375  5.49569e-01  5.23195e-01  4.41889e-01  1.07680e-01
   5653.22  6686.5625  5.50850e-01  5.85946e-01  4.44911e-01  1.05938e-01
   5681.77  6687.1875  5.33992e-01  5.11449e-01  4.29204e-01  1.04787e-01
   5710.32  6687.8125  5.29043e-01  5.25163e-01  4.23567e-01  1.05476e-01
   5738.87  6688.4375  5.35734e-01  5.43628e-01  4.30594e-01  1.05140e-01
   5767.42  6689.0625  5.14825e-01  5.50301e-01  4.17022e-01  9.78030e-02
   5795.97  6689.6875  4.67603e-01  4.26032e-01  3.76334e-01  9.12693e-02
   5824.52  6690.3125  4.63559e-01  4.47443e-01  3.71680e-01  9.18789e-02
   5853.08  6690.9375  4.97889e-01  5.08824e-01  4.04518e-01  9.33702e-02
   5881.63  6691.5625  5.17597e-01  5.36181e-01  4.24943e-01  9.26547e-02
   5910.18  6692.1875  5.08451e-01  5.05655e-01  4.19978e-01  8.84729e-02
   5938.73  6692.8125  5.00012e-01  4.85601e-01  4.11503e-01  8.85087e-02
   5967.28  6693.4375  5.11386e-01  5.13392e-01  4.21463e-01  8.99230e-02
   5995.83  6694.0625  5.38454e-01  5.20612e-01  4.46706e-01  9.17477e-02
   6024.38  6694.6875  5.63681e-01  6.04814e-01  4.71430e-01  9.22511e-02
   6052.93  6695.3125  5.46030e-01  5.43986e-01  4.58213e-01  8.78174e-02
   6081.48  6695.9375  5.11460e-01  5.06233e-01  4.30992e-01  8.04682e-02
   6110.04  6696.5625  5.09701e-01  4.64491e-01  4.32677e-01  7.70242e-02
   6138.59  6697.1875  5.44234e-01  5.89644e-01  4.64907e-01  7.93274e-02
   6167.14  6697.8125  5.47745e-01  5.43698e-01  4.67561e-01  8.01843e-02
   6195.69  6698.4375  5.22924e-01  5.36077e-01  4.45191e-01  7.77328e-02
   6224.24  6699.0625  4.89482e-01  4.77176e-01  4.13597e-01  7.58848e-02
   6252.79  6699.6875  4.76103e-01  4.57701e-01  4.02997e-01  7.31064e-02
   6281.34  6700.3125  4.95204e-01  4.91530e-01  4.21926e-01  7.32779e-02
   6309.89  6700.9375  5.07375e-01  5.47302e-01  4.33777e-01  7.35980e-02
   6338.44  6701.5625  4.87568e-01  4.59474e-01  4.13876e-01  7.36916e-02
   6366.99  6702.1875  5.07625e-01  4.62917e-01  4.32294e-01  7.53311e-02
   6395.55  6702.8125  5.86483e-01  6.10352e-01  5.04314e-01  8.21687e-02
   6424.10  6703.4375  6.19590e-01  6.87786e-01  5.38769e-01  8.08204e-02
   6452.65  6704.0625  5.43764e-01  5.56700e-01  4.75831e-01  6.79329e-02
   6481.20  6704.6875  4.64143e-01  3.70869e-01  4.04603e-01  5.95403e-02
   6509.75  6705.3125  4.79446e-01  5.09591e-01  4.21421e-01  5.80248e-02
   6538.30  6705.9375  4.90159e-01  5.27120e-01  4.34535e-01  5.56241e-02
   6566.85  6706.5625  4.68867e-01  4.14887e-01  4.16431e-01  5.24366e-02
   6595.40  6707.1875  4.92710e-01  4.97853e-01  4.37504e-01  5.52060e-02
   6623.95  6707.8125  5.36047e-01  5.43610e-01  4.75764e-01  6.02822e-02
   6652.50  6708.4375  5.54186e-01  5.76449e-01  4.88051e-01  6.61352e-02
   6681.06  6709.0625  5.32229e-01  5.41235e-01  4.63716e-01  6.85130e-02
   6709.61  6709.6875  4.88915e-01  4.85230e-01  4.25545e-01  6.33698e-02
   6738.16  6710.3125  4.79888e-01  4.17640e-01  4.16882e-01  6.30064e-02
   6766.71  6710.9375  5.14584e-01  5.83315e-01  4.45548e-01  6.90358e-02
   6795.26  6711.5625  5.03185e-01  4.91412e-01  4.33672e-01  6.95128e-02
   6823.81  6712.1875  4.80618e-01  4.60482e-01  4.11974e-01  6.86438e-02
   6852.36  6712.8125  4.99230e-01  4.82176e-01  4.31361e-01  6.78696e-02
   6880.91  6713.4375  5.37036e-01  5.63600e-01  4.75140e-01  6.18957e-02
   6909.46  6714.0625  5.46103e-01  5.52962e-01  4.91397e-01  5.47060e-02
   6938.02  6714.6875  5.30235e-01  5.31403e-01  4.80914e-01  4.93212e-02
   6966.57  6715.3125  5.16733e-01  5.01057e-01  4.64906e-01  5.18264e-02
   6995.12  6715.9375  5.15138e-01  5.29949e-01  4.57079e-01  5.80587e-02
   7023.67  6716.5625  5.19161e-01  4.93071e-01  4.60287e-01  5.88740e-02
   7052.22  6717.1875  5.44892e-01  5.48268e-01  4.87618e-01  5.72736e-02
   7080.77  6717.8125  5.39615e-01  6.13514e-01  4.84112e-01  5.55025e-02
   7109.32  6718.4375  4.88481e-01  3.97433e-01  4.35684e-01  5.27973e-02
   7137.87  6719.0625  4.88879e-01  5.29454e-01  4.39483e-01  4.93966e-02
   7166.42  6719.6875  4.84169e-01  4.92847e-01  4.35477e-01  4.86921e-02
   7194.97  6720.3125  4.68678e-01  4.28417e-01  4.23147e-01  4.55308e-02
   7223.53  6720.9375  4.65058e-01  5.26097e-01  4.17578e-01  4.74799e-02
   7252.08  6721.5625  4.42972e-01  3.80484e-01  3.94558e-01  4.84138e-02
   7280.63  6722.1875  4.81190e-01  4.58054e-01  4.33790e-01  4.74000e-02
   7309.18  6722.8125  5.57467e-01  6.03377e-01  5.06581e-01  5.08863e-02
   7337.73  6723.4375  5.73800e-01  5.98818e-01  5.20468e-01  5.33322e-02
   7366.28  6724.0625  5.35079e-01  5.25436e-01  4.83203e-01  5.18763e-02
   7394.83  6724.6875  4.92887e-01  4.95855e-01  4.40238e-01  5.26487e-02
   7423.38  6725.3125  4.86975e-01  4.25205e-01  4.33082e-01  5.38938e-02
   7451.93  6725.9375  5.17616e-01  5.91293e-01  4.68215e-01  4.94010e-02
   7480.48  6726.5625  4.97472e-01  4.84702e-01  4.54390e-01  4.30823e-02
   7509.04  6727.1875  4.90799e-01  4.21210e-01  4.45667e-01  4.51326e-02
   7537.59  6727.8125  5.27641e-01  6.20256e-01  4.81845e-01  4.57961e-02
   7566.14  6728.4375  5.12264e-01  4.64304e-01  4.70780e-01  4.14836e-02
   7594.69  6729.0625  4.97806e-01  5.13011e-01  4.53054e-01  4.47520e-02
   7623.24  6729.6875  4.92542e-01  4.87615e-01  4.44026e-01  4.85162e-02
   7651.79  6730.3125  4.95226e-01  4.79746e-01  4.53225e-01  4.20013e-02
   7680.34  6730.9375  5.11498e-01  5.27863e-01  4.73831e-01  3.76670e-02
   7708.89  6731.5625  5.23458e-01  5.09630e-01  4.82597e-01  4.08605e-02
   7737.44  6732.1875  5.35354e-01  5.49880e-01  4.90444e-01  4.49102e-02
   7765.99  6732.8125  5.31469e-01  5.38958e-01  4.88667e-01  4.28021e-02
   7794.55  6733.4375  5.16577e-01  5.05360e-01  4.78876e-01  3.77013e-02
   7823.10  6734.0625  5.19659e-01  5.05261e-01  4.83599e-01  3.60602e-02
   7851.65  6734.6875  5.36648e-01  5.57077e-01  4.98966e-01  3.76827e-02
   7880.20  6735.3125  5.43552e-01  5.29516e-01  5.04492e-01  3.90606e-02
   7908.75  6735.9375  5.47080e-01  5.62544e-01  5.05792e-01  4.12874e-02
   7937.30  6736.5625  5.27690e-01  5.47511e-01  4.87148e-01  4.05419e-02
   7965.85  6737.1875  5.06433e-01  4.49295e-01  4.69150e-01  3.72828e-02
   7994.40  6737.8125  5.24085e-01  5.63315e-01  4.90183e-01  3.39017e-02
   8022.95  6738.4375  5.10263e-01  5.36047e-01  4.76414e-01  3.38487e-02
   8051.51  6739.0625  4.81926e-01  4.09621e-01  4.46971e-01  3.49558e-02
   8080.06  6739.6875  4.95529e-01  5.58133e-01  4.60942e-01  3.45862e-02
   8108.61  6740.3125  4.78360e-01  4.63347e-01  4.44760e-01  3.36000e-02
   8137.16  6740.9375  4.56284e-01  4.38914e-01  4.20177e-01  3.61070e-02
   8165.71  6741.5625  4.64122e-01  4.62709e-01  4.27358e-01  3.67637e-02
   8194.26  6742.1875  4.68072e-01  4.98145e-01  4.33136e-01  3.49355e-02
   8222.81  6742.8125  4.57209e-01  4.17340e-01  4.25695e-01  3.15138e-02
   8251.36  6743.4375  4.76973e-01  4.84154e-01  4.46442e-01  3.05308e-02
   8279.91  6744.0625  5.07432e-01  5.10145e-01  4.75169e-01  3.22632e-02
   8308.46  6744.6875  5.10239e-01  5.47271e-01  4.75423e-01  3.48167e-02
   8337.02  6745.3125  4.86464e-01  4.43836e-01  4.49206e-01  3.72582e-02
   8365.57  6745.9375  4.79041e-01  5.09883e-01  4.43475e-01  3.55660e-02
   8394.12  6746.5625  4.67152e-01  4.46544e-01  4.36075e-01  3.10779e-02
   8422.67  6747.1875  4.59346e-01  4.71516e-01  4.32336e-01  2.70099e-02
   8451.22  6747.8125  4.67103e-01  4.31731e-01  4.38747e-01  2.83561e-02
   8479.77  6748.4375  4.91856e-01  5.28172e-01  4.57036e-01  3.48198e-02
   8508.32  6749.0625  4.68208e-01  5.08499e-01  4.31985e-01  3.62230e-02
   8536.87  6749.6875  4.31255e-01  3.26804e-01  3.98024e-01  3.32309e-02
   8565.42  6750.3125  4.68134e-01  5.32758e-01  4.34916e-01  3.32177e-02
   8593.97  6750.9375  4.71742e-01  4.89586e-01  4.41418e-01  3.03243e-02
   8622.53  6751.5625  4.45261e-01  3.95443e-01  4.18820e-01  2.64401e-02
   8651.08  6752.1875  4.57930e-01  4.81070e-01  4.33710e-01  2.42199e-02
   8679.63  6752.8125  4.68682e-01  4.71613e-01  4.45650e-01  2.30323e-02
   8708.18  6753.4375  4.79904e-01  4.51627e-01  4.56315e-01  2.35885e-02
   8736.73  6754.0625  5.15437e-01  5.30498e-01  4.89272e-01  2.61650e-02
   8765.28  6754.6875  5.20572e-01  5.68494e-01  4.93582e-01  2.69892e-02
   8793.83  6755.3125  4.83183e-01  4.33106e-01  4.55735e-01  2.74477e-02
   8822.38  6755.9375  4.70828e-01  4.91766e-01  4.42724e-01  2.81046e-02
   8850.93  6756.5625  4.71178e-01  4.53206e-01  4.45750e-01  2.54285e-02
   8879.49  6757.1875  4.96051e-01  4.73627e-01  4.72694e-01  2.33567e-02
   8908.04  6757.8125  5.24891e-01  5.86685e-01  5.02169e-01  2.27216e-02
   8936.59  6758.4375  5.09305e-01  4.67986e-01  4.85253e-01  2.40518e-02
   8965.14  6759.0625  4.91330e-01  5.27481e-01  4.64218e-01  2.71126e-02
   8993.69  6759.6875  4.69407e-01  4.33298e-01  4.41595e-01  2.78120e-02
   9022.24  6760.3125  4.63682e-01  4.83009e-01  4.38462e-01  2.52200e-02
   9050.79  6760.9375  4.56276e-01  4.50552e-01  4.33948e-01  2.23273e-02
   9079.34  6761.5625  4.47396e-01  4.46062e-01  4.25977e-01  2.14189e-02
   9107.89  6762.1875  4.53803e-01  4.36334e-01  4.28521e-01  2.52825e-02
   9136.44  6762.8125  4.84362e-01  4.82624e-01  4.55187e-01  2.91753e-02
   9165.00  6763.4375  5.05975e-01  5.43434e-01  4.77463e-01  2.85121e-02
   9193.55  6764.0625  4.95116e-01  4.68979e-01  4.70953e-01  2.41635e-02
   9222.10  6764.6875  4.97160e-01  4.95699e-01  4.72756e-01  2.44039e-02
   9250.65  6765.3125  5.11566e-01  5.17725e-01  4.83143e-01  2.84238e-02
   9279.20  6765.9375  5.09309e-01  5.25651e-01  4.81406e-01  2.79027e-02
   9307.75  6766.5625  4.77078e-01  4.85747e-01  4.53228e-01  2.38498e-02
   9336.30  6767.1875  4.41243e-01  4.12839e-01  4.18910e-01  2.23328e-02
   9364.85  6767.8125  4.47679e-01  4.26844e-01  4.23420e-01  2.42587e-02
   9393.40  6768.4375  4.56373e-01  5.29931e-01  4.32248e-01  2.41251e-02
   9421.95  6769.0625  4.19595e-01  3.54956e-01  3.96951e-01  2.26436e-02
   9450.51  6769.6875  4.24472e-01  4.26021e-01  4.04839e-01  1.96330e-02
   9479.06  6770.3125  4.66603e-01  4.59736e-01  4.48207e-01  1.83956e-02
   9507.61  6770.9375  4.88872e-01  5.39466e-01  4.69862e-01  1.90101e-02
   9536.16  6771.5625  4.55659e-01  4.43252e-01  4.36848e-01  1.88110e-02
   9564.71  6772.1875  4.20165e-01  4.01650e-01  4.03953e-01  1.62124e-02
   9593.26  6772.8125  4.21300e-01  4.10472e-01  4.05090e-01  1.62099e-02
   9621.81  6773.4375  4.38935e-01  4.55245e-01  4.20141e-01  1.87942e-02
   9650.36  6774.0625  4.45926e-01  4.39565e-01  4.26516e-01  1.94099e-02
   9678.91  6774.6875  4.54406e-01  4.50135e-01  4.35496e-01  1.89106e-02
   9707.47  6775.3125  4.71053e-01  4.71924e-01  4.50869e-01  2.01848e-02
   9736.02  6775.9375  4.84012e-01  4.93307e-01  4.61925e-01  2.20877e-02
   9764.57  6776.5625  4.90859e-01  4.80854e-01  4.68582e-01  2.22769e-02
   9793.12  6777.1875  5.11028e-01  4.97283e-01  4.89494e-01  2.15348e-02
   9821.67  6777.8125  5.08183e-01  5.88470e-01  4.91014e-01  1.71689e-02
   9850.22  6778.4375  4.39016e-01  3.87734e-01  4.25982e-01  1.30339e-02
   9878.77  6779.0625  4.06218e-01  3.76907e-01  3.91626e-01  1.45916e-02
   9907.32  6779.6875  4.13286e-01  4.60390e-01  3.96232e-01  1.70542e-02
   9935.87  6780.3125  3.94841e-01  3.67235e-01  3.76719e-01  1.81213e-02
   9964.42  6780.9375  4.01633e-01  3.73159e-01  3.85507e-01  1.61260e-02
   9992.98  6781.5625  4.40097e-01  4.75326e-01  4.25511e-01  1.45856e-02
  10021.53  6782.1875  4.47232e-01  4.51512e-01  4.32675e-01  1.45566e-02
  10050.08  6782.8125  4.28763e-01  4.27896e-01  4.13268e-01  1.54946e-02
  10078.63  6783.4375  4.11190e-01  4.06378e-01  3.94470e-01  1.67200e-02
  10107.18  6784.0625  4.13578e-01  3.93163e-01  3.95105e-01  1.84731e-02
  10135.73  6784.6875  4.53981e-01  4.37561e-01  4.37279e-01  1.67027e-02
  10164.28  6785.3125  4.89966e-01  5.55241e-01  4.76465e-01  1.35014e-02
  10192.83  6785.9375  4.64040e-01  4.40585e-01  4.50154e-01  1.38858e-02
  10221.38  6786.5625  4.37491e-01  4.25615e-01  4.22932e-01  1.45598e-02
  10249.93  6787.1875  4.39481e-01  4.39141e-01  4.25129e-01  1.43512e-02
  10278.49  6787.8125  4.54049e-01  4.45176e-01  4.38639e-01  1.54097e-02
  10307.04  6788.4375  4.58830e-01  4.97935e-01  4.41240e-01  1.75901e-02
  10335.59  6789.0625  4.46008e-01  3.97568e-01  4.26090e-01  1.99178e-02
  10364.14  6789.6875  4.67985e-01  4.76208e-01  4.46868e-01  2.11175e-02
  10392.69  6790.3125  4.82733e-01  5.24773e-01  4.62625e-01  2.01080e-02
  10421.24  6790.9375  4.60288e-01  4.24112e-01  4.43853e-01  1.64353e-02
  10449.79  6791.5625  4.66066e-01  4.56361e-01  4.50546e-01  1.55203e-02
  10478.34  6792.1875  5.03814e-01  5.06236e-01  4.86702e-01  1.71121e-02
  10506.89  6792.8125  5.42408e-01  5.47157e-01  5.26343e-01  1.60654e-02
  10535.45  6793.4375  5.65440e-01  5.75405e-01  5.51020e-01  1.44205e-02
  10564.00  6794.0625  5.41857e-01  5.96157e-01  5.29258e-01  1.25989e-02
  10592.55  6794.6875  4.88268e-01  4.07702e-01  4.75853e-01  1.24144e-02
  10621.10  6795.3125  5.02714e-01  5.11425e-01  4.89278e-01  1.34359e-02
  10649.65  6795.9375  5.34664e-01  5.64540e-01  5.21761e-01  1.29026e-02
  10678.20  6796.5625  5.24177e-01  5.22801e-01  5.13447e-01  1.07300e-02
  10706.75  6797.1875  4.84548e-01  5.07127e-01  4.73578e-01  1.09706e-02
  10735.30  6797.8125  4.37630e-01  3.98452e-01  4.22373e-01  1.52569e-02
  10763.85  6798.4375  4.17547e-01  4.39742e-01  4.00645e-01  1.69021e-02
  10792.40  6799.0625  4.18284e-01  3.71270e-01  4.03571e-01  1.47122e-02
  10820.96  6799.6875  4.49248e-01  4.83300e-01  4.36862e-01  1.23860e-02
  10849.51  6800.3125  4.68629e-01  4.59051e-01  4.56556e-01  1.20731e-02
  10878.06  6800.9375  4.85758e-01  4.77400e-01  4.74803e-01  1.09553e-02
  10906.61  6801.5625  5.01484e-01  5.31193e-01  4.90126e-01  1.13581e-02
  10935.16  6802.1875  4.95495e-01  4.72260e-01  4.80881e-01  1.46147e-02
  10963.71  6802.8125  4.75489e-01  5.22709e-01  4.58908e-01  1.65811e-02
  10992.26  6803.4375  4.31598e-01  3.88432e-01  4.16568e-01  1.50299e-02
  11020.81  6804.0625  4.15520e-01  4.19630e-01  4.00872e-01  1.46479e-02
  11049.36  6804.6875  4.26036e-01  4.12086e-01  4.11023e-01  1.50132e-02
  11077.91  6805.3125  4.36818e-01  4.66449e-01  4.23031e-01  1.37866e-02
  11106.47  6805.9375  4.24898e-01  4.08535e-01  4.12867e-01  1.20312e-02
  11135.02  6806.5625  3.97988e-01  4.33544e-01  3.86170e-01  1.18178e-02
  11163.57  6807.1875  3.72988e-01  3.04877e-01  3.60309e-01  1.26794e-02
  11192.12  6807.8125  4.00828e-01  4.28838e-01  3.88734e-01  1.20935e-02
  11220.67  6808.4375  4.29009e-01  4.32719e-01  4.18621e-01  1.03882e-02
  11249.22  6809.0625  4.38244e-01  4.39697e-01  4.27690e-01  1.05542e-02
  11277.77  6809.6875  4.66733e-01  4.22233e-01  4.54250e-01  1.24822e-02
  11306.32  6810.3125  5.07962e-01  5.84261e-01  4.94522e-01  1.34396e-02
  11334.87  6810.9375  4.84356e-01  4.67397e-01  4.71842e-01  1.25138e-02
  11363.43  6811.5625  4.37140e-01  4.41532e-01  4.26174e-01  1.09660e-02
  11391.98  6812.1875  4.14712e-01  3.76144e-01  4.04148e-01  1.05636e-02
  11420.53  6812.8125  4.32989e-01  4.47774e-01  4.20611e-01  1.23778e-02
  11449.08  6813.4375  4.57503e-01  4.53146e-01  4.45368e-01  1.21352e-02
  11477.63  6814.0625  4.81925e-01  4.78643e-01  4.70599e-01  1.13257e-02
  11506.18  6814.6875  5.05757e-01  5.14813e-01  4.93236e-01  1.25210e-02
  11534.73  6815.3125  4.95532e-01  5.38996e-01  4.83054e-01  1.24777e-02
  11563.28  6815.9375  4.59891e-01  3.94366e-01  4.47054e-01  1.28366e-02
  11591.83  6816.5625  4.55103e-01  5.06626e-01  4.42660e-01  1.24427e-02
  11620.38  6817.1875  4.43054e-01  4.03715e-01  4.32575e-01  1.04787e-02
  11648.94  6817.8125  4.40580e-01  4.63390e-01  4.32006e-01  8.57340e-03
  11677.49  6818.4375  4.31403e-01  4.30398e-01  4.22472e-01  8.93051e-03
  11706.04  6819.0625  4.29372e-01  3.97796e-01  4.20273e-01  9.09920e-03
  11734.59  6819.6875  4.51166e-01  4.80288e-01  4.42927e-01  8.23971e-03
  11763.14  6820.3125  4.50193e-01  4.58969e-01  4.42835e-01  7.35734e-03
  11791.69  6820.9375  4.56769e-01  3.93864e-01  4.50089e-01  6.67926e-03
  11820.24  6821.5625  4.99771e-01  5.68444e-01  4.91029e-01  8.74144e-03
  11848.79  6822.1875  4.98127e-01  4.83501e-01  4.87396e-01  1.07306e-02
  11877.34  6822.8125  4.79334e-01  4.73957e-01  4.70429e-01  8.90507e-03
  11905.89  6823.4375  4.68820e-01  4.78025e-01  4.61421e-01  7.39884e-03
  11934.45  6824.0625  4.54406e-01  4.47983e-01  4.46885e-01  7.52156e-03
  11963.00  6824.6875  4.52861e-01  4.35770e-01  4.44075e-01  8.78588e-03
  11991.55  6825.3125  4.65987e-01  4.85289e-01  4.55948e-01  1.00387e-02
  12020.10  6825.9375  4.65501e-01  4.64386e-01  4.56151e-01  9.35004e-03
  12048.65  6826.5625  4.66984e-01  4.44286e-01  4.57714e-01  9.27061e-03
  12077.20  6827.1875  4.61126e-01  5.24734e-01  4.51926e-01  9.20069e-03
  12105.75  6827.8125  4.03069e-01  3.72847e-01  3.96259e-01  6.80948e-03
  12134.30  6828.4375  3.59362e-01  3.41289e-01  3.53586e-01  5.77648e-03
  12162.85  6829.0625  3.70533e-01  3.44727e-01  3.64771e-01  5.76135e-03
  12191.40  6829.6875  4.07154e-01  4.42276e-01  4.00619e-01  6.53477e-03
  12219.96  6830.3125  4.19654e-01  4.10429e-01  4.11891e-01  7.76286e-03
  12248.51  6830.9375  4.40155e-01  4.11543e-01  4.30990e-01  9.16470e-03
  12277.06  6831.5625  4.80650e-01  5.17347e-01  4.71070e-01  9.58014e-03
  12305.61  6832.1875  4.83985e-01  4.94138e-01  4.75230e-01  8.75515e-03
  12334.16  6832.8125  4.58476e-01  4.49472e-01  4.50598e-01  7.87750e-03
  12362.71  6833.4375  4.47901e-01  4.29959e-01  4.40003e-01  7.89751e-03
  12391.26  6834.0625  4.57102e-01  4.73500e-01  4.50536e-01  6.56537e-03
  12419.81  6834.6875  4.63565e-01  4.48707e-01  4.57795e-01  5.76998e-03
  12448.36  6835.3125  4.64156e-01  4.93599e-01  4.58902e-01  5.25420e-03
  12476.92  6835.9375  4.59218e-01  4.14679e-01  4.54534e-01  4.68331e-03
  12505.47  6836.5625  4.66850e-01  5.17274e-01  4.61733e-01  5.11702e-03
  12534.02  6837.1875  4.55000e-01  4.20404e-01  4.48736e-01  6.26376e-03
  12562.57  6837.8125  4.69956e-01  4.50178e-01  4.62751e-01  7.20518e-03
  12591.12  6838.4375  4.91976e-01  5.58753e-01  4.85931e-01  6.04499e-03
  12619.67  6839.0625  4.71279e-01  4.14511e-01  4.66049e-01  5.23071e-03
  12648.22  6839.6875  4.64479e-01  5.01838e-01  4.59873e-01  4.60633e-03
  12676.77  6840.3125  4.52221e-01  4.30758e-01  4.48286e-01  3.93445e-03
  12705.32  6840.9375  4.35090e-01  4.58732e-01  4.30379e-01  4.71096e-03
  12733.87  6841.5625  4.25704e-01  3.79609e-01  4.19954e-01  5.75017e-03
  12762.43  6842.1875  4.54297e-01  4.68282e-01  4.48663e-01  5.63361e-03
  12790.98  6842.8125  4.65238e-01  5.09935e-01  4.59603e-01  5.63542e-03
  12819.53  6843.4375  4.32183e-01  3.97807e-01  4.26150e-01  6.03300e-03
  12848.08  6844.0625  4.44657e-01  3.95544e-01  4.37467e-01  7.18920e-03
  12876.63  6844.6875  4.94865e-01  5.72410e-01  4.87431e-01  7.43472e-03
  12905.18  6845.3125  4.71270e-01  4.75601e-01  4.65451e-01  5.81922e-03
  12933.73  6845.9375  4.18326e-01  3.79862e-01  4.13230e-01  5.09542e-03
  12962.28  6846.5625  3.90912e-01  4.28331e-01  3.84579e-01  6.33259e-03
  12990.83  6847.1875  3.72697e-01  3.10760e-01  3.65550e-01  7.14695e-03
  13019.38  6847.8125  3.86606e-01  4.38138e-01  3.79161e-01  7.44484e-03
  13047.94  6848.4375  4.07586e-01  3.41288e-01  4.01004e-01  6.58147e-03
  13076.49  6849.0625  4.71861e-01  4.95666e-01  4.64974e-01  6.88712e-03
  13105.04  6849.6875  5.13452e-01  5.62073e-01  5.05827e-01  7.62517e-03
  13133.59  6850.3125  4.82853e-01  4.75970e-01  4.76943e-01  5.90988e-03
  13162.14  6850.9375  4.44657e-01  4.22191e-01  4.39551e-01  5.10590e-03
  13190.69  6851.5625  4.41328e-01  4.39155e-01  4.34926e-01  6.40224e-03
  13219.24  6852.1875  4.67884e-01  4.43832e-01  4.61631e-01  6.25290e-03
  13247.79  6852.8125  5.00243e-01  5.47816e-01  4.94439e-01  5.80406e-03
  13276.34  6853.4375  4.92513e-01  4.76998e-01  4.86376e-01  6.13678e-03
  13304.90  6854.0625  4.68131e-01  4.85025e-01  4.64044e-01  4.08703e-03
  13333.45  6854.6875  4.46077e-01  4.16928e-01  4.43820e-01  2.25686e-03
  13362.00  6855.3125  4.42124e-01  4.61102e-01  4.40198e-01  1.92597e-03
  13390.55  6855.9375  4.39394e-01  4.25927e-01  4.36352e-01  3.04181e-03
  13419.10  6856.5625  4.62253e-01  4.28041e-01  4.57048e-01  5.20448e-03
  13447.65  6857.1875  4.91995e-01  5.70344e-01  4.84736e-01  7.25969e-03
  13476.20  6857.8125  4.62901e-01  4.23011e-01  4.55600e-01  7.30058e-03
  13504.75  6858.4375  4.45644e-01  4.36793e-01  4.40229e-01  5.41497e-03
  13533.30  6859.0625  4.54726e-01  4.65529e-01  4.50131e-01  4.59532e-03
  13561.85  6859.6875  4.49143e-01  4.62846e-01  4.44133e-01  5.01057e-03
  13590.41  6860.3125  4.41732e-01  4.03823e-01  4.36784e-01  4.94850e-03
  13618.96  6860.9375  4.69930e-01  4.78083e-01  4.66234e-01  3.69657e-03
  13647.51  6861.5625  4.86084e-01  5.26732e-01  4.83231e-01  2.85239e-03
  13676.06  6862.1875  4.59532e-01  4.32965e-01  4.55986e-01  3.54598e-03
  13704.61  6862.8125  4.30635e-01  4.54244e-01  4.26551e-01  4.08374e-03
  13733.16  6863.4375  4.12003e-01  3.66275e-01  4.08524e-01  3.47891e-03
  13761.71  6864.0625  4.25633e-01  4.50782e-01  4.21792e-01  3.84068e-03
  13790.26  6864.6875  4.32114e-01  4.34476e-01  4.28101e-01  4.01302e-03
  13818.81  6865.3125  4.37321e-01  4.10151e-01  4.33655e-01  3.66668e-03
  13847.36  6865.9375  4.61043e-01  4.87229e-01  4.56903e-01  4.13960e-03
  13875.92  6866.5625  4.73454e-01  4.60263e-01  4.67531e-01  5.92288e-03
  13904.47  6867.1875  4.74462e-01  4.98724e-01  4.67759e-01  6.70333e-03
  13933.02  6867.8125  4.62617e-01  4.41274e-01  4.57398e-01  5.21840e-03
  13961.57  6868.4375  4.54358e-01  4.71263e-01  4.51097e-01  3.26054e-03
  13990.12  6869.0625  4.31576e-01  4.40933e-01  4.27518e-01  4.05744e-03
  14018.67  6869.6875  4.15237e-01  3.67318e-01  4.10133e-01  5.10344e-03
  14047.22  6870.3125  4.44724e-01  4.64261e-01  4.40210e-01  4.51341e-03
  14075.77  6870.9375  4.76671e-01  4.77082e-01  4.72676e-01  3.99555e-03
  14104.32  6871.5625  4.96221e-01  4.98027e-01  4.92157e-01  4.06449e-03
  14132.88  6872.1875  5.02434e-01  5.17919e-01  4.98421e-01  4.01272e-03
  14161.43  6872.8125  4.80589e-01  4.93799e-01  4.76217e-01  4.37172e-03
  14189.98  6873.4375  4.59011e-01  4.10769e-01  4.55170e-01  3.84100e-03
  14218.53  6874.0625  4.58525e-01  5.16794e-01  4.55835e-01  2.69071e-03
  14247.08  6874.6875  4.21724e-01  4.02416e-01  4.18478e-01  3.24571e-03
  14275.63  6875.3125  3.93502e-01  3.66303e-01  3.88413e-01  5.08853e-03
  14304.18  6875.9375  4.10118e-01  4.10217e-01  4.03942e-01  6.17627e-03
  14332.73  6876.5625  4.23751e-01  4.57859e-01  4.18401e-01  5.34966e-03
  14361.28  6877.1875  4.05324e-01  3.85647e-01  4.02188e-01  3.13533e-03
  14389.83  6877.8125  4.07614e-01  3.83050e-01  4.04728e-01  2.88635e-03
  14418.39  6878.4375  4.52609e-01  4.49397e-01  4.48278e-01  4.33183e-03
  14446.94  6879.0625  4.70105e-01  5.53091e-01  4.65390e-01  4.71471e-03
  14475.49  6879.6875  4.35700e-01  3.43519e-01  4.31233e-01  4.46756e-03
  14504.04  6880.3125  4.72316e-01  4.70522e-01  4.67753e-01  4.56285e-03
  14532.59  6880.9375  5.15608e-01  5.99262e-01  5.11998e-01  3.61045e-03
  14561.14  6881.5625  4.84298e-01  4.29642e-01  4.81678e-01  2.61963e-03
  14589.69  6882.1875  4.70234e-01  4.79281e-01  4.67285e-01  2.94859e-03
  14618.24  6882.8125  4.86666e-01  4.65992e-01  4.83190e-01  3.47686e-03
  14646.79  6883.4375  5.16265e-01  5.32508e-01  5.13821e-01  2.44340e-03
  14675.34  6884.0625  5.19925e-01  5.49142e-01  5.17419e-01  2.50626e-03
  14703.90  6884.6875  4.97837e-01  4.58681e-01  4.94254e-01  3.58270e-03
  14732.45  6885.3125  4.87429e-01  5.26336e-01  4.83849e-01  3.57996e-03
  14761.00  6885.9375  4.71454e-01  4.31766e-01  4.67929e-01  3.52497e-03
  14789.55  6886.5625  4.75563e-01  4.93159e-01  4.72101e-01  3.46197e-03
  14818.10  6887.1875  4.78792e-01  4.78048e-01  4.75576e-01  3.21592e-03
  14846.65  6887.8125  4.64849e-01  4.80904e-01  4.61829e-01  3.02008e-03
  14875.20  6888.4375  4.44625e-01  4.18403e-01  4.41460e-01  3.16544e-03
  14903.75  6889.0625  4.39058e-01  4.56394e-01  4.35574e-01  3.48432e-03
  14932.30  6889.6875  4.26305e-01  4.27874e-01  4.23788e-01  2.51635e-03
  14960.86  6890.3125  4.27783e-01  3.83112e-01  4.25715e-01  2.06844e-03
  14989.41  6890.9375  4.64051e-01  5.01132e-01  4.61471e-01  2.57956e-03
  15017.96  6891.5625  4.64951e-01  4.87418e-01  4.62052e-01  2.89940e-03
  15046.51  6892.1875  4.30530e-01  4.06840e-01  4.26637e-01  3.89303e-03
  15075.06  6892.8125  4.33635e-01  3.95949e-01  4.29436e-01  4.19931e-03
  15103.61  6893.4375  4.65337e-01  5.25832e-01  4.61940e-01  3.39654e-03
  15132.16  6894.0625  4.63226e-01  4.24632e-01  4.59915e-01  3.31107e-03
  15160.71  6894.6875  4.73360e-01  4.78850e-01  4.70764e-01  2.59595e-03
  15189.26  6895.3125  4.89027e-01  5.02259e-01  4.85773e-01  3.25403e-03
  15217.81  6895.9375  4.77045e-01  4.91253e-01  4.72296e-01  4.74911e-03
  15246.37  6896.5625  4.51343e-01  4.30837e-01  4.47504e-01  3.83813e-03
  15274.92  6897.1875  4.59245e-01  4.30144e-01  4.56378e-01  2.86736e-03
  15303.47  6897.8125  4.75445e-01  5.47429e-01  4.73103e-01  2.34189e-03
  15332.02  6898.4375  4.39750e-01  4.00606e-01  4.37778e-01  1.97215e-03
  15360.57  6899.0625  4.44972e-01  3.87413e-01  4.41895e-01  3.07769e-03
  15389.12  6899.6875  4.85763e-01  5.90985e-01  4.81757e-01  4.00561e-03
  15417.67  6900.3125  4.48528e-01  4.07906e-01  4.44743e-01  3.78496e-03
  15446.22  6900.9375  4.27675e-01  3.85700e-01  4.24288e-01  3.38709e-03
  15474.77  6901.5625  4.61899e-01  4.98974e-01  4.58191e-01  3.70769e-03
  15503.32  6902.1875  4.79464e-01  4.68636e-01  4.76204e-01  3.26002e-03
  15531.88  6902.8125  4.75108e-01  4.99470e-01  4.72390e-01  2.71719e-03
  15560.43  6903.4375  4.40997e-01  4.47960e-01  4.38495e-01  2.50149e-03
  15588.98  6904.0625  4.14185e-01  3.62378e-01  4.12142e-01  2.04398e-03
  15617.53  6904.6875  4.40412e-01  4.57444e-01  4.37760e-01  2.65218e-03
  15646.08  6905.3125  4.60241e-01  4.84226e-01  4.56394e-01  3.84656e-03
  15674.63  6905.9375  4.36066e-01  4.44235e-01  4.30948e-01  5.11771e-03
  15703.18  6906.5625  4.15998e-01  3.65898e-01  4.10819e-01  5.17882e-03
  15731.73  6907.1875  4.50629e-01  4.58968e-01  4.46349e-01  4.27939e-03
  15760.28  6907.8125  4.79746e-01  5.22003e-01  4.77001e-01  2.74502e-03
  15788.84  6908.4375  4.71370e-01  4.36079e-01  4.69381e-01  1.98870e-03
  15817.39  6909.0625  4.95588e-01  4.72276e-01  4.93366e-01  2.22180e-03
  15845.94  6909.6875  5.22148e-01  6.03265e-01  5.19457e-01  2.69066e-03
  15874.49  6910.3125  4.66768e-01  4.51626e-01  4.63906e-01  2.86183e-03
  15903.04  6910.9375  4.15625e-01  3.61222e-01  4.13970e-01  1.65577e-03
  15931.59  6911.5625  4.35603e-01  4.48916e-01  4.34153e-01  1.45052e-03
  15960.14  6912.1875  4.70821e-01  4.70824e-01  4.68041e-01  2.78020e-03
  15988.69  6912.8125  4.88585e-01  5.07963e-01  4.85377e-01  3.20853e-03
  16017.24  6913.4375  4.90892e-01  4.71497e-01  4.87972e-01  2.91928e-03
  16045.79  6914.0625  4.93667e-01  5.17343e-01  4.91359e-01  2.30730e-03
  16074.35  6914.6875  4.84070e-01  4.67579e-01  4.82813e-01  1.25744e-03
  16102.90  6915.3125  4.51687e-01  5.06459e-01  4.51082e-01  6.04733e-04
  16131.45  6915.9375  3.95221e-01  3.29339e-01  3.94362e-01  8.59719e-04
  16160.00  6916.5625  3.92250e-01  3.95811e-01  3.90608e-01  1.64119e-03
  16188.55  6917.1875  4.29822e-01  4.18399e-01  4.27693e-01  2.12950e-03
  16217.10  6917.8125  4.80501e-01  4.79962e-01  4.79135e-01  1.36624e-03
  16245.65  6918.4375  4.96617e-01  5.70181e-01  4.95482e-01  1.13536e-03
  16274.20  6919.0625  4.61726e-01  3.82087e-01  4.60192e-01  1.53374e-03
  16302.75  6919.6875  4.55853e-01  5.11121e-01  4.54830e-01  1.02320e-03
  16331.30  6920.3125  4.42793e-01  4.11559e-01  4.41852e-01  9.41176e-04
  16359.86  6920.9375  4.65799e-01  4.19641e-01  4.64226e-01  1.57278e-03
  16388.41  6921.5625  5.15088e-01  6.02041e-01  5.13603e-01  1.48545e-03
  16416.96  6922.1875  4.87336e-01  4.72081e-01  4.86330e-01  1.00594e-03
  16445.51  6922.8125  4.43530e-01  4.21149e-01  4.42692e-01  8.38652e-04
  16474.06  6923.4375  4.57198e-01  4.19157e-01  4.55845e-01  1.35267e-03
  16502.61  6924.0625  4.99626e-01  5.58333e-01  4.97898e-01  1.72765e-03
  16531.16  6924.6875  4.79712e-01  4.95986e-01  4.78166e-01  1.54556e-03
  16559.71  6925.3125  4.42465e-01  3.77309e-01  4.40696e-01  1.76938e-03
  16588.26  6925.9375  4.66383e-01  4.88837e-01  4.63986e-01  2.39664e-03
  16616.81  6926.5625  4.92800e-01  5.03619e-01  4.90444e-01  2.35632e-03
  16645.37  6927.1875  4.90563e-01  4.94564e-01  4.89225e-01  1.33863e-03
  16673.92  6927.8125  4.73369e-01  4.79246e-01  4.72258e-01  1.11034e-03
  16702.47  6928.4375  4.68755e-01  4.28506e-01  4.67502e-01  1.25298e-03
  16731.02  6929.0625  4.90225e-01  5.29841e-01  4.89088e-01  1.13697e-03
  16759.57  6929.6875  4.85161e-01  4.82303e-01  4.83934e-01  1.22702e-03
  16788.12  6930.3125  4.66121e-01  4.56450e-01  4.65197e-01  9.23445e-04
  16816.67  6930.9375  4.46202e-01  4.71918e-01  4.45197e-01  1.00492e-03
  16845.22  6931.5625  4.25494e-01  3.80337e-01  4.23644e-01  1.84998e-03
  16873.77  6932.1875  4.50394e-01  4.48666e-01  4.47974e-01  2.42029e-03
  16902.33  6932.8125  4.93308e-01  5.09025e-01  4.91731e-01  1.57677e-03
  16930.88  6933.4375  4.96445e-01  5.33989e-01  4.95706e-01  7.38819e-04
  16959.43  6934.0625  4.63755e-01  4.22328e-01  4.62878e-01  8.77300e-04
  16987.98  6934.6875  4.43207e-01  4.78688e-01  4.41598e-01  1.60936e-03
  17016.53  6935.3125  4.28505e-01  3.78943e-01  4.26744e-01  1.76066e-03
  17045.08  6935.9375  4.45256e-01  4.70013e-01  4.43899e-01  1.35687e-03
  17073.63  6936.5625  4.64633e-01  4.52504e-01  4.63883e-01  7.50538e-04
  17102.18  6937.1875  4.77196e-01  4.93173e-01  4.76614e-01  5.81701e-04
  17130.73  6937.8125  4.75452e-01  4.74553e-01  4.74349e-01  1.10254e-03
  17159.28  6938.4375  4.66834e-01  4.65331e-01  4.65221e-01  1.61303e-03
  17187.84  6939.0625  4.64042e-01  4.57054e-01  4.62006e-01  2.03566e-03
  17216.39  6939.6875  4.63445e-01  4.76669e-01  4.60641e-01  2.80361e-03
  17244.94  6940.3125  4.47396e-01  4.50514e-01  4.45233e-01  2.16264e-03
  17273.49  6940.9375  4.18629e-01  4.21867e-01  4.17514e-01  1.11513e-03
  17302.04  6941.5625  4.04596e-01  3.68295e-01  4.03415e-01  1.18117e-03
  17330.59  6942.1875  4.28233e-01  4.44978e-01  4.26655e-01  1.57833e-03
  17359.14  6942.8125  4.70483e-01  4.33798e-01  4.68674e-01  1.80935e-03
  17387.69  6943.4375  4.97005e-01  5.92364e-01  4.95392e-01  1.61288e-03
  17416.24  6944.0625  4.58265e-01  3.91667e-01  4.56544e-01  1.72143e-03
  17444.79  6944.6875  4.52367e-01  4.51998e-01  4.50718e-01  1.64855e-03
  17473.35  6945.3125  4.85499e-01  4.79579e-01  4.83749e-01  1.74998e-03
  17501.90  6945.9375  4.91286e-01  5.57657e-01  4.90036e-01  1.25025e-03
  17530.45  6946.5625  4.55904e-01  3.82066e-01  4.55202e-01  7.01662e-04
  17559.00  6947.1875  4.61424e-01  4.88798e-01  4.60773e-01  6.51370e-04
  17587.55  6947.8125  4.56160e-01  4.85154e-01  4.55070e-01  1.09043e-03
  17616.10  6948.4375  4.13331e-01  3.89732e-01  4.11860e-01  1.47097e-03
  17644.65  6949.0625  3.98914e-01  3.72272e-01  3.97063e-01  1.85105e-03
  17673.20  6949.6875  4.20506e-01  4.40786e-01  4.18729e-01  1.77683e-03
