# day003  epoch=3.0d  L_Halpha=2.485e+40 erg/s  smooth_kms=25.0
# Columns:
#   1: Δv [km/s]      velocity offset from Hα (6562.81 Å), positive = redshift
#   2: lambda [Å]     observed wavelength
#   3: F_norm         total flux, smoothed, normalized to F_cont_baseline
#   4: F_norm_raw     total flux, RAW MC (no velocity smoothing)
#   5: F_cont_smooth  continuum-channel flux (continuum photons only)
#   6: F_vol_smooth   volumetric-channel flux (line emission contribution)
# Format: F_norm ≈ F_cont_smooth + F_vol_smooth (within MC noise)
# ----------------------------------------------------------------------------------------
 -16559.48  6200.3125  9.82248e-01  9.65794e-01  9.81274e-01  0.00000e+00
 -16530.93  6200.9375  1.01318e+00  1.01414e+00  1.01257e+00  0.00000e+00
 -16502.38  6201.5625  1.04522e+00  1.05862e+00  1.04485e+00  0.00000e+00
 -16473.83  6202.1875  1.06098e+00  1.05938e+00  1.06102e+00  0.00000e+00
 -16445.28  6202.8125  1.08140e+00  1.06161e+00  1.08201e+00  0.00000e+00
 -16416.73  6203.4375  1.10571e+00  1.14467e+00  1.10667e+00  0.00000e+00
 -16388.18  6204.0625  1.09553e+00  1.08269e+00  1.09636e+00  0.00000e+00
 -16359.63  6204.6875  1.04226e+00  1.10866e+00  1.04280e+00  0.00000e+00
 -16331.08  6205.3125  9.59903e-01  8.69232e-01  9.60323e-01  0.00000e+00
 -16302.53  6205.9375  9.33285e-01  9.83569e-01  9.33330e-01  0.00000e+00
 -16273.97  6206.5625  9.75067e-01  8.30626e-01  9.74688e-01  0.00000e+00
 -16245.42  6207.1875  1.08819e+00  1.24278e+00  1.08747e+00  0.00000e+00
 -16216.87  6207.8125  1.07863e+00  1.08371e+00  1.07769e+00  0.00000e+00
 -16188.32  6208.4375  9.91736e-01  9.61696e-01  9.91586e-01  0.00000e+00
 -16159.77  6209.0625  9.44176e-01  9.33777e-01  9.44390e-01  0.00000e+00
 -16131.22  6209.6875  9.45495e-01  9.12325e-01  9.45106e-01  0.00000e+00
 -16102.67  6210.3125  9.44190e-01  1.04267e+00  9.43688e-01  0.00000e+00
 -16074.12  6210.9375  9.31245e-01  7.63211e-01  9.30987e-01  0.00000e+00
 -16045.57  6211.5625  1.03521e+00  1.11468e+00  1.03507e+00  0.00000e+00
 -16017.01  6212.1875  1.12181e+00  1.13752e+00  1.12166e+00  0.00000e+00
 -15988.46  6212.8125  1.12742e+00  1.14959e+00  1.12762e+00  0.00000e+00
 -15959.91  6213.4375  1.02943e+00  1.14054e+00  1.02990e+00  0.00000e+00
 -15931.36  6214.0625  8.87074e-01  6.97491e-01  8.87063e-01  0.00000e+00
 -15902.81  6214.6875  9.56551e-01  8.95593e-01  9.55919e-01  0.00000e+00
 -15874.26  6215.3125  1.04667e+00  1.34364e+00  1.04582e+00  0.00000e+00
 -15845.71  6215.9375  9.28346e-01  6.86206e-01  9.28019e-01  0.00000e+00
 -15817.16  6216.5625  9.13078e-01  9.82639e-01  9.13655e-01  0.00000e+00
 -15788.61  6217.1875  9.59221e-01  9.33898e-01  9.59870e-01  0.00000e+00
 -15760.06  6217.8125  1.02557e+00  9.84602e-01  1.02605e+00  0.00000e+00
 -15731.50  6218.4375  1.07740e+00  1.21728e+00  1.07756e+00  0.00000e+00
 -15702.95  6219.0625  1.03126e+00  9.30510e-01  1.03128e+00  0.00000e+00
 -15674.40  6219.6875  1.06086e+00  1.01402e+00  1.06125e+00  0.00000e+00
 -15645.85  6220.3125  1.13953e+00  1.25273e+00  1.14074e+00  0.00000e+00
 -15617.30  6220.9375  1.07988e+00  1.11523e+00  1.08112e+00  0.00000e+00
 -15588.75  6221.5625  9.50348e-01  8.78202e-01  9.50972e-01  0.00000e+00
 -15560.20  6222.1875  9.09420e-01  8.80201e-01  9.09484e-01  0.00000e+00
 -15531.65  6222.8125  9.45594e-01  9.53399e-01  9.45052e-01  0.00000e+00
 -15503.10  6223.4375  9.89502e-01  9.92228e-01  9.89042e-01  0.00000e+00
 -15474.55  6224.0625  1.01648e+00  1.02932e+00  1.01670e+00  0.00000e+00
 -15445.99  6224.6875  1.00186e+00  1.04356e+00  1.00279e+00  0.00000e+00
 -15417.44  6225.3125  9.67312e-01  8.88806e-01  9.68548e-01  0.00000e+00
 -15388.89  6225.9375  9.46471e-01  1.06177e+00  9.47382e-01  0.00000e+00
 -15360.34  6226.5625  9.02793e-01  7.62040e-01  9.03446e-01  0.00000e+00
 -15331.79  6227.1875  9.60613e-01  9.87170e-01  9.61266e-01  0.00000e+00
 -15303.24  6227.8125  1.02512e+00  1.10147e+00  1.02551e+00  0.00000e+00
 -15274.69  6228.4375  1.08569e+00  8.90028e-01  1.08638e+00  0.00000e+00
 -15246.14  6229.0625  1.19317e+00  1.47568e+00  1.19387e+00  0.00000e+00
 -15217.59  6229.6875  1.12560e+00  9.82692e-01  1.12586e+00  0.00000e+00
 -15189.03  6230.3125  1.06602e+00  1.09562e+00  1.06651e+00  0.00000e+00
 -15160.48  6230.9375  1.04962e+00  1.04281e+00  1.05052e+00  0.00000e+00
 -15131.93  6231.5625  1.05255e+00  1.01220e+00  1.05317e+00  0.00000e+00
 -15103.38  6232.1875  1.08379e+00  1.13110e+00  1.08385e+00  0.00000e+00
 -15074.83  6232.8125  1.08146e+00  1.07232e+00  1.08091e+00  0.00000e+00
 -15046.28  6233.4375  1.04798e+00  1.07284e+00  1.04702e+00  0.00000e+00
 -15017.73  6234.0625  9.77509e-01  9.96319e-01  9.76947e-01  0.00000e+00
 -14989.18  6234.6875  9.37468e-01  8.22410e-01  9.37514e-01  0.00000e+00
 -14960.63  6235.3125  1.04100e+00  1.03359e+00  1.04099e+00  0.00000e+00
 -14932.08  6235.9375  1.17064e+00  1.25077e+00  1.17014e+00  0.00000e+00
 -14903.52  6236.5625  1.12938e+00  1.25625e+00  1.12831e+00  0.00000e+00
 -14874.97  6237.1875  9.63589e-01  8.11372e-01  9.62682e-01  0.00000e+00
 -14846.42  6237.8125  9.36023e-01  9.07569e-01  9.35367e-01  0.00000e+00
 -14817.87  6238.4375  9.90317e-01  1.06793e+00  9.89707e-01  0.00000e+00
 -14789.32  6239.0625  9.99780e-01  9.32018e-01  9.99522e-01  0.00000e+00
 -14760.77  6239.6875  9.71747e-01  1.11203e+00  9.71766e-01  0.00000e+00
 -14732.22  6240.3125  8.71679e-01  7.50185e-01  8.72062e-01  0.00000e+00
 -14703.67  6240.9375  9.01475e-01  8.14995e-01  9.01812e-01  0.00000e+00
 -14675.12  6241.5625  1.06997e+00  1.14014e+00  1.07031e+00  0.00000e+00
 -14646.57  6242.1875  1.14303e+00  1.24071e+00  1.14314e+00  0.00000e+00
 -14618.01  6242.8125  1.06271e+00  1.03614e+00  1.06253e+00  0.00000e+00
 -14589.46  6243.4375  9.74014e-01  9.44335e-01  9.73858e-01  0.00000e+00
 -14560.91  6244.0625  9.36458e-01  9.39905e-01  9.36201e-01  0.00000e+00
 -14532.36  6244.6875  9.24362e-01  9.07880e-01  9.24382e-01  0.00000e+00
 -14503.81  6245.3125  9.49522e-01  9.20882e-01  9.49711e-01  0.00000e+00
 -14475.26  6245.9375  1.00744e+00  1.03402e+00  1.00724e+00  0.00000e+00
 -14446.71  6246.5625  1.05518e+00  1.03724e+00  1.05464e+00  0.00000e+00
 -14418.16  6247.1875  1.05113e+00  1.15475e+00  1.05025e+00  0.00000e+00
 -14389.61  6247.8125  9.65222e-01  8.89849e-01  9.64706e-01  0.00000e+00
 -14361.06  6248.4375  9.31623e-01  9.08586e-01  9.32053e-01  0.00000e+00
 -14332.50  6249.0625  9.64037e-01  9.71364e-01  9.65001e-01  0.00000e+00
 -14303.95  6249.6875  9.63982e-01  1.03632e+00  9.64666e-01  0.00000e+00
 -14275.40  6250.3125  9.39551e-01  8.07109e-01  9.40066e-01  0.00000e+00
 -14246.85  6250.9375  9.70565e-01  1.10022e+00  9.71273e-01  0.00000e+00
 -14218.30  6251.5625  9.40854e-01  8.88800e-01  9.41690e-01  0.00000e+00
 -14189.75  6252.1875  9.50932e-01  8.72852e-01  9.51969e-01  0.00000e+00
 -14161.20  6252.8125  1.04120e+00  1.12709e+00  1.04210e+00  0.00000e+00
 -14132.65  6253.4375  1.07976e+00  1.05401e+00  1.08038e+00  0.00000e+00
 -14104.10  6254.0625  1.07067e+00  1.12822e+00  1.07109e+00  0.00000e+00
 -14075.54  6254.6875  1.04641e+00  9.65243e-01  1.04700e+00  0.00000e+00
 -14046.99  6255.3125  1.08134e+00  1.09953e+00  1.08238e+00  0.00000e+00
 -14018.44  6255.9375  1.06276e+00  1.19116e+00  1.06369e+00  0.00000e+00
 -13989.89  6256.5625  9.00631e-01  8.48565e-01  9.00766e-01  0.00000e+00
 -13961.34  6257.1875  8.14576e-01  6.73852e-01  8.14216e-01  0.00000e+00
 -13932.79  6257.8125  9.33685e-01  9.44959e-01  9.33210e-01  0.00000e+00
 -13904.24  6258.4375  1.06803e+00  1.16654e+00  1.06750e+00  0.00000e+00
 -13875.69  6259.0625  1.10922e+00  1.03468e+00  1.10882e+00  0.00000e+00
 -13847.14  6259.6875  1.10896e+00  1.24377e+00  1.10884e+00  0.00000e+00
 -13818.59  6260.3125  1.00009e+00  9.55163e-01  9.99424e-01  0.00000e+00
 -13790.03  6260.9375  9.09505e-01  8.47812e-01  9.08565e-01  0.00000e+00
 -13761.48  6261.5625  9.35130e-01  9.23812e-01  9.34846e-01  0.00000e+00
 -13732.93  6262.1875  1.07945e+00  9.62194e-01  1.07956e+00  0.00000e+00
 -13704.38  6262.8125  1.25853e+00  1.47136e+00  1.25929e+00  0.00000e+00
 -13675.83  6263.4375  1.20674e+00  1.24178e+00  1.20811e+00  0.00000e+00
 -13647.28  6264.0625  1.03914e+00  9.44862e-01  1.03981e+00  0.00000e+00
 -13618.73  6264.6875  9.57900e-01  9.79715e-01  9.58167e-01  0.00000e+00
 -13590.18  6265.3125  9.46258e-01  8.78249e-01  9.47026e-01  0.00000e+00
 -13561.63  6265.9375  1.02624e+00  1.00423e+00  1.02739e+00  0.00000e+00
 -13533.08  6266.5625  1.12614e+00  1.20446e+00  1.12710e+00  0.00000e+00
 -13504.52  6267.1875  1.10441e+00  1.16577e+00  1.10478e+00  0.00000e+00
 -13475.97  6267.8125  1.03160e+00  8.97754e-01  1.03269e+00  0.00000e+00
 -13447.42  6268.4375  1.03587e+00  1.13959e+00  1.03757e+00  0.00000e+00
 -13418.87  6269.0625  1.00528e+00  9.67427e-01  1.00643e+00  0.00000e+00
 -13390.32  6269.6875  9.89317e-01  9.52105e-01  9.90028e-01  0.00000e+00
 -13361.77  6270.3125  1.04046e+00  1.04184e+00  1.04070e+00  0.00000e+00
 -13333.22  6270.9375  1.09372e+00  1.12661e+00  1.09345e+00  0.00000e+00
 -13304.67  6271.5625  1.10451e+00  1.10518e+00  1.10407e+00  0.00000e+00
 -13276.12  6272.1875  1.11563e+00  1.07461e+00  1.11546e+00  0.00000e+00
 -13247.56  6272.8125  1.11923e+00  1.22407e+00  1.11996e+00  0.00000e+00
 -13219.01  6273.4375  1.05528e+00  9.73327e-01  1.05607e+00  0.00000e+00
 -13190.46  6274.0625  1.00340e+00  1.06645e+00  1.00402e+00  0.00000e+00
 -13161.91  6274.6875  9.71856e-01  8.74310e-01  9.72033e-01  0.00000e+00
 -13133.36  6275.3125  1.01518e+00  1.04655e+00  1.01488e+00  0.00000e+00
 -13104.81  6275.9375  1.05752e+00  1.08514e+00  1.05749e+00  0.00000e+00
 -13076.26  6276.5625  1.05544e+00  1.03830e+00  1.05549e+00  0.00000e+00
 -13047.71  6277.1875  1.02412e+00  1.08598e+00  1.02391e+00  0.00000e+00
 -13019.16  6277.8125  9.80855e-01  8.78156e-01  9.80434e-01  0.00000e+00
 -12990.61  6278.4375  1.00985e+00  1.05291e+00  1.01005e+00  0.00000e+00
 -12962.05  6279.0625  1.01673e+00  1.06394e+00  1.01754e+00  0.00000e+00
 -12933.50  6279.6875  1.00035e+00  8.92008e-01  1.00082e+00  0.00000e+00
 -12904.95  6280.3125  1.04219e+00  1.13872e+00  1.04179e+00  0.00000e+00
 -12876.40  6280.9375  1.05624e+00  9.89336e-01  1.05561e+00  0.00000e+00
 -12847.85  6281.5625  1.03993e+00  1.15212e+00  1.03915e+00  0.00000e+00
 -12819.30  6282.1875  9.71070e-01  8.69273e-01  9.69672e-01  0.00000e+00
 -12790.75  6282.8125  9.47342e-01  9.94641e-01  9.46338e-01  0.00000e+00
 -12762.20  6283.4375  9.76741e-01  8.73504e-01  9.77017e-01  0.00000e+00
 -12733.65  6284.0625  1.04068e+00  1.17234e+00  1.04103e+00  0.00000e+00
 -12705.10  6284.6875  1.02276e+00  9.68112e-01  1.02259e+00  0.00000e+00
 -12676.54  6285.3125  9.97052e-01  1.00276e+00  9.96338e-01  0.00000e+00
 -12647.99  6285.9375  9.75429e-01  1.00238e+00  9.74742e-01  0.00000e+00
 -12619.44  6286.5625  9.11350e-01  9.24413e-01  9.10869e-01  0.00000e+00
 -12590.89  6287.1875  8.61093e-01  7.78134e-01  8.61510e-01  0.00000e+00
 -12562.34  6287.8125  8.76885e-01  9.42686e-01  8.77917e-01  0.00000e+00
 -12533.79  6288.4375  9.22537e-01  8.05390e-01  9.23434e-01  0.00000e+00
 -12505.24  6289.0625  1.02856e+00  1.12864e+00  1.02887e+00  0.00000e+00
 -12476.69  6289.6875  1.09873e+00  1.04552e+00  1.09895e+00  0.00000e+00
 -12448.14  6290.3125  1.12236e+00  1.22354e+00  1.12356e+00  0.00000e+00
 -12419.58  6290.9375  1.05353e+00  1.03234e+00  1.05428e+00  0.00000e+00
 -12391.03  6291.5625  9.73715e-01  9.42151e-01  9.73576e-01  0.00000e+00
 -12362.48  6292.1875  9.60102e-01  9.32959e-01  9.60067e-01  0.00000e+00
 -12333.93  6292.8125  9.70653e-01  1.02576e+00  9.70806e-01  0.00000e+00
 -12305.38  6293.4375  9.55216e-01  9.09638e-01  9.54773e-01  0.00000e+00
 -12276.83  6294.0625  1.00544e+00  9.36931e-01  1.00491e+00  0.00000e+00
 -12248.28  6294.6875  1.09293e+00  1.22314e+00  1.09288e+00  0.00000e+00
 -12219.73  6295.3125  1.03867e+00  1.06246e+00  1.03879e+00  0.00000e+00
 -12191.18  6295.9375  9.40832e-01  8.34984e-01  9.40780e-01  0.00000e+00
 -12162.63  6296.5625  9.68825e-01  9.54220e-01  9.68501e-01  0.00000e+00
 -12134.07  6297.1875  9.88293e-01  1.14867e+00  9.87779e-01  0.00000e+00
 -12105.52  6297.8125  9.07013e-01  7.38294e-01  9.06273e-01  0.00000e+00
 -12076.97  6298.4375  9.25037e-01  9.69962e-01  9.24384e-01  0.00000e+00
 -12048.42  6299.0625  9.48577e-01  9.99418e-01  9.48121e-01  0.00000e+00
 -12019.87  6299.6875  8.75598e-01  8.93791e-01  8.75220e-01  0.00000e+00
 -11991.32  6300.3125  8.13361e-01  6.98319e-01  8.12862e-01  0.00000e+00
 -11962.77  6300.9375  8.53990e-01  9.17554e-01  8.53694e-01  0.00000e+00
 -11934.22  6301.5625  8.85434e-01  8.73940e-01  8.85668e-01  0.00000e+00
 -11905.67  6302.1875  8.86790e-01  9.05191e-01  8.86853e-01  0.00000e+00
 -11877.12  6302.8125  8.77191e-01  8.61218e-01  8.77085e-01  0.00000e+00
 -11848.56  6303.4375  8.75319e-01  8.88113e-01  8.75551e-01  0.00000e+00
 -11820.01  6304.0625  9.44719e-01  8.06098e-01  9.44969e-01  0.00000e+00
 -11791.46  6304.6875  1.10141e+00  1.25088e+00  1.10180e+00  0.00000e+00
 -11762.91  6305.3125  1.14264e+00  1.14032e+00  1.14339e+00  0.00000e+00
 -11734.36  6305.9375  1.08268e+00  1.11274e+00  1.08281e+00  0.00000e+00
 -11705.81  6306.5625  9.85465e-01  9.77183e-01  9.85573e-01  0.00000e+00
 -11677.26  6307.1875  9.09825e-01  8.62515e-01  9.10145e-01  0.00000e+00
 -11648.71  6307.8125  8.96285e-01  9.06134e-01  8.96533e-01  0.00000e+00
 -11620.16  6308.4375  9.10147e-01  8.87386e-01  9.10202e-01  0.00000e+00
 -11591.60  6309.0625  9.14162e-01  9.78556e-01  9.13921e-01  0.00000e+00
 -11563.05  6309.6875  8.98250e-01  8.04453e-01  8.98596e-01  0.00000e+00
 -11534.50  6310.3125  8.99893e-01  1.02205e+00  9.00443e-01  0.00000e+00
 -11505.95  6310.9375  8.84637e-01  7.35048e-01  8.84578e-01  0.00000e+00
 -11477.40  6311.5625  9.94063e-01  9.89644e-01  9.93795e-01  0.00000e+00
 -11448.85  6312.1875  1.08543e+00  1.27930e+00  1.08559e+00  0.00000e+00
 -11420.30  6312.8125  1.03988e+00  8.38333e-01  1.04036e+00  0.00000e+00
 -11391.75  6313.4375  1.00209e+00  1.24648e+00  1.00188e+00  0.00000e+00
 -11363.20  6314.0625  8.52019e-01  6.95146e-01  8.51639e-01  0.00000e+00
 -11334.65  6314.6875  8.14993e-01  7.36531e-01  8.14829e-01  0.00000e+00
 -11306.09  6315.3125  9.18820e-01  1.00138e+00  9.19001e-01  0.00000e+00
 -11277.54  6315.9375  9.58361e-01  9.73614e-01  9.58989e-01  0.00000e+00
 -11248.99  6316.5625  9.57232e-01  9.05415e-01  9.57728e-01  0.00000e+00
 -11220.44  6317.1875  9.44540e-01  1.05964e+00  9.44662e-01  0.00000e+00
 -11191.89  6317.8125  8.36663e-01  7.95387e-01  8.37036e-01  0.00000e+00
 -11163.34  6318.4375  7.60246e-01  6.88123e-01  7.60578e-01  0.00000e+00
 -11134.79  6319.0625  8.10240e-01  7.91895e-01  8.10025e-01  0.00000e+00
 -11106.24  6319.6875  8.92377e-01  9.57422e-01  8.91857e-01  0.00000e+00
 -11077.69  6320.3125  9.25701e-01  8.78946e-01  9.25415e-01  0.00000e+00
 -11049.14  6320.9375  9.22893e-01  1.02816e+00  9.22816e-01  0.00000e+00
 -11020.58  6321.5625  8.84232e-01  7.52341e-01  8.84108e-01  0.00000e+00
 -10992.03  6322.1875  9.30728e-01  9.79170e-01  9.31450e-01  0.00000e+00
 -10963.48  6322.8125  9.94818e-01  9.79996e-01  9.96232e-01  0.00000e+00
 -10934.93  6323.4375  1.00542e+00  1.09442e+00  1.00633e+00  0.00000e+00
 -10906.38  6324.0625  9.95294e-01  8.34645e-01  9.95317e-01  0.00000e+00
 -10877.83  6324.6875  1.03090e+00  1.22642e+00  1.03072e+00  0.00000e+00
 -10849.28  6325.3125  9.60275e-01  8.59547e-01  9.60032e-01  0.00000e+00
 -10820.73  6325.9375  8.86971e-01  9.21822e-01  8.86751e-01  0.00000e+00
 -10792.18  6326.5625  7.85018e-01  8.55949e-01  7.85622e-01  0.00000e+00
 -10763.62  6327.1875  6.86308e-01  4.91555e-01  6.87076e-01  0.00000e+00
 -10735.07  6327.8125  7.57667e-01  8.37854e-01  7.58179e-01  0.00000e+00
 -10706.52  6328.4375  8.85708e-01  7.98559e-01  8.85968e-01  0.00000e+00
 -10677.97  6329.0625  9.95586e-01  1.15086e+00  9.95247e-01  0.00000e+00
 -10649.42  6329.6875  9.87976e-01  9.24486e-01  9.87265e-01  0.00000e+00
 -10620.87  6330.3125  9.93451e-01  9.56211e-01  9.92867e-01  0.00000e+00
 -10592.32  6330.9375  1.02828e+00  1.11965e+00  1.02786e+00  0.00000e+00
 -10563.77  6331.5625  9.98412e-01  9.44464e-01  9.97962e-01  0.00000e+00
 -10535.22  6332.1875  9.76100e-01  9.91461e-01  9.75899e-01  0.00000e+00
 -10506.67  6332.8125  9.51162e-01  9.72003e-01  9.51366e-01  0.00000e+00
 -10478.11  6333.4375  9.06504e-01  8.81172e-01  9.06285e-01  0.00000e+00
 -10449.56  6334.0625  8.85204e-01  8.81176e-01  8.84649e-01  0.00000e+00
 -10421.01  6334.6875  8.92760e-01  8.79571e-01  8.92319e-01  0.00000e+00
 -10392.46  6335.3125  9.28812e-01  9.11868e-01  9.28271e-01  0.00000e+00
 -10363.91  6335.9375  9.50408e-01  1.02886e+00  9.50286e-01  0.00000e+00
 -10335.36  6336.5625  9.17619e-01  8.47553e-01  9.17775e-01  0.00000e+00
 -10306.81  6337.1875  8.83253e-01  9.66766e-01  8.83082e-01  0.00000e+00
 -10278.26  6337.8125  8.25571e-01  7.44826e-01  8.25091e-01  0.00000e+00
 -10249.71  6338.4375  8.20279e-01  8.37421e-01  8.20159e-01  0.00000e+00
 -10221.16  6339.0625  8.88986e-01  7.97986e-01  8.89657e-01  0.00000e+00
 -10192.60  6339.6875  9.85847e-01  1.12603e+00  9.86454e-01  0.00000e+00
 -10164.05  6340.3125  9.48426e-01  9.58749e-01  9.48158e-01  0.00000e+00
 -10135.50  6340.9375  8.98208e-01  7.58095e-01  8.97780e-01  0.00000e+00
 -10106.95  6341.5625  9.89834e-01  1.04805e+00  9.90029e-01  0.00000e+00
 -10078.40  6342.1875  1.10307e+00  1.07472e+00  1.10296e+00  0.00000e+00
 -10049.85  6342.8125  1.16547e+00  1.25842e+00  1.16434e+00  0.00000e+00
 -10021.30  6343.4375  1.10146e+00  1.13757e+00  1.10044e+00  0.00000e+00
  -9992.75  6344.0625  1.01986e+00  8.77981e-01  1.01893e+00  0.00000e+00
  -9964.20  6344.6875  1.09825e+00  1.10421e+00  1.09694e+00  0.00000e+00
  -9935.65  6345.3125  1.23141e+00  1.26358e+00  1.23032e+00  0.00000e+00
  -9907.09  6345.9375  1.26761e+00  1.35794e+00  1.26704e+00  0.00000e+00
  -9878.54  6346.5625  1.16149e+00  1.16620e+00  1.16135e+00  0.00000e+00
  -9849.99  6347.1875  1.01894e+00  9.79739e-01  1.01908e+00  0.00000e+00
  -9821.44  6347.8125  9.51026e-01  8.99781e-01  9.50821e-01  0.00000e+00
  -9792.89  6348.4375  9.27159e-01  1.01394e+00  9.26610e-01  0.00000e+00
  -9764.34  6349.0625  8.96596e-01  7.64846e-01  8.96288e-01  0.00000e+00
  -9735.79  6349.6875  9.35616e-01  1.02957e+00  9.35973e-01  0.00000e+00
  -9707.24  6350.3125  9.61577e-01  9.04263e-01  9.61566e-01  0.00000e+00
  -9678.69  6350.9375  1.01369e+00  1.00432e+00  1.01348e+00  0.00000e+00
  -9650.13  6351.5625  1.04661e+00  1.15238e+00  1.04672e+00  0.00000e+00
  -9621.58  6352.1875  9.75408e-01  9.33950e-01  9.75774e-01  0.00000e+00
  -9593.03  6352.8125  9.62521e-01  8.43998e-01  9.62983e-01  0.00000e+00
  -9564.48  6353.4375  1.04150e+00  1.19002e+00  1.04166e+00  0.00000e+00
  -9535.93  6354.0625  1.03233e+00  9.70811e-01  1.03193e+00  0.00000e+00
  -9507.38  6354.6875  1.00534e+00  1.02766e+00  1.00508e+00  0.00000e+00
  -9478.83  6355.3125  9.85880e-01  9.81035e-01  9.86050e-01  0.00000e+00
  -9450.28  6355.9375  9.96839e-01  9.35712e-01  9.97551e-01  0.00000e+00
  -9421.73  6356.5625  1.04981e+00  1.11466e+00  1.05096e+00  0.00000e+00
  -9393.18  6357.1875  1.02012e+00  1.08226e+00  1.02112e+00  0.00000e+00
  -9364.62  6357.8125  9.44931e-01  8.17076e-01  9.45230e-01  0.00000e+00
  -9336.07  6358.4375  9.57635e-01  1.03447e+00  9.57571e-01  0.00000e+00
  -9307.52  6359.0625  1.00393e+00  8.96789e-01  1.00400e+00  0.00000e+00
  -9278.97  6359.6875  1.07053e+00  1.20719e+00  1.07077e+00  0.00000e+00
  -9250.42  6360.3125  1.06337e+00  9.85145e-01  1.06414e+00  0.00000e+00
  -9221.87  6360.9375  1.06028e+00  1.09366e+00  1.06090e+00  0.00000e+00
  -9193.32  6361.5625  1.04041e+00  1.06542e+00  1.03987e+00  0.00000e+00
  -9164.77  6362.1875  9.82790e-01  9.68733e-01  9.81729e-01  0.00000e+00
  -9136.22  6362.8125  9.99685e-01  8.71579e-01  9.99102e-01  0.00000e+00
  -9107.67  6363.4375  1.09358e+00  1.26307e+00  1.09364e+00  0.00000e+00
  -9079.11  6364.0625  1.06077e+00  1.02710e+00  1.06152e+00  0.00000e+00
  -9050.56  6364.6875  9.87093e-01  9.63172e-01  9.87625e-01  0.00000e+00
  -9022.01  6365.3125  9.42113e-01  9.79952e-01  9.41844e-01  0.00000e+00
  -8993.46  6365.9375  9.44635e-01  8.00275e-01  9.43693e-01  0.00000e+00
  -8964.91  6366.5625  1.01801e+00  1.18611e+00  1.01686e+00  0.00000e+00
  -8936.36  6367.1875  9.98577e-01  9.23579e-01  9.97964e-01  0.00000e+00
  -8907.81  6367.8125  9.75943e-01  9.84852e-01  9.75636e-01  0.00000e+00
  -8879.26  6368.4375  9.69304e-01  9.89183e-01  9.69369e-01  0.00000e+00
  -8850.71  6369.0625  9.39356e-01  9.31409e-01  9.39501e-01  0.00000e+00
  -8822.15  6369.6875  9.24202e-01  8.95211e-01  9.23942e-01  0.00000e+00
  -8793.60  6370.3125  9.32438e-01  9.62261e-01  9.31857e-01  0.00000e+00
  -8765.05  6370.9375  9.00109e-01  9.36754e-01  8.99763e-01  0.00000e+00
  -8736.50  6371.5625  8.64823e-01  7.57520e-01  8.64545e-01  0.00000e+00
  -8707.95  6372.1875  9.13742e-01  9.73602e-01  9.12917e-01  0.00000e+00
  -8679.40  6372.8125  9.59258e-01  9.40234e-01  9.58968e-01  0.00000e+00
  -8650.85  6373.4375  1.00946e+00  9.85238e-01  1.00974e+00  0.00000e+00
  -8622.30  6374.0625  1.05991e+00  1.13385e+00  1.06026e+00  0.00000e+00
  -8593.75  6374.6875  1.08074e+00  9.84835e-01  1.08097e+00  0.00000e+00
  -8565.20  6375.3125  1.10803e+00  1.24160e+00  1.10834e+00  0.00000e+00
  -8536.64  6375.9375  1.08167e+00  9.68439e-01  1.08195e+00  0.00000e+00
  -8508.09  6376.5625  1.11826e+00  1.12565e+00  1.11832e+00  0.00000e+00
  -8479.54  6377.1875  1.10694e+00  1.28224e+00  1.10649e+00  0.00000e+00
  -8450.99  6377.8125  9.42944e-01  8.10498e-01  9.42743e-01  0.00000e+00
  -8422.44  6378.4375  8.70254e-01  8.30318e-01  8.70452e-01  0.00000e+00
  -8393.89  6379.0625  8.84262e-01  9.61177e-01  8.84957e-01  0.00000e+00
  -8365.34  6379.6875  9.14079e-01  7.59074e-01  9.15110e-01  0.00000e+00
  -8336.79  6380.3125  1.02778e+00  1.15998e+00  1.02852e+00  0.00000e+00
  -8308.24  6380.9375  1.10179e+00  1.02059e+00  1.10259e+00  0.00000e+00
  -8279.69  6381.5625  1.13824e+00  1.25798e+00  1.13892e+00  0.00000e+00
  -8251.13  6382.1875  1.09549e+00  1.03839e+00  1.09577e+00  0.00000e+00
  -8222.58  6382.8125  1.07580e+00  1.04235e+00  1.07632e+00  0.00000e+00
  -8194.03  6383.4375  1.06904e+00  1.17750e+00  1.06967e+00  0.00000e+00
  -8165.48  6384.0625  1.00088e+00  8.96657e-01  1.00090e+00  0.00000e+00
  -8136.93  6384.6875  9.71193e-01  1.03540e+00  9.70677e-01  0.00000e+00
  -8108.38  6385.3125  9.68332e-01  8.75969e-01  9.67304e-01  0.00000e+00
  -8079.83  6385.9375  9.92520e-01  1.09231e+00  9.91772e-01  0.00000e+00
  -8051.28  6386.5625  9.39222e-01  9.41984e-01  9.38817e-01  0.00000e+00
  -8022.73  6387.1875  8.92400e-01  7.79900e-01  8.92074e-01  0.00000e+00
  -7994.17  6387.8125  9.73557e-01  9.98766e-01  9.73393e-01  0.00000e+00
  -7965.62  6388.4375  1.05882e+00  1.11158e+00  1.05845e+00  0.00000e+00
  -7937.07  6389.0625  1.09477e+00  1.04586e+00  1.09471e+00  0.00000e+00
  -7908.52  6389.6875  1.20520e+00  1.12359e+00  1.20537e+00  0.00000e+00
  -7879.97  6390.3125  1.31561e+00  1.54098e+00  1.31485e+00  0.00000e+00
  -7851.42  6390.9375  1.17780e+00  1.17999e+00  1.17673e+00  0.00000e+00
  -7822.87  6391.5625  9.58798e-01  8.69713e-01  9.58486e-01  0.00000e+00
  -7794.32  6392.1875  8.81835e-01  8.26243e-01  8.81535e-01  0.00000e+00
  -7765.77  6392.8125  9.10542e-01  9.56967e-01  9.09755e-01  0.00000e+00
  -7737.22  6393.4375  9.92613e-01  8.50136e-01  9.91608e-01  0.00000e+00
  -7708.66  6394.0625  1.09827e+00  1.33245e+00  1.09742e+00  0.00000e+00
  -7680.11  6394.6875  1.02188e+00  9.51341e-01  1.02109e+00  0.00000e+00
  -7651.56  6395.3125  9.50821e-01  8.66296e-01  9.50434e-01  0.00000e+00
  -7623.01  6395.9375  9.77519e-01  1.06095e+00  9.77584e-01  0.00000e+00
  -7594.46  6396.5625  9.63641e-01  9.39754e-01  9.63247e-01  0.00000e+00
  -7565.91  6397.1875  9.64266e-01  9.06072e-01  9.63391e-01  0.00000e+00
  -7537.36  6397.8125  9.74546e-01  1.11078e+00  9.73491e-01  0.00000e+00
  -7508.81  6398.4375  8.93981e-01  8.02426e-01  8.92644e-01  0.00000e+00
  -7480.26  6399.0625  8.47206e-01  8.65259e-01  8.45873e-01  0.00000e+00
  -7451.71  6399.6875  8.89795e-01  7.85988e-01  8.88471e-01  0.00000e+00
  -7423.15  6400.3125  1.04636e+00  1.06977e+00  1.04468e+00  0.00000e+00
  -7394.60  6400.9375  1.17547e+00  1.26634e+00  1.17390e+00  0.00000e+00
  -7366.05  6401.5625  1.12688e+00  1.21318e+00  1.12603e+00  0.00000e+00
  -7337.50  6402.1875  1.02078e+00  8.23308e-01  1.02076e+00  0.00000e+00
  -7308.95  6402.8125  1.01986e+00  1.19704e+00  1.01971e+00  0.00000e+00
  -7280.40  6403.4375  9.75734e-01  8.46939e-01  9.75317e-01  0.00000e+00
  -7251.85  6404.0625  9.63072e-01  1.02769e+00  9.63142e-01  0.00000e+00
  -7223.30  6404.6875  9.36147e-01  9.40024e-01  9.36143e-01  0.00000e+00
  -7194.75  6405.3125  9.07410e-01  8.40227e-01  9.06839e-01  0.00000e+00
  -7166.19  6405.9375  9.15873e-01  9.97752e-01  9.15091e-01  0.00000e+00
  -7137.64  6406.5625  8.89576e-01  8.31794e-01  8.89213e-01  0.00000e+00
  -7109.09  6407.1875  8.77760e-01  9.09710e-01  8.77902e-01  0.00000e+00
  -7080.54  6407.8125  9.29112e-01  8.03200e-01  9.28986e-01  0.00000e+00
  -7051.99  6408.4375  1.07035e+00  1.16563e+00  1.06974e+00  0.00000e+00
  -7023.44  6409.0625  1.10681e+00  1.19720e+00  1.10625e+00  0.00000e+00
  -6994.89  6409.6875  1.00429e+00  9.43872e-01  1.00396e+00  0.00000e+00
  -6966.34  6410.3125  9.06163e-01  9.40526e-01  9.05649e-01  0.00000e+00
  -6937.79  6410.9375  8.48387e-01  7.62061e-01  8.47924e-01  0.00000e+00
  -6909.24  6411.5625  8.83758e-01  8.88820e-01  8.83265e-01  0.00000e+00
  -6880.68  6412.1875  9.56648e-01  9.67121e-01  9.56169e-01  0.00000e+00
  -6852.13  6412.8125  1.00513e+00  1.02134e+00  1.00488e+00  0.00000e+00
  -6823.58  6413.4375  1.01683e+00  1.02992e+00  1.01652e+00  0.00000e+00
  -6795.03  6414.0625  9.98408e-01  1.00726e+00  9.98138e-01  0.00000e+00
  -6766.48  6414.6875  1.00545e+00  9.24116e-01  1.00534e+00  0.00000e+00
  -6737.93  6415.3125  1.05035e+00  1.15988e+00  1.05066e+00  0.00000e+00
  -6709.38  6415.9375  1.02698e+00  9.80035e-01  1.02727e+00  0.00000e+00
  -6680.83  6416.5625  1.01394e+00  9.98052e-01  1.01364e+00  0.00000e+00
  -6652.28  6417.1875  1.07203e+00  1.02387e+00  1.07104e+00  0.00000e+00
  -6623.73  6417.8125  1.13155e+00  1.25571e+00  1.13067e+00  0.00000e+00
  -6595.17  6418.4375  1.07541e+00  1.04183e+00  1.07536e+00  0.00000e+00
  -6566.62  6419.0625  9.94096e-01  9.89431e-01  9.94111e-01  0.00000e+00
  -6538.07  6419.6875  9.58483e-01  9.23666e-01  9.58253e-01  0.00000e+00
  -6509.52  6420.3125  1.00154e+00  9.47487e-01  1.00119e+00  0.00000e+00
  -6480.97  6420.9375  1.05429e+00  1.19701e+00  1.05390e+00  0.00000e+00
  -6452.42  6421.5625  1.00472e+00  9.14350e-01  1.00419e+00  0.00000e+00
  -6423.87  6422.1875  9.83744e-01  9.97544e-01  9.83069e-01  0.00000e+00
  -6395.32  6422.8125  1.00566e+00  9.77994e-01  1.00525e+00  0.00000e+00
  -6366.77  6423.4375  9.66196e-01  1.12848e+00  9.66142e-01  0.00000e+00
  -6338.21  6424.0625  8.34090e-01  6.62129e-01  8.33713e-01  0.00000e+00
  -6309.66  6424.6875  8.90568e-01  7.90270e-01  8.89637e-01  0.00000e+00
  -6281.11  6425.3125  1.09590e+00  1.23223e+00  1.09506e+00  0.00000e+00
  -6252.56  6425.9375  1.16102e+00  1.20274e+00  1.16080e+00  0.00000e+00
  -6224.01  6426.5625  1.09455e+00  1.08625e+00  1.09471e+00  0.00000e+00
  -6195.46  6427.1875  9.94217e-01  1.02234e+00  9.94428e-01  0.00000e+00
  -6166.91  6427.8125  9.00325e-01  8.35940e-01  9.00191e-01  0.00000e+00
  -6138.36  6428.4375  8.92405e-01  8.64631e-01  8.91928e-01  0.00000e+00
  -6109.81  6429.0625  9.54381e-01  9.60770e-01  9.53705e-01  0.00000e+00
  -6081.26  6429.6875  9.99423e-01  1.04438e+00  9.98626e-01  0.00000e+00
  -6052.70  6430.3125  9.81870e-01  9.82931e-01  9.81348e-01  0.00000e+00
  -6024.15  6430.9375  9.57807e-01  9.20852e-01  9.57424e-01  0.00000e+00
  -5995.60  6431.5625  9.79672e-01  9.80690e-01  9.79460e-01  0.00000e+00
  -5967.05  6432.1875  1.00796e+00  1.03127e+00  1.00809e+00  0.00000e+00
  -5938.50  6432.8125  9.96530e-01  1.01266e+00  9.96743e-01  0.00000e+00
  -5909.95  6433.4375  9.62636e-01  9.41842e-01  9.62520e-01  0.00000e+00
  -5881.40  6434.0625  9.60310e-01  9.37337e-01  9.59760e-01  0.00000e+00
  -5852.85  6434.6875  1.00438e+00  9.95650e-01  1.00421e+00  0.00000e+00
  -5824.30  6435.3125  1.04523e+00  1.09591e+00  1.04563e+00  0.00000e+00
  -5795.75  6435.9375  1.04498e+00  1.00930e+00  1.04506e+00  0.00000e+00
  -5767.19  6436.5625  1.04452e+00  1.07537e+00  1.04452e+00  0.00000e+00
  -5738.64  6437.1875  1.04203e+00  1.00521e+00  1.04207e+00  0.00000e+00
  -5710.09  6437.8125  1.01584e+00  1.11061e+00  1.01574e+00  0.00000e+00
  -5681.54  6438.4375  9.29257e-01  8.58977e-01  9.28765e-01  0.00000e+00
  -5652.99  6439.0625  9.15173e-01  8.52573e-01  9.14516e-01  0.00000e+00
  -5624.44  6439.6875  9.69998e-01  1.06176e+00  9.69683e-01  0.00000e+00
  -5595.89  6440.3125  9.64014e-01  9.23786e-01  9.64260e-01  0.00000e+00
  -5567.34  6440.9375  9.11522e-01  9.97762e-01  9.11672e-01  0.00000e+00
  -5538.79  6441.5625  8.69921e-01  6.92070e-01  8.69639e-01  0.00000e+00
  -5510.24  6442.1875  9.51669e-01  1.05414e+00  9.51196e-01  0.00000e+00
  -5481.68  6442.8125  9.84546e-01  1.01494e+00  9.83928e-01  0.00000e+00
  -5453.13  6443.4375  9.45707e-01  9.04432e-01  9.45156e-01  0.00000e+00
  -5424.58  6444.0625  9.35413e-01  9.38765e-01  9.35185e-01  0.00000e+00
  -5396.03  6444.6875  9.11259e-01  9.74527e-01  9.11273e-01  0.00000e+00
  -5367.48  6445.3125  8.84753e-01  7.44503e-01  8.84989e-01  0.00000e+00
  -5338.93  6445.9375  9.59937e-01  1.03527e+00  9.59965e-01  0.00000e+00
  -5310.38  6446.5625  1.00251e+00  1.03320e+00  1.00219e+00  0.00000e+00
  -5281.83  6447.1875  1.01705e+00  9.19764e-01  1.01701e+00  0.00000e+00
  -5253.28  6447.8125  1.04648e+00  1.20180e+00  1.04699e+00  0.00000e+00
  -5224.72  6448.4375  9.50128e-01  9.19857e-01  9.50778e-01  0.00000e+00
  -5196.17  6449.0625  8.84844e-01  7.42064e-01  8.85081e-01  0.00000e+00
  -5167.62  6449.6875  9.37384e-01  1.08381e+00  9.37423e-01  0.00000e+00
  -5139.07  6450.3125  9.30869e-01  8.46189e-01  9.30910e-01  0.00000e+00
  -5110.52  6450.9375  9.06133e-01  9.89544e-01  9.05886e-01  0.00000e+00
  -5081.97  6451.5625  8.80560e-01  7.70971e-01  8.79907e-01  0.00000e+00
  -5053.42  6452.1875  9.08236e-01  9.82173e-01  9.07535e-01  0.00000e+00
  -5024.87  6452.8125  8.98562e-01  9.09330e-01  8.97870e-01  0.00000e+00
  -4996.32  6453.4375  9.07649e-01  7.80621e-01  9.07505e-01  0.00000e+00
  -4967.77  6454.0625  1.02116e+00  1.11125e+00  1.02156e+00  0.00000e+00
  -4939.21  6454.6875  1.07414e+00  1.10779e+00  1.07448e+00  0.00000e+00
  -4910.66  6455.3125  1.08473e+00  9.91516e-01  1.08471e+00  0.00000e+00
  -4882.11  6455.9375  1.12844e+00  1.23824e+00  1.12824e+00  0.00000e+00
  -4853.56  6456.5625  1.06991e+00  1.09527e+00  1.06972e+00  0.00000e+00
  -4825.01  6457.1875  9.88777e-01  8.64627e-01  9.88314e-01  0.00000e+00
  -4796.46  6457.8125  1.03544e+00  1.06019e+00  1.03449e+00  0.00000e+00
  -4767.91  6458.4375  1.05921e+00  1.17033e+00  1.05825e+00  0.00000e+00
  -4739.36  6459.0625  9.79777e-01  8.89779e-01  9.79019e-01  0.00000e+00
  -4710.81  6459.6875  9.71440e-01  9.33135e-01  9.70720e-01  0.00000e+00
  -4682.26  6460.3125  1.00246e+00  1.11203e+00  1.00206e+00  0.00000e+00
  -4653.70  6460.9375  9.74430e-01  8.69134e-01  9.74319e-01  0.00000e+00
  -4625.15  6461.5625  9.72037e-01  1.05916e+00  9.72457e-01  0.00000e+00
  -4596.60  6462.1875  9.80573e-01  8.72112e-01  9.81184e-01  0.00000e+00
  -4568.05  6462.8125  1.09272e+00  1.07002e+00  1.09294e+00  0.00000e+00
  -4539.50  6463.4375  1.19370e+00  1.36801e+00  1.19321e+00  0.00000e+00
  -4510.95  6464.0625  1.11861e+00  1.06129e+00  1.11831e+00  0.00000e+00
  -4482.40  6464.6875  1.08786e+00  9.61172e-01  1.08808e+00  0.00000e+00
  -4453.85  6465.3125  1.18229e+00  1.30121e+00  1.18283e+00  0.00000e+00
  -4425.30  6465.9375  1.18057e+00  1.20833e+00  1.18177e+00  0.00000e+00
  -4396.74  6466.5625  1.07808e+00  1.06955e+00  1.07967e+00  0.00000e+00
  -4368.19  6467.1875  9.59482e-01  9.74372e-01  9.61127e-01  0.00000e+00
  -4339.64  6467.8125  8.75265e-01  7.95376e-01  8.76687e-01  0.00000e+00
  -4311.09  6468.4375  9.09914e-01  8.73967e-01  9.10988e-01  2.32376e-09
  -4282.54  6469.0625  1.01964e+00  1.05091e+00  1.02065e+00  2.23205e-07
  -4253.99  6469.6875  1.08045e+00  1.13556e+00  1.08149e+00  5.81815e-06
  -4225.44  6470.3125  1.08181e+00  1.02682e+00  1.08266e+00  4.11597e-05
  -4196.89  6470.9375  1.09853e+00  1.13716e+00  1.09918e+00  7.93591e-05
  -4168.34  6471.5625  1.09025e+00  1.09635e+00  1.09055e+00  5.04142e-05
  -4139.79  6472.1875  1.03249e+00  1.06967e+00  1.03230e+00  7.16013e-05
  -4111.23  6472.8125  9.68432e-01  8.85848e-01  9.68464e-01  1.34134e-04
  -4082.68  6473.4375  9.62807e-01  1.01271e+00  9.63066e-01  1.23746e-04
  -4054.13  6474.0625  9.61304e-01  9.25671e-01  9.61262e-01  1.21124e-04
  -4025.58  6474.6875  9.81794e-01  9.77239e-01  9.81159e-01  5.86356e-05
  -3997.03  6475.3125  1.00948e+00  1.03769e+00  1.00888e+00  8.61527e-06
  -3968.48  6475.9375  9.84757e-01  1.02363e+00  9.85086e-01  1.00416e-05
  -3939.93  6476.5625  9.70961e-01  8.31834e-01  9.71615e-01  6.87990e-05
  -3911.38  6477.1875  1.03506e+00  1.17399e+00  1.03527e+00  1.32066e-04
  -3882.83  6477.8125  1.01271e+00  9.84916e-01  1.01290e+00  6.91797e-05
  -3854.28  6478.4375  9.32719e-01  9.61391e-01  9.32404e-01  1.97403e-05
  -3825.72  6479.0625  8.73873e-01  7.97419e-01  8.72859e-01  7.15742e-05
  -3797.17  6479.6875  9.17844e-01  8.89193e-01  9.16283e-01  1.46061e-04
  -3768.62  6480.3125  1.02560e+00  1.05030e+00  1.02425e+00  1.42772e-04
  -3740.07  6480.9375  1.04441e+00  1.18063e+00  1.04364e+00  1.57738e-04
  -3711.52  6481.5625  9.84176e-01  7.83695e-01  9.83533e-01  1.55308e-04
  -3682.97  6482.1875  1.02681e+00  1.16456e+00  1.02678e+00  2.43209e-04
  -3654.42  6482.8125  1.04162e+00  9.74164e-01  1.04210e+00  2.66255e-04
  -3625.87  6483.4375  1.03379e+00  1.09688e+00  1.03356e+00  1.42748e-04
  -3597.32  6484.0625  1.02796e+00  9.48512e-01  1.02693e+00  8.64354e-05
  -3568.76  6484.6875  1.12093e+00  1.06745e+00  1.12050e+00  8.77400e-05
  -3540.21  6485.3125  1.25113e+00  1.37910e+00  1.25117e+00  1.55799e-04
  -3511.66  6485.9375  1.20408e+00  1.27675e+00  1.20385e+00  2.73043e-04
  -3483.11  6486.5625  1.03895e+00  9.53672e-01  1.03881e+00  3.95263e-04
  -3454.56  6487.1875  9.89616e-01  8.98138e-01  9.89448e-01  4.22111e-04
  -3426.01  6487.8125  1.01828e+00  1.17602e+00  1.01791e+00  3.15396e-04
  -3397.46  6488.4375  9.33243e-01  8.71855e-01  9.32871e-01  3.01128e-04
  -3368.91  6489.0625  8.64962e-01  8.22848e-01  8.64552e-01  4.16556e-04
  -3340.36  6489.6875  9.17573e-01  8.57174e-01  9.17161e-01  4.61003e-04
  -3311.81  6490.3125  1.00987e+00  1.12732e+00  1.00953e+00  3.07727e-04
  -3283.25  6490.9375  1.02426e+00  9.53350e-01  1.02387e+00  3.42962e-04
  -3254.70  6491.5625  1.02491e+00  1.08823e+00  1.02462e+00  8.03221e-04
  -3226.15  6492.1875  9.71967e-01  9.87251e-01  9.71300e-01  1.10277e-03
  -3197.60  6492.8125  8.85451e-01  8.49710e-01  8.84212e-01  8.48707e-04
  -3169.05  6493.4375  8.56788e-01  8.23019e-01  8.55588e-01  5.35371e-04
  -3140.50  6494.0625  9.15953e-01  8.80620e-01  9.15137e-01  6.81130e-04
  -3111.95  6494.6875  1.03676e+00  1.04401e+00  1.03608e+00  1.06281e-03
  -3083.40  6495.3125  1.12145e+00  1.20466e+00  1.12020e+00  1.08768e-03
  -3054.85  6495.9375  1.11680e+00  1.07196e+00  1.11463e+00  9.06426e-04
  -3026.30  6496.5625  1.08580e+00  1.14783e+00  1.08377e+00  6.55065e-04
  -2997.74  6497.1875  1.03513e+00  9.68995e-01  1.03372e+00  6.11633e-04
  -2969.19  6497.8125  1.00474e+00  1.05536e+00  1.00403e+00  7.35656e-04
  -2940.64  6498.4375  9.28906e-01  9.60995e-01  9.28454e-01  1.15996e-03
  -2912.09  6499.0625  8.48273e-01  7.38020e-01  8.47652e-01  1.45930e-03
  -2883.54  6499.6875  8.84358e-01  8.98715e-01  8.83019e-01  1.42204e-03
  -2854.99  6500.3125  9.57355e-01  9.73175e-01  9.55200e-01  1.42645e-03
  -2826.44  6500.9375  1.00043e+00  1.00812e+00  9.98455e-01  1.51000e-03
  -2797.89  6501.5625  1.03515e+00  1.01082e+00  1.03334e+00  1.59555e-03
  -2769.34  6502.1875  1.05054e+00  1.12822e+00  1.04882e+00  1.21048e-03
  -2740.78  6502.8125  9.88142e-01  9.71447e-01  9.86701e-01  1.14064e-03
  -2712.23  6503.4375  9.25802e-01  8.86687e-01  9.24742e-01  1.50875e-03
  -2683.68  6504.0625  9.34395e-01  9.18973e-01  9.33035e-01  2.03619e-03
  -2655.13  6504.6875  1.00562e+00  9.65169e-01  1.00365e+00  2.28196e-03
  -2626.58  6505.3125  1.02659e+00  1.22728e+00  1.02429e+00  2.32138e-03
  -2598.03  6505.9375  9.26850e-01  7.19282e-01  9.24356e-01  2.48208e-03
  -2569.48  6506.5625  9.18531e-01  1.02939e+00  9.15349e-01  2.60356e-03
  -2540.93  6507.1875  9.16534e-01  8.55646e-01  9.12717e-01  2.99549e-03
  -2512.38  6507.8125  9.00619e-01  9.60753e-01  8.96924e-01  3.49862e-03
  -2483.83  6508.4375  8.70620e-01  8.20511e-01  8.67051e-01  3.77717e-03
  -2455.27  6509.0625  9.13338e-01  8.36803e-01  9.09492e-01  3.99735e-03
  -2426.72  6509.6875  9.85441e-01  1.16553e+00  9.81924e-01  3.83185e-03
  -2398.17  6510.3125  1.00528e+00  7.64548e-01  1.00221e+00  3.74423e-03
  -2369.62  6510.9375  1.12231e+00  1.31419e+00  1.11882e+00  4.00147e-03
  -2341.07  6511.5625  1.11731e+00  1.13349e+00  1.11283e+00  4.61661e-03
  -2312.52  6512.1875  1.04109e+00  9.34857e-01  1.03620e+00  5.10430e-03
  -2283.97  6512.8125  9.92834e-01  1.16177e+00  9.88009e-01  5.05368e-03
  -2255.42  6513.4375  8.86295e-01  7.20179e-01  8.82792e-01  4.60105e-03
  -2226.87  6514.0625  9.30242e-01  8.77057e-01  9.25965e-01  5.46136e-03
  -2198.32  6514.6875  1.05370e+00  1.19459e+00  1.04747e+00  6.68775e-03
  -2169.76  6515.3125  1.01384e+00  1.04117e+00  1.00733e+00  6.98644e-03
  -2141.21  6515.9375  9.10820e-01  8.12604e-01  9.04416e-01  6.68243e-03
  -2112.66  6516.5625  8.85434e-01  9.43685e-01  8.78122e-01  7.93945e-03
  -2084.11  6517.1875  8.95858e-01  8.03434e-01  8.87802e-01  9.89300e-03
  -2055.56  6517.8125  9.65363e-01  1.01624e+00  9.56386e-01  1.14925e-02
  -2027.01  6518.4375  9.98405e-01  1.03668e+00  9.87845e-01  1.32471e-02
  -1998.46  6519.0625  9.65327e-01  9.44007e-01  9.53099e-01  1.46215e-02
  -1969.91  6519.6875  9.34776e-01  9.38463e-01  9.21793e-01  1.50173e-02
  -1941.36  6520.3125  9.34280e-01  8.94042e-01  9.21174e-01  1.54025e-02
  -1912.80  6520.9375  9.65626e-01  1.00181e+00  9.51849e-01  1.66634e-02
  -1884.25  6521.5625  9.95917e-01  9.53492e-01  9.81889e-01  1.76615e-02
  -1855.70  6522.1875  1.01648e+00  1.09595e+00  1.00226e+00  1.82836e-02
  -1827.15  6522.8125  9.98432e-01  9.24545e-01  9.83850e-01  1.84541e-02
  -1798.60  6523.4375  1.00179e+00  1.05528e+00  9.85451e-01  1.99947e-02
  -1770.05  6524.0625  1.00697e+00  9.51116e-01  9.87437e-01  2.25319e-02
  -1741.50  6524.6875  1.01131e+00  1.09199e+00  9.89744e-01  2.45361e-02
  -1712.95  6525.3125  9.97741e-01  8.97634e-01  9.75497e-01  2.60568e-02
  -1684.40  6525.9375  1.01707e+00  1.10672e+00  9.95754e-01  2.55898e-02
  -1655.85  6526.5625  9.90287e-01  9.66619e-01  9.67240e-01  2.68240e-02
  -1627.29  6527.1875  9.62721e-01  9.29119e-01  9.35976e-01  3.03367e-02
  -1598.74  6527.8125  9.62199e-01  1.01338e+00  9.31933e-01  3.51584e-02
  -1570.19  6528.4375  9.47606e-01  8.89860e-01  9.13592e-01  4.01297e-02
  -1541.64  6529.0625  9.47174e-01  1.00688e+00  9.09408e-01  4.41067e-02
  -1513.09  6529.6875  9.61657e-01  8.59371e-01  9.22487e-01  4.53127e-02
  -1484.54  6530.3125  1.05972e+00  1.08746e+00  1.01953e+00  4.64761e-02
  -1455.99  6530.9375  1.14509e+00  1.20364e+00  1.10323e+00  4.90729e-02
  -1427.44  6531.5625  1.14601e+00  1.14137e+00  1.10210e+00  5.14825e-02
  -1398.89  6532.1875  1.18380e+00  1.06298e+00  1.13569e+00  5.62840e-02
  -1370.34  6532.8125  1.27293e+00  1.45692e+00  1.21829e+00  6.44038e-02
  -1341.78  6533.4375  1.20566e+00  1.18170e+00  1.14317e+00  7.37842e-02
  -1313.23  6534.0625  1.08716e+00  1.04952e+00  1.01962e+00  7.97476e-02
  -1284.68  6534.6875  1.05636e+00  1.00603e+00  9.85584e-01  8.35334e-02
  -1256.13  6535.3125  1.09544e+00  1.13452e+00  1.01623e+00  9.32077e-02
  -1227.58  6535.9375  1.14828e+00  1.08430e+00  1.05918e+00  1.04623e-01
  -1199.03  6536.5625  1.17767e+00  1.31975e+00  1.07731e+00  1.17315e-01
  -1170.48  6537.1875  1.05624e+00  1.06119e+00  9.48886e-01  1.26129e-01
  -1141.93  6537.8125  9.30346e-01  7.90801e-01  8.20573e-01  1.30301e-01
  -1113.38  6538.4375  1.00941e+00  9.64357e-01  8.93580e-01  1.37975e-01
  -1084.83  6539.0625  1.20740e+00  1.24431e+00  1.07765e+00  1.53471e-01
  -1056.27  6539.6875  1.31582e+00  1.43231e+00  1.16910e+00  1.72633e-01
  -1027.72  6540.3125  1.23215e+00  1.26550e+00  1.07428e+00  1.85972e-01
   -999.17  6540.9375  1.12141e+00  9.72066e-01  9.56118e-01  1.94886e-01
   -970.62  6541.5625  1.15862e+00  1.20064e+00  9.83054e-01  2.07491e-01
   -942.07  6542.1875  1.19510e+00  1.25447e+00  1.00542e+00  2.23970e-01
   -913.52  6542.8125  1.16122e+00  1.11223e+00  9.62333e-01  2.34321e-01
   -884.97  6543.4375  1.15312e+00  1.15789e+00  9.37194e-01  2.54312e-01
   -856.42  6544.0625  1.18096e+00  1.15432e+00  9.41105e-01  2.82644e-01
   -827.87  6544.6875  1.21471e+00  1.26551e+00  9.55735e-01  3.05066e-01
   -799.31  6545.3125  1.24056e+00  1.16765e+00  9.63937e-01  3.26150e-01
   -770.76  6545.9375  1.31953e+00  1.33559e+00  1.02833e+00  3.43843e-01
   -742.21  6546.5625  1.34456e+00  1.47543e+00  1.03712e+00  3.63492e-01
   -713.66  6547.1875  1.26677e+00  1.13378e+00  9.37409e-01  3.89509e-01
   -685.11  6547.8125  1.25897e+00  1.30534e+00  9.04383e-01  4.19575e-01
   -656.56  6548.4375  1.28294e+00  1.25738e+00  9.05580e-01  4.46512e-01
   -628.01  6549.0625  1.33867e+00  1.29716e+00  9.44801e-01  4.65998e-01
   -599.46  6549.6875  1.39811e+00  1.51273e+00  9.89602e-01  4.83570e-01
   -570.91  6550.3125  1.40108e+00  1.27937e+00  9.64800e-01  5.16370e-01
   -542.36  6550.9375  1.42857e+00  1.54028e+00  9.63866e-01  5.49374e-01
   -513.80  6551.5625  1.36237e+00  1.40133e+00  8.84396e-01  5.65453e-01
   -485.25  6552.1875  1.33447e+00  1.06967e+00  8.42346e-01  5.82989e-01
   -456.70  6552.8125  1.50808e+00  1.71532e+00  9.88992e-01  6.15103e-01
   -428.15  6553.4375  1.58306e+00  1.54843e+00  1.03435e+00  6.49920e-01
   -399.60  6554.0625  1.54238e+00  1.62045e+00  9.71500e-01  6.76315e-01
   -371.05  6554.6875  1.46987e+00  1.37974e+00  8.69955e-01  7.10728e-01
   -342.50  6555.3125  1.55331e+00  1.42411e+00  8.99032e-01  7.74830e-01
   -313.95  6555.9375  1.90225e+00  1.82393e+00  1.08596e+00  9.65071e-01
   -285.40  6556.5625  2.28428e+00  2.51560e+00  1.14579e+00  1.34506e+00
   -256.85  6557.1875  2.19500e+00  2.56394e+00  9.14727e-01  1.51355e+00
   -228.29  6557.8125  1.68417e+00  1.35557e+00  6.04879e-01  1.27681e+00
   -199.74  6558.4375  1.57899e+00  1.26319e+00  4.23865e-01  1.36714e+00
   -171.19  6559.0625  2.20445e+00  1.99947e+00  3.50280e-01  2.19481e+00
   -142.64  6559.6875  3.23587e+00  3.34695e+00  4.32625e-01  3.31810e+00
   -114.09  6560.3125  4.18067e+00  4.29220e+00  6.22544e-01  4.21204e+00
    -85.54  6560.9375  4.82245e+00  4.96835e+00  8.06474e-01  4.75510e+00
    -56.99  6561.5625  5.12158e+00  5.24863e+00  9.03970e-01  4.99446e+00
    -28.44  6562.1875  5.17440e+00  5.14828e+00  9.14073e-01  5.04531e+00
      0.11  6562.8125  5.16883e+00  5.18931e+00  9.24027e-01  5.02672e+00
     28.67  6563.4375  5.14560e+00  5.13805e+00  9.67733e-01  4.94622e+00
     57.22  6564.0625  4.99014e+00  5.20636e+00  1.08856e+00  4.61868e+00
     85.77  6564.6875  4.55048e+00  4.54712e+00  1.12889e+00  4.05032e+00
    114.32  6565.3125  3.95296e+00  4.00182e+00  1.13336e+00  3.33760e+00
    142.87  6565.9375  3.26007e+00  3.30810e+00  1.10051e+00  2.55603e+00
    171.42  6566.5625  2.55147e+00  2.42610e+00  1.00807e+00  1.82690e+00
    199.97  6567.1875  2.01983e+00  1.96333e+00  9.14779e-01  1.30837e+00
    228.52  6567.8125  1.75296e+00  1.56424e+00  8.75813e-01  1.03853e+00
    257.07  6568.4375  1.76836e+00  1.77319e+00  9.90040e-01  9.21249e-01
    285.62  6569.0625  1.80248e+00  1.95658e+00  1.07474e+00  8.61380e-01
    314.18  6569.6875  1.68598e+00  1.60190e+00  9.89055e-01  8.25233e-01
    342.73  6570.3125  1.60839e+00  1.57484e+00  9.34614e-01  7.97843e-01
    371.28  6570.9375  1.62407e+00  1.61641e+00  9.64883e-01  7.79881e-01
    399.83  6571.5625  1.63502e+00  1.70142e+00  9.86485e-01  7.66210e-01
    428.38  6572.1875  1.59679e+00  1.53927e+00  9.68102e-01  7.43279e-01
    456.93  6572.8125  1.58207e+00  1.60732e+00  9.75245e-01  7.18767e-01
    485.48  6573.4375  1.59528e+00  1.53948e+00  1.01145e+00  6.92079e-01
    514.03  6574.0625  1.58577e+00  1.73092e+00  1.03011e+00  6.58347e-01
    542.58  6574.6875  1.48791e+00  1.36397e+00  9.59513e-01  6.25885e-01
    571.13  6575.3125  1.42774e+00  1.50276e+00  9.17380e-01  6.04257e-01
    599.69  6575.9375  1.40534e+00  1.28876e+00  9.16280e-01  5.79245e-01
    628.24  6576.5625  1.44355e+00  1.53716e+00  9.79999e-01  5.49081e-01
    656.79  6577.1875  1.47339e+00  1.38800e+00  1.02951e+00  5.25194e-01
    685.34  6577.8125  1.50407e+00  1.60407e+00  1.07897e+00  5.03244e-01
    713.89  6578.4375  1.46801e+00  1.44567e+00  1.06156e+00  4.81573e-01
    742.44  6579.0625  1.47307e+00  1.34606e+00  1.08180e+00  4.64142e-01
    770.99  6579.6875  1.51368e+00  1.75658e+00  1.14176e+00  4.41831e-01
    799.54  6580.3125  1.37581e+00  1.26839e+00  1.02311e+00  4.18591e-01
    828.09  6580.9375  1.28030e+00  1.20650e+00  9.49819e-01  3.91533e-01
    856.65  6581.5625  1.29961e+00  1.37090e+00  9.86970e-01  3.70319e-01
    885.20  6582.1875  1.31643e+00  1.24197e+00  1.01870e+00  3.53217e-01
    913.75  6582.8125  1.36321e+00  1.40729e+00  1.08234e+00  3.33160e-01
    942.30  6583.4375  1.36468e+00  1.41265e+00  1.10452e+00  3.07943e-01
    970.85  6584.0625  1.28393e+00  1.27938e+00  1.03992e+00  2.88564e-01
    999.40  6584.6875  1.23340e+00  1.13902e+00  1.00284e+00  2.73282e-01
   1027.95  6585.3125  1.26332e+00  1.33969e+00  1.04438e+00  2.60289e-01
   1056.50  6585.9375  1.24819e+00  1.25610e+00  1.03641e+00  2.51784e-01
   1085.05  6586.5625  1.24806e+00  1.12738e+00  1.04562e+00  2.40750e-01
   1113.60  6587.1875  1.32302e+00  1.45477e+00  1.13364e+00  2.24674e-01
   1142.16  6587.8125  1.31381e+00  1.27774e+00  1.13890e+00  2.06596e-01
   1170.71  6588.4375  1.22404e+00  1.31828e+00  1.05764e+00  1.97143e-01
   1199.26  6589.0625  1.10958e+00  9.70462e-01  9.47850e-01  1.92535e-01
   1227.81  6589.6875  1.11179e+00  1.13342e+00  9.58133e-01  1.82492e-01
   1256.36  6590.3125  1.16107e+00  1.16882e+00  1.01885e+00  1.68217e-01
   1284.91  6590.9375  1.17694e+00  1.19895e+00  1.04013e+00  1.61730e-01
   1313.46  6591.5625  1.13812e+00  1.17381e+00  1.00868e+00  1.53487e-01
   1342.01  6592.1875  1.07460e+00  1.01248e+00  9.56529e-01  1.40356e-01
   1370.56  6592.8125  1.06167e+00  1.08746e+00  9.51322e-01  1.31407e-01
   1399.11  6593.4375  1.13560e+00  9.80427e-01  1.02905e+00  1.27303e-01
   1427.67  6594.0625  1.23607e+00  1.51934e+00  1.13386e+00  1.21460e-01
   1456.22  6594.6875  1.13650e+00  9.91810e-01  1.04332e+00  1.10188e-01
   1484.77  6595.3125  1.02159e+00  1.09908e+00  9.34394e-01  1.02998e-01
   1513.32  6595.9375  9.74523e-01  8.15756e-01  8.91213e-01  9.91570e-02
   1541.87  6596.5625  1.03683e+00  1.13913e+00  9.57774e-01  9.52617e-02
   1570.42  6597.1875  1.08166e+00  1.04149e+00  1.00426e+00  9.27084e-02
   1598.97  6597.8125  1.13914e+00  1.10803e+00  1.06487e+00  8.78040e-02
   1627.52  6598.4375  1.19377e+00  1.29629e+00  1.12492e+00  8.11514e-02
   1656.07  6599.0625  1.09585e+00  1.16828e+00  1.03283e+00  7.40514e-02
   1684.63  6599.6875  9.82105e-01  7.43843e-01  9.24403e-01  6.79094e-02
   1713.18  6600.3125  1.09212e+00  1.16835e+00  1.03499e+00  6.78078e-02
   1741.73  6600.9375  1.22578e+00  1.25161e+00  1.16847e+00  6.79650e-02
   1770.28  6601.5625  1.25919e+00  1.30362e+00  1.20558e+00  6.37951e-02
   1798.83  6602.1875  1.20549e+00  1.21911e+00  1.15687e+00  5.79938e-02
   1827.38  6602.8125  1.09839e+00  1.11734e+00  1.05349e+00  5.33505e-02
   1855.93  6603.4375  1.02384e+00  9.08776e-01  9.82101e-01  4.96249e-02
   1884.48  6604.0625  1.05566e+00  1.11989e+00  1.01557e+00  4.79387e-02
   1913.03  6604.6875  1.12687e+00  1.02653e+00  1.08698e+00  4.74143e-02
   1941.58  6605.3125  1.20575e+00  1.35804e+00  1.16747e+00  4.47497e-02
   1970.14  6605.9375  1.16705e+00  1.12344e+00  1.13070e+00  4.24417e-02
   1998.69  6606.5625  1.10685e+00  1.08870e+00  1.07284e+00  3.95415e-02
   2027.24  6607.1875  1.06591e+00  1.11356e+00  1.03298e+00  3.82602e-02
   2055.79  6607.8125  1.01817e+00  9.41641e-01  9.85489e-01  3.87396e-02
   2084.34  6608.4375  1.00593e+00  1.07380e+00  9.74573e-01  3.75497e-02
   2112.89  6609.0625  1.00301e+00  9.11772e-01  9.74215e-01  3.43336e-02
   2141.44  6609.6875  1.07196e+00  1.08672e+00  1.04596e+00  3.08771e-02
   2169.99  6610.3125  1.13009e+00  1.20285e+00  1.10598e+00  2.86808e-02
   2198.54  6610.9375  1.09042e+00  1.08493e+00  1.06715e+00  2.81670e-02
   2227.09  6611.5625  1.04450e+00  9.90314e-01  1.02183e+00  2.70561e-02
   2255.65  6612.1875  1.03933e+00  1.09150e+00  1.01734e+00  2.62170e-02
   2284.20  6612.8125  9.86755e-01  1.01004e+00  9.66622e-01  2.42408e-02
   2312.75  6613.4375  9.27451e-01  8.34245e-01  9.09608e-01  2.19342e-02
   2341.30  6614.0625  9.38296e-01  1.00462e+00  9.22389e-01  2.01553e-02
   2369.85  6614.6875  9.50474e-01  8.93163e-01  9.34819e-01  1.96321e-02
   2398.40  6615.3125  9.91490e-01  1.01243e+00  9.76003e-01  1.91342e-02
   2426.95  6615.9375  1.06822e+00  1.00896e+00  1.05232e+00  1.90211e-02
   2455.50  6616.5625  1.12574e+00  1.27106e+00  1.11103e+00  1.75602e-02
   2484.05  6617.1875  1.03696e+00  1.01753e+00  1.02505e+00  1.47725e-02
   2512.61  6617.8125  9.14292e-01  8.79296e-01  9.03055e-01  1.43637e-02
   2541.16  6618.4375  9.25931e-01  7.81236e-01  9.13455e-01  1.59092e-02
   2569.71  6619.0625  1.03139e+00  1.24149e+00  1.01922e+00  1.51525e-02
   2598.26  6619.6875  1.04602e+00  8.71927e-01  1.03611e+00  1.24917e-02
   2626.81  6620.3125  1.08056e+00  1.22960e+00  1.07245e+00  1.09103e-02
   2655.36  6620.9375  1.03337e+00  1.00473e+00  1.02429e+00  1.14319e-02
   2683.91  6621.5625  9.61806e-01  9.24006e-01  9.50291e-01  1.35775e-02
   2712.46  6622.1875  9.32655e-01  9.67683e-01  9.20353e-01  1.39162e-02
   2741.01  6622.8125  8.97840e-01  8.67857e-01  8.87759e-01  1.08040e-02
   2769.56  6623.4375  8.63344e-01  8.99349e-01  8.56190e-01  7.83082e-03
   2798.12  6624.0625  8.39202e-01  7.70015e-01  8.33483e-01  7.26405e-03
   2826.67  6624.6875  8.74773e-01  8.93195e-01  8.68670e-01  8.26774e-03
   2855.22  6625.3125  9.16652e-01  9.34880e-01  9.09963e-01  8.65209e-03
   2883.77  6625.9375  9.42155e-01  9.10150e-01  9.35619e-01  8.05567e-03
   2912.32  6626.5625  9.57112e-01  1.03075e+00  9.51378e-01  7.49640e-03
   2940.87  6627.1875  9.51337e-01  8.53125e-01  9.45862e-01  6.99628e-03
   2969.42  6627.8125  1.01515e+00  1.04416e+00  1.00990e+00  6.56088e-03
   2997.97  6628.4375  1.08116e+00  1.10035e+00  1.07698e+00  5.67549e-03
   3026.52  6629.0625  1.03422e+00  1.16413e+00  1.03049e+00  5.01958e-03
   3055.07  6629.6875  9.08264e-01  7.30640e-01  9.04628e-01  4.92551e-03
   3083.63  6630.3125  9.29886e-01  9.46832e-01  9.26381e-01  4.80555e-03
   3112.18  6630.9375  1.02920e+00  1.03080e+00  1.02532e+00  4.68146e-03
   3140.73  6631.5625  1.07790e+00  1.15076e+00  1.07357e+00  4.70384e-03
   3169.28  6632.1875  1.03173e+00  1.02738e+00  1.02720e+00  4.90950e-03
   3197.83  6632.8125  9.75339e-01  9.26463e-01  9.71473e-01  4.93027e-03
   3226.38  6633.4375  9.59861e-01  1.00302e+00  9.56973e-01  4.24570e-03
   3254.93  6634.0625  9.46505e-01  8.97694e-01  9.44070e-01  3.79100e-03
   3283.48  6634.6875  9.74633e-01  9.71636e-01  9.71805e-01  4.15588e-03
   3312.03  6635.3125  1.01598e+00  1.04518e+00  1.01323e+00  4.16147e-03
   3340.58  6635.9375  1.00872e+00  1.03689e+00  1.00686e+00  3.11096e-03
   3369.14  6636.5625  1.00876e+00  8.96831e-01  1.00735e+00  2.33751e-03
   3397.69  6637.1875  1.04572e+00  1.20488e+00  1.04399e+00  2.30062e-03
   3426.24  6637.8125  9.78247e-01  9.11392e-01  9.75606e-01  2.81405e-03
   3454.79  6638.4375  9.18697e-01  9.02742e-01  9.15732e-01  2.64912e-03
   3483.34  6639.0625  9.52759e-01  8.92425e-01  9.51067e-01  2.07409e-03
   3511.89  6639.6875  1.07832e+00  1.07254e+00  1.07729e+00  2.09479e-03
   3540.44  6640.3125  1.16957e+00  1.30737e+00  1.16804e+00  2.05383e-03
   3568.99  6640.9375  1.15417e+00  1.02463e+00  1.15159e+00  1.96348e-03
   3597.54  6641.5625  1.11210e+00  1.31095e+00  1.10946e+00  1.74506e-03
   3626.10  6642.1875  9.68136e-01  8.22365e-01  9.66910e-01  1.32302e-03
   3654.65  6642.8125  9.17222e-01  8.90845e-01  9.16851e-01  1.19602e-03
   3683.20  6643.4375  9.58578e-01  1.00013e+00  9.58628e-01  1.08796e-03
   3711.75  6644.0625  9.74298e-01  9.58919e-01  9.74544e-01  9.90144e-04
   3740.30  6644.6875  9.76271e-01  9.94119e-01  9.76652e-01  7.72159e-04
   3768.85  6645.3125  9.79031e-01  9.46269e-01  9.78542e-01  7.75392e-04
   3797.40  6645.9375  9.59374e-01  1.05494e+00  9.58035e-01  9.76049e-04
   3825.95  6646.5625  8.73078e-01  8.06224e-01  8.71773e-01  1.16019e-03
   3854.50  6647.1875  8.39299e-01  8.05612e-01  8.38432e-01  9.76308e-04
   3883.05  6647.8125  8.78996e-01  8.91062e-01  8.78541e-01  8.43286e-04
   3911.61  6648.4375  9.00891e-01  9.45077e-01  9.00976e-01  5.52037e-04
   3940.16  6649.0625  8.99588e-01  8.29196e-01  8.99355e-01  6.91847e-04
   3968.71  6649.6875  9.50793e-01  9.71121e-01  9.49933e-01  1.24718e-03
   3997.26  6650.3125  9.85787e-01  1.03916e+00  9.84739e-01  1.21631e-03
   4025.81  6650.9375  9.79796e-01  9.15486e-01  9.79224e-01  8.72968e-04
   4054.36  6651.5625  1.04296e+00  1.01132e+00  1.04232e+00  9.07037e-04
   4082.91  6652.1875  1.13948e+00  1.21884e+00  1.13884e+00  8.03819e-04
   4111.46  6652.8125  1.17976e+00  1.12763e+00  1.17947e+00  5.71203e-04
   4140.01  6653.4375  1.17982e+00  1.28287e+00  1.17981e+00  4.87631e-04
   4168.56  6654.0625  1.08145e+00  1.07177e+00  1.08126e+00  5.16563e-04
   4197.12  6654.6875  1.00655e+00  8.83184e-01  1.00601e+00  4.75556e-04
   4225.67  6655.3125  1.03435e+00  1.14361e+00  1.03356e+00  3.57504e-04
   4254.22  6655.9375  1.03490e+00  9.69128e-01  1.03447e+00  4.25517e-04
   4282.77  6656.5625  1.09965e+00  1.01953e+00  1.09977e+00  6.01118e-04
   4311.32  6657.1875  1.13288e+00  1.42863e+00  1.13322e+00  5.74674e-04
   4339.87  6657.8125  9.22815e-01  7.63723e-01  9.23149e-01  5.37396e-04
   4368.42  6658.4375  8.18465e-01  6.99268e-01  8.17995e-01  5.90767e-04
   4396.97  6659.0625  9.15741e-01  9.83319e-01  9.15060e-01  4.73121e-04
   4425.52  6659.6875  9.48447e-01  1.04222e+00  9.48508e-01  4.37073e-04
   4454.08  6660.3125  8.96011e-01  7.64136e-01  8.96035e-01  5.58098e-04
   4482.63  6660.9375  9.18074e-01  9.89868e-01  9.17578e-01  4.37178e-04
   4511.18  6661.5625  9.46568e-01  9.05100e-01  9.45969e-01  2.41288e-04
   4539.73  6662.1875  9.88690e-01  9.91948e-01  9.87738e-01  2.43757e-04
   4568.28  6662.8125  1.03037e+00  1.05635e+00  1.02908e+00  2.18889e-04
   4596.83  6663.4375  9.91978e-01  1.07248e+00  9.91114e-01  1.40375e-04
   4625.38  6664.0625  9.01881e-01  7.82100e-01  9.01450e-01  9.16498e-05
   4653.93  6664.6875  9.01307e-01  9.33380e-01  9.01053e-01  1.86566e-04
   4682.48  6665.3125  9.09744e-01  9.43570e-01  9.09598e-01  3.22560e-04
   4711.03  6665.9375  8.98660e-01  8.30628e-01  8.98915e-01  2.67788e-04
   4739.59  6666.5625  9.52089e-01  9.59237e-01  9.52946e-01  2.13786e-04
   4768.14  6667.1875  1.03344e+00  1.03777e+00  1.03468e+00  2.60962e-04
   4796.69  6667.8125  1.09873e+00  1.10893e+00  1.09922e+00  1.91166e-04
   4825.24  6668.4375  1.11276e+00  1.17217e+00  1.11194e+00  1.51408e-04
   4853.79  6669.0625  1.07164e+00  1.02386e+00  1.07068e+00  1.19573e-04
   4882.34  6669.6875  1.07399e+00  1.03921e+00  1.07355e+00  1.71299e-04
   4910.89  6670.3125  1.06736e+00  1.21219e+00  1.06678e+00  2.57336e-04
   4939.44  6670.9375  9.83921e-01  8.24332e-01  9.82753e-01  2.32502e-04
   4967.99  6671.5625  9.67831e-01  1.06419e+00  9.66978e-01  9.53812e-05
   4996.54  6672.1875  9.16496e-01  9.19966e-01  9.17146e-01  1.95345e-05
   5025.10  6672.8125  8.65244e-01  7.65759e-01  8.66411e-01  1.58173e-05
   5053.65  6673.4375  9.00889e-01  9.74234e-01  9.01489e-01  9.44184e-05
   5082.20  6674.0625  9.65443e-01  8.47196e-01  9.65250e-01  2.62903e-04
   5110.75  6674.6875  1.04727e+00  1.21300e+00  1.04704e+00  2.96993e-04
   5139.30  6675.3125  1.00409e+00  9.61373e-01  1.00451e+00  1.28588e-04
   5167.85  6675.9375  9.41332e-01  9.07192e-01  9.41974e-01  3.44233e-05
   5196.40  6676.5625  9.30036e-01  9.53452e-01  9.30616e-01  1.14037e-04
   5224.95  6677.1875  9.06725e-01  9.12540e-01  9.06877e-01  2.17199e-04
   5253.50  6677.8125  8.67881e-01  8.58926e-01  8.67611e-01  1.13993e-04
   5282.06  6678.4375  8.35320e-01  8.36179e-01  8.35035e-01  3.87903e-05
   5310.61  6679.0625  8.01281e-01  8.17270e-01  8.00705e-01  1.72157e-04
   5339.16  6679.6875  8.15672e-01  6.95606e-01  8.14978e-01  4.05289e-04
   5367.71  6680.3125  9.24994e-01  1.01532e+00  9.24576e-01  3.79832e-04
   5396.26  6680.9375  9.74530e-01  9.95941e-01  9.74274e-01  1.85436e-04
   5424.81  6681.5625  9.69295e-01  9.26847e-01  9.69213e-01  4.87019e-05
   5453.36  6682.1875  9.80026e-01  1.01694e+00  9.79766e-01  8.43073e-06
   5481.91  6682.8125  9.37026e-01  9.93339e-01  9.36191e-01  2.21492e-05
   5510.46  6683.4375  8.76412e-01  7.43459e-01  8.75893e-01  4.21603e-05
   5539.01  6684.0625  9.15581e-01  9.83494e-01  9.15845e-01  2.22652e-05
   5567.57  6684.6875  9.32717e-01  9.56224e-01  9.32899e-01  1.10577e-05
   5596.12  6685.3125  9.45069e-01  8.32853e-01  9.45284e-01  5.63784e-05
   5624.67  6685.9375  1.01482e+00  1.14851e+00  1.01526e+00  1.07998e-04
   5653.22  6686.5625  1.06217e+00  9.05763e-01  1.06300e+00  5.62593e-05
   5681.77  6687.1875  1.12620e+00  1.31884e+00  1.12714e+00  7.95328e-06
   5710.32  6687.8125  1.06665e+00  9.96246e-01  1.06684e+00  3.05117e-07
   5738.87  6688.4375  9.96074e-01  9.83027e-01  9.95560e-01  3.17653e-09
   5767.42  6689.0625  9.52235e-01  9.96116e-01  9.51573e-01  0.00000e+00
   5795.97  6689.6875  8.61190e-01  8.63121e-01  8.60364e-01  0.00000e+00
   5824.52  6690.3125  7.82104e-01  7.18278e-01  7.81704e-01  0.00000e+00
   5853.08  6690.9375  8.18950e-01  7.58222e-01  8.19252e-01  1.06398e-08
   5881.63  6691.5625  9.10096e-01  1.01859e+00  9.10154e-01  1.02199e-06
   5910.18  6692.1875  9.07505e-01  8.92106e-01  9.06952e-01  2.66396e-05
   5938.73  6692.8125  9.08399e-01  8.26299e-01  9.07384e-01  1.88441e-04
   5967.28  6693.4375  9.76887e-01  1.06006e+00  9.75369e-01  3.61736e-04
   5995.83  6694.0625  1.02598e+00  9.50718e-01  1.02503e+00  1.88441e-04
   6024.38  6694.6875  1.05207e+00  1.18448e+00  1.05201e+00  2.66396e-05
   6052.93  6695.3125  1.02557e+00  8.85613e-01  1.02486e+00  1.02199e-06
   6081.48  6695.9375  1.04540e+00  1.15209e+00  1.04403e+00  1.06398e-08
   6110.04  6696.5625  1.04154e+00  9.79219e-01  1.04091e+00  0.00000e+00
   6138.59  6697.1875  1.06738e+00  1.05530e+00  1.06743e+00  5.16328e-09
   6167.14  6697.8125  1.11943e+00  1.15376e+00  1.12002e+00  4.95950e-07
   6195.69  6698.4375  1.08648e+00  1.17404e+00  1.08699e+00  1.29276e-05
   6224.24  6699.0625  9.96920e-01  8.62751e-01  9.97380e-01  9.14464e-05
   6252.79  6699.6875  1.01693e+00  1.03828e+00  1.01748e+00  1.75543e-04
   6281.34  6700.3125  1.04919e+00  1.11590e+00  1.04895e+00  9.14464e-05
   6309.89  6700.9375  1.02720e+00  9.52606e-01  1.02649e+00  1.29276e-05
   6338.44  6701.5625  1.03178e+00  1.08852e+00  1.03109e+00  4.95950e-07
   6366.99  6702.1875  1.04630e+00  9.67599e-01  1.04550e+00  5.16328e-09
   6395.55  6702.8125  1.04384e+00  1.19856e+00  1.04341e+00  0.00000e+00
   6424.10  6703.4375  9.48571e-01  8.34899e-01  9.48147e-01  0.00000e+00
   6452.65  6704.0625  9.00227e-01  9.26521e-01  8.99967e-01  0.00000e+00
   6481.20  6704.6875  9.12782e-01  8.51193e-01  9.12575e-01  0.00000e+00
   6509.75  6705.3125  9.12997e-01  1.05978e+00  9.12779e-01  0.00000e+00
   6538.30  6705.9375  8.68561e-01  6.74417e-01  8.68496e-01  0.00000e+00
   6566.85  6706.5625  9.47188e-01  1.03003e+00  9.46967e-01  0.00000e+00
   6595.40  6707.1875  1.04761e+00  1.01370e+00  1.04716e+00  0.00000e+00
   6623.95  6707.8125  1.12773e+00  1.16336e+00  1.12734e+00  0.00000e+00
   6652.50  6708.4375  1.16542e+00  1.18091e+00  1.16511e+00  0.00000e+00
   6681.06  6709.0625  1.11783e+00  1.19852e+00  1.11802e+00  0.00000e+00
   6709.61  6709.6875  1.03030e+00  8.94489e-01  1.03075e+00  0.00000e+00
   6738.16  6710.3125  1.00742e+00  1.12382e+00  1.00775e+00  0.00000e+00
   6766.71  6710.9375  9.68265e-01  8.67954e-01  9.68487e-01  0.00000e+00
   6795.26  6711.5625  9.69535e-01  1.01661e+00  9.69561e-01  0.00000e+00
   6823.81  6712.1875  9.84971e-01  9.50526e-01  9.84611e-01  0.00000e+00
   6852.36  6712.8125  1.00988e+00  1.02992e+00  1.00990e+00  0.00000e+00
   6880.91  6713.4375  1.04049e+00  1.01866e+00  1.04091e+00  0.00000e+00
   6909.46  6714.0625  1.08518e+00  1.08837e+00  1.08547e+00  0.00000e+00
   6938.02  6714.6875  1.10124e+00  1.16503e+00  1.10147e+00  0.00000e+00
   6966.57  6715.3125  1.06170e+00  1.00853e+00  1.06177e+00  0.00000e+00
   6995.12  6715.9375  1.03187e+00  1.07316e+00  1.03215e+00  0.00000e+00
   7023.67  6716.5625  1.01822e+00  9.44335e-01  1.01833e+00  0.00000e+00
   7052.22  6717.1875  1.01182e+00  1.12627e+00  1.01199e+00  0.00000e+00
   7080.77  6717.8125  9.29300e-01  8.81057e-01  9.29866e-01  0.00000e+00
   7109.32  6718.4375  9.09991e-01  7.94451e-01  9.10825e-01  0.00000e+00
   7137.87  6719.0625  9.89082e-01  1.12330e+00  9.89581e-01  0.00000e+00
   7166.42  6719.6875  9.72511e-01  9.59146e-01  9.72303e-01  0.00000e+00
   7194.97  6720.3125  9.49607e-01  8.52877e-01  9.49418e-01  0.00000e+00
   7223.53  6720.9375  9.72183e-01  1.12114e+00  9.72526e-01  0.00000e+00
   7252.08  6721.5625  9.18439e-01  8.16452e-01  9.18691e-01  0.00000e+00
   7280.63  6722.1875  9.29454e-01  8.98449e-01  9.29731e-01  0.00000e+00
   7309.18  6722.8125  9.88014e-01  1.07407e+00  9.88291e-01  0.00000e+00
   7337.73  6723.4375  9.84566e-01  9.35944e-01  9.84761e-01  0.00000e+00
   7366.28  6724.0625  1.00309e+00  9.82720e-01  1.00379e+00  0.00000e+00
   7394.83  6724.6875  1.01275e+00  1.12273e+00  1.01357e+00  0.00000e+00
   7423.38  6725.3125  9.65750e-01  8.41053e-01  9.66043e-01  0.00000e+00
   7451.93  6725.9375  1.01500e+00  1.01391e+00  1.01490e+00  0.00000e+00
   7480.48  6726.5625  1.05237e+00  1.19496e+00  1.05222e+00  0.00000e+00
   7509.04  6727.1875  9.36491e-01  8.91424e-01  9.36267e-01  0.00000e+00
   7537.59  6727.8125  8.83565e-01  7.34964e-01  8.83753e-01  0.00000e+00
   7566.14  6728.4375  1.02789e+00  1.05817e+00  1.02864e+00  0.00000e+00
   7594.69  6729.0625  1.12713e+00  1.29150e+00  1.12756e+00  0.00000e+00
   7623.24  6729.6875  1.05282e+00  9.55043e-01  1.05230e+00  0.00000e+00
   7651.79  6730.3125  1.00716e+00  1.00452e+00  1.00655e+00  0.00000e+00
   7680.34  6730.9375  9.83237e-01  1.04958e+00  9.83248e-01  0.00000e+00
   7708.89  6731.5625  9.49678e-01  8.22422e-01  9.49864e-01  0.00000e+00
   7737.44  6732.1875  9.88017e-01  1.08750e+00  9.88177e-01  0.00000e+00
   7765.99  6732.8125  1.01815e+00  9.34211e-01  1.01877e+00  0.00000e+00
   7794.55  6733.4375  1.07520e+00  1.12152e+00  1.07584e+00  0.00000e+00
   7823.10  6734.0625  1.10031e+00  1.12908e+00  1.10058e+00  0.00000e+00
   7851.65  6734.6875  1.06215e+00  1.06320e+00  1.06267e+00  0.00000e+00
   7880.20  6735.3125  1.02096e+00  9.92234e-01  1.02152e+00  0.00000e+00
   7908.75  6735.9375  1.01932e+00  1.01565e+00  1.01948e+00  0.00000e+00
   7937.30  6736.5625  1.05273e+00  1.03504e+00  1.05251e+00  0.00000e+00
   7965.85  6737.1875  1.13189e+00  1.08801e+00  1.13123e+00  0.00000e+00
   7994.40  6737.8125  1.15060e+00  1.37450e+00  1.15055e+00  0.00000e+00
   8022.95  6738.4375  1.01376e+00  8.23770e-01  1.01446e+00  0.00000e+00
   8051.51  6739.0625  1.00643e+00  9.85156e-01  1.00704e+00  0.00000e+00
   8080.06  6739.6875  1.09208e+00  1.16693e+00  1.09239e+00  0.00000e+00
   8108.61  6740.3125  1.12331e+00  1.07172e+00  1.12322e+00  0.00000e+00
   8137.16  6740.9375  1.09021e+00  1.24431e+00  1.08996e+00  0.00000e+00
   8165.71  6741.5625  9.77846e-01  8.12616e-01  9.77761e-01  0.00000e+00
   8194.26  6742.1875  9.49179e-01  1.02730e+00  9.48884e-01  0.00000e+00
   8222.81  6742.8125  9.53094e-01  8.84454e-01  9.52540e-01  0.00000e+00
   8251.36  6743.4375  1.01263e+00  1.00657e+00  1.01218e+00  0.00000e+00
   8279.91  6744.0625  1.14013e+00  1.09299e+00  1.13993e+00  0.00000e+00
   8308.46  6744.6875  1.20468e+00  1.42835e+00  1.20508e+00  0.00000e+00
   8337.02  6745.3125  1.07488e+00  9.53935e-01  1.07513e+00  0.00000e+00
   8365.57  6745.9375  1.00558e+00  9.44653e-01  1.00456e+00  0.00000e+00
   8394.12  6746.5625  1.02030e+00  1.12967e+00  1.01908e+00  0.00000e+00
   8422.67  6747.1875  9.82892e-01  8.93717e-01  9.82841e-01  0.00000e+00
   8451.22  6747.8125  9.77613e-01  1.01993e+00  9.78241e-01  0.00000e+00
   8479.77  6748.4375  1.01984e+00  9.23185e-01  1.01995e+00  0.00000e+00
   8508.32  6749.0625  1.08053e+00  1.23161e+00  1.08037e+00  0.00000e+00
   8536.87  6749.6875  1.06373e+00  9.51952e-01  1.06398e+00  0.00000e+00
   8565.42  6750.3125  1.09372e+00  1.11644e+00  1.09445e+00  0.00000e+00
   8593.97  6750.9375  1.14750e+00  1.15820e+00  1.14852e+00  0.00000e+00
   8622.53  6751.5625  1.13912e+00  1.20327e+00  1.14024e+00  0.00000e+00
   8651.08  6752.1875  1.05970e+00  1.02694e+00  1.06085e+00  0.00000e+00
   8679.63  6752.8125  1.02160e+00  9.57456e-01  1.02237e+00  0.00000e+00
   8708.18  6753.4375  1.05012e+00  1.11343e+00  1.05064e+00  0.00000e+00
   8736.73  6754.0625  1.06181e+00  1.01487e+00  1.06271e+00  0.00000e+00
   8765.28  6754.6875  1.08978e+00  1.11116e+00  1.09058e+00  0.00000e+00
   8793.83  6755.3125  1.15921e+00  1.07748e+00  1.15974e+00  0.00000e+00
   8822.38  6755.9375  1.22507e+00  1.39874e+00  1.22506e+00  0.00000e+00
   8850.93  6756.5625  1.18028e+00  1.05845e+00  1.17971e+00  0.00000e+00
   8879.49  6757.1875  1.16237e+00  1.21356e+00  1.16207e+00  0.00000e+00
   8908.04  6757.8125  1.11662e+00  1.16913e+00  1.11680e+00  0.00000e+00
   8936.59  6758.4375  1.05127e+00  9.22494e-01  1.05110e+00  0.00000e+00
   8965.14  6759.0625  1.10249e+00  1.13488e+00  1.10175e+00  0.00000e+00
   8993.69  6759.6875  1.15087e+00  1.20996e+00  1.15030e+00  0.00000e+00
   9022.24  6760.3125  1.10871e+00  1.10975e+00  1.10823e+00  0.00000e+00
   9050.79  6760.9375  1.10191e+00  9.74040e-01  1.10211e+00  0.00000e+00
   9079.34  6761.5625  1.19625e+00  1.30824e+00  1.19715e+00  0.00000e+00
   9107.89  6762.1875  1.23124e+00  1.20834e+00  1.23195e+00  0.00000e+00
   9136.44  6762.8125  1.20131e+00  1.25004e+00  1.20183e+00  0.00000e+00
   9165.00  6763.4375  1.09041e+00  1.14275e+00  1.09029e+00  0.00000e+00
   9193.55  6764.0625  9.83589e-01  8.09152e-01  9.82535e-01  0.00000e+00
   9222.10  6764.6875  1.01321e+00  1.11693e+00  1.01162e+00  0.00000e+00
   9250.65  6765.3125  1.00736e+00  1.00973e+00  1.00670e+00  0.00000e+00
   9279.20  6765.9375  9.50543e-01  9.39844e-01  9.50859e-01  0.00000e+00
   9307.75  6766.5625  9.48079e-01  8.66573e-01  9.48432e-01  0.00000e+00
   9336.30  6767.1875  9.86546e-01  1.11273e+00  9.86590e-01  0.00000e+00
   9364.85  6767.8125  9.48141e-01  8.81974e-01  9.47784e-01  0.00000e+00
   9393.40  6768.4375  9.53122e-01  9.04037e-01  9.52597e-01  0.00000e+00
   9421.95  6769.0625  1.03981e+00  1.06846e+00  1.03951e+00  0.00000e+00
   9450.51  6769.6875  1.07660e+00  1.14900e+00  1.07605e+00  0.00000e+00
   9479.06  6770.3125  1.00371e+00  9.99864e-01  1.00273e+00  0.00000e+00
   9507.61  6770.9375  9.10407e-01  8.84130e-01  9.09910e-01  0.00000e+00
   9536.16  6771.5625  9.11703e-01  8.09661e-01  9.11669e-01  0.00000e+00
   9564.71  6772.1875  1.01795e+00  1.09551e+00  1.01777e+00  0.00000e+00
   9593.26  6772.8125  1.07650e+00  1.08874e+00  1.07636e+00  0.00000e+00
   9621.81  6773.4375  1.08482e+00  1.06868e+00  1.08448e+00  0.00000e+00
   9650.36  6774.0625  1.10546e+00  1.10251e+00  1.10493e+00  0.00000e+00
   9678.91  6774.6875  1.12590e+00  1.15013e+00  1.12588e+00  0.00000e+00
   9707.47  6775.3125  1.12687e+00  1.10389e+00  1.12758e+00  0.00000e+00
   9736.02  6775.9375  1.09044e+00  1.18595e+00  1.09109e+00  0.00000e+00
   9764.57  6776.5625  1.02211e+00  8.84059e-01  1.02216e+00  0.00000e+00
   9793.12  6777.1875  1.05249e+00  1.09707e+00  1.05231e+00  0.00000e+00
   9821.67  6777.8125  1.07988e+00  1.12085e+00  1.07996e+00  0.00000e+00
   9850.22  6778.4375  1.04630e+00  1.02130e+00  1.04696e+00  0.00000e+00
   9878.77  6779.0625  1.03421e+00  1.00775e+00  1.03519e+00  0.00000e+00
   9907.32  6779.6875  1.04589e+00  1.08753e+00  1.04658e+00  0.00000e+00
   9935.87  6780.3125  1.01342e+00  1.02222e+00  1.01359e+00  0.00000e+00
   9964.42  6780.9375  9.59360e-01  9.47678e-01  9.59117e-01  0.00000e+00
   9992.98  6781.5625  1.03403e+00  8.20699e-01  1.03335e+00  0.00000e+00
  10021.53  6782.1875  1.22268e+00  1.51736e+00  1.22169e+00  0.00000e+00
  10050.08  6782.8125  1.16924e+00  1.13444e+00  1.16947e+00  0.00000e+00
  10078.63  6783.4375  1.00288e+00  9.86594e-01  1.00385e+00  0.00000e+00
  10107.18  6784.0625  9.21214e-01  8.36560e-01  9.21862e-01  0.00000e+00
  10135.73  6784.6875  9.64841e-01  9.58417e-01  9.65848e-01  0.00000e+00
  10164.28  6785.3125  1.01563e+00  1.10979e+00  1.01718e+00  0.00000e+00
  10192.83  6785.9375  1.01533e+00  8.98644e-01  1.01601e+00  0.00000e+00
  10221.38  6786.5625  1.06245e+00  1.14788e+00  1.06196e+00  0.00000e+00
  10249.93  6787.1875  1.07531e+00  1.05605e+00  1.07535e+00  0.00000e+00
  10278.49  6787.8125  1.07994e+00  1.06232e+00  1.08099e+00  0.00000e+00
  10307.04  6788.4375  1.16396e+00  1.07620e+00  1.16543e+00  0.00000e+00
  10335.59  6789.0625  1.27005e+00  1.45101e+00  1.27162e+00  0.00000e+00
  10364.14  6789.6875  1.24192e+00  1.14879e+00  1.24352e+00  0.00000e+00
  10392.69  6790.3125  1.18010e+00  1.26701e+00  1.18117e+00  0.00000e+00
  10421.24  6790.9375  1.08552e+00  1.03164e+00  1.08539e+00  0.00000e+00
  10449.79  6791.5625  1.02067e+00  1.01282e+00  1.01971e+00  0.00000e+00
  10478.34  6792.1875  1.03478e+00  9.66822e-01  1.03422e+00  0.00000e+00
  10506.89  6792.8125  1.10237e+00  1.17569e+00  1.10316e+00  0.00000e+00
  10535.45  6793.4375  1.11508e+00  1.10623e+00  1.11657e+00  0.00000e+00
  10564.00  6794.0625  1.04095e+00  1.14359e+00  1.04254e+00  0.00000e+00
  10592.55  6794.6875  9.41665e-01  7.60017e-01  9.42904e-01  0.00000e+00
  10621.10  6795.3125  9.93722e-01  1.03737e+00  9.94100e-01  0.00000e+00
  10649.65  6795.9375  1.04179e+00  1.12912e+00  1.04165e+00  0.00000e+00
  10678.20  6796.5625  9.65165e-01  9.48488e-01  9.65777e-01  0.00000e+00
  10706.75  6797.1875  8.97968e-01  8.29406e-01  8.99128e-01  0.00000e+00
  10735.30  6797.8125  9.31425e-01  9.24665e-01  9.32505e-01  0.00000e+00
  10763.85  6798.4375  9.75848e-01  1.04592e+00  9.76841e-01  0.00000e+00
  10792.40  6799.0625  9.72457e-01  9.06939e-01  9.73171e-01  0.00000e+00
  10820.96  6799.6875  1.00416e+00  1.01737e+00  1.00466e+00  0.00000e+00
  10849.51  6800.3125  1.02512e+00  1.07928e+00  1.02545e+00  0.00000e+00
  10878.06  6800.9375  1.01566e+00  9.40616e-01  1.01596e+00  0.00000e+00
  10906.61  6801.5625  1.09915e+00  1.04692e+00  1.09924e+00  0.00000e+00
  10935.16  6802.1875  1.18911e+00  1.36284e+00  1.18913e+00  0.00000e+00
  10963.71  6802.8125  1.06818e+00  1.10302e+00  1.06807e+00  0.00000e+00
  10992.26  6803.4375  9.35397e-01  6.99469e-01  9.35768e-01  0.00000e+00
  11020.81  6804.0625  1.00552e+00  1.14676e+00  1.00620e+00  0.00000e+00
  11049.36  6804.6875  1.04438e+00  1.02373e+00  1.04486e+00  0.00000e+00
  11077.91  6805.3125  1.06310e+00  1.00367e+00  1.06324e+00  0.00000e+00
  11106.47  6805.9375  1.07586e+00  1.23953e+00  1.07605e+00  0.00000e+00
  11135.02  6806.5625  1.02517e+00  8.26515e-01  1.02543e+00  0.00000e+00
  11163.57  6807.1875  1.08293e+00  1.17318e+00  1.08315e+00  0.00000e+00
  11192.12  6807.8125  1.06069e+00  1.19094e+00  1.06059e+00  0.00000e+00
  11220.67  6808.4375  8.97781e-01  7.63417e-01  8.97260e-01  0.00000e+00
  11249.22  6809.0625  8.23280e-01  8.35687e-01  8.22205e-01  0.00000e+00
  11277.77  6809.6875  8.02844e-01  8.22949e-01  8.02142e-01  0.00000e+00
  11306.32  6810.3125  8.37836e-01  6.87540e-01  8.37698e-01  0.00000e+00
  11334.87  6810.9375  9.54584e-01  1.13435e+00  9.54582e-01  0.00000e+00
  11363.43  6811.5625  9.73413e-01  8.83295e-01  9.73632e-01  0.00000e+00
  11391.98  6812.1875  9.57385e-01  1.04829e+00  9.57266e-01  0.00000e+00
  11420.53  6812.8125  9.44637e-01  8.17056e-01  9.44354e-01  0.00000e+00
  11449.08  6813.4375  1.01765e+00  1.06610e+00  1.01761e+00  0.00000e+00
  11477.63  6814.0625  1.04200e+00  1.14101e+00  1.04238e+00  0.00000e+00
  11506.18  6814.6875  9.48064e-01  8.87017e-01  9.47865e-01  0.00000e+00
  11534.73  6815.3125  9.04263e-01  8.50118e-01  9.03873e-01  0.00000e+00
  11563.28  6815.9375  9.28996e-01  9.94733e-01  9.28691e-01  0.00000e+00
  11591.83  6816.5625  9.35068e-01  8.74206e-01  9.34826e-01  0.00000e+00
  11620.38  6817.1875  9.40856e-01  1.01986e+00  9.40552e-01  0.00000e+00
  11648.94  6817.8125  9.54643e-01  8.17794e-01  9.54643e-01  0.00000e+00
  11677.49  6818.4375  1.02716e+00  1.15759e+00  1.02738e+00  0.00000e+00
  11706.04  6819.0625  1.02784e+00  9.93733e-01  1.02831e+00  0.00000e+00
  11734.59  6819.6875  1.02090e+00  9.84477e-01  1.02170e+00  0.00000e+00
  11763.14  6820.3125  1.06478e+00  1.08743e+00  1.06556e+00  0.00000e+00
  11791.69  6820.9375  1.09146e+00  1.10424e+00  1.09216e+00  0.00000e+00
  11820.24  6821.5625  1.04563e+00  1.12226e+00  1.04653e+00  0.00000e+00
  11848.79  6822.1875  9.53337e-01  8.43205e-01  9.53973e-01  0.00000e+00
  11877.34  6822.8125  9.24261e-01  9.91269e-01  9.24397e-01  0.00000e+00
  11905.89  6823.4375  9.27564e-01  8.23968e-01  9.27086e-01  0.00000e+00
  11934.45  6824.0625  9.36573e-01  1.09873e+00  9.35938e-01  0.00000e+00
  11963.00  6824.6875  8.41401e-01  7.55976e-01  8.41345e-01  0.00000e+00
  11991.55  6825.3125  7.70233e-01  7.65596e-01  7.70868e-01  0.00000e+00
  12020.10  6825.9375  7.90644e-01  7.26730e-01  7.91256e-01  0.00000e+00
  12048.65  6826.5625  8.97017e-01  8.98774e-01  8.96735e-01  0.00000e+00
  12077.20  6827.1875  9.65591e-01  1.09187e+00  9.64804e-01  0.00000e+00
  12105.75  6827.8125  9.10051e-01  8.36445e-01  9.09635e-01  0.00000e+00
  12134.30  6828.4375  8.58439e-01  8.90997e-01  8.58537e-01  0.00000e+00
  12162.85  6829.0625  8.51823e-01  7.76913e-01  8.51661e-01  0.00000e+00
  12191.40  6829.6875  9.56827e-01  8.97825e-01  9.56643e-01  0.00000e+00
  12219.96  6830.3125  1.05760e+00  1.27163e+00  1.05728e+00  0.00000e+00
  12248.51  6830.9375  9.66793e-01  8.78918e-01  9.66438e-01  0.00000e+00
  12277.06  6831.5625  9.04791e-01  8.33786e-01  9.04889e-01  0.00000e+00
  12305.61  6832.1875  9.24822e-01  1.02630e+00  9.24860e-01  0.00000e+00
  12334.16  6832.8125  8.98067e-01  8.24774e-01  8.97814e-01  0.00000e+00
  12362.71  6833.4375  8.73950e-01  9.36902e-01  8.73693e-01  0.00000e+00
  12391.26  6834.0625  8.56001e-01  7.76286e-01  8.55729e-01  0.00000e+00
  12419.81  6834.6875  9.18068e-01  8.99065e-01  9.17355e-01  0.00000e+00
  12448.36  6835.3125  1.01186e+00  1.08037e+00  1.01173e+00  0.00000e+00
  12476.92  6835.9375  1.05181e+00  1.00620e+00  1.05267e+00  0.00000e+00
  12505.47  6836.5625  1.03572e+00  1.16435e+00  1.03672e+00  0.00000e+00
  12534.02  6837.1875  9.27272e-01  8.46450e-01  9.27416e-01  0.00000e+00
  12562.57  6837.8125  9.27575e-01  7.89728e-01  9.27514e-01  0.00000e+00
  12591.12  6838.4375  1.04181e+00  1.23463e+00  1.04202e+00  0.00000e+00
  12619.67  6839.0625  1.02455e+00  9.59081e-01  1.02483e+00  0.00000e+00
  12648.22  6839.6875  9.79534e-01  9.86724e-01  9.79884e-01  0.00000e+00
  12676.77  6840.3125  9.84963e-01  9.33496e-01  9.85520e-01  0.00000e+00
  12705.32  6840.9375  9.85866e-01  1.11178e+00  9.86450e-01  0.00000e+00
  12733.87  6841.5625  9.39709e-01  7.88589e-01  9.40120e-01  0.00000e+00
  12762.43  6842.1875  9.90238e-01  1.03864e+00  9.90389e-01  0.00000e+00
  12790.98  6842.8125  1.04332e+00  1.07527e+00  1.04375e+00  0.00000e+00
  12819.53  6843.4375  1.01841e+00  1.04184e+00  1.01901e+00  0.00000e+00
  12848.08  6844.0625  9.95640e-01  9.02984e-01  9.95836e-01  0.00000e+00
  12876.63  6844.6875  1.04515e+00  1.09903e+00  1.04480e+00  0.00000e+00
  12905.18  6845.3125  1.02454e+00  1.12306e+00  1.02457e+00  0.00000e+00
  12933.73  6845.9375  9.55382e-01  7.68622e-01  9.56087e-01  0.00000e+00
  12962.28  6846.5625  1.04471e+00  1.08131e+00  1.04594e+00  0.00000e+00
  12990.83  6847.1875  1.08404e+00  1.28073e+00  1.08517e+00  0.00000e+00
  13019.38  6847.8125  9.85641e-01  7.47536e-01  9.86059e-01  0.00000e+00
  13047.94  6848.4375  1.01853e+00  1.12902e+00  1.01803e+00  0.00000e+00
  13076.49  6849.0625  1.06497e+00  1.02429e+00  1.06504e+00  0.00000e+00
  13105.04  6849.6875  1.07092e+00  1.13005e+00  1.07198e+00  0.00000e+00
  13133.59  6850.3125  1.02368e+00  1.01825e+00  1.02456e+00  0.00000e+00
  13162.14  6850.9375  9.86582e-01  9.26623e-01  9.86546e-01  0.00000e+00
  13190.69  6851.5625  1.03567e+00  1.02033e+00  1.03509e+00  0.00000e+00
  13219.24  6852.1875  1.06601e+00  1.19669e+00  1.06495e+00  0.00000e+00
  13247.79  6852.8125  9.97229e-01  8.92150e-01  9.96266e-01  0.00000e+00
  13276.34  6853.4375  9.90651e-01  9.85008e-01  9.90209e-01  0.00000e+00
  13304.90  6854.0625  1.01084e+00  1.08294e+00  1.01051e+00  0.00000e+00
  13333.45  6854.6875  9.95873e-01  8.98935e-01  9.95093e-01  0.00000e+00
  13362.00  6855.3125  9.90987e-01  1.12627e+00  9.90075e-01  0.00000e+00
  13390.55  6855.9375  9.77131e-01  7.80967e-01  9.76295e-01  0.00000e+00
  13419.10  6856.5625  1.07259e+00  1.19398e+00  1.07206e+00  0.00000e+00
  13447.65  6857.1875  1.11834e+00  1.12146e+00  1.11800e+00  0.00000e+00
  13476.20  6857.8125  1.08949e+00  1.09559e+00  1.08961e+00  0.00000e+00
  13504.75  6858.4375  1.05358e+00  1.04286e+00  1.05433e+00  0.00000e+00
  13533.30  6859.0625  1.05213e+00  1.01863e+00  1.05290e+00  0.00000e+00
  13561.85  6859.6875  1.15247e+00  1.06040e+00  1.15252e+00  0.00000e+00
  13590.41  6860.3125  1.29337e+00  1.45787e+00  1.29250e+00  0.00000e+00
  13618.96  6860.9375  1.22361e+00  1.31190e+00  1.22291e+00  0.00000e+00
  13647.51  6861.5625  1.03878e+00  8.70435e-01  1.03855e+00  0.00000e+00
  13676.06  6862.1875  9.75318e-01  1.04969e+00  9.75267e-01  0.00000e+00
  13704.61  6862.8125  9.32353e-01  9.02223e-01  9.32781e-01  0.00000e+00
  13733.16  6863.4375  9.22118e-01  8.67958e-01  9.23249e-01  0.00000e+00
  13761.71  6864.0625  9.84448e-01  1.00977e+00  9.85723e-01  0.00000e+00
  13790.26  6864.6875  1.04628e+00  1.04514e+00  1.04711e+00  0.00000e+00
  13818.81  6865.3125  1.07153e+00  1.11339e+00  1.07138e+00  0.00000e+00
  13847.36  6865.9375  1.05085e+00  1.02808e+00  1.05060e+00  0.00000e+00
  13875.92  6866.5625  9.82206e-01  1.08035e+00  9.82087e-01  0.00000e+00
  13904.47  6867.1875  9.06687e-01  7.15011e-01  9.06177e-01  0.00000e+00
  13933.02  6867.8125  9.46104e-01  1.08512e+00  9.45509e-01  0.00000e+00
  13961.57  6868.4375  9.53337e-01  8.86832e-01  9.53058e-01  0.00000e+00
  13990.12  6869.0625  9.69687e-01  9.71863e-01  9.69624e-01  0.00000e+00
  14018.67  6869.6875  1.01278e+00  1.02339e+00  1.01255e+00  0.00000e+00
  14047.22  6870.3125  1.04439e+00  1.03419e+00  1.04381e+00  0.00000e+00
  14075.77  6870.9375  1.01298e+00  1.14114e+00  1.01209e+00  0.00000e+00
  14104.32  6871.5625  9.49622e-01  7.20159e-01  9.48845e-01  0.00000e+00
  14132.88  6872.1875  1.00931e+00  1.18826e+00  1.00900e+00  0.00000e+00
  14161.43  6872.8125  1.00937e+00  9.31423e-01  1.00899e+00  0.00000e+00
  14189.98  6873.4375  9.64225e-01  1.05135e+00  9.63625e-01  0.00000e+00
  14218.53  6874.0625  9.20672e-01  7.87882e-01  9.19982e-01  0.00000e+00
  14247.08  6874.6875  9.39968e-01  1.04955e+00  9.39208e-01  0.00000e+00
  14275.63  6875.3125  9.29149e-01  8.66164e-01  9.28629e-01  0.00000e+00
  14304.18  6875.9375  9.43994e-01  9.35371e-01  9.43619e-01  0.00000e+00
  14332.73  6876.5625  9.75455e-01  1.02485e+00  9.74801e-01  0.00000e+00
  14361.28  6877.1875  9.63388e-01  9.40067e-01  9.62843e-01  0.00000e+00
  14389.83  6877.8125  9.64262e-01  9.43571e-01  9.64614e-01  0.00000e+00
  14418.39  6878.4375  9.90032e-01  1.01629e+00  9.90307e-01  0.00000e+00
  14446.94  6879.0625  1.00906e+00  9.86337e-01  1.00869e+00  0.00000e+00
  14475.49  6879.6875  1.05841e+00  1.02939e+00  1.05845e+00  0.00000e+00
  14504.04  6880.3125  1.10934e+00  1.18692e+00  1.10915e+00  0.00000e+00
  14532.59  6880.9375  1.02772e+00  1.11210e+00  1.02743e+00  0.00000e+00
  14561.14  6881.5625  8.65423e-01  7.41286e-01  8.64965e-01  0.00000e+00
  14589.69  6882.1875  8.62091e-01  7.79890e-01  8.60735e-01  0.00000e+00
  14618.24  6882.8125  9.87496e-01  1.07627e+00  9.85629e-01  0.00000e+00
  14646.79  6883.4375  1.04901e+00  1.04730e+00  1.04745e+00  0.00000e+00
  14675.34  6884.0625  1.05529e+00  1.06728e+00  1.05448e+00  0.00000e+00
  14703.90  6884.6875  1.06687e+00  1.02778e+00  1.06650e+00  0.00000e+00
  14732.45  6885.3125  1.11323e+00  1.12882e+00  1.11333e+00  0.00000e+00
  14761.00  6885.9375  1.14121e+00  1.17345e+00  1.14055e+00  0.00000e+00
  14789.55  6886.5625  1.09485e+00  1.13415e+00  1.09361e+00  0.00000e+00
  14818.10  6887.1875  9.93727e-01  9.67252e-01  9.92784e-01  0.00000e+00
  14846.65  6887.8125  9.44107e-01  8.81915e-01  9.43562e-01  0.00000e+00
  14875.20  6888.4375  1.03502e+00  9.51229e-01  1.03494e+00  0.00000e+00
  14903.75  6889.0625  1.12593e+00  1.37679e+00  1.12602e+00  0.00000e+00
  14932.30  6889.6875  9.82703e-01  9.15347e-01  9.82401e-01  0.00000e+00
  14960.86  6890.3125  8.98747e-01  6.92035e-01  8.98262e-01  0.00000e+00
  14989.41  6890.9375  1.00748e+00  1.20209e+00  1.00727e+00  0.00000e+00
  15017.96  6891.5625  1.02238e+00  9.57258e-01  1.02209e+00  0.00000e+00
  15046.51  6892.1875  9.85693e-01  1.03429e+00  9.85518e-01  0.00000e+00
  15075.06  6892.8125  9.56705e-01  8.84715e-01  9.56504e-01  0.00000e+00
  15103.61  6893.4375  9.39292e-01  1.04553e+00  9.39153e-01  0.00000e+00
  15132.16  6894.0625  9.34695e-01  7.37124e-01  9.34969e-01  0.00000e+00
  15160.71  6894.6875  1.00683e+00  1.22017e+00  1.00763e+00  0.00000e+00
  15189.26  6895.3125  9.95522e-01  8.55978e-01  9.96197e-01  0.00000e+00
  15217.81  6895.9375  1.04893e+00  1.04242e+00  1.04924e+00  0.00000e+00
  15246.37  6896.5625  1.13941e+00  1.22118e+00  1.13971e+00  0.00000e+00
  15274.92  6897.1875  1.13928e+00  1.12164e+00  1.13940e+00  0.00000e+00
  15303.47  6897.8125  1.09040e+00  1.12649e+00  1.09035e+00  0.00000e+00
  15332.02  6898.4375  9.97807e-01  1.01002e+00  9.97984e-01  0.00000e+00
  15360.57  6899.0625  9.39322e-01  8.21258e-01  9.39503e-01  0.00000e+00
  15389.12  6899.6875  1.01877e+00  1.03024e+00  1.01928e+00  0.00000e+00
  15417.67  6900.3125  1.07928e+00  1.20421e+00  1.07962e+00  0.00000e+00
  15446.22  6900.9375  9.96587e-01  9.60140e-01  9.96633e-01  0.00000e+00
  15474.77  6901.5625  9.59444e-01  8.29139e-01  9.59484e-01  0.00000e+00
  15503.32  6902.1875  1.02174e+00  1.18527e+00  1.02170e+00  0.00000e+00
  15531.88  6902.8125  1.05752e+00  8.65088e-01  1.05794e+00  0.00000e+00
  15560.43  6903.4375  1.14853e+00  1.32196e+00  1.14850e+00  0.00000e+00
  15588.98  6904.0625  1.10440e+00  1.13566e+00  1.10392e+00  0.00000e+00
  15617.53  6904.6875  9.92259e-01  8.69117e-01  9.92025e-01  0.00000e+00
  15646.08  6905.3125  9.76535e-01  1.04854e+00  9.76356e-01  0.00000e+00
  15674.63  6905.9375  9.54515e-01  9.29971e-01  9.54208e-01  0.00000e+00
  15703.18  6906.5625  9.47416e-01  9.16318e-01  9.47337e-01  0.00000e+00
  15731.73  6907.1875  1.03841e+00  9.57151e-01  1.03844e+00  0.00000e+00
  15760.28  6907.8125  1.16451e+00  1.31908e+00  1.16497e+00  0.00000e+00
  15788.84  6908.4375  1.15179e+00  1.12763e+00  1.15198e+00  0.00000e+00
  15817.39  6909.0625  1.12218e+00  1.04751e+00  1.12167e+00  0.00000e+00
  15845.94  6909.6875  1.14371e+00  1.24117e+00  1.14275e+00  0.00000e+00
  15874.49  6910.3125  1.10031e+00  1.06784e+00  1.09993e+00  0.00000e+00
  15903.04  6910.9375  1.02731e+00  1.05552e+00  1.02746e+00  0.00000e+00
  15931.59  6911.5625  9.50509e-01  9.21052e-01  9.50709e-01  0.00000e+00
  15960.14  6912.1875  8.93009e-01  9.02598e-01  8.93259e-01  0.00000e+00
  15988.69  6912.8125  8.67383e-01  8.19420e-01  8.67637e-01  0.00000e+00
  16017.24  6913.4375  8.80119e-01  9.17161e-01  8.80087e-01  0.00000e+00
  16045.79  6914.0625  8.98315e-01  8.52178e-01  8.97934e-01  0.00000e+00
  16074.35  6914.6875  9.24458e-01  9.79378e-01  9.24241e-01  0.00000e+00
  16102.90  6915.3125  9.18392e-01  8.97031e-01  9.18291e-01  0.00000e+00
  16131.45  6915.9375  9.32350e-01  8.91113e-01  9.31938e-01  0.00000e+00
  16160.00  6916.5625  9.77710e-01  1.03387e+00  9.77335e-01  0.00000e+00
  16188.55  6917.1875  9.67663e-01  9.82241e-01  9.67318e-01  0.00000e+00
  16217.10  6917.8125  9.51461e-01  8.73806e-01  9.51477e-01  0.00000e+00
  16245.65  6918.4375  1.00941e+00  1.04047e+00  1.00984e+00  0.00000e+00
  16274.20  6919.0625  1.07711e+00  1.07196e+00  1.07716e+00  0.00000e+00
  16302.75  6919.6875  1.14638e+00  1.11853e+00  1.14595e+00  0.00000e+00
  16331.30  6920.3125  1.15228e+00  1.32738e+00  1.15268e+00  0.00000e+00
  16359.86  6920.9375  1.00835e+00  8.95487e-01  1.00925e+00  0.00000e+00
  16388.41  6921.5625  8.83693e-01  9.30833e-01  8.83743e-01  0.00000e+00
  16416.96  6922.1875  8.08591e-01  7.27615e-01  8.08085e-01  0.00000e+00
  16445.51  6922.8125  8.26849e-01  8.10004e-01  8.26562e-01  0.00000e+00
  16474.06  6923.4375  9.07738e-01  9.19664e-01  9.07354e-01  0.00000e+00
  16502.61  6924.0625  9.81133e-01  9.84742e-01  9.80747e-01  0.00000e+00
  16531.16  6924.6875  9.98024e-01  1.07129e+00  9.97950e-01  0.00000e+00
  16559.71  6925.3125  9.20193e-01  9.19532e-01  9.20186e-01  0.00000e+00
  16588.26  6925.9375  8.90201e-01  7.33789e-01  8.89957e-01  0.00000e+00
  16616.81  6926.5625  9.97318e-01  1.10830e+00  9.97140e-01  0.00000e+00
  16645.37  6927.1875  1.01472e+00  1.08110e+00  1.01474e+00  0.00000e+00
  16673.92  6927.8125  9.48413e-01  8.36887e-01  9.48391e-01  0.00000e+00
  16702.47  6928.4375  9.74841e-01  9.91884e-01  9.74704e-01  0.00000e+00
  16731.02  6929.0625  1.01665e+00  1.06401e+00  1.01626e+00  0.00000e+00
  16759.57  6929.6875  1.00065e+00  9.75145e-01  1.00044e+00  0.00000e+00
  16788.12  6930.3125  9.31635e-01  1.03140e+00  9.32001e-01  0.00000e+00
  16816.67  6930.9375  8.03607e-01  7.06850e-01  8.03858e-01  0.00000e+00
  16845.22  6931.5625  7.73343e-01  7.27447e-01  7.73366e-01  0.00000e+00
  16873.77  6932.1875  8.64353e-01  8.55182e-01  8.64744e-01  0.00000e+00
  16902.33  6932.8125  9.79049e-01  1.01081e+00  9.79733e-01  0.00000e+00
  16930.88  6933.4375  1.04654e+00  1.06380e+00  1.04701e+00  0.00000e+00
  16959.43  6934.0625  1.05040e+00  1.08585e+00  1.05031e+00  0.00000e+00
  16987.98  6934.6875  9.96746e-01  9.95517e-01  9.96259e-01  0.00000e+00
  17016.53  6935.3125  9.33714e-01  9.15809e-01  9.33446e-01  0.00000e+00
  17045.08  6935.9375  8.98382e-01  8.92959e-01  8.98736e-01  0.00000e+00
  17073.63  6936.5625  9.01290e-01  8.70899e-01  9.01824e-01  0.00000e+00
  17102.18  6937.1875  9.64214e-01  9.28419e-01  9.64751e-01  0.00000e+00
  17130.73  6937.8125  9.98264e-01  1.16964e+00  9.98897e-01  0.00000e+00
  17159.28  6938.4375  9.76956e-01  7.18413e-01  9.77436e-01  0.00000e+00
  17187.84  6939.0625  1.07752e+00  1.27266e+00  1.07776e+00  0.00000e+00
  17216.39  6939.6875  1.04645e+00  1.09358e+00  1.04671e+00  0.00000e+00
  17244.94  6940.3125  9.50642e-01  7.66750e-01  9.50445e-01  0.00000e+00
  17273.49  6940.9375  9.98547e-01  1.11034e+00  9.98043e-01  0.00000e+00
  17302.04  6941.5625  1.03837e+00  9.88929e-01  1.03801e+00  0.00000e+00
  17330.59  6942.1875  1.08223e+00  1.07426e+00  1.08170e+00  0.00000e+00
  17359.14  6942.8125  1.08498e+00  1.22419e+00  1.08484e+00  0.00000e+00
  17387.69  6943.4375  1.02652e+00  8.25654e-01  1.02713e+00  0.00000e+00
  17416.24  6944.0625  1.07119e+00  1.19993e+00  1.07175e+00  0.00000e+00
  17444.79  6944.6875  1.02194e+00  1.09313e+00  1.02270e+00  0.00000e+00
  17473.35  6945.3125  8.78215e-01  7.60553e-01  8.79089e-01  0.00000e+00
  17501.90  6945.9375  8.53046e-01  8.37838e-01  8.54069e-01  0.00000e+00
  17530.45  6946.5625  9.19294e-01  9.16712e-01  9.19683e-01  0.00000e+00
  17559.00  6947.1875  9.94202e-01  9.99977e-01  9.93745e-01  0.00000e+00
  17587.55  6947.8125  9.88426e-01  1.11792e+00  9.87384e-01  0.00000e+00
  17616.10  6948.4375  8.83554e-01  7.60089e-01  8.82920e-01  0.00000e+00
  17644.65  6949.0625  9.01809e-01  8.36483e-01  9.01944e-01  0.00000e+00
  17673.20  6949.6875  1.02298e+00  1.10893e+00  1.02317e+00  0.00000e+00
