# day000.8  epoch=0.8d  L_Halpha=2.416e+40 erg/s  smooth_kms=25.0
# Columns:
#   1: Δv [km/s]      velocity offset from Hα (6562.81 Å), positive = redshift
#   2: lambda [Å]     observed wavelength
#   3: F_norm         total flux, smoothed, normalized to F_cont_baseline
#   4: F_norm_raw     total flux, RAW MC (no velocity smoothing)
#   5: F_cont_smooth  continuum-channel flux (continuum photons only)
#   6: F_vol_smooth   volumetric-channel flux (line emission contribution)
# Format: F_norm ≈ F_cont_smooth + F_vol_smooth (within MC noise)
# ----------------------------------------------------------------------------------------
 -16559.48  6200.3125  1.23902e+00  1.42505e+00  1.23942e+00  0.00000e+00
 -16530.93  6200.9375  9.81209e-01  8.26234e-01  9.81628e-01  0.00000e+00
 -16502.38  6201.5625  8.90124e-01  7.52760e-01  8.90366e-01  0.00000e+00
 -16473.83  6202.1875  9.91992e-01  1.12356e+00  9.92086e-01  0.00000e+00
 -16445.28  6202.8125  1.02726e+00  9.95777e-01  1.02726e+00  0.00000e+00
 -16416.73  6203.4375  1.04507e+00  1.01368e+00  1.04528e+00  0.00000e+00
 -16388.18  6204.0625  1.07120e+00  1.15327e+00  1.07170e+00  0.00000e+00
 -16359.63  6204.6875  1.04387e+00  9.88266e-01  1.04426e+00  0.00000e+00
 -16331.08  6205.3125  1.07674e+00  1.01778e+00  1.07686e+00  0.00000e+00
 -16302.53  6205.9375  1.19442e+00  1.23000e+00  1.19437e+00  0.00000e+00
 -16273.97  6206.5625  1.24621e+00  1.34333e+00  1.24589e+00  0.00000e+00
 -16245.42  6207.1875  1.19663e+00  1.11455e+00  1.19636e+00  0.00000e+00
 -16216.87  6207.8125  1.15488e+00  1.21653e+00  1.15495e+00  0.00000e+00
 -16188.32  6208.4375  1.01895e+00  1.12913e+00  1.01908e+00  0.00000e+00
 -16159.77  6209.0625  8.47775e-01  6.00479e-01  8.47937e-01  0.00000e+00
 -16131.22  6209.6875  8.72736e-01  9.82778e-01  8.72836e-01  0.00000e+00
 -16102.67  6210.3125  9.27004e-01  8.74814e-01  9.26809e-01  0.00000e+00
 -16074.12  6210.9375  9.57801e-01  1.01862e+00  9.57745e-01  0.00000e+00
 -16045.57  6211.5625  9.83185e-01  9.06801e-01  9.83544e-01  0.00000e+00
 -16017.01  6212.1875  1.09641e+00  1.05180e+00  1.09672e+00  0.00000e+00
 -15988.46  6212.8125  1.19796e+00  1.38998e+00  1.19811e+00  0.00000e+00
 -15959.91  6213.4375  1.09842e+00  1.06055e+00  1.09865e+00  0.00000e+00
 -15931.36  6214.0625  9.74298e-01  9.01969e-01  9.74498e-01  0.00000e+00
 -15902.81  6214.6875  9.06468e-01  1.01030e+00  9.06770e-01  0.00000e+00
 -15874.26  6215.3125  8.52259e-01  6.71417e-01  8.52388e-01  0.00000e+00
 -15845.71  6215.9375  9.24889e-01  1.01607e+00  9.25162e-01  0.00000e+00
 -15817.16  6216.5625  1.00458e+00  9.62741e-01  1.00519e+00  0.00000e+00
 -15788.61  6217.1875  1.04374e+00  1.12595e+00  1.04410e+00  0.00000e+00
 -15760.06  6217.8125  1.04199e+00  9.61020e-01  1.04202e+00  0.00000e+00
 -15731.50  6218.4375  1.05393e+00  1.12830e+00  1.05383e+00  0.00000e+00
 -15702.95  6219.0625  1.00022e+00  1.02535e+00  1.00040e+00  0.00000e+00
 -15674.40  6219.6875  9.23083e-01  8.40311e-01  9.23656e-01  0.00000e+00
 -15645.85  6220.3125  9.68414e-01  9.10921e-01  9.68697e-01  0.00000e+00
 -15617.30  6220.9375  1.05066e+00  1.20246e+00  1.05025e+00  0.00000e+00
 -15588.75  6221.5625  1.01486e+00  9.34877e-01  1.01448e+00  0.00000e+00
 -15560.20  6222.1875  9.69600e-01  1.01441e+00  9.69433e-01  0.00000e+00
 -15531.65  6222.8125  9.34112e-01  8.90815e-01  9.34122e-01  0.00000e+00
 -15503.10  6223.4375  9.28037e-01  9.34627e-01  9.28101e-01  0.00000e+00
 -15474.55  6224.0625  9.40691e-01  9.39590e-01  9.40507e-01  0.00000e+00
 -15445.99  6224.6875  9.86484e-01  9.24575e-01  9.86156e-01  0.00000e+00
 -15417.44  6225.3125  1.05452e+00  1.15706e+00  1.05405e+00  0.00000e+00
 -15388.89  6225.9375  1.04795e+00  1.00522e+00  1.04754e+00  0.00000e+00
 -15360.34  6226.5625  1.01278e+00  1.05370e+00  1.01277e+00  0.00000e+00
 -15331.79  6227.1875  9.43531e-01  9.52954e-01  9.44089e-01  0.00000e+00
 -15303.24  6227.8125  9.02508e-01  7.91929e-01  9.03221e-01  0.00000e+00
 -15274.69  6228.4375  9.44161e-01  1.03957e+00  9.44699e-01  0.00000e+00
 -15246.14  6229.0625  9.34719e-01  9.24538e-01  9.35051e-01  0.00000e+00
 -15217.59  6229.6875  9.44887e-01  8.45465e-01  9.45053e-01  0.00000e+00
 -15189.03  6230.3125  1.07828e+00  1.08971e+00  1.07839e+00  0.00000e+00
 -15160.48  6230.9375  1.15229e+00  1.32318e+00  1.15225e+00  0.00000e+00
 -15131.93  6231.5625  9.83701e-01  1.01162e+00  9.83641e-01  0.00000e+00
 -15103.38  6232.1875  7.89007e-01  5.97464e-01  7.89357e-01  0.00000e+00
 -15074.83  6232.8125  8.16968e-01  8.37429e-01  8.17781e-01  0.00000e+00
 -15046.28  6233.4375  9.57364e-01  9.11026e-01  9.58140e-01  0.00000e+00
 -15017.73  6234.0625  1.07685e+00  1.20319e+00  1.07771e+00  0.00000e+00
 -14989.18  6234.6875  1.05905e+00  1.05354e+00  1.06002e+00  0.00000e+00
 -14960.63  6235.3125  9.92467e-01  9.61350e-01  9.93098e-01  0.00000e+00
 -14932.08  6235.9375  9.71477e-01  9.66126e-01  9.71791e-01  0.00000e+00
 -14903.52  6236.5625  9.99323e-01  9.56373e-01  9.99647e-01  0.00000e+00
 -14874.97  6237.1875  1.02641e+00  1.13462e+00  1.02672e+00  0.00000e+00
 -14846.42  6237.8125  9.95934e-01  8.94185e-01  9.95952e-01  0.00000e+00
 -14817.87  6238.4375  1.01497e+00  1.04898e+00  1.01492e+00  0.00000e+00
 -14789.32  6239.0625  1.02369e+00  1.06394e+00  1.02366e+00  0.00000e+00
 -14760.77  6239.6875  9.92372e-01  9.45586e-01  9.92230e-01  0.00000e+00
 -14732.22  6240.3125  1.03238e+00  9.67508e-01  1.03203e+00  0.00000e+00
 -14703.67  6240.9375  1.10421e+00  1.24443e+00  1.10379e+00  0.00000e+00
 -14675.12  6241.5625  1.08102e+00  9.91011e-01  1.08090e+00  0.00000e+00
 -14646.57  6242.1875  1.03963e+00  1.13711e+00  1.03975e+00  0.00000e+00
 -14618.01  6242.8125  9.84350e-01  8.69880e-01  9.84775e-01  0.00000e+00
 -14589.46  6243.4375  9.72272e-01  1.06502e+00  9.72761e-01  0.00000e+00
 -14560.91  6244.0625  9.52407e-01  8.70800e-01  9.52721e-01  0.00000e+00
 -14532.36  6244.6875  9.93911e-01  9.83817e-01  9.94351e-01  0.00000e+00
 -14503.81  6245.3125  1.07144e+00  1.11153e+00  1.07217e+00  0.00000e+00
 -14475.26  6245.9375  1.10906e+00  1.09642e+00  1.10964e+00  0.00000e+00
 -14446.71  6246.5625  1.08704e+00  1.17668e+00  1.08723e+00  0.00000e+00
 -14418.16  6247.1875  9.89565e-01  9.26103e-01  9.89727e-01  0.00000e+00
 -14389.61  6247.8125  9.15692e-01  9.31545e-01  9.15927e-01  0.00000e+00
 -14361.06  6248.4375  9.09253e-01  8.27485e-01  9.09409e-01  0.00000e+00
 -14332.50  6249.0625  1.04957e+00  9.61932e-01  1.04966e+00  0.00000e+00
 -14303.95  6249.6875  1.20812e+00  1.45642e+00  1.20815e+00  0.00000e+00
 -14275.40  6250.3125  1.14053e+00  1.05474e+00  1.14038e+00  0.00000e+00
 -14246.85  6250.9375  1.00065e+00  1.07148e+00  1.00032e+00  0.00000e+00
 -14218.30  6251.5625  8.84381e-01  7.58593e-01  8.84208e-01  0.00000e+00
 -14189.75  6252.1875  8.63949e-01  9.21557e-01  8.63841e-01  0.00000e+00
 -14161.20  6252.8125  8.82236e-01  8.09353e-01  8.82013e-01  0.00000e+00
 -14132.65  6253.4375  9.29272e-01  9.97101e-01  9.29162e-01  0.00000e+00
 -14104.10  6254.0625  9.84206e-01  8.86580e-01  9.84394e-01  0.00000e+00
 -14075.54  6254.6875  1.07547e+00  1.16571e+00  1.07565e+00  0.00000e+00
 -14046.99  6255.3125  1.08695e+00  1.10983e+00  1.08700e+00  0.00000e+00
 -14018.44  6255.9375  9.82248e-01  1.04527e+00  9.82348e-01  0.00000e+00
 -13989.89  6256.5625  8.55164e-01  7.26979e-01  8.55043e-01  0.00000e+00
 -13961.34  6257.1875  8.76685e-01  8.48321e-01  8.76357e-01  0.00000e+00
 -13932.79  6257.8125  9.94143e-01  1.02369e+00  9.94018e-01  0.00000e+00
 -13904.24  6258.4375  1.08443e+00  1.09020e+00  1.08454e+00  0.00000e+00
 -13875.69  6259.0625  1.05625e+00  1.22025e+00  1.05637e+00  0.00000e+00
 -13847.14  6259.6875  9.13851e-01  7.30318e-01  9.13741e-01  0.00000e+00
 -13818.59  6260.3125  8.78886e-01  9.43636e-01  8.78456e-01  0.00000e+00
 -13790.03  6260.9375  8.95674e-01  8.47514e-01  8.95367e-01  0.00000e+00
 -13761.48  6261.5625  9.89421e-01  9.08124e-01  9.89504e-01  0.00000e+00
 -13732.93  6262.1875  1.14777e+00  1.26284e+00  1.14813e+00  0.00000e+00
 -13704.38  6262.8125  1.18584e+00  1.21319e+00  1.18629e+00  0.00000e+00
 -13675.83  6263.4375  1.10445e+00  1.13427e+00  1.10464e+00  0.00000e+00
 -13647.28  6264.0625  1.00613e+00  9.32351e-01  1.00621e+00  0.00000e+00
 -13618.73  6264.6875  9.60470e-01  1.00472e+00  9.60666e-01  0.00000e+00
 -13590.18  6265.3125  8.96067e-01  9.02908e-01  8.96134e-01  0.00000e+00
 -13561.63  6265.9375  8.22435e-01  7.91284e-01  8.22020e-01  0.00000e+00
 -13533.08  6266.5625  8.75060e-01  7.17865e-01  8.74366e-01  0.00000e+00
 -13504.52  6267.1875  1.06047e+00  1.21677e+00  1.05976e+00  0.00000e+00
 -13475.97  6267.8125  1.11333e+00  1.14583e+00  1.11279e+00  0.00000e+00
 -13447.42  6268.4375  1.02633e+00  1.04032e+00  1.02600e+00  0.00000e+00
 -13418.87  6269.0625  9.33294e-01  8.72731e-01  9.32817e-01  0.00000e+00
 -13390.32  6269.6875  9.25629e-01  8.99538e-01  9.25097e-01  0.00000e+00
 -13361.77  6270.3125  9.52037e-01  1.01556e+00  9.51707e-01  0.00000e+00
 -13333.22  6270.9375  9.36464e-01  8.93669e-01  9.36623e-01  0.00000e+00
 -13304.67  6271.5625  9.25885e-01  9.52082e-01  9.26385e-01  0.00000e+00
 -13276.12  6272.1875  9.33244e-01  8.84517e-01  9.33543e-01  0.00000e+00
 -13247.56  6272.8125  9.85483e-01  9.98043e-01  9.85600e-01  0.00000e+00
 -13219.01  6273.4375  1.06965e+00  1.02636e+00  1.06968e+00  0.00000e+00
 -13190.46  6274.0625  1.09735e+00  1.28171e+00  1.09745e+00  0.00000e+00
 -13161.91  6274.6875  9.82055e-01  8.61401e-01  9.82443e-01  0.00000e+00
 -13133.36  6275.3125  9.80705e-01  8.65760e-01  9.81090e-01  0.00000e+00
 -13104.81  6275.9375  1.08222e+00  1.27864e+00  1.08217e+00  0.00000e+00
 -13076.26  6276.5625  1.02257e+00  9.78020e-01  1.02241e+00  0.00000e+00
 -13047.71  6277.1875  9.13417e-01  9.07854e-01  9.13443e-01  0.00000e+00
 -13019.16  6277.8125  8.87142e-01  7.89623e-01  8.86920e-01  0.00000e+00
 -12990.61  6278.4375  9.21467e-01  1.04766e+00  9.20839e-01  0.00000e+00
 -12962.05  6279.0625  8.83313e-01  8.25827e-01  8.82711e-01  0.00000e+00
 -12933.50  6279.6875  8.75490e-01  8.25067e-01  8.75085e-01  0.00000e+00
 -12904.95  6280.3125  9.02529e-01  1.00944e+00  9.02134e-01  0.00000e+00
 -12876.40  6280.9375  8.51725e-01  7.97112e-01  8.51446e-01  0.00000e+00
 -12847.85  6281.5625  8.02000e-01  8.23393e-01  8.01683e-01  0.00000e+00
 -12819.30  6282.1875  8.29052e-01  6.97075e-01  8.28539e-01  0.00000e+00
 -12790.75  6282.8125  9.40121e-01  1.07428e+00  9.40002e-01  0.00000e+00
 -12762.20  6283.4375  9.58782e-01  9.48902e-01  9.59328e-01  0.00000e+00
 -12733.65  6284.0625  9.37921e-01  8.95776e-01  9.38492e-01  0.00000e+00
 -12705.10  6284.6875  9.56453e-01  9.89429e-01  9.56843e-01  0.00000e+00
 -12676.54  6285.3125  9.86092e-01  9.35288e-01  9.86214e-01  0.00000e+00
 -12647.99  6285.9375  1.03192e+00  1.08841e+00  1.03187e+00  0.00000e+00
 -12619.44  6286.5625  1.05634e+00  1.01555e+00  1.05614e+00  0.00000e+00
 -12590.89  6287.1875  1.09025e+00  1.10749e+00  1.09003e+00  0.00000e+00
 -12562.34  6287.8125  1.08626e+00  1.14751e+00  1.08637e+00  0.00000e+00
 -12533.79  6288.4375  9.95522e-01  9.98870e-01  9.95497e-01  0.00000e+00
 -12505.24  6289.0625  9.64472e-01  7.87506e-01  9.64092e-01  0.00000e+00
 -12476.69  6289.6875  1.06461e+00  1.23169e+00  1.06412e+00  0.00000e+00
 -12448.14  6290.3125  1.05760e+00  1.04573e+00  1.05735e+00  0.00000e+00
 -12419.58  6290.9375  9.95676e-01  9.55098e-01  9.95950e-01  0.00000e+00
 -12391.03  6291.5625  9.99611e-01  9.86023e-01  9.99968e-01  0.00000e+00
 -12362.48  6292.1875  1.07404e+00  1.02162e+00  1.07430e+00  0.00000e+00
 -12333.93  6292.8125  1.14054e+00  1.28749e+00  1.14081e+00  0.00000e+00
 -12305.38  6293.4375  1.08524e+00  1.02192e+00  1.08553e+00  0.00000e+00
 -12276.83  6294.0625  1.08790e+00  9.80305e-01  1.08789e+00  0.00000e+00
 -12248.28  6294.6875  1.18238e+00  1.32058e+00  1.18203e+00  0.00000e+00
 -12219.73  6295.3125  1.13579e+00  1.17906e+00  1.13536e+00  0.00000e+00
 -12191.18  6295.9375  9.95800e-01  9.26919e-01  9.95471e-01  0.00000e+00
 -12162.63  6296.5625  9.71159e-01  8.78526e-01  9.70999e-01  0.00000e+00
 -12134.07  6297.1875  1.07398e+00  1.13368e+00  1.07368e+00  0.00000e+00
 -12105.52  6297.8125  1.13584e+00  1.16370e+00  1.13554e+00  0.00000e+00
 -12076.97  6298.4375  1.07708e+00  1.16223e+00  1.07691e+00  0.00000e+00
 -12048.42  6299.0625  9.27518e-01  8.66340e-01  9.27418e-01  0.00000e+00
 -12019.87  6299.6875  8.87400e-01  7.48266e-01  8.87194e-01  0.00000e+00
 -11991.32  6300.3125  9.92643e-01  1.11937e+00  9.92434e-01  0.00000e+00
 -11962.77  6300.9375  1.05069e+00  9.89511e-01  1.05071e+00  0.00000e+00
 -11934.22  6301.5625  1.08730e+00  1.13914e+00  1.08741e+00  0.00000e+00
 -11905.67  6302.1875  1.10078e+00  1.07591e+00  1.10080e+00  0.00000e+00
 -11877.12  6302.8125  1.08182e+00  1.13938e+00  1.08191e+00  0.00000e+00
 -11848.56  6303.4375  9.76790e-01  1.01825e+00  9.76756e-01  0.00000e+00
 -11820.01  6304.0625  8.37762e-01  7.50269e-01  8.37365e-01  0.00000e+00
 -11791.46  6304.6875  8.22990e-01  7.60268e-01  8.22519e-01  0.00000e+00
 -11762.91  6305.3125  8.78086e-01  9.86843e-01  8.77775e-01  0.00000e+00
 -11734.36  6305.9375  8.41028e-01  8.26489e-01  8.40777e-01  0.00000e+00
 -11705.81  6306.5625  8.10231e-01  7.18935e-01  8.10246e-01  0.00000e+00
 -11677.26  6307.1875  8.37182e-01  9.60640e-01  8.37269e-01  0.00000e+00
 -11648.71  6307.8125  8.56207e-01  6.86815e-01  8.56147e-01  0.00000e+00
 -11620.16  6308.4375  9.88872e-01  1.05385e+00  9.89136e-01  0.00000e+00
 -11591.60  6309.0625  1.11156e+00  1.14591e+00  1.11193e+00  0.00000e+00
 -11563.05  6309.6875  1.13624e+00  1.16699e+00  1.13624e+00  0.00000e+00
 -11534.50  6310.3125  1.09896e+00  1.09410e+00  1.09859e+00  0.00000e+00
 -11505.95  6310.9375  1.04168e+00  1.05508e+00  1.04135e+00  0.00000e+00
 -11477.40  6311.5625  9.92408e-01  9.53508e-01  9.92408e-01  0.00000e+00
 -11448.85  6312.1875  9.85423e-01  9.83416e-01  9.85471e-01  0.00000e+00
 -11420.30  6312.8125  9.59922e-01  1.04102e+00  9.59841e-01  0.00000e+00
 -11391.75  6313.4375  9.15024e-01  7.69056e-01  9.14948e-01  0.00000e+00
 -11363.20  6314.0625  9.68236e-01  1.04238e+00  9.68260e-01  0.00000e+00
 -11334.65  6314.6875  9.71680e-01  1.03996e+00  9.71949e-01  0.00000e+00
 -11306.09  6315.3125  9.24528e-01  7.86324e-01  9.24448e-01  0.00000e+00
 -11277.54  6315.9375  9.58467e-01  1.05686e+00  9.58087e-01  0.00000e+00
 -11248.99  6316.5625  9.56940e-01  9.37543e-01  9.56648e-01  0.00000e+00
 -11220.44  6317.1875  9.68075e-01  8.98468e-01  9.67933e-01  0.00000e+00
 -11191.89  6317.8125  1.06175e+00  1.08395e+00  1.06203e+00  0.00000e+00
 -11163.34  6318.4375  1.08617e+00  1.23317e+00  1.08648e+00  0.00000e+00
 -11134.79  6319.0625  1.01658e+00  8.23597e-01  1.01677e+00  0.00000e+00
 -11106.24  6319.6875  1.04227e+00  1.15791e+00  1.04237e+00  0.00000e+00
 -11077.69  6320.3125  9.99625e-01  1.05234e+00  9.99874e-01  0.00000e+00
 -11049.14  6320.9375  9.25092e-01  7.54501e-01  9.25529e-01  0.00000e+00
 -11020.58  6321.5625  1.01000e+00  1.05895e+00  1.01042e+00  0.00000e+00
 -10992.03  6322.1875  1.08677e+00  1.16124e+00  1.08707e+00  0.00000e+00
 -10963.48  6322.8125  1.04929e+00  1.03678e+00  1.04933e+00  0.00000e+00
 -10934.93  6323.4375  1.01356e+00  9.60891e-01  1.01347e+00  0.00000e+00
 -10906.38  6324.0625  1.05271e+00  1.04999e+00  1.05287e+00  0.00000e+00
 -10877.83  6324.6875  1.08262e+00  1.15760e+00  1.08286e+00  0.00000e+00
 -10849.28  6325.3125  1.02374e+00  1.01488e+00  1.02387e+00  0.00000e+00
 -10820.73  6325.9375  9.77512e-01  8.98934e-01  9.77497e-01  0.00000e+00
 -10792.18  6326.5625  1.01539e+00  1.05560e+00  1.01541e+00  0.00000e+00
 -10763.62  6327.1875  1.05612e+00  1.03959e+00  1.05650e+00  0.00000e+00
 -10735.07  6327.8125  1.07176e+00  1.11721e+00  1.07234e+00  0.00000e+00
 -10706.52  6328.4375  1.07024e+00  1.00643e+00  1.07042e+00  0.00000e+00
 -10677.97  6329.0625  1.06683e+00  1.17378e+00  1.06653e+00  0.00000e+00
 -10649.42  6329.6875  1.03524e+00  8.98825e-01  1.03489e+00  0.00000e+00
 -10620.87  6330.3125  1.03122e+00  1.18976e+00  1.03125e+00  0.00000e+00
 -10592.32  6330.9375  9.77290e-01  8.40797e-01  9.77471e-01  0.00000e+00
 -10563.77  6331.5625  1.00182e+00  1.01716e+00  1.00160e+00  0.00000e+00
 -10535.22  6332.1875  1.03840e+00  1.11912e+00  1.03793e+00  0.00000e+00
 -10506.67  6332.8125  1.02452e+00  9.11325e-01  1.02436e+00  0.00000e+00
 -10478.11  6333.4375  9.98591e-01  1.19648e+00  9.99051e-01  0.00000e+00
 -10449.56  6334.0625  8.99881e-01  6.92220e-01  9.00493e-01  0.00000e+00
 -10421.01  6334.6875  9.45994e-01  9.71347e-01  9.46280e-01  0.00000e+00
 -10392.46  6335.3125  1.05756e+00  1.08643e+00  1.05746e+00  0.00000e+00
 -10363.91  6335.9375  1.07697e+00  1.15361e+00  1.07698e+00  0.00000e+00
 -10335.36  6336.5625  1.00278e+00  9.62003e-01  1.00294e+00  0.00000e+00
 -10306.81  6337.1875  9.79929e-01  9.00872e-01  9.80290e-01  0.00000e+00
 -10278.26  6337.8125  1.01390e+00  1.13019e+00  1.01438e+00  0.00000e+00
 -10249.71  6338.4375  9.40044e-01  9.48486e-01  9.40154e-01  0.00000e+00
 -10221.16  6339.0625  8.44835e-01  7.49308e-01  8.44662e-01  0.00000e+00
 -10192.60  6339.6875  8.71383e-01  8.67366e-01  8.71277e-01  0.00000e+00
 -10164.05  6340.3125  9.78120e-01  9.51112e-01  9.78168e-01  0.00000e+00
 -10135.50  6340.9375  1.12466e+00  1.11998e+00  1.12505e+00  0.00000e+00
 -10106.95  6341.5625  1.20542e+00  1.34988e+00  1.20599e+00  0.00000e+00
 -10078.40  6342.1875  1.09219e+00  1.10569e+00  1.09248e+00  0.00000e+00
 -10049.85  6342.8125  9.35959e-01  8.32526e-01  9.35897e-01  0.00000e+00
 -10021.30  6343.4375  8.96502e-01  9.06772e-01  8.96256e-01  0.00000e+00
  -9992.75  6344.0625  8.71141e-01  9.33450e-01  8.71091e-01  0.00000e+00
  -9964.20  6344.6875  8.18816e-01  7.23741e-01  8.18942e-01  0.00000e+00
  -9935.65  6345.3125  8.79498e-01  8.37636e-01  8.79767e-01  0.00000e+00
  -9907.09  6345.9375  1.02416e+00  1.06257e+00  1.02462e+00  0.00000e+00
  -9878.54  6346.5625  1.07177e+00  1.19926e+00  1.07225e+00  0.00000e+00
  -9849.99  6347.1875  9.89423e-01  8.91068e-01  9.89677e-01  0.00000e+00
  -9821.44  6347.8125  1.00325e+00  9.25732e-01  1.00313e+00  0.00000e+00
  -9792.89  6348.4375  1.10822e+00  1.21866e+00  1.10795e+00  0.00000e+00
  -9764.34  6349.0625  1.09825e+00  1.12843e+00  1.09808e+00  0.00000e+00
  -9735.79  6349.6875  9.96156e-01  9.79885e-01  9.96070e-01  0.00000e+00
  -9707.24  6350.3125  9.45433e-01  8.55990e-01  9.45774e-01  0.00000e+00
  -9678.69  6350.9375  9.75532e-01  1.05499e+00  9.76270e-01  0.00000e+00
  -9650.13  6351.5625  9.63621e-01  9.48589e-01  9.64026e-01  0.00000e+00
  -9621.58  6352.1875  9.33253e-01  9.25612e-01  9.33178e-01  0.00000e+00
  -9593.03  6352.8125  9.51483e-01  8.91801e-01  9.51312e-01  0.00000e+00
  -9564.48  6353.4375  9.81510e-01  1.10607e+00  9.81289e-01  0.00000e+00
  -9535.93  6354.0625  9.32993e-01  8.52861e-01  9.32758e-01  0.00000e+00
  -9507.38  6354.6875  9.58364e-01  8.84222e-01  9.58097e-01  0.00000e+00
  -9478.83  6355.3125  1.04430e+00  1.18086e+00  1.04400e+00  0.00000e+00
  -9450.28  6355.9375  1.00179e+00  9.96467e-01  1.00159e+00  0.00000e+00
  -9421.73  6356.5625  9.34533e-01  8.51701e-01  9.34513e-01  0.00000e+00
  -9393.18  6357.1875  9.51744e-01  9.94326e-01  9.51737e-01  0.00000e+00
  -9364.62  6357.8125  9.84726e-01  9.50115e-01  9.84651e-01  0.00000e+00
  -9336.07  6358.4375  1.04769e+00  1.02955e+00  1.04754e+00  0.00000e+00
  -9307.52  6359.0625  1.09093e+00  1.20425e+00  1.09091e+00  0.00000e+00
  -9278.97  6359.6875  1.08724e+00  9.29181e-01  1.08720e+00  0.00000e+00
  -9250.42  6360.3125  1.15409e+00  1.27266e+00  1.15406e+00  0.00000e+00
  -9221.87  6360.9375  1.15087e+00  1.15781e+00  1.15078e+00  0.00000e+00
  -9193.32  6361.5625  1.07635e+00  1.06936e+00  1.07611e+00  0.00000e+00
  -9164.77  6362.1875  1.01328e+00  9.99249e-01  1.01315e+00  0.00000e+00
  -9136.22  6362.8125  1.00516e+00  9.48630e-01  1.00482e+00  0.00000e+00
  -9107.67  6363.4375  1.04141e+00  1.11063e+00  1.04091e+00  0.00000e+00
  -9079.11  6364.0625  1.05621e+00  9.92969e-01  1.05607e+00  0.00000e+00
  -9050.56  6364.6875  1.07751e+00  1.14196e+00  1.07765e+00  0.00000e+00
  -9022.01  6365.3125  1.07310e+00  1.03178e+00  1.07334e+00  0.00000e+00
  -8993.46  6365.9375  1.07329e+00  1.09650e+00  1.07385e+00  0.00000e+00
  -8964.91  6366.5625  1.07532e+00  1.06036e+00  1.07600e+00  0.00000e+00
  -8936.36  6367.1875  1.10027e+00  1.07344e+00  1.10032e+00  0.00000e+00
  -8907.81  6367.8125  1.14543e+00  1.17742e+00  1.14527e+00  0.00000e+00
  -8879.26  6368.4375  1.09872e+00  1.21982e+00  1.09876e+00  0.00000e+00
  -8850.71  6369.0625  1.00324e+00  7.79567e-01  1.00325e+00  0.00000e+00
  -8822.15  6369.6875  1.04899e+00  1.18366e+00  1.04885e+00  0.00000e+00
  -8793.60  6370.3125  1.03891e+00  1.06065e+00  1.03864e+00  0.00000e+00
  -8765.05  6370.9375  1.01331e+00  8.61056e-01  1.01302e+00  0.00000e+00
  -8736.50  6371.5625  1.09115e+00  1.22976e+00  1.09101e+00  0.00000e+00
  -8707.95  6372.1875  1.11351e+00  1.04702e+00  1.11375e+00  0.00000e+00
  -8679.40  6372.8125  1.09364e+00  1.17967e+00  1.09412e+00  0.00000e+00
  -8650.85  6373.4375  1.00459e+00  9.89942e-01  1.00493e+00  0.00000e+00
  -8622.30  6374.0625  9.11524e-01  8.70199e-01  9.11645e-01  0.00000e+00
  -8593.75  6374.6875  8.99630e-01  8.66406e-01  8.99545e-01  0.00000e+00
  -8565.20  6375.3125  9.57054e-01  9.59124e-01  9.56490e-01  0.00000e+00
  -8536.64  6375.9375  1.03438e+00  1.02690e+00  1.03369e+00  0.00000e+00
  -8508.09  6376.5625  1.06887e+00  1.16249e+00  1.06842e+00  0.00000e+00
  -8479.54  6377.1875  1.05854e+00  9.30478e-01  1.05817e+00  0.00000e+00
  -8450.99  6377.8125  1.11859e+00  1.18593e+00  1.11823e+00  0.00000e+00
  -8422.44  6378.4375  1.10884e+00  1.20220e+00  1.10841e+00  0.00000e+00
  -8393.89  6379.0625  9.82246e-01  9.13209e-01  9.81774e-01  0.00000e+00
  -8365.34  6379.6875  9.26158e-01  8.58349e-01  9.26064e-01  0.00000e+00
  -8336.79  6380.3125  9.35990e-01  1.04485e+00  9.36289e-01  0.00000e+00
  -8308.24  6380.9375  8.92191e-01  8.14906e-01  8.92385e-01  0.00000e+00
  -8279.69  6381.5625  9.04277e-01  8.72064e-01  9.04496e-01  0.00000e+00
  -8251.13  6382.1875  9.55137e-01  1.03697e+00  9.55265e-01  0.00000e+00
  -8222.58  6382.8125  9.58311e-01  8.92345e-01  9.58024e-01  0.00000e+00
  -8194.03  6383.4375  9.79317e-01  1.00964e+00  9.79021e-01  0.00000e+00
  -8165.48  6384.0625  9.50570e-01  1.03470e+00  9.50343e-01  0.00000e+00
  -8136.93  6384.6875  8.78130e-01  7.39232e-01  8.77850e-01  0.00000e+00
  -8108.38  6385.3125  9.35358e-01  9.33072e-01  9.35120e-01  0.00000e+00
  -8079.83  6385.9375  9.96404e-01  1.13855e+00  9.96437e-01  0.00000e+00
  -8051.28  6386.5625  9.65460e-01  8.07578e-01  9.65633e-01  0.00000e+00
  -8022.73  6387.1875  9.91275e-01  1.10914e+00  9.91374e-01  0.00000e+00
  -7994.17  6387.8125  1.01919e+00  9.01343e-01  1.01922e+00  0.00000e+00
  -7965.62  6388.4375  1.07917e+00  1.17878e+00  1.07913e+00  0.00000e+00
  -7937.07  6389.0625  1.09160e+00  1.05729e+00  1.09137e+00  0.00000e+00
  -7908.52  6389.6875  1.04549e+00  1.12729e+00  1.04524e+00  0.00000e+00
  -7879.97  6390.3125  9.46603e-01  8.87899e-01  9.46086e-01  0.00000e+00
  -7851.42  6390.9375  9.34646e-01  8.34812e-01  9.34268e-01  0.00000e+00
  -7822.87  6391.5625  1.02263e+00  1.13453e+00  1.02276e+00  0.00000e+00
  -7794.32  6392.1875  1.05751e+00  1.00350e+00  1.05783e+00  0.00000e+00
  -7765.77  6392.8125  1.11054e+00  1.08894e+00  1.11086e+00  0.00000e+00
  -7737.22  6393.4375  1.17846e+00  1.24853e+00  1.17868e+00  0.00000e+00
  -7708.66  6394.0625  1.15772e+00  1.17226e+00  1.15765e+00  0.00000e+00
  -7680.11  6394.6875  1.05767e+00  1.09347e+00  1.05748e+00  0.00000e+00
  -7651.56  6395.3125  9.68249e-01  8.52365e-01  9.68144e-01  0.00000e+00
  -7623.01  6395.9375  9.92655e-01  1.02078e+00  9.92218e-01  0.00000e+00
  -7594.46  6396.5625  1.02148e+00  1.07083e+00  1.02090e+00  0.00000e+00
  -7565.91  6397.1875  1.01508e+00  9.37486e-01  1.01474e+00  0.00000e+00
  -7537.36  6397.8125  1.02442e+00  1.12030e+00  1.02425e+00  0.00000e+00
  -7508.81  6398.4375  9.79362e-01  9.33722e-01  9.79089e-01  0.00000e+00
  -7480.26  6399.0625  9.46133e-01  9.35589e-01  9.45582e-01  0.00000e+00
  -7451.71  6399.6875  9.56053e-01  9.50666e-01  9.55433e-01  0.00000e+00
  -7423.15  6400.3125  1.00258e+00  9.64109e-01  1.00200e+00  0.00000e+00
  -7394.60  6400.9375  1.06934e+00  1.12892e+00  1.06884e+00  0.00000e+00
  -7366.05  6401.5625  1.10211e+00  1.06077e+00  1.10165e+00  0.00000e+00
  -7337.50  6402.1875  1.10053e+00  1.19248e+00  1.09994e+00  0.00000e+00
  -7308.95  6402.8125  1.02234e+00  9.84899e-01  1.02208e+00  0.00000e+00
  -7280.40  6403.4375  9.46026e-01  9.35509e-01  9.46087e-01  0.00000e+00
  -7251.85  6404.0625  9.03851e-01  9.05819e-01  9.03760e-01  0.00000e+00
  -7223.30  6404.6875  8.98286e-01  8.46870e-01  8.97948e-01  0.00000e+00
  -7194.75  6405.3125  9.61388e-01  9.57275e-01  9.60850e-01  0.00000e+00
  -7166.19  6405.9375  1.03113e+00  1.07941e+00  1.03063e+00  0.00000e+00
  -7137.64  6406.5625  1.03685e+00  1.04934e+00  1.03640e+00  0.00000e+00
  -7109.09  6407.1875  1.05545e+00  9.48929e-01  1.05495e+00  0.00000e+00
  -7080.54  6407.8125  1.10660e+00  1.27837e+00  1.10630e+00  0.00000e+00
  -7051.99  6408.4375  1.05867e+00  9.47244e-01  1.05886e+00  0.00000e+00
  -7023.44  6409.0625  1.02876e+00  1.08006e+00  1.02889e+00  0.00000e+00
  -6994.89  6409.6875  1.01085e+00  9.77408e-01  1.01072e+00  0.00000e+00
  -6966.34  6410.3125  9.83408e-01  1.03068e+00  9.83096e-01  0.00000e+00
  -6937.79  6410.9375  9.49878e-01  8.91608e-01  9.49569e-01  0.00000e+00
  -6909.24  6411.5625  1.01874e+00  9.25722e-01  1.01836e+00  0.00000e+00
  -6880.68  6412.1875  1.16088e+00  1.29858e+00  1.16056e+00  0.00000e+00
  -6852.13  6412.8125  1.15824e+00  1.19100e+00  1.15790e+00  0.00000e+00
  -6823.58  6413.4375  1.05038e+00  1.02593e+00  1.05024e+00  0.00000e+00
  -6795.03  6414.0625  1.02321e+00  8.96336e-01  1.02322e+00  0.00000e+00
  -6766.48  6414.6875  1.08986e+00  1.23312e+00  1.09006e+00  0.00000e+00
  -6737.93  6415.3125  1.00741e+00  1.07710e+00  1.00765e+00  0.00000e+00
  -6709.38  6415.9375  8.75597e-01  6.68480e-01  8.75428e-01  0.00000e+00
  -6680.83  6416.5625  9.75741e-01  9.61522e-01  9.75402e-01  0.00000e+00
  -6652.28  6417.1875  1.11345e+00  1.29204e+00  1.11320e+00  0.00000e+00
  -6623.73  6417.8125  1.08394e+00  9.89152e-01  1.08362e+00  0.00000e+00
  -6595.17  6418.4375  1.04482e+00  1.09443e+00  1.04447e+00  0.00000e+00
  -6566.62  6419.0625  1.03462e+00  9.62676e-01  1.03417e+00  0.00000e+00
  -6538.07  6419.6875  1.08165e+00  1.09660e+00  1.08125e+00  0.00000e+00
  -6509.52  6420.3125  1.10037e+00  1.18875e+00  1.09988e+00  0.00000e+00
  -6480.97  6420.9375  1.05637e+00  9.51961e-01  1.05563e+00  0.00000e+00
  -6452.42  6421.5625  1.06774e+00  1.11523e+00  1.06705e+00  0.00000e+00
  -6423.87  6422.1875  1.06174e+00  1.08772e+00  1.06137e+00  0.00000e+00
  -6395.32  6422.8125  1.01834e+00  9.80529e-01  1.01808e+00  0.00000e+00
  -6366.77  6423.4375  9.96156e-01  1.01243e+00  9.95906e-01  0.00000e+00
  -6338.21  6424.0625  9.48303e-01  9.97542e-01  9.48070e-01  0.00000e+00
  -6309.66  6424.6875  8.96944e-01  7.81026e-01  8.96585e-01  0.00000e+00
  -6281.11  6425.3125  9.66438e-01  9.62982e-01  9.65572e-01  0.00000e+00
  -6252.56  6425.9375  1.02328e+00  1.17756e+00  1.02250e+00  0.00000e+00
  -6224.01  6426.5625  1.00444e+00  7.86686e-01  1.00433e+00  0.00000e+00
  -6195.46  6427.1875  1.05010e+00  1.27874e+00  1.05037e+00  0.00000e+00
  -6166.91  6427.8125  1.02923e+00  8.39951e-01  1.02912e+00  0.00000e+00
  -6138.36  6428.4375  1.06698e+00  1.17026e+00  1.06678e+00  0.00000e+00
  -6109.81  6429.0625  1.07472e+00  1.07421e+00  1.07455e+00  0.00000e+00
  -6081.26  6429.6875  1.03776e+00  1.02019e+00  1.03758e+00  0.00000e+00
  -6052.70  6430.3125  1.02096e+00  1.02121e+00  1.02092e+00  0.00000e+00
  -6024.15  6430.9375  1.02752e+00  1.01126e+00  1.02757e+00  0.00000e+00
  -5995.60  6431.5625  1.09674e+00  1.02023e+00  1.09673e+00  0.00000e+00
  -5967.05  6432.1875  1.17349e+00  1.35003e+00  1.17348e+00  0.00000e+00
  -5938.50  6432.8125  1.10267e+00  1.02796e+00  1.10255e+00  0.00000e+00
  -5909.95  6433.4375  9.59273e-01  1.07882e+00  9.59139e-01  0.00000e+00
  -5881.40  6434.0625  7.93187e-01  6.35788e-01  7.92988e-01  0.00000e+00
  -5852.85  6434.6875  7.99540e-01  7.43950e-01  7.99277e-01  0.00000e+00
  -5824.30  6435.3125  9.35080e-01  9.91811e-01  9.34664e-01  0.00000e+00
  -5795.75  6435.9375  1.00106e+00  1.05947e+00  1.00080e+00  0.00000e+00
  -5767.19  6436.5625  9.97711e-01  9.24729e-01  9.97760e-01  0.00000e+00
  -5738.64  6437.1875  1.00442e+00  1.08632e+00  1.00483e+00  0.00000e+00
  -5710.09  6437.8125  9.47866e-01  9.48648e-01  9.48673e-01  0.00000e+00
  -5681.54  6438.4375  9.07512e-01  7.93459e-01  9.08163e-01  0.00000e+00
  -5652.99  6439.0625  9.29628e-01  1.07421e+00  9.29813e-01  0.00000e+00
  -5624.44  6439.6875  8.58727e-01  8.13565e-01  8.58396e-01  0.00000e+00
  -5595.89  6440.3125  8.22124e-01  7.24772e-01  8.21498e-01  0.00000e+00
  -5567.34  6440.9375  9.18108e-01  9.50048e-01  9.17587e-01  0.00000e+00
  -5538.79  6441.5625  1.01498e+00  1.03764e+00  1.01482e+00  0.00000e+00
  -5510.24  6442.1875  1.00549e+00  1.10964e+00  1.00552e+00  0.00000e+00
  -5481.68  6442.8125  9.09944e-01  7.99821e-01  9.09873e-01  0.00000e+00
  -5453.13  6443.4375  9.09468e-01  8.83119e-01  9.09312e-01  0.00000e+00
  -5424.58  6444.0625  9.37090e-01  1.05788e+00  9.36965e-01  0.00000e+00
  -5396.03  6444.6875  8.74644e-01  7.90182e-01  8.74718e-01  0.00000e+00
  -5367.48  6445.3125  8.55008e-01  8.50179e-01  8.55100e-01  0.00000e+00
  -5338.93  6445.9375  8.92090e-01  8.91438e-01  8.92147e-01  0.00000e+00
  -5310.38  6446.5625  9.68528e-01  9.03699e-01  9.68441e-01  0.00000e+00
  -5281.83  6447.1875  1.01928e+00  1.21553e+00  1.01902e+00  0.00000e+00
  -5253.28  6447.8125  9.68431e-01  7.67862e-01  9.68393e-01  0.00000e+00
  -5224.72  6448.4375  1.04322e+00  1.07607e+00  1.04352e+00  0.00000e+00
  -5196.17  6449.0625  1.10075e+00  1.25323e+00  1.10095e+00  0.00000e+00
  -5167.62  6449.6875  1.01188e+00  8.94009e-01  1.01176e+00  0.00000e+00
  -5139.07  6450.3125  9.63841e-01  1.00326e+00  9.63729e-01  0.00000e+00
  -5110.52  6450.9375  9.59629e-01  9.11925e-01  9.59554e-01  0.00000e+00
  -5081.97  6451.5625  1.00864e+00  9.89345e-01  1.00826e+00  0.00000e+00
  -5053.42  6452.1875  1.06866e+00  1.13999e+00  1.06817e+00  0.00000e+00
  -5024.87  6452.8125  1.06554e+00  1.03274e+00  1.06536e+00  0.00000e+00
  -4996.32  6453.4375  1.04124e+00  1.07785e+00  1.04107e+00  0.00000e+00
  -4967.77  6454.0625  9.93123e-01  9.85715e-01  9.92909e-01  0.00000e+00
  -4939.21  6454.6875  9.79821e-01  8.96624e-01  9.79841e-01  0.00000e+00
  -4910.66  6455.3125  1.00513e+00  1.13716e+00  1.00525e+00  0.00000e+00
  -4882.11  6455.9375  9.84642e-01  8.50650e-01  9.84817e-01  1.35109e-10
  -4853.56  6456.5625  1.02927e+00  1.08573e+00  1.02928e+00  1.29777e-08
  -4825.01  6457.1875  1.03758e+00  1.10026e+00  1.03702e+00  3.38281e-07
  -4796.46  6457.8125  9.45610e-01  9.30619e-01  9.45007e-01  2.39290e-06
  -4767.91  6458.4375  9.05767e-01  7.85587e-01  9.05748e-01  4.59348e-06
  -4739.36  6459.0625  1.01623e+00  1.04098e+00  1.01654e+00  2.39290e-06
  -4710.81  6459.6875  1.12001e+00  1.19541e+00  1.12015e+00  3.38382e-07
  -4682.26  6460.3125  1.08872e+00  1.12971e+00  1.08845e+00  2.26665e-08
  -4653.70  6460.9375  9.89740e-01  9.35846e-01  9.89378e-01  2.52687e-07
  -4625.15  6461.5625  9.58508e-01  9.21588e-01  9.58375e-01  1.78649e-06
  -4596.60  6462.1875  1.01698e+00  1.00021e+00  1.01687e+00  3.42938e-06
  -4568.05  6462.8125  1.09610e+00  1.13791e+00  1.09593e+00  1.78649e-06
  -4539.50  6463.4375  1.11330e+00  1.13732e+00  1.11296e+00  2.52552e-07
  -4510.95  6464.0625  1.03356e+00  1.10822e+00  1.03313e+00  9.82627e-09
  -4482.40  6464.6875  9.31189e-01  7.72616e-01  9.30648e-01  1.33030e-08
  -4453.85  6465.3125  9.34030e-01  1.03399e+00  9.33514e-01  3.44132e-07
  -4425.30  6465.9375  9.08086e-01  8.95793e-01  9.07522e-01  2.43837e-06
  -4396.74  6466.5625  8.99344e-01  8.02016e-01  8.98608e-01  5.06477e-06
  -4368.19  6467.1875  9.77436e-01  1.06006e+00  9.76947e-01  1.26485e-05
  -4339.64  6467.8125  1.05301e+00  9.65496e-01  1.05319e+00  7.26279e-05
  -4311.09  6468.4375  1.11071e+00  1.26025e+00  1.11078e+00  1.39912e-04
  -4282.54  6469.0625  1.07522e+00  9.81137e-01  1.07503e+00  8.96207e-05
  -4253.99  6469.6875  1.05637e+00  1.08817e+00  1.05628e+00  1.06486e-04
  -4225.44  6470.3125  1.01579e+00  1.07123e+00  1.01580e+00  1.80824e-04
  -4196.89  6470.9375  9.26229e-01  8.56922e-01  9.26322e-01  1.60449e-04
  -4168.34  6471.5625  8.75149e-01  9.07988e-01  8.75078e-01  1.53980e-04
  -4139.79  6472.1875  8.37769e-01  8.11190e-01  8.37555e-01  7.43474e-05
  -4111.23  6472.8125  8.33893e-01  8.05137e-01  8.33536e-01  1.07523e-05
  -4082.68  6473.4375  8.57097e-01  9.06466e-01  8.56897e-01  8.30903e-06
  -4054.13  6474.0625  8.92681e-01  7.86373e-01  8.92322e-01  5.59457e-05
  -4025.58  6474.6875  9.64641e-01  1.09809e+00  9.63817e-01  1.07388e-04
  -3997.03  6475.3125  9.93714e-01  8.65146e-01  9.92964e-01  5.60530e-05
  -3968.48  6475.9375  1.02357e+00  1.18634e+00  1.02321e+00  1.08144e-05
  -3939.93  6476.5625  9.99487e-01  8.43565e-01  9.99217e-01  2.08796e-05
  -3911.38  6477.1875  1.00717e+00  1.14748e+00  1.00654e+00  4.00257e-05
  -3882.83  6477.8125  9.71033e-01  8.78926e-01  9.70260e-01  2.47860e-05
  -3854.28  6478.4375  9.53651e-01  9.96032e-01  9.53065e-01  1.70802e-05
  -3825.72  6479.0625  9.50892e-01  9.15252e-01  9.50817e-01  5.05598e-05
  -3797.17  6479.6875  9.47153e-01  9.90686e-01  9.47157e-01  9.66069e-05
  -3768.62  6480.3125  9.14897e-01  9.02329e-01  9.14635e-01  1.02594e-04
  -3740.07  6480.9375  9.10108e-01  8.50561e-01  9.09868e-01  1.44617e-04
  -3711.52  6481.5625  9.73995e-01  9.93679e-01  9.73691e-01  1.29498e-04
  -3682.97  6482.1875  9.69123e-01  1.11034e+00  9.68836e-01  4.83916e-05
  -3654.42  6482.8125  8.82765e-01  6.85111e-01  8.82435e-01  1.30931e-05
  -3625.87  6483.4375  9.15997e-01  1.00825e+00  9.15751e-01  5.45652e-05
  -3597.32  6484.0625  9.13558e-01  9.64228e-01  9.13636e-01  1.42884e-04
  -3568.76  6484.6875  8.48908e-01  7.60218e-01  8.48964e-01  2.14936e-04
  -3540.21  6485.3125  8.80558e-01  8.56991e-01  8.80099e-01  4.24328e-04
  -3511.66  6485.9375  9.53352e-01  1.02301e+00  9.52117e-01  6.97160e-04
  -3483.11  6486.5625  9.46604e-01  9.56475e-01  9.45112e-01  5.93810e-04
  -3454.56  6487.1875  9.18551e-01  8.57833e-01  9.17637e-01  4.68981e-04
  -3426.01  6487.8125  9.08578e-01  1.00343e+00  9.08053e-01  4.82769e-04
  -3397.46  6488.4375  8.64216e-01  7.73997e-01  8.63619e-01  3.32287e-04
  -3368.91  6489.0625  8.91285e-01  8.74426e-01  8.90902e-01  2.23642e-04
  -3340.36  6489.6875  9.32141e-01  1.03749e+00  9.32083e-01  1.88240e-04
  -3311.81  6490.3125  9.09869e-01  8.00813e-01  9.09926e-01  1.17186e-04
  -3283.25  6490.9375  9.31232e-01  9.94297e-01  9.31243e-01  1.79465e-04
  -3254.70  6491.5625  9.30215e-01  9.32197e-01  9.30051e-01  3.71552e-04
  -3226.15  6492.1875  8.95865e-01  8.88907e-01  8.95503e-01  4.44843e-04
  -3197.60  6492.8125  8.63214e-01  8.72336e-01  8.62622e-01  4.71843e-04
  -3169.05  6493.4375  8.44646e-01  8.04744e-01  8.43962e-01  4.12934e-04
  -3140.50  6494.0625  8.41042e-01  9.02332e-01  8.40324e-01  5.32125e-04
  -3111.95  6494.6875  8.51910e-01  7.27758e-01  8.51318e-01  7.25860e-04
  -3083.40  6495.3125  9.32877e-01  1.02833e+00  9.32471e-01  7.66304e-04
  -3054.85  6495.9375  9.30250e-01  9.82403e-01  9.29794e-01  8.78948e-04
  -3026.30  6496.5625  8.44214e-01  7.77226e-01  8.43350e-01  9.80429e-04
  -2997.74  6497.1875  7.98990e-01  8.20542e-01  7.98120e-01  9.50822e-04
  -2969.19  6497.8125  7.68788e-01  7.71539e-01  7.68141e-01  1.01759e-03
  -2940.64  6498.4375  8.24249e-01  6.46545e-01  8.23711e-01  1.20325e-03
  -2912.09  6499.0625  9.76127e-01  1.20850e+00  9.75381e-01  1.20840e-03
  -2883.54  6499.6875  9.76638e-01  8.92377e-01  9.75271e-01  1.43751e-03
  -2854.99  6500.3125  9.54327e-01  9.55596e-01  9.52730e-01  1.65171e-03
  -2826.44  6500.9375  9.78747e-01  9.63967e-01  9.77587e-01  1.58708e-03
  -2797.89  6501.5625  9.66269e-01  1.07238e+00  9.65111e-01  1.56996e-03
  -2769.34  6502.1875  9.15588e-01  7.56284e-01  9.14329e-01  1.52774e-03
  -2740.78  6502.8125  9.79876e-01  1.03726e+00  9.78774e-01  1.42059e-03
  -2712.23  6503.4375  1.07158e+00  1.04774e+00  1.06982e+00  1.97570e-03
  -2683.68  6504.0625  1.09435e+00  1.21018e+00  1.09173e+00  2.65195e-03
  -2655.13  6504.6875  9.63445e-01  9.87726e-01  9.60671e-01  2.74691e-03
  -2626.58  6505.3125  8.00520e-01  6.89260e-01  7.97771e-01  2.88673e-03
  -2598.03  6505.9375  8.04668e-01  7.39848e-01  8.01926e-01  2.95161e-03
  -2569.48  6506.5625  9.12022e-01  9.89343e-01  9.09696e-01  2.56314e-03
  -2540.93  6507.1875  9.06371e-01  1.00134e+00  9.04425e-01  2.36199e-03
  -2512.38  6507.8125  8.19968e-01  6.69169e-01  8.17906e-01  2.54010e-03
  -2483.83  6508.4375  8.58029e-01  8.78843e-01  8.55999e-01  2.37983e-03
  -2455.27  6509.0625  8.95740e-01  1.00622e+00  8.93719e-01  2.33396e-03
  -2426.72  6509.6875  8.80268e-01  7.06512e-01  8.77430e-01  3.13520e-03
  -2398.17  6510.3125  9.62264e-01  1.07219e+00  9.58073e-01  4.41760e-03
  -2369.62  6510.9375  1.00351e+00  9.95970e-01  9.98938e-01  4.67056e-03
  -2341.07  6511.5625  9.86899e-01  1.00061e+00  9.81994e-01  5.18510e-03
  -2312.52  6512.1875  9.72723e-01  9.37125e-01  9.67888e-01  5.63240e-03
  -2283.97  6512.8125  9.72356e-01  1.01661e+00  9.68107e-01  5.30475e-03
  -2255.42  6513.4375  9.47377e-01  9.22229e-01  9.43935e-01  4.38944e-03
  -2226.87  6514.0625  9.08030e-01  9.54605e-01  9.04145e-01  4.59427e-03
  -2198.32  6514.6875  9.19543e-01  7.46173e-01  9.14610e-01  5.87053e-03
  -2169.76  6515.3125  1.03087e+00  1.20781e+00  1.02493e+00  7.14608e-03
  -2141.21  6515.9375  1.06390e+00  9.71670e-01  1.05723e+00  7.92065e-03
  -2112.66  6516.5625  1.08156e+00  1.13873e+00  1.07467e+00  8.02214e-03
  -2084.11  6517.1875  1.03857e+00  1.09883e+00  1.03069e+00  8.66071e-03
  -2055.56  6517.8125  9.35406e-01  8.55469e-01  9.26556e-01  9.63942e-03
  -2027.01  6518.4375  9.49291e-01  8.62282e-01  9.40238e-01  9.73362e-03
  -1998.46  6519.0625  1.05064e+00  1.17236e+00  1.04104e+00  1.02952e-02
  -1969.91  6519.6875  1.02735e+00  1.06447e+00  1.01702e+00  1.13863e-02
  -1941.36  6520.3125  9.73081e-01  8.23555e-01  9.62555e-01  1.16256e-02
  -1912.80  6520.9375  1.06228e+00  1.10229e+00  1.05068e+00  1.28514e-02
  -1884.25  6521.5625  1.10101e+00  1.25243e+00  1.08799e+00  1.49018e-02
  -1855.70  6522.1875  1.01365e+00  8.57397e-01  9.99761e-01  1.60542e-02
  -1827.15  6522.8125  1.03837e+00  1.03247e+00  1.02306e+00  1.75851e-02
  -1798.60  6523.4375  1.04781e+00  1.24209e+00  1.03077e+00  1.92229e-02
  -1770.05  6524.0625  8.99976e-01  7.49982e-01  8.80628e-01  2.14324e-02
  -1741.50  6524.6875  8.66997e-01  8.08296e-01  8.43466e-01  2.61717e-02
  -1712.95  6525.3125  9.49394e-01  1.03330e+00  9.24288e-01  2.81643e-02
  -1684.40  6525.9375  1.01714e+00  9.21883e-01  9.92793e-01  2.75029e-02
  -1655.85  6526.5625  1.13268e+00  1.17857e+00  1.10757e+00  2.84689e-02
  -1627.29  6527.1875  1.19964e+00  1.26785e+00  1.17179e+00  3.16256e-02
  -1598.74  6527.8125  1.14320e+00  1.16265e+00  1.11388e+00  3.36240e-02
  -1570.19  6528.4375  1.08799e+00  9.67858e-01  1.05737e+00  3.47813e-02
  -1541.64  6529.0625  1.13231e+00  1.21116e+00  1.09959e+00  3.70438e-02
  -1513.09  6529.6875  1.15521e+00  1.13273e+00  1.11889e+00  4.11852e-02
  -1484.54  6530.3125  1.12332e+00  1.19126e+00  1.08254e+00  4.57063e-02
  -1455.99  6530.9375  1.02609e+00  1.00761e+00  9.82078e-01  4.91120e-02
  -1427.44  6531.5625  9.70109e-01  8.72381e-01  9.23828e-01  5.22647e-02
  -1398.89  6532.1875  1.01635e+00  1.08343e+00  9.67966e-01  5.50848e-02
  -1370.34  6532.8125  1.08607e+00  9.89563e-01  1.03439e+00  5.90598e-02
  -1341.78  6533.4375  1.14307e+00  1.31513e+00  1.08653e+00  6.47616e-02
  -1313.23  6534.0625  1.04398e+00  1.02149e+00  9.81851e-01  7.08063e-02
  -1284.68  6534.6875  9.43188e-01  8.27463e-01  8.74757e-01  7.75558e-02
  -1256.13  6535.3125  9.85527e-01  1.01428e+00  9.08957e-01  8.66382e-02
  -1227.58  6535.9375  1.02837e+00  1.08270e+00  9.45396e-01  9.40121e-02
  -1199.03  6536.5625  9.96600e-01  9.78811e-01  9.08530e-01  9.95758e-02
  -1170.48  6537.1875  9.75397e-01  9.43581e-01  8.80644e-01  1.07009e-01
  -1141.93  6537.8125  1.03297e+00  9.85157e-01  9.29906e-01  1.16502e-01
  -1113.38  6538.4375  1.13337e+00  1.19634e+00  1.02230e+00  1.25836e-01
  -1084.83  6539.0625  1.13598e+00  1.21423e+00  1.01658e+00  1.35474e-01
  -1056.27  6539.6875  1.06417e+00  9.51134e-01  9.37023e-01  1.44782e-01
  -1027.72  6540.3125  1.06435e+00  1.11602e+00  9.27450e-01  1.56165e-01
   -999.17  6540.9375  1.09791e+00  1.03658e+00  9.47980e-01  1.70365e-01
   -970.62  6541.5625  1.16299e+00  1.19872e+00  1.00205e+00  1.82123e-01
   -942.07  6542.1875  1.19945e+00  1.22961e+00  1.02453e+00  1.98033e-01
   -913.52  6542.8125  1.21068e+00  1.15020e+00  1.02052e+00  2.15532e-01
   -884.97  6543.4375  1.24109e+00  1.30854e+00  1.03971e+00  2.28386e-01
   -856.42  6544.0625  1.20665e+00  1.23039e+00  9.97285e-01  2.37718e-01
   -827.87  6544.6875  1.16852e+00  1.05548e+00  9.45860e-01  2.52846e-01
   -799.31  6545.3125  1.23146e+00  1.28515e+00  9.87045e-01  2.77220e-01
   -770.76  6545.9375  1.28169e+00  1.29719e+00  1.01491e+00  3.02635e-01
   -742.21  6546.5625  1.28230e+00  1.27721e+00  9.99785e-01  3.20634e-01
   -713.66  6547.1875  1.23184e+00  1.31743e+00  9.32467e-01  3.39703e-01
   -685.11  6547.8125  1.16927e+00  1.00288e+00  8.51487e-01  3.60461e-01
   -656.56  6548.4375  1.24795e+00  1.29591e+00  9.13925e-01  3.79225e-01
   -628.01  6549.0625  1.35762e+00  1.36085e+00  1.00747e+00  3.97905e-01
   -599.46  6549.6875  1.41772e+00  1.45445e+00  1.05347e+00  4.13721e-01
   -570.91  6550.3125  1.43219e+00  1.41766e+00  1.05047e+00  4.33271e-01
   -542.36  6550.9375  1.42384e+00  1.46275e+00  1.01987e+00  4.58281e-01
   -513.80  6551.5625  1.42816e+00  1.32595e+00  1.00639e+00  4.78607e-01
   -485.25  6552.1875  1.46704e+00  1.60824e+00  1.03117e+00  4.94891e-01
   -456.70  6552.8125  1.49094e+00  1.29335e+00  1.03033e+00  5.22919e-01
   -428.15  6553.4375  1.57256e+00  1.78373e+00  1.07562e+00  5.64320e-01
   -399.60  6554.0625  1.56469e+00  1.43369e+00  1.03942e+00  5.96599e-01
   -371.05  6554.6875  1.56536e+00  1.63706e+00  1.02033e+00  6.18818e-01
   -342.50  6555.3125  1.52913e+00  1.56041e+00  9.71653e-01  6.32772e-01
   -313.95  6555.9375  1.51026e+00  1.34380e+00  9.42085e-01  6.45057e-01
   -285.40  6556.5625  1.62127e+00  1.72927e+00  1.02377e+00  6.78191e-01
   -256.85  6557.1875  1.59418e+00  1.75199e+00  9.55786e-01  7.24345e-01
   -228.29  6557.8125  1.35474e+00  1.27810e+00  6.62800e-01  7.85416e-01
   -199.74  6558.4375  1.35999e+00  9.73555e-01  4.47460e-01  1.03616e+00
   -171.19  6559.0625  2.04470e+00  1.82953e+00  5.24331e-01  1.72636e+00
   -142.64  6559.6875  3.08352e+00  3.35908e+00  7.60770e-01  2.63708e+00
   -114.09  6560.3125  3.83401e+00  3.93615e+00  9.05738e-01  3.32425e+00
    -85.54  6560.9375  4.25606e+00  4.30272e+00  1.00463e+00  3.69119e+00
    -56.99  6561.5625  4.48826e+00  4.57626e+00  1.08896e+00  3.85936e+00
    -28.44  6562.1875  4.52934e+00  4.60795e+00  1.08035e+00  3.91622e+00
      0.11  6562.8125  4.49698e+00  4.34933e+00  1.05287e+00  3.91095e+00
     28.67  6563.4375  4.53749e+00  4.65191e+00  1.13600e+00  3.86238e+00
     57.22  6564.0625  4.42626e+00  4.56529e+00  1.21913e+00  3.64181e+00
     85.77  6564.6875  4.02737e+00  4.08789e+00  1.18810e+00  3.22427e+00
    114.32  6565.3125  3.45071e+00  3.47007e+00  1.07619e+00  2.69654e+00
    142.87  6565.9375  2.86999e+00  2.76884e+00  1.00191e+00  2.12143e+00
    171.42  6566.5625  2.43591e+00  2.39459e+00  1.05294e+00  1.57038e+00
    199.97  6567.1875  2.12110e+00  2.11888e+00  1.12320e+00  1.13284e+00
    228.52  6567.8125  1.87964e+00  1.81480e+00  1.12583e+00  8.55694e-01
    257.07  6568.4375  1.76504e+00  1.69347e+00  1.11481e+00  7.38218e-01
    285.62  6569.0625  1.69891e+00  1.85454e+00  1.07585e+00  7.07600e-01
    314.18  6569.6875  1.60966e+00  1.37158e+00  9.95053e-01  6.98060e-01
    342.73  6570.3125  1.64665e+00  1.81132e+00  1.04499e+00  6.83264e-01
    371.28  6570.9375  1.62454e+00  1.59617e+00  1.03803e+00  6.66145e-01
    399.83  6571.5625  1.61625e+00  1.49613e+00  1.04317e+00  6.51099e-01
    428.38  6572.1875  1.68680e+00  1.84126e+00  1.12465e+00  6.38541e-01
    456.93  6572.8125  1.64973e+00  1.61542e+00  1.10294e+00  6.20765e-01
    485.48  6573.4375  1.62284e+00  1.52436e+00  1.09651e+00  5.97216e-01
    514.03  6574.0625  1.64563e+00  1.80982e+00  1.14176e+00  5.71594e-01
    542.58  6574.6875  1.55071e+00  1.48270e+00  1.06756e+00  5.48782e-01
    571.13  6575.3125  1.43643e+00  1.46301e+00  9.75733e-01  5.23735e-01
    599.69  6575.9375  1.37059e+00  1.29123e+00  9.22316e-01  5.09010e-01
    628.24  6576.5625  1.39644e+00  1.39692e+00  9.63332e-01  4.91463e-01
    656.79  6577.1875  1.45808e+00  1.47330e+00  1.05267e+00  4.60206e-01
    685.34  6577.8125  1.47261e+00  1.51960e+00  1.08011e+00  4.45784e-01
    713.89  6578.4375  1.40751e+00  1.42271e+00  1.02245e+00  4.37395e-01
    742.44  6579.0625  1.33470e+00  1.27229e+00  9.68167e-01  4.16274e-01
    770.99  6579.6875  1.38797e+00  1.28818e+00  1.04555e+00  3.89214e-01
    799.54  6580.3125  1.48618e+00  1.69888e+00  1.16089e+00  3.69787e-01
    828.09  6580.9375  1.41792e+00  1.32247e+00  1.10630e+00  3.53776e-01
    856.65  6581.5625  1.29975e+00  1.38853e+00  1.00420e+00  3.35434e-01
    885.20  6582.1875  1.16041e+00  1.08296e+00  8.80361e-01  3.18165e-01
    913.75  6582.8125  1.06589e+00  1.08014e+00  8.01015e-01  3.01241e-01
    942.30  6583.4375  1.01846e+00  9.92738e-01  7.66468e-01  2.86293e-01
    970.85  6584.0625  1.10981e+00  9.17628e-01  8.66732e-01  2.75677e-01
    999.40  6584.6875  1.35352e+00  1.54857e+00  1.11974e+00  2.64849e-01
   1027.95  6585.3125  1.44046e+00  1.46399e+00  1.22224e+00  2.47203e-01
   1056.50  6585.9375  1.39190e+00  1.37911e+00  1.18824e+00  2.30883e-01
   1085.05  6586.5625  1.33761e+00  1.33427e+00  1.14199e+00  2.21949e-01
   1113.60  6587.1875  1.23894e+00  1.34340e+00  1.05445e+00  2.09313e-01
   1142.16  6587.8125  1.13234e+00  9.16660e-01  9.62051e-01  1.93309e-01
   1170.71  6588.4375  1.20595e+00  1.27182e+00  1.04485e+00  1.83203e-01
   1199.26  6589.0625  1.24802e+00  1.37387e+00  1.09529e+00  1.73492e-01
   1227.81  6589.6875  1.17622e+00  1.02432e+00  1.03053e+00  1.65462e-01
   1256.36  6590.3125  1.13407e+00  1.29264e+00  9.96185e-01  1.56908e-01
   1284.91  6590.9375  1.02043e+00  9.43697e-01  8.89675e-01  1.48834e-01
   1313.46  6591.5625  1.01145e+00  8.52833e-01  8.87123e-01  1.41607e-01
   1342.01  6592.1875  1.18939e+00  1.29090e+00  1.07249e+00  1.33211e-01
   1370.56  6592.8125  1.25513e+00  1.38391e+00  1.14472e+00  1.25792e-01
   1399.11  6593.4375  1.14175e+00  1.06415e+00  1.03729e+00  1.18845e-01
   1427.67  6594.0625  1.08423e+00  1.02046e+00  9.84992e-01  1.12839e-01
   1456.22  6594.6875  1.07358e+00  1.21268e+00  9.79458e-01  1.07081e-01
   1484.77  6595.3125  9.75854e-01  8.82585e-01  8.85445e-01  1.02460e-01
   1513.32  6595.9375  9.29832e-01  9.13507e-01  8.44484e-01  9.64163e-02
   1541.87  6596.5625  9.57650e-01  9.59821e-01  8.78423e-01  8.97185e-02
   1570.42  6597.1875  1.02006e+00  9.78815e-01  9.45676e-01  8.43697e-02
   1598.97  6597.8125  1.11548e+00  1.14548e+00  1.04541e+00  7.89953e-02
   1627.52  6598.4375  1.14561e+00  1.23042e+00  1.07853e+00  7.57384e-02
   1656.07  6599.0625  1.07552e+00  1.03047e+00  1.00799e+00  7.67874e-02
   1684.63  6599.6875  1.04729e+00  9.81072e-01  9.82207e-01  7.40110e-02
   1713.18  6600.3125  1.03785e+00  1.20570e+00  9.77284e-01  6.88358e-02
   1741.73  6600.9375  9.76613e-01  7.53181e-01  9.18698e-01  6.58227e-02
   1770.28  6601.5625  1.02517e+00  1.17661e+00  9.71266e-01  6.11262e-02
   1798.83  6602.1875  1.05575e+00  9.61407e-01  1.00541e+00  5.72406e-02
   1827.38  6602.8125  1.07462e+00  1.16603e+00  1.02638e+00  5.51275e-02
   1855.93  6603.4375  1.05492e+00  9.96799e-01  1.00796e+00  5.36719e-02
   1884.48  6604.0625  1.00185e+00  1.10616e+00  9.56285e-01  5.20862e-02
   1913.03  6604.6875  9.20006e-01  7.87751e-01  8.77299e-01  4.86666e-02
   1941.58  6605.3125  9.21293e-01  9.76360e-01  8.81530e-01  4.50442e-02
   1970.14  6605.9375  9.50202e-01  9.11405e-01  9.13197e-01  4.21153e-02
   1998.69  6606.5625  1.01323e+00  9.91376e-01  9.77385e-01  4.09471e-02
   2027.24  6607.1875  1.08775e+00  1.15149e+00  1.05235e+00  3.99849e-02
   2055.79  6607.8125  1.08275e+00  1.09743e+00  1.04949e+00  3.71881e-02
   2084.34  6608.4375  1.02235e+00  1.02259e+00  9.91897e-01  3.41668e-02
   2112.89  6609.0625  9.92138e-01  9.20679e-01  9.62382e-01  3.37879e-02
   2141.44  6609.6875  1.02828e+00  1.07989e+00  1.00008e+00  3.24403e-02
   2169.99  6610.3125  1.07834e+00  1.00451e+00  1.05215e+00  2.98302e-02
   2198.54  6610.9375  1.10868e+00  1.26432e+00  1.08467e+00  2.70703e-02
   2227.09  6611.5625  1.06011e+00  9.10327e-01  1.03803e+00  2.51657e-02
   2255.65  6612.1875  1.03256e+00  1.18113e+00  1.01128e+00  2.44197e-02
   2284.20  6612.8125  9.51477e-01  8.53981e-01  9.30761e-01  2.34729e-02
   2312.75  6613.4375  9.14313e-01  9.16472e-01  8.93071e-01  2.36313e-02
   2341.30  6614.0625  9.30407e-01  9.27864e-01  9.09388e-01  2.28453e-02
   2369.85  6614.6875  9.59868e-01  9.44740e-01  9.40158e-01  2.13001e-02
   2398.40  6615.3125  9.85396e-01  1.02784e+00  9.67451e-01  1.96408e-02
   2426.95  6615.9375  9.71501e-01  9.58765e-01  9.55867e-01  1.75370e-02
   2455.50  6616.5625  9.52346e-01  9.46550e-01  9.37052e-01  1.72270e-02
   2484.05  6617.1875  9.43583e-01  9.53817e-01  9.28587e-01  1.67654e-02
   2512.61  6617.8125  9.67370e-01  8.93852e-01  9.53052e-01  1.56385e-02
   2541.16  6618.4375  1.03248e+00  1.11249e+00  1.01854e+00  1.47416e-02
   2569.71  6619.0625  1.00179e+00  1.06255e+00  9.88566e-01  1.40038e-02
   2598.26  6619.6875  9.12113e-01  7.99610e-01  8.99819e-01  1.31962e-02
   2626.81  6620.3125  9.33283e-01  9.32668e-01  9.21987e-01  1.22727e-02
   2655.36  6620.9375  1.01515e+00  1.02268e+00  1.00441e+00  1.18355e-02
   2683.91  6621.5625  1.05322e+00  1.11626e+00  1.04329e+00  1.10900e-02
   2712.46  6622.1875  1.01455e+00  9.98142e-01  1.00510e+00  1.06124e-02
   2741.01  6622.8125  1.00237e+00  9.31665e-01  9.93572e-01  9.99805e-03
   2769.56  6623.4375  1.08568e+00  1.09010e+00  1.07788e+00  9.14850e-03
   2798.12  6624.0625  1.12949e+00  1.25741e+00  1.12185e+00  9.02869e-03
   2826.67  6624.6875  1.01518e+00  9.96995e-01  1.00677e+00  9.73472e-03
   2855.22  6625.3125  8.87712e-01  8.22239e-01  8.79208e-01  9.87974e-03
   2883.77  6625.9375  8.68125e-01  8.45224e-01  8.60172e-01  9.16094e-03
   2912.32  6626.5625  9.12710e-01  9.23980e-01  9.05191e-01  8.42905e-03
   2940.87  6627.1875  9.60338e-01  9.60503e-01  9.53856e-01  7.37448e-03
   2969.42  6627.8125  1.03081e+00  9.73271e-01  1.02505e+00  6.58136e-03
   2997.97  6628.4375  1.08377e+00  1.24676e+00  1.07808e+00  6.30699e-03
   3026.52  6629.0625  1.04120e+00  8.91583e-01  1.03558e+00  6.06553e-03
   3055.07  6629.6875  1.03725e+00  1.14655e+00  1.03183e+00  5.56759e-03
   3083.63  6630.3125  1.01293e+00  9.44746e-01  1.00735e+00  5.80756e-03
   3112.18  6630.9375  9.95352e-01  1.03381e+00  9.89744e-01  5.99608e-03
   3140.73  6631.5625  9.77750e-01  9.62148e-01  9.72894e-01  5.00230e-03
   3169.28  6632.1875  1.02752e+00  9.06047e-01  1.02347e+00  4.36825e-03
   3197.83  6632.8125  1.13142e+00  1.32454e+00  1.12748e+00  4.52851e-03
   3226.38  6633.4375  1.07981e+00  1.03870e+00  1.07553e+00  4.58738e-03
   3254.93  6634.0625  1.02352e+00  9.32650e-01  1.01888e+00  4.97413e-03
   3283.48  6634.6875  1.06947e+00  1.12342e+00  1.06479e+00  5.18462e-03
   3312.03  6635.3125  1.02674e+00  1.15992e+00  1.02238e+00  4.85751e-03
   3340.58  6635.9375  9.08073e-01  6.87494e-01  9.04359e-01  4.16075e-03
   3369.14  6636.5625  9.59436e-01  1.02596e+00  9.56001e-01  3.75943e-03
   3397.69  6637.1875  1.02623e+00  1.06764e+00  1.02298e+00  3.20870e-03
   3426.24  6637.8125  1.00299e+00  1.00909e+00  1.00022e+00  2.61259e-03
   3454.79  6638.4375  9.77893e-01  9.20519e-01  9.75228e-01  2.71459e-03
   3483.34  6639.0625  1.01011e+00  1.03340e+00  1.00704e+00  3.41051e-03
   3511.89  6639.6875  1.04099e+00  1.04953e+00  1.03816e+00  3.56818e-03
   3540.44  6640.3125  1.05015e+00  1.04507e+00  1.04799e+00  2.95813e-03
   3568.99  6640.9375  1.03567e+00  1.07377e+00  1.03383e+00  2.31962e-03
   3597.54  6641.5625  9.59740e-01  9.89112e-01  9.58073e-01  2.00542e-03
   3626.10  6642.1875  9.02803e-01  7.68298e-01  9.01250e-01  1.84756e-03
   3654.65  6642.8125  9.93959e-01  1.01195e+00  9.92735e-01  1.56042e-03
   3683.20  6643.4375  1.10317e+00  1.15925e+00  1.10221e+00  1.28867e-03
   3711.75  6644.0625  1.06132e+00  1.18903e+00  1.06017e+00  1.43551e-03
   3740.30  6644.6875  9.59012e-01  7.18426e-01  9.57369e-01  1.59283e-03
   3768.85  6645.3125  1.06079e+00  1.11021e+00  1.05891e+00  1.62046e-03
   3797.40  6645.9375  1.10851e+00  1.33553e+00  1.10643e+00  1.68070e-03
   3825.95  6646.5625  9.69182e-01  7.36971e-01  9.67331e-01  1.60802e-03
   3854.50  6647.1875  9.50523e-01  1.03601e+00  9.49629e-01  1.09296e-03
   3883.05  6647.8125  9.94328e-01  9.21270e-01  9.93927e-01  7.16535e-04
   3911.61  6648.4375  1.05456e+00  1.10939e+00  1.05377e+00  8.61781e-04
   3940.16  6649.0625  1.01832e+00  1.13132e+00  1.01696e+00  1.29354e-03
   3968.71  6649.6875  8.81442e-01  7.48314e-01  8.80025e-01  1.59313e-03
   3997.26  6650.3125  8.50482e-01  8.50185e-01  8.49339e-01  1.63007e-03
   4025.81  6650.9375  8.66343e-01  9.14811e-01  8.65308e-01  1.48135e-03
   4054.36  6651.5625  8.08029e-01  8.40658e-01  8.07325e-01  1.10197e-03
   4082.91  6652.1875  7.74446e-01  6.07428e-01  7.74050e-01  6.56173e-04
   4111.46  6652.8125  8.79595e-01  9.83229e-01  8.79291e-01  4.38649e-04
   4140.01  6653.4375  9.52344e-01  9.47151e-01  9.52191e-01  6.08865e-04
   4168.56  6654.0625  1.01205e+00  9.44880e-01  1.01191e+00  7.81226e-04
   4197.12  6654.6875  1.10233e+00  1.20131e+00  1.10141e+00  9.35116e-04
   4225.67  6655.3125  1.12101e+00  1.08247e+00  1.11945e+00  1.02189e-03
   4254.22  6655.9375  1.06593e+00  1.18319e+00  1.06480e+00  9.92285e-04
   4282.77  6656.5625  9.54002e-01  8.27577e-01  9.53360e-01  1.09522e-03
   4311.32  6657.1875  9.78845e-01  9.04380e-01  9.78159e-01  1.17923e-03
   4339.87  6657.8125  1.04653e+00  1.26829e+00  1.04583e+00  1.04756e-03
   4368.42  6658.4375  9.63450e-01  8.04555e-01  9.62967e-01  7.55953e-04
   4396.97  6659.0625  9.43207e-01  9.68136e-01  9.42990e-01  6.42289e-04
   4425.52  6659.6875  9.47521e-01  9.99398e-01  9.47489e-01  6.12954e-04
   4454.08  6660.3125  8.81230e-01  8.71044e-01  8.81009e-01  7.07027e-04
   4482.63  6660.9375  8.36497e-01  7.72103e-01  8.36193e-01  7.95484e-04
   4511.18  6661.5625  9.01826e-01  8.62639e-01  9.01284e-01  6.99892e-04
   4539.73  6662.1875  9.84307e-01  1.11141e+00  9.83554e-01  3.26247e-04
   4568.28  6662.8125  9.77009e-01  8.93530e-01  9.76662e-01  8.53818e-05
   4596.83  6663.4375  1.04834e+00  9.61984e-01  1.04810e+00  1.30876e-04
   4625.38  6664.0625  1.12334e+00  1.39474e+00  1.12296e+00  2.67801e-04
   4653.93  6664.6875  1.01760e+00  8.10942e-01  1.01739e+00  2.67492e-04
   4682.48  6665.3125  1.03423e+00  1.01563e+00  1.03408e+00  2.07744e-04
   4711.03  6665.9375  1.13833e+00  1.22489e+00  1.13832e+00  9.71116e-05
   4739.59  6666.5625  1.12158e+00  1.16158e+00  1.12154e+00  1.04206e-04
   4768.14  6667.1875  1.01122e+00  9.94474e-01  1.01090e+00  2.48354e-04
   4796.69  6667.8125  9.37596e-01  8.71215e-01  9.36839e-01  4.06742e-04
   4825.24  6668.4375  9.78899e-01  9.46853e-01  9.77922e-01  5.24628e-04
   4853.79  6669.0625  1.05637e+00  1.13037e+00  1.05592e+00  3.88145e-04
   4882.34  6669.6875  1.01925e+00  1.08909e+00  1.01952e+00  2.90767e-04
   4910.89  6670.3125  9.37599e-01  7.83438e-01  9.37733e-01  3.81968e-04
   4939.44  6670.9375  9.97387e-01  1.02660e+00  9.97071e-01  4.31192e-04
   4967.99  6671.5625  1.07568e+00  1.13171e+00  1.07557e+00  3.49796e-04
   4996.54  6672.1875  1.06741e+00  1.06613e+00  1.06747e+00  3.55884e-04
   5025.10  6672.8125  1.02009e+00  1.02444e+00  1.01996e+00  1.85591e-04
   5053.65  6673.4375  9.26300e-01  1.00162e+00  9.25816e-01  9.10217e-05
   5082.20  6674.0625  8.30276e-01  6.55625e-01  8.29836e-01  1.48451e-04
   5110.75  6674.6875  8.32774e-01  9.85535e-01  8.32738e-01  1.74974e-04
   5139.30  6675.3125  8.08578e-01  6.86997e-01  8.08543e-01  1.78879e-04
   5167.85  6675.9375  8.59298e-01  8.61127e-01  8.59225e-01  9.25371e-05
   5196.40  6676.5625  9.77291e-01  9.67731e-01  9.77573e-01  8.58125e-05
   5224.95  6677.1875  1.03477e+00  1.16718e+00  1.03521e+00  1.44022e-04
   5253.50  6677.8125  9.85578e-01  8.72898e-01  9.85624e-01  7.87945e-05
   5282.06  6678.4375  9.45418e-01  1.05276e+00  9.45232e-01  2.42557e-05
   5310.61  6679.0625  8.88084e-01  7.79667e-01  8.88004e-01  5.33698e-05
   5339.16  6679.6875  8.53459e-01  9.60739e-01  8.53082e-01  1.44816e-04
   5367.71  6680.3125  8.26386e-01  6.85980e-01  8.26069e-01  1.71972e-04
   5396.26  6680.9375  9.74884e-01  8.81481e-01  9.75052e-01  7.73480e-05
   5424.81  6681.5625  1.19521e+00  1.41740e+00  1.19576e+00  2.91528e-05
   5453.36  6682.1875  1.18511e+00  1.17417e+00  1.18553e+00  3.94181e-05
   5481.91  6682.8125  1.02744e+00  1.08098e+00  1.02783e+00  3.74776e-05
   5510.46  6683.4375  8.57121e-01  7.68168e-01  8.57369e-01  1.10742e-04
   5539.01  6684.0625  8.61688e-01  7.04920e-01  8.61681e-01  2.45815e-04
   5567.57  6684.6875  9.96083e-01  1.21807e+00  9.95954e-01  2.09753e-04
   5596.12  6685.3125  9.91131e-01  8.94960e-01  9.91023e-01  8.35012e-05
   5624.67  6685.9375  9.91125e-01  9.78120e-01  9.91029e-01  9.95718e-05
   5653.22  6686.5625  1.02587e+00  1.07687e+00  1.02587e+00  2.43862e-04
   5681.77  6687.1875  9.69383e-01  1.03576e+00  9.69343e-01  2.67265e-04
   5710.32  6687.8125  8.92537e-01  7.24636e-01  8.92490e-01  1.70042e-04
   5738.87  6688.4375  9.43826e-01  1.03262e+00  9.43697e-01  1.81413e-04
   5767.42  6689.0625  9.73702e-01  9.78773e-01  9.73491e-01  1.71924e-04
   5795.97  6689.6875  9.59796e-01  9.44663e-01  9.60057e-01  6.80427e-05
   5824.52  6690.3125  9.88506e-01  9.32990e-01  9.89093e-01  8.96339e-06
   5853.08  6690.9375  1.01769e+00  1.16162e+00  1.01796e+00  4.53338e-06
   5881.63  6691.5625  9.70265e-01  8.34374e-01  9.70493e-01  3.00901e-05
   5910.18  6692.1875  9.94924e-01  1.03206e+00  9.95286e-01  6.02179e-05
   5938.73  6692.8125  1.03227e+00  1.06287e+00  1.03268e+00  3.64862e-05
   5967.28  6693.4375  1.06319e+00  9.72306e-01  1.06332e+00  1.79648e-05
   5995.83  6694.0625  1.14257e+00  1.23102e+00  1.14253e+00  7.42371e-05
   6024.38  6694.6875  1.17277e+00  1.14720e+00  1.17292e+00  1.41303e-04
   6052.93  6695.3125  1.16644e+00  1.19692e+00  1.16673e+00  7.35997e-05
   6081.48  6695.9375  1.10972e+00  1.15063e+00  1.11001e+00  1.04046e-05
   6110.04  6696.5625  1.02550e+00  9.47893e-01  1.02595e+00  3.99159e-07
   6138.59  6697.1875  9.81744e-01  1.05039e+00  9.82416e-01  4.15560e-09
   6167.14  6697.8125  9.65631e-01  8.37930e-01  9.66274e-01  0.00000e+00
   6195.69  6698.4375  1.01211e+00  1.13093e+00  1.01232e+00  0.00000e+00
   6224.24  6699.0625  1.03165e+00  9.34629e-01  1.03158e+00  0.00000e+00
   6252.79  6699.6875  1.06939e+00  1.14070e+00  1.06933e+00  0.00000e+00
   6281.34  6700.3125  1.06087e+00  1.06915e+00  1.06098e+00  2.22261e-09
   6309.89  6700.9375  9.95859e-01  1.01169e+00  9.96086e-01  2.13489e-07
   6338.44  6701.5625  9.67800e-01  8.52253e-01  9.68267e-01  5.56489e-06
   6366.99  6702.1875  1.00857e+00  1.13944e+00  1.00909e+00  3.93645e-05
   6395.55  6702.8125  1.00865e+00  8.98932e-01  1.00890e+00  7.55712e-05
   6424.10  6703.4375  1.03938e+00  1.10605e+00  1.03944e+00  3.99611e-05
   6452.65  6704.0625  1.04657e+00  1.03960e+00  1.04633e+00  2.11172e-05
   6481.20  6704.6875  1.01080e+00  1.03700e+00  1.01029e+00  1.10226e-04
   6509.75  6705.3125  9.48041e-01  9.39274e-01  9.47592e-01  2.11185e-04
   6538.30  6705.9375  9.02067e-01  8.71521e-01  9.01982e-01  1.10012e-04
   6566.85  6706.5625  9.29442e-01  8.75546e-01  9.29698e-01  1.55523e-05
   6595.40  6707.1875  9.73829e-01  1.10433e+00  9.74060e-01  5.96641e-07
   6623.95  6707.8125  9.72030e-01  8.11662e-01  9.72371e-01  6.21156e-09
   6652.50  6708.4375  1.05165e+00  1.14287e+00  1.05215e+00  0.00000e+00
   6681.06  6709.0625  1.10524e+00  1.09989e+00  1.10546e+00  0.00000e+00
   6709.61  6709.6875  1.10974e+00  1.12216e+00  1.10950e+00  0.00000e+00
   6738.16  6710.3125  1.11527e+00  1.08276e+00  1.11495e+00  0.00000e+00
   6766.71  6710.9375  1.12542e+00  1.18260e+00  1.12558e+00  0.00000e+00
   6795.26  6711.5625  1.13230e+00  1.04100e+00  1.13277e+00  0.00000e+00
   6823.81  6712.1875  1.19532e+00  1.24719e+00  1.19602e+00  0.00000e+00
   6852.36  6712.8125  1.22358e+00  1.25020e+00  1.22449e+00  0.00000e+00
   6880.91  6713.4375  1.14460e+00  1.22305e+00  1.14559e+00  0.00000e+00
   6909.46  6714.0625  1.02227e+00  8.90166e-01  1.02289e+00  0.00000e+00
   6938.02  6714.6875  1.01114e+00  1.03712e+00  1.01166e+00  0.00000e+00
   6966.57  6715.3125  1.03242e+00  1.05667e+00  1.03273e+00  0.00000e+00
   6995.12  6715.9375  1.07501e+00  9.58890e-01  1.07496e+00  0.00000e+00
   7023.67  6716.5625  1.15750e+00  1.32335e+00  1.15779e+00  0.00000e+00
   7052.22  6717.1875  1.11214e+00  1.07130e+00  1.11251e+00  0.00000e+00
   7080.77  6717.8125  1.00928e+00  1.03691e+00  1.00965e+00  1.37388e-09
   7109.32  6718.4375  9.26595e-01  8.69663e-01  9.26924e-01  1.31966e-07
   7137.87  6719.0625  9.52864e-01  8.63267e-01  9.53182e-01  3.43987e-06
   7166.42  6719.6875  1.02167e+00  1.21041e+00  1.02208e+00  2.43327e-05
   7194.97  6720.3125  9.68803e-01  8.46926e-01  9.68917e-01  4.67097e-05
   7223.53  6720.9375  9.66082e-01  9.66139e-01  9.65946e-01  2.43327e-05
   7252.08  6721.5625  1.01863e+00  1.04013e+00  1.01869e+00  3.43987e-06
   7280.63  6722.1875  1.05388e+00  1.03771e+00  1.05401e+00  1.31966e-07
   7309.18  6722.8125  1.05135e+00  1.13091e+00  1.05124e+00  1.37388e-09
   7337.73  6723.4375  9.91234e-01  9.23821e-01  9.90789e-01  0.00000e+00
   7366.28  6724.0625  9.51069e-01  9.91186e-01  9.50505e-01  0.00000e+00
   7394.83  6724.6875  9.34154e-01  8.71111e-01  9.33761e-01  0.00000e+00
   7423.38  6725.3125  9.80174e-01  9.76144e-01  9.79870e-01  0.00000e+00
   7451.93  6725.9375  1.03466e+00  1.08869e+00  1.03411e+00  0.00000e+00
   7480.48  6726.5625  1.01569e+00  1.03368e+00  1.01501e+00  0.00000e+00
   7509.04  6727.1875  1.01645e+00  8.77738e-01  1.01575e+00  0.00000e+00
   7537.59  6727.8125  1.06015e+00  1.28348e+00  1.05950e+00  0.00000e+00
   7566.14  6728.4375  1.00157e+00  8.17164e-01  1.00139e+00  0.00000e+00
   7594.69  6729.0625  1.05140e+00  1.05471e+00  1.05195e+00  0.00000e+00
   7623.24  6729.6875  1.11986e+00  1.25936e+00  1.12050e+00  0.00000e+00
   7651.79  6730.3125  1.06762e+00  9.65822e-01  1.06741e+00  0.00000e+00
   7680.34  6730.9375  1.05429e+00  1.07465e+00  1.05347e+00  0.00000e+00
   7708.89  6731.5625  1.08043e+00  1.06391e+00  1.07981e+00  0.00000e+00
   7737.44  6732.1875  1.10531e+00  1.12814e+00  1.10518e+00  0.00000e+00
   7765.99  6732.8125  1.09950e+00  1.11777e+00  1.10021e+00  0.00000e+00
   7794.55  6733.4375  1.08959e+00  1.03455e+00  1.09047e+00  0.00000e+00
   7823.10  6734.0625  1.13469e+00  1.13875e+00  1.13514e+00  0.00000e+00
   7851.65  6734.6875  1.14390e+00  1.25859e+00  1.14407e+00  0.00000e+00
   7880.20  6735.3125  1.10124e+00  9.22016e-01  1.10141e+00  0.00000e+00
   7908.75  6735.9375  1.10986e+00  1.31256e+00  1.10983e+00  0.00000e+00
   7937.30  6736.5625  1.03807e+00  8.93096e-01  1.03806e+00  0.00000e+00
   7965.85  6737.1875  9.97165e-01  1.07839e+00  9.97304e-01  0.00000e+00
   7994.40  6737.8125  9.88837e-01  8.84317e-01  9.88989e-01  0.00000e+00
   8022.95  6738.4375  1.01569e+00  1.11817e+00  1.01578e+00  3.48608e-09
   8051.51  6739.0625  1.00900e+00  9.42502e-01  1.00901e+00  3.34849e-07
   8080.06  6739.6875  1.06426e+00  1.00156e+00  1.06419e+00  8.72830e-06
   8108.61  6740.3125  1.12873e+00  1.31695e+00  1.12868e+00  6.17416e-05
   8137.16  6740.9375  1.04341e+00  9.47049e-01  1.04299e+00  1.18521e-04
   8165.71  6741.5625  1.01098e+00  9.42329e-01  1.01044e+00  6.17416e-05
   8194.26  6742.1875  1.03182e+00  1.18419e+00  1.03153e+00  8.72830e-06
   8222.81  6742.8125  9.30988e-01  8.72673e-01  9.30768e-01  3.34849e-07
   8251.36  6743.4375  8.44587e-01  8.03679e-01  8.44454e-01  5.97810e-09
   8279.91  6744.0625  8.77539e-01  8.15063e-01  8.77432e-01  2.39367e-07
   8308.46  6744.6875  9.59169e-01  1.06397e+00  9.58916e-01  6.23943e-06
   8337.02  6745.3125  9.71817e-01  9.17663e-01  9.71729e-01  4.41374e-05
   8365.57  6745.9375  9.80201e-01  1.00772e+00  9.80294e-01  8.48570e-05
   8394.12  6746.5625  1.00810e+00  9.58759e-01  1.00812e+00  4.75904e-05
   8422.67  6747.1875  1.03331e+00  1.12449e+00  1.03323e+00  3.06746e-05
   8451.22  6747.8125  9.92519e-01  9.47428e-01  9.92545e-01  4.71458e-05
   8479.77  6748.4375  9.42495e-01  9.64635e-01  9.42822e-01  2.44377e-05
   8508.32  6749.0625  8.55650e-01  9.16384e-01  8.55807e-01  3.45678e-06
   8536.87  6749.6875  7.65707e-01  6.10888e-01  7.65269e-01  3.64363e-07
   8565.42  6750.3125  7.72788e-01  8.96412e-01  7.72282e-01  6.04464e-06
   8593.97  6750.9375  7.62683e-01  6.69548e-01  7.62609e-01  4.27484e-05
   8622.53  6751.5625  7.94913e-01  8.15800e-01  7.94816e-01  8.20608e-05
   8651.08  6752.1875  8.59678e-01  8.44223e-01  8.59573e-01  4.27484e-05
   8679.63  6752.8125  9.15269e-01  9.49590e-01  9.15190e-01  6.04326e-06
   8708.18  6753.4375  9.36717e-01  9.28468e-01  9.36129e-01  2.31841e-07
   8736.73  6754.0625  9.24011e-01  9.71566e-01  9.23280e-01  2.41367e-09
   8765.28  6754.6875  9.25859e-01  8.03386e-01  9.25452e-01  0.00000e+00
   8793.83  6755.3125  1.04366e+00  1.06336e+00  1.04359e+00  0.00000e+00
   8822.38  6755.9375  1.08450e+00  1.29497e+00  1.08452e+00  0.00000e+00
   8850.93  6756.5625  9.17934e-01  7.84041e-01  9.17849e-01  0.00000e+00
   8879.49  6757.1875  8.13705e-01  7.99723e-01  8.13537e-01  0.00000e+00
   8908.04  6757.8125  8.65671e-01  7.56502e-01  8.65300e-01  0.00000e+00
   8936.59  6758.4375  1.01297e+00  1.11605e+00  1.01228e+00  0.00000e+00
   8965.14  6759.0625  1.06516e+00  1.10252e+00  1.06435e+00  0.00000e+00
   8993.69  6759.6875  9.90121e-01  1.02331e+00  9.89418e-01  0.00000e+00
   9022.24  6760.3125  8.94035e-01  8.23183e-01  8.93717e-01  0.00000e+00
   9050.79  6760.9375  9.66879e-01  7.90274e-01  9.66907e-01  0.00000e+00
   9079.34  6761.5625  1.11340e+00  1.46159e+00  1.11329e+00  0.00000e+00
   9107.89  6762.1875  1.03237e+00  8.16114e-01  1.03229e+00  0.00000e+00
   9136.44  6762.8125  9.79056e-01  1.07733e+00  9.79106e-01  0.00000e+00
   9165.00  6763.4375  9.95133e-01  8.59969e-01  9.94846e-01  0.00000e+00
   9193.55  6764.0625  1.10702e+00  1.15181e+00  1.10645e+00  0.00000e+00
   9222.10  6764.6875  1.14477e+00  1.30650e+00  1.14450e+00  0.00000e+00
   9250.65  6765.3125  1.03780e+00  8.76543e-01  1.03773e+00  0.00000e+00
   9279.20  6765.9375  9.81962e-01  1.09715e+00  9.81573e-01  0.00000e+00
   9307.75  6766.5625  9.62471e-01  7.95381e-01  9.61888e-01  0.00000e+00
   9336.30  6767.1875  1.03133e+00  1.15132e+00  1.03106e+00  0.00000e+00
   9364.85  6767.8125  1.07751e+00  1.00708e+00  1.07749e+00  0.00000e+00
   9393.40  6768.4375  1.09793e+00  1.18110e+00  1.09805e+00  0.00000e+00
   9421.95  6769.0625  1.01711e+00  1.07317e+00  1.01727e+00  0.00000e+00
   9450.51  6769.6875  9.09064e-01  7.48203e-01  9.08907e-01  0.00000e+00
   9479.06  6770.3125  9.39663e-01  1.00462e+00  9.39569e-01  0.00000e+00
   9507.61  6770.9375  9.81216e-01  9.76965e-01  9.81287e-01  0.00000e+00
   9536.16  6771.5625  9.77357e-01  1.00545e+00  9.77121e-01  0.00000e+00
   9564.71  6772.1875  9.38888e-01  9.35223e-01  9.38795e-01  0.00000e+00
   9593.26  6772.8125  8.98719e-01  8.81934e-01  8.98681e-01  0.00000e+00
   9621.81  6773.4375  8.78460e-01  8.82546e-01  8.78365e-01  0.00000e+00
   9650.36  6774.0625  8.43726e-01  8.79495e-01  8.43528e-01  0.00000e+00
   9678.91  6774.6875  8.08823e-01  7.31379e-01  8.08595e-01  0.00000e+00
   9707.47  6775.3125  8.97251e-01  8.24049e-01  8.97309e-01  0.00000e+00
   9736.02  6775.9375  1.06951e+00  1.16022e+00  1.07024e+00  0.00000e+00
   9764.57  6776.5625  1.09330e+00  1.22591e+00  1.09393e+00  0.00000e+00
   9793.12  6777.1875  9.95398e-01  8.12383e-01  9.95413e-01  0.00000e+00
   9821.67  6777.8125  1.00060e+00  1.09275e+00  1.00020e+00  0.00000e+00
   9850.22  6778.4375  9.64731e-01  1.01177e+00  9.64508e-01  0.00000e+00
   9878.77  6779.0625  8.82119e-01  7.73660e-01  8.82115e-01  0.00000e+00
   9907.32  6779.6875  9.09097e-01  9.12530e-01  9.09383e-01  0.00000e+00
   9935.87  6780.3125  9.75054e-01  1.01040e+00  9.75315e-01  0.00000e+00
   9964.42  6780.9375  9.96585e-01  9.89025e-01  9.96697e-01  0.00000e+00
   9992.98  6781.5625  9.56105e-01  1.04789e+00  9.56092e-01  0.00000e+00
  10021.53  6782.1875  8.94256e-01  7.30387e-01  8.94182e-01  0.00000e+00
  10050.08  6782.8125  9.61486e-01  1.01702e+00  9.61512e-01  0.00000e+00
  10078.63  6783.4375  1.03279e+00  1.05798e+00  1.03294e+00  0.00000e+00
  10107.18  6784.0625  9.93405e-01  1.07893e+00  9.93850e-01  0.00000e+00
  10135.73  6784.6875  8.83169e-01  7.85368e-01  8.83538e-01  0.00000e+00
  10164.28  6785.3125  8.73778e-01  8.33224e-01  8.73735e-01  0.00000e+00
  10192.83  6785.9375  9.41619e-01  9.96623e-01  9.41768e-01  0.00000e+00
  10221.38  6786.5625  9.62822e-01  9.66132e-01  9.63271e-01  0.00000e+00
  10249.93  6787.1875  9.61643e-01  9.36834e-01  9.61666e-01  0.00000e+00
  10278.49  6787.8125  9.77568e-01  9.98505e-01  9.77067e-01  0.00000e+00
  10307.04  6788.4375  9.91652e-01  9.74014e-01  9.90933e-01  0.00000e+00
  10335.59  6789.0625  1.02121e+00  1.01320e+00  1.02064e+00  0.00000e+00
  10364.14  6789.6875  1.04743e+00  1.08362e+00  1.04751e+00  0.00000e+00
  10392.69  6790.3125  1.00184e+00  1.05615e+00  1.00216e+00  0.00000e+00
  10421.24  6790.9375  9.34633e-01  8.13370e-01  9.34662e-01  0.00000e+00
  10449.79  6791.5625  9.72317e-01  1.00626e+00  9.72237e-01  0.00000e+00
  10478.34  6792.1875  1.00032e+00  1.06451e+00  1.00048e+00  0.00000e+00
  10506.89  6792.8125  9.72846e-01  8.93275e-01  9.72884e-01  0.00000e+00
  10535.45  6793.4375  9.83594e-01  1.02968e+00  9.83543e-01  0.00000e+00
  10564.00  6794.0625  9.86996e-01  9.75720e-01  9.87158e-01  0.00000e+00
  10592.55  6794.6875  9.97398e-01  9.67576e-01  9.97534e-01  0.00000e+00
  10621.10  6795.3125  1.02813e+00  1.06305e+00  1.02799e+00  0.00000e+00
  10649.65  6795.9375  9.82210e-01  1.07409e+00  9.81702e-01  0.00000e+00
  10678.20  6796.5625  9.15765e-01  7.05324e-01  9.15463e-01  0.00000e+00
  10706.75  6797.1875  9.69207e-01  1.13769e+00  9.68911e-01  0.00000e+00
  10735.30  6797.8125  9.00762e-01  9.46068e-01  9.00422e-01  0.00000e+00
  10763.85  6798.4375  7.84029e-01  6.06959e-01  7.83755e-01  0.00000e+00
  10792.40  6799.0625  8.64016e-01  8.69805e-01  8.63738e-01  0.00000e+00
  10820.96  6799.6875  9.90442e-01  1.07605e+00  9.90383e-01  0.00000e+00
  10849.51  6800.3125  9.98568e-01  1.00829e+00  9.98900e-01  0.00000e+00
  10878.06  6800.9375  9.35291e-01  9.46073e-01  9.35664e-01  0.00000e+00
  10906.61  6801.5625  8.67632e-01  8.41516e-01  8.67907e-01  0.00000e+00
  10935.16  6802.1875  8.73879e-01  7.93843e-01  8.74023e-01  0.00000e+00
  10963.71  6802.8125  9.48573e-01  1.03733e+00  9.48249e-01  0.00000e+00
  10992.26  6803.4375  9.61664e-01  9.55336e-01  9.61360e-01  0.00000e+00
  11020.81  6804.0625  9.89566e-01  8.87123e-01  9.89527e-01  0.00000e+00
  11049.36  6804.6875  1.07716e+00  1.20985e+00  1.07718e+00  0.00000e+00
  11077.91  6805.3125  1.09356e+00  1.01750e+00  1.09361e+00  0.00000e+00
  11106.47  6805.9375  1.07972e+00  1.16800e+00  1.08005e+00  0.00000e+00
  11135.02  6806.5625  9.80649e-01  1.00192e+00  9.80961e-01  0.00000e+00
  11163.57  6807.1875  8.73668e-01  7.55140e-01  8.73643e-01  0.00000e+00
  11192.12  6807.8125  8.95941e-01  9.16640e-01  8.95921e-01  0.00000e+00
  11220.67  6808.4375  9.54880e-01  9.67873e-01  9.55122e-01  0.00000e+00
  11249.22  6809.0625  9.98622e-01  9.78618e-01  9.99012e-01  0.00000e+00
  11277.77  6809.6875  1.03317e+00  1.07570e+00  1.03399e+00  0.00000e+00
  11306.32  6810.3125  1.00610e+00  1.03873e+00  1.00715e+00  0.00000e+00
  11334.87  6810.9375  9.59242e-01  8.70709e-01  9.59858e-01  0.00000e+00
  11363.43  6811.5625  9.32879e-01  1.06912e+00  9.33118e-01  0.00000e+00
  11391.98  6812.1875  8.89707e-01  7.01510e-01  8.89736e-01  0.00000e+00
  11420.53  6812.8125  9.78976e-01  1.04111e+00  9.78933e-01  0.00000e+00
  11449.08  6813.4375  1.06547e+00  1.11096e+00  1.06575e+00  0.00000e+00
  11477.63  6814.0625  1.03284e+00  1.08283e+00  1.03315e+00  0.00000e+00
  11506.18  6814.6875  9.59377e-01  8.63186e-01  9.59424e-01  0.00000e+00
  11534.73  6815.3125  9.42217e-01  1.01230e+00  9.41929e-01  0.00000e+00
  11563.28  6815.9375  9.25852e-01  8.63293e-01  9.25827e-01  0.00000e+00
  11591.83  6816.5625  9.41306e-01  9.58999e-01  9.41493e-01  0.00000e+00
  11620.38  6817.1875  9.47122e-01  9.89200e-01  9.47117e-01  0.00000e+00
  11648.94  6817.8125  9.49095e-01  8.37978e-01  9.49187e-01  0.00000e+00
  11677.49  6818.4375  9.71595e-01  1.15451e+00  9.72000e-01  0.00000e+00
  11706.04  6819.0625  9.73373e-01  6.99545e-01  9.73806e-01  0.00000e+00
  11734.59  6819.6875  1.07098e+00  1.34129e+00  1.07115e+00  0.00000e+00
  11763.14  6820.3125  1.00675e+00  9.48398e-01  1.00686e+00  0.00000e+00
  11791.69  6820.9375  9.23988e-01  8.21006e-01  9.24344e-01  0.00000e+00
  11820.24  6821.5625  9.35875e-01  1.05575e+00  9.36287e-01  0.00000e+00
  11848.79  6822.1875  9.17628e-01  8.05107e-01  9.17592e-01  0.00000e+00
  11877.34  6822.8125  9.27011e-01  1.02220e+00  9.26631e-01  0.00000e+00
  11905.89  6823.4375  9.56307e-01  8.14718e-01  9.56178e-01  0.00000e+00
  11934.45  6824.0625  1.05973e+00  1.15885e+00  1.05973e+00  0.00000e+00
  11963.00  6824.6875  1.09173e+00  1.12400e+00  1.09189e+00  0.00000e+00
  11991.55  6825.3125  9.92343e-01  1.05152e+00  9.92793e-01  0.00000e+00
  12020.10  6825.9375  8.47505e-01  7.54687e-01  8.47958e-01  0.00000e+00
  12048.65  6826.5625  8.04352e-01  7.86367e-01  8.04689e-01  0.00000e+00
  12077.20  6827.1875  8.91845e-01  7.95140e-01  8.92110e-01  0.00000e+00
  12105.75  6827.8125  1.01257e+00  1.20280e+00  1.01293e+00  0.00000e+00
  12134.30  6828.4375  1.03378e+00  8.70202e-01  1.03392e+00  0.00000e+00
  12162.85  6829.0625  1.09318e+00  1.20868e+00  1.09299e+00  0.00000e+00
  12191.40  6829.6875  1.13310e+00  1.06364e+00  1.13283e+00  0.00000e+00
  12219.96  6830.3125  1.18316e+00  1.20490e+00  1.18299e+00  0.00000e+00
  12248.51  6830.9375  1.16005e+00  1.30444e+00  1.16004e+00  0.00000e+00
  12277.06  6831.5625  1.03210e+00  8.67028e-01  1.03219e+00  0.00000e+00
  12305.61  6832.1875  1.01105e+00  1.05568e+00  1.01138e+00  0.00000e+00
  12334.16  6832.8125  1.05569e+00  9.99424e-01  1.05603e+00  0.00000e+00
  12362.71  6833.4375  1.08445e+00  1.20930e+00  1.08472e+00  0.00000e+00
  12391.26  6834.0625  1.08095e+00  9.01875e-01  1.08080e+00  0.00000e+00
  12419.81  6834.6875  1.12820e+00  1.32343e+00  1.12792e+00  0.00000e+00
  12448.36  6835.3125  1.09068e+00  9.70298e-01  1.09105e+00  0.00000e+00
  12476.92  6835.9375  1.07611e+00  1.12255e+00  1.07665e+00  0.00000e+00
  12505.47  6836.5625  1.10716e+00  1.03060e+00  1.10734e+00  0.00000e+00
  12534.02  6837.1875  1.12758e+00  1.28025e+00  1.12757e+00  0.00000e+00
  12562.57  6837.8125  1.05382e+00  9.44190e-01  1.05355e+00  0.00000e+00
  12591.12  6838.4375  1.01607e+00  1.05610e+00  1.01544e+00  0.00000e+00
  12619.67  6839.0625  1.04596e+00  9.36444e-01  1.04534e+00  0.00000e+00
  12648.22  6839.6875  1.08356e+00  1.28535e+00  1.08303e+00  0.00000e+00
  12676.77  6840.3125  9.98679e-01  8.63281e-01  9.98318e-01  0.00000e+00
  12705.32  6840.9375  9.68608e-01  9.77310e-01  9.68460e-01  0.00000e+00
  12733.87  6841.5625  9.76232e-01  1.02538e+00  9.76197e-01  0.00000e+00
  12762.43  6842.1875  9.84557e-01  8.72088e-01  9.84830e-01  0.00000e+00
  12790.98  6842.8125  1.07683e+00  1.13021e+00  1.07709e+00  0.00000e+00
  12819.53  6843.4375  1.11234e+00  1.20624e+00  1.11245e+00  0.00000e+00
  12848.08  6844.0625  1.07351e+00  9.35083e-01  1.07382e+00  0.00000e+00
  12876.63  6844.6875  1.08128e+00  1.21332e+00  1.08162e+00  0.00000e+00
  12905.18  6845.3125  1.01390e+00  9.83467e-01  1.01380e+00  0.00000e+00
  12933.73  6845.9375  9.37991e-01  8.92726e-01  9.37565e-01  0.00000e+00
  12962.28  6846.5625  9.24344e-01  9.51192e-01  9.24046e-01  0.00000e+00
  12990.83  6847.1875  9.69480e-01  8.50978e-01  9.69490e-01  0.00000e+00
  13019.38  6847.8125  1.04478e+00  1.23175e+00  1.04505e+00  0.00000e+00
  13047.94  6848.4375  9.58015e-01  9.37827e-01  9.58324e-01  0.00000e+00
  13076.49  6849.0625  8.67089e-01  7.35275e-01  8.67459e-01  0.00000e+00
  13105.04  6849.6875  9.31686e-01  9.76871e-01  9.32183e-01  0.00000e+00
  13133.59  6850.3125  1.03292e+00  1.00432e+00  1.03344e+00  0.00000e+00
  13162.14  6850.9375  1.11808e+00  1.16685e+00  1.11841e+00  0.00000e+00
  13190.69  6851.5625  1.13168e+00  1.17106e+00  1.13179e+00  0.00000e+00
  13219.24  6852.1875  1.09072e+00  1.04147e+00  1.09068e+00  0.00000e+00
  13247.79  6852.8125  1.03195e+00  1.13072e+00  1.03140e+00  0.00000e+00
  13276.34  6853.4375  9.06448e-01  8.46714e-01  9.06007e-01  0.00000e+00
  13304.90  6854.0625  8.09719e-01  8.01132e-01  8.10076e-01  0.00000e+00
  13333.45  6854.6875  7.94014e-01  7.31756e-01  7.94530e-01  0.00000e+00
  13362.00  6855.3125  8.44276e-01  8.82802e-01  8.44429e-01  0.00000e+00
  13390.55  6855.9375  8.67716e-01  8.95312e-01  8.67389e-01  0.00000e+00
  13419.10  6856.5625  8.88422e-01  7.90256e-01  8.88049e-01  0.00000e+00
  13447.65  6857.1875  9.50051e-01  1.07218e+00  9.50241e-01  0.00000e+00
  13476.20  6857.8125  9.41851e-01  8.81299e-01  9.42170e-01  0.00000e+00
  13504.75  6858.4375  9.08333e-01  9.72365e-01  9.08402e-01  0.00000e+00
  13533.30  6859.0625  8.79459e-01  7.77409e-01  8.79323e-01  0.00000e+00
  13561.85  6859.6875  8.84617e-01  1.00482e+00  8.84537e-01  0.00000e+00
  13590.41  6860.3125  9.07038e-01  6.97899e-01  9.07227e-01  0.00000e+00
  13618.96  6860.9375  9.88166e-01  1.24863e+00  9.88563e-01  0.00000e+00
  13647.51  6861.5625  9.69455e-01  7.57680e-01  9.69764e-01  0.00000e+00
  13676.06  6862.1875  1.02350e+00  1.12478e+00  1.02381e+00  0.00000e+00
  13704.61  6862.8125  1.10032e+00  1.03054e+00  1.10053e+00  0.00000e+00
  13733.16  6863.4375  1.14782e+00  1.26548e+00  1.14778e+00  0.00000e+00
  13761.71  6864.0625  1.12124e+00  1.04018e+00  1.12121e+00  0.00000e+00
  13790.26  6864.6875  1.06041e+00  1.19316e+00  1.06047e+00  0.00000e+00
  13818.81  6865.3125  9.87212e-01  7.81858e-01  9.87249e-01  0.00000e+00
  13847.36  6865.9375  1.01838e+00  1.17165e+00  1.01887e+00  0.00000e+00
  13875.92  6866.5625  9.81313e-01  9.54065e-01  9.81994e-01  0.00000e+00
  13904.47  6867.1875  8.95142e-01  8.98481e-01  8.95650e-01  0.00000e+00
  13933.02  6867.8125  8.61721e-01  7.83414e-01  8.62249e-01  0.00000e+00
  13961.57  6868.4375  9.06763e-01  9.49482e-01  9.07400e-01  0.00000e+00
  13990.12  6869.0625  9.53024e-01  9.34451e-01  9.53281e-01  0.00000e+00
  14018.67  6869.6875  9.87411e-01  1.00447e+00  9.87302e-01  0.00000e+00
  14047.22  6870.3125  9.63129e-01  1.04511e+00  9.63153e-01  0.00000e+00
  14075.77  6870.9375  8.94510e-01  7.69174e-01  8.94784e-01  0.00000e+00
  14104.32  6871.5625  9.12882e-01  9.58455e-01  9.12981e-01  0.00000e+00
  14132.88  6872.1875  9.10305e-01  9.72920e-01  9.10314e-01  0.00000e+00
  14161.43  6872.8125  8.82195e-01  7.46537e-01  8.82111e-01  0.00000e+00
  14189.98  6873.4375  9.71259e-01  1.00496e+00  9.70931e-01  0.00000e+00
  14218.53  6874.0625  1.03409e+00  1.14164e+00  1.03358e+00  0.00000e+00
  14247.08  6874.6875  1.00513e+00  8.93620e-01  1.00480e+00  0.00000e+00
  14275.63  6875.3125  1.04843e+00  1.05689e+00  1.04826e+00  0.00000e+00
  14304.18  6875.9375  1.06460e+00  1.20406e+00  1.06469e+00  0.00000e+00
  14332.73  6876.5625  9.79886e-01  8.38685e-01  9.80290e-01  0.00000e+00
  14361.28  6877.1875  1.00634e+00  9.87055e-01  1.00643e+00  0.00000e+00
  14389.83  6877.8125  1.06638e+00  1.18691e+00  1.06611e+00  0.00000e+00
  14418.39  6878.4375  9.87569e-01  9.85584e-01  9.87264e-01  0.00000e+00
  14446.94  6879.0625  9.16903e-01  7.86345e-01  9.16604e-01  0.00000e+00
  14475.49  6879.6875  1.00032e+00  1.02840e+00  1.00004e+00  0.00000e+00
  14504.04  6880.3125  1.10919e+00  1.13098e+00  1.10870e+00  0.00000e+00
  14532.59  6880.9375  1.12157e+00  1.21815e+00  1.12105e+00  0.00000e+00
  14561.14  6881.5625  1.06240e+00  9.40944e-01  1.06207e+00  0.00000e+00
  14589.69  6882.1875  1.07310e+00  1.12942e+00  1.07316e+00  0.00000e+00
  14618.24  6882.8125  1.08939e+00  1.06453e+00  1.08994e+00  0.00000e+00
  14646.79  6883.4375  1.03221e+00  1.17002e+00  1.03306e+00  0.00000e+00
  14675.34  6884.0625  9.31205e-01  7.17976e-01  9.31835e-01  0.00000e+00
  14703.90  6884.6875  9.89165e-01  1.05954e+00  9.89522e-01  0.00000e+00
  14732.45  6885.3125  1.06961e+00  1.08155e+00  1.06949e+00  0.00000e+00
  14761.00  6885.9375  1.07534e+00  1.11319e+00  1.07471e+00  0.00000e+00
  14789.55  6886.5625  1.01922e+00  1.02435e+00  1.01872e+00  0.00000e+00
  14818.10  6887.1875  9.64730e-01  9.10744e-01  9.64536e-01  0.00000e+00
  14846.65  6887.8125  9.53424e-01  9.91549e-01  9.53488e-01  0.00000e+00
  14875.20  6888.4375  9.11697e-01  9.42337e-01  9.12036e-01  0.00000e+00
  14903.75  6889.0625  9.15045e-01  7.28888e-01  9.15493e-01  0.00000e+00
  14932.30  6889.6875  1.03643e+00  1.21487e+00  1.03656e+00  0.00000e+00
  14960.86  6890.3125  1.00089e+00  1.05989e+00  1.00070e+00  0.00000e+00
  14989.41  6890.9375  8.77961e-01  7.23011e-01  8.77697e-01  0.00000e+00
  15017.96  6891.5625  9.14878e-01  9.25425e-01  9.14778e-01  0.00000e+00
  15046.51  6892.1875  1.04618e+00  1.01287e+00  1.04629e+00  0.00000e+00
  15075.06  6892.8125  1.13795e+00  1.27302e+00  1.13819e+00  0.00000e+00
  15103.61  6893.4375  1.06482e+00  1.07830e+00  1.06487e+00  0.00000e+00
  15132.16  6894.0625  9.65356e-01  8.42992e-01  9.65565e-01  0.00000e+00
  15160.71  6894.6875  9.82610e-01  1.03785e+00  9.82840e-01  0.00000e+00
  15189.26  6895.3125  9.87725e-01  1.00619e+00  9.87714e-01  0.00000e+00
  15217.81  6895.9375  9.19089e-01  9.55072e-01  9.19069e-01  0.00000e+00
  15246.37  6896.5625  8.34910e-01  7.61157e-01  8.35153e-01  0.00000e+00
  15274.92  6897.1875  8.45420e-01  8.14624e-01  8.45663e-01  0.00000e+00
  15303.47  6897.8125  9.31142e-01  9.42252e-01  9.31248e-01  0.00000e+00
  15332.02  6898.4375  9.77971e-01  1.05759e+00  9.78093e-01  0.00000e+00
  15360.57  6899.0625  9.62817e-01  8.74114e-01  9.63076e-01  0.00000e+00
  15389.12  6899.6875  9.54414e-01  1.06165e+00  9.54875e-01  0.00000e+00
  15417.67  6900.3125  8.97067e-01  8.28192e-01  8.97257e-01  0.00000e+00
  15446.22  6900.9375  8.90387e-01  8.55758e-01  8.90127e-01  0.00000e+00
  15474.77  6901.5625  9.62362e-01  9.71069e-01  9.62205e-01  0.00000e+00
  15503.32  6902.1875  1.03580e+00  1.05111e+00  1.03585e+00  0.00000e+00
  15531.88  6902.8125  1.06296e+00  1.09799e+00  1.06288e+00  0.00000e+00
  15560.43  6903.4375  1.02950e+00  1.03669e+00  1.02936e+00  0.00000e+00
  15588.98  6904.0625  9.75204e-01  9.63455e-01  9.75117e-01  0.00000e+00
  15617.53  6904.6875  9.90087e-01  8.89775e-01  9.90305e-01  0.00000e+00
  15646.08  6905.3125  1.10198e+00  1.16873e+00  1.10222e+00  0.00000e+00
  15674.63  6905.9375  1.13190e+00  1.22779e+00  1.13200e+00  0.00000e+00
  15703.18  6906.5625  1.06647e+00  9.46435e-01  1.06645e+00  0.00000e+00
  15731.73  6907.1875  1.05576e+00  1.13680e+00  1.05602e+00  0.00000e+00
  15760.28  6907.8125  1.07104e+00  9.54316e-01  1.07169e+00  0.00000e+00
  15788.84  6908.4375  1.08782e+00  1.27811e+00  1.08830e+00  0.00000e+00
  15817.39  6909.0625  1.02987e+00  8.41782e-01  1.02996e+00  0.00000e+00
  15845.94  6909.6875  1.06070e+00  1.14520e+00  1.06054e+00  0.00000e+00
  15874.49  6910.3125  1.09011e+00  1.08035e+00  1.08996e+00  0.00000e+00
  15903.04  6910.9375  1.05139e+00  1.11579e+00  1.05149e+00  0.00000e+00
  15931.59  6911.5625  9.84944e-01  8.97012e-01  9.84915e-01  0.00000e+00
  15960.14  6912.1875  1.02674e+00  9.70207e-01  1.02667e+00  0.00000e+00
  15988.69  6912.8125  1.11004e+00  1.25553e+00  1.10999e+00  0.00000e+00
  16017.24  6913.4375  1.08878e+00  9.98550e-01  1.08872e+00  0.00000e+00
  16045.79  6914.0625  1.05916e+00  1.13050e+00  1.05920e+00  0.00000e+00
  16074.35  6914.6875  1.00291e+00  9.70089e-01  1.00277e+00  0.00000e+00
  16102.90  6915.3125  9.36965e-01  9.66676e-01  9.36785e-01  0.00000e+00
  16131.45  6915.9375  9.29218e-01  7.92702e-01  9.29422e-01  0.00000e+00
  16160.00  6916.5625  1.04098e+00  1.11571e+00  1.04126e+00  0.00000e+00
  16188.55  6917.1875  1.11825e+00  1.14166e+00  1.11841e+00  0.00000e+00
  16217.10  6917.8125  1.08631e+00  1.15235e+00  1.08685e+00  0.00000e+00
  16245.65  6918.4375  1.00408e+00  9.12609e-01  1.00468e+00  0.00000e+00
  16274.20  6919.0625  9.91919e-01  1.01212e+00  9.92026e-01  0.00000e+00
  16302.75  6919.6875  1.02153e+00  9.95647e-01  1.02134e+00  0.00000e+00
  16331.30  6920.3125  1.06170e+00  1.08083e+00  1.06154e+00  0.00000e+00
  16359.86  6920.9375  1.03986e+00  1.13087e+00  1.04008e+00  0.00000e+00
  16388.41  6921.5625  9.62355e-01  8.38186e-01  9.62496e-01  0.00000e+00
  16416.96  6922.1875  1.00256e+00  9.79237e-01  1.00285e+00  0.00000e+00
  16445.51  6922.8125  1.03635e+00  1.22375e+00  1.03674e+00  0.00000e+00
  16474.06  6923.4375  9.14015e-01  7.93354e-01  9.14243e-01  0.00000e+00
  16502.61  6924.0625  8.81684e-01  8.08792e-01  8.81723e-01  0.00000e+00
  16531.16  6924.6875  9.71181e-01  1.03849e+00  9.70983e-01  0.00000e+00
  16559.71  6925.3125  9.91009e-01  1.04141e+00  9.90983e-01  0.00000e+00
  16588.26  6925.9375  9.46552e-01  8.77518e-01  9.46556e-01  0.00000e+00
  16616.81  6926.5625  9.56825e-01  9.62335e-01  9.56765e-01  0.00000e+00
  16645.37  6927.1875  9.78196e-01  1.01467e+00  9.78228e-01  0.00000e+00
  16673.92  6927.8125  9.60032e-01  9.48364e-01  9.60015e-01  0.00000e+00
  16702.47  6928.4375  9.80229e-01  8.96291e-01  9.80102e-01  0.00000e+00
  16731.02  6929.0625  1.02141e+00  1.18827e+00  1.02128e+00  0.00000e+00
  16759.57  6929.6875  9.71684e-01  8.39285e-01  9.71329e-01  0.00000e+00
  16788.12  6930.3125  9.95976e-01  9.98413e-01  9.95567e-01  0.00000e+00
  16816.67  6930.9375  1.04835e+00  1.12478e+00  1.04804e+00  0.00000e+00
  16845.22  6931.5625  1.05061e+00  9.65577e-01  1.05037e+00  0.00000e+00
  16873.77  6932.1875  1.07025e+00  1.15475e+00  1.07010e+00  0.00000e+00
  16902.33  6932.8125  1.06331e+00  1.00304e+00  1.06340e+00  0.00000e+00
  16930.88  6933.4375  1.08813e+00  1.08196e+00  1.08840e+00  0.00000e+00
  16959.43  6934.0625  1.08526e+00  1.20512e+00  1.08567e+00  0.00000e+00
  16987.98  6934.6875  9.93339e-01  8.90311e-01  9.93866e-01  0.00000e+00
  17016.53  6935.3125  1.00256e+00  9.34558e-01  1.00279e+00  0.00000e+00
  17045.08  6935.9375  1.08096e+00  1.22286e+00  1.08075e+00  0.00000e+00
  17073.63  6936.5625  1.11115e+00  9.42209e-01  1.11082e+00  0.00000e+00
  17102.18  6937.1875  1.18024e+00  1.35841e+00  1.18003e+00  0.00000e+00
  17130.73  6937.8125  1.20128e+00  1.03961e+00  1.20089e+00  0.00000e+00
  17159.28  6938.4375  1.22012e+00  1.41018e+00  1.21932e+00  0.00000e+00
  17187.84  6939.0625  1.08409e+00  1.08242e+00  1.08352e+00  0.00000e+00
  17216.39  6939.6875  9.48226e-01  7.68578e-01  9.48028e-01  0.00000e+00
  17244.94  6940.3125  1.01401e+00  1.06313e+00  1.01374e+00  0.00000e+00
  17273.49  6940.9375  1.07691e+00  1.15908e+00  1.07627e+00  0.00000e+00
  17302.04  6941.5625  1.06966e+00  9.69384e-01  1.06888e+00  0.00000e+00
  17330.59  6942.1875  1.17804e+00  1.10956e+00  1.17781e+00  0.00000e+00
  17359.14  6942.8125  1.29505e+00  1.53378e+00  1.29551e+00  0.00000e+00
  17387.69  6943.4375  1.20741e+00  1.09253e+00  1.20772e+00  0.00000e+00
  17416.24  6944.0625  1.11604e+00  1.13768e+00  1.11619e+00  0.00000e+00
  17444.79  6944.6875  1.04419e+00  1.07093e+00  1.04412e+00  0.00000e+00
  17473.35  6945.3125  9.76152e-01  8.94074e-01  9.75837e-01  0.00000e+00
  17501.90  6945.9375  9.75617e-01  1.01794e+00  9.75160e-01  0.00000e+00
  17530.45  6946.5625  9.81052e-01  9.57307e-01  9.80474e-01  0.00000e+00
  17559.00  6947.1875  9.78283e-01  1.00689e+00  9.77683e-01  0.00000e+00
  17587.55  6947.8125  9.66257e-01  9.45287e-01  9.65707e-01  0.00000e+00
  17616.10  6948.4375  1.01678e+00  9.23996e-01  1.01644e+00  0.00000e+00
  17644.65  6949.0625  1.10824e+00  1.26732e+00  1.10803e+00  0.00000e+00
  17673.20  6949.6875  1.08497e+00  1.02205e+00  1.08469e+00  0.00000e+00
