# day090  epoch=90.0d  L_Halpha=3.694e+40 erg/s  smooth_kms=25.0
# Columns:
#   1: Δv [km/s]      velocity offset from Hα (6562.81 Å), positive = redshift
#   2: lambda [Å]     observed wavelength
#   3: F_norm         total flux, smoothed, normalized to F_cont_baseline
#   4: F_norm_raw     total flux, RAW MC (no velocity smoothing)
#   5: F_cont_smooth  continuum-channel flux (continuum photons only)
#   6: F_vol_smooth   volumetric-channel flux (line emission contribution)
# Format: F_norm ≈ F_cont_smooth + F_vol_smooth (within MC noise)
# ----------------------------------------------------------------------------------------
 -16559.48  6200.3125  4.26753e-01  4.19514e-01  4.26753e-01  0.00000e+00
 -16530.93  6200.9375  4.42380e-01  4.38381e-01  4.42380e-01  0.00000e+00
 -16502.38  6201.5625  4.49591e-01  4.80990e-01  4.49591e-01  0.00000e+00
 -16473.83  6202.1875  4.30444e-01  4.09148e-01  4.30444e-01  0.00000e+00
 -16445.28  6202.8125  4.20559e-01  4.20879e-01  4.20559e-01  0.00000e+00
 -16416.73  6203.4375  4.22483e-01  4.22635e-01  4.22483e-01  0.00000e+00
 -16388.18  6204.0625  4.31930e-01  4.19521e-01  4.31930e-01  0.00000e+00
 -16359.63  6204.6875  4.49068e-01  4.62143e-01  4.49068e-01  0.00000e+00
 -16331.08  6205.3125  4.43862e-01  4.66014e-01  4.43862e-01  0.00000e+00
 -16302.53  6205.9375  4.22935e-01  3.89217e-01  4.22935e-01  0.00000e+00
 -16273.97  6206.5625  4.44861e-01  4.21475e-01  4.44861e-01  0.00000e+00
 -16245.42  6207.1875  4.75095e-01  5.48014e-01  4.75095e-01  0.00000e+00
 -16216.87  6207.8125  4.50610e-01  4.04169e-01  4.50610e-01  0.00000e+00
 -16188.32  6208.4375  4.29181e-01  4.55379e-01  4.29181e-01  0.00000e+00
 -16159.77  6209.0625  4.09202e-01  3.92134e-01  4.09202e-01  0.00000e+00
 -16131.22  6209.6875  4.03972e-01  3.94393e-01  4.03972e-01  0.00000e+00
 -16102.67  6210.3125  4.25071e-01  4.16018e-01  4.25071e-01  0.00000e+00
 -16074.12  6210.9375  4.41266e-01  4.81288e-01  4.41266e-01  0.00000e+00
 -16045.57  6211.5625  4.26135e-01  3.99219e-01  4.26135e-01  0.00000e+00
 -16017.01  6212.1875  4.22350e-01  4.22756e-01  4.22350e-01  0.00000e+00
 -15988.46  6212.8125  4.25614e-01  4.36929e-01  4.25614e-01  0.00000e+00
 -15959.91  6213.4375  4.08970e-01  4.21728e-01  4.08970e-01  0.00000e+00
 -15931.36  6214.0625  4.05747e-01  3.40889e-01  4.05747e-01  0.00000e+00
 -15902.81  6214.6875  4.44202e-01  5.04920e-01  4.44202e-01  0.00000e+00
 -15874.26  6215.3125  4.43272e-01  4.40221e-01  4.43272e-01  0.00000e+00
 -15845.71  6215.9375  4.26326e-01  4.01238e-01  4.26326e-01  0.00000e+00
 -15817.16  6216.5625  4.34096e-01  4.49916e-01  4.34096e-01  0.00000e+00
 -15788.61  6217.1875  4.52846e-01  4.22829e-01  4.52846e-01  0.00000e+00
 -15760.06  6217.8125  4.72161e-01  5.22123e-01  4.72161e-01  0.00000e+00
 -15731.50  6218.4375  4.38517e-01  4.47273e-01  4.38517e-01  0.00000e+00
 -15702.95  6219.0625  3.89671e-01  3.46726e-01  3.89671e-01  0.00000e+00
 -15674.40  6219.6875  3.87913e-01  3.94478e-01  3.87913e-01  0.00000e+00
 -15645.85  6220.3125  4.15142e-01  3.94164e-01  4.15142e-01  0.00000e+00
 -15617.30  6220.9375  4.50185e-01  4.78330e-01  4.50185e-01  0.00000e+00
 -15588.75  6221.5625  4.51960e-01  4.66582e-01  4.51960e-01  0.00000e+00
 -15560.20  6222.1875  4.33220e-01  4.08712e-01  4.33220e-01  0.00000e+00
 -15531.65  6222.8125  4.42141e-01  4.30775e-01  4.42141e-01  0.00000e+00
 -15503.10  6223.4375  4.44231e-01  5.06895e-01  4.44231e-01  0.00000e+00
 -15474.55  6224.0625  3.98590e-01  3.51338e-01  3.98590e-01  0.00000e+00
 -15445.99  6224.6875  3.72430e-01  3.84178e-01  3.72430e-01  0.00000e+00
 -15417.44  6225.3125  3.75660e-01  3.41669e-01  3.75660e-01  0.00000e+00
 -15388.89  6225.9375  3.81449e-01  4.45682e-01  3.81449e-01  0.00000e+00
 -15360.34  6226.5625  3.52968e-01  3.01841e-01  3.52968e-01  0.00000e+00
 -15331.79  6227.1875  3.60931e-01  3.50961e-01  3.60931e-01  0.00000e+00
 -15303.24  6227.8125  4.08714e-01  4.11030e-01  4.08714e-01  0.00000e+00
 -15274.69  6228.4375  4.44310e-01  4.73027e-01  4.44310e-01  0.00000e+00
 -15246.14  6229.0625  4.49252e-01  4.34439e-01  4.49252e-01  0.00000e+00
 -15217.59  6229.6875  4.52267e-01  4.57522e-01  4.52267e-01  0.00000e+00
 -15189.03  6230.3125  4.39681e-01  4.68652e-01  4.39681e-01  0.00000e+00
 -15160.48  6230.9375  4.05547e-01  3.74655e-01  4.05547e-01  0.00000e+00
 -15131.93  6231.5625  4.10511e-01  3.82071e-01  4.10511e-01  0.00000e+00
 -15103.38  6232.1875  4.41677e-01  4.90998e-01  4.41677e-01  0.00000e+00
 -15074.83  6232.8125  4.31924e-01  4.21223e-01  4.31924e-01  0.00000e+00
 -15046.28  6233.4375  4.12937e-01  4.06242e-01  4.12937e-01  0.00000e+00
 -15017.73  6234.0625  4.30301e-01  3.89016e-01  4.30301e-01  0.00000e+00
 -14989.18  6234.6875  4.63306e-01  5.37762e-01  4.63306e-01  0.00000e+00
 -14960.63  6235.3125  4.45372e-01  4.07738e-01  4.45372e-01  0.00000e+00
 -14932.08  6235.9375  4.38240e-01  4.28966e-01  4.38240e-01  0.00000e+00
 -14903.52  6236.5625  4.43088e-01  4.78634e-01  4.43088e-01  0.00000e+00
 -14874.97  6237.1875  4.24317e-01  3.97514e-01  4.24317e-01  0.00000e+00
 -14846.42  6237.8125  4.26689e-01  4.12966e-01  4.26689e-01  0.00000e+00
 -14817.87  6238.4375  4.34883e-01  4.82145e-01  4.34883e-01  0.00000e+00
 -14789.32  6239.0625  4.09223e-01  3.76064e-01  4.09223e-01  0.00000e+00
 -14760.77  6239.6875  3.99415e-01  4.01615e-01  3.99415e-01  0.00000e+00
 -14732.22  6240.3125  4.21494e-01  3.89849e-01  4.21494e-01  0.00000e+00
 -14703.67  6240.9375  4.35788e-01  5.22020e-01  4.35788e-01  0.00000e+00
 -14675.12  6241.5625  3.98997e-01  3.23986e-01  3.98997e-01  0.00000e+00
 -14646.57  6242.1875  4.01528e-01  4.17605e-01  4.01528e-01  0.00000e+00
 -14618.01  6242.8125  4.27332e-01  4.22179e-01  4.27332e-01  0.00000e+00
 -14589.46  6243.4375  4.33862e-01  4.65840e-01  4.33862e-01  0.00000e+00
 -14560.91  6244.0625  4.08921e-01  3.95452e-01  4.08921e-01  0.00000e+00
 -14532.36  6244.6875  3.95923e-01  3.75294e-01  3.95923e-01  0.00000e+00
 -14503.81  6245.3125  4.26938e-01  4.09659e-01  4.26938e-01  0.00000e+00
 -14475.26  6245.9375  4.72807e-01  5.07970e-01  4.72807e-01  0.00000e+00
 -14446.71  6246.5625  4.81112e-01  4.81390e-01  4.81112e-01  0.00000e+00
 -14418.16  6247.1875  4.43123e-01  4.87649e-01  4.43123e-01  0.00000e+00
 -14389.61  6247.8125  3.81546e-01  3.21021e-01  3.81546e-01  0.00000e+00
 -14361.06  6248.4375  3.80111e-01  3.68043e-01  3.80111e-01  0.00000e+00
 -14332.50  6249.0625  4.13047e-01  4.42839e-01  4.13047e-01  0.00000e+00
 -14303.95  6249.6875  4.32564e-01  4.02550e-01  4.32564e-01  0.00000e+00
 -14275.40  6250.3125  4.51825e-01  4.89407e-01  4.51825e-01  0.00000e+00
 -14246.85  6250.9375  4.42907e-01  4.34235e-01  4.42907e-01  0.00000e+00
 -14218.30  6251.5625  4.17597e-01  4.30203e-01  4.17597e-01  0.00000e+00
 -14189.75  6252.1875  4.05408e-01  3.61620e-01  4.05408e-01  0.00000e+00
 -14161.20  6252.8125  4.33348e-01  4.51757e-01  4.33348e-01  0.00000e+00
 -14132.65  6253.4375  4.61307e-01  4.61032e-01  4.61307e-01  0.00000e+00
 -14104.10  6254.0625  4.52550e-01  5.01132e-01  4.52550e-01  0.00000e+00
 -14075.54  6254.6875  4.14189e-01  3.52193e-01  4.14189e-01  0.00000e+00
 -14046.99  6255.3125  3.97417e-01  4.51861e-01  3.97417e-01  0.00000e+00
 -14018.44  6255.9375  3.69133e-01  3.28376e-01  3.69133e-01  0.00000e+00
 -13989.89  6256.5625  3.68816e-01  3.59440e-01  3.68816e-01  0.00000e+00
 -13961.34  6257.1875  3.84992e-01  4.18731e-01  3.84992e-01  0.00000e+00
 -13932.79  6257.8125  3.90856e-01  3.43323e-01  3.90856e-01  0.00000e+00
 -13904.24  6258.4375  4.16391e-01  4.55151e-01  4.16391e-01  0.00000e+00
 -13875.69  6259.0625  4.20636e-01  4.17963e-01  4.20636e-01  0.00000e+00
 -13847.14  6259.6875  4.25295e-01  3.93118e-01  4.25295e-01  0.00000e+00
 -13818.59  6260.3125  4.55530e-01  4.82328e-01  4.55530e-01  0.00000e+00
 -13790.03  6260.9375  4.49104e-01  4.86878e-01  4.49104e-01  0.00000e+00
 -13761.48  6261.5625  4.17988e-01  3.48444e-01  4.17988e-01  0.00000e+00
 -13732.93  6262.1875  4.31316e-01  4.70733e-01  4.31316e-01  0.00000e+00
 -13704.38  6262.8125  4.24969e-01  4.40831e-01  4.24969e-01  0.00000e+00
 -13675.83  6263.4375  4.02796e-01  3.57181e-01  4.02796e-01  0.00000e+00
 -13647.28  6264.0625  4.15721e-01  4.39367e-01  4.15721e-01  0.00000e+00
 -13618.73  6264.6875  4.17502e-01  4.29141e-01  4.17502e-01  0.00000e+00
 -13590.18  6265.3125  3.97735e-01  3.88436e-01  3.97735e-01  0.00000e+00
 -13561.63  6265.9375  4.00940e-01  3.67607e-01  4.00940e-01  0.00000e+00
 -13533.08  6266.5625  4.25179e-01  4.75450e-01  4.25179e-01  0.00000e+00
 -13504.52  6267.1875  4.30837e-01  3.81698e-01  4.30837e-01  0.00000e+00
 -13475.97  6267.8125  4.40251e-01  4.95223e-01  4.40251e-01  0.00000e+00
 -13447.42  6268.4375  4.21950e-01  3.92525e-01  4.21950e-01  0.00000e+00
 -13418.87  6269.0625  4.06595e-01  4.15118e-01  4.06595e-01  0.00000e+00
 -13390.32  6269.6875  4.05228e-01  3.89811e-01  4.05228e-01  0.00000e+00
 -13361.77  6270.3125  4.21585e-01  4.19805e-01  4.21585e-01  0.00000e+00
 -13333.22  6270.9375  4.50713e-01  4.47320e-01  4.50713e-01  0.00000e+00
 -13304.67  6271.5625  4.72444e-01  4.94058e-01  4.72444e-01  0.00000e+00
 -13276.12  6272.1875  4.61677e-01  4.72551e-01  4.61677e-01  0.00000e+00
 -13247.56  6272.8125  4.37738e-01  4.12595e-01  4.37738e-01  0.00000e+00
 -13219.01  6273.4375  4.23792e-01  4.51153e-01  4.23792e-01  0.00000e+00
 -13190.46  6274.0625  3.96132e-01  3.84324e-01  3.96132e-01  0.00000e+00
 -13161.91  6274.6875  3.79458e-01  3.59891e-01  3.79458e-01  0.00000e+00
 -13133.36  6275.3125  3.82040e-01  4.06083e-01  3.82040e-01  0.00000e+00
 -13104.81  6275.9375  3.92688e-01  3.46533e-01  3.92688e-01  0.00000e+00
 -13076.26  6276.5625  4.44417e-01  4.52713e-01  4.44417e-01  0.00000e+00
 -13047.71  6277.1875  4.85575e-01  5.30763e-01  4.85575e-01  0.00000e+00
 -13019.16  6277.8125  4.76468e-01  4.53966e-01  4.76468e-01  0.00000e+00
 -12990.61  6278.4375  4.66237e-01  4.70794e-01  4.66237e-01  0.00000e+00
 -12962.05  6279.0625  4.53104e-01  4.69635e-01  4.53104e-01  0.00000e+00
 -12933.50  6279.6875  4.31900e-01  4.03744e-01  4.31900e-01  0.00000e+00
 -12904.95  6280.3125  4.20060e-01  4.52271e-01  4.20060e-01  0.00000e+00
 -12876.40  6280.9375  4.09757e-01  3.62671e-01  4.09757e-01  0.00000e+00
 -12847.85  6281.5625  4.31896e-01  4.50985e-01  4.31896e-01  0.00000e+00
 -12819.30  6282.1875  4.51807e-01  4.58809e-01  4.51807e-01  0.00000e+00
 -12790.75  6282.8125  4.51750e-01  4.51860e-01  4.51750e-01  0.00000e+00
 -12762.20  6283.4375  4.37381e-01  4.53556e-01  4.37381e-01  0.00000e+00
 -12733.65  6284.0625  4.14533e-01  3.93675e-01  4.14533e-01  0.00000e+00
 -12705.10  6284.6875  4.17880e-01  4.00844e-01  4.17880e-01  0.00000e+00
 -12676.54  6285.3125  4.21741e-01  4.83143e-01  4.21741e-01  0.00000e+00
 -12647.99  6285.9375  4.05987e-01  3.19106e-01  4.05987e-01  0.00000e+00
 -12619.44  6286.5625  4.43939e-01  4.86767e-01  4.43939e-01  0.00000e+00
 -12590.89  6287.1875  4.81678e-01  4.69470e-01  4.81678e-01  0.00000e+00
 -12562.34  6287.8125  4.91915e-01  5.26814e-01  4.91915e-01  0.00000e+00
 -12533.79  6288.4375  4.71063e-01  4.56321e-01  4.71063e-01  0.00000e+00
 -12505.24  6289.0625  4.60183e-01  4.40122e-01  4.60183e-01  0.00000e+00
 -12476.69  6289.6875  4.63178e-01  4.98757e-01  4.63178e-01  0.00000e+00
 -12448.14  6290.3125  4.48255e-01  4.20454e-01  4.48255e-01  0.00000e+00
 -12419.58  6290.9375  4.47801e-01  4.49654e-01  4.47801e-01  0.00000e+00
 -12391.03  6291.5625  4.50863e-01  4.67148e-01  4.50863e-01  0.00000e+00
 -12362.48  6292.1875  4.37227e-01  4.29824e-01  4.37227e-01  0.00000e+00
 -12333.93  6292.8125  4.36275e-01  4.14961e-01  4.36275e-01  0.00000e+00
 -12305.38  6293.4375  4.61074e-01  4.68935e-01  4.61074e-01  0.00000e+00
 -12276.83  6294.0625  4.59109e-01  5.12301e-01  4.59109e-01  0.00000e+00
 -12248.28  6294.6875  4.30885e-01  3.47606e-01  4.30885e-01  0.00000e+00
 -12219.73  6295.3125  4.54068e-01  5.02056e-01  4.54068e-01  0.00000e+00
 -12191.18  6295.9375  4.94432e-01  4.38226e-01  4.94432e-01  0.00000e+00
 -12162.63  6296.5625  5.49190e-01  6.04187e-01  5.49190e-01  0.00000e+00
 -12134.07  6297.1875  5.46564e-01  5.74557e-01  5.46564e-01  0.00000e+00
 -12105.52  6297.8125  4.89428e-01  4.67278e-01  4.89428e-01  0.00000e+00
 -12076.97  6298.4375  4.56245e-01  4.32308e-01  4.56245e-01  0.00000e+00
 -12048.42  6299.0625  4.49092e-01  4.83260e-01  4.49092e-01  0.00000e+00
 -12019.87  6299.6875  4.46294e-01  3.85164e-01  4.46294e-01  0.00000e+00
 -11991.32  6300.3125  4.62432e-01  5.34797e-01  4.62432e-01  0.00000e+00
 -11962.77  6300.9375  4.40569e-01  4.02485e-01  4.40569e-01  0.00000e+00
 -11934.22  6301.5625  4.19916e-01  4.33216e-01  4.19916e-01  0.00000e+00
 -11905.67  6302.1875  4.09376e-01  3.98531e-01  4.09376e-01  0.00000e+00
 -11877.12  6302.8125  4.18613e-01  3.98650e-01  4.18613e-01  0.00000e+00
 -11848.56  6303.4375  4.54269e-01  4.62060e-01  4.54269e-01  0.00000e+00
 -11820.01  6304.0625  4.64107e-01  5.11139e-01  4.64107e-01  0.00000e+00
 -11791.46  6304.6875  4.21156e-01  3.99597e-01  4.21156e-01  0.00000e+00
 -11762.91  6305.3125  3.97774e-01  3.65648e-01  3.97774e-01  0.00000e+00
 -11734.36  6305.9375  4.30242e-01  4.27229e-01  4.30242e-01  0.00000e+00
 -11705.81  6306.5625  4.74262e-01  4.92254e-01  4.74262e-01  0.00000e+00
 -11677.26  6307.1875  4.68854e-01  5.20035e-01  4.68854e-01  0.00000e+00
 -11648.71  6307.8125  4.35992e-01  3.49456e-01  4.35992e-01  0.00000e+00
 -11620.16  6308.4375  4.70696e-01  4.96033e-01  4.70696e-01  0.00000e+00
 -11591.60  6309.0625  5.02286e-01  5.33817e-01  5.02286e-01  0.00000e+00
 -11563.05  6309.6875  4.65629e-01  4.92639e-01  4.65629e-01  0.00000e+00
 -11534.50  6310.3125  4.19237e-01  3.39408e-01  4.19237e-01  0.00000e+00
 -11505.95  6310.9375  4.25182e-01  4.86104e-01  4.25182e-01  0.00000e+00
 -11477.40  6311.5625  4.01557e-01  3.96742e-01  4.01557e-01  0.00000e+00
 -11448.85  6312.1875  3.72633e-01  3.35386e-01  3.72633e-01  0.00000e+00
 -11420.30  6312.8125  3.90561e-01  3.93806e-01  3.90561e-01  0.00000e+00
 -11391.75  6313.4375  3.98875e-01  4.47751e-01  3.98875e-01  0.00000e+00
 -11363.20  6314.0625  3.69491e-01  3.23220e-01  3.69491e-01  0.00000e+00
 -11334.65  6314.6875  3.75672e-01  3.68758e-01  3.75672e-01  0.00000e+00
 -11306.09  6315.3125  4.06268e-01  4.24275e-01  4.06268e-01  0.00000e+00
 -11277.54  6315.9375  4.12596e-01  4.23638e-01  4.12596e-01  0.00000e+00
 -11248.99  6316.5625  4.04243e-01  3.84996e-01  4.04243e-01  0.00000e+00
 -11220.44  6317.1875  4.02064e-01  4.24267e-01  4.02064e-01  0.00000e+00
 -11191.89  6317.8125  4.03954e-01  3.66400e-01  4.03954e-01  0.00000e+00
 -11163.34  6318.4375  4.33123e-01  4.48437e-01  4.33123e-01  0.00000e+00
 -11134.79  6319.0625  4.50717e-01  4.72808e-01  4.50717e-01  0.00000e+00
 -11106.24  6319.6875  4.37908e-01  4.27958e-01  4.37908e-01  0.00000e+00
 -11077.69  6320.3125  4.42162e-01  4.11074e-01  4.42162e-01  0.00000e+00
 -11049.14  6320.9375  4.74514e-01  5.06814e-01  4.74514e-01  0.00000e+00
 -11020.58  6321.5625  4.97311e-01  4.72763e-01  4.97311e-01  0.00000e+00
 -10992.03  6322.1875  5.21090e-01  5.40970e-01  5.21090e-01  0.00000e+00
 -10963.48  6322.8125  5.12906e-01  5.45685e-01  5.12906e-01  0.00000e+00
 -10934.93  6323.4375  4.64125e-01  4.41575e-01  4.64125e-01  0.00000e+00
 -10906.38  6324.0625  4.33918e-01  4.16433e-01  4.33918e-01  0.00000e+00
 -10877.83  6324.6875  4.14861e-01  4.58904e-01  4.14861e-01  0.00000e+00
 -10849.28  6325.3125  3.81665e-01  3.25641e-01  3.81665e-01  0.00000e+00
 -10820.73  6325.9375  3.82195e-01  4.06089e-01  3.82195e-01  0.00000e+00
 -10792.18  6326.5625  3.80485e-01  3.87818e-01  3.80485e-01  0.00000e+00
 -10763.62  6327.1875  3.82642e-01  3.37069e-01  3.82642e-01  0.00000e+00
 -10735.07  6327.8125  4.12651e-01  4.57354e-01  4.12651e-01  0.00000e+00
 -10706.52  6328.4375  4.05413e-01  4.16915e-01  4.05413e-01  0.00000e+00
 -10677.97  6329.0625  3.92233e-01  3.33572e-01  3.92233e-01  0.00000e+00
 -10649.42  6329.6875  4.35392e-01  4.55165e-01  4.35392e-01  0.00000e+00
 -10620.87  6330.3125  4.62139e-01  5.05301e-01  4.62139e-01  0.00000e+00
 -10592.32  6330.9375  4.38381e-01  4.10961e-01  4.38381e-01  0.00000e+00
 -10563.77  6331.5625  4.32669e-01  4.17231e-01  4.32669e-01  0.00000e+00
 -10535.22  6332.1875  4.44314e-01  4.74612e-01  4.44314e-01  0.00000e+00
 -10506.67  6332.8125  4.27922e-01  4.28277e-01  4.27922e-01  0.00000e+00
 -10478.11  6333.4375  4.27615e-01  3.64739e-01  4.27615e-01  0.00000e+00
 -10449.56  6334.0625  4.47429e-01  5.54840e-01  4.47429e-01  0.00000e+00
 -10421.01  6334.6875  4.07588e-01  3.30297e-01  4.07588e-01  0.00000e+00
 -10392.46  6335.3125  3.88852e-01  4.25066e-01  3.88852e-01  0.00000e+00
 -10363.91  6335.9375  4.13724e-01  3.27179e-01  4.13724e-01  0.00000e+00
 -10335.36  6336.5625  4.63905e-01  5.82126e-01  4.63905e-01  0.00000e+00
 -10306.81  6337.1875  4.25703e-01  3.98579e-01  4.25703e-01  0.00000e+00
 -10278.26  6337.8125  3.86398e-01  3.32497e-01  3.86398e-01  0.00000e+00
 -10249.71  6338.4375  4.11497e-01  4.45832e-01  4.11497e-01  0.00000e+00
 -10221.16  6339.0625  4.37644e-01  4.14287e-01  4.37644e-01  0.00000e+00
 -10192.60  6339.6875  4.55008e-01  4.89892e-01  4.55008e-01  0.00000e+00
 -10164.05  6340.3125  4.47000e-01  4.34175e-01  4.47000e-01  0.00000e+00
 -10135.50  6340.9375  4.42273e-01  4.29963e-01  4.42273e-01  0.00000e+00
 -10106.95  6341.5625  4.45134e-01  4.72733e-01  4.45134e-01  0.00000e+00
 -10078.40  6342.1875  4.42451e-01  4.03174e-01  4.42451e-01  0.00000e+00
 -10049.85  6342.8125  4.63562e-01  4.81738e-01  4.63562e-01  0.00000e+00
 -10021.30  6343.4375  4.65940e-01  4.98628e-01  4.65940e-01  0.00000e+00
  -9992.75  6344.0625  4.53781e-01  3.84670e-01  4.53781e-01  0.00000e+00
  -9964.20  6344.6875  4.57825e-01  5.51867e-01  4.57825e-01  0.00000e+00
  -9935.65  6345.3125  4.07273e-01  3.58790e-01  4.07273e-01  0.00000e+00
  -9907.09  6345.9375  3.76589e-01  3.59336e-01  3.76589e-01  0.00000e+00
  -9878.54  6346.5625  3.86467e-01  4.02086e-01  3.86467e-01  0.00000e+00
  -9849.99  6347.1875  3.99197e-01  3.78019e-01  3.99197e-01  0.00000e+00
  -9821.44  6347.8125  4.09667e-01  4.48568e-01  4.09667e-01  0.00000e+00
  -9792.89  6348.4375  4.16647e-01  3.54408e-01  4.16647e-01  0.00000e+00
  -9764.34  6349.0625  4.53992e-01  5.03976e-01  4.53992e-01  0.00000e+00
  -9735.79  6349.6875  4.68181e-01  4.54867e-01  4.68181e-01  0.00000e+00
  -9707.24  6350.3125  4.53977e-01  4.83806e-01  4.53977e-01  0.00000e+00
  -9678.69  6350.9375  4.12527e-01  4.04407e-01  4.12527e-01  0.00000e+00
  -9650.13  6351.5625  3.89958e-01  3.48275e-01  3.89958e-01  0.00000e+00
  -9621.58  6352.1875  4.29245e-01  4.23139e-01  4.29245e-01  0.00000e+00
  -9593.03  6352.8125  4.75620e-01  5.19641e-01  4.75620e-01  0.00000e+00
  -9564.48  6353.4375  4.69012e-01  4.67994e-01  4.69012e-01  0.00000e+00
  -9535.93  6354.0625  4.41645e-01  4.35593e-01  4.41645e-01  0.00000e+00
  -9507.38  6354.6875  4.35996e-01  4.11542e-01  4.35996e-01  0.00000e+00
  -9478.83  6355.3125  4.58876e-01  4.71520e-01  4.58876e-01  0.00000e+00
  -9450.28  6355.9375  4.77162e-01  4.83062e-01  4.77162e-01  0.00000e+00
  -9421.73  6356.5625  4.92599e-01  4.70146e-01  4.92599e-01  0.00000e+00
  -9393.18  6357.1875  5.03970e-01  5.54844e-01  5.03970e-01  0.00000e+00
  -9364.62  6357.8125  4.78443e-01  4.50323e-01  4.78443e-01  0.00000e+00
  -9336.07  6358.4375  4.67631e-01  4.54267e-01  4.67631e-01  0.00000e+00
  -9307.52  6359.0625  4.75760e-01  4.99827e-01  4.75760e-01  0.00000e+00
  -9278.97  6359.6875  4.67459e-01  4.56890e-01  4.67459e-01  0.00000e+00
  -9250.42  6360.3125  4.60598e-01  4.57095e-01  4.60598e-01  0.00000e+00
  -9221.87  6360.9375  4.55753e-01  4.70883e-01  4.55753e-01  0.00000e+00
  -9193.32  6361.5625  4.50085e-01  4.22149e-01  4.50085e-01  0.00000e+00
  -9164.77  6362.1875  4.67385e-01  4.73611e-01  4.67385e-01  0.00000e+00
  -9136.22  6362.8125  4.70090e-01  5.10825e-01  4.70090e-01  0.00000e+00
  -9107.67  6363.4375  4.50428e-01  3.91303e-01  4.50428e-01  0.00000e+00
  -9079.11  6364.0625  4.65820e-01  4.97190e-01  4.65820e-01  0.00000e+00
  -9050.56  6364.6875  4.75479e-01  4.72101e-01  4.75479e-01  0.00000e+00
  -9022.01  6365.3125  4.64661e-01  4.78669e-01  4.64661e-01  0.00000e+00
  -8993.46  6365.9375  4.45564e-01  4.29222e-01  4.45564e-01  0.00000e+00
  -8964.91  6366.5625  4.33767e-01  4.44870e-01  4.33767e-01  0.00000e+00
  -8936.36  6367.1875  4.27631e-01  4.10141e-01  4.27631e-01  0.00000e+00
  -8907.81  6367.8125  4.46911e-01  4.33570e-01  4.46911e-01  0.00000e+00
  -8879.26  6368.4375  4.93770e-01  4.92162e-01  4.93770e-01  0.00000e+00
  -8850.71  6369.0625  5.25856e-01  5.68912e-01  5.25856e-01  0.00000e+00
  -8822.15  6369.6875  5.10098e-01  4.95406e-01  5.10098e-01  0.00000e+00
  -8793.60  6370.3125  4.78769e-01  4.95957e-01  4.78769e-01  0.00000e+00
  -8765.05  6370.9375  4.54826e-01  4.15442e-01  4.54826e-01  0.00000e+00
  -8736.50  6371.5625  4.53094e-01  4.86961e-01  4.53094e-01  0.00000e+00
  -8707.95  6372.1875  4.33567e-01  4.29120e-01  4.33567e-01  0.00000e+00
  -8679.40  6372.8125  4.24656e-01  3.83299e-01  4.24656e-01  0.00000e+00
  -8650.85  6373.4375  4.51481e-01  4.86893e-01  4.51481e-01  0.00000e+00
  -8622.30  6374.0625  4.63388e-01  4.50123e-01  4.63388e-01  0.00000e+00
  -8593.75  6374.6875  4.54929e-01  4.85328e-01  4.54929e-01  0.00000e+00
  -8565.20  6375.3125  4.24053e-01  4.06149e-01  4.24053e-01  0.00000e+00
  -8536.64  6375.9375  4.08421e-01  3.93269e-01  4.08421e-01  0.00000e+00
  -8508.09  6376.5625  4.23761e-01  4.21850e-01  4.23761e-01  0.00000e+00
  -8479.54  6377.1875  4.45682e-01  4.54655e-01  4.45682e-01  0.00000e+00
  -8450.99  6377.8125  4.52079e-01  4.61807e-01  4.52079e-01  0.00000e+00
  -8422.44  6378.4375  4.50712e-01  4.30636e-01  4.50712e-01  0.00000e+00
  -8393.89  6379.0625  4.45208e-01  4.89108e-01  4.45208e-01  0.00000e+00
  -8365.34  6379.6875  4.26100e-01  3.69690e-01  4.26100e-01  2.05027e-08
  -8336.79  6380.3125  4.36822e-01  4.70066e-01  4.36820e-01  1.96935e-06
  -8308.24  6380.9375  4.47272e-01  4.27695e-01  4.47221e-01  5.13557e-05
  -8279.69  6381.5625  4.59231e-01  4.72480e-01  4.58865e-01  3.65217e-04
  -8251.13  6382.1875  4.88755e-01  4.43392e-01  4.88003e-01  7.51680e-04
  -8222.58  6382.8125  5.19995e-01  6.07755e-01  5.19245e-01  7.49512e-04
  -8194.03  6383.4375  4.93342e-01  4.39905e-01  4.92549e-01  7.93058e-04
  -8165.48  6384.0625  4.81088e-01  4.88819e-01  4.80700e-01  3.88380e-04
  -8136.93  6384.6875  4.79883e-01  4.94000e-01  4.79827e-01  5.66135e-05
  -8108.38  6385.3125  4.65558e-01  4.51687e-01  4.65505e-01  5.34365e-05
  -8079.83  6385.9375  4.61563e-01  4.59865e-01  4.61200e-01  3.63193e-04
  -8051.28  6386.5625  4.64395e-01  4.71194e-01  4.63697e-01  6.97153e-04
  -8022.73  6387.1875  4.72427e-01  4.51115e-01  4.72064e-01  3.63172e-04
  -7994.17  6387.8125  5.01626e-01  5.06774e-01  5.01575e-01  5.13409e-05
  -7965.62  6388.4375  5.31292e-01  5.37091e-01  5.31290e-01  1.96962e-06
  -7937.07  6389.0625  5.17045e-01  5.73493e-01  5.17045e-01  2.05055e-08
  -7908.52  6389.6875  4.39098e-01  4.17972e-01  4.39098e-01  0.00000e+00
  -7879.97  6390.3125  3.98498e-01  3.23291e-01  3.98498e-01  2.16218e-08
  -7851.42  6390.9375  4.32000e-01  4.94625e-01  4.31998e-01  2.07685e-06
  -7822.87  6391.5625  4.40053e-01  4.19785e-01  4.39999e-01  5.41358e-05
  -7794.32  6392.1875  4.31915e-01  4.46944e-01  4.31532e-01  3.82942e-04
  -7765.77  6392.8125  4.39965e-01  3.95298e-01  4.39230e-01  7.35105e-04
  -7737.22  6393.4375  4.79456e-01  5.11012e-01  4.79073e-01  3.82942e-04
  -7708.66  6394.0625  4.91254e-01  5.12317e-01  4.91200e-01  5.41358e-05
  -7680.11  6394.6875  4.69625e-01  4.49367e-01  4.69623e-01  2.07685e-06
  -7651.56  6395.3125  4.62514e-01  4.60296e-01  4.62514e-01  2.16218e-08
  -7623.01  6395.9375  4.70379e-01  4.69678e-01  4.70379e-01  0.00000e+00
  -7594.46  6396.5625  4.77991e-01  4.82362e-01  4.77991e-01  2.21519e-08
  -7565.91  6397.1875  4.68922e-01  4.87237e-01  4.68919e-01  2.12776e-06
  -7537.36  6397.8125  4.32834e-01  4.35191e-01  4.32778e-01  5.54631e-05
  -7508.81  6398.4375  4.09831e-01  3.64070e-01  4.09438e-01  3.92331e-04
  -7480.26  6399.0625  4.38059e-01  4.49152e-01  4.37306e-01  7.53127e-04
  -7451.71  6399.6875  4.60462e-01  4.92951e-01  4.60070e-01  3.92331e-04
  -7423.15  6400.3125  4.51784e-01  4.22403e-01  4.51729e-01  5.54631e-05
  -7394.60  6400.9375  4.53351e-01  4.65393e-01  4.53349e-01  2.12776e-06
  -7366.05  6401.5625  4.33037e-01  4.74264e-01  4.33037e-01  2.21519e-08
  -7337.50  6402.1875  3.94225e-01  3.22001e-01  3.94225e-01  0.00000e+00
  -7308.95  6402.8125  4.07223e-01  4.38531e-01  4.07223e-01  0.00000e+00
  -7280.40  6403.4375  4.18480e-01  4.22569e-01  4.18480e-01  0.00000e+00
  -7251.85  6404.0625  4.10215e-01  4.07791e-01  4.10215e-01  2.08003e-08
  -7223.30  6404.6875  4.18989e-01  3.88638e-01  4.18987e-01  1.99794e-06
  -7194.75  6405.3125  4.52630e-01  4.81425e-01  4.52578e-01  5.20789e-05
  -7166.19  6405.9375  4.70799e-01  4.61251e-01  4.70430e-01  3.68392e-04
  -7137.64  6406.5625  4.62501e-01  5.01552e-01  4.61794e-01  7.07220e-04
  -7109.09  6407.1875  4.27168e-01  3.94978e-01  4.26796e-01  3.72801e-04
  -7080.54  6407.8125  4.24490e-01  4.02071e-01  4.24323e-01  1.67000e-04
  -7051.99  6408.4375  4.58372e-01  4.77324e-01  4.57557e-01  8.14920e-04
  -7023.44  6409.0625  4.78020e-01  4.83005e-01  4.76460e-01  1.56053e-03
  -6994.89  6409.6875  4.70932e-01  4.88121e-01  4.70119e-01  8.12922e-04
  -6966.34  6410.3125  4.58281e-01  4.22425e-01  4.58167e-01  1.14921e-04
  -6937.79  6410.9375  4.68422e-01  4.91326e-01  4.68418e-01  4.40880e-06
  -6909.24  6411.5625  4.59954e-01  4.77074e-01  4.59954e-01  1.32216e-07
  -6880.68  6412.1875  4.37270e-01  4.01967e-01  4.37262e-01  8.31335e-06
  -6852.13  6412.8125  4.46956e-01  4.51320e-01  4.46737e-01  2.18283e-04
  -6823.58  6413.4375  4.53943e-01  4.82666e-01  4.52356e-01  1.58682e-03
  -6795.03  6414.0625  4.16461e-01  4.25767e-01  4.13072e-01  3.38841e-03
  -6766.48  6414.6875  3.70344e-01  3.36887e-01  3.67601e-01  2.74226e-03
  -6737.93  6415.3125  3.81018e-01  3.48273e-01  3.79242e-01  1.77516e-03
  -6709.38  6415.9375  4.30619e-01  4.69741e-01  4.29342e-01  1.27663e-03
  -6680.83  6416.5625  4.33425e-01  4.62852e-01  4.32595e-01  8.30064e-04
  -6652.28  6417.1875  4.14760e-01  3.45623e-01  4.13928e-01  8.31205e-04
  -6623.73  6417.8125  4.41761e-01  4.85931e-01  4.40938e-01  8.23165e-04
  -6595.17  6418.4375  4.41186e-01  4.58837e-01  4.39925e-01  1.26109e-03
  -6566.62  6419.0625  4.11537e-01  3.80317e-01  4.09922e-01  1.61501e-03
  -6538.07  6419.6875  4.12738e-01  4.10558e-01  4.11134e-01  1.60410e-03
  -6509.52  6420.3125  4.35981e-01  4.33440e-01  4.34724e-01  1.25664e-03
  -6480.97  6420.9375  4.50925e-01  4.76102e-01  4.49976e-01  9.48689e-04
  -6452.42  6421.5625  4.54099e-01  4.18647e-01  4.52498e-01  1.60096e-03
  -6423.87  6422.1875  4.66780e-01  5.04203e-01  4.64710e-01  2.07036e-03
  -6395.32  6422.8125  4.53354e-01  4.49287e-01  4.51274e-01  2.08042e-03
  -6366.77  6423.4375  4.35795e-01  4.15395e-01  4.32962e-01  2.83235e-03
  -6338.21  6424.0625  4.39224e-01  4.51959e-01  4.36882e-01  2.34207e-03
  -6309.66  6424.6875  4.41808e-01  4.34389e-01  4.40352e-01  1.45592e-03
  -6281.11  6425.3125  4.31940e-01  4.58926e-01  4.30451e-01  1.48860e-03
  -6252.56  6425.9375  4.10027e-01  3.76541e-01  4.07593e-01  2.43394e-03
  -6224.01  6426.5625  4.09770e-01  4.21451e-01  4.07249e-01  2.52058e-03
  -6195.46  6427.1875  4.15693e-01  4.11534e-01  4.13658e-01  2.03520e-03
  -6166.91  6427.8125  4.18826e-01  4.23502e-01  4.17981e-01  8.44750e-04
  -6138.36  6428.4375  4.25859e-01  4.12365e-01  4.25691e-01  1.67519e-04
  -6109.81  6429.0625  4.44546e-01  4.49520e-01  4.44146e-01  4.00382e-04
  -6081.26  6429.6875  4.53222e-01  4.72859e-01  4.52250e-01  9.71822e-04
  -6052.70  6430.3125  4.41893e-01  4.26727e-01  4.39724e-01  2.16984e-03
  -6024.15  6430.9375  4.30020e-01  4.43776e-01  4.25071e-01  4.94879e-03
  -5995.60  6431.5625  4.04242e-01  4.12625e-01  3.96990e-01  7.25175e-03
  -5967.05  6432.1875  3.76541e-01  3.47635e-01  3.68974e-01  7.56647e-03
  -5938.50  6432.8125  3.76350e-01  3.87627e-01  3.70637e-01  5.71302e-03
  -5909.95  6433.4375  4.01338e-01  3.61982e-01  3.95621e-01  5.71689e-03
  -5881.40  6434.0625  4.54907e-01  4.84553e-01  4.49224e-01  5.68337e-03
  -5852.85  6434.6875  4.88168e-01  4.93077e-01  4.82479e-01  5.68928e-03
  -5824.30  6435.3125  4.75408e-01  5.12884e-01  4.69495e-01  5.91297e-03
  -5795.75  6435.9375  4.15291e-01  4.09526e-01  4.08433e-01  6.85749e-03
  -5767.19  6436.5625  3.92238e-01  3.00501e-01  3.84358e-01  7.88043e-03
  -5738.64  6437.1875  4.31934e-01  5.36512e-01  4.23736e-01  8.19772e-03
  -5710.09  6437.8125  4.15704e-01  3.70327e-01  4.07983e-01  7.72136e-03
  -5681.54  6438.4375  4.03932e-01  3.96982e-01  3.97595e-01  6.33639e-03
  -5652.99  6439.0625  4.28327e-01  4.23101e-01  4.22535e-01  5.79158e-03
  -5624.44  6439.6875  4.58185e-01  4.68379e-01  4.51270e-01  6.91549e-03
  -5595.89  6440.3125  4.58589e-01  4.93303e-01  4.51128e-01  7.46027e-03
  -5567.34  6440.9375  4.38974e-01  3.82655e-01  4.30034e-01  8.93913e-03
  -5538.79  6441.5625  4.42211e-01  4.95658e-01  4.32762e-01  9.44900e-03
  -5510.24  6442.1875  4.35149e-01  3.88785e-01  4.26825e-01  8.32398e-03
  -5481.68  6442.8125  4.52895e-01  4.61241e-01  4.45830e-01  7.06524e-03
  -5453.13  6443.4375  4.61429e-01  5.04056e-01  4.55377e-01  6.05264e-03
  -5424.58  6444.0625  4.36473e-01  3.91033e-01  4.30398e-01  6.07503e-03
  -5396.03  6444.6875  4.32839e-01  4.54721e-01  4.24328e-01  8.51162e-03
  -5367.48  6445.3125  4.29991e-01  4.23947e-01  4.18130e-01  1.18604e-02
  -5338.93  6445.9375  4.25318e-01  4.22233e-01  4.09262e-01  1.60559e-02
  -5310.38  6446.5625  4.28629e-01  4.28283e-01  4.11447e-01  1.71818e-02
  -5281.83  6447.1875  4.46248e-01  4.24526e-01  4.32053e-01  1.41953e-02
  -5253.28  6447.8125  4.65002e-01  5.10898e-01  4.53641e-01  1.13614e-02
  -5224.72  6448.4375  4.33301e-01  4.39632e-01  4.22851e-01  1.04496e-02
  -5196.17  6449.0625  3.93438e-01  3.48086e-01  3.82643e-01  1.07945e-02
  -5167.62  6449.6875  4.06342e-01  4.09680e-01  3.93943e-01  1.23987e-02
  -5139.07  6450.3125  4.35070e-01  4.46848e-01  4.20934e-01  1.41361e-02
  -5110.52  6450.9375  4.48953e-01  4.47518e-01  4.34640e-01  1.43123e-02
  -5081.97  6451.5625  4.68068e-01  4.50498e-01  4.53718e-01  1.43508e-02
  -5053.42  6452.1875  5.07748e-01  5.10754e-01  4.92162e-01  1.55860e-02
  -5024.87  6452.8125  5.25818e-01  5.73441e-01  5.07993e-01  1.78245e-02
  -4996.32  6453.4375  4.88107e-01  4.72037e-01  4.71852e-01  1.62549e-02
  -4967.77  6454.0625  4.33361e-01  4.51536e-01  4.19082e-01  1.42799e-02
  -4939.21  6454.6875  3.94165e-01  3.43510e-01  3.79370e-01  1.47945e-02
  -4910.66  6455.3125  4.22215e-01  4.01475e-01  4.06508e-01  1.57068e-02
  -4882.11  6455.9375  4.62329e-01  5.39401e-01  4.43134e-01  1.91946e-02
  -4853.56  6456.5625  4.35430e-01  4.01287e-01  4.13409e-01  2.20214e-02
  -4825.01  6457.1875  4.22973e-01  3.96852e-01  4.01397e-01  2.15764e-02
  -4796.46  6457.8125  4.49378e-01  4.73005e-01  4.25718e-01  2.36597e-02
  -4767.91  6458.4375  4.65045e-01  4.59835e-01  4.37502e-01  2.75428e-02
  -4739.36  6459.0625  4.81759e-01  4.67662e-01  4.52615e-01  2.91436e-02
  -4710.81  6459.6875  5.03657e-01  5.30380e-01  4.73485e-01  3.01722e-02
  -4682.26  6460.3125  5.02880e-01  4.95791e-01  4.71948e-01  3.09315e-02
  -4653.70  6460.9375  4.92496e-01  4.96692e-01  4.65111e-01  2.73848e-02
  -4625.15  6461.5625  4.69483e-01  4.89287e-01  4.43431e-01  2.60518e-02
  -4596.60  6462.1875  4.44560e-01  3.98297e-01  4.14508e-01  3.00513e-02
  -4568.05  6462.8125  4.47544e-01  4.85123e-01  4.15559e-01  3.19852e-02
  -4539.50  6463.4375  4.47799e-01  4.14002e-01  4.15371e-01  3.24285e-02
  -4510.95  6464.0625  4.60868e-01  4.78145e-01  4.29400e-01  3.14684e-02
  -4482.40  6464.6875  4.59241e-01  4.76753e-01  4.31083e-01  2.81580e-02
  -4453.85  6465.3125  4.27636e-01  4.27754e-01  4.01594e-01  2.60412e-02
  -4425.30  6465.9375  4.31018e-01  3.50356e-01  4.07570e-01  2.34483e-02
  -4396.74  6466.5625  4.94653e-01  5.72479e-01  4.71132e-01  2.35211e-02
  -4368.19  6467.1875  5.09004e-01  4.98490e-01  4.84221e-01  2.47826e-02
  -4339.64  6467.8125  4.83898e-01  5.02225e-01  4.56848e-01  2.70502e-02
  -4311.09  6468.4375  4.74323e-01  4.10083e-01  4.45132e-01  2.91911e-02
  -4282.54  6469.0625  4.94372e-01  5.72881e-01  4.61075e-01  3.32967e-02
  -4253.99  6469.6875  4.85688e-01  4.22203e-01  4.48271e-01  3.74167e-02
  -4225.44  6470.3125  5.01053e-01  5.26066e-01  4.59216e-01  4.18372e-02
  -4196.89  6470.9375  5.17319e-01  5.18700e-01  4.75183e-01  4.21352e-02
  -4168.34  6471.5625  5.07045e-01  5.27636e-01  4.69325e-01  3.77197e-02
  -4139.79  6472.1875  4.80408e-01  4.58314e-01  4.43515e-01  3.68929e-02
  -4111.23  6472.8125  4.61660e-01  4.76684e-01  4.25354e-01  3.63060e-02
  -4082.68  6473.4375  4.37568e-01  4.35942e-01  4.00954e-01  3.66140e-02
  -4054.13  6474.0625  4.26965e-01  3.95354e-01  3.78415e-01  4.85506e-02
  -4025.58  6474.6875  4.66929e-01  4.52865e-01  3.89858e-01  7.70708e-02
  -3997.03  6475.3125  5.33112e-01  5.52445e-01  4.18225e-01  1.14888e-01
  -3968.48  6475.9375  5.78986e-01  5.84031e-01  4.24723e-01  1.54264e-01
  -3939.93  6476.5625  5.88199e-01  6.18824e-01  3.96502e-01  1.91697e-01
  -3911.38  6477.1875  5.55758e-01  5.52939e-01  3.49539e-01  2.06219e-01
  -3882.83  6477.8125  5.31317e-01  4.93390e-01  3.00636e-01  2.30681e-01
  -3854.28  6478.4375  5.53744e-01  5.58998e-01  2.60526e-01  2.93218e-01
  -3825.72  6479.0625  5.70760e-01  6.08479e-01  2.45380e-01  3.25379e-01
  -3797.17  6479.6875  5.59408e-01  5.19309e-01  2.51979e-01  3.07429e-01
  -3768.62  6480.3125  5.69271e-01  5.82799e-01  2.74525e-01  2.94747e-01
  -3740.07  6480.9375  5.73190e-01  5.96424e-01  2.74038e-01  2.99152e-01
  -3711.52  6481.5625  5.87918e-01  5.01110e-01  2.95348e-01  2.92571e-01
  -3682.97  6482.1875  6.29842e-01  7.53041e-01  3.33826e-01  2.96017e-01
  -3654.42  6482.8125  5.75135e-01  5.50930e-01  2.64211e-01  3.10924e-01
  -3625.87  6483.4375  5.01142e-01  4.66306e-01  1.75470e-01  3.25672e-01
  -3597.32  6484.0625  4.71218e-01  4.94448e-01  1.37958e-01  3.33260e-01
  -3568.76  6484.6875  4.52916e-01  4.18485e-01  1.20448e-01  3.32469e-01
  -3540.21  6485.3125  4.60537e-01  4.73360e-01  1.19096e-01  3.41441e-01
  -3511.66  6485.9375  4.82866e-01  4.61316e-01  1.10204e-01  3.72663e-01
  -3483.11  6486.5625  5.02244e-01  5.43431e-01  1.10392e-01  3.91851e-01
  -3454.56  6487.1875  4.78904e-01  4.80725e-01  1.19609e-01  3.59295e-01
  -3426.01  6487.8125  4.42260e-01  4.19149e-01  1.12072e-01  3.30188e-01
  -3397.46  6488.4375  4.24113e-01  4.41859e-01  8.48377e-02  3.39275e-01
  -3368.91  6489.0625  4.14484e-01  3.85494e-01  5.29122e-02  3.61572e-01
  -3340.36  6489.6875  4.39489e-01  4.26434e-01  6.23924e-02  3.77097e-01
  -3311.81  6490.3125  4.66549e-01  5.23109e-01  9.31441e-02  3.73404e-01
  -3283.25  6490.9375  4.58764e-01  4.02474e-01  9.18032e-02  3.66961e-01
  -3254.70  6491.5625  4.53453e-01  5.21803e-01  9.76820e-02  3.55771e-01
  -3226.15  6492.1875  4.36887e-01  3.55082e-01  1.04214e-01  3.32672e-01
  -3197.60  6492.8125  4.54216e-01  5.13985e-01  1.11429e-01  3.42788e-01
  -3169.05  6493.4375  4.48272e-01  4.33058e-01  1.03298e-01  3.44975e-01
  -3140.50  6494.0625  4.28012e-01  4.29346e-01  1.06362e-01  3.21650e-01
  -3111.95  6494.6875  4.07774e-01  4.17400e-01  1.00435e-01  3.07339e-01
  -3083.40  6495.3125  3.84522e-01  3.68003e-01  6.95927e-02  3.14929e-01
  -3054.85  6495.9375  3.76575e-01  3.77547e-01  4.77360e-02  3.28839e-01
  -3026.30  6496.5625  3.73642e-01  3.79905e-01  4.59503e-02  3.27692e-01
  -2997.74  6497.1875  3.70587e-01  3.57598e-01  5.03576e-02  3.20230e-01
  -2969.19  6497.8125  3.87257e-01  3.76132e-01  4.85406e-02  3.38717e-01
  -2940.64  6498.4375  4.15736e-01  4.32424e-01  5.05063e-02  3.65229e-01
  -2912.09  6499.0625  4.18809e-01  4.36527e-01  5.98196e-02  3.58989e-01
  -2883.54  6499.6875  3.96482e-01  3.83031e-01  5.99002e-02  3.36582e-01
  -2854.99  6500.3125  3.79284e-01  3.82206e-01  4.77068e-02  3.31577e-01
  -2826.44  6500.9375  3.70578e-01  3.62649e-01  4.27073e-02  3.27871e-01
  -2797.89  6501.5625  3.72487e-01  3.71888e-01  4.59086e-02  3.26578e-01
  -2769.34  6502.1875  3.98258e-01  3.68046e-01  4.74739e-02  3.50785e-01
  -2740.78  6502.8125  4.61858e-01  4.64147e-01  7.28297e-02  3.89028e-01
  -2712.23  6503.4375  5.08321e-01  5.62023e-01  1.01850e-01  4.06471e-01
  -2683.68  6504.0625  4.87116e-01  4.80667e-01  9.51582e-02  3.91958e-01
  -2655.13  6504.6875  4.50540e-01  4.35351e-01  6.56738e-02  3.84866e-01
  -2626.58  6505.3125  4.29478e-01  4.42298e-01  4.41918e-02  3.85287e-01
  -2598.03  6505.9375  4.18751e-01  3.90934e-01  3.66883e-02  3.82063e-01
  -2569.48  6506.5625  4.54767e-01  4.25202e-01  4.52777e-02  4.09490e-01
  -2540.93  6507.1875  5.26802e-01  5.59049e-01  5.92650e-02  4.67537e-01
  -2512.38  6507.8125  5.69770e-01  5.78561e-01  4.40067e-02  5.25763e-01
  -2483.83  6508.4375  5.90998e-01  5.76865e-01  3.02313e-02  5.60767e-01
  -2455.27  6509.0625  6.24821e-01  6.23344e-01  4.04655e-02  5.84356e-01
  -2426.72  6509.6875  6.56311e-01  6.78013e-01  5.67394e-02  5.99571e-01
  -2398.17  6510.3125  6.67352e-01  6.54043e-01  6.06658e-02  6.06686e-01
  -2369.62  6510.9375  6.66070e-01  6.94264e-01  6.58051e-02  6.00265e-01
  -2341.07  6511.5625  6.37813e-01  6.32442e-01  7.26889e-02  5.65125e-01
  -2312.52  6512.1875  6.01919e-01  5.99843e-01  6.38249e-02  5.38095e-01
  -2283.97  6512.8125  5.80230e-01  5.64174e-01  5.11294e-02  5.29100e-01
  -2255.42  6513.4375  5.70075e-01  5.89176e-01  4.16894e-02  5.28385e-01
  -2226.87  6514.0625  5.49486e-01  5.41961e-01  2.92292e-02  5.20257e-01
  -2198.32  6514.6875  5.40872e-01  5.19229e-01  2.20274e-02  5.18844e-01
  -2169.76  6515.3125  5.62187e-01  5.66577e-01  3.03857e-02  5.31801e-01
  -2141.21  6515.9375  5.86791e-01  5.93636e-01  4.51504e-02  5.41640e-01
  -2112.66  6516.5625  5.97193e-01  6.01643e-01  4.65464e-02  5.50646e-01
  -2084.11  6517.1875  5.94953e-01  6.02208e-01  3.25127e-02  5.62440e-01
  -2055.56  6517.8125  6.12677e-01  5.54804e-01  4.63969e-02  5.66280e-01
  -2027.01  6518.4375  6.57433e-01  7.34525e-01  6.87857e-02  5.88648e-01
  -1998.46  6519.0625  6.56068e-01  6.21002e-01  4.55301e-02  6.10538e-01
  -1969.91  6519.6875  6.72466e-01  6.49294e-01  2.97273e-02  6.42739e-01
  -1941.36  6520.3125  7.70283e-01  7.16452e-01  3.78816e-02  7.32401e-01
  -1912.80  6520.9375  9.35790e-01  9.65368e-01  4.14268e-02  8.94363e-01
  -1884.25  6521.5625  1.06463e+00  1.11456e+00  5.44550e-02  1.01018e+00
  -1855.70  6522.1875  1.10687e+00  1.11311e+00  5.75288e-02  1.04934e+00
  -1827.15  6522.8125  1.11190e+00  1.10834e+00  4.26037e-02  1.06930e+00
  -1798.60  6523.4375  1.12147e+00  1.11224e+00  4.22901e-02  1.07918e+00
  -1770.05  6524.0625  1.13567e+00  1.15135e+00  5.10182e-02  1.08465e+00
  -1741.50  6524.6875  1.13185e+00  1.13772e+00  6.00431e-02  1.07181e+00
  -1712.95  6525.3125  1.12243e+00  1.10153e+00  6.25473e-02  1.05988e+00
  -1684.40  6525.9375  1.11686e+00  1.15178e+00  5.34549e-02  1.06340e+00
  -1655.85  6526.5625  1.09861e+00  1.06190e+00  4.61964e-02  1.05241e+00
  -1627.29  6527.1875  1.09613e+00  1.11944e+00  5.82915e-02  1.03784e+00
  -1598.74  6527.8125  1.10884e+00  1.06621e+00  6.53549e-02  1.04348e+00
  -1570.19  6528.4375  1.15094e+00  1.17328e+00  5.81386e-02  1.09280e+00
  -1541.64  6529.0625  1.17327e+00  1.20166e+00  4.42455e-02  1.12902e+00
  -1513.09  6529.6875  1.18088e+00  1.11754e+00  3.16242e-02  1.14926e+00
  -1484.54  6530.3125  1.20351e+00  1.29356e+00  1.91483e-02  1.18436e+00
  -1455.99  6530.9375  1.19776e+00  1.10481e+00  2.56035e-02  1.17216e+00
  -1427.44  6531.5625  1.22465e+00  1.28993e+00  4.49633e-02  1.17969e+00
  -1398.89  6532.1875  1.23355e+00  1.20933e+00  5.51380e-02  1.17841e+00
  -1370.34  6532.8125  1.25577e+00  1.22479e+00  7.57631e-02  1.18001e+00
  -1341.78  6533.4375  1.30881e+00  1.34906e+00  8.82195e-02  1.22059e+00
  -1313.23  6534.0625  1.35544e+00  1.30920e+00  9.07212e-02  1.26472e+00
  -1284.68  6534.6875  1.43706e+00  1.44649e+00  1.09238e-01  1.32782e+00
  -1256.13  6535.3125  1.57854e+00  1.50252e+00  1.06870e-01  1.47167e+00
  -1227.58  6535.9375  1.80649e+00  1.82172e+00  9.76166e-02  1.70887e+00
  -1199.03  6536.5625  2.02456e+00  2.07937e+00  7.44278e-02  1.95013e+00
  -1170.48  6537.1875  2.12964e+00  2.18723e+00  6.32091e-02  2.06643e+00
  -1141.93  6537.8125  2.15283e+00  2.10050e+00  7.40829e-02  2.07874e+00
  -1113.38  6538.4375  2.16259e+00  2.24458e+00  7.81670e-02  2.08442e+00
  -1084.83  6539.0625  2.14656e+00  2.05431e+00  7.61026e-02  2.07046e+00
  -1056.27  6539.6875  2.16326e+00  2.23434e+00  8.87708e-02  2.07449e+00
  -1027.72  6540.3125  2.15130e+00  2.13028e+00  9.26602e-02  2.05864e+00
   -999.17  6540.9375  2.13190e+00  2.12419e+00  1.08069e-01  2.02383e+00
   -970.62  6541.5625  2.12991e+00  2.13562e+00  1.17087e-01  2.01282e+00
   -942.07  6542.1875  2.13281e+00  2.12163e+00  1.14948e-01  2.01787e+00
   -913.52  6542.8125  2.15284e+00  2.14488e+00  1.31213e-01  2.02163e+00
   -884.97  6543.4375  2.20169e+00  2.18217e+00  1.62741e-01  2.03895e+00
   -856.42  6544.0625  2.27680e+00  2.28456e+00  1.85213e-01  2.09159e+00
   -827.87  6544.6875  2.34305e+00  2.35682e+00  1.97155e-01  2.14590e+00
   -799.31  6545.3125  2.34829e+00  2.41395e+00  1.71984e-01  2.17631e+00
   -770.76  6545.9375  2.28673e+00  2.24147e+00  1.31247e-01  2.15548e+00
   -742.21  6546.5625  2.28140e+00  2.22023e+00  1.36577e-01  2.14483e+00
   -713.66  6547.1875  2.36520e+00  2.39562e+00  1.77503e-01  2.18770e+00
   -685.11  6547.8125  2.47110e+00  2.44128e+00  1.90561e-01  2.28054e+00
   -656.56  6548.4375  2.69947e+00  2.52740e+00  1.73947e-01  2.52552e+00
   -628.01  6549.0625  3.07180e+00  3.23698e+00  1.44250e-01  2.92755e+00
   -599.46  6549.6875  3.28929e+00  3.35993e+00  1.32970e-01  3.15632e+00
   -570.91  6550.3125  3.36829e+00  3.27978e+00  1.55490e-01  3.21280e+00
   -542.36  6550.9375  3.45943e+00  3.55547e+00  2.02539e-01  3.25690e+00
   -513.80  6551.5625  3.48492e+00  3.46375e+00  2.39076e-01  3.24585e+00
   -485.25  6552.1875  3.44536e+00  3.50966e+00  2.39730e-01  3.20563e+00
   -456.70  6552.8125  3.34915e+00  3.31750e+00  2.29930e-01  3.11922e+00
   -428.15  6553.4375  3.26365e+00  3.25168e+00  2.19606e-01  3.04404e+00
   -399.60  6554.0625  3.21086e+00  3.22048e+00  2.24055e-01  2.98681e+00
   -371.05  6554.6875  3.25430e+00  3.08643e+00  2.46303e-01  3.00800e+00
   -342.50  6555.3125  3.48165e+00  3.53052e+00  3.16140e-01  3.16551e+00
   -313.95  6555.9375  3.66648e+00  3.80733e+00  3.59753e-01  3.30673e+00
   -285.40  6556.5625  3.72642e+00  3.55539e+00  3.28146e-01  3.39827e+00
   -256.85  6557.1875  3.61279e+00  4.12756e+00  2.84630e-01  3.32816e+00
   -228.29  6557.8125  2.89522e+00  2.93849e+00  2.52039e-01  2.64319e+00
   -199.74  6558.4375  2.02968e+00  1.69127e+00  2.93492e-01  1.73619e+00
   -171.19  6559.0625  1.77132e+00  1.43817e+00  4.49562e-01  1.32176e+00
   -142.64  6559.6875  2.09680e+00  2.20514e+00  6.31125e-01  1.46567e+00
   -114.09  6560.3125  2.49991e+00  2.49483e+00  6.78862e-01  1.82105e+00
    -85.54  6560.9375  3.07182e+00  2.78528e+00  7.37024e-01  2.33480e+00
    -56.99  6561.5625  4.94170e+00  3.49434e+00  1.12719e+00  3.81451e+00
    -28.44  6562.1875  9.45719e+00  8.43831e+00  1.97310e+00  7.48409e+00
      0.11  6562.8125  1.47003e+01  1.71836e+01  2.83362e+00  1.18667e+01
     28.67  6563.4375  1.70036e+01  1.74500e+01  3.16912e+00  1.38345e+01
     57.22  6564.0625  1.68344e+01  1.74516e+01  3.21227e+00  1.36221e+01
     85.77  6564.6875  1.50542e+01  1.57935e+01  2.97483e+00  1.20793e+01
    114.32  6565.3125  1.21923e+01  1.17279e+01  2.43379e+00  9.75847e+00
    142.87  6565.9375  9.62204e+00  9.40127e+00  1.99853e+00  7.62351e+00
    171.42  6566.5625  7.72688e+00  7.53771e+00  1.71413e+00  6.01274e+00
    199.97  6567.1875  6.35681e+00  6.15868e+00  1.45530e+00  4.90151e+00
    228.52  6567.8125  5.41328e+00  5.34967e+00  1.31200e+00  4.10128e+00
    257.07  6568.4375  4.73709e+00  4.64773e+00  1.21217e+00  3.52492e+00
    285.62  6569.0625  4.25884e+00  4.19577e+00  1.10156e+00  3.15728e+00
    314.18  6569.6875  3.85710e+00  3.97300e+00  9.80663e-01  2.87644e+00
    342.73  6570.3125  3.46358e+00  3.25844e+00  8.57986e-01  2.60560e+00
    371.28  6570.9375  3.23067e+00  3.30704e+00  8.29403e-01  2.40127e+00
    399.83  6571.5625  3.04544e+00  2.99700e+00  8.25805e-01  2.21964e+00
    428.38  6572.1875  2.87435e+00  2.88987e+00  8.18940e-01  2.05541e+00
    456.93  6572.8125  2.68576e+00  2.72988e+00  7.51277e-01  1.93448e+00
    485.48  6573.4375  2.49855e+00  2.38767e+00  6.46529e-01  1.85202e+00
    514.03  6574.0625  2.44226e+00  2.42400e+00  6.69759e-01  1.77250e+00
    542.58  6574.6875  2.45725e+00  2.48575e+00  7.70096e-01  1.68716e+00
    571.13  6575.3125  2.41984e+00  2.46978e+00  8.12360e-01  1.60748e+00
    599.69  6575.9375  2.32682e+00  2.28453e+00  7.98406e-01  1.52841e+00
    628.24  6576.5625  2.29632e+00  2.22978e+00  7.91811e-01  1.50451e+00
    656.79  6577.1875  2.32203e+00  2.41601e+00  8.14393e-01  1.50764e+00
    685.34  6577.8125  2.27110e+00  2.26076e+00  8.01558e-01  1.46954e+00
    713.89  6578.4375  2.19106e+00  2.17033e+00  7.69815e-01  1.42124e+00
    742.44  6579.0625  2.13426e+00  2.14818e+00  7.43549e-01  1.39071e+00
    770.99  6579.6875  2.08868e+00  2.06083e+00  7.28554e-01  1.36013e+00
    799.54  6580.3125  2.06778e+00  2.07545e+00  7.47089e-01  1.32070e+00
    828.09  6580.9375  2.04869e+00  2.05315e+00  7.57136e-01  1.29155e+00
    856.65  6581.5625  1.99430e+00  2.04063e+00  7.31762e-01  1.26254e+00
    885.20  6582.1875  1.92161e+00  1.84444e+00  6.64312e-01  1.25730e+00
    913.75  6582.8125  1.91807e+00  1.92699e+00  6.63812e-01  1.25426e+00
    942.30  6583.4375  1.94084e+00  1.95055e+00  7.13713e-01  1.22713e+00
    970.85  6584.0625  1.92969e+00  1.96337e+00  7.43970e-01  1.18572e+00
    999.40  6584.6875  1.90601e+00  1.83883e+00  7.39495e-01  1.16652e+00
   1027.95  6585.3125  1.91516e+00  1.97531e+00  7.58041e-01  1.15712e+00
   1056.50  6585.9375  1.89094e+00  1.87937e+00  7.57798e-01  1.13314e+00
   1085.05  6586.5625  1.85184e+00  1.84529e+00  7.42506e-01  1.10933e+00
   1113.60  6587.1875  1.83064e+00  1.82722e+00  7.58998e-01  1.07165e+00
   1142.16  6587.8125  1.84863e+00  1.79121e+00  7.70768e-01  1.07786e+00
   1170.71  6588.4375  1.86583e+00  2.00371e+00  7.73051e-01  1.09278e+00
   1199.26  6589.0625  1.80235e+00  1.68484e+00  7.18014e-01  1.08434e+00
   1227.81  6589.6875  1.76215e+00  1.84887e+00  6.88768e-01  1.07338e+00
   1256.36  6590.3125  1.69662e+00  1.66315e+00  6.48375e-01  1.04825e+00
   1284.91  6590.9375  1.68064e+00  1.58510e+00  6.46244e-01  1.03440e+00
   1313.46  6591.5625  1.72999e+00  1.86575e+00  6.88641e-01  1.04135e+00
   1342.01  6592.1875  1.70816e+00  1.62129e+00  6.88323e-01  1.01984e+00
   1370.56  6592.8125  1.68575e+00  1.74627e+00  6.95586e-01  9.90169e-01
   1399.11  6593.4375  1.62710e+00  1.63627e+00  6.74761e-01  9.52341e-01
   1427.67  6594.0625  1.56290e+00  1.49882e+00  6.25304e-01  9.37599e-01
   1456.22  6594.6875  1.59637e+00  1.55902e+00  6.41690e-01  9.54676e-01
   1484.77  6595.3125  1.66653e+00  1.75291e+00  7.00725e-01  9.65804e-01
   1513.32  6595.9375  1.65307e+00  1.63951e+00  7.01441e-01  9.51630e-01
   1541.87  6596.5625  1.58870e+00  1.62227e+00  6.55967e-01  9.32735e-01
   1570.42  6597.1875  1.53611e+00  1.45180e+00  6.30003e-01  9.06110e-01
   1598.97  6597.8125  1.57371e+00  1.57535e+00  6.85389e-01  8.88320e-01
   1627.52  6598.4375  1.62821e+00  1.67911e+00  7.31750e-01  8.96460e-01
   1656.07  6599.0625  1.61589e+00  1.61720e+00  7.13501e-01  9.02393e-01
   1684.63  6599.6875  1.57352e+00  1.56911e+00  6.70931e-01  9.02589e-01
   1713.18  6600.3125  1.54010e+00  1.53296e+00  6.36428e-01  9.03674e-01
   1741.73  6600.9375  1.53421e+00  1.50444e+00  6.40868e-01  8.93345e-01
   1770.28  6601.5625  1.52270e+00  1.60711e+00  6.51141e-01  8.71556e-01
   1798.83  6602.1875  1.44553e+00  1.40006e+00  5.98471e-01  8.47056e-01
   1827.38  6602.8125  1.39658e+00  1.36437e+00  5.71751e-01  8.24825e-01
   1855.93  6603.4375  1.39014e+00  1.43719e+00  5.75647e-01  8.14495e-01
   1884.48  6604.0625  1.39575e+00  1.30167e+00  5.95182e-01  8.00564e-01
   1913.03  6604.6875  1.43741e+00  1.54146e+00  6.47721e-01  7.89687e-01
   1941.58  6605.3125  1.41739e+00  1.38039e+00  6.29984e-01  7.87410e-01
   1970.14  6605.9375  1.37648e+00  1.39592e+00  5.82378e-01  7.94097e-01
   1998.69  6606.5625  1.35645e+00  1.31033e+00  5.71630e-01  7.84820e-01
   2027.24  6607.1875  1.38601e+00  1.38786e+00  6.35885e-01  7.50127e-01
   2055.79  6607.8125  1.43085e+00  1.44650e+00  6.92478e-01  7.38369e-01
   2084.34  6608.4375  1.45686e+00  1.45561e+00  7.00195e-01  7.56667e-01
   2112.89  6609.0625  1.48492e+00  1.46348e+00  7.05113e-01  7.79810e-01
   2141.44  6609.6875  1.48640e+00  1.57827e+00  7.08247e-01  7.78153e-01
   2169.99  6610.3125  1.38878e+00  1.37555e+00  6.50427e-01  7.38356e-01
   2198.54  6610.9375  1.29341e+00  1.22382e+00  6.05606e-01  6.87804e-01
   2227.09  6611.5625  1.25280e+00  1.32793e+00  5.82560e-01  6.70244e-01
   2255.65  6612.1875  1.19821e+00  1.12499e+00  5.46908e-01  6.51303e-01
   2284.20  6612.8125  1.17942e+00  1.21013e+00  5.56452e-01  6.22964e-01
   2312.75  6613.4375  1.16351e+00  1.16056e+00  5.53560e-01  6.09947e-01
   2341.30  6614.0625  1.14203e+00  1.13261e+00  5.36512e-01  6.05516e-01
   2369.85  6614.6875  1.15005e+00  1.12299e+00  5.47077e-01  6.02971e-01
   2398.40  6615.3125  1.19473e+00  1.20121e+00  5.98540e-01  5.96188e-01
   2426.95  6615.9375  1.22206e+00  1.26485e+00  6.34267e-01  5.87795e-01
   2455.50  6616.5625  1.19686e+00  1.18213e+00  6.14082e-01  5.82777e-01
   2484.05  6617.1875  1.14592e+00  1.18085e+00  5.74596e-01  5.71328e-01
   2512.61  6617.8125  1.09344e+00  1.03099e+00  5.33396e-01  5.60043e-01
   2541.16  6618.4375  1.09544e+00  1.10842e+00  5.53328e-01  5.42116e-01
   2569.71  6619.0625  1.11011e+00  1.12141e+00  5.68651e-01  5.41461e-01
   2598.26  6619.6875  1.10590e+00  1.10254e+00  5.57328e-01  5.48572e-01
   2626.81  6620.3125  1.09699e+00  1.09942e+00  5.54423e-01  5.42562e-01
   2655.36  6620.9375  1.08561e+00  1.09048e+00  5.68707e-01  5.16902e-01
   2683.91  6621.5625  1.09874e+00  1.04131e+00  6.18151e-01  4.80594e-01
   2712.46  6622.1875  1.13875e+00  1.21593e+00  6.59942e-01  4.78808e-01
   2741.01  6622.8125  1.11579e+00  1.10970e+00  6.27451e-01  4.88337e-01
   2769.56  6623.4375  1.08258e+00  1.03521e+00  6.02174e-01  4.80408e-01
   2798.12  6624.0625  1.07437e+00  1.13989e+00  6.09719e-01  4.64653e-01
   2826.67  6624.6875  1.01826e+00  1.00260e+00  5.62704e-01  4.55554e-01
   2855.22  6625.3125  9.64468e-01  9.33519e-01  5.11702e-01  4.52766e-01
   2883.77  6625.9375  9.72848e-01  9.48056e-01  5.32762e-01  4.40086e-01
   2912.32  6626.5625  1.00682e+00  1.05176e+00  5.64602e-01  4.42218e-01
   2940.87  6627.1875  1.00208e+00  9.92765e-01  5.55741e-01  4.46334e-01
   2969.42  6627.8125  9.77808e-01  9.87810e-01  5.46007e-01  4.31801e-01
   2997.97  6628.4375  9.55124e-01  9.36271e-01  5.39706e-01  4.15419e-01
   3026.52  6629.0625  9.40954e-01  9.60016e-01  5.39007e-01  4.01947e-01
   3055.07  6629.6875  9.23208e-01  9.05409e-01  5.31759e-01  3.91449e-01
   3083.63  6630.3125  9.17527e-01  9.18489e-01  5.26546e-01  3.90981e-01
   3112.18  6630.9375  9.17487e-01  9.22875e-01  5.39561e-01  3.77925e-01
   3140.73  6631.5625  9.10091e-01  9.09568e-01  5.46324e-01  3.63768e-01
   3169.28  6632.1875  8.91505e-01  9.06426e-01  5.32805e-01  3.58700e-01
   3197.83  6632.8125  8.63403e-01  8.47008e-01  5.11474e-01  3.51929e-01
   3226.38  6633.4375  8.52598e-01  8.44346e-01  5.08362e-01  3.44236e-01
   3254.93  6634.0625  8.50958e-01  8.69215e-01  5.22467e-01  3.28491e-01
   3283.48  6634.6875  8.28851e-01  8.33611e-01  5.20056e-01  3.08795e-01
   3312.03  6635.3125  8.11020e-01  7.74474e-01  5.08533e-01  3.02488e-01
   3340.58  6635.9375  8.26153e-01  8.46981e-01  5.26456e-01  2.99696e-01
   3369.14  6636.5625  8.41183e-01  8.31796e-01  5.47551e-01  2.93632e-01
   3397.69  6637.1875  8.53617e-01  8.57832e-01  5.66935e-01  2.86683e-01
   3426.24  6637.8125  8.45731e-01  8.79107e-01  5.63169e-01  2.82562e-01
   3454.79  6638.4375  8.02374e-01  7.83544e-01  5.28874e-01  2.73500e-01
   3483.34  6639.0625  7.65098e-01  7.65720e-01  4.98174e-01  2.66924e-01
   3511.89  6639.6875  7.63494e-01  7.15751e-01  4.96013e-01  2.67481e-01
   3540.44  6640.3125  7.77081e-01  8.60751e-01  5.03889e-01  2.73193e-01
   3568.99  6640.9375  7.42286e-01  6.84280e-01  4.75214e-01  2.67072e-01
   3597.54  6641.5625  7.21183e-01  7.45352e-01  4.71470e-01  2.49712e-01
   3626.10  6642.1875  7.06543e-01  6.98589e-01  4.70796e-01  2.35747e-01
   3654.65  6642.8125  7.15451e-01  6.71341e-01  4.86698e-01  2.28753e-01
   3683.20  6643.4375  7.64772e-01  8.02289e-01  5.35478e-01  2.29294e-01
   3711.75  6644.0625  7.97193e-01  7.86250e-01  5.60515e-01  2.36678e-01
   3740.30  6644.6875  8.11479e-01  8.29390e-01  5.75110e-01  2.36369e-01
   3768.85  6645.3125  8.00746e-01  8.13621e-01  5.73524e-01  2.27222e-01
   3797.40  6645.9375  7.85298e-01  7.45504e-01  5.61585e-01  2.23713e-01
   3825.95  6646.5625  7.94212e-01  8.30026e-01  5.71673e-01  2.22538e-01
   3854.50  6647.1875  8.00164e-01  7.61785e-01  5.84897e-01  2.15267e-01
   3883.05  6647.8125  7.97685e-01  8.64117e-01  5.90270e-01  2.07415e-01
   3911.61  6648.4375  7.50180e-01  7.15589e-01  5.48015e-01  2.02165e-01
   3940.16  6649.0625  7.20887e-01  7.02198e-01  5.18846e-01  2.02041e-01
   3968.71  6649.6875  7.28098e-01  7.39086e-01  5.24449e-01  2.03648e-01
   3997.26  6650.3125  7.24306e-01  7.39844e-01  5.25586e-01  1.98720e-01
   4025.81  6650.9375  7.03711e-01  6.87770e-01  5.14389e-01  1.89322e-01
   4054.36  6651.5625  7.01670e-01  6.89410e-01  5.13726e-01  1.87944e-01
   4082.91  6652.1875  7.16643e-01  7.29292e-01  5.24344e-01  1.92298e-01
   4111.46  6652.8125  7.10168e-01  7.33689e-01  5.18687e-01  1.91481e-01
   4140.01  6653.4375  6.93106e-01  6.43631e-01  5.07722e-01  1.85384e-01
   4168.56  6654.0625  6.95034e-01  7.50677e-01  5.07597e-01  1.87437e-01
   4197.12  6654.6875  6.77415e-01  6.34648e-01  4.90346e-01  1.87070e-01
   4225.67  6655.3125  6.74386e-01  6.90955e-01  4.89332e-01  1.85054e-01
   4254.22  6655.9375  6.70050e-01  6.77501e-01  4.87323e-01  1.82726e-01
   4282.77  6656.5625  6.67339e-01  6.31210e-01  4.90150e-01  1.77189e-01
   4311.32  6657.1875  6.76789e-01  7.29952e-01  5.05472e-01  1.71317e-01
   4339.87  6657.8125  6.61716e-01  6.20476e-01  4.99064e-01  1.62652e-01
   4368.42  6658.4375  6.63172e-01  6.74229e-01  4.91469e-01  1.71703e-01
   4396.97  6659.0625  6.62988e-01  6.82273e-01  4.83641e-01  1.79347e-01
   4425.52  6659.6875  6.60277e-01  6.12273e-01  4.86523e-01  1.73753e-01
   4454.08  6660.3125  6.93439e-01  7.17237e-01  5.28327e-01  1.65112e-01
   4482.63  6660.9375  6.99050e-01  7.43388e-01  5.36472e-01  1.62577e-01
   4511.18  6661.5625  6.76430e-01  6.00765e-01  5.16394e-01  1.60036e-01
   4539.73  6662.1875  6.88483e-01  7.52762e-01  5.27062e-01  1.61421e-01
   4568.28  6662.8125  6.69109e-01  6.53850e-01  5.05538e-01  1.63571e-01
   4596.83  6663.4375  6.43494e-01  6.26537e-01  4.76831e-01  1.66662e-01
   4625.38  6664.0625  6.40421e-01  6.52814e-01  4.77586e-01  1.62835e-01
   4653.93  6664.6875  6.39637e-01  6.26684e-01  4.85012e-01  1.54625e-01
   4682.48  6665.3125  6.49386e-01  6.48642e-01  4.91507e-01  1.57879e-01
   4711.03  6665.9375  6.63594e-01  6.69837e-01  5.00016e-01  1.63578e-01
   4739.59  6666.5625  6.67693e-01  6.72482e-01  5.10423e-01  1.57269e-01
   4768.14  6667.1875  6.64525e-01  6.58674e-01  5.14758e-01  1.49767e-01
   4796.69  6667.8125  6.56082e-01  6.73832e-01  5.02531e-01  1.53551e-01
   4825.24  6668.4375  6.42080e-01  6.17678e-01  4.92869e-01  1.49211e-01
   4853.79  6669.0625  6.50556e-01  6.51200e-01  5.02239e-01  1.48317e-01
   4882.34  6669.6875  6.84172e-01  6.61531e-01  5.34142e-01  1.50030e-01
   4910.89  6670.3125  7.09623e-01  7.72221e-01  5.65760e-01  1.43862e-01
   4939.44  6670.9375  6.57234e-01  6.75952e-01  5.22331e-01  1.34902e-01
   4967.99  6671.5625  6.00776e-01  5.00417e-01  4.69529e-01  1.31246e-01
   4996.54  6672.1875  6.18564e-01  6.98485e-01  4.92054e-01  1.26510e-01
   5025.10  6672.8125  6.26171e-01  5.62947e-01  4.94157e-01  1.32014e-01
   5053.65  6673.4375  6.33447e-01  7.01179e-01  4.90365e-01  1.43082e-01
   5082.20  6674.0625  6.15247e-01  5.66290e-01  4.78717e-01  1.36530e-01
   5110.75  6674.6875  6.17035e-01  6.27503e-01  4.85352e-01  1.31683e-01
   5139.30  6675.3125  6.29168e-01  6.33987e-01  5.00073e-01  1.29095e-01
   5167.85  6675.9375  6.28666e-01  6.31849e-01  5.05724e-01  1.22942e-01
   5196.40  6676.5625  6.25410e-01  6.16283e-01  5.07494e-01  1.17916e-01
   5224.95  6677.1875  6.18472e-01  6.40273e-01  4.99624e-01  1.18848e-01
   5253.50  6677.8125  5.79760e-01  5.95170e-01  4.54513e-01  1.25247e-01
   5282.06  6678.4375  5.29197e-01  4.92375e-01  4.03820e-01  1.25378e-01
   5310.61  6679.0625  5.08825e-01  5.26462e-01  3.85480e-01  1.23346e-01
   5339.16  6679.6875  5.18322e-01  4.64533e-01  3.99562e-01  1.18760e-01
   5367.71  6680.3125  5.66740e-01  6.03698e-01  4.54119e-01  1.12621e-01
   5396.26  6680.9375  5.83305e-01  6.09939e-01  4.74649e-01  1.08656e-01
   5424.81  6681.5625  5.72072e-01  5.23241e-01  4.59152e-01  1.12920e-01
   5453.36  6682.1875  5.87024e-01  6.23620e-01  4.74638e-01  1.12386e-01
   5481.91  6682.8125  5.93750e-01  5.73599e-01  4.82303e-01  1.11447e-01
   5510.46  6683.4375  5.97374e-01  6.12446e-01  4.82701e-01  1.14673e-01
   5539.01  6684.0625  5.88792e-01  5.95372e-01  4.72550e-01  1.16242e-01
   5567.57  6684.6875  5.77758e-01  5.50958e-01  4.63662e-01  1.14096e-01
   5596.12  6685.3125  5.72131e-01  6.16761e-01  4.61048e-01  1.11083e-01
   5624.67  6685.9375  5.46464e-01  5.07851e-01  4.33667e-01  1.12797e-01
   5653.22  6686.5625  5.45693e-01  5.45818e-01  4.33109e-01  1.12584e-01
   5681.77  6687.1875  5.58115e-01  5.71062e-01  4.47308e-01  1.10806e-01
   5710.32  6687.8125  5.45251e-01  5.63517e-01  4.33953e-01  1.11299e-01
   5738.87  6688.4375  5.32546e-01  4.77837e-01  4.23196e-01  1.09349e-01
   5767.42  6689.0625  5.71138e-01  5.90137e-01  4.68996e-01  1.02142e-01
   5795.97  6689.6875  6.34045e-01  6.00808e-01  5.38312e-01  9.57334e-02
   5824.52  6690.3125  6.75777e-01  7.69965e-01  5.81613e-01  9.41637e-02
   5853.08  6690.9375  6.36989e-01  5.94960e-01  5.38041e-01  9.89487e-02
   5881.63  6691.5625  6.02317e-01  5.94745e-01  5.03229e-01  9.90871e-02
   5910.18  6692.1875  5.89327e-01  6.06908e-01  4.95868e-01  9.34597e-02
   5938.73  6692.8125  5.57618e-01  5.60912e-01  4.65243e-01  9.23754e-02
   5967.28  6693.4375  5.22759e-01  5.03924e-01  4.25714e-01  9.70457e-02
   5995.83  6694.0625  5.17178e-01  5.06179e-01  4.16346e-01  1.00832e-01
   6024.38  6694.6875  5.37840e-01  5.37202e-01  4.37965e-01  9.98742e-02
   6052.93  6695.3125  5.60804e-01  5.68811e-01  4.61817e-01  9.89872e-02
   6081.48  6695.9375  5.58150e-01  5.85852e-01  4.63267e-01  9.48822e-02
   6110.04  6696.5625  5.37721e-01  4.99344e-01  4.49654e-01  8.80665e-02
   6138.59  6697.1875  5.63645e-01  5.41784e-01  4.73705e-01  8.99406e-02
   6167.14  6697.8125  6.17799e-01  6.54085e-01  5.22276e-01  9.55229e-02
   6195.69  6698.4375  6.15908e-01  6.54747e-01  5.26005e-01  8.99023e-02
   6224.24  6699.0625  5.65340e-01  5.23584e-01  4.82596e-01  8.27433e-02
   6252.79  6699.6875  5.34590e-01  5.55232e-01  4.53167e-01  8.14238e-02
   6281.34  6700.3125  5.26183e-01  4.83555e-01  4.43390e-01  8.27939e-02
   6309.89  6700.9375  5.58492e-01  5.65130e-01  4.71416e-01  8.70764e-02
   6338.44  6701.5625  5.85943e-01  6.19957e-01  4.94025e-01  9.19177e-02
   6366.99  6702.1875  5.58500e-01  5.71095e-01  4.73479e-01  8.50219e-02
   6395.55  6702.8125  5.07086e-01  4.83999e-01  4.37049e-01  7.00371e-02
   6424.10  6703.4375  4.76539e-01  4.80590e-01  4.13459e-01  6.30802e-02
   6452.65  6704.0625  4.76404e-01  4.39296e-01  4.11618e-01  6.47860e-02
   6481.20  6704.6875  5.14450e-01  5.28537e-01  4.49175e-01  6.52750e-02
   6509.75  6705.3125  5.36217e-01  5.69728e-01  4.68997e-01  6.72206e-02
   6538.30  6705.9375  5.16753e-01  4.99513e-01  4.51758e-01  6.49946e-02
   6566.85  6706.5625  5.04482e-01  4.94640e-01  4.40357e-01  6.41250e-02
   6595.40  6707.1875  4.99209e-01  5.26109e-01  4.26419e-01  7.27904e-02
   6623.95  6707.8125  4.81372e-01  4.55457e-01  4.05650e-01  7.57219e-02
   6652.50  6708.4375  4.96841e-01  4.69365e-01  4.21454e-01  7.53877e-02
   6681.06  6709.0625  5.29584e-01  5.87286e-01  4.53737e-01  7.58478e-02
   6709.61  6709.6875  5.18644e-01  4.93568e-01  4.49460e-01  6.91841e-02
   6738.16  6710.3125  5.16372e-01  5.00078e-01  4.53262e-01  6.31095e-02
   6766.71  6710.9375  5.39703e-01  5.55272e-01  4.73301e-01  6.64026e-02
   6795.26  6711.5625  5.53184e-01  5.53091e-01  4.81011e-01  7.21724e-02
   6823.81  6712.1875  5.58962e-01  5.57257e-01  4.84943e-01  7.40182e-02
   6852.36  6712.8125  5.66803e-01  5.64876e-01  4.93700e-01  7.31027e-02
   6880.91  6713.4375  5.62101e-01  5.89385e-01  4.92129e-01  6.99715e-02
   6909.46  6714.0625  5.30545e-01  5.17828e-01  4.61492e-01  6.90535e-02
   6938.02  6714.6875  5.09767e-01  4.91663e-01  4.40019e-01  6.97480e-02
   6966.57  6715.3125  5.11606e-01  5.28661e-01  4.43481e-01  6.81254e-02
   6995.12  6715.9375  5.32365e-01  4.77709e-01  4.67399e-01  6.49662e-02
   7023.67  6716.5625  5.62566e-01  6.52233e-01  5.02945e-01  5.96213e-02
   7052.22  6717.1875  5.20570e-01  4.97374e-01  4.65809e-01  5.47603e-02
   7080.77  6717.8125  4.72731e-01  4.46562e-01  4.15722e-01  5.70091e-02
   7109.32  6718.4375  4.68367e-01  4.71775e-01  4.08790e-01  5.95772e-02
   7137.87  6719.0625  4.71033e-01  4.82013e-01  4.10688e-01  6.03451e-02
   7166.42  6719.6875  4.80553e-01  4.40354e-01  4.18128e-01  6.24256e-02
   7194.97  6720.3125  5.11234e-01  5.56583e-01  4.50092e-01  6.11424e-02
   7223.53  6720.9375  5.37999e-01  4.82799e-01  4.79698e-01  5.83011e-02
   7252.08  6721.5625  5.94755e-01  6.23536e-01  5.37485e-01  5.72694e-02
   7280.63  6722.1875  6.39055e-01  6.45128e-01  5.83424e-01  5.56310e-02
   7309.18  6722.8125  6.19135e-01  6.87817e-01  5.65301e-01  5.38339e-02
   7337.73  6723.4375  5.26903e-01  4.89054e-01  4.76206e-01  5.06976e-02
   7366.28  6724.0625  4.66791e-01  4.29482e-01  4.13454e-01  5.33371e-02
   7394.83  6724.6875  4.88404e-01  4.67863e-01  4.30457e-01  5.79475e-02
   7423.38  6725.3125  5.36611e-01  5.77389e-01  4.80403e-01  5.62080e-02
   7451.93  6725.9375  5.41935e-01  5.45104e-01  4.85785e-01  5.61495e-02
   7480.48  6726.5625  5.18757e-01  5.20151e-01  4.63000e-01  5.57574e-02
   7509.04  6727.1875  5.04392e-01  4.81465e-01  4.52208e-01  5.21837e-02
   7537.59  6727.8125  5.21186e-01  5.19360e-01  4.71567e-01  4.96189e-02
   7566.14  6728.4375  5.55873e-01  5.50376e-01  5.04161e-01  5.17123e-02
   7594.69  6729.0625  5.69105e-01  6.21213e-01  5.17471e-01  5.16335e-02
   7623.24  6729.6875  5.35395e-01  5.04270e-01  4.89915e-01  4.54796e-02
   7651.79  6730.3125  5.18314e-01  5.06963e-01  4.73433e-01  4.48806e-02
   7680.34  6730.9375  5.26314e-01  5.38013e-01  4.78133e-01  4.81812e-02
   7708.89  6731.5625  5.26890e-01  5.28970e-01  4.72566e-01  5.43240e-02
   7737.44  6732.1875  5.38433e-01  4.99763e-01  4.82068e-01  5.63651e-02
   7765.99  6732.8125  5.51857e-01  6.35896e-01  4.99620e-01  5.22369e-02
   7794.55  6733.4375  5.28962e-01  4.40821e-01  4.80505e-01  4.84570e-02
   7823.10  6734.0625  5.51685e-01  5.86512e-01  5.05349e-01  4.63361e-02
   7851.65  6734.6875  5.58664e-01  5.92974e-01  5.14156e-01  4.45080e-02
   7880.20  6735.3125  5.20284e-01  4.91177e-01  4.76595e-01  4.36890e-02
   7908.75  6735.9375  5.13306e-01  4.87739e-01  4.67852e-01  4.54540e-02
   7937.30  6736.5625  5.40652e-01  5.66988e-01  4.92172e-01  4.84800e-02
   7965.85  6737.1875  5.40421e-01  5.55152e-01  4.91110e-01  4.93113e-02
   7994.40  6737.8125  5.09228e-01  5.05589e-01  4.63825e-01  4.54026e-02
   8022.95  6738.4375  5.03389e-01  4.51901e-01  4.61100e-01  4.22898e-02
   8051.51  6739.0625  5.49895e-01  5.79054e-01  5.08722e-01  4.11731e-02
   8080.06  6739.6875  5.81590e-01  5.95010e-01  5.39927e-01  4.16629e-02
   8108.61  6740.3125  5.90077e-01  5.68351e-01  5.47626e-01  4.24502e-02
   8137.16  6740.9375  5.76611e-01  6.48281e-01  5.33412e-01  4.31994e-02
   8165.71  6741.5625  5.13162e-01  4.59166e-01  4.69624e-01  4.35385e-02
   8194.26  6742.1875  4.83204e-01  4.77925e-01  4.43477e-01  3.97262e-02
   8222.81  6742.8125  5.05539e-01  4.78637e-01  4.68725e-01  3.68139e-02
   8251.36  6743.4375  5.40836e-01  5.86959e-01  5.04287e-01  3.65483e-02
   8279.91  6744.0625  5.31784e-01  5.31902e-01  4.96964e-01  3.48197e-02
   8308.46  6744.6875  5.12519e-01  4.84022e-01  4.78341e-01  3.41786e-02
   8337.02  6745.3125  5.23728e-01  5.32279e-01  4.88107e-01  3.56212e-02
   8365.57  6745.9375  5.26570e-01  5.50235e-01  4.88862e-01  3.77081e-02
   8394.12  6746.5625  4.95390e-01  4.93520e-01  4.60027e-01  3.53635e-02
   8422.67  6747.1875  4.66957e-01  4.43426e-01  4.31860e-01  3.50965e-02
   8451.22  6747.8125  4.80895e-01  4.62026e-01  4.42459e-01  3.84363e-02
   8479.77  6748.4375  5.18844e-01  5.45297e-01  4.79447e-01  3.93977e-02
   8508.32  6749.0625  5.38897e-01  5.27519e-01  5.02694e-01  3.62028e-02
   8536.87  6749.6875  5.31272e-01  5.79532e-01  4.93739e-01  3.75334e-02
   8565.42  6750.3125  4.99456e-01  4.41754e-01  4.61406e-01  3.80499e-02
   8593.97  6750.9375  5.06455e-01  5.25884e-01  4.68965e-01  3.74903e-02
   8622.53  6751.5625  5.56679e-01  4.90636e-01  5.23008e-01  3.36709e-02
   8651.08  6752.1875  6.06180e-01  7.38421e-01  5.72342e-01  3.38379e-02
   8679.63  6752.8125  5.45802e-01  5.04418e-01  5.14574e-01  3.12277e-02
   8708.18  6753.4375  4.99763e-01  4.35054e-01  4.72098e-01  2.76648e-02
   8736.73  6754.0625  5.23322e-01  5.86683e-01  4.95363e-01  2.79590e-02
   8765.28  6754.6875  5.19661e-01  4.91314e-01  4.89930e-01  2.97314e-02
   8793.83  6755.3125  5.05688e-01  5.26583e-01  4.74689e-01  3.09988e-02
   8822.38  6755.9375  4.97387e-01  4.66592e-01  4.65194e-01  3.21925e-02
   8850.93  6756.5625  5.12975e-01  5.20118e-01  4.81852e-01  3.11232e-02
   8879.49  6757.1875  5.18385e-01  5.52828e-01  4.85444e-01  3.29411e-02
   8908.04  6757.8125  5.13506e-01  4.45953e-01  4.76813e-01  3.66927e-02
   8936.59  6758.4375  5.39827e-01  6.02128e-01  5.04856e-01  3.49710e-02
   8965.14  6759.0625  5.26922e-01  5.22764e-01  4.98701e-01  2.82207e-02
   8993.69  6759.6875  5.09111e-01  4.65312e-01  4.83050e-01  2.60608e-02
   9022.24  6760.3125  5.22252e-01  5.68206e-01  4.95292e-01  2.69606e-02
   9050.79  6760.9375  5.03191e-01  5.00932e-01  4.74025e-01  2.91651e-02
   9079.34  6761.5625  4.76211e-01  4.49434e-01  4.44752e-01  3.14590e-02
   9107.89  6762.1875  4.73287e-01  4.93265e-01  4.41625e-01  3.16629e-02
   9136.44  6762.8125  4.71839e-01  4.52308e-01  4.41281e-01  3.05578e-02
   9165.00  6763.4375  4.82534e-01  4.86870e-01  4.52735e-01  2.97988e-02
   9193.55  6764.0625  4.96644e-01  4.98810e-01  4.65152e-01  3.14920e-02
   9222.10  6764.6875  4.95142e-01  5.13676e-01  4.64887e-01  3.02552e-02
   9250.65  6765.3125  4.77134e-01  4.61598e-01  4.48248e-01  2.88868e-02
   9279.20  6765.9375  4.71814e-01  4.64595e-01  4.45052e-01  2.67624e-02
   9307.75  6766.5625  4.70672e-01  4.99199e-01  4.46074e-01  2.45976e-02
   9336.30  6767.1875  4.86097e-01  3.99103e-01  4.59992e-01  2.61044e-02
   9364.85  6767.8125  5.44082e-01  6.37962e-01  5.14393e-01  2.96897e-02
   9393.40  6768.4375  5.40350e-01  5.22499e-01  5.09126e-01  3.12242e-02
   9421.95  6769.0625  5.20481e-01  4.94929e-01  4.90928e-01  2.95534e-02
   9450.51  6769.6875  5.17388e-01  5.59151e-01  4.89118e-01  2.82697e-02
   9479.06  6770.3125  4.84853e-01  4.70146e-01  4.60166e-01  2.46870e-02
   9507.61  6770.9375  4.66472e-01  4.34106e-01  4.43401e-01  2.30707e-02
   9536.16  6771.5625  4.88175e-01  5.05455e-01  4.61873e-01  2.63019e-02
   9564.71  6772.1875  5.02515e-01  5.08899e-01  4.76015e-01  2.64997e-02
   9593.26  6772.8125  4.89708e-01  5.06748e-01  4.65917e-01  2.37913e-02
   9621.81  6773.4375  4.73132e-01  4.35082e-01  4.48874e-01  2.42587e-02
   9650.36  6774.0625  5.01931e-01  4.91924e-01  4.74883e-01  2.70479e-02
   9678.91  6774.6875  5.46312e-01  5.78625e-01  5.19743e-01  2.65686e-02
   9707.47  6775.3125  5.42791e-01  5.63778e-01  5.20728e-01  2.20632e-02
   9736.02  6775.9375  5.02991e-01  4.84093e-01  4.82441e-01  2.05507e-02
   9764.57  6776.5625  4.71808e-01  4.79245e-01  4.51366e-01  2.04420e-02
   9793.12  6777.1875  4.71268e-01  4.20752e-01  4.51135e-01  2.01330e-02
   9821.67  6777.8125  5.15988e-01  5.45823e-01  4.95877e-01  2.01109e-02
   9850.22  6778.4375  5.44628e-01  5.53631e-01  5.23539e-01  2.10886e-02
   9878.77  6779.0625  5.26787e-01  5.59173e-01  5.05080e-01  2.17066e-02
   9907.32  6779.6875  4.89866e-01  4.39081e-01  4.68443e-01  2.14228e-02
   9935.87  6780.3125  4.96830e-01  5.02274e-01  4.76711e-01  2.01185e-02
   9964.42  6780.9375  5.13093e-01  5.35369e-01  4.91743e-01  2.13497e-02
   9992.98  6781.5625  5.03437e-01  4.94394e-01  4.82835e-01  2.06019e-02
  10021.53  6782.1875  4.89795e-01  4.92883e-01  4.69457e-01  2.03379e-02
  10050.08  6782.8125  4.73766e-01  4.81601e-01  4.50832e-01  2.29340e-02
  10078.63  6783.4375  4.74034e-01  4.24757e-01  4.50773e-01  2.32610e-02
  10107.18  6784.0625  5.08662e-01  5.55126e-01  4.88355e-01  2.03067e-02
  10135.73  6784.6875  5.36665e-01  4.90441e-01  5.16455e-01  2.02093e-02
  10164.28  6785.3125  5.60047e-01  6.28120e-01  5.39285e-01  2.07621e-02
  10192.83  6785.9375  5.47334e-01  4.99749e-01  5.27379e-01  1.99553e-02
  10221.38  6786.5625  5.46841e-01  5.64898e-01  5.26090e-01  2.07509e-02
  10249.93  6787.1875  5.40271e-01  5.56868e-01  5.18610e-01  2.16606e-02
  10278.49  6787.8125  5.26032e-01  4.83294e-01  5.05296e-01  2.07366e-02
  10307.04  6788.4375  5.21321e-01  5.85010e-01  5.02700e-01  1.86217e-02
  10335.59  6789.0625  4.90712e-01  4.33830e-01  4.74881e-01  1.58314e-02
  10364.14  6789.6875  4.83331e-01  5.09079e-01  4.67443e-01  1.58882e-02
  10392.69  6790.3125  4.80345e-01  4.72304e-01  4.62505e-01  1.78407e-02
  10421.24  6790.9375  4.99432e-01  4.55641e-01  4.79796e-01  1.96357e-02
  10449.79  6791.5625  5.48163e-01  6.00141e-01  5.27587e-01  2.05763e-02
  10478.34  6792.1875  5.38197e-01  5.69257e-01  5.17063e-01  2.11340e-02
  10506.89  6792.8125  5.03915e-01  4.24279e-01  4.83231e-01  2.06839e-02
  10535.45  6793.4375  5.34037e-01  5.67680e-01  5.14882e-01  1.91557e-02
  10564.00  6794.0625  5.51515e-01  5.77407e-01  5.35214e-01  1.63014e-02
  10592.55  6794.6875  5.23861e-01  5.09974e-01  5.09028e-01  1.48324e-02
  10621.10  6795.3125  4.79185e-01  5.12777e-01  4.62125e-01  1.70594e-02
  10649.65  6795.9375  4.30414e-01  3.75274e-01  4.11129e-01  1.92848e-02
  10678.20  6796.5625  4.30342e-01  4.40268e-01  4.10483e-01  1.98597e-02
  10706.75  6797.1875  4.64812e-01  4.36966e-01  4.45629e-01  1.91831e-02
  10735.30  6797.8125  5.06634e-01  5.50038e-01  4.87650e-01  1.89834e-02
  10763.85  6798.4375  5.20245e-01  4.98619e-01  5.03268e-01  1.69769e-02
  10792.40  6799.0625  5.36528e-01  5.35110e-01  5.21785e-01  1.47428e-02
  10820.96  6799.6875  5.37112e-01  5.86604e-01  5.24266e-01  1.28459e-02
  10849.51  6800.3125  4.90163e-01  4.63901e-01  4.78621e-01  1.15421e-02
  10878.06  6800.9375  4.65513e-01  4.36711e-01  4.51277e-01  1.42359e-02
  10906.61  6801.5625  4.88113e-01  4.95931e-01  4.69952e-01  1.81612e-02
  10935.16  6802.1875  5.05581e-01  5.28556e-01  4.87343e-01  1.82385e-02
  10963.71  6802.8125  5.05578e-01  4.78723e-01  4.88393e-01  1.71849e-02
  10992.26  6803.4375  5.38206e-01  5.17335e-01  5.21877e-01  1.63287e-02
  11020.81  6804.0625  5.82570e-01  6.34098e-01  5.69091e-01  1.34793e-02
  11049.36  6804.6875  5.63731e-01  5.77055e-01  5.51790e-01  1.19408e-02
  11077.91  6805.3125  5.02315e-01  4.95639e-01  4.90391e-01  1.19249e-02
  11106.47  6805.9375  4.72815e-01  4.17729e-01  4.58729e-01  1.40855e-02
  11135.02  6806.5625  5.07170e-01  5.28265e-01  4.90347e-01  1.68236e-02
  11163.57  6807.1875  5.36220e-01  5.54654e-01  5.19924e-01  1.62961e-02
  11192.12  6807.8125  5.35218e-01  5.24931e-01  5.21587e-01  1.36309e-02
  11220.67  6808.4375  5.26718e-01  5.44007e-01  5.14420e-01  1.22972e-02
  11249.22  6809.0625  5.20915e-01  4.85379e-01  5.08137e-01  1.27779e-02
  11277.77  6809.6875  5.25964e-01  5.70717e-01  5.13404e-01  1.25593e-02
  11306.32  6810.3125  5.04665e-01  4.83781e-01  4.93247e-01  1.14178e-02
  11334.87  6810.9375  4.82122e-01  4.88523e-01  4.70875e-01  1.12465e-02
  11363.43  6811.5625  4.74402e-01  4.53126e-01  4.63773e-01  1.06286e-02
  11391.98  6812.1875  4.80182e-01  5.00469e-01  4.68876e-01  1.13056e-02
  11420.53  6812.8125  4.82533e-01  4.65327e-01  4.68024e-01  1.45088e-02
  11449.08  6813.4375  5.05607e-01  4.89282e-01  4.90959e-01  1.46471e-02
  11477.63  6814.0625  5.48027e-01  5.66754e-01  5.33768e-01  1.42589e-02
  11506.18  6814.6875  5.60208e-01  5.85946e-01  5.43919e-01  1.62897e-02
  11534.73  6815.3125  5.26487e-01  5.28866e-01  5.08757e-01  1.77297e-02
  11563.28  6815.9375  4.90370e-01  4.63987e-01  4.74159e-01  1.62116e-02
  11591.83  6816.5625  5.02765e-01  4.74476e-01  4.90379e-01  1.23860e-02
  11620.38  6817.1875  5.38278e-01  5.89032e-01  5.26111e-01  1.21669e-02
  11648.94  6817.8125  5.30564e-01  5.22266e-01  5.17105e-01  1.34586e-02
  11677.49  6818.4375  5.27236e-01  4.85702e-01  5.13343e-01  1.38925e-02
  11706.04  6819.0625  5.45161e-01  6.06407e-01  5.31880e-01  1.32817e-02
  11734.59  6819.6875  5.03810e-01  5.11646e-01  4.89639e-01  1.41707e-02
  11763.14  6820.3125  4.47789e-01  3.96064e-01  4.32135e-01  1.56534e-02
  11791.69  6820.9375  4.56758e-01  4.50727e-01  4.43241e-01  1.35175e-02
  11820.24  6821.5625  4.88303e-01  5.16027e-01  4.77714e-01  1.05890e-02
  11848.79  6822.1875  4.90363e-01  4.87383e-01  4.80454e-01  9.90873e-03
  11877.34  6822.8125  4.85667e-01  4.74898e-01  4.74964e-01  1.07037e-02
  11905.89  6823.4375  4.89253e-01  5.02832e-01  4.78393e-01  1.08605e-02
  11934.45  6824.0625  5.00901e-01  4.66092e-01  4.90507e-01  1.03939e-02
  11963.00  6824.6875  5.20978e-01  5.71007e-01  5.09828e-01  1.11497e-02
  11991.55  6825.3125  5.00541e-01  4.92301e-01  4.88542e-01  1.19988e-02
  12020.10  6825.9375  4.74678e-01  4.54532e-01  4.62012e-01  1.26663e-02
  12048.65  6826.5625  4.87338e-01  4.72118e-01  4.73983e-01  1.33543e-02
  12077.20  6827.1875  5.14337e-01  5.43969e-01  5.00112e-01  1.42249e-02
  12105.75  6827.8125  5.03928e-01  5.19249e-01  4.88627e-01  1.53015e-02
  12134.30  6828.4375  4.83441e-01  4.36016e-01  4.69840e-01  1.36009e-02
  12162.85  6829.0625  4.99479e-01  5.26580e-01  4.86202e-01  1.32768e-02
  12191.40  6829.6875  5.03939e-01  5.08192e-01  4.89539e-01  1.43998e-02
  12219.96  6830.3125  4.71205e-01  5.02466e-01  4.56740e-01  1.44657e-02
  12248.51  6830.9375  4.37665e-01  3.64664e-01  4.23364e-01  1.43012e-02
  12277.06  6831.5625  4.78836e-01  4.79746e-01  4.62245e-01  1.65907e-02
  12305.61  6832.1875  5.08690e-01  6.00907e-01  4.92455e-01  1.62344e-02
  12334.16  6832.8125  4.65151e-01  3.86045e-01  4.51572e-01  1.35797e-02
  12362.71  6833.4375  4.63682e-01  4.72720e-01  4.52287e-01  1.13958e-02
  12391.26  6834.0625  4.67603e-01  5.18831e-01  4.58357e-01  9.24649e-03
  12419.81  6834.6875  4.59460e-01  3.57327e-01  4.48963e-01  1.04972e-02
  12448.36  6835.3125  5.01472e-01  5.91798e-01  4.88266e-01  1.32068e-02
  12476.92  6835.9375  4.88924e-01  4.81049e-01  4.77472e-01  1.14519e-02
  12505.47  6836.5625  4.50311e-01  4.24595e-01  4.40913e-01  9.39812e-03
  12534.02  6837.1875  4.36336e-01  4.57324e-01  4.27386e-01  8.94945e-03
  12562.57  6837.8125  4.34411e-01  3.93021e-01  4.25051e-01  9.35955e-03
  12591.12  6838.4375  4.57278e-01  4.89676e-01  4.48384e-01  8.89385e-03
  12619.67  6839.0625  4.76720e-01  4.47002e-01  4.67468e-01  9.25212e-03
  12648.22  6839.6875  4.72677e-01  5.49433e-01  4.63229e-01  9.44814e-03
  12676.77  6840.3125  4.16532e-01  3.62483e-01  4.06542e-01  9.99061e-03
  12705.32  6840.9375  3.98422e-01  3.78732e-01  3.89456e-01  8.96599e-03
  12733.87  6841.5625  4.27062e-01  4.43281e-01  4.20605e-01  6.45710e-03
  12762.43  6842.1875  4.48714e-01  4.47198e-01  4.41977e-01  6.73758e-03
  12790.98  6842.8125  4.59992e-01  4.64483e-01  4.51853e-01  8.13888e-03
  12819.53  6843.4375  4.61397e-01  4.69819e-01  4.50741e-01  1.06564e-02
  12848.08  6844.0625  4.62600e-01  4.38114e-01  4.52160e-01  1.04398e-02
  12876.63  6844.6875  4.70554e-01  5.05746e-01  4.62469e-01  8.08454e-03
  12905.18  6845.3125  4.59147e-01  4.37848e-01  4.51638e-01  7.50819e-03
  12933.73  6845.9375  4.57227e-01  4.54424e-01  4.49883e-01  7.34351e-03
  12962.28  6846.5625  4.68236e-01  4.71928e-01  4.60422e-01  7.81446e-03
  12990.83  6847.1875  4.70087e-01  4.80457e-01  4.61033e-01  9.05354e-03
  13019.38  6847.8125  4.51463e-01  4.61095e-01  4.43306e-01  8.15698e-03
  13047.94  6848.4375  4.37089e-01  3.96085e-01  4.29709e-01  7.38010e-03
  13076.49  6849.0625  4.46712e-01  4.87947e-01  4.39513e-01  7.19872e-03
  13105.04  6849.6875  4.35843e-01  4.20485e-01  4.28662e-01  7.18118e-03
  13133.59  6850.3125  4.33807e-01  4.13960e-01  4.26910e-01  6.89699e-03
  13162.14  6850.9375  4.63912e-01  4.66461e-01  4.56480e-01  7.43234e-03
  13190.69  6851.5625  4.90073e-01  5.11861e-01  4.80757e-01  9.31637e-03
  13219.24  6852.1875  4.86973e-01  4.85670e-01  4.76170e-01  1.08030e-02
  13247.79  6852.8125  4.73892e-01  4.72638e-01  4.65004e-01  8.88799e-03
  13276.34  6853.4375  4.76530e-01  4.51910e-01  4.69191e-01  7.33844e-03
  13304.90  6854.0625  4.95880e-01  5.25125e-01  4.89009e-01  6.87045e-03
  13333.45  6854.6875  5.04955e-01  4.82103e-01  4.97696e-01  7.25916e-03
  13362.00  6855.3125  5.23102e-01  5.28293e-01  5.16285e-01  6.81725e-03
  13390.55  6855.9375  5.24182e-01  5.63553e-01  5.18735e-01  5.44710e-03
  13419.10  6856.5625  4.85330e-01  4.59479e-01  4.80425e-01  4.90517e-03
  13447.65  6857.1875  4.46167e-01  4.65794e-01  4.41408e-01  4.75878e-03
  13476.20  6857.8125  4.17628e-01  3.80558e-01  4.11905e-01  5.72322e-03
  13504.75  6858.4375  4.25169e-01  4.28796e-01  4.17152e-01  8.01657e-03
  13533.30  6859.0625  4.46726e-01  4.52376e-01  4.36389e-01  1.03379e-02
  13561.85  6859.6875  4.66907e-01  4.53668e-01  4.56758e-01  1.01494e-02
  13590.41  6860.3125  4.85199e-01  5.12311e-01  4.76579e-01  8.61970e-03
  13618.96  6860.9375  4.85795e-01  4.68852e-01  4.78599e-01  7.19556e-03
  13647.51  6861.5625  4.98444e-01  4.88649e-01  4.92558e-01  5.88637e-03
  13676.06  6862.1875  5.24723e-01  5.39598e-01  5.19274e-01  5.44945e-03
  13704.61  6862.8125  5.38682e-01  5.35042e-01  5.34070e-01  4.61273e-03
  13733.16  6863.4375  5.28444e-01  5.63864e-01  5.23831e-01  4.61312e-03
  13761.71  6864.0625  4.93781e-01  4.58055e-01  4.88588e-01  5.19348e-03
  13790.26  6864.6875  4.75508e-01  4.91938e-01  4.70665e-01  4.84328e-03
  13818.81  6865.3125  4.58066e-01  4.55872e-01  4.51977e-01  6.08918e-03
  13847.36  6865.9375  4.49726e-01  4.23618e-01  4.41907e-01  7.81982e-03
  13875.92  6866.5625  4.60257e-01  4.88367e-01  4.52712e-01  7.54447e-03
  13904.47  6867.1875  4.57670e-01  4.44955e-01  4.51662e-01  6.00737e-03
  13933.02  6867.8125  4.68992e-01  4.46780e-01  4.61553e-01  7.43949e-03
  13961.57  6868.4375  5.09371e-01  5.20507e-01  5.01144e-01  8.22738e-03
  13990.12  6869.0625  5.38194e-01  5.56056e-01  5.29467e-01  8.72679e-03
  14018.67  6869.6875  5.39540e-01  5.34675e-01  5.29925e-01  9.61536e-03
  14047.22  6870.3125  5.26764e-01  5.42372e-01  5.18818e-01  7.94540e-03
  14075.77  6870.9375  4.99081e-01  4.94473e-01  4.93678e-01  5.40291e-03
  14104.32  6871.5625  4.81901e-01  4.59391e-01  4.76954e-01  4.94699e-03
  14132.88  6872.1875  4.94667e-01  4.97336e-01  4.89142e-01  5.52497e-03
  14161.43  6872.8125  5.05077e-01  5.27135e-01  4.98724e-01  6.35280e-03
  14189.98  6873.4375  4.99659e-01  4.76042e-01  4.93331e-01  6.32755e-03
  14218.53  6874.0625  5.11739e-01  5.09603e-01  5.06071e-01  5.66798e-03
  14247.08  6874.6875  5.11682e-01  5.62678e-01  5.06774e-01  4.90848e-03
  14275.63  6875.3125  4.87912e-01  4.17165e-01  4.83322e-01  4.59081e-03
  14304.18  6875.9375  5.11809e-01  5.35647e-01  5.06894e-01  4.91484e-03
  14332.73  6876.5625  5.24547e-01  5.62375e-01  5.19523e-01  5.02364e-03
  14361.28  6877.1875  5.12080e-01  4.45822e-01  5.07633e-01  4.44656e-03
  14389.83  6877.8125  5.16493e-01  5.99216e-01  5.12438e-01  4.05476e-03
  14418.39  6878.4375  4.94072e-01  4.18660e-01  4.90277e-01  3.79450e-03
  14446.94  6879.0625  5.00893e-01  5.39127e-01  4.97102e-01  3.79098e-03
  14475.49  6879.6875  4.96602e-01  5.02726e-01  4.91466e-01  5.13580e-03
  14504.04  6880.3125  4.76932e-01  4.54981e-01  4.72011e-01  4.92047e-03
  14532.59  6880.9375  4.83304e-01  4.80854e-01  4.78944e-01  4.35944e-03
  14561.14  6881.5625  5.09637e-01  5.01256e-01  5.04382e-01  5.25492e-03
  14589.69  6882.1875  5.21370e-01  5.69231e-01  5.14581e-01  6.78889e-03
  14618.24  6882.8125  4.93727e-01  4.61469e-01  4.86984e-01  6.74353e-03
  14646.79  6883.4375  4.79388e-01  4.82651e-01  4.73554e-01  5.83396e-03
  14675.34  6884.0625  4.93279e-01  4.66285e-01  4.87478e-01  5.80100e-03
  14703.90  6884.6875  5.11796e-01  5.64661e-01  5.04966e-01  6.83019e-03
  14732.45  6885.3125  5.02549e-01  4.57523e-01  4.95847e-01  6.70171e-03
  14761.00  6885.9375  5.09193e-01  5.30897e-01  5.03478e-01  5.71430e-03
  14789.55  6886.5625  5.15499e-01  5.10607e-01  5.10727e-01  4.77226e-03
  14818.10  6887.1875  5.19147e-01  5.15400e-01  5.14840e-01  4.30735e-03
  14846.65  6887.8125  5.31627e-01  5.28290e-01  5.27331e-01  4.29579e-03
  14875.20  6888.4375  5.43012e-01  5.55288e-01  5.38638e-01  4.37370e-03
  14903.75  6889.0625  5.31633e-01  5.47485e-01  5.26645e-01  4.98842e-03
  14932.30  6889.6875  5.11833e-01  4.78123e-01  5.06804e-01  5.02927e-03
  14960.86  6890.3125  5.18601e-01  5.31383e-01  5.13621e-01  4.97964e-03
  14989.41  6890.9375  5.17807e-01  5.36386e-01  5.12651e-01  5.15601e-03
  15017.96  6891.5625  5.01242e-01  4.75804e-01  4.97139e-01  4.10286e-03
  15046.51  6892.1875  5.09335e-01  5.03926e-01  5.05488e-01  3.84701e-03
  15075.06  6892.8125  5.24577e-01  5.49542e-01  5.18926e-01  5.65131e-03
  15103.61  6893.4375  5.14414e-01  5.08115e-01  5.09359e-01  5.05470e-03
  15132.16  6894.0625  4.98085e-01  4.98228e-01  4.95046e-01  3.03897e-03
  15160.71  6894.6875  4.93198e-01  4.77792e-01  4.90881e-01  2.31652e-03
  15189.26  6895.3125  4.95939e-01  5.17921e-01  4.93310e-01  2.62913e-03
  15217.81  6895.9375  4.81341e-01  4.75773e-01  4.78184e-01  3.15748e-03
  15246.37  6896.5625  4.52551e-01  4.70170e-01  4.49491e-01  3.05956e-03
  15274.92  6897.1875  4.37492e-01  3.79540e-01  4.35015e-01  2.47695e-03
  15303.47  6897.8125  4.74092e-01  4.95698e-01  4.71581e-01  2.51108e-03
  15332.02  6898.4375  4.82271e-01  5.42840e-01  4.79248e-01  3.02227e-03
  15360.57  6899.0625  4.44449e-01  3.66544e-01  4.40933e-01  3.51609e-03
  15389.12  6899.6875  4.54018e-01  4.88096e-01  4.50563e-01  3.45544e-03
  15417.67  6900.3125  4.90218e-01  4.42999e-01  4.87140e-01  3.07797e-03
  15446.22  6900.9375  5.36385e-01  5.94765e-01  5.33793e-01  2.59216e-03
  15474.77  6901.5625  5.35845e-01  5.26933e-01  5.33771e-01  2.07365e-03
  15503.32  6902.1875  4.88807e-01  5.32618e-01  4.86486e-01  2.32077e-03
  15531.88  6902.8125  4.27407e-01  3.62423e-01  4.23761e-01  3.64587e-03
  15560.43  6903.4375  4.44893e-01  4.10654e-01  4.40067e-01  4.82528e-03
  15588.98  6904.0625  5.00913e-01  5.76433e-01  4.96086e-01  4.82731e-03
  15617.53  6904.6875  4.92653e-01  4.71087e-01  4.88460e-01  4.19364e-03
  15646.08  6905.3125  4.74217e-01  4.62275e-01  4.69665e-01  4.55180e-03
  15674.63  6905.9375  4.61242e-01  4.98890e-01  4.56348e-01  4.89370e-03
  15703.18  6906.5625  4.40383e-01  3.84458e-01  4.36033e-01  4.35004e-03
  15731.73  6907.1875  4.74180e-01  4.67494e-01  4.70577e-01  3.60335e-03
  15760.28  6907.8125  5.22449e-01  5.68481e-01  5.19316e-01  3.13308e-03
  15788.84  6908.4375  5.25755e-01  5.05433e-01  5.23040e-01  2.71452e-03
  15817.39  6909.0625  4.99356e-01  5.50470e-01  4.96390e-01  2.96561e-03
  15845.94  6909.6875  4.53734e-01  3.90761e-01  4.50649e-01  3.08512e-03
  15874.49  6910.3125  4.60854e-01  4.62426e-01  4.58239e-01  2.61532e-03
  15903.04  6910.9375  4.98969e-01  5.03675e-01  4.96864e-01  2.10513e-03
  15931.59  6911.5625  5.20957e-01  5.38857e-01  5.18669e-01  2.28796e-03
  15960.14  6912.1875  5.12193e-01  5.18107e-01  5.09343e-01  2.84998e-03
  15988.69  6912.8125  4.85275e-01  4.87429e-01  4.81334e-01  3.94099e-03
  16017.24  6913.4375  4.84242e-01  4.25968e-01  4.79403e-01  4.83877e-03
  16045.79  6914.0625  5.16994e-01  5.89601e-01  5.13067e-01  3.92645e-03
  16074.35  6914.6875  5.14080e-01  4.69562e-01  5.10828e-01  3.25200e-03
  16102.90  6915.3125  5.09706e-01  5.41346e-01  5.06425e-01  3.28099e-03
  16131.45  6915.9375  4.98994e-01  4.81856e-01  4.95985e-01  3.00915e-03
  16160.00  6916.5625  5.07787e-01  4.81626e-01  5.05175e-01  2.61254e-03
  16188.55  6917.1875  5.30173e-01  5.81028e-01  5.27984e-01  2.18921e-03
  16217.10  6917.8125  5.08829e-01  4.98191e-01  5.06607e-01  2.22203e-03
  16245.65  6918.4375  4.93907e-01  4.56997e-01  4.90861e-01  3.04599e-03
  16274.20  6919.0625  5.27522e-01  5.34226e-01  5.23693e-01  3.82833e-03
  16302.75  6919.6875  5.50640e-01  5.92665e-01  5.46632e-01  4.00775e-03
  16331.30  6920.3125  5.34166e-01  5.01292e-01  5.31291e-01  2.87524e-03
  16359.86  6920.9375  5.25885e-01  5.42234e-01  5.23413e-01  2.47177e-03
  16388.41  6921.5625  5.12835e-01  5.13964e-01  5.10305e-01  2.53013e-03
  16416.96  6922.1875  4.78559e-01  5.00517e-01  4.76270e-01  2.28981e-03
  16445.51  6922.8125  4.54658e-01  3.84485e-01  4.52290e-01  2.36838e-03
  16474.06  6923.4375  4.82755e-01  5.30784e-01  4.80609e-01  2.14585e-03
  16502.61  6924.0625  5.00416e-01  4.78850e-01  4.98837e-01  1.57927e-03
  16531.16  6924.6875  4.99134e-01  5.35848e-01  4.97050e-01  2.08419e-03
  16559.71  6925.3125  4.84341e-01  4.43275e-01  4.80729e-01  3.61245e-03
  16588.26  6925.9375  4.86414e-01  5.12549e-01  4.81981e-01  4.43317e-03
  16616.81  6926.5625  4.70663e-01  4.85341e-01  4.67502e-01  3.16058e-03
  16645.37  6927.1875  4.59944e-01  3.92656e-01  4.57687e-01  2.25663e-03
  16673.92  6927.8125  4.96514e-01  5.50624e-01  4.93525e-01  2.98910e-03
  16702.47  6928.4375  5.03014e-01  4.99441e-01  4.98807e-01  4.20674e-03
  16731.02  6929.0625  4.79378e-01  4.89111e-01  4.75393e-01  3.98440e-03
  16759.57  6929.6875  4.71226e-01  4.22870e-01  4.67436e-01  3.79014e-03
  16788.12  6930.3125  5.03130e-01  5.36007e-01  4.98289e-01  4.84115e-03
  16816.67  6930.9375  5.34262e-01  5.06149e-01  5.28572e-01  5.68978e-03
  16845.22  6931.5625  5.34881e-01  6.20978e-01  5.30641e-01  4.24083e-03
  16873.77  6932.1875  4.83147e-01  4.04959e-01  4.80836e-01  2.31117e-03
  16902.33  6932.8125  4.70197e-01  4.93715e-01  4.68343e-01  1.85419e-03
  16930.88  6933.4375  4.69902e-01  4.71295e-01  4.67664e-01  2.23792e-03
  16959.43  6934.0625  4.60652e-01  4.52539e-01  4.57820e-01  2.83164e-03
  16987.98  6934.6875  4.52931e-01  4.66179e-01  4.48805e-01  4.12681e-03
  17016.53  6935.3125  4.41626e-01  4.25931e-01  4.37297e-01  4.32864e-03
  17045.08  6935.9375  4.39248e-01  4.48145e-01  4.36377e-01  2.87111e-03
  17073.63  6936.5625  4.53272e-01  4.19816e-01  4.51069e-01  2.20339e-03
  17102.18  6937.1875  4.86086e-01  5.20518e-01  4.83488e-01  2.59824e-03
  17130.73  6937.8125  4.92234e-01  4.94443e-01  4.89549e-01  2.68503e-03
  17159.28  6938.4375  4.87832e-01  4.67559e-01  4.84566e-01  3.26513e-03
  17187.84  6939.0625  5.03562e-01  5.09168e-01  4.99710e-01  3.85203e-03
  17216.39  6939.6875  5.09225e-01  5.36611e-01  5.05659e-01  3.56655e-03
  17244.94  6940.3125  5.02078e-01  4.54185e-01  4.99108e-01  2.96953e-03
  17273.49  6940.9375  4.99837e-01  5.73723e-01  4.97771e-01  2.06573e-03
  17302.04  6941.5625  4.72865e-01  3.94552e-01  4.71027e-01  1.83713e-03
  17330.59  6942.1875  4.75859e-01  5.29506e-01  4.72813e-01  3.04553e-03
  17359.14  6942.8125  4.74059e-01  4.37458e-01  4.70105e-01  3.95451e-03
  17387.69  6943.4375  4.84092e-01  4.96379e-01  4.79768e-01  4.32443e-03
  17416.24  6944.0625  5.00942e-01  4.94391e-01  4.97409e-01  3.53250e-03
  17444.79  6944.6875  5.02052e-01  5.33286e-01  4.98225e-01  3.82701e-03
  17473.35  6945.3125  4.76866e-01  4.57516e-01  4.72812e-01  4.05450e-03
  17501.90  6945.9375  4.63974e-01  4.56883e-01  4.60745e-01  3.22910e-03
  17530.45  6946.5625  4.83921e-01  4.60445e-01  4.81211e-01  2.70962e-03
  17559.00  6947.1875  5.12632e-01  5.59781e-01  5.10822e-01  1.81076e-03
  17587.55  6947.8125  5.12536e-01  4.80175e-01  5.10828e-01  1.70843e-03
  17616.10  6948.4375  5.27762e-01  5.26830e-01  5.25119e-01  2.64323e-03
  17644.65  6949.0625  5.51685e-01  5.69347e-01  5.48940e-01  2.74447e-03
  17673.20  6949.6875  5.56073e-01  5.52496e-01  5.53473e-01  2.60006e-03
