# day000.6  epoch=0.6d  L_Halpha=2.412e+40 erg/s  smooth_kms=25.0
# Columns:
#   1: Δv [km/s]      velocity offset from Hα (6562.81 Å), positive = redshift
#   2: lambda [Å]     observed wavelength
#   3: F_norm         total flux, smoothed, normalized to F_cont_baseline
#   4: F_norm_raw     total flux, RAW MC (no velocity smoothing)
#   5: F_cont_smooth  continuum-channel flux (continuum photons only)
#   6: F_vol_smooth   volumetric-channel flux (line emission contribution)
# Format: F_norm ≈ F_cont_smooth + F_vol_smooth (within MC noise)
# ----------------------------------------------------------------------------------------
 -16559.48  6200.3125  9.11339e-01  9.38899e-01  9.10924e-01  0.00000e+00
 -16530.93  6200.9375  9.42420e-01  8.07909e-01  9.42725e-01  0.00000e+00
 -16502.38  6201.5625  1.09223e+00  1.15196e+00  1.09337e+00  0.00000e+00
 -16473.83  6202.1875  1.13268e+00  1.32549e+00  1.13357e+00  0.00000e+00
 -16445.28  6202.8125  1.00047e+00  8.03488e-01  1.00087e+00  0.00000e+00
 -16416.73  6203.4375  9.64038e-01  1.04853e+00  9.64243e-01  0.00000e+00
 -16388.18  6204.0625  9.78868e-01  8.86948e-01  9.78305e-01  0.00000e+00
 -16359.63  6204.6875  9.79145e-01  1.13570e+00  9.78583e-01  0.00000e+00
 -16331.08  6205.3125  8.70225e-01  7.96083e-01  8.69836e-01  0.00000e+00
 -16302.53  6205.9375  8.08856e-01  7.41250e-01  8.08903e-01  0.00000e+00
 -16273.97  6206.5625  8.66804e-01  8.85251e-01  8.66878e-01  0.00000e+00
 -16245.42  6207.1875  9.46213e-01  9.36842e-01  9.45751e-01  0.00000e+00
 -16216.87  6207.8125  9.71958e-01  1.07057e+00  9.71796e-01  0.00000e+00
 -16188.32  6208.4375  9.22634e-01  8.35835e-01  9.23231e-01  0.00000e+00
 -16159.77  6209.0625  9.18760e-01  9.43153e-01  9.18649e-01  0.00000e+00
 -16131.22  6209.6875  9.94336e-01  8.83974e-01  9.92920e-01  0.00000e+00
 -16102.67  6210.3125  1.12320e+00  1.25950e+00  1.12211e+00  0.00000e+00
 -16074.12  6210.9375  1.14893e+00  1.13092e+00  1.14964e+00  0.00000e+00
 -16045.57  6211.5625  1.14754e+00  1.09575e+00  1.14954e+00  0.00000e+00
 -16017.01  6212.1875  1.16152e+00  1.26495e+00  1.16396e+00  0.00000e+00
 -15988.46  6212.8125  1.11288e+00  1.03614e+00  1.11438e+00  0.00000e+00
 -15959.91  6213.4375  1.04919e+00  1.14837e+00  1.04971e+00  0.00000e+00
 -15931.36  6214.0625  9.58942e-01  8.48738e-01  9.58914e-01  0.00000e+00
 -15902.81  6214.6875  8.89546e-01  1.00961e+00  8.89244e-01  0.00000e+00
 -15874.26  6215.3125  8.01551e-01  6.73887e-01  8.00869e-01  0.00000e+00
 -15845.71  6215.9375  8.24881e-01  8.05752e-01  8.24669e-01  0.00000e+00
 -15817.16  6216.5625  9.18614e-01  9.67159e-01  9.19386e-01  0.00000e+00
 -15788.61  6217.1875  9.81645e-01  9.51441e-01  9.82627e-01  0.00000e+00
 -15760.06  6217.8125  1.04586e+00  1.05832e+00  1.04565e+00  0.00000e+00
 -15731.50  6218.4375  1.06630e+00  1.13995e+00  1.06588e+00  0.00000e+00
 -15702.95  6219.0625  1.00283e+00  9.72540e-01  1.00310e+00  0.00000e+00
 -15674.40  6219.6875  9.74241e-01  9.03596e-01  9.74335e-01  0.00000e+00
 -15645.85  6220.3125  9.96883e-01  1.09571e+00  9.97022e-01  0.00000e+00
 -15617.30  6220.9375  9.48949e-01  9.21316e-01  9.49952e-01  0.00000e+00
 -15588.75  6221.5625  8.93403e-01  8.73279e-01  8.94111e-01  0.00000e+00
 -15560.20  6222.1875  8.99618e-01  8.65323e-01  8.99090e-01  0.00000e+00
 -15531.65  6222.8125  9.68802e-01  9.56372e-01  9.67418e-01  0.00000e+00
 -15503.10  6223.4375  1.01778e+00  1.12170e+00  1.01593e+00  0.00000e+00
 -15474.55  6224.0625  1.02075e+00  8.76612e-01  1.01888e+00  0.00000e+00
 -15445.99  6224.6875  1.08646e+00  1.19392e+00  1.08477e+00  0.00000e+00
 -15417.44  6225.3125  1.05990e+00  1.11401e+00  1.05842e+00  0.00000e+00
 -15388.89  6225.9375  9.10101e-01  9.02500e-01  9.09189e-01  0.00000e+00
 -15360.34  6226.5625  8.19199e-01  6.76051e-01  8.18691e-01  0.00000e+00
 -15331.79  6227.1875  8.91394e-01  9.40310e-01  8.90867e-01  0.00000e+00
 -15303.24  6227.8125  9.64858e-01  1.00359e+00  9.64222e-01  0.00000e+00
 -15274.69  6228.4375  1.00559e+00  9.25970e-01  1.00564e+00  0.00000e+00
 -15246.14  6229.0625  1.05149e+00  1.17923e+00  1.05151e+00  0.00000e+00
 -15217.59  6229.6875  1.01017e+00  9.52571e-01  1.00970e+00  0.00000e+00
 -15189.03  6230.3125  9.87041e-01  9.56196e-01  9.86718e-01  0.00000e+00
 -15160.48  6230.9375  9.91572e-01  1.06730e+00  9.91327e-01  0.00000e+00
 -15131.93  6231.5625  9.50280e-01  8.94097e-01  9.50109e-01  0.00000e+00
 -15103.38  6232.1875  9.47399e-01  9.35270e-01  9.47366e-01  0.00000e+00
 -15074.83  6232.8125  1.00347e+00  9.77405e-01  1.00289e+00  0.00000e+00
 -15046.28  6233.4375  1.02803e+00  1.16116e+00  1.02779e+00  0.00000e+00
 -15017.73  6234.0625  9.80074e-01  8.27722e-01  9.80643e-01  0.00000e+00
 -14989.18  6234.6875  9.96361e-01  1.09622e+00  9.96585e-01  0.00000e+00
 -14960.63  6235.3125  9.91185e-01  9.49928e-01  9.90687e-01  0.00000e+00
 -14932.08  6235.9375  9.63676e-01  1.00161e+00  9.63420e-01  0.00000e+00
 -14903.52  6236.5625  9.24609e-01  8.94819e-01  9.24814e-01  0.00000e+00
 -14874.97  6237.1875  8.98946e-01  9.09605e-01  8.98793e-01  0.00000e+00
 -14846.42  6237.8125  9.05420e-01  8.56968e-01  9.05500e-01  0.00000e+00
 -14817.87  6238.4375  9.71667e-01  9.68251e-01  9.72650e-01  0.00000e+00
 -14789.32  6239.0625  1.04529e+00  1.09077e+00  1.04678e+00  0.00000e+00
 -14760.77  6239.6875  1.08391e+00  1.04407e+00  1.08530e+00  0.00000e+00
 -14732.22  6240.3125  1.10943e+00  1.17427e+00  1.11072e+00  0.00000e+00
 -14703.67  6240.9375  1.08265e+00  1.06308e+00  1.08353e+00  0.00000e+00
 -14675.12  6241.5625  1.03603e+00  1.04805e+00  1.03637e+00  0.00000e+00
 -14646.57  6242.1875  9.70262e-01  9.92097e-01  9.70878e-01  0.00000e+00
 -14618.01  6242.8125  8.84518e-01  8.63707e-01  8.84739e-01  0.00000e+00
 -14589.46  6243.4375  8.65869e-01  7.75318e-01  8.64625e-01  0.00000e+00
 -14560.91  6244.0625  9.38006e-01  1.00338e+00  9.35883e-01  0.00000e+00
 -14532.36  6244.6875  9.38147e-01  1.00790e+00  9.36474e-01  0.00000e+00
 -14503.81  6245.3125  8.55989e-01  7.85534e-01  8.55425e-01  0.00000e+00
 -14475.26  6245.9375  9.07440e-01  7.63477e-01  9.07229e-01  0.00000e+00
 -14446.71  6246.5625  1.11898e+00  1.22956e+00  1.11744e+00  0.00000e+00
 -14418.16  6247.1875  1.17489e+00  1.34232e+00  1.17316e+00  0.00000e+00
 -14389.61  6247.8125  1.02415e+00  8.98860e-01  1.02385e+00  0.00000e+00
 -14361.06  6248.4375  9.90401e-01  8.92184e-01  9.91128e-01  0.00000e+00
 -14332.50  6249.0625  1.08311e+00  1.21273e+00  1.08373e+00  0.00000e+00
 -14303.95  6249.6875  1.11511e+00  1.02837e+00  1.11504e+00  0.00000e+00
 -14275.40  6250.3125  1.11104e+00  1.23994e+00  1.11079e+00  0.00000e+00
 -14246.85  6250.9375  1.02357e+00  9.57120e-01  1.02401e+00  0.00000e+00
 -14218.30  6251.5625  9.58548e-01  9.48868e-01  9.59079e-01  0.00000e+00
 -14189.75  6252.1875  9.88507e-01  9.05440e-01  9.88628e-01  0.00000e+00
 -14161.20  6252.8125  1.06231e+00  1.19049e+00  1.06179e+00  0.00000e+00
 -14132.65  6253.4375  1.06363e+00  9.86171e-01  1.06241e+00  0.00000e+00
 -14104.10  6254.0625  1.11005e+00  1.07985e+00  1.10825e+00  0.00000e+00
 -14075.54  6254.6875  1.20565e+00  1.25763e+00  1.20413e+00  0.00000e+00
 -14046.99  6255.3125  1.21601e+00  1.28134e+00  1.21504e+00  0.00000e+00
 -14018.44  6255.9375  1.15757e+00  1.07567e+00  1.15751e+00  0.00000e+00
 -13989.89  6256.5625  1.14892e+00  1.17297e+00  1.14906e+00  0.00000e+00
 -13961.34  6257.1875  1.10093e+00  1.20036e+00  1.10073e+00  0.00000e+00
 -13932.79  6257.8125  1.00139e+00  8.41984e-01  1.00195e+00  0.00000e+00
 -13904.24  6258.4375  9.86233e-01  1.09928e+00  9.87364e-01  0.00000e+00
 -13875.69  6259.0625  9.44317e-01  8.95598e-01  9.45273e-01  0.00000e+00
 -13847.14  6259.6875  9.20423e-01  8.91894e-01  9.21318e-01  0.00000e+00
 -13818.59  6260.3125  9.44652e-01  9.73711e-01  9.45279e-01  0.00000e+00
 -13790.03  6260.9375  9.84863e-01  9.23039e-01  9.85082e-01  0.00000e+00
 -13761.48  6261.5625  1.05343e+00  1.11386e+00  1.05322e+00  0.00000e+00
 -13732.93  6262.1875  1.06721e+00  1.08605e+00  1.06707e+00  0.00000e+00
 -13704.38  6262.8125  1.04158e+00  1.01170e+00  1.04176e+00  0.00000e+00
 -13675.83  6263.4375  1.07517e+00  1.01455e+00  1.07507e+00  0.00000e+00
 -13647.28  6264.0625  1.13390e+00  1.25527e+00  1.13423e+00  0.00000e+00
 -13618.73  6264.6875  1.07452e+00  1.06620e+00  1.07522e+00  0.00000e+00
 -13590.18  6265.3125  9.71746e-01  9.40980e-01  9.71791e-01  0.00000e+00
 -13561.63  6265.9375  8.96561e-01  9.28832e-01  8.95729e-01  0.00000e+00
 -13533.08  6266.5625  8.89960e-01  7.35127e-01  8.88627e-01  0.00000e+00
 -13504.52  6267.1875  1.02934e+00  1.08889e+00  1.02794e+00  0.00000e+00
 -13475.97  6267.8125  1.08718e+00  1.25581e+00  1.08656e+00  0.00000e+00
 -13447.42  6268.4375  1.01514e+00  7.97244e-01  1.01547e+00  0.00000e+00
 -13418.87  6269.0625  1.02909e+00  1.20236e+00  1.02998e+00  0.00000e+00
 -13390.32  6269.6875  1.01989e+00  8.78792e-01  1.02127e+00  0.00000e+00
 -13361.77  6270.3125  1.01963e+00  1.15518e+00  1.02091e+00  0.00000e+00
 -13333.22  6270.9375  9.36010e-01  9.11195e-01  9.36872e-01  0.00000e+00
 -13304.67  6271.5625  8.71486e-01  7.71875e-01  8.71688e-01  0.00000e+00
 -13276.12  6272.1875  9.82765e-01  9.14729e-01  9.82449e-01  0.00000e+00
 -13247.56  6272.8125  1.09333e+00  1.35466e+00  1.09348e+00  0.00000e+00
 -13219.01  6273.4375  9.96498e-01  8.32365e-01  9.96848e-01  0.00000e+00
 -13190.46  6274.0625  9.17849e-01  9.93715e-01  9.17637e-01  0.00000e+00
 -13161.91  6274.6875  8.69733e-01  8.08631e-01  8.69232e-01  0.00000e+00
 -13133.36  6275.3125  9.19915e-01  8.17127e-01  9.19747e-01  0.00000e+00
 -13104.81  6275.9375  1.03536e+00  1.20838e+00  1.03562e+00  0.00000e+00
 -13076.26  6276.5625  9.70789e-01  9.99425e-01  9.70428e-01  0.00000e+00
 -13047.71  6277.1875  8.37881e-01  7.20013e-01  8.37329e-01  0.00000e+00
 -13019.16  6277.8125  8.43825e-01  8.36815e-01  8.42766e-01  0.00000e+00
 -12990.61  6278.4375  9.33350e-01  9.24640e-01  9.31771e-01  0.00000e+00
 -12962.05  6279.0625  1.00527e+00  1.06789e+00  1.00334e+00  0.00000e+00
 -12933.50  6279.6875  1.00596e+00  9.90164e-01  1.00551e+00  0.00000e+00
 -12904.95  6280.3125  9.47902e-01  1.02034e+00  9.48941e-01  0.00000e+00
 -12876.40  6280.9375  8.42362e-01  7.78573e-01  8.43708e-01  0.00000e+00
 -12847.85  6281.5625  8.33138e-01  7.42502e-01  8.34884e-01  0.00000e+00
 -12819.30  6282.1875  9.66663e-01  9.87458e-01  9.68647e-01  0.00000e+00
 -12790.75  6282.8125  1.08693e+00  1.15309e+00  1.08843e+00  0.00000e+00
 -12762.20  6283.4375  1.06633e+00  1.14078e+00  1.06691e+00  0.00000e+00
 -12733.65  6284.0625  9.55637e-01  8.75136e-01  9.56100e-01  0.00000e+00
 -12705.10  6284.6875  9.31219e-01  8.87433e-01  9.31750e-01  0.00000e+00
 -12676.54  6285.3125  9.99566e-01  1.01793e+00  9.99240e-01  0.00000e+00
 -12647.99  6285.9375  1.04765e+00  1.08640e+00  1.04692e+00  0.00000e+00
 -12619.44  6286.5625  1.01042e+00  1.05349e+00  1.00991e+00  0.00000e+00
 -12590.89  6287.1875  9.47849e-01  8.62180e-01  9.47773e-01  0.00000e+00
 -12562.34  6287.8125  1.03171e+00  9.17555e-01  1.03161e+00  0.00000e+00
 -12533.79  6288.4375  1.14719e+00  1.43999e+00  1.14726e+00  0.00000e+00
 -12505.24  6289.0625  1.05430e+00  8.67580e-01  1.05494e+00  0.00000e+00
 -12476.69  6289.6875  9.87915e-01  1.07236e+00  9.87978e-01  0.00000e+00
 -12448.14  6290.3125  9.59842e-01  8.79510e-01  9.59917e-01  0.00000e+00
 -12419.58  6290.9375  9.77722e-01  1.01125e+00  9.77678e-01  0.00000e+00
 -12391.03  6291.5625  1.04847e+00  9.51263e-01  1.04817e+00  0.00000e+00
 -12362.48  6292.1875  1.10559e+00  1.31609e+00  1.10541e+00  0.00000e+00
 -12333.93  6292.8125  9.83754e-01  9.16867e-01  9.83577e-01  0.00000e+00
 -12305.38  6293.4375  8.96214e-01  7.80839e-01  8.96813e-01  0.00000e+00
 -12276.83  6294.0625  9.82106e-01  1.00195e+00  9.82469e-01  0.00000e+00
 -12248.28  6294.6875  1.07118e+00  1.13985e+00  1.07112e+00  0.00000e+00
 -12219.73  6295.3125  1.04634e+00  1.07674e+00  1.04681e+00  0.00000e+00
 -12191.18  6295.9375  1.01203e+00  8.79902e-01  1.01241e+00  0.00000e+00
 -12162.63  6296.5625  1.01824e+00  1.21356e+00  1.01891e+00  0.00000e+00
 -12134.07  6297.1875  9.09854e-01  8.03686e-01  9.10479e-01  0.00000e+00
 -12105.52  6297.8125  8.67834e-01  7.99883e-01  8.68175e-01  0.00000e+00
 -12076.97  6298.4375  9.29130e-01  1.00350e+00  9.30301e-01  0.00000e+00
 -12048.42  6299.0625  9.34895e-01  9.37440e-01  9.35715e-01  0.00000e+00
 -12019.87  6299.6875  9.01356e-01  8.92147e-01  9.01027e-01  0.00000e+00
 -11991.32  6300.3125  9.00325e-01  8.54604e-01  8.99734e-01  0.00000e+00
 -11962.77  6300.9375  9.16510e-01  1.00913e+00  9.15965e-01  0.00000e+00
 -11934.22  6301.5625  9.48755e-01  7.54386e-01  9.48329e-01  0.00000e+00
 -11905.67  6302.1875  1.06861e+00  1.26239e+00  1.06821e+00  0.00000e+00
 -11877.12  6302.8125  1.05402e+00  1.03888e+00  1.05310e+00  0.00000e+00
 -11848.56  6303.4375  9.56516e-01  9.46242e-01  9.55682e-01  0.00000e+00
 -11820.01  6304.0625  9.09708e-01  8.53949e-01  9.08985e-01  0.00000e+00
 -11791.46  6304.6875  9.57164e-01  9.36580e-01  9.56347e-01  0.00000e+00
 -11762.91  6305.3125  1.06080e+00  1.06381e+00  1.06024e+00  0.00000e+00
 -11734.36  6305.9375  1.10846e+00  1.21833e+00  1.10907e+00  0.00000e+00
 -11705.81  6306.5625  1.02400e+00  1.00307e+00  1.02543e+00  0.00000e+00
 -11677.26  6307.1875  9.55287e-01  8.62125e-01  9.56135e-01  0.00000e+00
 -11648.71  6307.8125  9.81955e-01  1.04366e+00  9.82450e-01  0.00000e+00
 -11620.16  6308.4375  9.76379e-01  9.92828e-01  9.76928e-01  0.00000e+00
 -11591.60  6309.0625  9.61247e-01  8.81771e-01  9.61695e-01  0.00000e+00
 -11563.05  6309.6875  1.00891e+00  1.05572e+00  1.00874e+00  0.00000e+00
 -11534.50  6310.3125  1.00271e+00  1.07588e+00  1.00188e+00  0.00000e+00
 -11505.95  6310.9375  9.65192e-01  8.09577e-01  9.65247e-01  0.00000e+00
 -11477.40  6311.5625  1.04453e+00  1.11637e+00  1.04588e+00  0.00000e+00
 -11448.85  6312.1875  1.10199e+00  1.13518e+00  1.10303e+00  0.00000e+00
 -11420.30  6312.8125  1.10968e+00  1.05223e+00  1.10995e+00  0.00000e+00
 -11391.75  6313.4375  1.13446e+00  1.19424e+00  1.13533e+00  0.00000e+00
 -11363.20  6314.0625  1.10576e+00  1.11972e+00  1.10576e+00  0.00000e+00
 -11334.65  6314.6875  1.04083e+00  1.01425e+00  1.04078e+00  0.00000e+00
 -11306.09  6315.3125  1.01962e+00  9.93467e-01  1.02043e+00  0.00000e+00
 -11277.54  6315.9375  1.08618e+00  1.01284e+00  1.08631e+00  0.00000e+00
 -11248.99  6316.5625  1.13781e+00  1.35914e+00  1.13741e+00  0.00000e+00
 -11220.44  6317.1875  1.03122e+00  8.81747e-01  1.03188e+00  0.00000e+00
 -11191.89  6317.8125  1.00472e+00  9.76211e-01  1.00514e+00  0.00000e+00
 -11163.34  6318.4375  1.01722e+00  1.15817e+00  1.01635e+00  0.00000e+00
 -11134.79  6319.0625  9.23483e-01  8.26800e-01  9.23162e-01  0.00000e+00
 -11106.24  6319.6875  8.92845e-01  8.66315e-01  8.92959e-01  0.00000e+00
 -11077.69  6320.3125  9.98753e-01  9.15598e-01  9.98848e-01  0.00000e+00
 -11049.14  6320.9375  1.16534e+00  1.27650e+00  1.16609e+00  0.00000e+00
 -11020.58  6321.5625  1.19442e+00  1.26434e+00  1.19513e+00  0.00000e+00
 -10992.03  6322.1875  1.10675e+00  1.03779e+00  1.10649e+00  0.00000e+00
 -10963.48  6322.8125  1.05890e+00  1.07066e+00  1.05788e+00  0.00000e+00
 -10934.93  6323.4375  1.04861e+00  1.02135e+00  1.04848e+00  0.00000e+00
 -10906.38  6324.0625  1.02106e+00  1.10887e+00  1.02145e+00  0.00000e+00
 -10877.83  6324.6875  9.75624e-01  8.38554e-01  9.75779e-01  0.00000e+00
 -10849.28  6325.3125  1.04898e+00  1.05782e+00  1.04868e+00  0.00000e+00
 -10820.73  6325.9375  1.08604e+00  1.27078e+00  1.08532e+00  0.00000e+00
 -10792.18  6326.5625  1.00468e+00  7.85616e-01  1.00428e+00  0.00000e+00
 -10763.62  6327.1875  1.02714e+00  1.15180e+00  1.02794e+00  0.00000e+00
 -10735.07  6327.8125  1.00286e+00  1.01342e+00  1.00430e+00  0.00000e+00
 -10706.52  6328.4375  8.90007e-01  9.08132e-01  8.91871e-01  0.00000e+00
 -10677.97  6329.0625  8.27788e-01  6.84582e-01  8.29243e-01  0.00000e+00
 -10649.42  6329.6875  9.17674e-01  9.58913e-01  9.18503e-01  0.00000e+00
 -10620.87  6330.3125  9.85693e-01  1.07589e+00  9.86554e-01  0.00000e+00
 -10592.32  6330.9375  9.45864e-01  8.93598e-01  9.46647e-01  0.00000e+00
 -10563.77  6331.5625  9.39146e-01  9.04430e-01  9.38900e-01  0.00000e+00
 -10535.22  6332.1875  9.82773e-01  1.02408e+00  9.82641e-01  0.00000e+00
 -10506.67  6332.8125  1.00133e+00  9.92744e-01  1.00064e+00  0.00000e+00
 -10478.11  6333.4375  1.03491e+00  9.83339e-01  1.03318e+00  0.00000e+00
 -10449.56  6334.0625  1.07278e+00  1.18577e+00  1.07165e+00  0.00000e+00
 -10421.01  6334.6875  9.99445e-01  9.89385e-01  9.99443e-01  0.00000e+00
 -10392.46  6335.3125  9.12739e-01  8.50444e-01  9.13112e-01  0.00000e+00
 -10363.91  6335.9375  9.44262e-01  8.82456e-01  9.43624e-01  0.00000e+00
 -10335.36  6336.5625  1.01506e+00  1.15562e+00  1.01448e+00  0.00000e+00
 -10306.81  6337.1875  1.00535e+00  8.92753e-01  1.00558e+00  0.00000e+00
 -10278.26  6337.8125  1.05141e+00  1.07080e+00  1.05106e+00  0.00000e+00
 -10249.71  6338.4375  1.13716e+00  1.12641e+00  1.13593e+00  0.00000e+00
 -10221.16  6339.0625  1.14586e+00  1.28608e+00  1.14548e+00  0.00000e+00
 -10192.60  6339.6875  1.00246e+00  9.54908e-01  1.00203e+00  0.00000e+00
 -10164.05  6340.3125  8.51617e-01  8.30407e-01  8.50218e-01  0.00000e+00
 -10135.50  6340.9375  7.71958e-01  7.42685e-01  7.70830e-01  0.00000e+00
 -10106.95  6341.5625  7.61137e-01  7.36314e-01  7.61267e-01  0.00000e+00
 -10078.40  6342.1875  8.02415e-01  8.02066e-01  8.02780e-01  0.00000e+00
 -10049.85  6342.8125  8.65851e-01  8.54656e-01  8.66511e-01  0.00000e+00
 -10021.30  6343.4375  9.24016e-01  9.58095e-01  9.24627e-01  0.00000e+00
  -9992.75  6344.0625  9.38852e-01  9.49671e-01  9.39283e-01  0.00000e+00
  -9964.20  6344.6875  9.53650e-01  8.94669e-01  9.54754e-01  0.00000e+00
  -9935.65  6345.3125  1.01683e+00  1.05238e+00  1.01877e+00  0.00000e+00
  -9907.09  6345.9375  1.04813e+00  1.08151e+00  1.05050e+00  0.00000e+00
  -9878.54  6346.5625  1.02286e+00  1.01159e+00  1.02515e+00  0.00000e+00
  -9849.99  6347.1875  1.00115e+00  9.81195e-01  1.00225e+00  0.00000e+00
  -9821.44  6347.8125  9.79428e-01  1.03751e+00  9.79675e-01  0.00000e+00
  -9792.89  6348.4375  9.42392e-01  8.59248e-01  9.43114e-01  0.00000e+00
  -9764.34  6349.0625  9.71793e-01  9.91488e-01  9.73168e-01  0.00000e+00
  -9735.79  6349.6875  1.05442e+00  9.98277e-01  1.05552e+00  0.00000e+00
  -9707.24  6350.3125  1.13871e+00  1.24011e+00  1.13915e+00  0.00000e+00
  -9678.69  6350.9375  1.07839e+00  1.15339e+00  1.07865e+00  0.00000e+00
  -9650.13  6351.5625  9.25382e-01  8.21863e-01  9.26303e-01  0.00000e+00
  -9621.58  6352.1875  9.29088e-01  8.08545e-01  9.30398e-01  0.00000e+00
  -9593.03  6352.8125  1.04994e+00  1.22427e+00  1.05065e+00  0.00000e+00
  -9564.48  6353.4375  1.03913e+00  9.97780e-01  1.03958e+00  0.00000e+00
  -9535.93  6354.0625  9.72537e-01  9.89597e-01  9.72865e-01  0.00000e+00
  -9507.38  6354.6875  9.30682e-01  8.83964e-01  9.30249e-01  0.00000e+00
  -9478.83  6355.3125  9.34028e-01  9.42764e-01  9.32755e-01  0.00000e+00
  -9450.28  6355.9375  9.04192e-01  9.93861e-01  9.03290e-01  0.00000e+00
  -9421.73  6356.5625  8.40445e-01  6.86712e-01  8.40576e-01  0.00000e+00
  -9393.18  6357.1875  8.64196e-01  9.73268e-01  8.64541e-01  0.00000e+00
  -9364.62  6357.8125  8.89463e-01  7.92673e-01  8.89364e-01  0.00000e+00
  -9336.07  6358.4375  9.47254e-01  1.00792e+00  9.47115e-01  0.00000e+00
  -9307.52  6359.0625  9.95160e-01  9.64391e-01  9.95392e-01  0.00000e+00
  -9278.97  6359.6875  1.00813e+00  1.08052e+00  1.00858e+00  0.00000e+00
  -9250.42  6360.3125  9.64855e-01  9.24526e-01  9.65422e-01  0.00000e+00
  -9221.87  6360.9375  9.28816e-01  9.39998e-01  9.29042e-01  0.00000e+00
  -9193.32  6361.5625  9.46124e-01  8.63108e-01  9.45944e-01  0.00000e+00
  -9164.77  6362.1875  9.97342e-01  1.12014e+00  9.96530e-01  0.00000e+00
  -9136.22  6362.8125  9.86918e-01  8.98693e-01  9.85453e-01  0.00000e+00
  -9107.67  6363.4375  9.98326e-01  1.03642e+00  9.97450e-01  0.00000e+00
  -9079.11  6364.0625  9.86965e-01  1.02055e+00  9.86895e-01  0.00000e+00
  -9050.56  6364.6875  8.98395e-01  9.22419e-01  8.98742e-01  0.00000e+00
  -9022.01  6365.3125  8.01557e-01  7.29530e-01  8.01942e-01  0.00000e+00
  -8993.46  6365.9375  8.16621e-01  7.61596e-01  8.16834e-01  0.00000e+00
  -8964.91  6366.5625  9.03796e-01  9.73139e-01  9.04368e-01  0.00000e+00
  -8936.36  6367.1875  9.01693e-01  9.62464e-01  9.02838e-01  0.00000e+00
  -8907.81  6367.8125  8.59956e-01  7.24119e-01  8.60738e-01  0.00000e+00
  -8879.26  6368.4375  9.44639e-01  9.65530e-01  9.44864e-01  0.00000e+00
  -8850.71  6369.0625  1.02816e+00  1.11903e+00  1.02848e+00  0.00000e+00
  -8822.15  6369.6875  1.00621e+00  9.67134e-01  1.00679e+00  0.00000e+00
  -8793.60  6370.3125  9.89809e-01  9.76913e-01  9.90723e-01  0.00000e+00
  -8765.05  6370.9375  1.03477e+00  9.90146e-01  1.03569e+00  0.00000e+00
  -8736.50  6371.5625  1.07719e+00  1.19478e+00  1.07761e+00  0.00000e+00
  -8707.95  6372.1875  9.92913e-01  9.90923e-01  9.93220e-01  0.00000e+00
  -8679.40  6372.8125  8.74320e-01  8.21045e-01  8.74268e-01  0.00000e+00
  -8650.85  6373.4375  8.38445e-01  8.16488e-01  8.38359e-01  0.00000e+00
  -8622.30  6374.0625  8.75023e-01  8.52381e-01  8.74364e-01  0.00000e+00
  -8593.75  6374.6875  9.09426e-01  9.97530e-01  9.07557e-01  0.00000e+00
  -8565.20  6375.3125  9.40853e-01  7.65904e-01  9.39085e-01  0.00000e+00
  -8536.64  6375.9375  1.05040e+00  1.22492e+00  1.04986e+00  0.00000e+00
  -8508.09  6376.5625  1.08359e+00  9.90163e-01  1.08410e+00  0.00000e+00
  -8479.54  6377.1875  1.08128e+00  1.18272e+00  1.08137e+00  0.00000e+00
  -8450.99  6377.8125  1.02469e+00  9.77499e-01  1.02377e+00  0.00000e+00
  -8422.44  6378.4375  1.00355e+00  9.50323e-01  1.00281e+00  0.00000e+00
  -8393.89  6379.0625  1.04834e+00  1.09967e+00  1.04891e+00  0.00000e+00
  -8365.34  6379.6875  1.07078e+00  1.04751e+00  1.07140e+00  0.00000e+00
  -8336.79  6380.3125  1.06156e+00  1.11957e+00  1.06091e+00  0.00000e+00
  -8308.24  6380.9375  1.02754e+00  9.62594e-01  1.02725e+00  0.00000e+00
  -8279.69  6381.5625  1.05006e+00  1.03444e+00  1.05147e+00  0.00000e+00
  -8251.13  6382.1875  1.04728e+00  1.19676e+00  1.04968e+00  0.00000e+00
  -8222.58  6382.8125  9.78945e-01  7.69618e-01  9.80420e-01  0.00000e+00
  -8194.03  6383.4375  1.01281e+00  1.15766e+00  1.01240e+00  0.00000e+00
  -8165.48  6384.0625  9.97330e-01  9.63360e-01  9.96460e-01  0.00000e+00
  -8136.93  6384.6875  9.68487e-01  9.31351e-01  9.67936e-01  0.00000e+00
  -8108.38  6385.3125  9.94457e-01  1.00983e+00  9.94120e-01  0.00000e+00
  -8079.83  6385.9375  1.00871e+00  1.03478e+00  1.00845e+00  0.00000e+00
  -8051.28  6386.5625  9.91149e-01  9.72106e-01  9.91204e-01  0.00000e+00
  -8022.73  6387.1875  9.80449e-01  9.87061e-01  9.80511e-01  0.00000e+00
  -7994.17  6387.8125  1.00290e+00  9.48947e-01  1.00270e+00  0.00000e+00
  -7965.62  6388.4375  1.06630e+00  1.11260e+00  1.06663e+00  0.00000e+00
  -7937.07  6389.0625  1.10439e+00  1.09599e+00  1.10427e+00  0.00000e+00
  -7908.52  6389.6875  1.10833e+00  1.14063e+00  1.10798e+00  0.00000e+00
  -7879.97  6390.3125  1.07933e+00  1.06528e+00  1.07904e+00  0.00000e+00
  -7851.42  6390.9375  1.02533e+00  1.07299e+00  1.02495e+00  0.00000e+00
  -7822.87  6391.5625  9.89279e-01  8.61068e-01  9.88535e-01  0.00000e+00
  -7794.32  6392.1875  1.02893e+00  1.14097e+00  1.02785e+00  0.00000e+00
  -7765.77  6392.8125  1.01659e+00  9.84137e-01  1.01664e+00  0.00000e+00
  -7737.22  6393.4375  1.01836e+00  9.63736e-01  1.01952e+00  0.00000e+00
  -7708.66  6394.0625  1.12357e+00  1.09128e+00  1.12420e+00  0.00000e+00
  -7680.11  6394.6875  1.22075e+00  1.36625e+00  1.22019e+00  0.00000e+00
  -7651.56  6395.3125  1.18798e+00  1.11162e+00  1.18707e+00  0.00000e+00
  -7623.01  6395.9375  1.11487e+00  1.21093e+00  1.11535e+00  0.00000e+00
  -7594.46  6396.5625  1.02559e+00  9.14595e-01  1.02611e+00  0.00000e+00
  -7565.91  6397.1875  1.07084e+00  9.89703e-01  1.06950e+00  0.00000e+00
  -7537.36  6397.8125  1.16335e+00  1.37949e+00  1.16130e+00  0.00000e+00
  -7508.81  6398.4375  1.12510e+00  9.45899e-01  1.12395e+00  0.00000e+00
  -7480.26  6399.0625  1.12688e+00  1.24662e+00  1.12659e+00  0.00000e+00
  -7451.71  6399.6875  1.11525e+00  1.04262e+00  1.11510e+00  0.00000e+00
  -7423.15  6400.3125  1.14379e+00  1.12485e+00  1.14436e+00  0.00000e+00
  -7394.60  6400.9375  1.19629e+00  1.26011e+00  1.19759e+00  0.00000e+00
  -7366.05  6401.5625  1.13988e+00  1.20742e+00  1.13986e+00  0.00000e+00
  -7337.50  6402.1875  1.01272e+00  9.16498e-01  1.01157e+00  0.00000e+00
  -7308.95  6402.8125  9.65601e-01  9.79847e-01  9.65507e-01  0.00000e+00
  -7280.40  6403.4375  1.01032e+00  9.15130e-01  1.01096e+00  0.00000e+00
  -7251.85  6404.0625  1.11566e+00  1.21651e+00  1.11544e+00  0.00000e+00
  -7223.30  6404.6875  1.14284e+00  1.14165e+00  1.14123e+00  0.00000e+00
  -7194.75  6405.3125  1.09303e+00  1.12999e+00  1.09044e+00  0.00000e+00
  -7166.19  6405.9375  1.02688e+00  9.67468e-01  1.02494e+00  0.00000e+00
  -7137.64  6406.5625  1.00886e+00  1.02164e+00  1.00814e+00  0.00000e+00
  -7109.09  6407.1875  9.96309e-01  1.02494e+00  9.95744e-01  0.00000e+00
  -7080.54  6407.8125  1.02113e+00  8.77183e-01  1.02082e+00  0.00000e+00
  -7051.99  6408.4375  1.11764e+00  1.29406e+00  1.11714e+00  0.00000e+00
  -7023.44  6409.0625  1.14037e+00  1.00950e+00  1.13917e+00  0.00000e+00
  -6994.89  6409.6875  1.15824e+00  1.28590e+00  1.15715e+00  0.00000e+00
  -6966.34  6410.3125  1.08805e+00  1.07633e+00  1.08740e+00  0.00000e+00
  -6937.79  6410.9375  9.92201e-01  9.37758e-01  9.91279e-01  0.00000e+00
  -6909.24  6411.5625  9.48985e-01  9.90635e-01  9.48294e-01  0.00000e+00
  -6880.68  6412.1875  9.38183e-01  8.53192e-01  9.38119e-01  0.00000e+00
  -6852.13  6412.8125  1.05094e+00  9.82937e-01  1.05105e+00  0.00000e+00
  -6823.58  6413.4375  1.17056e+00  1.39789e+00  1.17153e+00  0.00000e+00
  -6795.03  6414.0625  1.10012e+00  9.82499e-01  1.10106e+00  0.00000e+00
  -6766.48  6414.6875  1.02069e+00  1.07661e+00  1.01987e+00  0.00000e+00
  -6737.93  6415.3125  9.97292e-01  8.82636e-01  9.96586e-01  0.00000e+00
  -6709.38  6415.9375  1.05324e+00  1.13194e+00  1.05376e+00  0.00000e+00
  -6680.83  6416.5625  1.12566e+00  1.02584e+00  1.12584e+00  0.00000e+00
  -6652.28  6417.1875  1.17280e+00  1.36750e+00  1.17223e+00  0.00000e+00
  -6623.73  6417.8125  1.08692e+00  9.74779e-01  1.08623e+00  0.00000e+00
  -6595.17  6418.4375  1.05582e+00  1.02285e+00  1.05615e+00  0.00000e+00
  -6566.62  6419.0625  1.12381e+00  1.13255e+00  1.12443e+00  0.00000e+00
  -6538.07  6419.6875  1.18021e+00  1.21813e+00  1.18108e+00  0.00000e+00
  -6509.52  6420.3125  1.16228e+00  1.19341e+00  1.16363e+00  0.00000e+00
  -6480.97  6420.9375  1.07814e+00  1.08345e+00  1.07863e+00  0.00000e+00
  -6452.42  6421.5625  1.00831e+00  9.43585e-01  1.00812e+00  0.00000e+00
  -6423.87  6422.1875  1.05048e+00  9.92800e-01  1.05057e+00  0.00000e+00
  -6395.32  6422.8125  1.11502e+00  1.27350e+00  1.11496e+00  0.00000e+00
  -6366.77  6423.4375  1.04815e+00  9.76148e-01  1.04843e+00  0.00000e+00
  -6338.21  6424.0625  9.78699e-01  9.91051e-01  9.79552e-01  0.00000e+00
  -6309.66  6424.6875  9.87559e-01  8.91254e-01  9.87993e-01  0.00000e+00
  -6281.11  6425.3125  1.08201e+00  1.14592e+00  1.08220e+00  0.00000e+00
  -6252.56  6425.9375  1.15929e+00  1.14129e+00  1.15910e+00  0.00000e+00
  -6224.01  6426.5625  1.20799e+00  1.23249e+00  1.20736e+00  0.00000e+00
  -6195.46  6427.1875  1.19572e+00  1.25846e+00  1.19527e+00  0.00000e+00
  -6166.91  6427.8125  1.10919e+00  1.07141e+00  1.10867e+00  0.00000e+00
  -6138.36  6428.4375  1.04835e+00  1.02566e+00  1.04821e+00  0.00000e+00
  -6109.81  6429.0625  1.04403e+00  1.03352e+00  1.04446e+00  0.00000e+00
  -6081.26  6429.6875  1.05507e+00  1.08284e+00  1.05534e+00  0.00000e+00
  -6052.70  6430.3125  1.08278e+00  9.98134e-01  1.08360e+00  0.00000e+00
  -6024.15  6430.9375  1.12067e+00  1.26385e+00  1.12213e+00  0.00000e+00
  -5995.60  6431.5625  1.03805e+00  1.01076e+00  1.03965e+00  0.00000e+00
  -5967.05  6432.1875  9.76030e-01  8.63586e-01  9.77355e-01  0.00000e+00
  -5938.50  6432.8125  1.06488e+00  1.07470e+00  1.06614e+00  0.00000e+00
  -5909.95  6433.4375  1.12583e+00  1.27220e+00  1.12733e+00  0.00000e+00
  -5881.40  6434.0625  1.07004e+00  9.32677e-01  1.07091e+00  0.00000e+00
  -5852.85  6434.6875  1.06306e+00  1.13604e+00  1.06314e+00  0.00000e+00
  -5824.30  6435.3125  1.02927e+00  1.04880e+00  1.02853e+00  0.00000e+00
  -5795.75  6435.9375  9.99802e-01  8.83728e-01  9.99232e-01  0.00000e+00
  -5767.19  6436.5625  1.08912e+00  1.11602e+00  1.08892e+00  0.00000e+00
  -5738.64  6437.1875  1.12326e+00  1.27803e+00  1.12322e+00  0.00000e+00
  -5710.09  6437.8125  1.02766e+00  8.81331e-01  1.02714e+00  0.00000e+00
  -5681.54  6438.4375  1.04081e+00  1.02436e+00  1.04041e+00  0.00000e+00
  -5652.99  6439.0625  1.12650e+00  1.17833e+00  1.12573e+00  0.00000e+00
  -5624.44  6439.6875  1.13486e+00  1.18133e+00  1.13475e+00  0.00000e+00
  -5595.89  6440.3125  1.12867e+00  9.87557e-01  1.12941e+00  0.00000e+00
  -5567.34  6440.9375  1.16109e+00  1.36554e+00  1.16154e+00  0.00000e+00
  -5538.79  6441.5625  1.08072e+00  9.53509e-01  1.08123e+00  0.00000e+00
  -5510.24  6442.1875  1.02937e+00  1.06678e+00  1.03054e+00  0.00000e+00
  -5481.68  6442.8125  1.02023e+00  9.82218e-01  1.02174e+00  0.00000e+00
  -5453.13  6443.4375  1.02401e+00  1.05851e+00  1.02521e+00  0.00000e+00
  -5424.58  6444.0625  1.02213e+00  9.87763e-01  1.02199e+00  0.00000e+00
  -5396.03  6444.6875  1.01471e+00  1.07127e+00  1.01423e+00  0.00000e+00
  -5367.48  6445.3125  9.97032e-01  9.20904e-01  9.96395e-01  0.00000e+00
  -5338.93  6445.9375  1.03411e+00  1.05485e+00  1.03337e+00  0.00000e+00
  -5310.38  6446.5625  1.06484e+00  1.10185e+00  1.06390e+00  0.00000e+00
  -5281.83  6447.1875  1.03218e+00  1.04236e+00  1.03244e+00  0.00000e+00
  -5253.28  6447.8125  1.00415e+00  9.35712e-01  1.00483e+00  0.00000e+00
  -5224.72  6448.4375  1.05723e+00  1.05993e+00  1.05701e+00  0.00000e+00
  -5196.17  6449.0625  1.11699e+00  1.16365e+00  1.11606e+00  0.00000e+00
  -5167.62  6449.6875  1.07444e+00  1.14829e+00  1.07378e+00  0.00000e+00
  -5139.07  6450.3125  9.80020e-01  8.53052e-01  9.80161e-01  0.00000e+00
  -5110.52  6450.9375  9.77388e-01  1.03058e+00  9.77912e-01  0.00000e+00
  -5081.97  6451.5625  9.92733e-01  9.67713e-01  9.93144e-01  0.00000e+00
  -5053.42  6452.1875  9.97120e-01  1.02533e+00  9.97415e-01  0.00000e+00
  -5024.87  6452.8125  9.86836e-01  9.67110e-01  9.87901e-01  0.00000e+00
  -4996.32  6453.4375  9.55400e-01  1.01364e+00  9.56541e-01  0.00000e+00
  -4967.77  6454.0625  9.29924e-01  8.07852e-01  9.31018e-01  0.00000e+00
  -4939.21  6454.6875  1.00643e+00  1.04925e+00  1.00775e+00  0.00000e+00
  -4910.66  6455.3125  1.08667e+00  1.10194e+00  1.08657e+00  0.00000e+00
  -4882.11  6455.9375  1.09264e+00  1.14917e+00  1.09218e+00  0.00000e+00
  -4853.56  6456.5625  1.05973e+00  9.84147e-01  1.05967e+00  0.00000e+00
  -4825.01  6457.1875  1.11278e+00  1.07216e+00  1.11326e+00  0.00000e+00
  -4796.46  6457.8125  1.18328e+00  1.32468e+00  1.18353e+00  1.40646e-10
  -4767.91  6458.4375  1.17203e+00  1.03055e+00  1.17266e+00  1.35095e-08
  -4739.36  6459.0625  1.15663e+00  1.33914e+00  1.15757e+00  3.52144e-07
  -4710.81  6459.6875  1.02890e+00  9.50031e-01  1.02975e+00  2.49097e-06
  -4682.26  6460.3125  9.42047e-01  8.73498e-01  9.42743e-01  4.78172e-06
  -4653.70  6460.9375  9.82730e-01  9.89876e-01  9.82991e-01  2.49097e-06
  -4625.15  6461.5625  1.03469e+00  1.07400e+00  1.03427e+00  3.52144e-07
  -4596.60  6462.1875  1.03018e+00  1.03036e+00  1.02987e+00  1.35095e-08
  -4568.05  6462.8125  9.71882e-01  1.01989e+00  9.71567e-01  1.40646e-10
  -4539.50  6463.4375  8.59255e-01  8.51572e-01  8.59038e-01  0.00000e+00
  -4510.95  6464.0625  8.40931e-01  6.48569e-01  8.40833e-01  0.00000e+00
  -4482.40  6464.6875  1.00180e+00  1.12594e+00  1.00127e+00  0.00000e+00
  -4453.85  6465.3125  1.02891e+00  1.18071e+00  1.02872e+00  0.00000e+00
  -4425.30  6465.9375  9.10878e-01  6.98343e-01  9.11025e-01  0.00000e+00
  -4396.74  6466.5625  9.32116e-01  1.00774e+00  9.32019e-01  0.00000e+00
  -4368.19  6467.1875  9.46018e-01  1.00196e+00  9.45207e-01  0.00000e+00
  -4339.64  6467.8125  8.99372e-01  8.07376e-01  8.97981e-01  0.00000e+00
  -4311.09  6468.4375  8.94656e-01  9.75805e-01  8.93981e-01  0.00000e+00
  -4282.54  6469.0625  9.22005e-01  7.71060e-01  9.22238e-01  0.00000e+00
  -4253.99  6469.6875  1.00771e+00  1.17118e+00  1.00777e+00  0.00000e+00
  -4225.44  6470.3125  1.00576e+00  9.37039e-01  1.00443e+00  0.00000e+00
  -4196.89  6470.9375  9.94496e-01  9.99747e-01  9.93377e-01  0.00000e+00
  -4168.34  6471.5625  9.51779e-01  1.05868e+00  9.51337e-01  0.00000e+00
  -4139.79  6472.1875  8.40853e-01  7.12291e-01  8.40461e-01  2.96874e-09
  -4111.23  6472.8125  7.89639e-01  8.72591e-01  7.89328e-01  2.94106e-07
  -4082.68  6473.4375  7.65873e-01  6.57452e-01  7.65584e-01  8.29710e-06
  -4054.13  6474.0625  8.03520e-01  8.67953e-01  8.02794e-01  7.54207e-05
  -4025.58  6474.6875  8.50441e-01  7.96823e-01  8.49699e-01  2.70801e-04
  -3997.03  6475.3125  9.22045e-01  9.33570e-01  9.20966e-01  4.37333e-04
  -3968.48  6475.9375  9.40429e-01  1.06450e+00  9.38285e-01  3.20486e-04
  -3939.93  6476.5625  9.11698e-01  6.98779e-01  9.09332e-01  1.03211e-04
  -3911.38  6477.1875  9.91052e-01  1.15990e+00  9.88598e-01  1.24238e-05
  -3882.83  6477.8125  1.01196e+00  9.44853e-01  1.01041e+00  5.30221e-06
  -3854.28  6478.4375  1.04176e+00  1.01474e+00  1.04103e+00  3.97339e-05
  -3825.72  6479.0625  1.10894e+00  1.16389e+00  1.10727e+00  1.14289e-04
  -3797.17  6479.6875  1.11462e+00  1.12303e+00  1.11305e+00  1.32528e-04
  -3768.62  6480.3125  1.04945e+00  1.10173e+00  1.04931e+00  5.67594e-05
  -3740.07  6480.9375  9.86063e-01  8.48679e-01  9.87011e-01  7.62789e-06
  -3711.52  6481.5625  9.93128e-01  1.13428e+00  9.94156e-01  2.82161e-06
  -3682.97  6482.1875  9.72849e-01  8.37137e-01  9.72888e-01  3.31657e-05
  -3654.42  6482.8125  1.00414e+00  1.08912e+00  1.00351e+00  1.74789e-04
  -3625.87  6483.4375  1.04844e+00  9.61297e-01  1.04722e+00  3.28984e-04
  -3597.32  6484.0625  1.09526e+00  1.21040e+00  1.09400e+00  2.17997e-04
  -3568.76  6484.6875  1.08111e+00  1.00169e+00  1.08049e+00  6.57911e-05
  -3540.21  6485.3125  1.02615e+00  1.17166e+00  1.02566e+00  7.64919e-05
  -3511.66  6485.9375  9.61934e-01  7.18851e-01  9.60590e-01  2.10812e-04
  -3483.11  6486.5625  1.02044e+00  1.22043e+00  1.01796e+00  3.19212e-04
  -3454.56  6487.1875  1.03684e+00  8.92234e-01  1.03347e+00  3.35838e-04
  -3426.01  6487.8125  1.03899e+00  1.20056e+00  1.03575e+00  3.99812e-04
  -3397.46  6488.4375  9.76910e-01  8.58018e-01  9.74809e-01  5.29494e-04
  -3368.91  6489.0625  9.50736e-01  9.97938e-01  9.49333e-01  5.70279e-04
  -3340.36  6489.6875  9.10626e-01  9.44019e-01  9.08264e-01  8.00672e-04
  -3311.81  6490.3125  8.56968e-01  7.68096e-01  8.53719e-01  8.60232e-04
  -3283.25  6490.9375  9.18836e-01  8.80626e-01  9.16826e-01  6.70618e-04
  -3254.70  6491.5625  1.00339e+00  1.13607e+00  1.00299e+00  4.24074e-04
  -3226.15  6492.1875  9.38236e-01  9.47619e-01  9.37717e-01  2.80350e-04
  -3197.60  6492.8125  9.00660e-01  6.94794e-01  8.98640e-01  3.81503e-04
  -3169.05  6493.4375  1.03123e+00  1.19320e+00  1.02843e+00  4.77688e-04
  -3140.50  6494.0625  1.09482e+00  1.04998e+00  1.09313e+00  3.96215e-04
  -3111.95  6494.6875  1.07940e+00  1.16226e+00  1.07890e+00  4.93887e-04
  -3083.40  6495.3125  1.03298e+00  9.37563e-01  1.03296e+00  6.71178e-04
  -3054.85  6495.9375  1.06442e+00  1.06311e+00  1.06486e+00  6.09428e-04
  -3026.30  6496.5625  1.11905e+00  1.17558e+00  1.12012e+00  6.61119e-04
  -2997.74  6497.1875  1.11467e+00  1.09437e+00  1.11590e+00  7.35833e-04
  -2969.19  6497.8125  1.09807e+00  1.10190e+00  1.09775e+00  8.15811e-04
  -2940.64  6498.4375  1.04341e+00  1.11772e+00  1.04206e+00  8.07294e-04
  -2912.09  6499.0625  9.29176e-01  8.68596e-01  9.27319e-01  8.67705e-04
  -2883.54  6499.6875  9.20762e-01  7.96110e-01  9.18581e-01  1.16741e-03
  -2854.99  6500.3125  1.01636e+00  1.17957e+00  1.01445e+00  1.30151e-03
  -2826.44  6500.9375  1.01574e+00  9.44232e-01  1.01421e+00  1.35504e-03
  -2797.89  6501.5625  1.02251e+00  1.00895e+00  1.02131e+00  1.73930e-03
  -2769.34  6502.1875  1.06257e+00  1.09907e+00  1.06125e+00  1.79207e-03
  -2740.78  6502.8125  1.06069e+00  1.07153e+00  1.05966e+00  1.51641e-03
  -2712.23  6503.4375  1.06038e+00  9.91873e-01  1.05908e+00  1.55892e-03
  -2683.68  6504.0625  1.08614e+00  1.18880e+00  1.08481e+00  1.64894e-03
  -2655.13  6504.6875  1.09207e+00  9.58241e-01  1.09059e+00  1.79336e-03
  -2626.58  6505.3125  1.11770e+00  1.28151e+00  1.11483e+00  1.96416e-03
  -2598.03  6505.9375  1.01582e+00  9.96097e-01  1.01223e+00  2.20382e-03
  -2569.48  6506.5625  8.79835e-01  8.28174e-01  8.76616e-01  2.79244e-03
  -2540.93  6507.1875  8.68211e-01  7.81144e-01  8.65782e-01  2.71239e-03
  -2512.38  6507.8125  9.35008e-01  1.05176e+00  9.32955e-01  2.27133e-03
  -2483.83  6508.4375  9.14671e-01  8.92400e-01  9.12753e-01  2.13824e-03
  -2455.27  6509.0625  8.71398e-01  8.46433e-01  8.69242e-01  2.30546e-03
  -2426.72  6509.6875  8.83107e-01  8.67286e-01  8.79924e-01  2.59082e-03
  -2398.17  6510.3125  9.70621e-01  9.01151e-01  9.66282e-01  3.16991e-03
  -2369.62  6510.9375  1.09177e+00  1.20521e+00  1.08725e+00  4.21444e-03
  -2341.07  6511.5625  1.09164e+00  1.11143e+00  1.08776e+00  5.01318e-03
  -2312.52  6512.1875  9.97306e-01  1.00463e+00  9.92993e-01  5.46238e-03
  -2283.97  6512.8125  9.31240e-01  8.36648e-01  9.26012e-01  5.78496e-03
  -2255.42  6513.4375  9.26148e-01  1.03027e+00  9.20094e-01  6.07195e-03
  -2226.87  6514.0625  8.86107e-01  8.06065e-01  8.79946e-01  6.36556e-03
  -2198.32  6514.6875  8.74268e-01  9.14542e-01  8.67025e-01  7.13305e-03
  -2169.76  6515.3125  9.51168e-01  7.80684e-01  9.43460e-01  7.71653e-03
  -2141.21  6515.9375  1.11602e+00  1.30623e+00  1.10868e+00  8.44464e-03
  -2112.66  6516.5625  1.09393e+00  1.16162e+00  1.08566e+00  1.00845e-02
  -2084.11  6517.1875  9.77707e-01  7.96720e-01  9.68880e-01  1.06665e-02
  -2055.56  6517.8125  9.85770e-01  1.10179e+00  9.76090e-01  1.08606e-02
  -2027.01  6518.4375  9.64543e-01  9.39174e-01  9.54306e-01  1.02658e-02
  -1998.46  6519.0625  9.44207e-01  8.86693e-01  9.34669e-01  9.88887e-03
  -1969.91  6519.6875  9.57660e-01  1.05441e+00  9.47104e-01  1.15841e-02
  -1941.36  6520.3125  9.52016e-01  8.22619e-01  9.39962e-01  1.31072e-02
  -1912.80  6520.9375  9.82059e-01  1.11692e+00  9.70524e-01  1.38117e-02
  -1884.25  6521.5625  9.39696e-01  8.86447e-01  9.27089e-01  1.56781e-02
  -1855.70  6522.1875  8.94143e-01  8.90682e-01  8.79504e-01  1.79700e-02
  -1827.15  6522.8125  9.01882e-01  8.67950e-01  8.85985e-01  1.93444e-02
  -1798.60  6523.4375  9.60666e-01  9.53493e-01  9.42534e-01  2.11733e-02
  -1770.05  6524.0625  1.00315e+00  1.08339e+00  9.83900e-01  2.26671e-02
  -1741.50  6524.6875  9.85226e-01  9.16392e-01  9.66687e-01  2.27677e-02
  -1712.95  6525.3125  1.00308e+00  1.01722e+00  9.82940e-01  2.33709e-02
  -1684.40  6525.9375  1.05047e+00  1.02839e+00  1.02632e+00  2.63625e-02
  -1655.85  6526.5625  1.04400e+00  1.17193e+00  1.01540e+00  3.13930e-02
  -1627.29  6527.1875  9.02806e-01  8.74630e-01  8.71341e-01  3.59250e-02
  -1598.74  6527.8125  8.33440e-01  6.46681e-01  7.99735e-01  3.89227e-02
  -1570.19  6528.4375  9.77039e-01  1.05309e+00  9.40407e-01  4.09027e-02
  -1541.64  6529.0625  1.07802e+00  1.17195e+00  1.04003e+00  4.14623e-02
  -1513.09  6529.6875  1.03513e+00  9.96275e-01  9.96008e-01  4.27622e-02
  -1484.54  6530.3125  9.56185e-01  1.00731e+00  9.14236e-01  4.69946e-02
  -1455.99  6530.9375  8.88900e-01  7.93701e-01  8.44358e-01  5.15961e-02
  -1427.44  6531.5625  9.40122e-01  9.01808e-01  8.91872e-01  5.56826e-02
  -1398.89  6532.1875  1.05487e+00  1.12592e+00  1.00199e+00  6.05845e-02
  -1370.34  6532.8125  1.08821e+00  1.10742e+00  1.03177e+00  6.54744e-02
  -1341.78  6533.4375  1.03719e+00  1.07089e+00  9.78747e-01  6.87934e-02
  -1313.23  6534.0625  9.94969e-01  8.80039e-01  9.30452e-01  7.51818e-02
  -1284.68  6534.6875  1.04680e+00  1.10876e+00  9.74966e-01  8.27150e-02
  -1256.13  6535.3125  1.07057e+00  1.09548e+00  9.92516e-01  8.98163e-02
  -1227.58  6535.9375  1.04471e+00  1.01401e+00  9.59938e-01  9.69916e-02
  -1199.03  6536.5625  1.02856e+00  1.05766e+00  9.33852e-01  1.08231e-01
  -1170.48  6537.1875  1.05230e+00  9.44979e-01  9.48867e-01  1.18927e-01
  -1141.93  6537.8125  1.12324e+00  1.25633e+00  1.01594e+00  1.24259e-01
  -1113.38  6538.4375  1.10528e+00  1.06461e+00  9.92091e-01  1.30095e-01
  -1084.83  6539.0625  1.06358e+00  1.06452e+00  9.42561e-01  1.38303e-01
  -1056.27  6539.6875  1.03992e+00  1.04383e+00  9.11343e-01  1.47679e-01
  -1027.72  6540.3125  1.04433e+00  9.93830e-01  9.04948e-01  1.60169e-01
   -999.17  6540.9375  1.13157e+00  1.09366e+00  9.81744e-01  1.71177e-01
   -970.62  6541.5625  1.21084e+00  1.36229e+00  1.04767e+00  1.86764e-01
   -942.07  6542.1875  1.16248e+00  1.07841e+00  9.86141e-01  2.03790e-01
   -913.52  6542.8125  1.11457e+00  1.14905e+00  9.28820e-01  2.14960e-01
   -884.97  6543.4375  1.07298e+00  1.06779e+00  8.74411e-01  2.29639e-01
   -856.42  6544.0625  1.07170e+00  9.81528e-01  8.57327e-01  2.48185e-01
   -827.87  6544.6875  1.13243e+00  1.23542e+00  9.00274e-01  2.67694e-01
   -799.31  6545.3125  1.15472e+00  1.08274e+00  9.05902e-01  2.85663e-01
   -770.76  6545.9375  1.21300e+00  1.20816e+00  9.48381e-01  3.03698e-01
   -742.21  6546.5625  1.26277e+00  1.36015e+00  9.84325e-01  3.21125e-01
   -713.66  6547.1875  1.26346e+00  1.13970e+00  9.67497e-01  3.41986e-01
   -685.11  6547.8125  1.37334e+00  1.36631e+00  1.05481e+00  3.67256e-01
   -656.56  6548.4375  1.53097e+00  1.57832e+00  1.19590e+00  3.85348e-01
   -628.01  6549.0625  1.54644e+00  1.69360e+00  1.19607e+00  4.02620e-01
   -599.46  6549.6875  1.37705e+00  1.31430e+00  1.00609e+00  4.27024e-01
   -570.91  6550.3125  1.25283e+00  1.17312e+00  8.68019e-01  4.43308e-01
   -542.36  6550.9375  1.32545e+00  1.22028e+00  9.31971e-01  4.54215e-01
   -513.80  6551.5625  1.46825e+00  1.67290e+00  1.05427e+00  4.79338e-01
   -485.25  6552.1875  1.46120e+00  1.36403e+00  1.01874e+00  5.11567e-01
   -456.70  6552.8125  1.44101e+00  1.48631e+00  9.72893e-01  5.40432e-01
   -428.15  6553.4375  1.50374e+00  1.34317e+00  1.01764e+00  5.61267e-01
   -399.60  6554.0625  1.63753e+00  1.83242e+00  1.13575e+00  5.78320e-01
   -371.05  6554.6875  1.59557e+00  1.62155e+00  1.07168e+00  6.02337e-01
   -342.50  6555.3125  1.49070e+00  1.35162e+00  9.51507e-01  6.20257e-01
   -313.95  6555.9375  1.54880e+00  1.54448e+00  9.97847e-01  6.35532e-01
   -285.40  6556.5625  1.63883e+00  1.73219e+00  1.06372e+00  6.64960e-01
   -256.85  6557.1875  1.58252e+00  1.62579e+00  9.62823e-01  7.16072e-01
   -228.29  6557.8125  1.39796e+00  1.44529e+00  7.15181e-01  7.87901e-01
   -199.74  6558.4375  1.41101e+00  9.37566e-01  5.04593e-01  1.04480e+00
   -171.19  6559.0625  2.07259e+00  1.99176e+00  5.67233e-01  1.73489e+00
   -142.64  6559.6875  3.06415e+00  3.15879e+00  7.83070e-01  2.62981e+00
   -114.09  6560.3125  3.86418e+00  4.07058e+00  9.96447e-01  3.30748e+00
    -85.54  6560.9375  4.25204e+00  4.38613e+00  1.04092e+00  3.70407e+00
    -56.99  6561.5625  4.34995e+00  4.32552e+00  9.85912e-01  3.88028e+00
    -28.44  6562.1875  4.43080e+00  4.35989e+00  1.02873e+00  3.92276e+00
      0.11  6562.8125  4.52976e+00  4.67780e+00  1.12394e+00  3.92593e+00
     28.67  6563.4375  4.50927e+00  4.44607e+00  1.14518e+00  3.87959e+00
     57.22  6564.0625  4.40071e+00  4.53751e+00  1.24144e+00  3.64409e+00
     85.77  6564.6875  4.10227e+00  4.16478e+00  1.32330e+00  3.20533e+00
    114.32  6565.3125  3.59074e+00  3.67374e+00  1.27066e+00  2.67557e+00
    142.87  6565.9375  2.95624e+00  2.90987e+00  1.13697e+00  2.09716e+00
    171.42  6566.5625  2.38509e+00  2.30551e+00  1.04744e+00  1.54174e+00
    199.97  6567.1875  2.04201e+00  1.88203e+00  1.07632e+00  1.11231e+00
    228.52  6567.8125  1.94498e+00  1.97225e+00  1.20221e+00  8.54047e-01
    257.07  6568.4375  1.88785e+00  1.92209e+00  1.24037e+00  7.44673e-01
    285.62  6569.0625  1.73857e+00  1.80382e+00  1.11816e+00  7.14855e-01
    314.18  6569.6875  1.56941e+00  1.42276e+00  9.60519e-01  7.02418e-01
    342.73  6570.3125  1.55480e+00  1.55231e+00  9.62064e-01  6.84459e-01
    371.28  6570.9375  1.60064e+00  1.65705e+00  1.02345e+00  6.67070e-01
    399.83  6571.5625  1.64815e+00  1.52302e+00  1.08270e+00  6.52210e-01
    428.38  6572.1875  1.73198e+00  1.89349e+00  1.18252e+00  6.32547e-01
    456.93  6572.8125  1.70046e+00  1.65226e+00  1.17389e+00  6.06800e-01
    485.48  6573.4375  1.59706e+00  1.67855e+00  1.09022e+00  5.84733e-01
    514.03  6574.0625  1.52546e+00  1.32109e+00  1.03422e+00  5.65538e-01
    542.58  6574.6875  1.54829e+00  1.76707e+00  1.07184e+00  5.46423e-01
    571.13  6575.3125  1.43916e+00  1.37778e+00  9.71985e-01  5.36084e-01
    599.69  6575.9375  1.31731e+00  1.26677e+00  8.67767e-01  5.16968e-01
    628.24  6576.5625  1.30179e+00  1.28432e+00  8.75812e-01  4.90082e-01
    656.79  6577.1875  1.31670e+00  1.36055e+00  9.07860e-01  4.70531e-01
    685.34  6577.8125  1.29964e+00  1.27882e+00  9.07423e-01  4.50960e-01
    713.89  6578.4375  1.31724e+00  1.26126e+00  9.41501e-01  4.31828e-01
    742.44  6579.0625  1.39758e+00  1.43218e+00  1.03649e+00  4.15072e-01
    770.99  6579.6875  1.42966e+00  1.49343e+00  1.08425e+00  3.98454e-01
    799.54  6580.3125  1.38754e+00  1.33394e+00  1.06181e+00  3.76920e-01
    828.09  6580.9375  1.33797e+00  1.40606e+00  1.02872e+00  3.57938e-01
    856.65  6581.5625  1.26835e+00  1.20065e+00  9.71888e-01  3.42667e-01
    885.20  6582.1875  1.23138e+00  1.25903e+00  9.49212e-01  3.25874e-01
    913.75  6582.8125  1.18313e+00  1.21537e+00  9.15420e-01  3.09759e-01
    942.30  6583.4375  1.18402e+00  9.97776e-01  9.29122e-01  2.94878e-01
    970.85  6584.0625  1.29281e+00  1.49089e+00  1.05016e+00  2.79995e-01
    999.40  6584.6875  1.25678e+00  1.24871e+00  1.02855e+00  2.63203e-01
   1027.95  6585.3125  1.16157e+00  1.08455e+00  9.51294e-01  2.42983e-01
   1056.50  6585.9375  1.12472e+00  1.19877e+00  9.27678e-01  2.28064e-01
   1085.05  6586.5625  1.08161e+00  1.00745e+00  8.96387e-01  2.14303e-01
   1113.60  6587.1875  1.09232e+00  1.09303e+00  9.18232e-01  2.01596e-01
   1142.16  6587.8125  1.10924e+00  1.17257e+00  9.42854e-01  1.91511e-01
   1170.71  6588.4375  1.09430e+00  1.00497e+00  9.36307e-01  1.81056e-01
   1199.26  6589.0625  1.09951e+00  1.20494e+00  9.51513e-01  1.69520e-01
   1227.81  6589.6875  1.07701e+00  9.73081e-01  9.37619e-01  1.60379e-01
   1256.36  6590.3125  1.08972e+00  1.15906e+00  9.57663e-01  1.53290e-01
   1284.91  6590.9375  1.06796e+00  1.07574e+00  9.42310e-01  1.45969e-01
   1313.46  6591.5625  1.05306e+00  9.55895e-01  9.31491e-01  1.41086e-01
   1342.01  6592.1875  1.10159e+00  1.20006e+00  9.82990e-01  1.38410e-01
   1370.56  6592.8125  1.09089e+00  1.06952e+00  9.76863e-01  1.32812e-01
   1399.11  6593.4375  1.06042e+00  1.04775e+00  9.53783e-01  1.23480e-01
   1427.67  6594.0625  1.06825e+00  1.04874e+00  9.71522e-01  1.11942e-01
   1456.22  6594.6875  1.11085e+00  1.11101e+00  1.02206e+00  1.02565e-01
   1484.77  6595.3125  1.16678e+00  1.16259e+00  1.07985e+00  1.00756e-01
   1513.32  6595.9375  1.21111e+00  1.24343e+00  1.12547e+00  9.91759e-02
   1541.87  6596.5625  1.23816e+00  1.19094e+00  1.15650e+00  9.32611e-02
   1570.42  6597.1875  1.21670e+00  1.37385e+00  1.14008e+00  8.70001e-02
   1598.97  6597.8125  1.08143e+00  9.73584e-01  1.01131e+00  8.09160e-02
   1627.52  6598.4375  1.04758e+00  9.60371e-01  9.80374e-01  7.77403e-02
   1656.07  6599.0625  1.14436e+00  1.21008e+00  1.07905e+00  7.49494e-02
   1684.63  6599.6875  1.11133e+00  1.28664e+00  1.04965e+00  7.05625e-02
   1713.18  6600.3125  9.42394e-01  7.14318e-01  8.84295e-01  6.60337e-02
   1741.73  6600.9375  9.19648e-01  1.00575e+00  8.63898e-01  6.33555e-02
   1770.28  6601.5625  9.59790e-01  8.82281e-01  9.08072e-01  5.95472e-02
   1798.83  6602.1875  1.02207e+00  1.08487e+00  9.73710e-01  5.56227e-02
   1827.38  6602.8125  1.05415e+00  1.02750e+00  1.00718e+00  5.34767e-02
   1855.93  6603.4375  9.92408e-01  1.16449e+00  9.48266e-01  4.97134e-02
   1884.48  6604.0625  8.93275e-01  5.87006e-01  8.51749e-01  4.67282e-02
   1913.03  6604.6875  9.63215e-01  1.19109e+00  9.22123e-01  4.72303e-02
   1941.58  6605.3125  9.48509e-01  8.86144e-01  9.08677e-01  4.62751e-02
   1970.14  6605.9375  9.16353e-01  8.70943e-01  8.78824e-01  4.32828e-02
   1998.69  6606.5625  9.69697e-01  9.77537e-01  9.34590e-01  4.08990e-02
   2027.24  6607.1875  1.04213e+00  1.04462e+00  1.00973e+00  3.81476e-02
   2055.79  6607.8125  1.12162e+00  1.09607e+00  1.09277e+00  3.42085e-02
   2084.34  6608.4375  1.19564e+00  1.25297e+00  1.16940e+00  3.21793e-02
   2112.89  6609.0625  1.15726e+00  1.24456e+00  1.13079e+00  3.16161e-02
   2141.44  6609.6875  1.00357e+00  9.48514e-01  9.78205e-01  2.88324e-02
   2169.99  6610.3125  9.07865e-01  8.47092e-01  8.83629e-01  2.75079e-02
   2198.54  6610.9375  9.62827e-01  8.93068e-01  9.38348e-01  2.74878e-02
   2227.09  6611.5625  1.07506e+00  1.19213e+00  1.05200e+00  2.64681e-02
   2255.65  6612.1875  1.02056e+00  1.12059e+00  9.99550e-01  2.52648e-02
   2284.20  6612.8125  8.75381e-01  6.88867e-01  8.54899e-01  2.44614e-02
   2312.75  6613.4375  8.86853e-01  9.31495e-01  8.66668e-01  2.35814e-02
   2341.30  6614.0625  9.36851e-01  9.56628e-01  9.18016e-01  2.16760e-02
   2369.85  6614.6875  9.40678e-01  9.41058e-01  9.24787e-01  1.90137e-02
   2398.40  6615.3125  9.52154e-01  9.13649e-01  9.37793e-01  1.77887e-02
   2426.95  6615.9375  9.88882e-01  1.03060e+00  9.74418e-01  1.73487e-02
   2455.50  6616.5625  9.90048e-01  9.94422e-01  9.76145e-01  1.65540e-02
   2484.05  6617.1875  9.55803e-01  9.69142e-01  9.42713e-01  1.53518e-02
   2512.61  6617.8125  9.38260e-01  8.67328e-01  9.25373e-01  1.47699e-02
   2541.16  6618.4375  9.33541e-01  1.06222e+00  9.19736e-01  1.54578e-02
   2569.71  6619.0625  8.81776e-01  7.46591e-01  8.67903e-01  1.55405e-02
   2598.26  6619.6875  9.35329e-01  9.33584e-01  9.22136e-01  1.44565e-02
   2626.81  6620.3125  1.05890e+00  1.07417e+00  1.04613e+00  1.41842e-02
   2655.36  6620.9375  1.14799e+00  1.17677e+00  1.13569e+00  1.38457e-02
   2683.91  6621.5625  1.15476e+00  1.21852e+00  1.14267e+00  1.25920e-02
   2712.46  6622.1875  1.12909e+00  1.00516e+00  1.11809e+00  1.13025e-02
   2741.01  6622.8125  1.14352e+00  1.28519e+00  1.13478e+00  1.00532e-02
   2769.56  6623.4375  1.05320e+00  1.04012e+00  1.04484e+00  1.01151e-02
   2798.12  6624.0625  9.57540e-01  8.59023e-01  9.48805e-01  1.01377e-02
   2826.67  6624.6875  9.79447e-01  1.00543e+00  9.69920e-01  1.03858e-02
   2855.22  6625.3125  1.00810e+00  1.04298e+00  9.98610e-01  9.95098e-03
   2883.77  6625.9375  1.01092e+00  9.52141e-01  1.00341e+00  8.96560e-03
   2912.32  6626.5625  1.02671e+00  1.09824e+00  1.02035e+00  8.66409e-03
   2940.87  6627.1875  9.86100e-01  9.80294e-01  9.79621e-01  8.61728e-03
   2969.42  6627.8125  9.32120e-01  9.00281e-01  9.25767e-01  7.92253e-03
   2997.97  6628.4375  9.43347e-01  9.09813e-01  9.37969e-01  7.00136e-03
   3026.52  6629.0625  1.03208e+00  1.00272e+00  1.02872e+00  6.02042e-03
   3055.07  6629.6875  1.10209e+00  1.24007e+00  1.09943e+00  5.35671e-03
   3083.63  6630.3125  1.07782e+00  9.51502e-01  1.07447e+00  5.31726e-03
   3112.18  6630.9375  1.04935e+00  1.20819e+00  1.04615e+00  4.89710e-03
   3140.73  6631.5625  9.99090e-01  8.02776e-01  9.95924e-01  4.17957e-03
   3169.28  6632.1875  1.08930e+00  1.13072e+00  1.08660e+00  4.11520e-03
   3197.83  6632.8125  1.16051e+00  1.29288e+00  1.15872e+00  4.38719e-03
   3226.38  6633.4375  1.08809e+00  1.00081e+00  1.08552e+00  4.59233e-03
   3254.93  6634.0625  1.02733e+00  1.06794e+00  1.02353e+00  4.44912e-03
   3283.48  6634.6875  9.92735e-01  9.37436e-01  9.88749e-01  4.22710e-03
   3312.03  6635.3125  9.74900e-01  1.03503e+00  9.71419e-01  3.89411e-03
   3340.58  6635.9375  9.31622e-01  8.97312e-01  9.28033e-01  4.12934e-03
   3369.14  6636.5625  9.33003e-01  8.75150e-01  9.29149e-01  4.19890e-03
   3397.69  6637.1875  9.96693e-01  1.05028e+00  9.92781e-01  3.55565e-03
   3426.24  6637.8125  1.00818e+00  1.03961e+00  1.00450e+00  3.49770e-03
   3454.79  6638.4375  9.81899e-01  9.21754e-01  9.78787e-01  3.69587e-03
   3483.34  6639.0625  9.84573e-01  1.03399e+00  9.82377e-01  3.35381e-03
   3511.89  6639.6875  9.55045e-01  9.62554e-01  9.52058e-01  2.92347e-03
   3540.44  6640.3125  9.34000e-01  8.54184e-01  9.30593e-01  2.53242e-03
   3568.99  6640.9375  9.78029e-01  1.03697e+00  9.75500e-01  2.29653e-03
   3597.54  6641.5625  1.00191e+00  9.84549e-01  1.00050e+00  2.10437e-03
   3626.10  6642.1875  1.01186e+00  1.01961e+00  1.01027e+00  1.82981e-03
   3654.65  6642.8125  1.03488e+00  1.01026e+00  1.03357e+00  1.84555e-03
   3683.20  6643.4375  1.08343e+00  1.08651e+00  1.08207e+00  2.05112e-03
   3711.75  6644.0625  1.11596e+00  1.16069e+00  1.11411e+00  2.06946e-03
   3740.30  6644.6875  1.09614e+00  1.08036e+00  1.09413e+00  2.20086e-03
   3768.85  6645.3125  1.05325e+00  1.08474e+00  1.05069e+00  2.32933e-03
   3797.40  6645.9375  1.02135e+00  9.48935e-01  1.01944e+00  1.92487e-03
   3825.95  6646.5625  1.07445e+00  1.05544e+00  1.07345e+00  1.47049e-03
   3854.50  6647.1875  1.11552e+00  1.25395e+00  1.11495e+00  1.26650e-03
   3883.05  6647.8125  1.05224e+00  9.40071e-01  1.05193e+00  1.31765e-03
   3911.61  6648.4375  1.02609e+00  1.07434e+00  1.02568e+00  1.64824e-03
   3940.16  6649.0625  1.00042e+00  9.96191e-01  9.98485e-01  1.63065e-03
   3968.71  6649.6875  9.41211e-01  9.70904e-01  9.38945e-01  1.35502e-03
   3997.26  6650.3125  9.13720e-01  7.91598e-01  9.12156e-01  1.43988e-03
   4025.81  6650.9375  9.68103e-01  1.07414e+00  9.67214e-01  1.28267e-03
   4054.36  6651.5625  9.72877e-01  9.42563e-01  9.71689e-01  9.39763e-04
   4082.91  6652.1875  9.63658e-01  9.52524e-01  9.61880e-01  1.00901e-03
   4111.46  6652.8125  9.71676e-01  9.94948e-01  9.70308e-01  1.29206e-03
   4140.01  6653.4375  9.91220e-01  9.34748e-01  9.90619e-01  1.19894e-03
   4168.56  6654.0625  1.07543e+00  1.06798e+00  1.07524e+00  8.02760e-04
   4197.12  6654.6875  1.17492e+00  1.21999e+00  1.17460e+00  6.11741e-04
   4225.67  6655.3125  1.20873e+00  1.23071e+00  1.20885e+00  6.53597e-04
   4254.22  6655.9375  1.20760e+00  1.16836e+00  1.20744e+00  5.00755e-04
   4282.77  6656.5625  1.20318e+00  1.27047e+00  1.20229e+00  4.89353e-04
   4311.32  6657.1875  1.13412e+00  1.13271e+00  1.13303e+00  8.20106e-04
   4339.87  6657.8125  1.04555e+00  1.01331e+00  1.04488e+00  1.05822e-03
   4368.42  6658.4375  9.77093e-01  1.01651e+00  9.77798e-01  6.74093e-04
   4396.97  6659.0625  9.16390e-01  8.46299e-01  9.17380e-01  3.82963e-04
   4425.52  6659.6875  9.02480e-01  9.50578e-01  9.03518e-01  3.86186e-04
   4454.08  6660.3125  9.58284e-01  8.00337e-01  9.59038e-01  3.08200e-04
   4482.63  6660.9375  1.12793e+00  1.23530e+00  1.12779e+00  2.92352e-04
   4511.18  6661.5625  1.15966e+00  1.31002e+00  1.15992e+00  4.93358e-04
   4539.73  6662.1875  9.89111e-01  9.00798e-01  9.88668e-01  7.91198e-04
   4568.28  6662.8125  9.27732e-01  7.82574e-01  9.26319e-01  4.64367e-04
   4596.83  6663.4375  1.07262e+00  1.13018e+00  1.07124e+00  1.05968e-04
   4625.38  6664.0625  1.19402e+00  1.25087e+00  1.19356e+00  4.40900e-05
   4653.93  6664.6875  1.15035e+00  1.25087e+00  1.15032e+00  1.08597e-04
   4682.48  6665.3125  9.84241e-01  9.08155e-01  9.84177e-01  1.58975e-04
   4711.03  6665.9375  9.01509e-01  8.29536e-01  9.00997e-01  8.38935e-05
   4739.59  6666.5625  9.69214e-01  9.47753e-01  9.69544e-01  3.13017e-05
   4768.14  6667.1875  1.07224e+00  1.13237e+00  1.07345e+00  1.15113e-04
   4796.69  6667.8125  1.05563e+00  1.14938e+00  1.05609e+00  2.92118e-04
   4825.24  6668.4375  9.32753e-01  8.49680e-01  9.32318e-01  3.04206e-04
   4853.79  6669.0625  9.31815e-01  8.07353e-01  9.31377e-01  1.36295e-04
   4882.34  6669.6875  1.04345e+00  1.21340e+00  1.04350e+00  1.02822e-04
   4910.89  6670.3125  1.04695e+00  9.82024e-01  1.04631e+00  2.24174e-04
   4939.44  6670.9375  1.05302e+00  1.02598e+00  1.05194e+00  2.72459e-04
   4967.99  6671.5625  1.10449e+00  1.14314e+00  1.10480e+00  1.84841e-04
   4996.54  6672.1875  1.10773e+00  1.13408e+00  1.10944e+00  1.81692e-04
   5025.10  6672.8125  1.06535e+00  1.04787e+00  1.06704e+00  3.29580e-04
   5053.65  6673.4375  1.05604e+00  1.00779e+00  1.05624e+00  3.46024e-04
   5082.20  6674.0625  1.08099e+00  1.14908e+00  1.07998e+00  2.24486e-04
   5110.75  6674.6875  1.07236e+00  1.02884e+00  1.07160e+00  8.63086e-05
   5139.30  6675.3125  1.09142e+00  1.06911e+00  1.09122e+00  8.83282e-05
   5167.85  6675.9375  1.09227e+00  1.21523e+00  1.09148e+00  2.23820e-04
   5196.40  6676.5625  9.93031e-01  9.13689e-01  9.92417e-01  2.55207e-04
   5224.95  6677.1875  9.42638e-01  9.16210e-01  9.43011e-01  1.10322e-04
   5253.50  6677.8125  9.86609e-01  9.60623e-01  9.87264e-01  2.79458e-05
   5282.06  6678.4375  1.06968e+00  1.09428e+00  1.07068e+00  7.54869e-05
   5310.61  6679.0625  1.13995e+00  1.13037e+00  1.14035e+00  1.44396e-04
   5339.16  6679.6875  1.16321e+00  1.23537e+00  1.16314e+00  9.24524e-05
   5367.71  6680.3125  1.06485e+00  1.11824e+00  1.06507e+00  4.33863e-05
   5396.26  6680.9375  8.96592e-01  8.26071e-01  8.97533e-01  2.62290e-05
   5424.81  6681.5625  8.22619e-01  7.63386e-01  8.22844e-01  3.23484e-05
   5453.36  6682.1875  8.55005e-01  8.82149e-01  8.53340e-01  3.84096e-05
   5481.91  6682.8125  9.23720e-01  8.57835e-01  9.22758e-01  2.91320e-05
   5510.46  6683.4375  9.71245e-01  1.13652e+00  9.72018e-01  2.73654e-05
   5539.01  6684.0625  9.46547e-01  7.65361e-01  9.46929e-01  1.32342e-05
   5567.57  6684.6875  1.04570e+00  1.07132e+00  1.04461e+00  2.41885e-06
   5596.12  6685.3125  1.13773e+00  1.26897e+00  1.13676e+00  8.57381e-06
   5624.67  6685.9375  1.08271e+00  1.01741e+00  1.08276e+00  5.67529e-05
   5653.22  6686.5625  1.00380e+00  1.06093e+00  1.00442e+00  1.66200e-04
   5681.77  6687.1875  9.63022e-01  8.28709e-01  9.63452e-01  2.07979e-04
   5710.32  6687.8125  1.02336e+00  1.10125e+00  1.02344e+00  9.31169e-05
   5738.87  6688.4375  1.07378e+00  1.04199e+00  1.07411e+00  1.35868e-05
   5767.42  6689.0625  1.04169e+00  1.18218e+00  1.04197e+00  1.11003e-05
   5795.97  6689.6875  9.05520e-01  8.01385e-01  9.05194e-01  4.50779e-05
   5824.52  6690.3125  8.85898e-01  7.77438e-01  8.84791e-01  7.08551e-05
   5853.08  6690.9375  9.97076e-01  1.12197e+00  9.96027e-01  3.46960e-05
   5881.63  6691.5625  1.06267e+00  9.71088e-01  1.06299e+00  4.81994e-06
   5910.18  6692.1875  1.10832e+00  1.22601e+00  1.10870e+00  1.84025e-07
   5938.73  6692.8125  1.07978e+00  1.02655e+00  1.07921e+00  1.91244e-09
   5967.28  6693.4375  1.04166e+00  1.06290e+00  1.04144e+00  0.00000e+00
   5995.83  6694.0625  1.01427e+00  9.98811e-01  1.01475e+00  2.78686e-10
   6024.38  6694.6875  1.01562e+00  9.78724e-01  1.01641e+00  2.67687e-08
   6052.93  6695.3125  1.02067e+00  1.11688e+00  1.02152e+00  7.02698e-07
   6081.48  6695.9375  9.97645e-01  8.68082e-01  9.98579e-01  5.40981e-06
   6110.04  6696.5625  1.06184e+00  1.10452e+00  1.06384e+00  2.18309e-05
   6138.59  6697.1875  1.10086e+00  1.17665e+00  1.10316e+00  9.23389e-05
   6167.14  6697.8125  1.05728e+00  9.88330e-01  1.05844e+00  1.68489e-04
   6195.69  6698.4375  1.02715e+00  1.07976e+00  1.02801e+00  8.77073e-05
   6224.24  6699.0625  9.83418e-01  9.53982e-01  9.84707e-01  1.43196e-05
   6252.79  6699.6875  9.41977e-01  9.58709e-01  9.43240e-01  4.24278e-06
   6281.34  6700.3125  9.36414e-01  8.60812e-01  9.37770e-01  1.96835e-06
   6309.89  6700.9375  9.57072e-01  1.06758e+00  9.58752e-01  2.90337e-07
   6338.44  6701.5625  9.04825e-01  8.58224e-01  9.05801e-01  3.44072e-07
   6366.99  6702.1875  8.66053e-01  8.36768e-01  8.66511e-01  2.35866e-06
   6395.55  6702.8125  8.61369e-01  9.14855e-01  8.61457e-01  4.52753e-06
   6424.10  6703.4375  8.57466e-01  7.69215e-01  8.57636e-01  2.35855e-06
   6452.65  6704.0625  9.18659e-01  9.50474e-01  9.18816e-01  3.33424e-07
   6481.20  6704.6875  9.55402e-01  1.01077e+00  9.55302e-01  1.55950e-08
   6509.75  6705.3125  9.09730e-01  9.04376e-01  9.10587e-01  2.69432e-07
   6538.30  6705.9375  9.19468e-01  7.80121e-01  9.21182e-01  7.01964e-06
   6566.85  6706.5625  1.08023e+00  1.13401e+00  1.08185e+00  4.96550e-05
   6595.40  6707.1875  1.18313e+00  1.30196e+00  1.18406e+00  9.53190e-05
   6623.95  6707.8125  1.12161e+00  1.08445e+00  1.12140e+00  4.96550e-05
   6652.50  6708.4375  1.03287e+00  1.03760e+00  1.03176e+00  7.01964e-06
   6681.06  6709.0625  9.65245e-01  9.54510e-01  9.65385e-01  2.69299e-07
   6709.61  6709.6875  9.48750e-01  8.85408e-01  9.49510e-01  2.80364e-09
   6738.16  6710.3125  1.01729e+00  1.02571e+00  1.01773e+00  0.00000e+00
   6766.71  6710.9375  1.09534e+00  1.12118e+00  1.09555e+00  0.00000e+00
   6795.26  6711.5625  1.09587e+00  1.16495e+00  1.09636e+00  0.00000e+00
   6823.81  6712.1875  1.02960e+00  9.64206e-01  1.03031e+00  0.00000e+00
   6852.36  6712.8125  1.03123e+00  9.84725e-01  1.03135e+00  0.00000e+00
   6880.91  6713.4375  1.05571e+00  1.19297e+00  1.05554e+00  0.00000e+00
   6909.46  6714.0625  1.04348e+00  8.47277e-01  1.04424e+00  0.00000e+00
   6938.02  6714.6875  1.14041e+00  1.24685e+00  1.14172e+00  0.00000e+00
   6966.57  6715.3125  1.11286e+00  1.28695e+00  1.11364e+00  0.00000e+00
   6995.12  6715.9375  9.50792e-01  6.88432e-01  9.51595e-01  0.00000e+00
   7023.67  6716.5625  9.68867e-01  1.07054e+00  9.68927e-01  0.00000e+00
   7052.22  6717.1875  1.02132e+00  9.90902e-01  1.01967e+00  0.00000e+00
   7080.77  6717.8125  1.02329e+00  1.08868e+00  1.02127e+00  0.00000e+00
   7109.32  6718.4375  9.84620e-01  9.34802e-01  9.82881e-01  0.00000e+00
   7137.87  6719.0625  1.00400e+00  9.50911e-01  1.00432e+00  0.00000e+00
   7166.42  6719.6875  1.07224e+00  1.14913e+00  1.07513e+00  0.00000e+00
   7194.97  6720.3125  1.02455e+00  1.11417e+00  1.02715e+00  0.00000e+00
   7223.53  6720.9375  9.39344e-01  7.25050e-01  9.41031e-01  0.00000e+00
   7252.08  6721.5625  1.02342e+00  1.11773e+00  1.02488e+00  0.00000e+00
   7280.63  6722.1875  1.07222e+00  1.14132e+00  1.07344e+00  0.00000e+00
   7309.18  6722.8125  1.06969e+00  9.14219e-01  1.07004e+00  0.00000e+00
   7337.73  6723.4375  1.16248e+00  1.26942e+00  1.16218e+00  0.00000e+00
   7366.28  6724.0625  1.17247e+00  1.22772e+00  1.17197e+00  0.00000e+00
   7394.83  6724.6875  1.07509e+00  1.03574e+00  1.07495e+00  0.00000e+00
   7423.38  6725.3125  1.02827e+00  9.64929e-01  1.02838e+00  0.00000e+00
   7451.93  6725.9375  1.03270e+00  1.12600e+00  1.03290e+00  0.00000e+00
   7480.48  6726.5625  9.75106e-01  9.41278e-01  9.75879e-01  0.00000e+00
   7509.04  6727.1875  9.46574e-01  8.81202e-01  9.47254e-01  0.00000e+00
   7537.59  6727.8125  1.00240e+00  1.03601e+00  1.00300e+00  0.00000e+00
   7566.14  6728.4375  1.05362e+00  1.05298e+00  1.05425e+00  0.00000e+00
   7594.69  6729.0625  1.06907e+00  1.10102e+00  1.06924e+00  0.00000e+00
   7623.24  6729.6875  1.06468e+00  1.02724e+00  1.06473e+00  0.00000e+00
   7651.79  6730.3125  1.09800e+00  1.07898e+00  1.09719e+00  0.00000e+00
   7680.34  6730.9375  1.10280e+00  1.23435e+00  1.10107e+00  0.00000e+00
   7708.89  6731.5625  1.01722e+00  8.92563e-01  1.01668e+00  0.00000e+00
   7737.44  6732.1875  9.76172e-01  1.05959e+00  9.76848e-01  0.00000e+00
   7765.99  6732.8125  1.02060e+00  7.95345e-01  1.02077e+00  0.00000e+00
   7794.55  6733.4375  1.12067e+00  1.45717e+00  1.12007e+00  0.00000e+00
   7823.10  6734.0625  1.00912e+00  8.39269e-01  1.00899e+00  0.00000e+00
   7851.65  6734.6875  9.45048e-01  9.17690e-01  9.45058e-01  0.00000e+00
   7880.20  6735.3125  1.01300e+00  9.98141e-01  1.01249e+00  0.00000e+00
   7908.75  6735.9375  1.03442e+00  1.18788e+00  1.03398e+00  0.00000e+00
   7937.30  6736.5625  9.32860e-01  8.13004e-01  9.33269e-01  0.00000e+00
   7965.85  6737.1875  8.93908e-01  9.02540e-01  8.94191e-01  0.00000e+00
   7994.40  6737.8125  9.22414e-01  9.04893e-01  9.22147e-01  0.00000e+00
   8022.95  6738.4375  9.85358e-01  9.66055e-01  9.85122e-01  0.00000e+00
   8051.51  6739.0625  1.08216e+00  1.07909e+00  1.08158e+00  0.00000e+00
   8080.06  6739.6875  1.12575e+00  1.24233e+00  1.12570e+00  0.00000e+00
   8108.61  6740.3125  1.03732e+00  1.00241e+00  1.03743e+00  0.00000e+00
   8137.16  6740.9375  9.28257e-01  9.25461e-01  9.28192e-01  0.00000e+00
   8165.71  6741.5625  8.72774e-01  8.18952e-01  8.72256e-01  0.00000e+00
   8194.26  6742.1875  8.87906e-01  8.95115e-01  8.87577e-01  0.00000e+00
   8222.81  6742.8125  9.31275e-01  9.25642e-01  9.31422e-01  0.00000e+00
   8251.36  6743.4375  1.00443e+00  9.57084e-01  1.00447e+00  0.00000e+00
   8279.91  6744.0625  1.07516e+00  1.19070e+00  1.07503e+00  0.00000e+00
   8308.46  6744.6875  1.04939e+00  1.00344e+00  1.04897e+00  0.00000e+00
   8337.02  6745.3125  1.02684e+00  1.00461e+00  1.02594e+00  0.00000e+00
   8365.57  6745.9375  1.00570e+00  1.09522e+00  1.00443e+00  0.00000e+00
   8394.12  6746.5625  9.18001e-01  8.55845e-01  9.16672e-01  0.00000e+00
   8422.67  6747.1875  8.66141e-01  8.60075e-01  8.65201e-01  0.00000e+00
   8451.22  6747.8125  9.04388e-01  8.21172e-01  9.05043e-01  0.00000e+00
   8479.77  6748.4375  9.99612e-01  1.09970e+00  1.00056e+00  0.00000e+00
   8508.32  6749.0625  1.01924e+00  1.00235e+00  1.01841e+00  0.00000e+00
   8536.87  6749.6875  9.61766e-01  1.03784e+00  9.60041e-01  0.00000e+00
   8565.42  6750.3125  8.93630e-01  7.53825e-01  8.92352e-01  0.00000e+00
   8593.97  6750.9375  9.42452e-01  9.75601e-01  9.41940e-01  0.00000e+00
   8622.53  6751.5625  9.61808e-01  1.08107e+00  9.61910e-01  0.00000e+00
   8651.08  6752.1875  8.91350e-01  7.47262e-01  8.91879e-01  0.00000e+00
   8679.63  6752.8125  8.90402e-01  9.71267e-01  8.91109e-01  0.00000e+00
   8708.18  6753.4375  8.69608e-01  8.65555e-01  8.70337e-01  0.00000e+00
   8736.73  6754.0625  8.48426e-01  7.86259e-01  8.49301e-01  0.00000e+00
   8765.28  6754.6875  9.18768e-01  9.01663e-01  9.19056e-01  0.00000e+00
   8793.83  6755.3125  1.02947e+00  1.06689e+00  1.02840e+00  0.00000e+00
   8822.38  6755.9375  1.12595e+00  1.07488e+00  1.12439e+00  0.00000e+00
   8850.93  6756.5625  1.14279e+00  1.36241e+00  1.14171e+00  0.00000e+00
   8879.49  6757.1875  1.03353e+00  8.00999e-01  1.03347e+00  0.00000e+00
   8908.04  6757.8125  1.02884e+00  1.14918e+00  1.03081e+00  0.00000e+00
   8936.59  6758.4375  9.81474e-01  1.01346e+00  9.84297e-01  0.00000e+00
   8965.14  6759.0625  8.92857e-01  7.84020e-01  8.94506e-01  0.00000e+00
   8993.69  6759.6875  9.26732e-01  9.19826e-01  9.27619e-01  0.00000e+00
   9022.24  6760.3125  9.77099e-01  1.07361e+00  9.76904e-01  0.00000e+00
   9050.79  6760.9375  9.19664e-01  9.00313e-01  9.19494e-01  0.00000e+00
   9079.34  6761.5625  8.58745e-01  8.10634e-01  8.58920e-01  0.00000e+00
   9107.89  6762.1875  8.71378e-01  8.69651e-01  8.71452e-01  0.00000e+00
   9136.44  6762.8125  9.06283e-01  9.20419e-01  9.06237e-01  0.00000e+00
   9165.00  6763.4375  9.09584e-01  9.43880e-01  9.09186e-01  0.00000e+00
   9193.55  6764.0625  9.44540e-01  7.89696e-01  9.44606e-01  0.00000e+00
   9222.10  6764.6875  1.02047e+00  1.26156e+00  1.02142e+00  0.00000e+00
   9250.65  6765.3125  9.08865e-01  8.45695e-01  9.10000e-01  0.00000e+00
   9279.20  6765.9375  7.97313e-01  7.02648e-01  7.97917e-01  0.00000e+00
   9307.75  6766.5625  8.40228e-01  8.48790e-01  8.40687e-01  0.00000e+00
   9336.30  6767.1875  9.70756e-01  8.92921e-01  9.70446e-01  0.00000e+00
   9364.85  6767.8125  1.05774e+00  1.30393e+00  1.05569e+00  0.00000e+00
   9393.40  6768.4375  9.46623e-01  8.10973e-01  9.44447e-01  0.00000e+00
   9421.95  6769.0625  8.95206e-01  8.51242e-01  8.94807e-01  0.00000e+00
   9450.51  6769.6875  9.50555e-01  9.91297e-01  9.51315e-01  0.00000e+00
   9479.06  6770.3125  9.55635e-01  1.00019e+00  9.56447e-01  0.00000e+00
   9507.61  6770.9375  8.79880e-01  8.83841e-01  8.79877e-01  0.00000e+00
   9536.16  6771.5625  8.55447e-01  7.12799e-01  8.54831e-01  0.00000e+00
   9564.71  6772.1875  9.79224e-01  1.03562e+00  9.79677e-01  0.00000e+00
   9593.26  6772.8125  1.03531e+00  1.16622e+00  1.03598e+00  0.00000e+00
   9621.81  6773.4375  9.09673e-01  8.81800e-01  9.09464e-01  0.00000e+00
   9650.36  6774.0625  8.33525e-01  6.68807e-01  8.32709e-01  0.00000e+00
   9678.91  6774.6875  8.88310e-01  1.06537e+00  8.88096e-01  0.00000e+00
   9707.47  6775.3125  8.97672e-01  7.37926e-01  8.97600e-01  0.00000e+00
   9736.02  6775.9375  9.01908e-01  1.10612e+00  9.02588e-01  0.00000e+00
   9764.57  6776.5625  8.69415e-01  6.29684e-01  8.69961e-01  0.00000e+00
   9793.12  6777.1875  1.01794e+00  1.04331e+00  1.01808e+00  0.00000e+00
   9821.67  6777.8125  1.17379e+00  1.33553e+00  1.17444e+00  0.00000e+00
   9850.22  6778.4375  1.12330e+00  1.09653e+00  1.12396e+00  0.00000e+00
   9878.77  6779.0625  1.02462e+00  1.00293e+00  1.02446e+00  0.00000e+00
   9907.32  6779.6875  1.00757e+00  9.36004e-01  1.00629e+00  0.00000e+00
   9935.87  6780.3125  1.06018e+00  1.12307e+00  1.05875e+00  0.00000e+00
   9964.42  6780.9375  1.04200e+00  1.09895e+00  1.04148e+00  0.00000e+00
   9992.98  6781.5625  9.75939e-01  8.66771e-01  9.76423e-01  0.00000e+00
  10021.53  6782.1875  9.79693e-01  1.04574e+00  9.80120e-01  0.00000e+00
  10050.08  6782.8125  9.74880e-01  9.48745e-01  9.74064e-01  0.00000e+00
  10078.63  6783.4375  9.56961e-01  9.78795e-01  9.55780e-01  0.00000e+00
  10107.18  6784.0625  9.47574e-01  9.02168e-01  9.47349e-01  0.00000e+00
  10135.73  6784.6875  9.30140e-01  1.02789e+00  9.30379e-01  0.00000e+00
  10164.28  6785.3125  8.62830e-01  7.73594e-01  8.62579e-01  0.00000e+00
  10192.83  6785.9375  8.58375e-01  8.61067e-01  8.57089e-01  0.00000e+00
  10221.38  6786.5625  9.52660e-01  8.62052e-01  9.51304e-01  0.00000e+00
  10249.93  6787.1875  1.09797e+00  1.21226e+00  1.09708e+00  0.00000e+00
  10278.49  6787.8125  1.11061e+00  1.17067e+00  1.11070e+00  0.00000e+00
  10307.04  6788.4375  1.00955e+00  9.56445e-01  1.01084e+00  0.00000e+00
  10335.59  6789.0625  9.49194e-01  9.30770e-01  9.51116e-01  0.00000e+00
  10364.14  6789.6875  9.28809e-01  9.57051e-01  9.30364e-01  0.00000e+00
  10392.69  6790.3125  9.19844e-01  8.59837e-01  9.19817e-01  0.00000e+00
  10421.24  6790.9375  9.69078e-01  9.78005e-01  9.68819e-01  0.00000e+00
  10449.79  6791.5625  1.03718e+00  1.03908e+00  1.03781e+00  0.00000e+00
  10478.34  6792.1875  1.04368e+00  1.14315e+00  1.04408e+00  0.00000e+00
  10506.89  6792.8125  9.99537e-01  8.58310e-01  9.99060e-01  0.00000e+00
  10535.45  6793.4375  1.03849e+00  1.10744e+00  1.03787e+00  0.00000e+00
  10564.00  6794.0625  1.01857e+00  1.10778e+00  1.01831e+00  0.00000e+00
  10592.55  6794.6875  9.26756e-01  7.83530e-01  9.25860e-01  0.00000e+00
  10621.10  6795.3125  9.30452e-01  1.00253e+00  9.29460e-01  0.00000e+00
  10649.65  6795.9375  9.96809e-01  8.63412e-01  9.96918e-01  0.00000e+00
  10678.20  6796.5625  1.08732e+00  1.27912e+00  1.08806e+00  0.00000e+00
  10706.75  6797.1875  1.02589e+00  9.83085e-01  1.02615e+00  0.00000e+00
  10735.30  6797.8125  9.09767e-01  9.11883e-01  9.08817e-01  0.00000e+00
  10763.85  6798.4375  8.36588e-01  7.93744e-01  8.35666e-01  0.00000e+00
  10792.40  6799.0625  8.30707e-01  8.17906e-01  8.30583e-01  0.00000e+00
  10820.96  6799.6875  8.93107e-01  8.45303e-01  8.92847e-01  0.00000e+00
  10849.51  6800.3125  9.68928e-01  1.07316e+00  9.68253e-01  0.00000e+00
  10878.06  6800.9375  9.95311e-01  8.89224e-01  9.94646e-01  0.00000e+00
  10906.61  6801.5625  1.03123e+00  1.15056e+00  1.03047e+00  0.00000e+00
  10935.16  6802.1875  1.00762e+00  9.43671e-01  1.00631e+00  0.00000e+00
  10963.71  6802.8125  1.00219e+00  1.00021e+00  1.00001e+00  0.00000e+00
  10992.26  6803.4375  1.03641e+00  1.02938e+00  1.03419e+00  0.00000e+00
  11020.81  6804.0625  1.05053e+00  1.10789e+00  1.04935e+00  0.00000e+00
  11049.36  6804.6875  1.02118e+00  9.70513e-01  1.02116e+00  0.00000e+00
  11077.91  6805.3125  9.94284e-01  1.04704e+00  9.94846e-01  0.00000e+00
  11106.47  6805.9375  9.53965e-01  9.09003e-01  9.54062e-01  0.00000e+00
  11135.02  6806.5625  9.57145e-01  9.32915e-01  9.56382e-01  0.00000e+00
  11163.57  6807.1875  1.00623e+00  1.03044e+00  1.00544e+00  0.00000e+00
  11192.12  6807.8125  1.08096e+00  1.00447e+00  1.08067e+00  0.00000e+00
  11220.67  6808.4375  1.15692e+00  1.30167e+00  1.15644e+00  0.00000e+00
  11249.22  6809.0625  1.10468e+00  1.07329e+00  1.10439e+00  0.00000e+00
  11277.77  6809.6875  1.01528e+00  1.00407e+00  1.01482e+00  0.00000e+00
  11306.32  6810.3125  9.49213e-01  9.62210e-01  9.48953e-01  0.00000e+00
  11334.87  6810.9375  9.11544e-01  8.48778e-01  9.11831e-01  0.00000e+00
  11363.43  6811.5625  9.38706e-01  9.55898e-01  9.39368e-01  0.00000e+00
  11391.98  6812.1875  9.66806e-01  9.91842e-01  9.67498e-01  0.00000e+00
  11420.53  6812.8125  9.74967e-01  9.35294e-01  9.74556e-01  0.00000e+00
  11449.08  6813.4375  9.84887e-01  1.04760e+00  9.84495e-01  0.00000e+00
  11477.63  6814.0625  9.82855e-01  9.00741e-01  9.83180e-01  0.00000e+00
  11506.18  6814.6875  1.02272e+00  1.07014e+00  1.02280e+00  0.00000e+00
  11534.73  6815.3125  1.01645e+00  1.07485e+00  1.01621e+00  0.00000e+00
  11563.28  6815.9375  9.94933e-01  8.46272e-01  9.94640e-01  0.00000e+00
  11591.83  6816.5625  1.09615e+00  1.15236e+00  1.09638e+00  0.00000e+00
  11620.38  6817.1875  1.13213e+00  1.26538e+00  1.13163e+00  0.00000e+00
  11648.94  6817.8125  1.01109e+00  9.34680e-01  1.01004e+00  0.00000e+00
  11677.49  6818.4375  9.70982e-01  8.63380e-01  9.70838e-01  0.00000e+00
  11706.04  6819.0625  1.05628e+00  1.15790e+00  1.05623e+00  0.00000e+00
  11734.59  6819.6875  1.09435e+00  1.05909e+00  1.09358e+00  0.00000e+00
  11763.14  6820.3125  1.10010e+00  1.13319e+00  1.09871e+00  0.00000e+00
  11791.69  6820.9375  1.06296e+00  1.09099e+00  1.06171e+00  0.00000e+00
  11820.24  6821.5625  9.84049e-01  9.65210e-01  9.82743e-01  0.00000e+00
  11848.79  6822.1875  9.61689e-01  8.76059e-01  9.60859e-01  0.00000e+00
  11877.34  6822.8125  1.01714e+00  1.09326e+00  1.01640e+00  0.00000e+00
  11905.89  6823.4375  1.01652e+00  1.03541e+00  1.01554e+00  0.00000e+00
  11934.45  6824.0625  1.02136e+00  8.93286e-01  1.02108e+00  0.00000e+00
  11963.00  6824.6875  1.11882e+00  1.22659e+00  1.11980e+00  0.00000e+00
  11991.55  6825.3125  1.16390e+00  1.13523e+00  1.16577e+00  0.00000e+00
  12020.10  6825.9375  1.12945e+00  1.22556e+00  1.13131e+00  0.00000e+00
  12048.65  6826.5625  1.01531e+00  9.59020e-01  1.01561e+00  0.00000e+00
  12077.20  6827.1875  9.35151e-01  9.09424e-01  9.34720e-01  0.00000e+00
  12105.75  6827.8125  9.26732e-01  9.15915e-01  9.26271e-01  0.00000e+00
  12134.30  6828.4375  9.42804e-01  9.51849e-01  9.42216e-01  0.00000e+00
  12162.85  6829.0625  9.23502e-01  9.80347e-01  9.23139e-01  0.00000e+00
  12191.40  6829.6875  8.95184e-01  7.74826e-01  8.95540e-01  0.00000e+00
  12219.96  6830.3125  9.72434e-01  1.00450e+00  9.72464e-01  0.00000e+00
  12248.51  6830.9375  1.06042e+00  1.08820e+00  1.06051e+00  0.00000e+00
  12277.06  6831.5625  1.07759e+00  1.10565e+00  1.07843e+00  0.00000e+00
  12305.61  6832.1875  1.02495e+00  1.05508e+00  1.02703e+00  0.00000e+00
  12334.16  6832.8125  9.83204e-01  8.63593e-01  9.85639e-01  0.00000e+00
  12362.71  6833.4375  1.02356e+00  1.12685e+00  1.02590e+00  0.00000e+00
  12391.26  6834.0625  1.06737e+00  9.45386e-01  1.06934e+00  0.00000e+00
  12419.81  6834.6875  1.14592e+00  1.26920e+00  1.14679e+00  0.00000e+00
  12448.36  6835.3125  1.21324e+00  1.06235e+00  1.21346e+00  0.00000e+00
  12476.92  6835.9375  1.25969e+00  1.51742e+00  1.25966e+00  0.00000e+00
  12505.47  6836.5625  1.13240e+00  9.91785e-01  1.13229e+00  0.00000e+00
  12534.02  6837.1875  1.00793e+00  1.07044e+00  1.00803e+00  0.00000e+00
  12562.57  6837.8125  9.50903e-01  8.24336e-01  9.50167e-01  0.00000e+00
  12591.12  6838.4375  9.82658e-01  1.06138e+00  9.80625e-01  0.00000e+00
  12619.67  6839.0625  9.95451e-01  9.79291e-01  9.93344e-01  0.00000e+00
  12648.22  6839.6875  1.01642e+00  9.62862e-01  1.01479e+00  0.00000e+00
  12676.77  6840.3125  1.07375e+00  1.14493e+00  1.07308e+00  0.00000e+00
  12705.32  6840.9375  1.08972e+00  1.05626e+00  1.09019e+00  0.00000e+00
  12733.87  6841.5625  1.10671e+00  1.10698e+00  1.10831e+00  0.00000e+00
  12762.43  6842.1875  1.11083e+00  1.16560e+00  1.11338e+00  0.00000e+00
  12790.98  6842.8125  1.09244e+00  1.00810e+00  1.09387e+00  0.00000e+00
  12819.53  6843.4375  1.12259e+00  1.17382e+00  1.12221e+00  0.00000e+00
  12848.08  6844.0625  1.13783e+00  1.12916e+00  1.13760e+00  0.00000e+00
  12876.63  6844.6875  1.11673e+00  1.15097e+00  1.11675e+00  0.00000e+00
  12905.18  6845.3125  1.07391e+00  1.03999e+00  1.07414e+00  0.00000e+00
  12933.73  6845.9375  1.05594e+00  1.05607e+00  1.05655e+00  0.00000e+00
  12962.28  6846.5625  1.05507e+00  1.05698e+00  1.05593e+00  0.00000e+00
  12990.83  6847.1875  1.03841e+00  1.06548e+00  1.03928e+00  0.00000e+00
  13019.38  6847.8125  1.01928e+00  9.58655e-01  1.01903e+00  0.00000e+00
  13047.94  6848.4375  1.02961e+00  1.08775e+00  1.02821e+00  0.00000e+00
  13076.49  6849.0625  1.00202e+00  9.94809e-01  1.00024e+00  0.00000e+00
  13105.04  6849.6875  9.43233e-01  9.58179e-01  9.41895e-01  0.00000e+00
  13133.59  6850.3125  8.95673e-01  8.48303e-01  8.94928e-01  0.00000e+00
  13162.14  6850.9375  9.04696e-01  9.01787e-01  9.04228e-01  0.00000e+00
  13190.69  6851.5625  9.52338e-01  9.42523e-01  9.52048e-01  0.00000e+00
  13219.24  6852.1875  1.02445e+00  1.00965e+00  1.02486e+00  0.00000e+00
  13247.79  6852.8125  1.10039e+00  1.13342e+00  1.10086e+00  0.00000e+00
  13276.34  6853.4375  1.10942e+00  1.16380e+00  1.10956e+00  0.00000e+00
  13304.90  6854.0625  1.04085e+00  1.01564e+00  1.04082e+00  0.00000e+00
  13333.45  6854.6875  9.65924e-01  9.81155e-01  9.66009e-01  0.00000e+00
  13362.00  6855.3125  9.41532e-01  8.43252e-01  9.42028e-01  0.00000e+00
  13390.55  6855.9375  1.00132e+00  1.06966e+00  1.00138e+00  0.00000e+00
  13419.10  6856.5625  1.07859e+00  9.95101e-01  1.07794e+00  0.00000e+00
  13447.65  6857.1875  1.19870e+00  1.24091e+00  1.19751e+00  0.00000e+00
  13476.20  6857.8125  1.22525e+00  1.36884e+00  1.22443e+00  0.00000e+00
  13504.75  6858.4375  1.07593e+00  1.01754e+00  1.07550e+00  0.00000e+00
  13533.30  6859.0625  9.65840e-01  8.77188e-01  9.64969e-01  0.00000e+00
  13561.85  6859.6875  9.42783e-01  1.05232e+00  9.42041e-01  0.00000e+00
  13590.41  6860.3125  9.07640e-01  7.77637e-01  9.07367e-01  0.00000e+00
  13618.96  6860.9375  9.61406e-01  9.90769e-01  9.61191e-01  0.00000e+00
  13647.51  6861.5625  9.95747e-01  1.08855e+00  9.95184e-01  0.00000e+00
  13676.06  6862.1875  9.15954e-01  8.82017e-01  9.15320e-01  0.00000e+00
  13704.61  6862.8125  8.68303e-01  7.92852e-01  8.67451e-01  0.00000e+00
  13733.16  6863.4375  9.15721e-01  9.55997e-01  9.14552e-01  0.00000e+00
  13761.71  6864.0625  9.83287e-01  9.43438e-01  9.82315e-01  0.00000e+00
  13790.26  6864.6875  1.12160e+00  1.04889e+00  1.12119e+00  0.00000e+00
  13818.81  6865.3125  1.29421e+00  1.43415e+00  1.29332e+00  0.00000e+00
  13847.36  6865.9375  1.31550e+00  1.33243e+00  1.31330e+00  0.00000e+00
  13875.92  6866.5625  1.23704e+00  1.22830e+00  1.23482e+00  0.00000e+00
  13904.47  6867.1875  1.15865e+00  1.15286e+00  1.15813e+00  0.00000e+00
  13933.02  6867.8125  1.08899e+00  1.09524e+00  1.08945e+00  0.00000e+00
  13961.57  6868.4375  1.01473e+00  1.01863e+00  1.01424e+00  0.00000e+00
  13990.12  6869.0625  9.69946e-01  9.03286e-01  9.68764e-01  0.00000e+00
  14018.67  6869.6875  9.76460e-01  1.03824e+00  9.75416e-01  0.00000e+00
  14047.22  6870.3125  9.78580e-01  9.11304e-01  9.77979e-01  0.00000e+00
  14075.77  6870.9375  9.81795e-01  1.07306e+00  9.81420e-01  0.00000e+00
  14104.32  6871.5625  9.41014e-01  8.77488e-01  9.41142e-01  0.00000e+00
  14132.88  6872.1875  9.43962e-01  9.24543e-01  9.44402e-01  0.00000e+00
  14161.43  6872.8125  9.98762e-01  1.00490e+00  9.99540e-01  0.00000e+00
  14189.98  6873.4375  9.69197e-01  1.13139e+00  9.69708e-01  0.00000e+00
  14218.53  6874.0625  8.65366e-01  6.19266e-01  8.64801e-01  0.00000e+00
  14247.08  6874.6875  9.27881e-01  1.03877e+00  9.27044e-01  0.00000e+00
  14275.63  6875.3125  1.03630e+00  9.39392e-01  1.03738e+00  0.00000e+00
  14304.18  6875.9375  1.06758e+00  1.32634e+00  1.06991e+00  0.00000e+00
  14332.73  6876.5625  9.75595e-01  6.91422e-01  9.77214e-01  0.00000e+00
  14361.28  6877.1875  1.01897e+00  1.16978e+00  1.02031e+00  0.00000e+00
  14389.83  6877.8125  1.04822e+00  1.01128e+00  1.04848e+00  0.00000e+00
  14418.39  6878.4375  1.06317e+00  1.03401e+00  1.06312e+00  0.00000e+00
  14446.94  6879.0625  1.13092e+00  1.12776e+00  1.13244e+00  0.00000e+00
  14475.49  6879.6875  1.13926e+00  1.28265e+00  1.14078e+00  0.00000e+00
  14504.04  6880.3125  1.03438e+00  9.08872e-01  1.03460e+00  0.00000e+00
  14532.59  6880.9375  9.92340e-01  1.01858e+00  9.91626e-01  0.00000e+00
  14561.14  6881.5625  9.59949e-01  1.00945e+00  9.60231e-01  0.00000e+00
  14589.69  6882.1875  9.07074e-01  8.11005e-01  9.07933e-01  0.00000e+00
  14618.24  6882.8125  9.30754e-01  9.65333e-01  9.31190e-01  0.00000e+00
  14646.79  6883.4375  9.70678e-01  9.59027e-01  9.71022e-01  0.00000e+00
  14675.34  6884.0625  9.81085e-01  1.02599e+00  9.80956e-01  0.00000e+00
  14703.90  6884.6875  9.40453e-01  9.38025e-01  9.40779e-01  0.00000e+00
  14732.45  6885.3125  9.05206e-01  8.55317e-01  9.05922e-01  0.00000e+00
  14761.00  6885.9375  9.10053e-01  9.52950e-01  9.10221e-01  0.00000e+00
  14789.55  6886.5625  8.85601e-01  8.94200e-01  8.85870e-01  0.00000e+00
  14818.10  6887.1875  8.75932e-01  7.91872e-01  8.76780e-01  0.00000e+00
  14846.65  6887.8125  9.62326e-01  9.75325e-01  9.63100e-01  0.00000e+00
  14875.20  6888.4375  1.04711e+00  1.10075e+00  1.04742e+00  0.00000e+00
  14903.75  6889.0625  1.01653e+00  1.08675e+00  1.01649e+00  0.00000e+00
  14932.30  6889.6875  9.34077e-01  8.09809e-01  9.33561e-01  0.00000e+00
  14960.86  6890.3125  9.61256e-01  9.77777e-01  9.60478e-01  0.00000e+00
  14989.41  6890.9375  1.00422e+00  1.06336e+00  1.00359e+00  0.00000e+00
  15017.96  6891.5625  9.75412e-01  9.57026e-01  9.75024e-01  0.00000e+00
  15046.51  6892.1875  9.59280e-01  9.10625e-01  9.59149e-01  0.00000e+00
  15075.06  6892.8125  9.40793e-01  1.07532e+00  9.40763e-01  0.00000e+00
  15103.61  6893.4375  8.66766e-01  7.11753e-01  8.66104e-01  0.00000e+00
  15132.16  6894.0625  9.03621e-01  9.22097e-01  9.02703e-01  0.00000e+00
  15160.71  6894.6875  9.23557e-01  1.06360e+00  9.23033e-01  0.00000e+00
  15189.26  6895.3125  8.09506e-01  7.12779e-01  8.08627e-01  0.00000e+00
  15217.81  6895.9375  7.46826e-01  7.36779e-01  7.45993e-01  0.00000e+00
  15246.37  6896.5625  7.93889e-01  7.26437e-01  7.92869e-01  0.00000e+00
  15274.92  6897.1875  9.48073e-01  9.25531e-01  9.46652e-01  0.00000e+00
  15303.47  6897.8125  1.06226e+00  1.24837e+00  1.06081e+00  0.00000e+00
  15332.02  6898.4375  9.82057e-01  9.21794e-01  9.81675e-01  0.00000e+00
  15360.57  6899.0625  9.06255e-01  8.50062e-01  9.06322e-01  0.00000e+00
  15389.12  6899.6875  9.75713e-01  9.08925e-01  9.75378e-01  0.00000e+00
  15417.67  6900.3125  1.14110e+00  1.17977e+00  1.13985e+00  0.00000e+00
  15446.22  6900.9375  1.18667e+00  1.37346e+00  1.18426e+00  0.00000e+00
  15474.77  6901.5625  1.01860e+00  9.25316e-01  1.01710e+00  0.00000e+00
  15503.32  6902.1875  8.77137e-01  8.54260e-01  8.77427e-01  0.00000e+00
  15531.88  6902.8125  8.64749e-01  7.80662e-01  8.65531e-01  0.00000e+00
  15560.43  6903.4375  9.21477e-01  1.02057e+00  9.22280e-01  0.00000e+00
  15588.98  6904.0625  8.96847e-01  9.01485e-01  8.97111e-01  0.00000e+00
  15617.53  6904.6875  8.51942e-01  7.81571e-01  8.50962e-01  0.00000e+00
  15646.08  6905.3125  9.03189e-01  8.86293e-01  9.01378e-01  0.00000e+00
  15674.63  6905.9375  9.84670e-01  1.04231e+00  9.83871e-01  0.00000e+00
  15703.18  6906.5625  1.00020e+00  1.00341e+00  9.99901e-01  0.00000e+00
  15731.73  6907.1875  9.84910e-01  9.71687e-01  9.84165e-01  0.00000e+00
  15760.28  6907.8125  9.80977e-01  9.82668e-01  9.80570e-01  0.00000e+00
  15788.84  6908.4375  9.58846e-01  1.00059e+00  9.57946e-01  0.00000e+00
  15817.39  6909.0625  9.10955e-01  8.64395e-01  9.09840e-01  0.00000e+00
  15845.94  6909.6875  9.37186e-01  8.71130e-01  9.36374e-01  0.00000e+00
  15874.49  6910.3125  1.02438e+00  1.11125e+00  1.02352e+00  0.00000e+00
  15903.04  6910.9375  1.01663e+00  1.05497e+00  1.01552e+00  0.00000e+00
  15931.59  6911.5625  9.57665e-01  8.75402e-01  9.56100e-01  0.00000e+00
  15960.14  6912.1875  9.89869e-01  9.72637e-01  9.87593e-01  0.00000e+00
  15988.69  6912.8125  1.03668e+00  1.12920e+00  1.03395e+00  0.00000e+00
  16017.24  6913.4375  9.58562e-01  9.87548e-01  9.56783e-01  0.00000e+00
  16045.79  6914.0625  8.44951e-01  7.49807e-01  8.44216e-01  0.00000e+00
  16074.35  6914.6875  8.58687e-01  8.22444e-01  8.58807e-01  0.00000e+00
  16102.90  6915.3125  9.52865e-01  9.90450e-01  9.52814e-01  0.00000e+00
  16131.45  6915.9375  9.90572e-01  1.04869e+00  9.89570e-01  0.00000e+00
  16160.00  6916.5625  9.94620e-01  8.81248e-01  9.94060e-01  0.00000e+00
  16188.55  6917.1875  1.05581e+00  1.15014e+00  1.05502e+00  0.00000e+00
  16217.10  6917.8125  1.04764e+00  1.06303e+00  1.04583e+00  0.00000e+00
  16245.65  6918.4375  9.51354e-01  9.79546e-01  9.49903e-01  0.00000e+00
  16274.20  6919.0625  8.61179e-01  7.68209e-01  8.61749e-01  0.00000e+00
  16302.75  6919.6875  8.78689e-01  8.78190e-01  8.80093e-01  0.00000e+00
  16331.30  6920.3125  9.56127e-01  9.43987e-01  9.56825e-01  0.00000e+00
  16359.86  6920.9375  9.87329e-01  1.09759e+00  9.87447e-01  0.00000e+00
  16388.41  6921.5625  9.03345e-01  8.65252e-01  9.03234e-01  0.00000e+00
  16416.96  6922.1875  8.34384e-01  7.82551e-01  8.33843e-01  0.00000e+00
  16445.51  6922.8125  8.43538e-01  8.63905e-01  8.43406e-01  0.00000e+00
  16474.06  6923.4375  8.88539e-01  8.36966e-01  8.88980e-01  0.00000e+00
  16502.61  6924.0625  9.67133e-01  1.00594e+00  9.67338e-01  0.00000e+00
  16531.16  6924.6875  1.00483e+00  1.03542e+00  1.00424e+00  0.00000e+00
  16559.71  6925.3125  9.66812e-01  9.93209e-01  9.65911e-01  0.00000e+00
  16588.26  6925.9375  9.25552e-01  8.37068e-01  9.25026e-01  0.00000e+00
  16616.81  6926.5625  9.44649e-01  1.00660e+00  9.44825e-01  0.00000e+00
  16645.37  6927.1875  8.82269e-01  9.74418e-01  8.82516e-01  0.00000e+00
  16673.92  6927.8125  7.46453e-01  6.10742e-01  7.46537e-01  0.00000e+00
  16702.47  6928.4375  7.68146e-01  7.10201e-01  7.68944e-01  0.00000e+00
  16731.02  6929.0625  9.25274e-01  9.54771e-01  9.26149e-01  0.00000e+00
  16759.57  6929.6875  1.01815e+00  1.12623e+00  1.01758e+00  0.00000e+00
  16788.12  6930.3125  9.68753e-01  9.38438e-01  9.67661e-01  0.00000e+00
  16816.67  6930.9375  9.03044e-01  8.94467e-01  9.02344e-01  0.00000e+00
  16845.22  6931.5625  9.42949e-01  8.06337e-01  9.43137e-01  0.00000e+00
  16873.77  6932.1875  1.10015e+00  1.21695e+00  1.10072e+00  0.00000e+00
  16902.33  6932.8125  1.16283e+00  1.19144e+00  1.16362e+00  0.00000e+00
  16930.88  6933.4375  1.05004e+00  1.17423e+00  1.05058e+00  0.00000e+00
  16959.43  6934.0625  8.45879e-01  6.95166e-01  8.46953e-01  0.00000e+00
  16987.98  6934.6875  8.32607e-01  7.12043e-01  8.33605e-01  0.00000e+00
  17016.53  6935.3125  9.36301e-01  1.15944e+00  9.37236e-01  0.00000e+00
  17045.08  6935.9375  8.94822e-01  7.72511e-01  8.95686e-01  0.00000e+00
  17073.63  6936.5625  8.81983e-01  8.81844e-01  8.82432e-01  0.00000e+00
  17102.18  6937.1875  8.93761e-01  9.71570e-01  8.93901e-01  0.00000e+00
  17130.73  6937.8125  8.87129e-01  7.46150e-01  8.86971e-01  0.00000e+00
  17159.28  6938.4375  9.37288e-01  1.07787e+00  9.37486e-01  0.00000e+00
  17187.84  6939.0625  9.14930e-01  8.65943e-01  9.16170e-01  0.00000e+00
  17216.39  6939.6875  9.19288e-01  8.48395e-01  9.20180e-01  0.00000e+00
  17244.94  6940.3125  1.01356e+00  1.05611e+00  1.01312e+00  0.00000e+00
  17273.49  6940.9375  1.03594e+00  1.14275e+00  1.03460e+00  0.00000e+00
  17302.04  6941.5625  9.77288e-01  8.33143e-01  9.77042e-01  0.00000e+00
  17330.59  6942.1875  9.96904e-01  1.07164e+00  9.97524e-01  0.00000e+00
  17359.14  6942.8125  9.63364e-01  1.03166e+00  9.63876e-01  0.00000e+00
  17387.69  6943.4375  8.65834e-01  7.49873e-01  8.65626e-01  0.00000e+00
  17416.24  6944.0625  8.30860e-01  9.12139e-01  8.30220e-01  0.00000e+00
  17444.79  6944.6875  7.84066e-01  7.40578e-01  7.83750e-01  0.00000e+00
  17473.35  6945.3125  7.79805e-01  7.25771e-01  7.80137e-01  0.00000e+00
  17501.90  6945.9375  8.28920e-01  9.06870e-01  8.30059e-01  0.00000e+00
  17530.45  6946.5625  8.87974e-01  7.45776e-01  8.88771e-01  0.00000e+00
  17559.00  6947.1875  9.77992e-01  1.17349e+00  9.78850e-01  0.00000e+00
  17587.55  6947.8125  9.78792e-01  8.23468e-01  9.79886e-01  0.00000e+00
  17616.10  6948.4375  9.69807e-01  1.14907e+00  9.70174e-01  0.00000e+00
  17644.65  6949.0625  9.08586e-01  7.41700e-01  9.08231e-01  0.00000e+00
  17673.20  6949.6875  9.27121e-01  9.88639e-01  9.26280e-01  0.00000e+00
