# day130  epoch=130.0d  L_Halpha=1.223e+39 erg/s  smooth_kms=25.0
# Columns:
#   1: Δv [km/s]      velocity offset from Hα (6562.81 Å), positive = redshift
#   2: lambda [Å]     observed wavelength
#   3: F_norm         total flux, smoothed, normalized to F_cont_baseline
#   4: F_norm_raw     total flux, RAW MC (no velocity smoothing)
#   5: F_cont_smooth  continuum-channel flux (continuum photons only)
#   6: F_vol_smooth   volumetric-channel flux (line emission contribution)
# Format: F_norm ≈ F_cont_smooth + F_vol_smooth (within MC noise)
# ----------------------------------------------------------------------------------------
 -16559.48  6200.3125  1.00000e+00  1.00000e+00  3.11412e-03  0.00000e+00
 -16530.93  6200.9375  1.00000e+00  1.00000e+00  3.02201e-03  0.00000e+00
 -16502.38  6201.5625  1.00000e+00  1.00000e+00  3.14182e-03  0.00000e+00
 -16473.83  6202.1875  1.00000e+00  1.00000e+00  3.20452e-03  0.00000e+00
 -16445.28  6202.8125  1.00000e+00  1.00000e+00  3.02734e-03  0.00000e+00
 -16416.73  6203.4375  1.00000e+00  1.00000e+00  2.85323e-03  0.00000e+00
 -16388.18  6204.0625  1.00000e+00  1.00000e+00  2.78643e-03  0.00000e+00
 -16359.63  6204.6875  1.00000e+00  1.00000e+00  2.85262e-03  0.00000e+00
 -16331.08  6205.3125  1.00000e+00  1.00000e+00  3.22619e-03  0.00000e+00
 -16302.53  6205.9375  1.00000e+00  1.00000e+00  3.31894e-03  0.00000e+00
 -16273.97  6206.5625  1.00000e+00  1.00000e+00  2.94127e-03  0.00000e+00
 -16245.42  6207.1875  1.00000e+00  1.00000e+00  2.75010e-03  0.00000e+00
 -16216.87  6207.8125  1.00000e+00  1.00000e+00  3.02007e-03  0.00000e+00
 -16188.32  6208.4375  1.00000e+00  1.00000e+00  3.28128e-03  0.00000e+00
 -16159.77  6209.0625  1.00000e+00  1.00000e+00  3.39117e-03  0.00000e+00
 -16131.22  6209.6875  1.00000e+00  1.00000e+00  3.05012e-03  0.00000e+00
 -16102.67  6210.3125  1.00000e+00  1.00000e+00  2.68688e-03  0.00000e+00
 -16074.12  6210.9375  1.00000e+00  1.00000e+00  2.50954e-03  0.00000e+00
 -16045.57  6211.5625  1.00000e+00  1.00000e+00  2.43002e-03  0.00000e+00
 -16017.01  6212.1875  1.00000e+00  1.00000e+00  2.67397e-03  0.00000e+00
 -15988.46  6212.8125  1.00000e+00  1.00000e+00  3.04678e-03  0.00000e+00
 -15959.91  6213.4375  1.00000e+00  1.00000e+00  2.93894e-03  0.00000e+00
 -15931.36  6214.0625  1.00000e+00  1.00000e+00  2.59859e-03  0.00000e+00
 -15902.81  6214.6875  1.00000e+00  1.00000e+00  2.30926e-03  0.00000e+00
 -15874.26  6215.3125  1.00000e+00  1.00000e+00  2.24495e-03  0.00000e+00
 -15845.71  6215.9375  1.00000e+00  1.00000e+00  2.41306e-03  0.00000e+00
 -15817.16  6216.5625  1.00000e+00  1.00000e+00  2.75282e-03  0.00000e+00
 -15788.61  6217.1875  1.00000e+00  1.00000e+00  2.86690e-03  0.00000e+00
 -15760.06  6217.8125  1.00000e+00  1.00000e+00  2.77767e-03  0.00000e+00
 -15731.50  6218.4375  1.00000e+00  1.00000e+00  2.99074e-03  0.00000e+00
 -15702.95  6219.0625  1.00000e+00  1.00000e+00  2.97865e-03  0.00000e+00
 -15674.40  6219.6875  1.00000e+00  1.00000e+00  2.66598e-03  0.00000e+00
 -15645.85  6220.3125  1.00000e+00  1.00000e+00  2.66166e-03  0.00000e+00
 -15617.30  6220.9375  1.00000e+00  1.00000e+00  2.79935e-03  0.00000e+00
 -15588.75  6221.5625  1.00000e+00  1.00000e+00  2.80599e-03  0.00000e+00
 -15560.20  6222.1875  1.00000e+00  1.00000e+00  2.80896e-03  0.00000e+00
 -15531.65  6222.8125  1.00000e+00  1.00000e+00  3.06751e-03  0.00000e+00
 -15503.10  6223.4375  1.00000e+00  1.00000e+00  3.27530e-03  0.00000e+00
 -15474.55  6224.0625  1.00000e+00  1.00000e+00  3.24376e-03  0.00000e+00
 -15445.99  6224.6875  1.00000e+00  1.00000e+00  2.98629e-03  0.00000e+00
 -15417.44  6225.3125  1.00000e+00  1.00000e+00  2.83020e-03  0.00000e+00
 -15388.89  6225.9375  1.00000e+00  1.00000e+00  2.82407e-03  0.00000e+00
 -15360.34  6226.5625  1.00000e+00  1.00000e+00  2.81844e-03  0.00000e+00
 -15331.79  6227.1875  1.00000e+00  1.00000e+00  2.72854e-03  0.00000e+00
 -15303.24  6227.8125  1.00000e+00  1.00000e+00  2.76899e-03  0.00000e+00
 -15274.69  6228.4375  1.00000e+00  1.00000e+00  2.85119e-03  0.00000e+00
 -15246.14  6229.0625  1.00000e+00  1.00000e+00  3.00468e-03  0.00000e+00
 -15217.59  6229.6875  1.00000e+00  1.00000e+00  3.28680e-03  0.00000e+00
 -15189.03  6230.3125  1.00000e+00  1.00000e+00  3.28866e-03  0.00000e+00
 -15160.48  6230.9375  1.00000e+00  1.00000e+00  2.94839e-03  0.00000e+00
 -15131.93  6231.5625  1.00000e+00  1.00000e+00  2.67837e-03  0.00000e+00
 -15103.38  6232.1875  1.00000e+00  1.00000e+00  2.81874e-03  0.00000e+00
 -15074.83  6232.8125  1.00000e+00  1.00000e+00  2.79725e-03  0.00000e+00
 -15046.28  6233.4375  1.00000e+00  1.00000e+00  2.65151e-03  0.00000e+00
 -15017.73  6234.0625  1.00000e+00  1.00000e+00  2.67378e-03  0.00000e+00
 -14989.18  6234.6875  1.00000e+00  1.00000e+00  2.76293e-03  0.00000e+00
 -14960.63  6235.3125  1.00000e+00  1.00000e+00  3.02318e-03  0.00000e+00
 -14932.08  6235.9375  1.00000e+00  1.00000e+00  3.17302e-03  0.00000e+00
 -14903.52  6236.5625  1.00000e+00  1.00000e+00  3.17310e-03  0.00000e+00
 -14874.97  6237.1875  1.00000e+00  1.00000e+00  2.85411e-03  0.00000e+00
 -14846.42  6237.8125  1.00000e+00  1.00000e+00  2.59574e-03  0.00000e+00
 -14817.87  6238.4375  1.00000e+00  1.00000e+00  2.92221e-03  0.00000e+00
 -14789.32  6239.0625  1.00000e+00  1.00000e+00  3.12730e-03  0.00000e+00
 -14760.77  6239.6875  1.00000e+00  1.00000e+00  2.95282e-03  0.00000e+00
 -14732.22  6240.3125  1.00000e+00  1.00000e+00  2.97656e-03  0.00000e+00
 -14703.67  6240.9375  1.00000e+00  1.00000e+00  3.04453e-03  0.00000e+00
 -14675.12  6241.5625  1.00000e+00  1.00000e+00  2.99312e-03  0.00000e+00
 -14646.57  6242.1875  1.00000e+00  1.00000e+00  2.99280e-03  0.00000e+00
 -14618.01  6242.8125  1.00000e+00  1.00000e+00  2.95115e-03  0.00000e+00
 -14589.46  6243.4375  1.00000e+00  1.00000e+00  2.86847e-03  0.00000e+00
 -14560.91  6244.0625  1.00000e+00  1.00000e+00  2.86595e-03  0.00000e+00
 -14532.36  6244.6875  1.00000e+00  1.00000e+00  2.96477e-03  0.00000e+00
 -14503.81  6245.3125  1.00000e+00  1.00000e+00  2.70207e-03  0.00000e+00
 -14475.26  6245.9375  1.00000e+00  1.00000e+00  2.40865e-03  0.00000e+00
 -14446.71  6246.5625  1.00000e+00  1.00000e+00  2.32929e-03  0.00000e+00
 -14418.16  6247.1875  1.00000e+00  1.00000e+00  2.24240e-03  0.00000e+00
 -14389.61  6247.8125  1.00000e+00  1.00000e+00  2.70417e-03  0.00000e+00
 -14361.06  6248.4375  1.00000e+00  1.00000e+00  3.32077e-03  0.00000e+00
 -14332.50  6249.0625  1.00000e+00  1.00000e+00  3.45397e-03  0.00000e+00
 -14303.95  6249.6875  1.00000e+00  1.00000e+00  3.38443e-03  0.00000e+00
 -14275.40  6250.3125  1.00000e+00  1.00000e+00  3.08377e-03  0.00000e+00
 -14246.85  6250.9375  1.00000e+00  1.00000e+00  2.90009e-03  0.00000e+00
 -14218.30  6251.5625  1.00000e+00  1.00000e+00  2.85781e-03  0.00000e+00
 -14189.75  6252.1875  1.00000e+00  1.00000e+00  2.96993e-03  0.00000e+00
 -14161.20  6252.8125  1.00000e+00  1.00000e+00  2.99256e-03  0.00000e+00
 -14132.65  6253.4375  1.00000e+00  1.00000e+00  2.54894e-03  0.00000e+00
 -14104.10  6254.0625  1.00000e+00  1.00000e+00  2.27069e-03  0.00000e+00
 -14075.54  6254.6875  1.00000e+00  1.00000e+00  2.43281e-03  0.00000e+00
 -14046.99  6255.3125  1.00000e+00  1.00000e+00  2.52269e-03  0.00000e+00
 -14018.44  6255.9375  1.00000e+00  1.00000e+00  2.35119e-03  0.00000e+00
 -13989.89  6256.5625  1.00000e+00  1.00000e+00  2.38643e-03  0.00000e+00
 -13961.34  6257.1875  1.00000e+00  1.00000e+00  2.35687e-03  0.00000e+00
 -13932.79  6257.8125  1.00000e+00  1.00000e+00  2.39367e-03  0.00000e+00
 -13904.24  6258.4375  1.00000e+00  1.00000e+00  2.45784e-03  0.00000e+00
 -13875.69  6259.0625  1.00000e+00  1.00000e+00  2.54093e-03  0.00000e+00
 -13847.14  6259.6875  1.00000e+00  1.00000e+00  2.68747e-03  0.00000e+00
 -13818.59  6260.3125  1.00000e+00  1.00000e+00  2.67447e-03  0.00000e+00
 -13790.03  6260.9375  1.00000e+00  1.00000e+00  2.58253e-03  0.00000e+00
 -13761.48  6261.5625  1.00000e+00  1.00000e+00  2.63901e-03  0.00000e+00
 -13732.93  6262.1875  1.00000e+00  1.00000e+00  2.70220e-03  0.00000e+00
 -13704.38  6262.8125  1.00000e+00  1.00000e+00  2.87129e-03  0.00000e+00
 -13675.83  6263.4375  1.00000e+00  1.00000e+00  2.89868e-03  0.00000e+00
 -13647.28  6264.0625  1.00000e+00  1.00000e+00  2.63070e-03  0.00000e+00
 -13618.73  6264.6875  1.00000e+00  1.00000e+00  2.45253e-03  0.00000e+00
 -13590.18  6265.3125  1.00000e+00  1.00000e+00  2.34481e-03  0.00000e+00
 -13561.63  6265.9375  1.00000e+00  1.00000e+00  2.69682e-03  0.00000e+00
 -13533.08  6266.5625  1.00000e+00  1.00000e+00  2.76270e-03  0.00000e+00
 -13504.52  6267.1875  1.00000e+00  1.00000e+00  2.52414e-03  0.00000e+00
 -13475.97  6267.8125  1.00000e+00  1.00000e+00  2.44644e-03  0.00000e+00
 -13447.42  6268.4375  1.00000e+00  1.00000e+00  2.42102e-03  0.00000e+00
 -13418.87  6269.0625  1.00000e+00  1.00000e+00  2.59753e-03  0.00000e+00
 -13390.32  6269.6875  1.00000e+00  1.00000e+00  2.77170e-03  0.00000e+00
 -13361.77  6270.3125  1.00000e+00  1.00000e+00  2.82756e-03  0.00000e+00
 -13333.22  6270.9375  1.00000e+00  1.00000e+00  2.91849e-03  0.00000e+00
 -13304.67  6271.5625  1.00000e+00  1.00000e+00  3.06268e-03  0.00000e+00
 -13276.12  6272.1875  1.00000e+00  1.00000e+00  2.99150e-03  0.00000e+00
 -13247.56  6272.8125  1.00000e+00  1.00000e+00  2.80879e-03  0.00000e+00
 -13219.01  6273.4375  1.00000e+00  1.00000e+00  2.76998e-03  0.00000e+00
 -13190.46  6274.0625  1.00000e+00  1.00000e+00  2.76680e-03  0.00000e+00
 -13161.91  6274.6875  1.00000e+00  1.00000e+00  2.70447e-03  0.00000e+00
 -13133.36  6275.3125  1.00000e+00  1.00000e+00  2.65930e-03  0.00000e+00
 -13104.81  6275.9375  1.00000e+00  1.00000e+00  2.58673e-03  0.00000e+00
 -13076.26  6276.5625  1.00000e+00  1.00000e+00  2.73226e-03  0.00000e+00
 -13047.71  6277.1875  1.00000e+00  1.00000e+00  2.78035e-03  0.00000e+00
 -13019.16  6277.8125  1.00000e+00  1.00000e+00  2.73428e-03  0.00000e+00
 -12990.61  6278.4375  1.00000e+00  1.00000e+00  2.68234e-03  0.00000e+00
 -12962.05  6279.0625  1.00000e+00  1.00000e+00  2.73705e-03  0.00000e+00
 -12933.50  6279.6875  1.00000e+00  1.00000e+00  3.05585e-03  0.00000e+00
 -12904.95  6280.3125  1.00000e+00  1.00000e+00  3.33253e-03  0.00000e+00
 -12876.40  6280.9375  1.00000e+00  1.00000e+00  3.28581e-03  0.00000e+00
 -12847.85  6281.5625  1.00000e+00  1.00000e+00  3.22179e-03  0.00000e+00
 -12819.30  6282.1875  1.00000e+00  1.00000e+00  3.40264e-03  0.00000e+00
 -12790.75  6282.8125  1.00000e+00  1.00000e+00  3.36687e-03  0.00000e+00
 -12762.20  6283.4375  1.00000e+00  1.00000e+00  3.04109e-03  0.00000e+00
 -12733.65  6284.0625  1.00000e+00  1.00000e+00  2.79014e-03  0.00000e+00
 -12705.10  6284.6875  1.00000e+00  1.00000e+00  2.76190e-03  0.00000e+00
 -12676.54  6285.3125  1.00000e+00  1.00000e+00  2.84028e-03  0.00000e+00
 -12647.99  6285.9375  1.00000e+00  1.00000e+00  2.69845e-03  0.00000e+00
 -12619.44  6286.5625  1.00000e+00  1.00000e+00  2.71453e-03  0.00000e+00
 -12590.89  6287.1875  1.00000e+00  1.00000e+00  3.02184e-03  0.00000e+00
 -12562.34  6287.8125  1.00000e+00  1.00000e+00  3.26772e-03  0.00000e+00
 -12533.79  6288.4375  1.00000e+00  1.00000e+00  3.24109e-03  0.00000e+00
 -12505.24  6289.0625  1.00000e+00  1.00000e+00  2.89788e-03  0.00000e+00
 -12476.69  6289.6875  1.00000e+00  1.00000e+00  2.68706e-03  0.00000e+00
 -12448.14  6290.3125  1.00000e+00  1.00000e+00  2.65845e-03  0.00000e+00
 -12419.58  6290.9375  1.00000e+00  1.00000e+00  2.38741e-03  0.00000e+00
 -12391.03  6291.5625  1.00000e+00  1.00000e+00  2.12803e-03  0.00000e+00
 -12362.48  6292.1875  1.00000e+00  1.00000e+00  2.26807e-03  0.00000e+00
 -12333.93  6292.8125  1.00000e+00  1.00000e+00  2.52709e-03  0.00000e+00
 -12305.38  6293.4375  1.00000e+00  1.00000e+00  2.81645e-03  0.00000e+00
 -12276.83  6294.0625  1.00000e+00  1.00000e+00  2.94472e-03  0.00000e+00
 -12248.28  6294.6875  1.00000e+00  1.00000e+00  2.53324e-03  0.00000e+00
 -12219.73  6295.3125  1.00000e+00  1.00000e+00  2.18854e-03  0.00000e+00
 -12191.18  6295.9375  1.00000e+00  1.00000e+00  2.24656e-03  0.00000e+00
 -12162.63  6296.5625  1.00000e+00  1.00000e+00  2.47361e-03  0.00000e+00
 -12134.07  6297.1875  1.00000e+00  1.00000e+00  2.68677e-03  0.00000e+00
 -12105.52  6297.8125  1.00000e+00  1.00000e+00  2.45949e-03  0.00000e+00
 -12076.97  6298.4375  1.00000e+00  1.00000e+00  2.31192e-03  0.00000e+00
 -12048.42  6299.0625  1.00000e+00  1.00000e+00  2.49017e-03  0.00000e+00
 -12019.87  6299.6875  1.00000e+00  1.00000e+00  2.54189e-03  0.00000e+00
 -11991.32  6300.3125  1.00000e+00  1.00000e+00  2.50423e-03  0.00000e+00
 -11962.77  6300.9375  1.00000e+00  1.00000e+00  2.51531e-03  0.00000e+00
 -11934.22  6301.5625  1.00000e+00  1.00000e+00  2.64698e-03  0.00000e+00
 -11905.67  6302.1875  1.00000e+00  1.00000e+00  2.93514e-03  0.00000e+00
 -11877.12  6302.8125  9.99999e-01  9.99999e-01  2.91890e-03  0.00000e+00
 -11848.56  6303.4375  9.99999e-01  9.99999e-01  2.88391e-03  0.00000e+00
 -11820.01  6304.0625  9.99999e-01  9.99999e-01  3.04435e-03  0.00000e+00
 -11791.46  6304.6875  9.99999e-01  9.99999e-01  3.01361e-03  6.43246e-07
 -11762.91  6305.3125  9.99999e-01  9.99999e-01  2.87592e-03  6.17860e-05
 -11734.36  6305.9375  9.99999e-01  9.99999e-01  2.88259e-03  1.61054e-03
 -11705.81  6306.5625  9.99998e-01  9.99998e-01  2.78357e-03  1.13925e-02
 -11677.26  6307.1875  9.99998e-01  9.99998e-01  2.50636e-03  2.18699e-02
 -11648.71  6307.8125  9.99998e-01  9.99998e-01  2.30705e-03  1.14542e-02
 -11620.16  6308.4375  9.99998e-01  9.99998e-01  2.40465e-03  3.22149e-03
 -11591.60  6309.0625  9.99998e-01  9.99998e-01  2.70374e-03  1.15729e-02
 -11563.05  6309.6875  9.99998e-01  9.99998e-01  2.77024e-03  2.52001e-02
 -11534.50  6310.3125  9.99997e-01  9.99997e-01  2.59681e-03  3.73712e-02
 -11505.95  6310.9375  9.99997e-01  9.99997e-01  2.48469e-03  6.80784e-02
 -11477.40  6311.5625  9.99997e-01  9.99997e-01  2.50832e-03  6.66498e-02
 -11448.85  6312.1875  9.99997e-01  9.99997e-01  2.53648e-03  2.92004e-02
 -11420.30  6312.8125  9.99997e-01  9.99997e-01  2.72560e-03  2.61582e-02
 -11391.75  6313.4375  9.99997e-01  9.99997e-01  2.61926e-03  4.54143e-02
 -11363.20  6314.0625  9.99996e-01  9.99996e-01  2.54911e-03  3.41924e-02
 -11334.65  6314.6875  9.99996e-01  9.99996e-01  2.70108e-03  2.66605e-02
 -11306.09  6315.3125  9.99996e-01  9.99996e-01  2.82522e-03  2.29927e-02
 -11277.54  6315.9375  9.99996e-01  9.99996e-01  2.79493e-03  2.66525e-02
 -11248.99  6316.5625  9.99996e-01  9.99996e-01  2.74834e-03  3.41716e-02
 -11220.44  6317.1875  9.99996e-01  9.99996e-01  2.57674e-03  4.53784e-02
 -11191.89  6317.8125  9.99995e-01  9.99995e-01  2.47822e-03  2.60120e-02
 -11163.34  6318.4375  9.99995e-01  9.99995e-01  2.53306e-03  2.59434e-02
 -11134.79  6319.0625  9.99995e-01  9.99995e-01  2.75942e-03  4.37540e-02
 -11106.24  6319.6875  9.99995e-01  9.99995e-01  2.74115e-03  2.27926e-02
 -11077.69  6320.3125  9.99995e-01  9.99995e-01  2.68071e-03  4.94196e-03
 -11049.14  6320.9375  9.99995e-01  9.99995e-01  2.61571e-03  1.46925e-02
 -11020.58  6321.5625  9.99994e-01  9.99994e-01  2.54611e-03  4.45189e-02
 -10992.03  6322.1875  9.99994e-01  9.99994e-01  2.75068e-03  5.50210e-02
 -10963.48  6322.8125  9.99994e-01  9.99994e-01  2.86078e-03  2.59239e-02
 -10934.93  6323.4375  9.99994e-01  9.99994e-01  2.99698e-03  1.46249e-02
 -10906.38  6324.0625  9.99994e-01  9.99994e-01  3.02213e-03  2.19161e-02
 -10877.83  6324.6875  9.99994e-01  9.99994e-01  2.69309e-03  1.13543e-02
 -10849.28  6325.3125  9.99993e-01  9.99993e-01  2.37742e-03  1.66639e-03
 -10820.73  6325.9375  9.99993e-01  9.99993e-01  2.43200e-03  1.66602e-03
 -10792.18  6326.5625  9.99993e-01  9.99993e-01  2.62224e-03  1.14077e-02
 -10763.62  6327.1875  9.99993e-01  9.99993e-01  2.83482e-03  2.34429e-02
 -10735.07  6327.8125  9.99993e-01  9.99993e-01  2.79668e-03  2.42909e-02
 -10706.52  6328.4375  9.99993e-01  9.99993e-01  2.71831e-03  3.47792e-02
 -10677.97  6329.0625  9.99992e-01  9.99992e-01  2.75151e-03  3.48384e-02
 -10649.42  6329.6875  9.99992e-01  9.99992e-01  2.62289e-03  2.59471e-02
 -10620.87  6330.3125  9.99992e-01  9.99992e-01  2.77706e-03  3.64295e-02
 -10592.32  6330.9375  9.99992e-01  9.99992e-01  3.09417e-03  4.61597e-02
 -10563.77  6331.5625  9.99992e-01  9.99992e-01  3.09945e-03  4.76336e-02
 -10535.22  6332.1875  9.99992e-01  9.99992e-01  2.98870e-03  4.60865e-02
 -10506.67  6332.8125  9.99992e-01  9.99992e-01  2.67250e-03  3.47509e-02
 -10478.11  6333.4375  9.99991e-01  9.99991e-01  2.46218e-03  1.29962e-02
 -10449.56  6334.0625  9.99991e-01  9.99991e-01  2.51052e-03  1.66408e-03
 -10421.01  6334.6875  9.99991e-01  9.99991e-01  2.64070e-03  6.27367e-05
 -10392.46  6335.3125  9.99991e-01  9.99991e-01  3.01291e-03  6.20424e-05
 -10363.91  6335.9375  9.99991e-01  9.99991e-01  3.18238e-03  1.60054e-03
 -10335.36  6336.5625  9.99991e-01  9.99991e-01  3.04418e-03  1.13231e-02
 -10306.81  6337.1875  9.99991e-01  9.99991e-01  2.82095e-03  2.18563e-02
 -10278.26  6337.8125  9.99990e-01  9.99990e-01  2.79917e-03  1.45223e-02
 -10249.71  6338.4375  9.99990e-01  9.99990e-01  2.92637e-03  2.42982e-02
 -10221.16  6339.0625  9.99990e-01  9.99990e-01  2.82292e-03  4.52356e-02
 -10192.60  6339.6875  9.99990e-01  9.99990e-01  2.59409e-03  3.72715e-02
 -10164.05  6340.3125  9.99990e-01  9.99990e-01  2.69437e-03  5.07446e-02
 -10135.50  6340.9375  9.99990e-01  9.99990e-01  2.83770e-03  7.75563e-02
 -10106.95  6341.5625  9.99990e-01  9.99990e-01  3.05623e-03  6.93151e-02
 -10078.40  6342.1875  9.99990e-01  9.99990e-01  3.18915e-03  3.87911e-02
 -10049.85  6342.8125  9.99990e-01  9.99990e-01  2.98663e-03  3.63986e-02
 -10021.30  6343.4375  9.99990e-01  9.99990e-01  2.93812e-03  3.47365e-02
  -9992.75  6344.0625  9.99990e-01  9.99990e-01  2.80887e-03  2.42130e-02
  -9964.20  6344.6875  9.99990e-01  9.99990e-01  2.59687e-03  2.34827e-02
  -9935.65  6345.3125  9.99990e-01  9.99990e-01  2.65207e-03  1.45614e-02
  -9907.09  6345.9375  9.99990e-01  9.99990e-01  2.78478e-03  2.41991e-02
  -9878.54  6346.5625  9.99990e-01  9.99990e-01  3.06082e-03  4.34468e-02
  -9849.99  6347.1875  9.99990e-01  9.99990e-01  3.26670e-03  2.27235e-02
  -9821.44  6347.8125  9.99990e-01  9.99990e-01  2.98925e-03  6.38832e-03
  -9792.89  6348.4375  9.99990e-01  9.99990e-01  2.60217e-03  2.27121e-02
  -9764.34  6349.0625  9.99990e-01  9.99990e-01  2.53883e-03  4.34247e-02
  -9735.79  6349.6875  9.99990e-01  9.99990e-01  2.96192e-03  2.41862e-02
  -9707.24  6350.3125  9.99990e-01  9.99990e-01  3.23130e-03  1.46066e-02
  -9678.69  6350.9375  9.99989e-01  9.99989e-01  3.02239e-03  2.50493e-02
  -9650.13  6351.5625  9.99989e-01  9.99989e-01  2.71439e-03  3.55846e-02
  -9621.58  6352.1875  9.99989e-01  9.99989e-01  2.73364e-03  5.94683e-02
  -9593.03  6352.8125  9.99989e-01  9.99989e-01  2.95162e-03  6.84647e-02
  -9564.48  6353.4375  9.99989e-01  9.99989e-01  3.09130e-03  6.91458e-02
  -9535.93  6354.0625  9.99988e-01  9.99988e-01  2.92418e-03  4.75408e-02
  -9507.38  6354.6875  9.99987e-01  9.99987e-01  2.77684e-03  2.58161e-02
  -9478.83  6355.3125  9.99986e-01  9.99986e-01  2.72845e-03  2.33722e-02
  -9450.28  6355.9375  9.99984e-01  9.99984e-01  2.79982e-03  1.14037e-02
  -9421.73  6356.5625  9.99982e-01  9.99982e-01  2.86804e-03  3.18914e-03
  -9393.18  6357.1875  9.99980e-01  9.99980e-01  2.95177e-03  1.13357e-02
  -9364.62  6357.8125  9.99978e-01  9.99978e-01  2.93282e-03  2.16442e-02
  -9336.07  6358.4375  9.99976e-01  9.99976e-01  2.89179e-03  1.13363e-02
  -9307.52  6359.0625  9.99974e-01  9.99974e-01  2.80424e-03  3.24804e-03
  -9278.97  6359.6875  9.99972e-01  9.99972e-01  2.68890e-03  1.29229e-02
  -9250.42  6360.3125  9.99971e-01  9.99971e-01  2.71599e-03  3.29007e-02
  -9221.87  6360.9375  9.99969e-01  9.99969e-01  2.80299e-03  3.29590e-02
  -9193.32  6361.5625  9.99967e-01  9.99967e-01  2.98726e-03  1.44533e-02
  -9164.77  6362.1875  9.99965e-01  9.99965e-01  2.91428e-03  1.29789e-02
  -9136.22  6362.8125  9.99963e-01  9.99963e-01  2.49942e-03  2.33366e-02
  -9107.67  6363.4375  9.99961e-01  9.99961e-01  2.47593e-03  2.41797e-02
  -9079.11  6364.0625  9.99959e-01  9.99959e-01  2.81737e-03  3.63046e-02
  -9050.56  6364.6875  9.99957e-01  9.99957e-01  2.97781e-03  5.07403e-02
  -9022.01  6365.3125  9.99955e-01  9.99955e-01  3.01812e-03  8.42599e-02
  -8993.46  6365.9375  9.99953e-01  9.99953e-01  3.06419e-03  1.33105e-01
  -8964.91  6366.5625  9.99952e-01  9.99952e-01  3.00247e-03  1.11494e-01
  -8936.36  6367.1875  9.99950e-01  9.99950e-01  3.03413e-03  4.03140e-02
  -8907.81  6367.8125  9.99949e-01  9.99949e-01  2.95148e-03  8.26089e-03
  -8879.26  6368.4375  9.99949e-01  9.99948e-01  2.85816e-03  2.43987e-02
  -8850.71  6369.0625  9.99948e-01  9.99948e-01  2.82071e-03  5.78651e-02
  -8822.15  6369.6875  9.99947e-01  9.99947e-01  2.78828e-03  7.32476e-02
  -8793.60  6370.3125  9.99947e-01  9.99947e-01  2.72921e-03  1.10655e-01
  -8765.05  6370.9375  9.99946e-01  9.99946e-01  2.69753e-03  1.70007e-01
  -8736.50  6371.5625  9.99946e-01  9.99946e-01  2.82297e-03  1.80275e-01
  -8707.95  6372.1875  9.99945e-01  9.99945e-01  3.14251e-03  1.18753e-01
  -8679.40  6372.8125  9.99944e-01  9.99944e-01  3.14950e-03  6.51448e-02
  -8650.85  6373.4375  9.99943e-01  9.99943e-01  2.97649e-03  4.91293e-02
  -8622.30  6374.0625  9.99942e-01  9.99942e-01  2.90461e-03  4.57639e-02
  -8593.75  6374.6875  9.99941e-01  9.99941e-01  2.93841e-03  3.45216e-02
  -8565.20  6375.3125  9.99939e-01  9.99940e-01  3.06113e-03  1.45967e-02
  -8536.64  6375.9375  9.99938e-01  9.99938e-01  3.08539e-03  1.60579e-02
  -8508.09  6376.5625  9.99936e-01  9.99936e-01  2.97412e-03  4.40871e-02
  -8479.54  6377.1875  9.99934e-01  9.99934e-01  2.93642e-03  5.44743e-02
  -8450.99  6377.8125  9.99931e-01  9.99931e-01  2.96748e-03  2.72247e-02
  -8422.44  6378.4375  9.99929e-01  9.99929e-01  2.64690e-03  2.56912e-02
  -8393.89  6379.0625  9.99926e-01  9.99926e-01  2.49602e-03  4.32882e-02
  -8365.34  6379.6875  9.99920e-01  9.99922e-01  2.73565e-03  2.41637e-02
  -8336.79  6380.3125  9.99912e-01  9.99912e-01  2.76448e-03  1.75697e-02
  -8308.24  6380.9375  9.99903e-01  9.99903e-01  2.43963e-03  4.41100e-02
  -8279.69  6381.5625  9.99893e-01  9.99893e-01  2.31979e-03  5.44906e-02
  -8251.13  6382.1875  9.99883e-01  9.99883e-01  2.64584e-03  2.89700e-02
  -8222.58  6382.8125  9.99873e-01  9.99873e-01  2.87883e-03  4.17036e-02
  -8194.03  6383.4375  9.99862e-01  9.99862e-01  2.94357e-03  1.00016e-01
  -8165.48  6384.0625  9.99852e-01  9.99852e-01  3.16740e-03  1.11105e-01
  -8136.93  6384.6875  9.99841e-01  9.99841e-01  3.16221e-03  7.27903e-02
  -8108.38  6385.3125  9.99830e-01  9.99830e-01  2.90971e-03  5.05327e-02
  -8079.83  6385.9375  9.99818e-01  9.99818e-01  2.53208e-03  4.73596e-02
  -8051.28  6386.5625  9.99806e-01  9.99806e-01  2.17261e-03  4.72944e-02
  -8022.73  6387.1875  9.99794e-01  9.99794e-01  2.19751e-03  4.88094e-02
  -7994.17  6387.8125  9.99781e-01  9.99781e-01  2.53065e-03  5.83648e-02
  -7965.62  6388.4375  9.99769e-01  9.99769e-01  2.79366e-03  6.72027e-02
  -7937.07  6389.0625  9.99756e-01  9.99756e-01  2.84283e-03  4.87358e-02
  -7908.52  6389.6875  9.99744e-01  9.99744e-01  2.81050e-03  3.69634e-02
  -7879.97  6390.3125  9.99731e-01  9.99731e-01  2.78301e-03  4.81841e-02
  -7851.42  6390.9375  9.99718e-01  9.99719e-01  2.85169e-03  5.27836e-02
  -7822.87  6391.5625  9.99702e-01  9.99703e-01  3.03732e-03  1.02401e-01
  -7794.32  6392.1875  9.99685e-01  9.99685e-01  2.95176e-03  1.36335e-01
  -7765.77  6392.8125  9.99668e-01  9.99668e-01  2.72955e-03  1.04002e-01
  -7737.22  6393.4375  9.99651e-01  9.99651e-01  2.76354e-03  9.57043e-02
  -7708.66  6394.0625  9.99634e-01  9.99634e-01  2.68630e-03  5.95655e-02
  -7680.11  6394.6875  9.99617e-01  9.99617e-01  2.53536e-03  5.34887e-02
  -7651.56  6395.3125  9.99601e-01  9.99601e-01  2.54344e-03  8.00090e-02
  -7623.01  6395.9375  9.99582e-01  9.99584e-01  2.59224e-03  9.10710e-02
  -7594.46  6396.5625  9.99559e-01  9.99559e-01  2.67883e-03  8.45536e-02
  -7565.91  6397.1875  9.99534e-01  9.99534e-01  2.70489e-03  8.23975e-02
  -7537.36  6397.8125  9.99510e-01  9.99509e-01  2.63411e-03  9.34150e-02
  -7508.81  6398.4375  9.99495e-01  9.99485e-01  2.53687e-03  8.38358e-02
  -7480.26  6399.0625  9.99521e-01  9.99476e-01  2.37759e-03  9.25289e-02
  -7451.71  6399.6875  9.99601e-01  9.99620e-01  2.54696e-03  9.01659e-02
  -7423.15  6400.3125  9.99670e-01  9.99691e-01  2.75234e-03  4.95920e-02
  -7394.60  6400.9375  9.99699e-01  9.99702e-01  2.75114e-03  3.92636e-02
  -7366.05  6401.5625  9.99708e-01  9.99713e-01  2.54527e-03  4.87347e-02
  -7337.50  6402.1875  9.99705e-01  9.99708e-01  2.47171e-03  6.79178e-02
  -7308.95  6402.8125  9.99696e-01  9.99697e-01  2.44129e-03  8.23259e-02
  -7280.40  6403.4375  9.99682e-01  9.99683e-01  2.48025e-03  7.97954e-02
  -7251.85  6404.0625  9.99667e-01  9.99668e-01  2.56753e-03  1.49092e-01
  -7223.30  6404.6875  9.99647e-01  9.99650e-01  2.58854e-03  1.99821e-01
  -7194.75  6405.3125  9.99622e-01  9.99624e-01  2.54310e-03  1.41152e-01
  -7166.19  6405.9375  9.99593e-01  9.99591e-01  2.50066e-03  1.12266e-01
  -7137.64  6406.5625  9.99564e-01  9.99566e-01  2.62569e-03  1.02348e-01
  -7109.09  6407.1875  9.99532e-01  9.99534e-01  2.59072e-03  8.29851e-02
  -7080.54  6407.8125  9.99496e-01  9.99494e-01  2.45827e-03  6.45770e-02
  -7051.99  6408.4375  9.99461e-01  9.99462e-01  2.56875e-03  8.05824e-02
  -7023.44  6409.0625  9.99422e-01  9.99426e-01  2.63074e-03  1.00388e-01
  -6994.89  6409.6875  9.99373e-01  9.99379e-01  2.63473e-03  6.38135e-02
  -6966.34  6410.3125  9.99312e-01  9.99315e-01  2.71452e-03  7.40495e-02
  -6937.79  6410.9375  9.99244e-01  9.99245e-01  2.70630e-03  1.09780e-01
  -6909.24  6411.5625  9.99169e-01  9.99172e-01  2.76644e-03  7.88682e-02
  -6880.68  6412.1875  9.99083e-01  9.99094e-01  2.78768e-03  4.20771e-02
  -6852.13  6412.8125  9.98973e-01  9.98983e-01  2.72506e-03  3.53395e-02
  -6823.58  6413.4375  9.98840e-01  9.98842e-01  2.51065e-03  4.62755e-02
  -6795.03  6414.0625  9.98699e-01  9.98696e-01  2.30786e-03  3.99400e-02
  -6766.48  6414.6875  9.98559e-01  9.98563e-01  2.20807e-03  7.23619e-02
  -6737.93  6415.3125  9.98406e-01  9.98419e-01  2.17514e-03  1.20924e-01
  -6709.38  6415.9375  9.98226e-01  9.98239e-01  2.44306e-03  1.05013e-01
  -6680.83  6416.5625  9.98015e-01  9.98025e-01  2.57570e-03  8.83787e-02
  -6652.28  6417.1875  9.97789e-01  9.97781e-01  2.53866e-03  1.18294e-01
  -6623.73  6417.8125  9.97561e-01  9.97569e-01  2.70722e-03  1.44072e-01
  -6595.17  6418.4375  9.97325e-01  9.97330e-01  2.76057e-03  1.31679e-01
  -6566.62  6419.0625  9.97089e-01  9.97065e-01  2.70401e-03  1.06802e-01
  -6538.07  6419.6875  9.96829e-01  9.96910e-01  2.77319e-03  1.26347e-01
  -6509.52  6420.3125  9.96403e-01  9.96515e-01  2.61328e-03  9.50951e-02
  -6480.97  6420.9375  9.95663e-01  9.95852e-01  2.69435e-03  9.43959e-02
  -6452.42  6421.5625  9.94580e-01  9.94612e-01  2.99111e-03  1.67140e-01
  -6423.87  6422.1875  9.93328e-01  9.93341e-01  3.02744e-03  1.93580e-01
  -6395.32  6422.8125  9.92029e-01  9.92035e-01  3.08157e-03  1.56468e-01
  -6366.77  6423.4375  9.90709e-01  9.90717e-01  2.99426e-03  1.78017e-01
  -6338.21  6424.0625  9.89366e-01  9.89379e-01  2.92851e-03  1.91391e-01
  -6309.66  6424.6875  9.87989e-01  9.88004e-01  2.73595e-03  1.73419e-01
  -6281.11  6425.3125  9.86575e-01  9.86590e-01  2.47258e-03  1.46037e-01
  -6252.56  6425.9375  9.85113e-01  9.85138e-01  2.28413e-03  1.58221e-01
  -6224.01  6426.5625  9.83541e-01  9.83646e-01  2.30000e-03  2.27804e-01
  -6195.46  6427.1875  9.81722e-01  9.81871e-01  2.38679e-03  2.49440e-01
  -6166.91  6427.8125  9.79623e-01  9.79651e-01  2.60272e-03  2.24662e-01
  -6138.36  6428.4375  9.77384e-01  9.77397e-01  2.82019e-03  2.31680e-01
  -6109.81  6429.0625  9.75098e-01  9.75110e-01  2.69171e-03  2.34377e-01
  -6081.26  6429.6875  9.72779e-01  9.72791e-01  2.42050e-03  1.75716e-01
  -6052.70  6430.3125  9.70404e-01  9.70443e-01  2.19878e-03  1.19150e-01
  -6024.15  6430.9375  9.67810e-01  9.68068e-01  2.28832e-03  1.06289e-01
  -5995.60  6431.5625  9.64788e-01  9.64884e-01  2.41027e-03  7.64164e-02
  -5967.05  6432.1875  9.61472e-01  9.61485e-01  2.48862e-03  1.11608e-01
  -5938.50  6432.8125  9.58071e-01  9.58074e-01  2.50618e-03  1.91192e-01
  -5909.95  6433.4375  9.54653e-01  9.54656e-01  2.55020e-03  2.38236e-01
  -5881.40  6434.0625  9.51227e-01  9.51230e-01  2.67012e-03  3.08251e-01
  -5852.85  6434.6875  9.47791e-01  9.47797e-01  2.56313e-03  3.81691e-01
  -5824.30  6435.3125  9.44325e-01  9.44357e-01  2.34463e-03  3.50553e-01
  -5795.75  6435.9375  9.40808e-01  9.40817e-01  2.23904e-03  3.93296e-01
  -5767.19  6436.5625  9.37254e-01  9.37262e-01  2.15734e-03  4.55512e-01
  -5738.64  6437.1875  9.33674e-01  9.33686e-01  2.16958e-03  3.90999e-01
  -5710.09  6437.8125  9.30065e-01  9.30077e-01  2.28709e-03  3.48828e-01
  -5681.54  6438.4375  9.26498e-01  9.26420e-01  2.51735e-03  3.88168e-01
  -5652.99  6439.0625  9.23381e-01  9.22802e-01  2.68936e-03  4.16994e-01
  -5624.44  6439.6875  9.21095e-01  9.21073e-01  2.63197e-03  3.52585e-01
  -5595.89  6440.3125  9.19155e-01  9.19215e-01  2.42539e-03  2.70436e-01
  -5567.34  6440.9375  9.17102e-01  9.17198e-01  2.24783e-03  2.12568e-01
  -5538.79  6441.5625  9.14718e-01  9.14985e-01  2.19946e-03  2.01715e-01
  -5510.24  6442.1875  9.11811e-01  9.11983e-01  2.23160e-03  2.31626e-01
  -5481.68  6442.8125  9.08381e-01  9.08562e-01  2.31776e-03  2.70852e-01
  -5453.13  6443.4375  9.04184e-01  9.04822e-01  2.30203e-03  2.92933e-01
  -5424.58  6444.0625  8.98543e-01  8.99317e-01  2.12279e-03  2.91530e-01
  -5396.03  6444.6875  8.91327e-01  8.91564e-01  1.97719e-03  3.23016e-01
  -5367.48  6445.3125  8.83156e-01  8.83386e-01  2.01552e-03  3.75228e-01
  -5338.93  6445.9375  8.74299e-01  8.74635e-01  2.03221e-03  3.36726e-01
  -5310.38  6446.5625  8.64684e-01  8.64933e-01  1.98429e-03  2.67628e-01
  -5281.83  6447.1875  8.54117e-01  8.54702e-01  1.86231e-03  2.63693e-01
  -5253.28  6447.8125  8.41551e-01  8.43275e-01  1.56227e-03  2.80224e-01
  -5224.72  6448.4375  8.26105e-01  8.26451e-01  1.29496e-03  2.97008e-01
  -5196.17  6449.0625  8.08848e-01  8.09214e-01  1.19710e-03  3.09677e-01
  -5167.62  6449.6875  7.89650e-01  7.91572e-01  1.17785e-03  4.45705e-01
  -5139.07  6450.3125  7.67262e-01  7.67912e-01  1.14638e-03  5.47080e-01
  -5110.52  6450.9375  7.42749e-01  7.42847e-01  1.12731e-03  5.19470e-01
  -5081.97  6451.5625  7.16409e-01  7.17837e-01  1.06937e-03  4.70229e-01
  -5053.42  6452.1875  6.81053e-01  6.92669e-01  9.28135e-04  4.88107e-01
  -5024.87  6452.8125  6.29722e-01  6.29162e-01  7.62004e-04  5.15406e-01
  -4996.32  6453.4375  5.73331e-01  5.71313e-01  6.18456e-04  4.39217e-01
  -4967.77  6454.0625  5.21060e-01  5.18858e-01  6.15029e-04  4.23525e-01
  -4939.21  6454.6875  4.75340e-01  4.71542e-01  6.51426e-04  4.67845e-01
  -4910.66  6455.3125  4.36889e-01  4.35613e-01  6.17766e-04  3.86369e-01
  -4882.11  6455.9375  4.03036e-01  4.02182e-01  5.56222e-04  3.85799e-01
  -4853.56  6456.5625  3.71205e-01  3.71129e-01  5.60168e-04  5.64475e-01
  -4825.01  6457.1875  3.39072e-01  3.40708e-01  5.76870e-04  7.24487e-01
  -4796.46  6457.8125  3.05640e-01  3.04374e-01  6.10762e-04  7.87192e-01
  -4767.91  6458.4375  2.73907e-01  2.72361e-01  5.78606e-04  7.69237e-01
  -4739.36  6459.0625  2.46334e-01  2.44175e-01  5.33252e-04  8.33043e-01
  -4710.81  6459.6875  2.24039e-01  2.21744e-01  5.12857e-04  8.21142e-01
  -4682.26  6460.3125  2.06631e-01  2.05900e-01  4.43455e-04  7.05420e-01
  -4653.70  6460.9375  1.92327e-01  1.91374e-01  3.26840e-04  6.98271e-01
  -4625.15  6461.5625  1.81575e-01  1.78685e-01  2.34276e-04  6.26988e-01
  -4596.60  6462.1875  1.75396e-01  1.75106e-01  2.00134e-04  5.68447e-01
  -4568.05  6462.8125  1.70188e-01  1.72067e-01  1.86276e-04  6.18321e-01
  -4539.50  6463.4375  1.61627e-01  1.63466e-01  2.03972e-04  6.40220e-01
  -4510.95  6464.0625  1.49452e-01  1.49412e-01  2.42641e-04  7.11414e-01
  -4482.40  6464.6875  1.35337e-01  1.36742e-01  3.53256e-04  8.11004e-01
  -4453.85  6465.3125  1.20058e-01  1.18892e-01  4.48376e-04  7.30645e-01
  -4425.30  6465.9375  1.06227e-01  1.05053e-01  4.07147e-04  6.51351e-01
  -4396.74  6466.5625  9.52199e-02  9.42789e-02  2.64218e-04  7.01300e-01
  -4368.19  6467.1875  8.67127e-02  8.59392e-02  2.41786e-04  8.03083e-01
  -4339.64  6467.8125  8.02754e-02  7.95871e-02  3.13654e-04  8.96103e-01
  -4311.09  6468.4375  7.55358e-02  7.50863e-02  2.65234e-04  9.84204e-01
  -4282.54  6469.0625  7.20243e-02  7.17282e-02  1.93714e-04  9.71313e-01
  -4253.99  6469.6875  6.93702e-02  6.91067e-02  2.09318e-04  9.42704e-01
  -4225.44  6470.3125  6.74553e-02  6.71534e-02  2.28862e-04  8.33310e-01
  -4196.89  6470.9375  6.63443e-02  6.59687e-02  2.82587e-04  7.59890e-01
  -4168.34  6471.5625  6.60379e-02  6.58699e-02  3.89998e-04  8.51006e-01
  -4139.79  6472.1875  6.63932e-02  6.60681e-02  4.72612e-04  8.78857e-01
  -4111.23  6472.8125  6.73432e-02  6.72592e-02  5.34548e-04  7.47068e-01
  -4082.68  6473.4375  6.85296e-02  6.86488e-02  5.45283e-04  5.80770e-01
  -4054.13  6474.0625  6.95234e-02  6.96853e-02  5.61296e-04  5.50763e-01
  -4025.58  6474.6875  7.03126e-02  7.01854e-02  4.57020e-04  7.02104e-01
  -3997.03  6475.3125  7.12482e-02  7.11140e-02  3.21171e-04  8.07345e-01
  -3968.48  6475.9375  7.23942e-02  7.24660e-02  3.14889e-04  7.93380e-01
  -3939.93  6476.5625  7.35898e-02  7.34975e-02  3.68350e-04  8.33997e-01
  -3911.38  6477.1875  7.49413e-02  7.48262e-02  3.75212e-04  8.03868e-01
  -3882.83  6477.8125  7.65506e-02  7.64692e-02  4.13839e-04  8.07546e-01
  -3854.28  6478.4375  7.83716e-02  7.83240e-02  5.13043e-04  9.62307e-01
  -3825.72  6479.0625  8.03331e-02  8.02945e-02  5.47000e-04  1.12025e+00
  -3797.17  6479.6875  8.23931e-02  8.23680e-02  4.89751e-04  1.16248e+00
  -3768.62  6480.3125  8.45234e-02  8.45045e-02  4.67386e-04  1.19875e+00
  -3740.07  6480.9375  8.67058e-02  8.66891e-02  4.46530e-04  1.20224e+00
  -3711.52  6481.5625  8.89317e-02  8.89175e-02  3.88082e-04  1.17519e+00
  -3682.97  6482.1875  9.11952e-02  9.11828e-02  4.89233e-04  1.19781e+00
  -3654.42  6482.8125  9.34918e-02  9.34799e-02  6.98973e-04  1.06974e+00
  -3625.87  6483.4375  9.58199e-02  9.58076e-02  7.64774e-04  1.04927e+00
  -3597.32  6484.0625  9.81784e-02  9.81683e-02  6.61488e-04  1.13254e+00
  -3568.76  6484.6875  1.00564e-01  1.00555e-01  6.63402e-04  1.24720e+00
  -3540.21  6485.3125  1.02976e-01  1.02966e-01  6.96973e-04  1.24621e+00
  -3511.66  6485.9375  1.05413e-01  1.05404e-01  7.40454e-04  1.24912e+00
  -3483.11  6486.5625  1.07874e-01  1.07864e-01  6.48663e-04  1.25207e+00
  -3454.56  6487.1875  1.10360e-01  1.10350e-01  5.86257e-04  1.37256e+00
  -3426.01  6487.8125  1.12870e-01  1.12862e-01  6.20654e-04  1.48403e+00
  -3397.46  6488.4375  1.15404e-01  1.15396e-01  6.48839e-04  1.41945e+00
  -3368.91  6489.0625  1.17961e-01  1.17952e-01  6.75596e-04  1.47109e+00
  -3340.36  6489.6875  1.20541e-01  1.20532e-01  6.08142e-04  1.52809e+00
  -3311.81  6490.3125  1.23143e-01  1.23135e-01  4.90996e-04  1.36576e+00
  -3283.25  6490.9375  1.25769e-01  1.25760e-01  4.73710e-04  1.32576e+00
  -3254.70  6491.5625  1.28419e-01  1.28409e-01  6.05915e-04  1.45132e+00
  -3226.15  6492.1875  1.31093e-01  1.31084e-01  7.27715e-04  1.42725e+00
  -3197.60  6492.8125  1.33791e-01  1.33782e-01  8.13704e-04  1.40544e+00
  -3169.05  6493.4375  1.36514e-01  1.36505e-01  8.24582e-04  1.28958e+00
  -3140.50  6494.0625  1.39261e-01  1.39251e-01  7.95480e-04  1.27601e+00
  -3111.95  6494.6875  1.42032e-01  1.42022e-01  7.09329e-04  1.43943e+00
  -3083.40  6495.3125  1.44830e-01  1.44819e-01  6.71579e-04  1.58165e+00
  -3054.85  6495.9375  1.47654e-01  1.47643e-01  7.07638e-04  1.60194e+00
  -3026.30  6496.5625  1.50505e-01  1.50494e-01  8.99648e-04  1.40910e+00
  -2997.74  6497.1875  1.53384e-01  1.53373e-01  1.08531e-03  1.44209e+00
  -2969.19  6497.8125  1.56291e-01  1.56280e-01  1.07586e-03  1.54593e+00
  -2940.64  6498.4375  1.59226e-01  1.59215e-01  9.23579e-04  1.44956e+00
  -2912.09  6499.0625  1.62189e-01  1.62178e-01  7.49017e-04  1.51406e+00
  -2883.54  6499.6875  1.65182e-01  1.65171e-01  6.23780e-04  1.63680e+00
  -2854.99  6500.3125  1.68204e-01  1.68193e-01  5.69933e-04  1.63089e+00
  -2826.44  6500.9375  1.71257e-01  1.71243e-01  6.08282e-04  1.69430e+00
  -2797.89  6501.5625  1.74342e-01  1.74330e-01  7.46881e-04  1.68721e+00
  -2769.34  6502.1875  1.77458e-01  1.77446e-01  9.17273e-04  1.55410e+00
  -2740.78  6502.8125  1.80606e-01  1.80594e-01  9.71509e-04  1.51500e+00
  -2712.23  6503.4375  1.83787e-01  1.83773e-01  9.69761e-04  1.60692e+00
  -2683.68  6504.0625  1.87004e-01  1.86989e-01  9.15168e-04  1.80618e+00
  -2655.13  6504.6875  1.90256e-01  1.90243e-01  1.11431e-03  1.89516e+00
  -2626.58  6505.3125  1.93541e-01  1.93529e-01  1.44113e-03  1.86876e+00
  -2598.03  6505.9375  1.96862e-01  1.96846e-01  1.62427e-03  1.77133e+00
  -2569.48  6506.5625  2.00221e-01  2.00206e-01  1.70887e-03  1.86456e+00
  -2540.93  6507.1875  2.03619e-01  2.03606e-01  1.54917e-03  2.09709e+00
  -2512.38  6507.8125  2.07054e-01  2.07039e-01  1.41738e-03  2.22687e+00
  -2483.83  6508.4375  2.10529e-01  2.10511e-01  1.49166e-03  2.13110e+00
  -2455.27  6509.0625  2.14045e-01  2.14031e-01  1.58705e-03  1.94670e+00
  -2426.72  6509.6875  2.17602e-01  2.17585e-01  1.39505e-03  1.91466e+00
  -2398.17  6510.3125  2.21201e-01  2.21184e-01  1.06945e-03  2.06816e+00
  -2369.62  6510.9375  2.24844e-01  2.24829e-01  1.09897e-03  2.39887e+00
  -2341.07  6511.5625  2.28531e-01  2.28512e-01  1.36210e-03  2.81465e+00
  -2312.52  6512.1875  2.32265e-01  2.32247e-01  1.26700e-03  2.77324e+00
  -2283.97  6512.8125  2.36046e-01  2.36029e-01  1.12787e-03  2.72052e+00
  -2255.42  6513.4375  2.39873e-01  2.39852e-01  1.38730e-03  2.89899e+00
  -2226.87  6514.0625  2.43750e-01  2.43732e-01  1.58824e-03  3.18910e+00
  -2198.32  6514.6875  2.47678e-01  2.47658e-01  1.58519e-03  3.39134e+00
  -2169.76  6515.3125  2.51658e-01  2.51638e-01  1.54281e-03  3.43484e+00
  -2141.21  6515.9375  2.55692e-01  2.55671e-01  1.63404e-03  3.49925e+00
  -2112.66  6516.5625  2.59780e-01  2.59759e-01  1.44368e-03  3.60640e+00
  -2084.11  6517.1875  2.63923e-01  2.63901e-01  1.17910e-03  3.73302e+00
  -2055.56  6517.8125  2.68125e-01  2.68102e-01  1.18796e-03  3.74577e+00
  -2027.01  6518.4375  2.72387e-01  2.72364e-01  1.33357e-03  3.68693e+00
  -1998.46  6519.0625  2.76709e-01  2.76683e-01  1.44684e-03  3.86119e+00
  -1969.91  6519.6875  2.81095e-01  2.81073e-01  1.43384e-03  4.05065e+00
  -1941.36  6520.3125  2.85545e-01  2.85516e-01  1.41532e-03  4.11346e+00
  -1912.80  6520.9375  2.90063e-01  2.90040e-01  1.41165e-03  4.45919e+00
  -1884.25  6521.5625  2.94649e-01  2.94619e-01  1.25321e-03  4.88950e+00
  -1855.70  6522.1875  2.99307e-01  2.99281e-01  1.23183e-03  5.33555e+00
  -1827.15  6522.8125  3.04037e-01  3.04006e-01  1.38370e-03  5.90515e+00
  -1798.60  6523.4375  3.08844e-01  3.08815e-01  1.50042e-03  6.17541e+00
  -1770.05  6524.0625  3.13728e-01  3.13697e-01  1.43064e-03  6.28574e+00
  -1741.50  6524.6875  3.18694e-01  3.18661e-01  1.35373e-03  6.56212e+00
  -1712.95  6525.3125  3.23742e-01  3.23710e-01  1.31294e-03  7.36605e+00
  -1684.40  6525.9375  3.28877e-01  3.28841e-01  1.51775e-03  7.66214e+00
  -1655.85  6526.5625  3.34102e-01  3.34068e-01  1.96864e-03  7.87010e+00
  -1627.29  6527.1875  3.39420e-01  3.39383e-01  2.00728e-03  8.62362e+00
  -1598.74  6527.8125  3.44833e-01  3.44793e-01  1.72956e-03  9.11378e+00
  -1570.19  6528.4375  3.50347e-01  3.50311e-01  1.51510e-03  9.55619e+00
  -1541.64  6529.0625  3.55962e-01  3.55917e-01  1.60486e-03  1.00015e+01
  -1513.09  6529.6875  3.61687e-01  3.61647e-01  1.91579e-03  1.05550e+01
  -1484.54  6530.3125  3.67523e-01  3.67479e-01  2.20438e-03  1.13909e+01
  -1455.99  6530.9375  3.73475e-01  3.73426e-01  2.12678e-03  1.22022e+01
  -1427.44  6531.5625  3.79549e-01  3.79504e-01  1.89772e-03  1.28505e+01
  -1398.89  6532.1875  3.85747e-01  3.85695e-01  2.04260e-03  1.33767e+01
  -1370.34  6532.8125  3.92079e-01  3.92026e-01  2.16716e-03  1.41343e+01
  -1341.78  6533.4375  3.98548e-01  3.98495e-01  2.20121e-03  1.49842e+01
  -1313.23  6534.0625  4.05159e-01  4.05099e-01  2.28347e-03  1.61450e+01
  -1284.68  6534.6875  4.11922e-01  4.11862e-01  2.20799e-03  1.72012e+01
  -1256.13  6535.3125  4.18842e-01  4.18780e-01  2.01207e-03  1.78038e+01
  -1227.58  6535.9375  4.25927e-01  4.25860e-01  2.16903e-03  1.87569e+01
  -1199.03  6536.5625  4.33186e-01  4.33114e-01  2.19565e-03  2.05738e+01
  -1170.48  6537.1875  4.40628e-01  4.40556e-01  2.18786e-03  2.24336e+01
  -1141.93  6537.8125  4.48262e-01  4.48183e-01  2.40297e-03  2.39879e+01
  -1113.38  6538.4375  4.56100e-01  4.56017e-01  2.21304e-03  2.62954e+01
  -1084.83  6539.0625  4.64154e-01  4.64067e-01  2.14588e-03  2.87171e+01
  -1056.27  6539.6875  4.72435e-01  4.72341e-01  2.14451e-03  3.15891e+01
  -1027.72  6540.3125  4.80959e-01  4.80861e-01  2.09173e-03  3.47424e+01
   -999.17  6540.9375  4.89743e-01  4.89636e-01  2.08551e-03  3.67776e+01
   -970.62  6541.5625  4.98803e-01  4.98690e-01  2.12955e-03  3.99216e+01
   -942.07  6542.1875  5.08162e-01  5.08038e-01  2.29259e-03  4.46318e+01
   -913.52  6542.8125  5.17843e-01  5.17710e-01  2.51238e-03  5.02497e+01
   -884.97  6543.4375  5.27871e-01  5.27727e-01  2.58437e-03  5.58528e+01
   -856.42  6544.0625  5.38278e-01  5.38118e-01  2.43661e-03  6.14925e+01
   -827.87  6544.6875  5.49101e-01  5.48926e-01  2.50421e-03  6.86033e+01
   -799.31  6545.3125  5.60385e-01  5.60192e-01  2.74763e-03  7.73565e+01
   -770.76  6545.9375  5.72176e-01  5.71961e-01  2.84202e-03  8.46900e+01
   -742.21  6546.5625  5.84529e-01  5.84289e-01  2.78096e-03  9.14089e+01
   -713.66  6547.1875  5.97513e-01  5.97241e-01  2.92823e-03  9.80663e+01
   -685.11  6547.8125  6.11208e-01  6.10905e-01  3.07904e-03  1.04042e+02
   -656.56  6548.4375  6.25699e-01  6.25356e-01  3.15294e-03  1.10233e+02
   -628.01  6549.0625  6.41088e-01  6.40703e-01  3.37715e-03  1.15275e+02
   -599.46  6549.6875  6.57485e-01  6.57053e-01  3.21495e-03  1.17499e+02
   -570.91  6550.3125  6.75014e-01  6.74530e-01  2.83697e-03  1.18698e+02
   -542.36  6550.9375  6.93810e-01  6.93268e-01  3.06136e-03  1.20535e+02
   -513.80  6551.5625  7.14020e-01  7.13417e-01  3.48395e-03  1.22482e+02
   -485.25  6552.1875  7.35803e-01  7.35140e-01  3.85631e-03  1.24767e+02
   -456.70  6552.8125  7.59318e-01  7.58592e-01  4.23589e-03  1.26084e+02
   -428.15  6553.4375  7.84729e-01  7.83938e-01  4.14110e-03  1.27361e+02
   -399.60  6554.0625  8.12208e-01  8.11346e-01  3.65766e-03  1.28226e+02
   -371.05  6554.6875  8.41935e-01  8.41003e-01  3.92123e-03  1.29393e+02
   -342.50  6555.3125  8.74099e-01  8.73088e-01  4.60565e-03  1.29076e+02
   -313.95  6555.9375  9.08916e-01  9.07807e-01  5.11793e-03  1.27834e+02
   -285.40  6556.5625  9.46653e-01  9.45410e-01  5.34871e-03  1.28495e+02
   -256.85  6557.1875  9.87683e-01  9.86238e-01  5.26397e-03  1.28574e+02
   -228.29  6557.8125  1.03259e+00  1.03080e+00  4.89288e-03  1.29610e+02
   -199.74  6558.4375  1.08256e+00  1.07995e+00  4.64486e-03  1.30549e+02
   -171.19  6559.0625  1.14278e+00  1.13534e+00  4.68369e-03  1.31256e+02
   -142.64  6559.6875  1.23561e+00  1.20098e+00  5.10978e-03  1.31338e+02
   -114.09  6560.3125  1.38008e+00  1.37910e+00  5.42666e-03  1.30083e+02
    -85.54  6560.9375  1.55161e+00  1.54440e+00  5.85328e-03  1.29534e+02
    -56.99  6561.5625  1.73266e+00  1.73263e+00  6.35739e-03  1.29530e+02
    -28.44  6562.1875  1.88324e+00  1.94006e+00  6.53615e-03  1.29565e+02
      0.11  6562.8125  1.95100e+00  1.96265e+00  6.92200e-03  1.29553e+02
     28.67  6563.4375  1.96564e+00  1.97053e+00  7.64501e-03  1.28946e+02
     57.22  6564.0625  1.96303e+00  1.96595e+00  7.62830e-03  1.30025e+02
     85.77  6564.6875  1.95237e+00  1.95390e+00  7.00348e-03  1.31193e+02
    114.32  6565.3125  1.93732e+00  1.93803e+00  6.65368e-03  1.29330e+02
    142.87  6565.9375  1.92012e+00  1.92042e+00  7.13950e-03  1.28062e+02
    171.42  6566.5625  1.90196e+00  1.90208e+00  7.33990e-03  1.27786e+02
    199.97  6567.1875  1.88342e+00  1.88346e+00  7.03331e-03  1.25982e+02
    228.52  6567.8125  1.86473e+00  1.86474e+00  6.62309e-03  1.24708e+02
    257.07  6568.4375  1.84604e+00  1.84602e+00  6.63446e-03  1.24642e+02
    285.62  6569.0625  1.82740e+00  1.82735e+00  6.48410e-03  1.24676e+02
    314.18  6569.6875  1.80887e+00  1.80880e+00  5.94935e-03  1.23044e+02
    342.73  6570.3125  1.79052e+00  1.79043e+00  5.97536e-03  1.21415e+02
    371.28  6570.9375  1.77241e+00  1.77229e+00  6.33855e-03  1.20012e+02
    399.83  6571.5625  1.75460e+00  1.75446e+00  6.56513e-03  1.19349e+02
    428.38  6572.1875  1.73716e+00  1.73700e+00  6.75903e-03  1.18699e+02
    456.93  6572.8125  1.72014e+00  1.71996e+00  6.99659e-03  1.16809e+02
    485.48  6573.4375  1.70358e+00  1.70339e+00  6.62562e-03  1.14308e+02
    514.03  6574.0625  1.68752e+00  1.68732e+00  6.01311e-03  1.11655e+02
    542.58  6574.6875  1.67198e+00  1.67178e+00  5.99911e-03  1.09751e+02
    571.13  6575.3125  1.65698e+00  1.65677e+00  6.35172e-03  1.07601e+02
    599.69  6575.9375  1.64251e+00  1.64230e+00  6.13736e-03  1.05014e+02
    628.24  6576.5625  1.62856e+00  1.62837e+00  5.57916e-03  1.02806e+02
    656.79  6577.1875  1.61514e+00  1.61495e+00  5.71302e-03  9.91373e+01
    685.34  6577.8125  1.60222e+00  1.60203e+00  6.11156e-03  9.52512e+01
    713.89  6578.4375  1.58977e+00  1.58960e+00  6.20397e-03  9.13287e+01
    742.44  6579.0625  1.57779e+00  1.57763e+00  6.00650e-03  8.60763e+01
    770.99  6579.6875  1.56625e+00  1.56609e+00  5.79730e-03  8.13293e+01
    799.54  6580.3125  1.55511e+00  1.55496e+00  5.50741e-03  7.61694e+01
    828.09  6580.9375  1.54436e+00  1.54422e+00  5.38511e-03  7.16668e+01
    856.65  6581.5625  1.53398e+00  1.53385e+00  5.47323e-03  6.77258e+01
    885.20  6582.1875  1.52394e+00  1.52382e+00  5.77640e-03  6.30917e+01
    913.75  6582.8125  1.51422e+00  1.51411e+00  5.96596e-03  5.87370e+01
    942.30  6583.4375  1.50481e+00  1.50470e+00  5.74269e-03  5.47894e+01
    970.85  6584.0625  1.49569e+00  1.49558e+00  5.44528e-03  5.12737e+01
    999.40  6584.6875  1.48683e+00  1.48673e+00  5.06214e-03  4.77579e+01
   1027.95  6585.3125  1.47823e+00  1.47814e+00  4.82895e-03  4.47804e+01
   1056.50  6585.9375  1.46986e+00  1.46978e+00  5.43300e-03  4.22608e+01
   1085.05  6586.5625  1.46173e+00  1.46165e+00  6.09941e-03  3.97754e+01
   1113.60  6587.1875  1.45381e+00  1.45373e+00  5.66116e-03  3.77795e+01
   1142.16  6587.8125  1.44609e+00  1.44602e+00  4.87486e-03  3.56447e+01
   1170.71  6588.4375  1.43857e+00  1.43850e+00  4.62746e-03  3.32001e+01
   1199.26  6589.0625  1.43123e+00  1.43116e+00  4.50946e-03  3.13990e+01
   1227.81  6589.6875  1.42406e+00  1.42400e+00  4.25928e-03  3.02080e+01
   1256.36  6590.3125  1.41706e+00  1.41701e+00  4.59159e-03  2.91925e+01
   1284.91  6590.9375  1.41022e+00  1.41017e+00  4.89432e-03  2.84874e+01
   1313.46  6591.5625  1.40354e+00  1.40348e+00  4.86019e-03  2.77636e+01
   1342.01  6592.1875  1.39700e+00  1.39695e+00  4.77305e-03  2.64448e+01
   1370.56  6592.8125  1.39059e+00  1.39054e+00  4.77163e-03  2.46357e+01
   1399.11  6593.4375  1.38432e+00  1.38427e+00  5.02871e-03  2.28247e+01
   1427.67  6594.0625  1.37818e+00  1.37814e+00  5.12240e-03  2.18580e+01
   1456.22  6594.6875  1.37216e+00  1.37211e+00  4.69295e-03  2.12468e+01
   1484.77  6595.3125  1.36626e+00  1.36622e+00  4.31662e-03  2.01734e+01
   1513.32  6595.9375  1.36047e+00  1.36043e+00  4.23668e-03  1.93117e+01
   1541.87  6596.5625  1.35479e+00  1.35475e+00  4.40558e-03  1.86719e+01
   1570.42  6597.1875  1.34922e+00  1.34918e+00  4.81299e-03  1.81246e+01
   1598.97  6597.8125  1.34375e+00  1.34371e+00  5.23762e-03  1.72929e+01
   1627.52  6598.4375  1.33837e+00  1.33833e+00  5.03245e-03  1.61640e+01
   1656.07  6599.0625  1.33309e+00  1.33306e+00  4.46157e-03  1.51027e+01
   1684.63  6599.6875  1.32790e+00  1.32786e+00  4.29531e-03  1.46046e+01
   1713.18  6600.3125  1.32280e+00  1.32276e+00  4.36858e-03  1.43649e+01
   1741.73  6600.9375  1.31778e+00  1.31775e+00  4.48221e-03  1.45746e+01
   1770.28  6601.5625  1.31284e+00  1.31281e+00  4.39002e-03  1.44595e+01
   1798.83  6602.1875  1.30799e+00  1.30796e+00  4.27382e-03  1.32824e+01
   1827.38  6602.8125  1.30321e+00  1.30317e+00  4.39859e-03  1.21619e+01
   1855.93  6603.4375  1.29850e+00  1.29847e+00  4.73899e-03  1.11068e+01
   1884.48  6604.0625  1.29387e+00  1.29384e+00  4.80865e-03  1.03166e+01
   1913.03  6604.6875  1.28930e+00  1.28928e+00  4.76164e-03  9.86642e+00
   1941.58  6605.3125  1.28481e+00  1.28478e+00  4.79249e-03  9.67871e+00
   1970.14  6605.9375  1.28038e+00  1.28036e+00  4.37633e-03  9.32886e+00
   1998.69  6606.5625  1.27601e+00  1.27599e+00  4.05230e-03  8.89794e+00
   2027.24  6607.1875  1.27171e+00  1.27169e+00  4.00243e-03  8.68057e+00
   2055.79  6607.8125  1.26747e+00  1.26744e+00  3.93235e-03  8.35939e+00
   2084.34  6608.4375  1.26328e+00  1.26326e+00  3.63657e-03  8.01386e+00
   2112.89  6609.0625  1.25916e+00  1.25914e+00  3.46786e-03  7.51212e+00
   2141.44  6609.6875  1.25508e+00  1.25506e+00  3.67391e-03  7.03050e+00
   2169.99  6610.3125  1.25107e+00  1.25105e+00  3.66927e-03  6.77859e+00
   2198.54  6610.9375  1.24710e+00  1.24708e+00  3.28956e-03  6.69263e+00
   2227.09  6611.5625  1.24319e+00  1.24317e+00  3.40554e-03  6.63346e+00
   2255.65  6612.1875  1.23932e+00  1.23930e+00  3.58502e-03  6.57478e+00
   2284.20  6612.8125  1.23551e+00  1.23549e+00  3.62306e-03  6.22084e+00
   2312.75  6613.4375  1.23174e+00  1.23173e+00  3.77123e-03  5.80806e+00
   2341.30  6614.0625  1.22802e+00  1.22800e+00  3.83050e-03  5.62656e+00
   2369.85  6614.6875  1.22435e+00  1.22433e+00  3.75852e-03  5.80798e+00
   2398.40  6615.3125  1.22071e+00  1.22070e+00  3.57816e-03  5.77571e+00
   2426.95  6615.9375  1.21713e+00  1.21711e+00  3.54950e-03  5.47393e+00
   2455.50  6616.5625  1.21358e+00  1.21357e+00  3.47668e-03  5.37539e+00
   2484.05  6617.1875  1.21007e+00  1.21006e+00  3.48661e-03  5.28538e+00
   2512.61  6617.8125  1.20661e+00  1.20659e+00  3.74767e-03  5.10416e+00
   2541.16  6618.4375  1.20318e+00  1.20317e+00  3.56385e-03  4.61763e+00
   2569.71  6619.0625  1.19980e+00  1.19978e+00  3.43107e-03  4.35368e+00
   2598.26  6619.6875  1.19645e+00  1.19643e+00  3.66565e-03  4.25274e+00
   2626.81  6620.3125  1.19313e+00  1.19312e+00  3.48682e-03  4.13964e+00
   2655.36  6620.9375  1.18986e+00  1.18984e+00  3.23342e-03  4.06758e+00
   2683.91  6621.5625  1.18661e+00  1.18660e+00  3.25825e-03  4.03046e+00
   2712.46  6622.1875  1.18340e+00  1.18339e+00  3.30985e-03  3.89405e+00
   2741.01  6622.8125  1.18023e+00  1.18022e+00  3.41680e-03  3.72865e+00
   2769.56  6623.4375  1.17709e+00  1.17708e+00  3.57613e-03  3.57455e+00
   2798.12  6624.0625  1.17398e+00  1.17397e+00  3.53242e-03  3.47251e+00
   2826.67  6624.6875  1.17090e+00  1.17089e+00  3.64785e-03  3.29399e+00
   2855.22  6625.3125  1.16786e+00  1.16785e+00  3.79687e-03  3.13579e+00
   2883.77  6625.9375  1.16484e+00  1.16483e+00  3.71294e-03  3.16803e+00
   2912.32  6626.5625  1.16186e+00  1.16185e+00  3.43479e-03  3.31865e+00
   2940.87  6627.1875  1.15890e+00  1.15889e+00  3.21485e-03  3.35696e+00
   2969.42  6627.8125  1.15597e+00  1.15596e+00  3.18110e-03  3.00057e+00
   2997.97  6628.4375  1.15307e+00  1.15306e+00  3.32760e-03  2.83007e+00
   3026.52  6629.0625  1.15020e+00  1.15019e+00  3.31484e-03  2.81170e+00
   3055.07  6629.6875  1.14735e+00  1.14734e+00  3.34883e-03  2.58033e+00
   3083.63  6630.3125  1.14453e+00  1.14452e+00  3.38205e-03  2.29593e+00
   3112.18  6630.9375  1.14174e+00  1.14173e+00  3.50423e-03  2.34347e+00
   3140.73  6631.5625  1.13897e+00  1.13896e+00  3.54902e-03  2.66001e+00
   3169.28  6632.1875  1.13623e+00  1.13622e+00  3.26104e-03  2.93885e+00
   3197.83  6632.8125  1.13351e+00  1.13350e+00  3.06027e-03  2.90353e+00
   3226.38  6633.4375  1.13082e+00  1.13081e+00  3.06817e-03  2.75495e+00
   3254.93  6634.0625  1.12815e+00  1.12814e+00  3.25914e-03  2.43658e+00
   3283.48  6634.6875  1.12550e+00  1.12549e+00  3.45659e-03  2.15882e+00
   3312.03  6635.3125  1.12288e+00  1.12287e+00  3.55875e-03  2.23438e+00
   3340.58  6635.9375  1.12028e+00  1.12027e+00  3.34340e-03  2.46494e+00
   3369.14  6636.5625  1.11770e+00  1.11769e+00  2.88840e-03  2.54291e+00
   3397.69  6637.1875  1.11514e+00  1.11513e+00  2.66806e-03  2.30448e+00
   3426.24  6637.8125  1.11260e+00  1.11259e+00  2.71478e-03  1.99879e+00
   3454.79  6638.4375  1.11009e+00  1.11008e+00  2.90498e-03  1.78647e+00
   3483.34  6639.0625  1.10759e+00  1.10758e+00  2.73223e-03  1.80248e+00
   3511.89  6639.6875  1.10512e+00  1.10511e+00  2.42451e-03  1.96310e+00
   3540.44  6640.3125  1.10267e+00  1.10266e+00  2.72201e-03  1.95682e+00
   3568.99  6640.9375  1.10023e+00  1.10023e+00  3.14359e-03  1.71317e+00
   3597.54  6641.5625  1.09782e+00  1.09781e+00  3.19309e-03  1.51522e+00
   3626.10  6642.1875  1.09542e+00  1.09541e+00  3.15869e-03  1.62327e+00
   3654.65  6642.8125  1.09305e+00  1.09304e+00  3.23302e-03  1.81897e+00
   3683.20  6643.4375  1.09069e+00  1.09068e+00  3.17923e-03  1.86353e+00
   3711.75  6644.0625  1.08835e+00  1.08834e+00  3.03046e-03  1.84451e+00
   3740.30  6644.6875  1.08603e+00  1.08602e+00  2.82876e-03  1.85851e+00
   3768.85  6645.3125  1.08373e+00  1.08372e+00  2.71827e-03  1.77433e+00
   3797.40  6645.9375  1.08144e+00  1.08143e+00  2.86371e-03  1.47798e+00
   3825.95  6646.5625  1.07917e+00  1.07916e+00  3.05799e-03  1.39733e+00
   3854.50  6647.1875  1.07692e+00  1.07692e+00  3.15653e-03  1.53997e+00
   3883.05  6647.8125  1.07469e+00  1.07468e+00  3.24204e-03  1.63009e+00
   3911.61  6648.4375  1.07247e+00  1.07247e+00  3.36491e-03  1.56423e+00
   3940.16  6649.0625  1.07027e+00  1.07027e+00  3.18383e-03  1.32394e+00
   3968.71  6649.6875  1.06809e+00  1.06809e+00  3.18558e-03  1.21014e+00
   3997.26  6650.3125  1.06593e+00  1.06593e+00  3.29335e-03  1.30193e+00
   4025.81  6650.9375  1.06379e+00  1.06378e+00  3.10696e-03  1.34460e+00
   4054.36  6651.5625  1.06166e+00  1.06165e+00  3.03674e-03  1.23248e+00
   4082.91  6652.1875  1.05955e+00  1.05955e+00  3.12714e-03  1.12233e+00
   4111.46  6652.8125  1.05746e+00  1.05745e+00  3.26321e-03  1.13449e+00
   4140.01  6653.4375  1.05538e+00  1.05537e+00  3.23631e-03  1.13100e+00
   4168.56  6654.0625  1.05332e+00  1.05332e+00  3.01387e-03  1.09641e+00
   4197.12  6654.6875  1.05128e+00  1.05127e+00  2.85494e-03  1.08797e+00
   4225.67  6655.3125  1.04926e+00  1.04925e+00  2.94300e-03  9.65551e-01
   4254.22  6655.9375  1.04726e+00  1.04725e+00  3.17695e-03  9.24434e-01
   4282.77  6656.5625  1.04528e+00  1.04527e+00  3.22448e-03  1.01994e+00
   4311.32  6657.1875  1.04332e+00  1.04331e+00  2.95046e-03  1.07508e+00
   4339.87  6657.8125  1.04139e+00  1.04138e+00  2.77000e-03  1.03913e+00
   4368.42  6658.4375  1.03949e+00  1.03948e+00  2.77026e-03  9.57543e-01
   4396.97  6659.0625  1.03761e+00  1.03760e+00  2.77472e-03  8.34164e-01
   4425.52  6659.6875  1.03578e+00  1.03576e+00  2.96555e-03  8.91137e-01
   4454.08  6660.3125  1.03398e+00  1.03396e+00  3.14686e-03  1.02925e+00
   4482.63  6660.9375  1.03222e+00  1.03221e+00  2.97622e-03  9.72092e-01
   4511.18  6661.5625  1.03051e+00  1.03049e+00  2.83350e-03  8.92233e-01
   4539.73  6662.1875  1.02884e+00  1.02882e+00  2.80561e-03  8.74857e-01
   4568.28  6662.8125  1.02719e+00  1.02719e+00  2.69630e-03  8.31100e-01
   4596.83  6663.4375  1.02558e+00  1.02557e+00  2.63447e-03  8.30431e-01
   4625.38  6664.0625  1.02399e+00  1.02398e+00  2.62096e-03  8.79995e-01
   4653.93  6664.6875  1.02242e+00  1.02241e+00  2.70610e-03  8.87173e-01
   4682.48  6665.3125  1.02089e+00  1.02088e+00  2.66108e-03  8.45513e-01
   4711.03  6665.9375  1.01941e+00  1.01939e+00  2.71671e-03  7.68317e-01
   4739.59  6666.5625  1.01797e+00  1.01794e+00  2.83843e-03  7.41700e-01
   4768.14  6667.1875  1.01658e+00  1.01656e+00  2.82013e-03  7.39834e-01
   4796.69  6667.8125  1.01526e+00  1.01524e+00  2.84167e-03  7.39316e-01
   4825.24  6668.4375  1.01401e+00  1.01399e+00  2.96034e-03  7.75522e-01
   4853.79  6669.0625  1.01283e+00  1.01281e+00  2.81006e-03  7.54735e-01
   4882.34  6669.6875  1.01171e+00  1.01169e+00  2.52355e-03  7.36804e-01
   4910.89  6670.3125  1.01066e+00  1.01064e+00  2.46488e-03  7.23927e-01
   4939.44  6670.9375  1.00968e+00  1.00965e+00  2.70135e-03  6.79806e-01
   4967.99  6671.5625  1.00879e+00  1.00875e+00  2.76748e-03  6.53042e-01
   4996.54  6672.1875  1.00798e+00  1.00794e+00  2.80972e-03  6.02640e-01
   5025.10  6672.8125  1.00727e+00  1.00723e+00  2.61787e-03  5.75985e-01
   5053.65  6673.4375  1.00666e+00  1.00663e+00  2.47848e-03  5.75791e-01
   5082.20  6674.0625  1.00613e+00  1.00612e+00  2.62102e-03  6.13093e-01
   5110.75  6674.6875  1.00566e+00  1.00564e+00  2.65871e-03  5.71358e-01
   5139.30  6675.3125  1.00523e+00  1.00522e+00  2.74410e-03  5.31901e-01
   5167.85  6675.9375  1.00485e+00  1.00483e+00  2.70144e-03  5.21317e-01
   5196.40  6676.5625  1.00450e+00  1.00449e+00  2.66125e-03  5.05781e-01
   5224.95  6677.1875  1.00419e+00  1.00418e+00  2.54307e-03  4.84986e-01
   5253.50  6677.8125  1.00390e+00  1.00389e+00  2.32302e-03  4.68095e-01
   5282.06  6678.4375  1.00364e+00  1.00364e+00  2.22835e-03  4.33381e-01
   5310.61  6679.0625  1.00340e+00  1.00340e+00  2.47119e-03  3.98880e-01
   5339.16  6679.6875  1.00318e+00  1.00318e+00  2.70896e-03  3.74141e-01
   5367.71  6680.3125  1.00298e+00  1.00298e+00  2.85578e-03  4.02628e-01
   5396.26  6680.9375  1.00279e+00  1.00279e+00  2.91004e-03  5.00150e-01
   5424.81  6681.5625  1.00262e+00  1.00261e+00  2.70852e-03  4.14561e-01
   5453.36  6682.1875  1.00246e+00  1.00245e+00  2.58866e-03  3.53245e-01
   5481.91  6682.8125  1.00230e+00  1.00230e+00  2.88260e-03  4.31078e-01
   5510.46  6683.4375  1.00216e+00  1.00216e+00  3.10562e-03  4.65315e-01
   5539.01  6684.0625  1.00202e+00  1.00202e+00  2.80045e-03  3.74916e-01
   5567.57  6684.6875  1.00188e+00  1.00188e+00  2.33119e-03  2.91120e-01
   5596.12  6685.3125  1.00175e+00  1.00175e+00  2.25151e-03  3.54748e-01
   5624.67  6685.9375  1.00163e+00  1.00162e+00  2.40294e-03  4.05549e-01
   5653.22  6686.5625  1.00150e+00  1.00150e+00  2.44337e-03  2.86702e-01
   5681.77  6687.1875  1.00139e+00  1.00138e+00  2.45759e-03  1.94987e-01
   5710.32  6687.8125  1.00127e+00  1.00127e+00  2.64028e-03  2.18494e-01
   5738.87  6688.4375  1.00117e+00  1.00117e+00  2.85179e-03  2.65594e-01
   5767.42  6689.0625  1.00107e+00  1.00107e+00  2.75545e-03  3.30985e-01
   5795.97  6689.6875  1.00098e+00  1.00097e+00  2.60063e-03  3.95268e-01
   5824.52  6690.3125  1.00089e+00  1.00089e+00  2.56790e-03  3.81221e-01
   5853.08  6690.9375  1.00081e+00  1.00081e+00  2.64603e-03  3.64994e-01
   5881.63  6691.5625  1.00073e+00  1.00073e+00  2.49571e-03  3.77280e-01
   5910.18  6692.1875  1.00066e+00  1.00066e+00  2.42208e-03  3.52566e-01
   5938.73  6692.8125  1.00060e+00  1.00059e+00  2.57618e-03  3.00906e-01
   5967.28  6693.4375  1.00054e+00  1.00053e+00  2.92098e-03  2.43061e-01
   5995.83  6694.0625  1.00048e+00  1.00048e+00  3.10736e-03  1.77316e-01
   6024.38  6694.6875  1.00043e+00  1.00043e+00  2.88421e-03  2.12174e-01
   6052.93  6695.3125  1.00039e+00  1.00039e+00  2.59953e-03  2.15156e-01
   6081.48  6695.9375  1.00035e+00  1.00034e+00  2.50565e-03  2.13073e-01
   6110.04  6696.5625  1.00031e+00  1.00031e+00  2.57080e-03  2.21249e-01
   6138.59  6697.1875  1.00027e+00  1.00027e+00  2.66626e-03  1.88224e-01
   6167.14  6697.8125  1.00024e+00  1.00024e+00  2.74077e-03  1.66471e-01
   6195.69  6698.4375  1.00022e+00  1.00021e+00  2.64934e-03  1.97201e-01
   6224.24  6699.0625  1.00019e+00  1.00019e+00  2.65622e-03  1.94287e-01
   6252.79  6699.6875  1.00017e+00  1.00017e+00  2.86440e-03  1.33546e-01
   6281.34  6700.3125  1.00015e+00  1.00015e+00  2.79055e-03  1.19859e-01
   6309.89  6700.9375  1.00013e+00  1.00013e+00  2.56367e-03  1.42087e-01
   6338.44  6701.5625  1.00012e+00  1.00011e+00  2.61812e-03  1.18490e-01
   6366.99  6702.1875  1.00010e+00  1.00010e+00  2.62370e-03  7.79188e-02
   6395.55  6702.8125  1.00009e+00  1.00009e+00  2.68999e-03  8.22583e-02
   6424.10  6703.4375  1.00008e+00  1.00008e+00  2.66967e-03  1.50826e-01
   6452.65  6704.0625  1.00007e+00  1.00007e+00  2.46278e-03  1.69162e-01
   6481.20  6704.6875  1.00006e+00  1.00006e+00  2.20384e-03  1.40893e-01
   6509.75  6705.3125  1.00006e+00  1.00006e+00  2.14392e-03  1.45138e-01
   6538.30  6705.9375  1.00005e+00  1.00005e+00  2.29585e-03  1.88205e-01
   6566.85  6706.5625  1.00005e+00  1.00005e+00  2.39412e-03  1.99875e-01
   6595.40  6707.1875  1.00005e+00  1.00005e+00  2.44007e-03  1.88420e-01
   6623.95  6707.8125  1.00004e+00  1.00004e+00  2.49976e-03  1.89443e-01
   6652.50  6708.4375  1.00004e+00  1.00004e+00  2.52899e-03  1.52495e-01
   6681.06  6709.0625  1.00004e+00  1.00004e+00  2.54669e-03  1.07442e-01
   6709.61  6709.6875  1.00003e+00  1.00003e+00  2.50542e-03  1.17937e-01
   6738.16  6710.3125  1.00003e+00  1.00003e+00  2.49412e-03  1.20816e-01
   6766.71  6710.9375  1.00003e+00  1.00003e+00  2.34667e-03  1.34651e-01
   6795.26  6711.5625  1.00003e+00  1.00003e+00  2.41643e-03  1.54902e-01
   6823.81  6712.1875  1.00003e+00  1.00003e+00  2.55254e-03  1.63610e-01
   6852.36  6712.8125  1.00003e+00  1.00003e+00  2.44635e-03  1.61931e-01
   6880.91  6713.4375  1.00002e+00  1.00002e+00  2.57683e-03  1.09667e-01
   6909.46  6714.0625  1.00002e+00  1.00002e+00  2.73756e-03  6.40667e-02
   6938.02  6714.6875  1.00002e+00  1.00002e+00  2.55085e-03  7.44359e-02
   6966.57  6715.3125  1.00002e+00  1.00002e+00  2.38458e-03  1.38792e-01
   6995.12  6715.9375  1.00002e+00  1.00002e+00  2.47801e-03  2.02525e-01
   7023.67  6716.5625  1.00002e+00  1.00002e+00  2.48757e-03  2.06215e-01
   7052.22  6717.1875  1.00002e+00  1.00002e+00  2.44151e-03  1.58341e-01
   7080.77  6717.8125  1.00002e+00  1.00002e+00  2.53685e-03  1.20778e-01
   7109.32  6718.4375  1.00002e+00  1.00002e+00  2.55709e-03  1.63986e-01
   7137.87  6719.0625  1.00002e+00  1.00002e+00  2.61236e-03  1.97143e-01
   7166.42  6719.6875  1.00002e+00  1.00002e+00  2.88368e-03  1.51358e-01
   7194.97  6720.3125  1.00002e+00  1.00002e+00  3.01371e-03  1.21423e-01
   7223.53  6720.9375  1.00002e+00  1.00002e+00  2.74492e-03  1.36253e-01
   7252.08  6721.5625  1.00001e+00  1.00001e+00  2.50808e-03  1.65233e-01
   7280.63  6722.1875  1.00001e+00  1.00001e+00  2.43832e-03  2.20122e-01
   7309.18  6722.8125  1.00001e+00  1.00001e+00  2.34175e-03  2.26412e-01
   7337.73  6723.4375  1.00001e+00  1.00001e+00  2.54003e-03  2.18958e-01
   7366.28  6724.0625  1.00001e+00  1.00001e+00  2.69310e-03  1.88327e-01
   7394.83  6724.6875  1.00001e+00  1.00001e+00  2.67708e-03  1.40173e-01
   7423.38  6725.3125  1.00001e+00  1.00001e+00  2.83856e-03  8.93287e-02
   7451.93  6725.9375  1.00001e+00  1.00001e+00  2.72496e-03  7.22984e-02
   7480.48  6726.5625  1.00001e+00  1.00001e+00  2.32183e-03  7.92430e-02
   7509.04  6727.1875  1.00001e+00  1.00001e+00  2.19852e-03  1.07038e-01
   7537.59  6727.8125  1.00001e+00  1.00001e+00  2.27670e-03  1.07681e-01
   7566.14  6728.4375  1.00001e+00  1.00001e+00  2.38710e-03  9.14263e-02
   7594.69  6729.0625  1.00001e+00  1.00001e+00  2.41725e-03  1.11803e-01
   7623.24  6729.6875  1.00001e+00  1.00001e+00  2.25534e-03  1.28651e-01
   7651.79  6730.3125  1.00001e+00  1.00001e+00  2.03502e-03  1.19674e-01
   7680.34  6730.9375  1.00001e+00  1.00001e+00  2.04947e-03  9.49710e-02
   7708.89  6731.5625  1.00001e+00  1.00001e+00  2.34162e-03  1.02219e-01
   7737.44  6732.1875  1.00001e+00  1.00001e+00  2.41268e-03  1.42551e-01
   7765.99  6732.8125  1.00001e+00  1.00001e+00  2.44804e-03  1.40506e-01
   7794.55  6733.4375  1.00001e+00  1.00001e+00  2.58012e-03  1.32631e-01
   7823.10  6734.0625  1.00001e+00  1.00001e+00  2.74832e-03  9.83089e-02
   7851.65  6734.6875  1.00001e+00  1.00001e+00  2.72241e-03  6.07219e-02
   7880.20  6735.3125  1.00001e+00  1.00001e+00  2.58676e-03  5.42202e-02
   7908.75  6735.9375  1.00001e+00  1.00001e+00  2.44210e-03  5.32420e-02
   7937.30  6736.5625  1.00000e+00  1.00000e+00  2.52696e-03  3.97587e-02
   7965.85  6737.1875  1.00000e+00  1.00000e+00  2.51586e-03  7.54409e-02
   7994.40  6737.8125  1.00000e+00  1.00000e+00  2.48047e-03  1.27604e-01
   8022.95  6738.4375  1.00000e+00  1.00000e+00  2.63786e-03  1.04411e-01
   8051.51  6739.0625  1.00000e+00  1.00000e+00  2.84822e-03  7.08573e-02
   8080.06  6739.6875  1.00000e+00  1.00000e+00  2.85590e-03  6.78657e-02
   8108.61  6740.3125  1.00000e+00  1.00000e+00  3.04486e-03  6.58493e-02
   8137.16  6740.9375  1.00000e+00  1.00000e+00  3.17785e-03  7.06324e-02
   8165.71  6741.5625  1.00000e+00  1.00000e+00  2.94136e-03  8.46690e-02
   8194.26  6742.1875  1.00000e+00  1.00000e+00  2.66977e-03  9.64534e-02
   8222.81  6742.8125  1.00000e+00  1.00000e+00  2.45591e-03  6.86560e-02
   8251.36  6743.4375  1.00000e+00  1.00000e+00  2.57479e-03  7.86483e-02
   8279.91  6744.0625  1.00000e+00  1.00000e+00  2.70839e-03  9.07355e-02
   8308.46  6744.6875  1.00000e+00  1.00000e+00  2.65124e-03  7.48632e-02
   8337.02  6745.3125  1.00000e+00  1.00000e+00  2.64532e-03  7.14323e-02
   8365.57  6745.9375  1.00000e+00  1.00000e+00  2.43625e-03  4.62250e-02
   8394.12  6746.5625  1.00000e+00  1.00000e+00  2.30647e-03  5.20319e-02
   8422.67  6747.1875  1.00000e+00  1.00000e+00  2.41664e-03  9.79255e-02
   8451.22  6747.8125  1.00000e+00  1.00000e+00  2.46715e-03  1.35341e-01
   8479.77  6748.4375  1.00000e+00  1.00000e+00  2.45300e-03  1.08976e-01
   8508.32  6749.0625  1.00000e+00  1.00000e+00  2.42705e-03  5.88295e-02
   8536.87  6749.6875  1.00000e+00  1.00000e+00  2.46138e-03  4.79901e-02
   8565.42  6750.3125  1.00000e+00  1.00000e+00  2.53577e-03  4.37934e-02
   8593.97  6750.9375  1.00000e+00  1.00000e+00  2.61240e-03  5.55705e-02
   8622.53  6751.5625  1.00000e+00  1.00000e+00  2.95605e-03  5.34904e-02
   8651.08  6752.1875  1.00000e+00  1.00000e+00  2.95124e-03  4.43912e-02
   8679.63  6752.8125  1.00000e+00  1.00000e+00  2.57975e-03  3.39634e-02
   8708.18  6753.4375  1.00000e+00  1.00000e+00  2.64778e-03  2.41504e-02
   8736.73  6754.0625  1.00000e+00  1.00000e+00  2.73749e-03  3.30561e-02
   8765.28  6754.6875  1.00000e+00  1.00000e+00  2.58890e-03  3.74393e-02
   8793.83  6755.3125  1.00000e+00  1.00000e+00  2.67947e-03  3.79817e-02
   8822.38  6755.9375  1.00000e+00  1.00000e+00  2.83462e-03  7.02865e-02
   8850.93  6756.5625  1.00000e+00  1.00000e+00  2.87732e-03  1.02669e-01
   8879.49  6757.1875  1.00000e+00  1.00000e+00  2.84462e-03  6.39165e-02
   8908.04  6757.8125  1.00000e+00  1.00000e+00  2.64120e-03  1.80948e-02
   8936.59  6758.4375  1.00000e+00  1.00000e+00  2.47302e-03  1.38891e-02
   8965.14  6759.0625  1.00000e+00  1.00000e+00  2.57342e-03  3.52470e-02
   8993.69  6759.6875  1.00000e+00  1.00000e+00  2.66830e-03  6.24888e-02
   9022.24  6760.3125  1.00000e+00  1.00000e+00  2.60387e-03  7.56430e-02
   9050.79  6760.9375  1.00000e+00  1.00000e+00  2.45973e-03  5.37235e-02
   9079.34  6761.5625  1.00000e+00  1.00000e+00  2.36428e-03  4.53507e-02
   9107.89  6762.1875  1.00000e+00  1.00000e+00  2.33876e-03  3.12007e-02
   9136.44  6762.8125  1.00000e+00  1.00000e+00  2.30091e-03  2.31865e-02
   9165.00  6763.4375  1.00000e+00  1.00000e+00  2.28577e-03  1.22430e-02
   9193.55  6764.0625  1.00000e+00  1.00000e+00  2.41427e-03  1.50273e-02
   9222.10  6764.6875  1.00000e+00  1.00000e+00  2.49019e-03  4.41381e-02
   9250.65  6765.3125  1.00000e+00  1.00000e+00  2.40997e-03  7.33301e-02
   9279.20  6765.9375  1.00000e+00  1.00000e+00  2.22142e-03  7.49728e-02
   9307.75  6766.5625  1.00000e+00  1.00000e+00  2.24759e-03  5.64986e-02
   9336.30  6767.1875  1.00000e+00  1.00000e+00  2.38407e-03  4.89121e-02
   9364.85  6767.8125  1.00000e+00  1.00000e+00  2.55810e-03  6.67203e-02
   9393.40  6768.4375  1.00000e+00  1.00000e+00  2.73522e-03  9.47523e-02
   9421.95  6769.0625  1.00000e+00  1.00000e+00  2.84126e-03  8.61743e-02
   9450.51  6769.6875  1.00000e+00  1.00000e+00  2.82248e-03  6.71267e-02
   9479.06  6770.3125  1.00000e+00  1.00000e+00  2.53471e-03  6.84553e-02
   9507.61  6770.9375  1.00000e+00  1.00000e+00  2.19763e-03  8.19839e-02
   9536.16  6771.5625  1.00000e+00  1.00000e+00  1.97742e-03  9.16398e-02
   9564.71  6772.1875  1.00000e+00  1.00000e+00  2.15596e-03  4.55637e-02
   9593.26  6772.8125  1.00000e+00  1.00000e+00  2.29887e-03  2.84393e-02
   9621.81  6773.4375  1.00000e+00  1.00000e+00  2.39212e-03  5.25963e-02
   9650.36  6774.0625  1.00000e+00  1.00000e+00  2.48298e-03  5.17008e-02
   9678.91  6774.6875  1.00000e+00  1.00000e+00  2.30456e-03  3.36557e-02
   9707.47  6775.3125  1.00000e+00  1.00000e+00  2.07249e-03  1.21723e-02
   9736.02  6775.9375  1.00000e+00  1.00000e+00  2.03648e-03  3.08314e-03
   9764.57  6776.5625  1.00000e+00  1.00000e+00  2.32549e-03  1.20712e-02
   9793.12  6777.1875  1.00000e+00  1.00000e+00  2.52145e-03  3.20639e-02
   9821.67  6777.8125  1.00000e+00  1.00000e+00  2.44787e-03  4.20065e-02
   9850.22  6778.4375  1.00000e+00  1.00000e+00  2.54025e-03  4.28663e-02
   9878.77  6779.0625  1.00000e+00  1.00000e+00  2.62492e-03  4.35250e-02
   9907.32  6779.6875  1.00000e+00  1.00000e+00  2.51628e-03  4.40191e-02
   9935.87  6780.3125  1.00000e+00  1.00000e+00  2.36098e-03  4.27359e-02
   9964.42  6780.9375  1.00000e+00  1.00000e+00  2.32659e-03  3.37624e-02
   9992.98  6781.5625  1.00000e+00  1.00000e+00  2.55110e-03  2.41019e-02
  10021.53  6782.1875  1.00000e+00  1.00000e+00  2.80005e-03  3.37426e-02
  10050.08  6782.8125  1.00000e+00  1.00000e+00  2.74581e-03  4.22966e-02
  10078.63  6783.4375  1.00000e+00  1.00000e+00  2.55330e-03  4.07889e-02
  10107.18  6784.0625  1.00000e+00  1.00000e+00  2.61370e-03  3.75966e-02
  10135.73  6784.6875  1.00000e+00  1.00000e+00  2.74627e-03  3.89326e-02
  10164.28  6785.3125  1.00000e+00  1.00000e+00  2.79582e-03  3.11904e-02
  10192.83  6785.9375  1.00000e+00  1.00000e+00  2.79627e-03  1.61457e-02
  10221.38  6786.5625  1.00000e+00  1.00000e+00  2.73426e-03  3.38740e-02
  10249.93  6787.1875  1.00000e+00  1.00000e+00  2.59336e-03  6.68161e-02
  10278.49  6787.8125  1.00000e+00  1.00000e+00  2.54371e-03  4.36563e-02
  10307.04  6788.4375  1.00000e+00  1.00000e+00  2.34505e-03  1.22397e-02
  10335.59  6789.0625  1.00000e+00  1.00000e+00  2.23502e-03  1.15385e-02
  10364.14  6789.6875  1.00000e+00  1.00000e+00  2.21431e-03  2.02019e-02
  10392.69  6790.3125  1.00000e+00  1.00000e+00  2.41455e-03  1.19590e-02
  10421.24  6790.9375  1.00000e+00  1.00000e+00  2.78765e-03  1.20263e-02
  10449.79  6791.5625  1.00000e+00  1.00000e+00  2.89477e-03  2.17845e-02
  10478.34  6792.1875  1.00000e+00  1.00000e+00  2.67864e-03  2.39889e-02
  10506.89  6792.8125  1.00000e+00  1.00000e+00  2.52889e-03  4.40489e-02
  10535.45  6793.4375  1.00000e+00  1.00000e+00  2.56258e-03  6.12673e-02
  10564.00  6794.0625  1.00000e+00  1.00000e+00  2.53004e-03  4.26268e-02
  10592.55  6794.6875  1.00000e+00  1.00000e+00  2.40203e-03  1.50425e-02
  10621.10  6795.3125  1.00000e+00  1.00000e+00  2.32502e-03  1.35715e-02
  10649.65  6795.9375  1.00000e+00  1.00000e+00  2.22473e-03  3.07907e-02
  10678.20  6796.5625  1.00000e+00  1.00000e+00  2.17216e-03  3.36218e-02
  10706.75  6797.1875  1.00000e+00  1.00000e+00  2.35699e-03  3.43987e-02
  10735.30  6797.8125  1.00000e+00  1.00000e+00  2.24916e-03  5.22977e-02
  10763.85  6798.4375  1.00000e+00  1.00000e+00  2.22105e-03  4.25942e-02
  10792.40  6799.0625  1.00000e+00  1.00000e+00  2.28541e-03  2.39184e-02
  10820.96  6799.6875  1.00000e+00  1.00000e+00  2.39132e-03  2.17255e-02
  10849.51  6800.3125  1.00000e+00  1.00000e+00  2.54071e-03  1.06588e-02
  10878.06  6800.9375  1.00000e+00  1.00000e+00  2.68644e-03  4.49575e-03
  10906.61  6801.5625  1.00000e+00  1.00000e+00  2.54633e-03  2.24965e-02
  10935.16  6802.1875  1.00000e+00  1.00000e+00  2.66866e-03  5.20595e-02
  10963.71  6802.8125  1.00000e+00  1.00000e+00  2.78116e-03  5.14707e-02
  10992.26  6803.4375  1.00000e+00  1.00000e+00  2.71597e-03  3.49941e-02
  11020.81  6804.0625  1.00000e+00  1.00000e+00  2.86792e-03  2.41247e-02
  11049.36  6804.6875  1.00000e+00  1.00000e+00  2.96567e-03  3.64464e-02
  11077.91  6805.3125  1.00000e+00  1.00000e+00  2.74857e-03  6.19319e-02
  11106.47  6805.9375  1.00000e+00  1.00000e+00  2.70113e-03  7.36121e-02
  11135.02  6806.5625  1.00000e+00  1.00000e+00  2.93041e-03  4.48935e-02
  11163.57  6807.1875  1.00000e+00  1.00000e+00  2.71879e-03  3.79310e-02
  11192.12  6807.8125  1.00000e+00  1.00000e+00  2.45712e-03  5.16428e-02
  11220.67  6808.4375  1.00000e+00  1.00000e+00  2.39538e-03  5.22647e-02
  11249.22  6809.0625  1.00000e+00  1.00000e+00  2.57553e-03  2.54626e-02
  11277.77  6809.6875  1.00000e+00  1.00000e+00  2.76592e-03  2.51772e-02
  11306.32  6810.3125  1.00000e+00  1.00000e+00  2.79220e-03  5.02865e-02
  11334.87  6810.9375  1.00000e+00  1.00000e+00  2.66501e-03  4.35135e-02
  11363.43  6811.5625  1.00000e+00  1.00000e+00  2.39607e-03  3.63206e-02
  11391.98  6812.1875  1.00000e+00  1.00000e+00  2.24633e-03  6.04862e-02
  11420.53  6812.8125  1.00000e+00  1.00000e+00  2.22099e-03  6.57239e-02
  11449.08  6813.4375  1.00000e+00  1.00000e+00  2.32788e-03  4.30173e-02
  11477.63  6814.0625  1.00000e+00  1.00000e+00  2.55815e-03  3.18723e-02
  11506.18  6814.6875  1.00000e+00  1.00000e+00  2.67552e-03  4.66335e-02
  11534.73  6815.3125  1.00000e+00  1.00000e+00  2.74471e-03  4.38281e-02
  11563.28  6815.9375  1.00000e+00  1.00000e+00  2.70105e-03  2.46900e-02
  11591.83  6816.5625  1.00000e+00  1.00000e+00  2.50970e-03  7.69936e-03
  11620.38  6817.1875  1.00000e+00  1.00000e+00  2.47340e-03  9.23989e-04
  11648.94  6817.8125  1.00000e+00  1.00000e+00  2.57875e-03  3.38275e-05
  11677.49  6818.4375  1.00000e+00  1.00000e+00  2.53871e-03  3.46040e-07
  11706.04  6819.0625  1.00000e+00  1.00000e+00  2.60613e-03  0.00000e+00
  11734.59  6819.6875  1.00000e+00  1.00000e+00  2.77817e-03  0.00000e+00
  11763.14  6820.3125  1.00000e+00  1.00000e+00  2.68792e-03  5.89053e-07
  11791.69  6820.9375  1.00000e+00  1.00000e+00  2.54224e-03  5.65806e-05
  11820.24  6821.5625  1.00000e+00  1.00000e+00  2.46435e-03  1.47485e-03
  11848.79  6822.1875  1.00000e+00  1.00000e+00  2.57174e-03  1.04327e-02
  11877.34  6822.8125  1.00000e+00  1.00000e+00  2.42948e-03  2.00268e-02
  11905.89  6823.4375  1.00000e+00  1.00000e+00  2.15871e-03  1.04327e-02
  11934.45  6824.0625  1.00000e+00  1.00000e+00  2.25094e-03  1.47485e-03
  11963.00  6824.6875  1.00000e+00  1.00000e+00  2.46200e-03  5.65806e-05
  11991.55  6825.3125  1.00000e+00  1.00000e+00  2.45564e-03  1.17626e-06
  12020.10  6825.9375  1.00000e+00  1.00000e+00  2.45693e-03  5.64035e-05
  12048.65  6826.5625  1.00000e+00  1.00000e+00  2.53762e-03  1.47023e-03
  12077.20  6827.1875  1.00000e+00  1.00000e+00  2.52511e-03  1.04000e-02
  12105.75  6827.8125  1.00000e+00  1.00000e+00  2.60527e-03  1.99641e-02
  12134.30  6828.4375  1.00000e+00  1.00000e+00  2.64679e-03  1.04000e-02
  12162.85  6829.0625  1.00000e+00  1.00000e+00  2.71498e-03  1.47023e-03
  12191.40  6829.6875  1.00000e+00  1.00000e+00  2.59004e-03  5.64035e-05
  12219.96  6830.3125  1.00000e+00  1.00000e+00  2.55704e-03  5.87210e-07
  12248.51  6830.9375  1.00000e+00  1.00000e+00  2.57101e-03  0.00000e+00
  12277.06  6831.5625  1.00000e+00  1.00000e+00  2.41901e-03  0.00000e+00
  12305.61  6832.1875  1.00000e+00  1.00000e+00  2.27565e-03  0.00000e+00
  12334.16  6832.8125  1.00000e+00  1.00000e+00  2.50135e-03  5.81988e-07
  12362.71  6833.4375  1.00000e+00  1.00000e+00  2.69157e-03  5.59019e-05
  12391.26  6834.0625  1.00000e+00  1.00000e+00  2.65182e-03  1.45716e-03
  12419.81  6834.6875  1.00000e+00  1.00000e+00  2.60469e-03  1.03075e-02
  12448.36  6835.3125  1.00000e+00  1.00000e+00  2.52853e-03  1.97866e-02
  12476.92  6835.9375  1.00000e+00  1.00000e+00  2.27131e-03  1.03075e-02
  12505.47  6836.5625  1.00000e+00  1.00000e+00  2.21785e-03  1.45716e-03
  12534.02  6837.1875  1.00000e+00  1.00000e+00  2.28441e-03  5.59019e-05
  12562.57  6837.8125  1.00000e+00  1.00000e+00  2.39590e-03  5.81988e-07
  12591.12  6838.4375  1.00000e+00  1.00000e+00  2.47792e-03  0.00000e+00
  12619.67  6839.0625  1.00000e+00  1.00000e+00  2.31978e-03  0.00000e+00
  12648.22  6839.6875  1.00000e+00  1.00000e+00  2.48545e-03  0.00000e+00
  12676.77  6840.3125  1.00000e+00  1.00000e+00  2.67906e-03  5.66556e-07
  12705.32  6840.9375  1.00000e+00  1.00000e+00  2.62429e-03  5.44197e-05
  12733.87  6841.5625  1.00000e+00  1.00000e+00  2.41723e-03  1.41852e-03
  12762.43  6842.1875  1.00000e+00  1.00000e+00  2.19902e-03  1.00342e-02
  12790.98  6842.8125  1.00000e+00  1.00000e+00  2.19335e-03  1.92620e-02
  12819.53  6843.4375  1.00000e+00  1.00000e+00  2.40184e-03  1.00342e-02
  12848.08  6844.0625  1.00000e+00  1.00000e+00  2.55982e-03  1.41852e-03
  12876.63  6844.6875  1.00000e+00  1.00000e+00  2.66862e-03  5.44197e-05
  12905.18  6845.3125  1.00000e+00  1.00000e+00  2.70051e-03  5.66556e-07
  12933.73  6845.9375  1.00000e+00  1.00000e+00  2.60828e-03  0.00000e+00
  12962.28  6846.5625  1.00000e+00  1.00000e+00  2.51833e-03  0.00000e+00
  12990.83  6847.1875  1.00000e+00  1.00000e+00  2.38425e-03  0.00000e+00
  13019.38  6847.8125  1.00000e+00  1.00000e+00  2.12329e-03  0.00000e+00
  13047.94  6848.4375  1.00000e+00  1.00000e+00  2.13701e-03  0.00000e+00
  13076.49  6849.0625  1.00000e+00  1.00000e+00  2.27588e-03  0.00000e+00
  13105.04  6849.6875  1.00000e+00  1.00000e+00  2.41509e-03  0.00000e+00
  13133.59  6850.3125  1.00000e+00  1.00000e+00  2.34215e-03  0.00000e+00
  13162.14  6850.9375  1.00000e+00  1.00000e+00  2.42610e-03  0.00000e+00
  13190.69  6851.5625  1.00000e+00  1.00000e+00  2.62512e-03  0.00000e+00
  13219.24  6852.1875  1.00000e+00  1.00000e+00  2.56372e-03  0.00000e+00
  13247.79  6852.8125  1.00000e+00  1.00000e+00  2.54894e-03  0.00000e+00
  13276.34  6853.4375  1.00000e+00  1.00000e+00  2.61065e-03  0.00000e+00
  13304.90  6854.0625  1.00000e+00  1.00000e+00  2.59093e-03  0.00000e+00
  13333.45  6854.6875  1.00000e+00  1.00000e+00  2.59866e-03  0.00000e+00
  13362.00  6855.3125  1.00000e+00  1.00000e+00  2.51384e-03  0.00000e+00
  13390.55  6855.9375  1.00000e+00  1.00000e+00  2.53085e-03  0.00000e+00
  13419.10  6856.5625  1.00000e+00  1.00000e+00  2.56599e-03  0.00000e+00
  13447.65  6857.1875  1.00000e+00  1.00000e+00  2.54469e-03  0.00000e+00
  13476.20  6857.8125  1.00000e+00  1.00000e+00  2.41989e-03  0.00000e+00
  13504.75  6858.4375  1.00000e+00  1.00000e+00  2.23052e-03  0.00000e+00
  13533.30  6859.0625  1.00000e+00  1.00000e+00  2.36215e-03  0.00000e+00
  13561.85  6859.6875  1.00000e+00  1.00000e+00  2.70570e-03  5.87637e-07
  13590.41  6860.3125  1.00000e+00  1.00000e+00  2.73353e-03  5.64445e-05
  13618.96  6860.9375  1.00000e+00  1.00000e+00  2.53909e-03  1.47130e-03
  13647.51  6861.5625  1.00000e+00  1.00000e+00  2.38858e-03  1.04076e-02
  13676.06  6862.1875  1.00000e+00  1.00000e+00  2.43989e-03  1.99787e-02
  13704.61  6862.8125  1.00000e+00  1.00000e+00  2.37769e-03  1.04076e-02
  13733.16  6863.4375  1.00000e+00  1.00000e+00  2.35866e-03  1.47130e-03
  13761.71  6864.0625  1.00000e+00  1.00000e+00  2.55628e-03  5.64445e-05
  13790.26  6864.6875  1.00000e+00  1.00000e+00  2.73356e-03  5.87637e-07
  13818.81  6865.3125  1.00000e+00  1.00000e+00  3.07350e-03  0.00000e+00
  13847.36  6865.9375  1.00000e+00  1.00000e+00  3.19667e-03  0.00000e+00
  13875.92  6866.5625  1.00000e+00  1.00000e+00  2.76431e-03  0.00000e+00
  13904.47  6867.1875  1.00000e+00  1.00000e+00  2.49230e-03  0.00000e+00
  13933.02  6867.8125  1.00000e+00  1.00000e+00  2.57950e-03  0.00000e+00
  13961.57  6868.4375  1.00000e+00  1.00000e+00  2.52932e-03  0.00000e+00
  13990.12  6869.0625  1.00000e+00  1.00000e+00  2.31959e-03  0.00000e+00
  14018.67  6869.6875  1.00000e+00  1.00000e+00  2.32917e-03  0.00000e+00
  14047.22  6870.3125  1.00000e+00  1.00000e+00  2.46592e-03  0.00000e+00
  14075.77  6870.9375  1.00000e+00  1.00000e+00  2.69442e-03  0.00000e+00
  14104.32  6871.5625  1.00000e+00  1.00000e+00  2.90249e-03  0.00000e+00
  14132.88  6872.1875  1.00000e+00  1.00000e+00  2.85418e-03  0.00000e+00
  14161.43  6872.8125  1.00000e+00  1.00000e+00  2.77051e-03  0.00000e+00
  14189.98  6873.4375  1.00000e+00  1.00000e+00  2.71102e-03  0.00000e+00
  14218.53  6874.0625  1.00000e+00  1.00000e+00  2.66230e-03  0.00000e+00
  14247.08  6874.6875  1.00000e+00  1.00000e+00  2.42961e-03  0.00000e+00
  14275.63  6875.3125  1.00000e+00  1.00000e+00  2.24829e-03  0.00000e+00
  14304.18  6875.9375  1.00000e+00  1.00000e+00  2.35469e-03  0.00000e+00
  14332.73  6876.5625  1.00000e+00  1.00000e+00  2.41392e-03  0.00000e+00
  14361.28  6877.1875  1.00000e+00  1.00000e+00  2.47360e-03  0.00000e+00
  14389.83  6877.8125  1.00000e+00  1.00000e+00  2.38263e-03  0.00000e+00
  14418.39  6878.4375  1.00000e+00  1.00000e+00  2.30079e-03  0.00000e+00
  14446.94  6879.0625  1.00000e+00  1.00000e+00  2.39474e-03  0.00000e+00
  14475.49  6879.6875  1.00000e+00  1.00000e+00  2.52423e-03  0.00000e+00
  14504.04  6880.3125  1.00000e+00  1.00000e+00  2.63750e-03  0.00000e+00
  14532.59  6880.9375  1.00000e+00  1.00000e+00  2.64935e-03  0.00000e+00
  14561.14  6881.5625  1.00000e+00  1.00000e+00  2.46519e-03  0.00000e+00
  14589.69  6882.1875  1.00000e+00  1.00000e+00  2.42289e-03  0.00000e+00
  14618.24  6882.8125  1.00000e+00  1.00000e+00  2.53538e-03  0.00000e+00
  14646.79  6883.4375  1.00000e+00  1.00000e+00  2.40956e-03  0.00000e+00
  14675.34  6884.0625  1.00000e+00  1.00000e+00  2.24276e-03  0.00000e+00
  14703.90  6884.6875  1.00000e+00  1.00000e+00  2.42268e-03  0.00000e+00
  14732.45  6885.3125  1.00000e+00  1.00000e+00  2.48353e-03  0.00000e+00
  14761.00  6885.9375  1.00000e+00  1.00000e+00  2.40559e-03  0.00000e+00
  14789.55  6886.5625  1.00000e+00  1.00000e+00  2.46896e-03  0.00000e+00
  14818.10  6887.1875  1.00000e+00  1.00000e+00  2.61886e-03  0.00000e+00
  14846.65  6887.8125  1.00000e+00  1.00000e+00  2.44532e-03  0.00000e+00
  14875.20  6888.4375  1.00000e+00  1.00000e+00  2.39831e-03  0.00000e+00
  14903.75  6889.0625  1.00000e+00  1.00000e+00  2.47658e-03  0.00000e+00
  14932.30  6889.6875  1.00000e+00  1.00000e+00  2.66805e-03  0.00000e+00
  14960.86  6890.3125  1.00000e+00  1.00000e+00  2.90691e-03  0.00000e+00
  14989.41  6890.9375  1.00000e+00  1.00000e+00  2.79587e-03  0.00000e+00
  15017.96  6891.5625  1.00000e+00  1.00000e+00  2.65294e-03  0.00000e+00
  15046.51  6892.1875  1.00000e+00  1.00000e+00  2.75619e-03  0.00000e+00
  15075.06  6892.8125  1.00000e+00  1.00000e+00  2.83153e-03  0.00000e+00
  15103.61  6893.4375  1.00000e+00  1.00000e+00  2.73685e-03  0.00000e+00
  15132.16  6894.0625  1.00000e+00  1.00000e+00  2.52965e-03  0.00000e+00
  15160.71  6894.6875  1.00000e+00  1.00000e+00  2.54727e-03  0.00000e+00
  15189.26  6895.3125  1.00000e+00  1.00000e+00  2.86417e-03  0.00000e+00
  15217.81  6895.9375  1.00000e+00  1.00000e+00  3.07672e-03  0.00000e+00
  15246.37  6896.5625  1.00000e+00  1.00000e+00  2.88268e-03  0.00000e+00
  15274.92  6897.1875  1.00000e+00  1.00000e+00  2.58724e-03  0.00000e+00
  15303.47  6897.8125  1.00000e+00  1.00000e+00  2.35776e-03  0.00000e+00
  15332.02  6898.4375  1.00000e+00  1.00000e+00  2.39280e-03  0.00000e+00
  15360.57  6899.0625  1.00000e+00  1.00000e+00  2.60797e-03  0.00000e+00
  15389.12  6899.6875  1.00000e+00  1.00000e+00  2.54668e-03  0.00000e+00
  15417.67  6900.3125  1.00000e+00  1.00000e+00  2.34281e-03  0.00000e+00
  15446.22  6900.9375  1.00000e+00  1.00000e+00  2.22958e-03  0.00000e+00
  15474.77  6901.5625  1.00000e+00  1.00000e+00  2.13984e-03  0.00000e+00
  15503.32  6902.1875  1.00000e+00  1.00000e+00  2.11778e-03  0.00000e+00
  15531.88  6902.8125  1.00000e+00  1.00000e+00  2.05289e-03  0.00000e+00
  15560.43  6903.4375  1.00000e+00  1.00000e+00  2.20841e-03  0.00000e+00
  15588.98  6904.0625  1.00000e+00  1.00000e+00  2.55136e-03  0.00000e+00
  15617.53  6904.6875  1.00000e+00  1.00000e+00  2.51190e-03  0.00000e+00
  15646.08  6905.3125  1.00000e+00  1.00000e+00  2.41641e-03  0.00000e+00
  15674.63  6905.9375  1.00000e+00  1.00000e+00  2.42802e-03  0.00000e+00
  15703.18  6906.5625  1.00000e+00  1.00000e+00  2.42091e-03  0.00000e+00
  15731.73  6907.1875  1.00000e+00  1.00000e+00  2.44259e-03  0.00000e+00
  15760.28  6907.8125  1.00000e+00  1.00000e+00  2.64548e-03  0.00000e+00
  15788.84  6908.4375  1.00000e+00  1.00000e+00  2.71365e-03  0.00000e+00
  15817.39  6909.0625  1.00000e+00  1.00000e+00  2.35477e-03  0.00000e+00
  15845.94  6909.6875  1.00000e+00  1.00000e+00  2.04324e-03  0.00000e+00
  15874.49  6910.3125  1.00000e+00  1.00000e+00  2.05211e-03  0.00000e+00
  15903.04  6910.9375  1.00000e+00  1.00000e+00  2.40461e-03  0.00000e+00
  15931.59  6911.5625  1.00000e+00  1.00000e+00  2.53319e-03  0.00000e+00
  15960.14  6912.1875  1.00000e+00  1.00000e+00  2.47917e-03  0.00000e+00
  15988.69  6912.8125  1.00000e+00  1.00000e+00  2.42369e-03  5.83587e-07
  16017.24  6913.4375  1.00000e+00  1.00000e+00  2.43140e-03  5.60555e-05
  16045.79  6914.0625  1.00000e+00  1.00000e+00  2.57957e-03  1.46116e-03
  16074.35  6914.6875  1.00000e+00  1.00000e+00  2.76145e-03  1.03359e-02
  16102.90  6915.3125  1.00000e+00  1.00000e+00  2.64883e-03  1.98410e-02
  16131.45  6915.9375  1.00000e+00  1.00000e+00  2.67354e-03  1.03359e-02
  16160.00  6916.5625  1.00000e+00  1.00000e+00  2.56798e-03  1.46116e-03
  16188.55  6917.1875  1.00000e+00  1.00000e+00  2.43278e-03  5.60555e-05
  16217.10  6917.8125  1.00000e+00  1.00000e+00  2.45098e-03  5.83587e-07
  16245.65  6918.4375  1.00000e+00  1.00000e+00  2.46232e-03  0.00000e+00
  16274.20  6919.0625  1.00000e+00  1.00000e+00  2.35024e-03  0.00000e+00
  16302.75  6919.6875  1.00000e+00  1.00000e+00  2.33647e-03  0.00000e+00
  16331.30  6920.3125  1.00000e+00  1.00000e+00  2.46626e-03  0.00000e+00
  16359.86  6920.9375  1.00000e+00  1.00000e+00  2.48705e-03  0.00000e+00
  16388.41  6921.5625  1.00000e+00  1.00000e+00  2.54119e-03  0.00000e+00
  16416.96  6922.1875  1.00000e+00  1.00000e+00  2.49388e-03  0.00000e+00
  16445.51  6922.8125  1.00000e+00  1.00000e+00  2.44061e-03  0.00000e+00
  16474.06  6923.4375  1.00000e+00  1.00000e+00  2.49421e-03  0.00000e+00
  16502.61  6924.0625  1.00000e+00  1.00000e+00  2.61742e-03  0.00000e+00
  16531.16  6924.6875  1.00000e+00  1.00000e+00  2.62439e-03  0.00000e+00
  16559.71  6925.3125  1.00000e+00  1.00000e+00  2.52042e-03  0.00000e+00
  16588.26  6925.9375  1.00000e+00  1.00000e+00  2.67303e-03  0.00000e+00
  16616.81  6926.5625  1.00000e+00  1.00000e+00  2.78555e-03  0.00000e+00
  16645.37  6927.1875  1.00000e+00  1.00000e+00  2.65162e-03  0.00000e+00
  16673.92  6927.8125  1.00000e+00  1.00000e+00  2.49820e-03  0.00000e+00
  16702.47  6928.4375  1.00000e+00  1.00000e+00  2.46090e-03  0.00000e+00
  16731.02  6929.0625  1.00000e+00  1.00000e+00  2.39301e-03  0.00000e+00
  16759.57  6929.6875  1.00000e+00  1.00000e+00  2.45156e-03  0.00000e+00
  16788.12  6930.3125  1.00000e+00  1.00000e+00  2.44124e-03  0.00000e+00
  16816.67  6930.9375  1.00000e+00  1.00000e+00  2.47467e-03  0.00000e+00
  16845.22  6931.5625  1.00000e+00  1.00000e+00  2.60020e-03  0.00000e+00
  16873.77  6932.1875  1.00000e+00  1.00000e+00  2.61142e-03  0.00000e+00
  16902.33  6932.8125  1.00000e+00  1.00000e+00  2.46774e-03  0.00000e+00
  16930.88  6933.4375  1.00000e+00  1.00000e+00  2.43702e-03  0.00000e+00
  16959.43  6934.0625  1.00000e+00  1.00000e+00  2.60251e-03  0.00000e+00
  16987.98  6934.6875  1.00000e+00  1.00000e+00  2.48979e-03  0.00000e+00
  17016.53  6935.3125  1.00000e+00  1.00000e+00  2.42679e-03  0.00000e+00
  17045.08  6935.9375  1.00000e+00  1.00000e+00  2.55389e-03  0.00000e+00
  17073.63  6936.5625  1.00000e+00  1.00000e+00  2.68258e-03  0.00000e+00
  17102.18  6937.1875  1.00000e+00  1.00000e+00  2.62955e-03  0.00000e+00
  17130.73  6937.8125  1.00000e+00  1.00000e+00  2.67474e-03  0.00000e+00
  17159.28  6938.4375  1.00000e+00  1.00000e+00  2.69097e-03  0.00000e+00
  17187.84  6939.0625  1.00000e+00  1.00000e+00  2.45269e-03  0.00000e+00
  17216.39  6939.6875  1.00000e+00  1.00000e+00  2.33872e-03  0.00000e+00
  17244.94  6940.3125  1.00000e+00  1.00000e+00  2.61270e-03  0.00000e+00
  17273.49  6940.9375  1.00000e+00  1.00000e+00  2.74634e-03  0.00000e+00
  17302.04  6941.5625  1.00000e+00  1.00000e+00  2.65387e-03  0.00000e+00
  17330.59  6942.1875  1.00000e+00  1.00000e+00  2.64692e-03  0.00000e+00
  17359.14  6942.8125  1.00000e+00  1.00000e+00  2.46890e-03  0.00000e+00
  17387.69  6943.4375  1.00000e+00  1.00000e+00  2.29995e-03  0.00000e+00
  17416.24  6944.0625  1.00000e+00  1.00000e+00  2.20762e-03  0.00000e+00
  17444.79  6944.6875  1.00000e+00  1.00000e+00  2.13026e-03  0.00000e+00
  17473.35  6945.3125  1.00000e+00  1.00000e+00  2.09235e-03  0.00000e+00
  17501.90  6945.9375  1.00000e+00  1.00000e+00  2.30083e-03  0.00000e+00
  17530.45  6946.5625  1.00000e+00  1.00000e+00  2.59239e-03  0.00000e+00
  17559.00  6947.1875  1.00000e+00  1.00000e+00  2.68034e-03  0.00000e+00
  17587.55  6947.8125  1.00000e+00  1.00000e+00  2.54372e-03  0.00000e+00
  17616.10  6948.4375  1.00000e+00  1.00000e+00  2.43522e-03  0.00000e+00
  17644.65  6949.0625  1.00000e+00  1.00000e+00  2.37864e-03  0.00000e+00
  17673.20  6949.6875  1.00000e+00  1.00000e+00  2.27509e-03  0.00000e+00
