# day000.4  epoch=0.4d  L_Halpha=2.149e+27 erg/s  smooth_kms=25.0
# Columns:
#   1: Δv [km/s]      velocity offset from Hα (6562.81 Å), positive = redshift
#   2: lambda [Å]     observed wavelength
#   3: F_norm         total flux, smoothed, normalized to F_cont_baseline
#   4: F_norm_raw     total flux, RAW MC (no velocity smoothing)
#   5: F_cont_smooth  continuum-channel flux (continuum photons only)
#   6: F_vol_smooth   volumetric-channel flux (line emission contribution)
# Format: F_norm ≈ F_cont_smooth + F_vol_smooth (within MC noise)
# ----------------------------------------------------------------------------------------
 -16559.48  6200.3125  1.00000e+00  1.00000e+00  1.18642e+00  0.00000e+00
 -16530.93  6200.9375  1.00000e+00  1.00000e+00  1.11853e+00  0.00000e+00
 -16502.38  6201.5625  1.00000e+00  1.00000e+00  1.06091e+00  0.00000e+00
 -16473.83  6202.1875  1.00000e+00  1.00000e+00  1.08519e+00  0.00000e+00
 -16445.28  6202.8125  1.00000e+00  1.00000e+00  1.11792e+00  0.00000e+00
 -16416.73  6203.4375  1.00000e+00  1.00000e+00  1.07201e+00  0.00000e+00
 -16388.18  6204.0625  1.00000e+00  1.00000e+00  1.11380e+00  0.00000e+00
 -16359.63  6204.6875  1.00000e+00  1.00000e+00  1.10268e+00  0.00000e+00
 -16331.08  6205.3125  1.00000e+00  1.00000e+00  1.08024e+00  0.00000e+00
 -16302.53  6205.9375  1.00000e+00  1.00000e+00  1.05522e+00  0.00000e+00
 -16273.97  6206.5625  1.00000e+00  1.00000e+00  9.34443e-01  0.00000e+00
 -16245.42  6207.1875  1.00000e+00  1.00000e+00  8.92026e-01  0.00000e+00
 -16216.87  6207.8125  1.00000e+00  1.00000e+00  8.96113e-01  0.00000e+00
 -16188.32  6208.4375  1.00000e+00  1.00000e+00  9.04257e-01  0.00000e+00
 -16159.77  6209.0625  1.00000e+00  1.00000e+00  9.68999e-01  0.00000e+00
 -16131.22  6209.6875  1.00000e+00  1.00000e+00  1.08442e+00  0.00000e+00
 -16102.67  6210.3125  1.00000e+00  1.00000e+00  1.09806e+00  0.00000e+00
 -16074.12  6210.9375  1.00000e+00  1.00000e+00  1.05636e+00  0.00000e+00
 -16045.57  6211.5625  1.00000e+00  1.00000e+00  1.07648e+00  0.00000e+00
 -16017.01  6212.1875  1.00000e+00  1.00000e+00  1.03134e+00  0.00000e+00
 -15988.46  6212.8125  1.00000e+00  1.00000e+00  9.02925e-01  0.00000e+00
 -15959.91  6213.4375  1.00000e+00  1.00000e+00  8.30856e-01  0.00000e+00
 -15931.36  6214.0625  1.00000e+00  1.00000e+00  8.86622e-01  0.00000e+00
 -15902.81  6214.6875  1.00000e+00  1.00000e+00  9.76314e-01  0.00000e+00
 -15874.26  6215.3125  1.00000e+00  1.00000e+00  9.80485e-01  0.00000e+00
 -15845.71  6215.9375  1.00000e+00  1.00000e+00  1.03014e+00  0.00000e+00
 -15817.16  6216.5625  1.00000e+00  1.00000e+00  1.13217e+00  0.00000e+00
 -15788.61  6217.1875  1.00000e+00  1.00000e+00  1.16692e+00  0.00000e+00
 -15760.06  6217.8125  1.00000e+00  1.00000e+00  1.02258e+00  0.00000e+00
 -15731.50  6218.4375  1.00000e+00  1.00000e+00  8.94488e-01  0.00000e+00
 -15702.95  6219.0625  1.00000e+00  1.00000e+00  9.56556e-01  0.00000e+00
 -15674.40  6219.6875  1.00000e+00  1.00000e+00  1.07052e+00  0.00000e+00
 -15645.85  6220.3125  1.00000e+00  1.00000e+00  1.12033e+00  0.00000e+00
 -15617.30  6220.9375  1.00000e+00  1.00000e+00  1.06826e+00  0.00000e+00
 -15588.75  6221.5625  1.00000e+00  1.00000e+00  1.09743e+00  0.00000e+00
 -15560.20  6222.1875  1.00000e+00  1.00000e+00  1.19006e+00  0.00000e+00
 -15531.65  6222.8125  1.00000e+00  1.00000e+00  1.06710e+00  0.00000e+00
 -15503.10  6223.4375  1.00000e+00  1.00000e+00  9.91088e-01  0.00000e+00
 -15474.55  6224.0625  1.00000e+00  1.00000e+00  1.08629e+00  0.00000e+00
 -15445.99  6224.6875  1.00000e+00  1.00000e+00  1.13216e+00  0.00000e+00
 -15417.44  6225.3125  1.00000e+00  1.00000e+00  1.08192e+00  0.00000e+00
 -15388.89  6225.9375  1.00000e+00  1.00000e+00  1.11941e+00  0.00000e+00
 -15360.34  6226.5625  1.00000e+00  1.00000e+00  1.21492e+00  0.00000e+00
 -15331.79  6227.1875  1.00000e+00  1.00000e+00  1.15067e+00  0.00000e+00
 -15303.24  6227.8125  1.00000e+00  1.00000e+00  1.09511e+00  0.00000e+00
 -15274.69  6228.4375  1.00000e+00  1.00000e+00  1.11115e+00  0.00000e+00
 -15246.14  6229.0625  1.00000e+00  1.00000e+00  1.05859e+00  0.00000e+00
 -15217.59  6229.6875  1.00000e+00  1.00000e+00  9.55252e-01  0.00000e+00
 -15189.03  6230.3125  1.00000e+00  1.00000e+00  1.08892e+00  0.00000e+00
 -15160.48  6230.9375  1.00000e+00  1.00000e+00  1.20164e+00  0.00000e+00
 -15131.93  6231.5625  1.00000e+00  1.00000e+00  1.14953e+00  0.00000e+00
 -15103.38  6232.1875  1.00000e+00  1.00000e+00  1.03211e+00  0.00000e+00
 -15074.83  6232.8125  1.00000e+00  1.00000e+00  9.64531e-01  0.00000e+00
 -15046.28  6233.4375  1.00000e+00  1.00000e+00  9.64050e-01  0.00000e+00
 -15017.73  6234.0625  1.00000e+00  1.00000e+00  1.00835e+00  0.00000e+00
 -14989.18  6234.6875  1.00000e+00  1.00000e+00  1.05080e+00  0.00000e+00
 -14960.63  6235.3125  1.00000e+00  1.00000e+00  1.09072e+00  0.00000e+00
 -14932.08  6235.9375  1.00000e+00  1.00000e+00  1.17439e+00  0.00000e+00
 -14903.52  6236.5625  1.00000e+00  1.00000e+00  1.23161e+00  0.00000e+00
 -14874.97  6237.1875  1.00000e+00  1.00000e+00  1.14877e+00  0.00000e+00
 -14846.42  6237.8125  1.00000e+00  1.00000e+00  1.01266e+00  0.00000e+00
 -14817.87  6238.4375  1.00000e+00  1.00000e+00  1.03544e+00  0.00000e+00
 -14789.32  6239.0625  1.00000e+00  1.00000e+00  1.19250e+00  0.00000e+00
 -14760.77  6239.6875  1.00000e+00  1.00000e+00  1.24045e+00  0.00000e+00
 -14732.22  6240.3125  1.00000e+00  1.00000e+00  1.15105e+00  0.00000e+00
 -14703.67  6240.9375  1.00000e+00  1.00000e+00  1.07735e+00  0.00000e+00
 -14675.12  6241.5625  1.00000e+00  1.00000e+00  1.03886e+00  0.00000e+00
 -14646.57  6242.1875  1.00000e+00  1.00000e+00  1.04834e+00  0.00000e+00
 -14618.01  6242.8125  1.00000e+00  1.00000e+00  1.04460e+00  0.00000e+00
 -14589.46  6243.4375  1.00000e+00  1.00000e+00  1.06308e+00  0.00000e+00
 -14560.91  6244.0625  1.00000e+00  1.00000e+00  1.04094e+00  0.00000e+00
 -14532.36  6244.6875  1.00000e+00  1.00000e+00  1.02624e+00  0.00000e+00
 -14503.81  6245.3125  1.00000e+00  1.00000e+00  1.06981e+00  0.00000e+00
 -14475.26  6245.9375  1.00000e+00  1.00000e+00  1.21016e+00  0.00000e+00
 -14446.71  6246.5625  1.00000e+00  1.00000e+00  1.23950e+00  0.00000e+00
 -14418.16  6247.1875  1.00000e+00  1.00000e+00  1.05596e+00  0.00000e+00
 -14389.61  6247.8125  1.00000e+00  1.00000e+00  9.25981e-01  0.00000e+00
 -14361.06  6248.4375  1.00000e+00  1.00000e+00  9.58441e-01  0.00000e+00
 -14332.50  6249.0625  1.00000e+00  1.00000e+00  1.00977e+00  0.00000e+00
 -14303.95  6249.6875  1.00000e+00  1.00000e+00  1.09976e+00  0.00000e+00
 -14275.40  6250.3125  1.00000e+00  1.00000e+00  1.07405e+00  0.00000e+00
 -14246.85  6250.9375  1.00000e+00  1.00000e+00  9.57768e-01  0.00000e+00
 -14218.30  6251.5625  1.00000e+00  1.00000e+00  8.47689e-01  0.00000e+00
 -14189.75  6252.1875  1.00000e+00  1.00000e+00  8.69355e-01  0.00000e+00
 -14161.20  6252.8125  1.00000e+00  1.00000e+00  9.95206e-01  0.00000e+00
 -14132.65  6253.4375  1.00000e+00  1.00000e+00  1.10471e+00  0.00000e+00
 -14104.10  6254.0625  1.00000e+00  1.00000e+00  1.19019e+00  0.00000e+00
 -14075.54  6254.6875  1.00000e+00  1.00000e+00  1.16122e+00  0.00000e+00
 -14046.99  6255.3125  1.00000e+00  1.00000e+00  1.13265e+00  0.00000e+00
 -14018.44  6255.9375  1.00000e+00  1.00000e+00  1.11439e+00  0.00000e+00
 -13989.89  6256.5625  1.00000e+00  1.00000e+00  1.04144e+00  0.00000e+00
 -13961.34  6257.1875  1.00000e+00  1.00000e+00  1.06111e+00  0.00000e+00
 -13932.79  6257.8125  1.00000e+00  1.00000e+00  1.08740e+00  0.00000e+00
 -13904.24  6258.4375  1.00000e+00  1.00000e+00  1.01925e+00  0.00000e+00
 -13875.69  6259.0625  1.00000e+00  1.00000e+00  9.61786e-01  0.00000e+00
 -13847.14  6259.6875  1.00000e+00  1.00000e+00  9.48919e-01  0.00000e+00
 -13818.59  6260.3125  1.00000e+00  1.00000e+00  9.97085e-01  0.00000e+00
 -13790.03  6260.9375  1.00000e+00  1.00000e+00  9.91459e-01  0.00000e+00
 -13761.48  6261.5625  1.00000e+00  1.00000e+00  1.00185e+00  0.00000e+00
 -13732.93  6262.1875  1.00000e+00  1.00000e+00  1.06254e+00  0.00000e+00
 -13704.38  6262.8125  1.00000e+00  1.00000e+00  1.21972e+00  0.00000e+00
 -13675.83  6263.4375  1.00000e+00  1.00000e+00  1.28083e+00  0.00000e+00
 -13647.28  6264.0625  1.00000e+00  1.00000e+00  1.15643e+00  0.00000e+00
 -13618.73  6264.6875  1.00000e+00  1.00000e+00  9.90139e-01  0.00000e+00
 -13590.18  6265.3125  1.00000e+00  1.00000e+00  9.99101e-01  0.00000e+00
 -13561.63  6265.9375  1.00000e+00  1.00000e+00  1.04471e+00  0.00000e+00
 -13533.08  6266.5625  1.00000e+00  1.00000e+00  1.02979e+00  0.00000e+00
 -13504.52  6267.1875  1.00000e+00  1.00000e+00  9.48628e-01  0.00000e+00
 -13475.97  6267.8125  1.00000e+00  1.00000e+00  9.53680e-01  0.00000e+00
 -13447.42  6268.4375  1.00000e+00  1.00000e+00  1.07212e+00  0.00000e+00
 -13418.87  6269.0625  1.00000e+00  1.00000e+00  1.06503e+00  0.00000e+00
 -13390.32  6269.6875  1.00000e+00  1.00000e+00  1.02093e+00  0.00000e+00
 -13361.77  6270.3125  1.00000e+00  1.00000e+00  1.00922e+00  0.00000e+00
 -13333.22  6270.9375  1.00000e+00  1.00000e+00  9.89982e-01  0.00000e+00
 -13304.67  6271.5625  1.00000e+00  1.00000e+00  1.03664e+00  0.00000e+00
 -13276.12  6272.1875  1.00000e+00  1.00000e+00  1.08205e+00  0.00000e+00
 -13247.56  6272.8125  1.00000e+00  1.00000e+00  1.06223e+00  0.00000e+00
 -13219.01  6273.4375  1.00000e+00  1.00000e+00  1.04506e+00  0.00000e+00
 -13190.46  6274.0625  1.00000e+00  1.00000e+00  1.11906e+00  0.00000e+00
 -13161.91  6274.6875  1.00000e+00  1.00000e+00  1.14544e+00  0.00000e+00
 -13133.36  6275.3125  1.00000e+00  1.00000e+00  1.03352e+00  0.00000e+00
 -13104.81  6275.9375  1.00000e+00  1.00000e+00  1.01678e+00  0.00000e+00
 -13076.26  6276.5625  1.00000e+00  1.00000e+00  1.19255e+00  0.00000e+00
 -13047.71  6277.1875  1.00000e+00  1.00000e+00  1.20414e+00  0.00000e+00
 -13019.16  6277.8125  1.00000e+00  1.00000e+00  1.13096e+00  0.00000e+00
 -12990.61  6278.4375  1.00000e+00  1.00000e+00  1.03614e+00  0.00000e+00
 -12962.05  6279.0625  1.00000e+00  1.00000e+00  9.54766e-01  0.00000e+00
 -12933.50  6279.6875  1.00000e+00  1.00000e+00  9.17790e-01  0.00000e+00
 -12904.95  6280.3125  1.00000e+00  1.00000e+00  9.74196e-01  0.00000e+00
 -12876.40  6280.9375  1.00000e+00  1.00000e+00  1.04079e+00  0.00000e+00
 -12847.85  6281.5625  1.00000e+00  1.00000e+00  1.05162e+00  0.00000e+00
 -12819.30  6282.1875  1.00000e+00  1.00000e+00  1.04711e+00  0.00000e+00
 -12790.75  6282.8125  1.00000e+00  1.00000e+00  1.04052e+00  0.00000e+00
 -12762.20  6283.4375  1.00000e+00  1.00000e+00  1.02507e+00  0.00000e+00
 -12733.65  6284.0625  1.00000e+00  1.00000e+00  1.13184e+00  0.00000e+00
 -12705.10  6284.6875  1.00000e+00  1.00000e+00  1.27210e+00  0.00000e+00
 -12676.54  6285.3125  1.00000e+00  1.00000e+00  1.29367e+00  0.00000e+00
 -12647.99  6285.9375  1.00000e+00  1.00000e+00  1.26931e+00  0.00000e+00
 -12619.44  6286.5625  1.00000e+00  1.00000e+00  1.23525e+00  0.00000e+00
 -12590.89  6287.1875  1.00000e+00  1.00000e+00  1.05388e+00  0.00000e+00
 -12562.34  6287.8125  1.00000e+00  1.00000e+00  1.04089e+00  0.00000e+00
 -12533.79  6288.4375  1.00000e+00  1.00000e+00  1.13344e+00  0.00000e+00
 -12505.24  6289.0625  1.00000e+00  1.00000e+00  1.14627e+00  0.00000e+00
 -12476.69  6289.6875  1.00000e+00  1.00000e+00  1.20085e+00  0.00000e+00
 -12448.14  6290.3125  1.00000e+00  1.00000e+00  1.16790e+00  0.00000e+00
 -12419.58  6290.9375  1.00000e+00  1.00000e+00  1.16381e+00  0.00000e+00
 -12391.03  6291.5625  1.00000e+00  1.00000e+00  1.10949e+00  0.00000e+00
 -12362.48  6292.1875  1.00000e+00  1.00000e+00  9.84746e-01  0.00000e+00
 -12333.93  6292.8125  1.00000e+00  1.00000e+00  1.00376e+00  0.00000e+00
 -12305.38  6293.4375  1.00000e+00  1.00000e+00  1.08336e+00  0.00000e+00
 -12276.83  6294.0625  1.00000e+00  1.00000e+00  1.10565e+00  0.00000e+00
 -12248.28  6294.6875  1.00000e+00  1.00000e+00  1.11936e+00  0.00000e+00
 -12219.73  6295.3125  1.00000e+00  1.00000e+00  1.10591e+00  0.00000e+00
 -12191.18  6295.9375  1.00000e+00  1.00000e+00  1.12397e+00  0.00000e+00
 -12162.63  6296.5625  1.00000e+00  1.00000e+00  1.18386e+00  0.00000e+00
 -12134.07  6297.1875  1.00000e+00  1.00000e+00  1.18365e+00  0.00000e+00
 -12105.52  6297.8125  1.00000e+00  1.00000e+00  1.10916e+00  0.00000e+00
 -12076.97  6298.4375  1.00000e+00  1.00000e+00  1.08552e+00  0.00000e+00
 -12048.42  6299.0625  1.00000e+00  1.00000e+00  1.06766e+00  0.00000e+00
 -12019.87  6299.6875  1.00000e+00  1.00000e+00  1.07514e+00  0.00000e+00
 -11991.32  6300.3125  1.00000e+00  1.00000e+00  1.01912e+00  0.00000e+00
 -11962.77  6300.9375  1.00000e+00  1.00000e+00  1.03182e+00  0.00000e+00
 -11934.22  6301.5625  1.00000e+00  1.00000e+00  1.10303e+00  0.00000e+00
 -11905.67  6302.1875  1.00000e+00  1.00000e+00  1.07819e+00  0.00000e+00
 -11877.12  6302.8125  1.00000e+00  1.00000e+00  1.13764e+00  0.00000e+00
 -11848.56  6303.4375  1.00000e+00  1.00000e+00  1.12717e+00  0.00000e+00
 -11820.01  6304.0625  1.00000e+00  1.00000e+00  1.05220e+00  0.00000e+00
 -11791.46  6304.6875  1.00000e+00  1.00000e+00  1.08557e+00  0.00000e+00
 -11762.91  6305.3125  1.00000e+00  1.00000e+00  1.08655e+00  0.00000e+00
 -11734.36  6305.9375  1.00000e+00  1.00000e+00  1.13037e+00  0.00000e+00
 -11705.81  6306.5625  1.00000e+00  1.00000e+00  1.14383e+00  0.00000e+00
 -11677.26  6307.1875  1.00000e+00  1.00000e+00  1.12373e+00  0.00000e+00
 -11648.71  6307.8125  1.00000e+00  1.00000e+00  1.10613e+00  0.00000e+00
 -11620.16  6308.4375  1.00000e+00  1.00000e+00  1.06597e+00  0.00000e+00
 -11591.60  6309.0625  1.00000e+00  1.00000e+00  1.05393e+00  0.00000e+00
 -11563.05  6309.6875  1.00000e+00  1.00000e+00  1.02863e+00  0.00000e+00
 -11534.50  6310.3125  1.00000e+00  1.00000e+00  9.60801e-01  0.00000e+00
 -11505.95  6310.9375  1.00000e+00  1.00000e+00  1.06650e+00  0.00000e+00
 -11477.40  6311.5625  1.00000e+00  1.00000e+00  1.23251e+00  0.00000e+00
 -11448.85  6312.1875  1.00000e+00  1.00000e+00  1.26540e+00  0.00000e+00
 -11420.30  6312.8125  1.00000e+00  1.00000e+00  1.20087e+00  0.00000e+00
 -11391.75  6313.4375  1.00000e+00  1.00000e+00  1.09428e+00  0.00000e+00
 -11363.20  6314.0625  1.00000e+00  1.00000e+00  1.03557e+00  0.00000e+00
 -11334.65  6314.6875  1.00000e+00  1.00000e+00  9.85173e-01  0.00000e+00
 -11306.09  6315.3125  1.00000e+00  1.00000e+00  9.57405e-01  0.00000e+00
 -11277.54  6315.9375  1.00000e+00  1.00000e+00  1.06921e+00  0.00000e+00
 -11248.99  6316.5625  1.00000e+00  1.00000e+00  1.11491e+00  0.00000e+00
 -11220.44  6317.1875  1.00000e+00  1.00000e+00  1.06840e+00  0.00000e+00
 -11191.89  6317.8125  1.00000e+00  1.00000e+00  1.03943e+00  0.00000e+00
 -11163.34  6318.4375  1.00000e+00  1.00000e+00  1.03386e+00  0.00000e+00
 -11134.79  6319.0625  1.00000e+00  1.00000e+00  9.67406e-01  0.00000e+00
 -11106.24  6319.6875  1.00000e+00  1.00000e+00  9.34534e-01  0.00000e+00
 -11077.69  6320.3125  1.00000e+00  1.00000e+00  1.01937e+00  0.00000e+00
 -11049.14  6320.9375  1.00000e+00  1.00000e+00  1.10969e+00  0.00000e+00
 -11020.58  6321.5625  1.00000e+00  1.00000e+00  1.08819e+00  0.00000e+00
 -10992.03  6322.1875  1.00000e+00  1.00000e+00  1.05862e+00  0.00000e+00
 -10963.48  6322.8125  1.00000e+00  1.00000e+00  1.06233e+00  0.00000e+00
 -10934.93  6323.4375  1.00000e+00  1.00000e+00  1.06232e+00  0.00000e+00
 -10906.38  6324.0625  1.00000e+00  1.00000e+00  1.06439e+00  0.00000e+00
 -10877.83  6324.6875  1.00000e+00  1.00000e+00  9.89052e-01  0.00000e+00
 -10849.28  6325.3125  1.00000e+00  1.00000e+00  9.40415e-01  0.00000e+00
 -10820.73  6325.9375  1.00000e+00  1.00000e+00  9.56925e-01  0.00000e+00
 -10792.18  6326.5625  1.00000e+00  1.00000e+00  9.80184e-01  0.00000e+00
 -10763.62  6327.1875  1.00000e+00  1.00000e+00  9.88619e-01  0.00000e+00
 -10735.07  6327.8125  1.00000e+00  1.00000e+00  1.02306e+00  0.00000e+00
 -10706.52  6328.4375  1.00000e+00  1.00000e+00  9.91076e-01  0.00000e+00
 -10677.97  6329.0625  1.00000e+00  1.00000e+00  9.34738e-01  0.00000e+00
 -10649.42  6329.6875  1.00000e+00  1.00000e+00  8.66888e-01  0.00000e+00
 -10620.87  6330.3125  1.00000e+00  1.00000e+00  8.52669e-01  0.00000e+00
 -10592.32  6330.9375  1.00000e+00  1.00000e+00  1.00244e+00  0.00000e+00
 -10563.77  6331.5625  1.00000e+00  1.00000e+00  1.18163e+00  0.00000e+00
 -10535.22  6332.1875  1.00000e+00  1.00000e+00  1.19793e+00  0.00000e+00
 -10506.67  6332.8125  1.00000e+00  1.00000e+00  1.07109e+00  0.00000e+00
 -10478.11  6333.4375  1.00000e+00  1.00000e+00  9.68837e-01  0.00000e+00
 -10449.56  6334.0625  1.00000e+00  1.00000e+00  9.33796e-01  0.00000e+00
 -10421.01  6334.6875  1.00000e+00  1.00000e+00  9.43847e-01  0.00000e+00
 -10392.46  6335.3125  1.00000e+00  1.00000e+00  1.02519e+00  0.00000e+00
 -10363.91  6335.9375  1.00000e+00  1.00000e+00  1.05719e+00  0.00000e+00
 -10335.36  6336.5625  1.00000e+00  1.00000e+00  9.83944e-01  0.00000e+00
 -10306.81  6337.1875  1.00000e+00  1.00000e+00  8.95624e-01  0.00000e+00
 -10278.26  6337.8125  1.00000e+00  1.00000e+00  8.70179e-01  0.00000e+00
 -10249.71  6338.4375  1.00000e+00  1.00000e+00  8.98704e-01  0.00000e+00
 -10221.16  6339.0625  1.00000e+00  1.00000e+00  9.38251e-01  0.00000e+00
 -10192.60  6339.6875  1.00000e+00  1.00000e+00  9.21894e-01  0.00000e+00
 -10164.05  6340.3125  1.00000e+00  1.00000e+00  9.32548e-01  0.00000e+00
 -10135.50  6340.9375  1.00000e+00  1.00000e+00  9.48728e-01  0.00000e+00
 -10106.95  6341.5625  1.00000e+00  1.00000e+00  9.10562e-01  0.00000e+00
 -10078.40  6342.1875  1.00000e+00  1.00000e+00  9.06404e-01  0.00000e+00
 -10049.85  6342.8125  1.00000e+00  1.00000e+00  9.64306e-01  0.00000e+00
 -10021.30  6343.4375  1.00000e+00  1.00000e+00  1.00444e+00  0.00000e+00
  -9992.75  6344.0625  1.00000e+00  1.00000e+00  1.06340e+00  0.00000e+00
  -9964.20  6344.6875  1.00000e+00  1.00000e+00  1.11850e+00  0.00000e+00
  -9935.65  6345.3125  1.00000e+00  1.00000e+00  1.08659e+00  0.00000e+00
  -9907.09  6345.9375  1.00000e+00  1.00000e+00  1.03610e+00  0.00000e+00
  -9878.54  6346.5625  1.00000e+00  1.00000e+00  9.45463e-01  0.00000e+00
  -9849.99  6347.1875  1.00000e+00  1.00000e+00  8.35759e-01  0.00000e+00
  -9821.44  6347.8125  1.00000e+00  1.00000e+00  8.69413e-01  0.00000e+00
  -9792.89  6348.4375  1.00000e+00  1.00000e+00  1.01071e+00  0.00000e+00
  -9764.34  6349.0625  1.00000e+00  1.00000e+00  1.09492e+00  0.00000e+00
  -9735.79  6349.6875  1.00000e+00  1.00000e+00  1.04877e+00  0.00000e+00
  -9707.24  6350.3125  1.00000e+00  1.00000e+00  1.04844e+00  0.00000e+00
  -9678.69  6350.9375  1.00000e+00  1.00000e+00  1.08853e+00  0.00000e+00
  -9650.13  6351.5625  1.00000e+00  1.00000e+00  1.15563e+00  0.00000e+00
  -9621.58  6352.1875  1.00000e+00  1.00000e+00  1.15496e+00  0.00000e+00
  -9593.03  6352.8125  1.00000e+00  1.00000e+00  1.05852e+00  0.00000e+00
  -9564.48  6353.4375  1.00000e+00  1.00000e+00  9.71417e-01  0.00000e+00
  -9535.93  6354.0625  1.00000e+00  1.00000e+00  9.68029e-01  0.00000e+00
  -9507.38  6354.6875  1.00000e+00  1.00000e+00  9.34658e-01  0.00000e+00
  -9478.83  6355.3125  1.00000e+00  1.00000e+00  9.30954e-01  0.00000e+00
  -9450.28  6355.9375  1.00000e+00  1.00000e+00  9.47183e-01  0.00000e+00
  -9421.73  6356.5625  1.00000e+00  1.00000e+00  9.88786e-01  0.00000e+00
  -9393.18  6357.1875  1.00000e+00  1.00000e+00  1.10227e+00  0.00000e+00
  -9364.62  6357.8125  1.00000e+00  1.00000e+00  1.11411e+00  0.00000e+00
  -9336.07  6358.4375  1.00000e+00  1.00000e+00  1.03042e+00  0.00000e+00
  -9307.52  6359.0625  1.00000e+00  1.00000e+00  8.91850e-01  0.00000e+00
  -9278.97  6359.6875  1.00000e+00  1.00000e+00  8.82949e-01  0.00000e+00
  -9250.42  6360.3125  1.00000e+00  1.00000e+00  9.74588e-01  0.00000e+00
  -9221.87  6360.9375  1.00000e+00  1.00000e+00  1.07590e+00  0.00000e+00
  -9193.32  6361.5625  1.00000e+00  1.00000e+00  1.03620e+00  0.00000e+00
  -9164.77  6362.1875  1.00000e+00  1.00000e+00  9.96311e-01  0.00000e+00
  -9136.22  6362.8125  1.00000e+00  1.00000e+00  1.11531e+00  0.00000e+00
  -9107.67  6363.4375  1.00000e+00  1.00000e+00  1.10006e+00  0.00000e+00
  -9079.11  6364.0625  1.00000e+00  1.00000e+00  1.02956e+00  0.00000e+00
  -9050.56  6364.6875  1.00000e+00  1.00000e+00  9.75721e-01  0.00000e+00
  -9022.01  6365.3125  1.00000e+00  1.00000e+00  9.06610e-01  0.00000e+00
  -8993.46  6365.9375  1.00000e+00  1.00000e+00  9.58250e-01  0.00000e+00
  -8964.91  6366.5625  1.00000e+00  1.00000e+00  1.07496e+00  0.00000e+00
  -8936.36  6367.1875  1.00000e+00  1.00000e+00  1.12776e+00  0.00000e+00
  -8907.81  6367.8125  1.00000e+00  1.00000e+00  1.09603e+00  0.00000e+00
  -8879.26  6368.4375  1.00000e+00  1.00000e+00  1.05858e+00  0.00000e+00
  -8850.71  6369.0625  1.00000e+00  1.00000e+00  1.01624e+00  0.00000e+00
  -8822.15  6369.6875  1.00000e+00  1.00000e+00  9.37808e-01  0.00000e+00
  -8793.60  6370.3125  1.00000e+00  1.00000e+00  9.28917e-01  0.00000e+00
  -8765.05  6370.9375  1.00000e+00  1.00000e+00  1.00758e+00  0.00000e+00
  -8736.50  6371.5625  1.00000e+00  1.00000e+00  1.10973e+00  0.00000e+00
  -8707.95  6372.1875  1.00000e+00  1.00000e+00  1.17527e+00  0.00000e+00
  -8679.40  6372.8125  1.00000e+00  1.00000e+00  1.11522e+00  0.00000e+00
  -8650.85  6373.4375  1.00000e+00  1.00000e+00  9.61819e-01  0.00000e+00
  -8622.30  6374.0625  1.00000e+00  1.00000e+00  9.67789e-01  0.00000e+00
  -8593.75  6374.6875  1.00000e+00  1.00000e+00  1.04487e+00  0.00000e+00
  -8565.20  6375.3125  1.00000e+00  1.00000e+00  1.11207e+00  0.00000e+00
  -8536.64  6375.9375  1.00000e+00  1.00000e+00  1.05697e+00  0.00000e+00
  -8508.09  6376.5625  1.00000e+00  1.00000e+00  1.01958e+00  0.00000e+00
  -8479.54  6377.1875  1.00000e+00  1.00000e+00  9.80261e-01  0.00000e+00
  -8450.99  6377.8125  1.00000e+00  1.00000e+00  1.01519e+00  0.00000e+00
  -8422.44  6378.4375  1.00000e+00  1.00000e+00  1.05134e+00  0.00000e+00
  -8393.89  6379.0625  1.00000e+00  1.00000e+00  1.05294e+00  0.00000e+00
  -8365.34  6379.6875  1.00000e+00  1.00000e+00  1.07191e+00  0.00000e+00
  -8336.79  6380.3125  1.00000e+00  1.00000e+00  1.09758e+00  0.00000e+00
  -8308.24  6380.9375  1.00000e+00  1.00000e+00  1.07058e+00  0.00000e+00
  -8279.69  6381.5625  1.00000e+00  1.00000e+00  1.01963e+00  0.00000e+00
  -8251.13  6382.1875  1.00000e+00  1.00000e+00  9.64626e-01  0.00000e+00
  -8222.58  6382.8125  1.00000e+00  1.00000e+00  9.40296e-01  0.00000e+00
  -8194.03  6383.4375  1.00000e+00  1.00000e+00  8.92159e-01  0.00000e+00
  -8165.48  6384.0625  1.00000e+00  1.00000e+00  9.60039e-01  0.00000e+00
  -8136.93  6384.6875  1.00000e+00  1.00000e+00  9.96384e-01  0.00000e+00
  -8108.38  6385.3125  1.00000e+00  1.00000e+00  9.90468e-01  0.00000e+00
  -8079.83  6385.9375  1.00000e+00  1.00000e+00  9.79265e-01  0.00000e+00
  -8051.28  6386.5625  1.00000e+00  1.00000e+00  9.50863e-01  0.00000e+00
  -8022.73  6387.1875  1.00000e+00  1.00000e+00  9.26604e-01  0.00000e+00
  -7994.17  6387.8125  1.00000e+00  1.00000e+00  9.57821e-01  0.00000e+00
  -7965.62  6388.4375  1.00000e+00  1.00000e+00  1.00977e+00  0.00000e+00
  -7937.07  6389.0625  1.00000e+00  1.00000e+00  9.73799e-01  0.00000e+00
  -7908.52  6389.6875  1.00000e+00  1.00000e+00  9.60073e-01  0.00000e+00
  -7879.97  6390.3125  1.00000e+00  1.00000e+00  1.01941e+00  0.00000e+00
  -7851.42  6390.9375  1.00000e+00  1.00000e+00  9.61021e-01  0.00000e+00
  -7822.87  6391.5625  1.00000e+00  1.00000e+00  8.82306e-01  0.00000e+00
  -7794.32  6392.1875  1.00000e+00  1.00000e+00  9.51429e-01  0.00000e+00
  -7765.77  6392.8125  1.00000e+00  1.00000e+00  9.77726e-01  0.00000e+00
  -7737.22  6393.4375  1.00000e+00  1.00000e+00  9.38368e-01  0.00000e+00
  -7708.66  6394.0625  1.00000e+00  1.00000e+00  1.01233e+00  0.00000e+00
  -7680.11  6394.6875  1.00000e+00  1.00000e+00  1.09296e+00  0.00000e+00
  -7651.56  6395.3125  1.00000e+00  1.00000e+00  1.00895e+00  0.00000e+00
  -7623.01  6395.9375  1.00000e+00  1.00000e+00  8.77484e-01  0.00000e+00
  -7594.46  6396.5625  1.00000e+00  1.00000e+00  8.35328e-01  0.00000e+00
  -7565.91  6397.1875  1.00000e+00  1.00000e+00  9.45795e-01  0.00000e+00
  -7537.36  6397.8125  1.00000e+00  1.00000e+00  1.05803e+00  0.00000e+00
  -7508.81  6398.4375  1.00000e+00  1.00000e+00  9.88820e-01  0.00000e+00
  -7480.26  6399.0625  1.00000e+00  1.00000e+00  9.12947e-01  0.00000e+00
  -7451.71  6399.6875  1.00000e+00  1.00000e+00  9.31369e-01  0.00000e+00
  -7423.15  6400.3125  1.00000e+00  1.00000e+00  1.02893e+00  0.00000e+00
  -7394.60  6400.9375  1.00000e+00  1.00000e+00  1.04382e+00  0.00000e+00
  -7366.05  6401.5625  1.00000e+00  1.00000e+00  1.04195e+00  0.00000e+00
  -7337.50  6402.1875  1.00000e+00  1.00000e+00  1.03093e+00  0.00000e+00
  -7308.95  6402.8125  1.00000e+00  1.00000e+00  9.31980e-01  0.00000e+00
  -7280.40  6403.4375  1.00000e+00  1.00000e+00  9.02910e-01  0.00000e+00
  -7251.85  6404.0625  1.00000e+00  1.00000e+00  9.58320e-01  0.00000e+00
  -7223.30  6404.6875  1.00000e+00  1.00000e+00  9.83224e-01  0.00000e+00
  -7194.75  6405.3125  1.00000e+00  1.00000e+00  1.00343e+00  0.00000e+00
  -7166.19  6405.9375  1.00000e+00  1.00000e+00  1.02349e+00  0.00000e+00
  -7137.64  6406.5625  1.00000e+00  1.00000e+00  9.63704e-01  0.00000e+00
  -7109.09  6407.1875  1.00000e+00  1.00000e+00  9.24134e-01  0.00000e+00
  -7080.54  6407.8125  1.00000e+00  1.00000e+00  9.96991e-01  0.00000e+00
  -7051.99  6408.4375  1.00000e+00  1.00000e+00  1.07734e+00  0.00000e+00
  -7023.44  6409.0625  1.00000e+00  1.00000e+00  1.13389e+00  0.00000e+00
  -6994.89  6409.6875  1.00000e+00  1.00000e+00  1.12166e+00  0.00000e+00
  -6966.34  6410.3125  1.00000e+00  1.00000e+00  1.03380e+00  0.00000e+00
  -6937.79  6410.9375  1.00000e+00  1.00000e+00  9.30617e-01  0.00000e+00
  -6909.24  6411.5625  1.00000e+00  1.00000e+00  9.43450e-01  0.00000e+00
  -6880.68  6412.1875  1.00000e+00  1.00000e+00  9.73675e-01  0.00000e+00
  -6852.13  6412.8125  1.00000e+00  1.00000e+00  9.23231e-01  0.00000e+00
  -6823.58  6413.4375  1.00000e+00  1.00000e+00  8.71977e-01  0.00000e+00
  -6795.03  6414.0625  1.00000e+00  1.00000e+00  9.28420e-01  0.00000e+00
  -6766.48  6414.6875  1.00000e+00  1.00000e+00  1.00953e+00  0.00000e+00
  -6737.93  6415.3125  1.00000e+00  1.00000e+00  1.02581e+00  0.00000e+00
  -6709.38  6415.9375  1.00000e+00  1.00000e+00  1.07826e+00  0.00000e+00
  -6680.83  6416.5625  1.00000e+00  1.00000e+00  1.12860e+00  0.00000e+00
  -6652.28  6417.1875  1.00000e+00  1.00000e+00  1.12343e+00  0.00000e+00
  -6623.73  6417.8125  1.00000e+00  1.00000e+00  1.15802e+00  0.00000e+00
  -6595.17  6418.4375  1.00000e+00  1.00000e+00  1.09244e+00  0.00000e+00
  -6566.62  6419.0625  1.00000e+00  1.00000e+00  9.61748e-01  0.00000e+00
  -6538.07  6419.6875  1.00000e+00  1.00000e+00  9.43451e-01  0.00000e+00
  -6509.52  6420.3125  1.00000e+00  1.00000e+00  9.67054e-01  0.00000e+00
  -6480.97  6420.9375  1.00000e+00  1.00000e+00  9.65513e-01  0.00000e+00
  -6452.42  6421.5625  1.00000e+00  1.00000e+00  1.01482e+00  0.00000e+00
  -6423.87  6422.1875  1.00000e+00  1.00000e+00  1.02468e+00  0.00000e+00
  -6395.32  6422.8125  1.00000e+00  1.00000e+00  9.93751e-01  0.00000e+00
  -6366.77  6423.4375  1.00000e+00  1.00000e+00  9.89074e-01  0.00000e+00
  -6338.21  6424.0625  1.00000e+00  1.00000e+00  9.76566e-01  0.00000e+00
  -6309.66  6424.6875  1.00000e+00  1.00000e+00  9.58773e-01  0.00000e+00
  -6281.11  6425.3125  1.00000e+00  1.00000e+00  9.43087e-01  0.00000e+00
  -6252.56  6425.9375  1.00000e+00  1.00000e+00  9.79297e-01  0.00000e+00
  -6224.01  6426.5625  1.00000e+00  1.00000e+00  9.90014e-01  0.00000e+00
  -6195.46  6427.1875  1.00000e+00  1.00000e+00  9.92213e-01  0.00000e+00
  -6166.91  6427.8125  1.00000e+00  1.00000e+00  9.23372e-01  0.00000e+00
  -6138.36  6428.4375  1.00000e+00  1.00000e+00  9.20862e-01  0.00000e+00
  -6109.81  6429.0625  1.00000e+00  1.00000e+00  9.89390e-01  0.00000e+00
  -6081.26  6429.6875  1.00000e+00  1.00000e+00  1.00865e+00  0.00000e+00
  -6052.70  6430.3125  1.00000e+00  1.00000e+00  9.99775e-01  0.00000e+00
  -6024.15  6430.9375  1.00000e+00  1.00000e+00  1.02938e+00  0.00000e+00
  -5995.60  6431.5625  1.00000e+00  1.00000e+00  1.00616e+00  0.00000e+00
  -5967.05  6432.1875  1.00000e+00  1.00000e+00  9.70840e-01  0.00000e+00
  -5938.50  6432.8125  1.00000e+00  1.00000e+00  9.83518e-01  0.00000e+00
  -5909.95  6433.4375  1.00000e+00  1.00000e+00  9.84107e-01  0.00000e+00
  -5881.40  6434.0625  1.00000e+00  1.00000e+00  9.98514e-01  0.00000e+00
  -5852.85  6434.6875  1.00000e+00  1.00000e+00  9.73299e-01  0.00000e+00
  -5824.30  6435.3125  1.00000e+00  1.00000e+00  9.33328e-01  0.00000e+00
  -5795.75  6435.9375  1.00000e+00  1.00000e+00  9.15740e-01  0.00000e+00
  -5767.19  6436.5625  1.00000e+00  1.00000e+00  9.47365e-01  0.00000e+00
  -5738.64  6437.1875  1.00000e+00  1.00000e+00  9.03073e-01  0.00000e+00
  -5710.09  6437.8125  1.00000e+00  1.00000e+00  8.82570e-01  0.00000e+00
  -5681.54  6438.4375  1.00000e+00  1.00000e+00  9.07301e-01  0.00000e+00
  -5652.99  6439.0625  1.00000e+00  1.00000e+00  9.55415e-01  0.00000e+00
  -5624.44  6439.6875  1.00000e+00  1.00000e+00  1.03958e+00  0.00000e+00
  -5595.89  6440.3125  1.00000e+00  1.00000e+00  1.09773e+00  0.00000e+00
  -5567.34  6440.9375  1.00000e+00  1.00000e+00  1.00637e+00  0.00000e+00
  -5538.79  6441.5625  1.00000e+00  1.00000e+00  9.77472e-01  0.00000e+00
  -5510.24  6442.1875  1.00000e+00  1.00000e+00  1.05057e+00  0.00000e+00
  -5481.68  6442.8125  1.00000e+00  1.00000e+00  1.12688e+00  0.00000e+00
  -5453.13  6443.4375  1.00000e+00  1.00000e+00  1.10827e+00  0.00000e+00
  -5424.58  6444.0625  1.00000e+00  1.00000e+00  1.01802e+00  0.00000e+00
  -5396.03  6444.6875  1.00000e+00  1.00000e+00  1.01411e+00  0.00000e+00
  -5367.48  6445.3125  1.00000e+00  1.00000e+00  1.01162e+00  0.00000e+00
  -5338.93  6445.9375  1.00000e+00  1.00000e+00  9.79548e-01  0.00000e+00
  -5310.38  6446.5625  1.00000e+00  1.00000e+00  9.78398e-01  0.00000e+00
  -5281.83  6447.1875  1.00000e+00  1.00000e+00  9.40556e-01  0.00000e+00
  -5253.28  6447.8125  1.00000e+00  1.00000e+00  8.92949e-01  0.00000e+00
  -5224.72  6448.4375  1.00000e+00  1.00000e+00  9.50938e-01  0.00000e+00
  -5196.17  6449.0625  1.00000e+00  1.00000e+00  1.01699e+00  0.00000e+00
  -5167.62  6449.6875  1.00000e+00  1.00000e+00  1.08574e+00  0.00000e+00
  -5139.07  6450.3125  1.00000e+00  1.00000e+00  1.07870e+00  0.00000e+00
  -5110.52  6450.9375  1.00000e+00  1.00000e+00  1.07525e+00  0.00000e+00
  -5081.97  6451.5625  1.00000e+00  1.00000e+00  1.06478e+00  0.00000e+00
  -5053.42  6452.1875  1.00000e+00  1.00000e+00  1.00052e+00  0.00000e+00
  -5024.87  6452.8125  1.00000e+00  1.00000e+00  9.89025e-01  0.00000e+00
  -4996.32  6453.4375  1.00000e+00  1.00000e+00  1.00336e+00  0.00000e+00
  -4967.77  6454.0625  1.00000e+00  1.00000e+00  1.05218e+00  0.00000e+00
  -4939.21  6454.6875  1.00000e+00  1.00000e+00  1.04043e+00  0.00000e+00
  -4910.66  6455.3125  1.00000e+00  1.00000e+00  9.82664e-01  0.00000e+00
  -4882.11  6455.9375  1.00000e+00  1.00000e+00  8.80140e-01  0.00000e+00
  -4853.56  6456.5625  1.00000e+00  1.00000e+00  7.88609e-01  0.00000e+00
  -4825.01  6457.1875  1.00000e+00  1.00000e+00  8.10417e-01  0.00000e+00
  -4796.46  6457.8125  1.00000e+00  1.00000e+00  9.22126e-01  0.00000e+00
  -4767.91  6458.4375  1.00000e+00  1.00000e+00  9.46555e-01  0.00000e+00
  -4739.36  6459.0625  1.00000e+00  1.00000e+00  8.91228e-01  0.00000e+00
  -4710.81  6459.6875  1.00000e+00  1.00000e+00  8.80616e-01  0.00000e+00
  -4682.26  6460.3125  1.00000e+00  1.00000e+00  1.02397e+00  0.00000e+00
  -4653.70  6460.9375  1.00000e+00  1.00000e+00  1.09199e+00  0.00000e+00
  -4625.15  6461.5625  1.00000e+00  1.00000e+00  1.02828e+00  0.00000e+00
  -4596.60  6462.1875  1.00000e+00  1.00000e+00  1.00445e+00  0.00000e+00
  -4568.05  6462.8125  1.00000e+00  1.00000e+00  9.01135e-01  0.00000e+00
  -4539.50  6463.4375  1.00000e+00  1.00000e+00  8.49630e-01  0.00000e+00
  -4510.95  6464.0625  1.00000e+00  1.00000e+00  8.90668e-01  0.00000e+00
  -4482.40  6464.6875  1.00000e+00  1.00000e+00  9.39204e-01  0.00000e+00
  -4453.85  6465.3125  1.00000e+00  1.00000e+00  9.76725e-01  0.00000e+00
  -4425.30  6465.9375  1.00000e+00  1.00000e+00  9.91076e-01  0.00000e+00
  -4396.74  6466.5625  1.00000e+00  1.00000e+00  9.69646e-01  0.00000e+00
  -4368.19  6467.1875  1.00000e+00  1.00000e+00  9.63381e-01  0.00000e+00
  -4339.64  6467.8125  1.00000e+00  1.00000e+00  1.02560e+00  0.00000e+00
  -4311.09  6468.4375  1.00000e+00  1.00000e+00  1.12324e+00  0.00000e+00
  -4282.54  6469.0625  1.00000e+00  1.00000e+00  1.07002e+00  0.00000e+00
  -4253.99  6469.6875  1.00000e+00  1.00000e+00  9.54262e-01  0.00000e+00
  -4225.44  6470.3125  1.00000e+00  1.00000e+00  1.00812e+00  0.00000e+00
  -4196.89  6470.9375  1.00000e+00  1.00000e+00  1.04963e+00  0.00000e+00
  -4168.34  6471.5625  1.00000e+00  1.00000e+00  1.03386e+00  0.00000e+00
  -4139.79  6472.1875  1.00000e+00  1.00000e+00  1.04400e+00  0.00000e+00
  -4111.23  6472.8125  1.00000e+00  1.00000e+00  1.01789e+00  0.00000e+00
  -4082.68  6473.4375  1.00000e+00  1.00000e+00  1.02300e+00  0.00000e+00
  -4054.13  6474.0625  1.00000e+00  1.00000e+00  1.00869e+00  0.00000e+00
  -4025.58  6474.6875  1.00000e+00  1.00000e+00  1.02751e+00  0.00000e+00
  -3997.03  6475.3125  1.00000e+00  1.00000e+00  9.72447e-01  0.00000e+00
  -3968.48  6475.9375  1.00000e+00  1.00000e+00  9.41330e-01  0.00000e+00
  -3939.93  6476.5625  1.00000e+00  1.00000e+00  1.01843e+00  0.00000e+00
  -3911.38  6477.1875  1.00000e+00  1.00000e+00  1.09794e+00  0.00000e+00
  -3882.83  6477.8125  1.00000e+00  1.00000e+00  1.06083e+00  0.00000e+00
  -3854.28  6478.4375  1.00000e+00  1.00000e+00  1.00207e+00  0.00000e+00
  -3825.72  6479.0625  1.00000e+00  1.00000e+00  9.23944e-01  0.00000e+00
  -3797.17  6479.6875  1.00000e+00  1.00000e+00  8.89590e-01  0.00000e+00
  -3768.62  6480.3125  1.00000e+00  1.00000e+00  9.19376e-01  0.00000e+00
  -3740.07  6480.9375  1.00000e+00  1.00000e+00  1.00618e+00  0.00000e+00
  -3711.52  6481.5625  1.00000e+00  1.00000e+00  9.86113e-01  0.00000e+00
  -3682.97  6482.1875  1.00000e+00  1.00000e+00  9.51536e-01  0.00000e+00
  -3654.42  6482.8125  1.00000e+00  1.00000e+00  9.40328e-01  0.00000e+00
  -3625.87  6483.4375  1.00000e+00  1.00000e+00  1.00935e+00  0.00000e+00
  -3597.32  6484.0625  1.00000e+00  1.00000e+00  1.10548e+00  0.00000e+00
  -3568.76  6484.6875  1.00000e+00  1.00000e+00  1.08131e+00  0.00000e+00
  -3540.21  6485.3125  1.00000e+00  1.00000e+00  1.01385e+00  0.00000e+00
  -3511.66  6485.9375  1.00000e+00  1.00000e+00  9.97986e-01  0.00000e+00
  -3483.11  6486.5625  1.00000e+00  1.00000e+00  1.02190e+00  0.00000e+00
  -3454.56  6487.1875  1.00000e+00  1.00000e+00  9.67044e-01  0.00000e+00
  -3426.01  6487.8125  1.00000e+00  1.00000e+00  9.20747e-01  0.00000e+00
  -3397.46  6488.4375  1.00000e+00  1.00000e+00  9.39827e-01  0.00000e+00
  -3368.91  6489.0625  1.00000e+00  1.00000e+00  9.45534e-01  0.00000e+00
  -3340.36  6489.6875  1.00000e+00  1.00000e+00  1.00658e+00  0.00000e+00
  -3311.81  6490.3125  1.00000e+00  1.00000e+00  1.02481e+00  0.00000e+00
  -3283.25  6490.9375  1.00000e+00  1.00000e+00  1.05359e+00  0.00000e+00
  -3254.70  6491.5625  1.00000e+00  1.00000e+00  1.11671e+00  0.00000e+00
  -3226.15  6492.1875  1.00000e+00  1.00000e+00  1.03216e+00  0.00000e+00
  -3197.60  6492.8125  1.00000e+00  1.00000e+00  9.65449e-01  0.00000e+00
  -3169.05  6493.4375  1.00000e+00  1.00000e+00  9.82642e-01  0.00000e+00
  -3140.50  6494.0625  1.00000e+00  1.00000e+00  9.98788e-01  0.00000e+00
  -3111.95  6494.6875  1.00000e+00  1.00000e+00  1.02462e+00  0.00000e+00
  -3083.40  6495.3125  1.00000e+00  1.00000e+00  9.90403e-01  0.00000e+00
  -3054.85  6495.9375  1.00000e+00  1.00000e+00  9.66955e-01  0.00000e+00
  -3026.30  6496.5625  1.00000e+00  1.00000e+00  9.32341e-01  0.00000e+00
  -2997.74  6497.1875  1.00000e+00  1.00000e+00  9.21560e-01  0.00000e+00
  -2969.19  6497.8125  1.00000e+00  1.00000e+00  8.86258e-01  0.00000e+00
  -2940.64  6498.4375  1.00000e+00  1.00000e+00  8.93618e-01  0.00000e+00
  -2912.09  6499.0625  1.00000e+00  1.00000e+00  8.55525e-01  0.00000e+00
  -2883.54  6499.6875  1.00000e+00  1.00000e+00  9.06296e-01  0.00000e+00
  -2854.99  6500.3125  1.00000e+00  1.00000e+00  1.08686e+00  0.00000e+00
  -2826.44  6500.9375  1.00000e+00  1.00000e+00  1.16060e+00  0.00000e+00
  -2797.89  6501.5625  1.00000e+00  1.00000e+00  1.13705e+00  0.00000e+00
  -2769.34  6502.1875  1.00000e+00  1.00000e+00  1.10337e+00  0.00000e+00
  -2740.78  6502.8125  1.00000e+00  1.00000e+00  1.12478e+00  0.00000e+00
  -2712.23  6503.4375  1.00000e+00  1.00000e+00  1.09937e+00  0.00000e+00
  -2683.68  6504.0625  1.00000e+00  1.00000e+00  1.02625e+00  0.00000e+00
  -2655.13  6504.6875  1.00000e+00  1.00000e+00  9.51997e-01  0.00000e+00
  -2626.58  6505.3125  1.00000e+00  1.00000e+00  1.00007e+00  0.00000e+00
  -2598.03  6505.9375  1.00000e+00  1.00000e+00  1.12078e+00  0.00000e+00
  -2569.48  6506.5625  1.00000e+00  1.00000e+00  1.20790e+00  0.00000e+00
  -2540.93  6507.1875  1.00000e+00  1.00000e+00  1.17477e+00  0.00000e+00
  -2512.38  6507.8125  1.00000e+00  1.00000e+00  1.12116e+00  0.00000e+00
  -2483.83  6508.4375  1.00000e+00  1.00000e+00  1.07990e+00  0.00000e+00
  -2455.27  6509.0625  1.00000e+00  1.00000e+00  1.03073e+00  0.00000e+00
  -2426.72  6509.6875  1.00000e+00  1.00000e+00  1.02143e+00  0.00000e+00
  -2398.17  6510.3125  1.00000e+00  1.00000e+00  9.39373e-01  0.00000e+00
  -2369.62  6510.9375  1.00000e+00  1.00000e+00  9.69758e-01  0.00000e+00
  -2341.07  6511.5625  1.00000e+00  1.00000e+00  1.05497e+00  0.00000e+00
  -2312.52  6512.1875  1.00000e+00  1.00000e+00  1.12237e+00  0.00000e+00
  -2283.97  6512.8125  1.00000e+00  1.00000e+00  1.12675e+00  0.00000e+00
  -2255.42  6513.4375  1.00000e+00  1.00000e+00  1.05392e+00  0.00000e+00
  -2226.87  6514.0625  1.00000e+00  1.00000e+00  9.75184e-01  0.00000e+00
  -2198.32  6514.6875  1.00000e+00  1.00000e+00  1.02864e+00  0.00000e+00
  -2169.76  6515.3125  1.00000e+00  1.00000e+00  1.15717e+00  0.00000e+00
  -2141.21  6515.9375  1.00000e+00  1.00000e+00  1.09944e+00  0.00000e+00
  -2112.66  6516.5625  1.00000e+00  1.00000e+00  9.82878e-01  0.00000e+00
  -2084.11  6517.1875  1.00000e+00  1.00000e+00  9.74564e-01  0.00000e+00
  -2055.56  6517.8125  1.00000e+00  1.00000e+00  9.89382e-01  0.00000e+00
  -2027.01  6518.4375  1.00000e+00  1.00000e+00  9.10510e-01  0.00000e+00
  -1998.46  6519.0625  1.00000e+00  1.00000e+00  8.30945e-01  0.00000e+00
  -1969.91  6519.6875  1.00000e+00  1.00000e+00  8.43128e-01  0.00000e+00
  -1941.36  6520.3125  1.00000e+00  1.00000e+00  8.74823e-01  0.00000e+00
  -1912.80  6520.9375  1.00000e+00  1.00000e+00  8.78498e-01  0.00000e+00
  -1884.25  6521.5625  1.00000e+00  1.00000e+00  9.31462e-01  0.00000e+00
  -1855.70  6522.1875  1.00000e+00  1.00000e+00  9.47772e-01  0.00000e+00
  -1827.15  6522.8125  1.00000e+00  1.00000e+00  9.18889e-01  0.00000e+00
  -1798.60  6523.4375  1.00000e+00  1.00000e+00  9.58621e-01  0.00000e+00
  -1770.05  6524.0625  1.00000e+00  1.00000e+00  1.02684e+00  0.00000e+00
  -1741.50  6524.6875  1.00000e+00  1.00000e+00  1.06004e+00  0.00000e+00
  -1712.95  6525.3125  1.00000e+00  1.00000e+00  1.02361e+00  0.00000e+00
  -1684.40  6525.9375  1.00000e+00  1.00000e+00  9.83229e-01  0.00000e+00
  -1655.85  6526.5625  1.00000e+00  1.00000e+00  9.44337e-01  0.00000e+00
  -1627.29  6527.1875  1.00000e+00  1.00000e+00  8.97329e-01  0.00000e+00
  -1598.74  6527.8125  1.00000e+00  1.00000e+00  9.36625e-01  0.00000e+00
  -1570.19  6528.4375  1.00000e+00  1.00000e+00  9.73093e-01  0.00000e+00
  -1541.64  6529.0625  1.00000e+00  1.00000e+00  9.67958e-01  0.00000e+00
  -1513.09  6529.6875  1.00000e+00  1.00000e+00  1.02882e+00  0.00000e+00
  -1484.54  6530.3125  1.00000e+00  1.00000e+00  1.06359e+00  0.00000e+00
  -1455.99  6530.9375  1.00000e+00  1.00000e+00  1.03696e+00  0.00000e+00
  -1427.44  6531.5625  1.00000e+00  1.00000e+00  1.03304e+00  0.00000e+00
  -1398.89  6532.1875  1.00000e+00  1.00000e+00  9.74836e-01  0.00000e+00
  -1370.34  6532.8125  1.00000e+00  1.00000e+00  8.58155e-01  0.00000e+00
  -1341.78  6533.4375  1.00000e+00  1.00000e+00  9.00220e-01  0.00000e+00
  -1313.23  6534.0625  1.00000e+00  1.00000e+00  9.97169e-01  0.00000e+00
  -1284.68  6534.6875  1.00000e+00  1.00000e+00  1.03137e+00  0.00000e+00
  -1256.13  6535.3125  1.00000e+00  1.00000e+00  1.00011e+00  0.00000e+00
  -1227.58  6535.9375  1.00000e+00  1.00000e+00  1.12079e+00  0.00000e+00
  -1199.03  6536.5625  1.00000e+00  1.00000e+00  1.26377e+00  0.00000e+00
  -1170.48  6537.1875  1.00000e+00  1.00000e+00  1.19047e+00  0.00000e+00
  -1141.93  6537.8125  1.00000e+00  1.00000e+00  1.10228e+00  0.00000e+00
  -1113.38  6538.4375  1.00000e+00  1.00000e+00  1.12599e+00  0.00000e+00
  -1084.83  6539.0625  1.00000e+00  1.00000e+00  1.05898e+00  0.00000e+00
  -1056.27  6539.6875  1.00000e+00  1.00000e+00  1.02211e+00  0.00000e+00
  -1027.72  6540.3125  1.00000e+00  1.00000e+00  1.05163e+00  0.00000e+00
   -999.17  6540.9375  1.00000e+00  1.00000e+00  9.93759e-01  0.00000e+00
   -970.62  6541.5625  1.00000e+00  1.00000e+00  1.04801e+00  0.00000e+00
   -942.07  6542.1875  1.00000e+00  1.00000e+00  1.08396e+00  0.00000e+00
   -913.52  6542.8125  1.00000e+00  1.00000e+00  1.03253e+00  0.00000e+00
   -884.97  6543.4375  1.00000e+00  1.00000e+00  8.89526e-01  0.00000e+00
   -856.42  6544.0625  1.00000e+00  1.00000e+00  8.61616e-01  0.00000e+00
   -827.87  6544.6875  1.00000e+00  1.00000e+00  9.55934e-01  0.00000e+00
   -799.31  6545.3125  1.00000e+00  1.00000e+00  1.03220e+00  0.00000e+00
   -770.76  6545.9375  1.00000e+00  1.00000e+00  1.09759e+00  0.00000e+00
   -742.21  6546.5625  1.00000e+00  1.00000e+00  1.04187e+00  0.00000e+00
   -713.66  6547.1875  1.00000e+00  1.00000e+00  9.81188e-01  0.00000e+00
   -685.11  6547.8125  1.00000e+00  1.00000e+00  1.00766e+00  0.00000e+00
   -656.56  6548.4375  1.00000e+00  1.00000e+00  1.08556e+00  0.00000e+00
   -628.01  6549.0625  1.00000e+00  1.00000e+00  1.11013e+00  0.00000e+00
   -599.46  6549.6875  1.00000e+00  1.00000e+00  1.05668e+00  0.00000e+00
   -570.91  6550.3125  1.00000e+00  1.00000e+00  1.01546e+00  0.00000e+00
   -542.36  6550.9375  1.00000e+00  1.00000e+00  1.07971e+00  0.00000e+00
   -513.80  6551.5625  1.00000e+00  1.00000e+00  1.17431e+00  0.00000e+00
   -485.25  6552.1875  1.00000e+00  1.00000e+00  1.13306e+00  0.00000e+00
   -456.70  6552.8125  1.00000e+00  1.00000e+00  1.04241e+00  0.00000e+00
   -428.15  6553.4375  1.00000e+00  1.00000e+00  9.39907e-01  0.00000e+00
   -399.60  6554.0625  1.00000e+00  1.00000e+00  9.44549e-01  0.00000e+00
   -371.05  6554.6875  1.00000e+00  1.00000e+00  1.11079e+00  0.00000e+00
   -342.50  6555.3125  1.00000e+00  1.00000e+00  1.20483e+00  0.00000e+00
   -313.95  6555.9375  1.00000e+00  1.00000e+00  1.08568e+00  0.00000e+00
   -285.40  6556.5625  1.00000e+00  1.00000e+00  9.72135e-01  0.00000e+00
   -256.85  6557.1875  1.00000e+00  1.00000e+00  9.61588e-01  0.00000e+00
   -228.29  6557.8125  1.00000e+00  1.00000e+00  1.08267e+00  0.00000e+00
   -199.74  6558.4375  1.00000e+00  1.00000e+00  1.16970e+00  0.00000e+00
   -171.19  6559.0625  1.00000e+00  1.00000e+00  1.20608e+00  0.00000e+00
   -142.64  6559.6875  1.00000e+00  1.00000e+00  1.29389e+00  0.00000e+00
   -114.09  6560.3125  1.00000e+00  1.00000e+00  1.19653e+00  0.00000e+00
    -85.54  6560.9375  1.00000e+00  1.00000e+00  9.97425e-01  0.00000e+00
    -56.99  6561.5625  1.00000e+00  1.00000e+00  9.17896e-01  0.00000e+00
    -28.44  6562.1875  1.00000e+00  1.00000e+00  9.73446e-01  0.00000e+00
      0.11  6562.8125  1.00000e+00  1.00000e+00  1.04236e+00  0.00000e+00
     28.67  6563.4375  1.00000e+00  1.00000e+00  1.10987e+00  0.00000e+00
     57.22  6564.0625  1.00000e+00  1.00000e+00  1.04331e+00  0.00000e+00
     85.77  6564.6875  1.00000e+00  1.00000e+00  1.08886e+00  0.00000e+00
    114.32  6565.3125  1.00000e+00  1.00000e+00  1.17824e+00  0.00000e+00
    142.87  6565.9375  1.00000e+00  1.00000e+00  1.11564e+00  0.00000e+00
    171.42  6566.5625  1.00000e+00  1.00000e+00  1.05314e+00  0.00000e+00
    199.97  6567.1875  1.00000e+00  1.00000e+00  1.11166e+00  0.00000e+00
    228.52  6567.8125  1.00000e+00  1.00000e+00  1.18760e+00  0.00000e+00
    257.07  6568.4375  1.00000e+00  1.00000e+00  1.18477e+00  0.00000e+00
    285.62  6569.0625  1.00000e+00  1.00000e+00  1.13248e+00  0.00000e+00
    314.18  6569.6875  1.00000e+00  1.00000e+00  1.05140e+00  0.00000e+00
    342.73  6570.3125  1.00000e+00  1.00000e+00  9.94517e-01  0.00000e+00
    371.28  6570.9375  1.00000e+00  1.00000e+00  9.85456e-01  0.00000e+00
    399.83  6571.5625  1.00000e+00  1.00000e+00  1.00121e+00  0.00000e+00
    428.38  6572.1875  1.00000e+00  1.00000e+00  1.04538e+00  0.00000e+00
    456.93  6572.8125  1.00000e+00  1.00000e+00  1.07401e+00  0.00000e+00
    485.48  6573.4375  1.00000e+00  1.00000e+00  1.12674e+00  0.00000e+00
    514.03  6574.0625  1.00000e+00  1.00000e+00  1.16364e+00  0.00000e+00
    542.58  6574.6875  1.00000e+00  1.00000e+00  1.13825e+00  0.00000e+00
    571.13  6575.3125  1.00000e+00  1.00000e+00  1.18523e+00  0.00000e+00
    599.69  6575.9375  1.00000e+00  1.00000e+00  1.23158e+00  0.00000e+00
    628.24  6576.5625  1.00000e+00  1.00000e+00  1.20550e+00  0.00000e+00
    656.79  6577.1875  1.00000e+00  1.00000e+00  1.14937e+00  0.00000e+00
    685.34  6577.8125  1.00000e+00  1.00000e+00  1.05931e+00  0.00000e+00
    713.89  6578.4375  1.00000e+00  1.00000e+00  1.07664e+00  0.00000e+00
    742.44  6579.0625  1.00000e+00  1.00000e+00  1.13891e+00  0.00000e+00
    770.99  6579.6875  1.00000e+00  1.00000e+00  1.07304e+00  0.00000e+00
    799.54  6580.3125  1.00000e+00  1.00000e+00  9.61697e-01  0.00000e+00
    828.09  6580.9375  1.00000e+00  1.00000e+00  9.43183e-01  0.00000e+00
    856.65  6581.5625  1.00000e+00  1.00000e+00  9.62988e-01  0.00000e+00
    885.20  6582.1875  1.00000e+00  1.00000e+00  1.00699e+00  0.00000e+00
    913.75  6582.8125  1.00000e+00  1.00000e+00  9.18632e-01  0.00000e+00
    942.30  6583.4375  1.00000e+00  1.00000e+00  7.94372e-01  0.00000e+00
    970.85  6584.0625  1.00000e+00  1.00000e+00  8.69986e-01  0.00000e+00
    999.40  6584.6875  1.00000e+00  1.00000e+00  1.03794e+00  0.00000e+00
   1027.95  6585.3125  1.00000e+00  1.00000e+00  1.08341e+00  0.00000e+00
   1056.50  6585.9375  1.00000e+00  1.00000e+00  1.17722e+00  0.00000e+00
   1085.05  6586.5625  1.00000e+00  1.00000e+00  1.18205e+00  0.00000e+00
   1113.60  6587.1875  1.00000e+00  1.00000e+00  1.18947e+00  0.00000e+00
   1142.16  6587.8125  1.00000e+00  1.00000e+00  1.18981e+00  0.00000e+00
   1170.71  6588.4375  1.00000e+00  1.00000e+00  1.08203e+00  0.00000e+00
   1199.26  6589.0625  1.00000e+00  1.00000e+00  9.96583e-01  0.00000e+00
   1227.81  6589.6875  1.00000e+00  1.00000e+00  9.79281e-01  0.00000e+00
   1256.36  6590.3125  1.00000e+00  1.00000e+00  9.19149e-01  0.00000e+00
   1284.91  6590.9375  1.00000e+00  1.00000e+00  9.01130e-01  0.00000e+00
   1313.46  6591.5625  1.00000e+00  1.00000e+00  9.41534e-01  0.00000e+00
   1342.01  6592.1875  1.00000e+00  1.00000e+00  9.86782e-01  0.00000e+00
   1370.56  6592.8125  1.00000e+00  1.00000e+00  1.12547e+00  0.00000e+00
   1399.11  6593.4375  1.00000e+00  1.00000e+00  1.19720e+00  0.00000e+00
   1427.67  6594.0625  1.00000e+00  1.00000e+00  1.09686e+00  0.00000e+00
   1456.22  6594.6875  1.00000e+00  1.00000e+00  9.34332e-01  0.00000e+00
   1484.77  6595.3125  1.00000e+00  1.00000e+00  9.40113e-01  0.00000e+00
   1513.32  6595.9375  1.00000e+00  1.00000e+00  1.08057e+00  0.00000e+00
   1541.87  6596.5625  1.00000e+00  1.00000e+00  1.03729e+00  0.00000e+00
   1570.42  6597.1875  1.00000e+00  1.00000e+00  9.20863e-01  0.00000e+00
   1598.97  6597.8125  1.00000e+00  1.00000e+00  9.45195e-01  0.00000e+00
   1627.52  6598.4375  1.00000e+00  1.00000e+00  9.81763e-01  0.00000e+00
   1656.07  6599.0625  1.00000e+00  1.00000e+00  8.57465e-01  0.00000e+00
   1684.63  6599.6875  1.00000e+00  1.00000e+00  6.44842e-01  0.00000e+00
   1713.18  6600.3125  1.00000e+00  1.00000e+00  7.04951e-01  0.00000e+00
   1741.73  6600.9375  1.00000e+00  1.00000e+00  9.28110e-01  0.00000e+00
   1770.28  6601.5625  1.00000e+00  1.00000e+00  1.01262e+00  0.00000e+00
   1798.83  6602.1875  1.00000e+00  1.00000e+00  9.19659e-01  0.00000e+00
   1827.38  6602.8125  1.00000e+00  1.00000e+00  8.54871e-01  0.00000e+00
   1855.93  6603.4375  1.00000e+00  1.00000e+00  8.58692e-01  0.00000e+00
   1884.48  6604.0625  1.00000e+00  1.00000e+00  8.76952e-01  0.00000e+00
   1913.03  6604.6875  1.00000e+00  1.00000e+00  9.60027e-01  0.00000e+00
   1941.58  6605.3125  1.00000e+00  1.00000e+00  9.41070e-01  0.00000e+00
   1970.14  6605.9375  1.00000e+00  1.00000e+00  8.53795e-01  0.00000e+00
   1998.69  6606.5625  1.00000e+00  1.00000e+00  8.82303e-01  0.00000e+00
   2027.24  6607.1875  1.00000e+00  1.00000e+00  9.52432e-01  0.00000e+00
   2055.79  6607.8125  1.00000e+00  1.00000e+00  9.95635e-01  0.00000e+00
   2084.34  6608.4375  1.00000e+00  1.00000e+00  9.36338e-01  0.00000e+00
   2112.89  6609.0625  1.00000e+00  1.00000e+00  8.41508e-01  0.00000e+00
   2141.44  6609.6875  1.00000e+00  1.00000e+00  9.04242e-01  0.00000e+00
   2169.99  6610.3125  1.00000e+00  1.00000e+00  9.85389e-01  0.00000e+00
   2198.54  6610.9375  1.00000e+00  1.00000e+00  9.39095e-01  0.00000e+00
   2227.09  6611.5625  1.00000e+00  1.00000e+00  9.55423e-01  0.00000e+00
   2255.65  6612.1875  1.00000e+00  1.00000e+00  1.10374e+00  0.00000e+00
   2284.20  6612.8125  1.00000e+00  1.00000e+00  1.06947e+00  0.00000e+00
   2312.75  6613.4375  1.00000e+00  1.00000e+00  9.00987e-01  0.00000e+00
   2341.30  6614.0625  1.00000e+00  1.00000e+00  8.75549e-01  0.00000e+00
   2369.85  6614.6875  1.00000e+00  1.00000e+00  9.00163e-01  0.00000e+00
   2398.40  6615.3125  1.00000e+00  1.00000e+00  8.78091e-01  0.00000e+00
   2426.95  6615.9375  1.00000e+00  1.00000e+00  8.26337e-01  0.00000e+00
   2455.50  6616.5625  1.00000e+00  1.00000e+00  8.36464e-01  0.00000e+00
   2484.05  6617.1875  1.00000e+00  1.00000e+00  8.23260e-01  0.00000e+00
   2512.61  6617.8125  1.00000e+00  1.00000e+00  7.93788e-01  0.00000e+00
   2541.16  6618.4375  1.00000e+00  1.00000e+00  8.77625e-01  0.00000e+00
   2569.71  6619.0625  1.00000e+00  1.00000e+00  9.46508e-01  0.00000e+00
   2598.26  6619.6875  1.00000e+00  1.00000e+00  9.22994e-01  0.00000e+00
   2626.81  6620.3125  1.00000e+00  1.00000e+00  1.00501e+00  0.00000e+00
   2655.36  6620.9375  1.00000e+00  1.00000e+00  1.06642e+00  0.00000e+00
   2683.91  6621.5625  1.00000e+00  1.00000e+00  1.05540e+00  0.00000e+00
   2712.46  6622.1875  1.00000e+00  1.00000e+00  1.03522e+00  0.00000e+00
   2741.01  6622.8125  1.00000e+00  1.00000e+00  1.01271e+00  0.00000e+00
   2769.56  6623.4375  1.00000e+00  1.00000e+00  1.00913e+00  0.00000e+00
   2798.12  6624.0625  1.00000e+00  1.00000e+00  1.04065e+00  0.00000e+00
   2826.67  6624.6875  1.00000e+00  1.00000e+00  1.07911e+00  0.00000e+00
   2855.22  6625.3125  1.00000e+00  1.00000e+00  1.08063e+00  0.00000e+00
   2883.77  6625.9375  1.00000e+00  1.00000e+00  9.70126e-01  0.00000e+00
   2912.32  6626.5625  1.00000e+00  1.00000e+00  9.24616e-01  0.00000e+00
   2940.87  6627.1875  1.00000e+00  1.00000e+00  9.95288e-01  0.00000e+00
   2969.42  6627.8125  1.00000e+00  1.00000e+00  1.04526e+00  0.00000e+00
   2997.97  6628.4375  1.00000e+00  1.00000e+00  9.77461e-01  0.00000e+00
   3026.52  6629.0625  1.00000e+00  1.00000e+00  9.13625e-01  0.00000e+00
   3055.07  6629.6875  1.00000e+00  1.00000e+00  9.54246e-01  0.00000e+00
   3083.63  6630.3125  1.00000e+00  1.00000e+00  1.01757e+00  0.00000e+00
   3112.18  6630.9375  1.00000e+00  1.00000e+00  1.12411e+00  0.00000e+00
   3140.73  6631.5625  1.00000e+00  1.00000e+00  1.16613e+00  0.00000e+00
   3169.28  6632.1875  1.00000e+00  1.00000e+00  1.04880e+00  0.00000e+00
   3197.83  6632.8125  1.00000e+00  1.00000e+00  9.27388e-01  0.00000e+00
   3226.38  6633.4375  1.00000e+00  1.00000e+00  9.66475e-01  0.00000e+00
   3254.93  6634.0625  1.00000e+00  1.00000e+00  1.12777e+00  0.00000e+00
   3283.48  6634.6875  1.00000e+00  1.00000e+00  1.24411e+00  0.00000e+00
   3312.03  6635.3125  1.00000e+00  1.00000e+00  1.20303e+00  0.00000e+00
   3340.58  6635.9375  1.00000e+00  1.00000e+00  1.12888e+00  0.00000e+00
   3369.14  6636.5625  1.00000e+00  1.00000e+00  1.04057e+00  0.00000e+00
   3397.69  6637.1875  1.00000e+00  1.00000e+00  1.02308e+00  0.00000e+00
   3426.24  6637.8125  1.00000e+00  1.00000e+00  9.85647e-01  0.00000e+00
   3454.79  6638.4375  1.00000e+00  1.00000e+00  9.28347e-01  0.00000e+00
   3483.34  6639.0625  1.00000e+00  1.00000e+00  9.47260e-01  0.00000e+00
   3511.89  6639.6875  1.00000e+00  1.00000e+00  1.00345e+00  0.00000e+00
   3540.44  6640.3125  1.00000e+00  1.00000e+00  9.90679e-01  0.00000e+00
   3568.99  6640.9375  1.00000e+00  1.00000e+00  9.22303e-01  0.00000e+00
   3597.54  6641.5625  1.00000e+00  1.00000e+00  9.35918e-01  0.00000e+00
   3626.10  6642.1875  1.00000e+00  1.00000e+00  1.01631e+00  0.00000e+00
   3654.65  6642.8125  1.00000e+00  1.00000e+00  9.79323e-01  0.00000e+00
   3683.20  6643.4375  1.00000e+00  1.00000e+00  8.85017e-01  0.00000e+00
   3711.75  6644.0625  1.00000e+00  1.00000e+00  8.42014e-01  0.00000e+00
   3740.30  6644.6875  1.00000e+00  1.00000e+00  9.08913e-01  0.00000e+00
   3768.85  6645.3125  1.00000e+00  1.00000e+00  1.01070e+00  0.00000e+00
   3797.40  6645.9375  1.00000e+00  1.00000e+00  9.70589e-01  0.00000e+00
   3825.95  6646.5625  1.00000e+00  1.00000e+00  9.54476e-01  0.00000e+00
   3854.50  6647.1875  1.00000e+00  1.00000e+00  9.98750e-01  0.00000e+00
   3883.05  6647.8125  1.00000e+00  1.00000e+00  9.22533e-01  0.00000e+00
   3911.61  6648.4375  1.00000e+00  1.00000e+00  8.55687e-01  0.00000e+00
   3940.16  6649.0625  1.00000e+00  1.00000e+00  8.40498e-01  0.00000e+00
   3968.71  6649.6875  1.00000e+00  1.00000e+00  8.02215e-01  0.00000e+00
   3997.26  6650.3125  1.00000e+00  1.00000e+00  8.26233e-01  0.00000e+00
   4025.81  6650.9375  1.00000e+00  1.00000e+00  9.13346e-01  0.00000e+00
   4054.36  6651.5625  1.00000e+00  1.00000e+00  9.48195e-01  0.00000e+00
   4082.91  6652.1875  1.00000e+00  1.00000e+00  9.65780e-01  0.00000e+00
   4111.46  6652.8125  1.00000e+00  1.00000e+00  9.85597e-01  0.00000e+00
   4140.01  6653.4375  1.00000e+00  1.00000e+00  1.00002e+00  0.00000e+00
   4168.56  6654.0625  1.00000e+00  1.00000e+00  1.00039e+00  0.00000e+00
   4197.12  6654.6875  1.00000e+00  1.00000e+00  9.32154e-01  0.00000e+00
   4225.67  6655.3125  1.00000e+00  1.00000e+00  9.68101e-01  0.00000e+00
   4254.22  6655.9375  1.00000e+00  1.00000e+00  1.03269e+00  0.00000e+00
   4282.77  6656.5625  1.00000e+00  1.00000e+00  8.53583e-01  0.00000e+00
   4311.32  6657.1875  1.00000e+00  1.00000e+00  7.11648e-01  0.00000e+00
   4339.87  6657.8125  1.00000e+00  1.00000e+00  7.66959e-01  0.00000e+00
   4368.42  6658.4375  1.00000e+00  1.00000e+00  8.27833e-01  0.00000e+00
   4396.97  6659.0625  1.00000e+00  1.00000e+00  8.51503e-01  0.00000e+00
   4425.52  6659.6875  1.00000e+00  1.00000e+00  8.55130e-01  0.00000e+00
   4454.08  6660.3125  1.00000e+00  1.00000e+00  8.90103e-01  0.00000e+00
   4482.63  6660.9375  1.00000e+00  1.00000e+00  9.44405e-01  0.00000e+00
   4511.18  6661.5625  1.00000e+00  1.00000e+00  9.17922e-01  0.00000e+00
   4539.73  6662.1875  1.00000e+00  1.00000e+00  8.81396e-01  0.00000e+00
   4568.28  6662.8125  1.00000e+00  1.00000e+00  9.26900e-01  0.00000e+00
   4596.83  6663.4375  1.00000e+00  1.00000e+00  1.00546e+00  0.00000e+00
   4625.38  6664.0625  1.00000e+00  1.00000e+00  1.09551e+00  0.00000e+00
   4653.93  6664.6875  1.00000e+00  1.00000e+00  1.13235e+00  0.00000e+00
   4682.48  6665.3125  1.00000e+00  1.00000e+00  1.08353e+00  0.00000e+00
   4711.03  6665.9375  1.00000e+00  1.00000e+00  1.04777e+00  0.00000e+00
   4739.59  6666.5625  1.00000e+00  1.00000e+00  9.66529e-01  0.00000e+00
   4768.14  6667.1875  1.00000e+00  1.00000e+00  8.72396e-01  0.00000e+00
   4796.69  6667.8125  1.00000e+00  1.00000e+00  9.19921e-01  0.00000e+00
   4825.24  6668.4375  1.00000e+00  1.00000e+00  1.07628e+00  0.00000e+00
   4853.79  6669.0625  1.00000e+00  1.00000e+00  1.14745e+00  0.00000e+00
   4882.34  6669.6875  1.00000e+00  1.00000e+00  1.08765e+00  0.00000e+00
   4910.89  6670.3125  1.00000e+00  1.00000e+00  9.77329e-01  0.00000e+00
   4939.44  6670.9375  1.00000e+00  1.00000e+00  9.69161e-01  0.00000e+00
   4967.99  6671.5625  1.00000e+00  1.00000e+00  1.04284e+00  0.00000e+00
   4996.54  6672.1875  1.00000e+00  1.00000e+00  1.12417e+00  0.00000e+00
   5025.10  6672.8125  1.00000e+00  1.00000e+00  1.17056e+00  0.00000e+00
   5053.65  6673.4375  1.00000e+00  1.00000e+00  1.18264e+00  0.00000e+00
   5082.20  6674.0625  1.00000e+00  1.00000e+00  1.18341e+00  0.00000e+00
   5110.75  6674.6875  1.00000e+00  1.00000e+00  1.18314e+00  0.00000e+00
   5139.30  6675.3125  1.00000e+00  1.00000e+00  1.12648e+00  0.00000e+00
   5167.85  6675.9375  1.00000e+00  1.00000e+00  1.10765e+00  0.00000e+00
   5196.40  6676.5625  1.00000e+00  1.00000e+00  1.03446e+00  0.00000e+00
   5224.95  6677.1875  1.00000e+00  1.00000e+00  9.24287e-01  0.00000e+00
   5253.50  6677.8125  1.00000e+00  1.00000e+00  9.93134e-01  0.00000e+00
   5282.06  6678.4375  1.00000e+00  1.00000e+00  1.10016e+00  0.00000e+00
   5310.61  6679.0625  1.00000e+00  1.00000e+00  1.01591e+00  0.00000e+00
   5339.16  6679.6875  1.00000e+00  1.00000e+00  9.11575e-01  0.00000e+00
   5367.71  6680.3125  1.00000e+00  1.00000e+00  9.11828e-01  0.00000e+00
   5396.26  6680.9375  1.00000e+00  1.00000e+00  9.70043e-01  0.00000e+00
   5424.81  6681.5625  1.00000e+00  1.00000e+00  1.02448e+00  0.00000e+00
   5453.36  6682.1875  1.00000e+00  1.00000e+00  1.03246e+00  0.00000e+00
   5481.91  6682.8125  1.00000e+00  1.00000e+00  9.78001e-01  0.00000e+00
   5510.46  6683.4375  1.00000e+00  1.00000e+00  9.74851e-01  0.00000e+00
   5539.01  6684.0625  1.00000e+00  1.00000e+00  9.66991e-01  0.00000e+00
   5567.57  6684.6875  1.00000e+00  1.00000e+00  9.81845e-01  0.00000e+00
   5596.12  6685.3125  1.00000e+00  1.00000e+00  1.04016e+00  0.00000e+00
   5624.67  6685.9375  1.00000e+00  1.00000e+00  1.02619e+00  0.00000e+00
   5653.22  6686.5625  1.00000e+00  1.00000e+00  1.01167e+00  0.00000e+00
   5681.77  6687.1875  1.00000e+00  1.00000e+00  1.07445e+00  0.00000e+00
   5710.32  6687.8125  1.00000e+00  1.00000e+00  1.04020e+00  0.00000e+00
   5738.87  6688.4375  1.00000e+00  1.00000e+00  9.25813e-01  0.00000e+00
   5767.42  6689.0625  1.00000e+00  1.00000e+00  8.99080e-01  0.00000e+00
   5795.97  6689.6875  1.00000e+00  1.00000e+00  9.28325e-01  0.00000e+00
   5824.52  6690.3125  1.00000e+00  1.00000e+00  9.48723e-01  0.00000e+00
   5853.08  6690.9375  1.00000e+00  1.00000e+00  8.95931e-01  0.00000e+00
   5881.63  6691.5625  1.00000e+00  1.00000e+00  8.94432e-01  0.00000e+00
   5910.18  6692.1875  1.00000e+00  1.00000e+00  8.95596e-01  0.00000e+00
   5938.73  6692.8125  1.00000e+00  1.00000e+00  8.62791e-01  0.00000e+00
   5967.28  6693.4375  1.00000e+00  1.00000e+00  8.64216e-01  0.00000e+00
   5995.83  6694.0625  1.00000e+00  1.00000e+00  8.15831e-01  0.00000e+00
   6024.38  6694.6875  1.00000e+00  1.00000e+00  8.52038e-01  0.00000e+00
   6052.93  6695.3125  1.00000e+00  1.00000e+00  8.72371e-01  0.00000e+00
   6081.48  6695.9375  1.00000e+00  1.00000e+00  9.32826e-01  0.00000e+00
   6110.04  6696.5625  1.00000e+00  1.00000e+00  9.75937e-01  0.00000e+00
   6138.59  6697.1875  1.00000e+00  1.00000e+00  9.52617e-01  0.00000e+00
   6167.14  6697.8125  1.00000e+00  1.00000e+00  9.95128e-01  0.00000e+00
   6195.69  6698.4375  1.00000e+00  1.00000e+00  1.02031e+00  0.00000e+00
   6224.24  6699.0625  1.00000e+00  1.00000e+00  9.01711e-01  0.00000e+00
   6252.79  6699.6875  1.00000e+00  1.00000e+00  8.05302e-01  0.00000e+00
   6281.34  6700.3125  1.00000e+00  1.00000e+00  8.24299e-01  0.00000e+00
   6309.89  6700.9375  1.00000e+00  1.00000e+00  9.23026e-01  0.00000e+00
   6338.44  6701.5625  1.00000e+00  1.00000e+00  1.01330e+00  0.00000e+00
   6366.99  6702.1875  1.00000e+00  1.00000e+00  9.94610e-01  0.00000e+00
   6395.55  6702.8125  1.00000e+00  1.00000e+00  1.00658e+00  0.00000e+00
   6424.10  6703.4375  1.00000e+00  1.00000e+00  9.95324e-01  0.00000e+00
   6452.65  6704.0625  1.00000e+00  1.00000e+00  9.53591e-01  0.00000e+00
   6481.20  6704.6875  1.00000e+00  1.00000e+00  9.79270e-01  0.00000e+00
   6509.75  6705.3125  1.00000e+00  1.00000e+00  9.30248e-01  0.00000e+00
   6538.30  6705.9375  1.00000e+00  1.00000e+00  9.08516e-01  0.00000e+00
   6566.85  6706.5625  1.00000e+00  1.00000e+00  9.24288e-01  0.00000e+00
   6595.40  6707.1875  1.00000e+00  1.00000e+00  9.67087e-01  0.00000e+00
   6623.95  6707.8125  1.00000e+00  1.00000e+00  9.63056e-01  0.00000e+00
   6652.50  6708.4375  1.00000e+00  1.00000e+00  1.04417e+00  0.00000e+00
   6681.06  6709.0625  1.00000e+00  1.00000e+00  1.12049e+00  0.00000e+00
   6709.61  6709.6875  1.00000e+00  1.00000e+00  1.01963e+00  0.00000e+00
   6738.16  6710.3125  1.00000e+00  1.00000e+00  9.87662e-01  0.00000e+00
   6766.71  6710.9375  1.00000e+00  1.00000e+00  1.08864e+00  0.00000e+00
   6795.26  6711.5625  1.00000e+00  1.00000e+00  1.13795e+00  0.00000e+00
   6823.81  6712.1875  1.00000e+00  1.00000e+00  1.00865e+00  0.00000e+00
   6852.36  6712.8125  1.00000e+00  1.00000e+00  8.54834e-01  0.00000e+00
   6880.91  6713.4375  1.00000e+00  1.00000e+00  9.38336e-01  0.00000e+00
   6909.46  6714.0625  1.00000e+00  1.00000e+00  9.78614e-01  0.00000e+00
   6938.02  6714.6875  1.00000e+00  1.00000e+00  9.67701e-01  0.00000e+00
   6966.57  6715.3125  1.00000e+00  1.00000e+00  9.56031e-01  0.00000e+00
   6995.12  6715.9375  1.00000e+00  1.00000e+00  9.52374e-01  0.00000e+00
   7023.67  6716.5625  1.00000e+00  1.00000e+00  1.04725e+00  0.00000e+00
   7052.22  6717.1875  1.00000e+00  1.00000e+00  1.03623e+00  0.00000e+00
   7080.77  6717.8125  1.00000e+00  1.00000e+00  1.01633e+00  0.00000e+00
   7109.32  6718.4375  1.00000e+00  1.00000e+00  1.02788e+00  0.00000e+00
   7137.87  6719.0625  1.00000e+00  1.00000e+00  9.59487e-01  0.00000e+00
   7166.42  6719.6875  1.00000e+00  1.00000e+00  9.24838e-01  0.00000e+00
   7194.97  6720.3125  1.00000e+00  1.00000e+00  1.02928e+00  0.00000e+00
   7223.53  6720.9375  1.00000e+00  1.00000e+00  1.01882e+00  0.00000e+00
   7252.08  6721.5625  1.00000e+00  1.00000e+00  8.28637e-01  0.00000e+00
   7280.63  6722.1875  1.00000e+00  1.00000e+00  8.31806e-01  0.00000e+00
   7309.18  6722.8125  1.00000e+00  1.00000e+00  9.74332e-01  0.00000e+00
   7337.73  6723.4375  1.00000e+00  1.00000e+00  1.00938e+00  0.00000e+00
   7366.28  6724.0625  1.00000e+00  1.00000e+00  1.01293e+00  0.00000e+00
   7394.83  6724.6875  1.00000e+00  1.00000e+00  1.05772e+00  0.00000e+00
   7423.38  6725.3125  1.00000e+00  1.00000e+00  1.08259e+00  0.00000e+00
   7451.93  6725.9375  1.00000e+00  1.00000e+00  1.08518e+00  0.00000e+00
   7480.48  6726.5625  1.00000e+00  1.00000e+00  1.01517e+00  0.00000e+00
   7509.04  6727.1875  1.00000e+00  1.00000e+00  9.31899e-01  0.00000e+00
   7537.59  6727.8125  1.00000e+00  1.00000e+00  9.47874e-01  0.00000e+00
   7566.14  6728.4375  1.00000e+00  1.00000e+00  1.00545e+00  0.00000e+00
   7594.69  6729.0625  1.00000e+00  1.00000e+00  1.00608e+00  0.00000e+00
   7623.24  6729.6875  1.00000e+00  1.00000e+00  9.91119e-01  0.00000e+00
   7651.79  6730.3125  1.00000e+00  1.00000e+00  9.40762e-01  0.00000e+00
   7680.34  6730.9375  1.00000e+00  1.00000e+00  8.74649e-01  0.00000e+00
   7708.89  6731.5625  1.00000e+00  1.00000e+00  8.35363e-01  0.00000e+00
   7737.44  6732.1875  1.00000e+00  1.00000e+00  8.61595e-01  0.00000e+00
   7765.99  6732.8125  1.00000e+00  1.00000e+00  8.96361e-01  0.00000e+00
   7794.55  6733.4375  1.00000e+00  1.00000e+00  9.18701e-01  0.00000e+00
   7823.10  6734.0625  1.00000e+00  1.00000e+00  8.72240e-01  0.00000e+00
   7851.65  6734.6875  1.00000e+00  1.00000e+00  9.15173e-01  0.00000e+00
   7880.20  6735.3125  1.00000e+00  1.00000e+00  1.05504e+00  0.00000e+00
   7908.75  6735.9375  1.00000e+00  1.00000e+00  1.12684e+00  0.00000e+00
   7937.30  6736.5625  1.00000e+00  1.00000e+00  1.07519e+00  0.00000e+00
   7965.85  6737.1875  1.00000e+00  1.00000e+00  1.01754e+00  0.00000e+00
   7994.40  6737.8125  1.00000e+00  1.00000e+00  1.01314e+00  0.00000e+00
   8022.95  6738.4375  1.00000e+00  1.00000e+00  9.78866e-01  0.00000e+00
   8051.51  6739.0625  1.00000e+00  1.00000e+00  9.28068e-01  0.00000e+00
   8080.06  6739.6875  1.00000e+00  1.00000e+00  8.79319e-01  0.00000e+00
   8108.61  6740.3125  1.00000e+00  1.00000e+00  8.09042e-01  0.00000e+00
   8137.16  6740.9375  1.00000e+00  1.00000e+00  7.96832e-01  0.00000e+00
   8165.71  6741.5625  1.00000e+00  1.00000e+00  8.24140e-01  0.00000e+00
   8194.26  6742.1875  1.00000e+00  1.00000e+00  9.09043e-01  0.00000e+00
   8222.81  6742.8125  1.00000e+00  1.00000e+00  9.80755e-01  0.00000e+00
   8251.36  6743.4375  1.00000e+00  1.00000e+00  9.27907e-01  0.00000e+00
   8279.91  6744.0625  1.00000e+00  1.00000e+00  8.45429e-01  0.00000e+00
   8308.46  6744.6875  1.00000e+00  1.00000e+00  8.43329e-01  0.00000e+00
   8337.02  6745.3125  1.00000e+00  1.00000e+00  9.32822e-01  0.00000e+00
   8365.57  6745.9375  1.00000e+00  1.00000e+00  9.97896e-01  0.00000e+00
   8394.12  6746.5625  1.00000e+00  1.00000e+00  9.45697e-01  0.00000e+00
   8422.67  6747.1875  1.00000e+00  1.00000e+00  9.21655e-01  0.00000e+00
   8451.22  6747.8125  1.00000e+00  1.00000e+00  9.08095e-01  0.00000e+00
   8479.77  6748.4375  1.00000e+00  1.00000e+00  8.48807e-01  0.00000e+00
   8508.32  6749.0625  1.00000e+00  1.00000e+00  8.51133e-01  0.00000e+00
   8536.87  6749.6875  1.00000e+00  1.00000e+00  9.08554e-01  0.00000e+00
   8565.42  6750.3125  1.00000e+00  1.00000e+00  9.31251e-01  0.00000e+00
   8593.97  6750.9375  1.00000e+00  1.00000e+00  9.34360e-01  0.00000e+00
   8622.53  6751.5625  1.00000e+00  1.00000e+00  9.46261e-01  0.00000e+00
   8651.08  6752.1875  1.00000e+00  1.00000e+00  9.81503e-01  0.00000e+00
   8679.63  6752.8125  1.00000e+00  1.00000e+00  1.00509e+00  0.00000e+00
   8708.18  6753.4375  1.00000e+00  1.00000e+00  9.60601e-01  0.00000e+00
   8736.73  6754.0625  1.00000e+00  1.00000e+00  9.20753e-01  0.00000e+00
   8765.28  6754.6875  1.00000e+00  1.00000e+00  9.67577e-01  0.00000e+00
   8793.83  6755.3125  1.00000e+00  1.00000e+00  1.00794e+00  0.00000e+00
   8822.38  6755.9375  1.00000e+00  1.00000e+00  9.48389e-01  0.00000e+00
   8850.93  6756.5625  1.00000e+00  1.00000e+00  8.90613e-01  0.00000e+00
   8879.49  6757.1875  1.00000e+00  1.00000e+00  9.19834e-01  0.00000e+00
   8908.04  6757.8125  1.00000e+00  1.00000e+00  9.53170e-01  0.00000e+00
   8936.59  6758.4375  1.00000e+00  1.00000e+00  9.37005e-01  0.00000e+00
   8965.14  6759.0625  1.00000e+00  1.00000e+00  9.10489e-01  0.00000e+00
   8993.69  6759.6875  1.00000e+00  1.00000e+00  8.58752e-01  0.00000e+00
   9022.24  6760.3125  1.00000e+00  1.00000e+00  9.10484e-01  0.00000e+00
   9050.79  6760.9375  1.00000e+00  1.00000e+00  9.51157e-01  0.00000e+00
   9079.34  6761.5625  1.00000e+00  1.00000e+00  9.63740e-01  0.00000e+00
   9107.89  6762.1875  1.00000e+00  1.00000e+00  1.03905e+00  0.00000e+00
   9136.44  6762.8125  1.00000e+00  1.00000e+00  1.03865e+00  0.00000e+00
   9165.00  6763.4375  1.00000e+00  1.00000e+00  1.02778e+00  0.00000e+00
   9193.55  6764.0625  1.00000e+00  1.00000e+00  1.01889e+00  0.00000e+00
   9222.10  6764.6875  1.00000e+00  1.00000e+00  1.01063e+00  0.00000e+00
   9250.65  6765.3125  1.00000e+00  1.00000e+00  8.67231e-01  0.00000e+00
   9279.20  6765.9375  1.00000e+00  1.00000e+00  7.88959e-01  0.00000e+00
   9307.75  6766.5625  1.00000e+00  1.00000e+00  9.01022e-01  0.00000e+00
   9336.30  6767.1875  1.00000e+00  1.00000e+00  9.78774e-01  0.00000e+00
   9364.85  6767.8125  1.00000e+00  1.00000e+00  1.06004e+00  0.00000e+00
   9393.40  6768.4375  1.00000e+00  1.00000e+00  1.07134e+00  0.00000e+00
   9421.95  6769.0625  1.00000e+00  1.00000e+00  1.07881e+00  0.00000e+00
   9450.51  6769.6875  1.00000e+00  1.00000e+00  1.06267e+00  0.00000e+00
   9479.06  6770.3125  1.00000e+00  1.00000e+00  1.01942e+00  0.00000e+00
   9507.61  6770.9375  1.00000e+00  1.00000e+00  9.89202e-01  0.00000e+00
   9536.16  6771.5625  1.00000e+00  1.00000e+00  9.24791e-01  0.00000e+00
   9564.71  6772.1875  1.00000e+00  1.00000e+00  9.72784e-01  0.00000e+00
   9593.26  6772.8125  1.00000e+00  1.00000e+00  9.63740e-01  0.00000e+00
   9621.81  6773.4375  1.00000e+00  1.00000e+00  8.76675e-01  0.00000e+00
   9650.36  6774.0625  1.00000e+00  1.00000e+00  9.30390e-01  0.00000e+00
   9678.91  6774.6875  1.00000e+00  1.00000e+00  9.99101e-01  0.00000e+00
   9707.47  6775.3125  1.00000e+00  1.00000e+00  8.99960e-01  0.00000e+00
   9736.02  6775.9375  1.00000e+00  1.00000e+00  8.91091e-01  0.00000e+00
   9764.57  6776.5625  1.00000e+00  1.00000e+00  9.57930e-01  0.00000e+00
   9793.12  6777.1875  1.00000e+00  1.00000e+00  1.02139e+00  0.00000e+00
   9821.67  6777.8125  1.00000e+00  1.00000e+00  9.98960e-01  0.00000e+00
   9850.22  6778.4375  1.00000e+00  1.00000e+00  8.91140e-01  0.00000e+00
   9878.77  6779.0625  1.00000e+00  1.00000e+00  8.26246e-01  0.00000e+00
   9907.32  6779.6875  1.00000e+00  1.00000e+00  8.12967e-01  0.00000e+00
   9935.87  6780.3125  1.00000e+00  1.00000e+00  8.55694e-01  0.00000e+00
   9964.42  6780.9375  1.00000e+00  1.00000e+00  8.87442e-01  0.00000e+00
   9992.98  6781.5625  1.00000e+00  1.00000e+00  8.91629e-01  0.00000e+00
  10021.53  6782.1875  1.00000e+00  1.00000e+00  8.90004e-01  0.00000e+00
  10050.08  6782.8125  1.00000e+00  1.00000e+00  8.61730e-01  0.00000e+00
  10078.63  6783.4375  1.00000e+00  1.00000e+00  8.93488e-01  0.00000e+00
  10107.18  6784.0625  1.00000e+00  1.00000e+00  9.52946e-01  0.00000e+00
  10135.73  6784.6875  1.00000e+00  1.00000e+00  9.84299e-01  0.00000e+00
  10164.28  6785.3125  1.00000e+00  1.00000e+00  9.83209e-01  0.00000e+00
  10192.83  6785.9375  1.00000e+00  1.00000e+00  9.94169e-01  0.00000e+00
  10221.38  6786.5625  1.00000e+00  1.00000e+00  1.02750e+00  0.00000e+00
  10249.93  6787.1875  1.00000e+00  1.00000e+00  1.03690e+00  0.00000e+00
  10278.49  6787.8125  1.00000e+00  1.00000e+00  1.00103e+00  0.00000e+00
  10307.04  6788.4375  1.00000e+00  1.00000e+00  9.95797e-01  0.00000e+00
  10335.59  6789.0625  1.00000e+00  1.00000e+00  1.04493e+00  0.00000e+00
  10364.14  6789.6875  1.00000e+00  1.00000e+00  1.01162e+00  0.00000e+00
  10392.69  6790.3125  1.00000e+00  1.00000e+00  9.83504e-01  0.00000e+00
  10421.24  6790.9375  1.00000e+00  1.00000e+00  9.50089e-01  0.00000e+00
  10449.79  6791.5625  1.00000e+00  1.00000e+00  9.89925e-01  0.00000e+00
  10478.34  6792.1875  1.00000e+00  1.00000e+00  1.00991e+00  0.00000e+00
  10506.89  6792.8125  1.00000e+00  1.00000e+00  8.80108e-01  0.00000e+00
  10535.45  6793.4375  1.00000e+00  1.00000e+00  7.79414e-01  0.00000e+00
  10564.00  6794.0625  1.00000e+00  1.00000e+00  7.90664e-01  0.00000e+00
  10592.55  6794.6875  1.00000e+00  1.00000e+00  9.42830e-01  0.00000e+00
  10621.10  6795.3125  1.00000e+00  1.00000e+00  1.03402e+00  0.00000e+00
  10649.65  6795.9375  1.00000e+00  1.00000e+00  9.89349e-01  0.00000e+00
  10678.20  6796.5625  1.00000e+00  1.00000e+00  1.01955e+00  0.00000e+00
  10706.75  6797.1875  1.00000e+00  1.00000e+00  1.02525e+00  0.00000e+00
  10735.30  6797.8125  1.00000e+00  1.00000e+00  9.25875e-01  0.00000e+00
  10763.85  6798.4375  1.00000e+00  1.00000e+00  8.58167e-01  0.00000e+00
  10792.40  6799.0625  1.00000e+00  1.00000e+00  8.93290e-01  0.00000e+00
  10820.96  6799.6875  1.00000e+00  1.00000e+00  9.49294e-01  0.00000e+00
  10849.51  6800.3125  1.00000e+00  1.00000e+00  8.66513e-01  0.00000e+00
  10878.06  6800.9375  1.00000e+00  1.00000e+00  8.04275e-01  0.00000e+00
  10906.61  6801.5625  1.00000e+00  1.00000e+00  9.14571e-01  0.00000e+00
  10935.16  6802.1875  1.00000e+00  1.00000e+00  9.73403e-01  0.00000e+00
  10963.71  6802.8125  1.00000e+00  1.00000e+00  8.77659e-01  0.00000e+00
  10992.26  6803.4375  1.00000e+00  1.00000e+00  8.67298e-01  0.00000e+00
  11020.81  6804.0625  1.00000e+00  1.00000e+00  9.54908e-01  0.00000e+00
  11049.36  6804.6875  1.00000e+00  1.00000e+00  1.00594e+00  0.00000e+00
  11077.91  6805.3125  1.00000e+00  1.00000e+00  8.94054e-01  0.00000e+00
  11106.47  6805.9375  1.00000e+00  1.00000e+00  8.04963e-01  0.00000e+00
  11135.02  6806.5625  1.00000e+00  1.00000e+00  9.21569e-01  0.00000e+00
  11163.57  6807.1875  1.00000e+00  1.00000e+00  1.03007e+00  0.00000e+00
  11192.12  6807.8125  1.00000e+00  1.00000e+00  1.13786e+00  0.00000e+00
  11220.67  6808.4375  1.00000e+00  1.00000e+00  1.17476e+00  0.00000e+00
  11249.22  6809.0625  1.00000e+00  1.00000e+00  1.09039e+00  0.00000e+00
  11277.77  6809.6875  1.00000e+00  1.00000e+00  1.08623e+00  0.00000e+00
  11306.32  6810.3125  1.00000e+00  1.00000e+00  1.13055e+00  0.00000e+00
  11334.87  6810.9375  1.00000e+00  1.00000e+00  1.10521e+00  0.00000e+00
  11363.43  6811.5625  1.00000e+00  1.00000e+00  1.03660e+00  0.00000e+00
  11391.98  6812.1875  1.00000e+00  1.00000e+00  9.68874e-01  0.00000e+00
  11420.53  6812.8125  1.00000e+00  1.00000e+00  9.34922e-01  0.00000e+00
  11449.08  6813.4375  1.00000e+00  1.00000e+00  9.84951e-01  0.00000e+00
  11477.63  6814.0625  1.00000e+00  1.00000e+00  1.09309e+00  0.00000e+00
  11506.18  6814.6875  1.00000e+00  1.00000e+00  1.01809e+00  0.00000e+00
  11534.73  6815.3125  1.00000e+00  1.00000e+00  8.90694e-01  0.00000e+00
  11563.28  6815.9375  1.00000e+00  1.00000e+00  8.36047e-01  0.00000e+00
  11591.83  6816.5625  1.00000e+00  1.00000e+00  9.13152e-01  0.00000e+00
  11620.38  6817.1875  1.00000e+00  1.00000e+00  9.88629e-01  0.00000e+00
  11648.94  6817.8125  1.00000e+00  1.00000e+00  1.06749e+00  0.00000e+00
  11677.49  6818.4375  1.00000e+00  1.00000e+00  1.13594e+00  0.00000e+00
  11706.04  6819.0625  1.00000e+00  1.00000e+00  1.11079e+00  0.00000e+00
  11734.59  6819.6875  1.00000e+00  1.00000e+00  1.00987e+00  0.00000e+00
  11763.14  6820.3125  1.00000e+00  1.00000e+00  1.10094e+00  0.00000e+00
  11791.69  6820.9375  1.00000e+00  1.00000e+00  1.07599e+00  0.00000e+00
  11820.24  6821.5625  1.00000e+00  1.00000e+00  8.83800e-01  0.00000e+00
  11848.79  6822.1875  1.00000e+00  1.00000e+00  7.34958e-01  0.00000e+00
  11877.34  6822.8125  1.00000e+00  1.00000e+00  8.35056e-01  0.00000e+00
  11905.89  6823.4375  1.00000e+00  1.00000e+00  9.91843e-01  0.00000e+00
  11934.45  6824.0625  1.00000e+00  1.00000e+00  1.04064e+00  0.00000e+00
  11963.00  6824.6875  1.00000e+00  1.00000e+00  9.90213e-01  0.00000e+00
  11991.55  6825.3125  1.00000e+00  1.00000e+00  1.02347e+00  0.00000e+00
  12020.10  6825.9375  1.00000e+00  1.00000e+00  1.01456e+00  0.00000e+00
  12048.65  6826.5625  1.00000e+00  1.00000e+00  1.01236e+00  0.00000e+00
  12077.20  6827.1875  1.00000e+00  1.00000e+00  1.10450e+00  0.00000e+00
  12105.75  6827.8125  1.00000e+00  1.00000e+00  1.05690e+00  0.00000e+00
  12134.30  6828.4375  1.00000e+00  1.00000e+00  9.11760e-01  0.00000e+00
  12162.85  6829.0625  1.00000e+00  1.00000e+00  8.68183e-01  0.00000e+00
  12191.40  6829.6875  1.00000e+00  1.00000e+00  9.86790e-01  0.00000e+00
  12219.96  6830.3125  1.00000e+00  1.00000e+00  1.08714e+00  0.00000e+00
  12248.51  6830.9375  1.00000e+00  1.00000e+00  1.01726e+00  0.00000e+00
  12277.06  6831.5625  1.00000e+00  1.00000e+00  9.04866e-01  0.00000e+00
  12305.61  6832.1875  1.00000e+00  1.00000e+00  9.27476e-01  0.00000e+00
  12334.16  6832.8125  1.00000e+00  1.00000e+00  1.05285e+00  0.00000e+00
  12362.71  6833.4375  1.00000e+00  1.00000e+00  1.12586e+00  0.00000e+00
  12391.26  6834.0625  1.00000e+00  1.00000e+00  1.06082e+00  0.00000e+00
  12419.81  6834.6875  1.00000e+00  1.00000e+00  9.87842e-01  0.00000e+00
  12448.36  6835.3125  1.00000e+00  1.00000e+00  1.00819e+00  0.00000e+00
  12476.92  6835.9375  1.00000e+00  1.00000e+00  9.76308e-01  0.00000e+00
  12505.47  6836.5625  1.00000e+00  1.00000e+00  8.85616e-01  0.00000e+00
  12534.02  6837.1875  1.00000e+00  1.00000e+00  8.59824e-01  0.00000e+00
  12562.57  6837.8125  1.00000e+00  1.00000e+00  9.59529e-01  0.00000e+00
  12591.12  6838.4375  1.00000e+00  1.00000e+00  1.10143e+00  0.00000e+00
  12619.67  6839.0625  1.00000e+00  1.00000e+00  1.11697e+00  0.00000e+00
  12648.22  6839.6875  1.00000e+00  1.00000e+00  1.08648e+00  0.00000e+00
  12676.77  6840.3125  1.00000e+00  1.00000e+00  1.04183e+00  0.00000e+00
  12705.32  6840.9375  1.00000e+00  1.00000e+00  1.05584e+00  0.00000e+00
  12733.87  6841.5625  1.00000e+00  1.00000e+00  9.99137e-01  0.00000e+00
  12762.43  6842.1875  1.00000e+00  1.00000e+00  8.76714e-01  0.00000e+00
  12790.98  6842.8125  1.00000e+00  1.00000e+00  8.15507e-01  0.00000e+00
  12819.53  6843.4375  1.00000e+00  1.00000e+00  8.44540e-01  0.00000e+00
  12848.08  6844.0625  1.00000e+00  1.00000e+00  1.00378e+00  0.00000e+00
  12876.63  6844.6875  1.00000e+00  1.00000e+00  1.13165e+00  0.00000e+00
  12905.18  6845.3125  1.00000e+00  1.00000e+00  1.12014e+00  0.00000e+00
  12933.73  6845.9375  1.00000e+00  1.00000e+00  1.11483e+00  0.00000e+00
  12962.28  6846.5625  1.00000e+00  1.00000e+00  1.05092e+00  0.00000e+00
  12990.83  6847.1875  1.00000e+00  1.00000e+00  1.00131e+00  0.00000e+00
  13019.38  6847.8125  1.00000e+00  1.00000e+00  1.05742e+00  0.00000e+00
  13047.94  6848.4375  1.00000e+00  1.00000e+00  1.07284e+00  0.00000e+00
  13076.49  6849.0625  1.00000e+00  1.00000e+00  9.88258e-01  0.00000e+00
  13105.04  6849.6875  1.00000e+00  1.00000e+00  9.05753e-01  0.00000e+00
  13133.59  6850.3125  1.00000e+00  1.00000e+00  9.56211e-01  0.00000e+00
  13162.14  6850.9375  1.00000e+00  1.00000e+00  1.09317e+00  0.00000e+00
  13190.69  6851.5625  1.00000e+00  1.00000e+00  1.08217e+00  0.00000e+00
  13219.24  6852.1875  1.00000e+00  1.00000e+00  9.04445e-01  0.00000e+00
  13247.79  6852.8125  1.00000e+00  1.00000e+00  8.13454e-01  0.00000e+00
  13276.34  6853.4375  1.00000e+00  1.00000e+00  8.16750e-01  0.00000e+00
  13304.90  6854.0625  1.00000e+00  1.00000e+00  8.59718e-01  0.00000e+00
  13333.45  6854.6875  1.00000e+00  1.00000e+00  8.51610e-01  0.00000e+00
  13362.00  6855.3125  1.00000e+00  1.00000e+00  8.25135e-01  0.00000e+00
  13390.55  6855.9375  1.00000e+00  1.00000e+00  9.04341e-01  0.00000e+00
  13419.10  6856.5625  1.00000e+00  1.00000e+00  1.00993e+00  0.00000e+00
  13447.65  6857.1875  1.00000e+00  1.00000e+00  1.06917e+00  0.00000e+00
  13476.20  6857.8125  1.00000e+00  1.00000e+00  1.02375e+00  0.00000e+00
  13504.75  6858.4375  1.00000e+00  1.00000e+00  1.02405e+00  0.00000e+00
  13533.30  6859.0625  1.00000e+00  1.00000e+00  1.11577e+00  0.00000e+00
  13561.85  6859.6875  1.00000e+00  1.00000e+00  1.11931e+00  0.00000e+00
  13590.41  6860.3125  1.00000e+00  1.00000e+00  9.90139e-01  0.00000e+00
  13618.96  6860.9375  1.00000e+00  1.00000e+00  9.99353e-01  0.00000e+00
  13647.51  6861.5625  1.00000e+00  1.00000e+00  9.87484e-01  0.00000e+00
  13676.06  6862.1875  1.00000e+00  1.00000e+00  9.16916e-01  0.00000e+00
  13704.61  6862.8125  1.00000e+00  1.00000e+00  9.25220e-01  0.00000e+00
  13733.16  6863.4375  1.00000e+00  1.00000e+00  9.81289e-01  0.00000e+00
  13761.71  6864.0625  1.00000e+00  1.00000e+00  1.02064e+00  0.00000e+00
  13790.26  6864.6875  1.00000e+00  1.00000e+00  9.94179e-01  0.00000e+00
  13818.81  6865.3125  1.00000e+00  1.00000e+00  9.59954e-01  0.00000e+00
  13847.36  6865.9375  1.00000e+00  1.00000e+00  9.41003e-01  0.00000e+00
  13875.92  6866.5625  1.00000e+00  1.00000e+00  9.30330e-01  0.00000e+00
  13904.47  6867.1875  1.00000e+00  1.00000e+00  9.21073e-01  0.00000e+00
  13933.02  6867.8125  1.00000e+00  1.00000e+00  8.99363e-01  0.00000e+00
  13961.57  6868.4375  1.00000e+00  1.00000e+00  9.58892e-01  0.00000e+00
  13990.12  6869.0625  1.00000e+00  1.00000e+00  1.02268e+00  0.00000e+00
  14018.67  6869.6875  1.00000e+00  1.00000e+00  1.09615e+00  0.00000e+00
  14047.22  6870.3125  1.00000e+00  1.00000e+00  1.16522e+00  0.00000e+00
  14075.77  6870.9375  1.00000e+00  1.00000e+00  1.15212e+00  0.00000e+00
  14104.32  6871.5625  1.00000e+00  1.00000e+00  1.08833e+00  0.00000e+00
  14132.88  6872.1875  1.00000e+00  1.00000e+00  9.50576e-01  0.00000e+00
  14161.43  6872.8125  1.00000e+00  1.00000e+00  8.36763e-01  0.00000e+00
  14189.98  6873.4375  1.00000e+00  1.00000e+00  8.14261e-01  0.00000e+00
  14218.53  6874.0625  1.00000e+00  1.00000e+00  8.40857e-01  0.00000e+00
  14247.08  6874.6875  1.00000e+00  1.00000e+00  8.57644e-01  0.00000e+00
  14275.63  6875.3125  1.00000e+00  1.00000e+00  8.59370e-01  0.00000e+00
  14304.18  6875.9375  1.00000e+00  1.00000e+00  9.08365e-01  0.00000e+00
  14332.73  6876.5625  1.00000e+00  1.00000e+00  9.87004e-01  0.00000e+00
  14361.28  6877.1875  1.00000e+00  1.00000e+00  1.00130e+00  0.00000e+00
  14389.83  6877.8125  1.00000e+00  1.00000e+00  1.00327e+00  0.00000e+00
  14418.39  6878.4375  1.00000e+00  1.00000e+00  1.00214e+00  0.00000e+00
  14446.94  6879.0625  1.00000e+00  1.00000e+00  9.66618e-01  0.00000e+00
  14475.49  6879.6875  1.00000e+00  1.00000e+00  9.23573e-01  0.00000e+00
  14504.04  6880.3125  1.00000e+00  1.00000e+00  9.11501e-01  0.00000e+00
  14532.59  6880.9375  1.00000e+00  1.00000e+00  8.92840e-01  0.00000e+00
  14561.14  6881.5625  1.00000e+00  1.00000e+00  9.08242e-01  0.00000e+00
  14589.69  6882.1875  1.00000e+00  1.00000e+00  9.86178e-01  0.00000e+00
  14618.24  6882.8125  1.00000e+00  1.00000e+00  9.43151e-01  0.00000e+00
  14646.79  6883.4375  1.00000e+00  1.00000e+00  9.08477e-01  0.00000e+00
  14675.34  6884.0625  1.00000e+00  1.00000e+00  9.28654e-01  0.00000e+00
  14703.90  6884.6875  1.00000e+00  1.00000e+00  9.89347e-01  0.00000e+00
  14732.45  6885.3125  1.00000e+00  1.00000e+00  9.97155e-01  0.00000e+00
  14761.00  6885.9375  1.00000e+00  1.00000e+00  9.45629e-01  0.00000e+00
  14789.55  6886.5625  1.00000e+00  1.00000e+00  9.41111e-01  0.00000e+00
  14818.10  6887.1875  1.00000e+00  1.00000e+00  9.52841e-01  0.00000e+00
  14846.65  6887.8125  1.00000e+00  1.00000e+00  8.76419e-01  0.00000e+00
  14875.20  6888.4375  1.00000e+00  1.00000e+00  8.69247e-01  0.00000e+00
  14903.75  6889.0625  1.00000e+00  1.00000e+00  8.79862e-01  0.00000e+00
  14932.30  6889.6875  1.00000e+00  1.00000e+00  8.69388e-01  0.00000e+00
  14960.86  6890.3125  1.00000e+00  1.00000e+00  9.24621e-01  0.00000e+00
  14989.41  6890.9375  1.00000e+00  1.00000e+00  1.03052e+00  0.00000e+00
  15017.96  6891.5625  1.00000e+00  1.00000e+00  1.02464e+00  0.00000e+00
  15046.51  6892.1875  1.00000e+00  1.00000e+00  9.47067e-01  0.00000e+00
  15075.06  6892.8125  1.00000e+00  1.00000e+00  9.09685e-01  0.00000e+00
  15103.61  6893.4375  1.00000e+00  1.00000e+00  8.82712e-01  0.00000e+00
  15132.16  6894.0625  1.00000e+00  1.00000e+00  8.67302e-01  0.00000e+00
  15160.71  6894.6875  1.00000e+00  1.00000e+00  9.18397e-01  0.00000e+00
  15189.26  6895.3125  1.00000e+00  1.00000e+00  9.11266e-01  0.00000e+00
  15217.81  6895.9375  1.00000e+00  1.00000e+00  9.49034e-01  0.00000e+00
  15246.37  6896.5625  1.00000e+00  1.00000e+00  9.39415e-01  0.00000e+00
  15274.92  6897.1875  1.00000e+00  1.00000e+00  9.15294e-01  0.00000e+00
  15303.47  6897.8125  1.00000e+00  1.00000e+00  9.77079e-01  0.00000e+00
  15332.02  6898.4375  1.00000e+00  1.00000e+00  9.88908e-01  0.00000e+00
  15360.57  6899.0625  1.00000e+00  1.00000e+00  1.00842e+00  0.00000e+00
  15389.12  6899.6875  1.00000e+00  1.00000e+00  1.10362e+00  0.00000e+00
  15417.67  6900.3125  1.00000e+00  1.00000e+00  1.14195e+00  0.00000e+00
  15446.22  6900.9375  1.00000e+00  1.00000e+00  1.11800e+00  0.00000e+00
  15474.77  6901.5625  1.00000e+00  1.00000e+00  1.08215e+00  0.00000e+00
  15503.32  6902.1875  1.00000e+00  1.00000e+00  1.04836e+00  0.00000e+00
  15531.88  6902.8125  1.00000e+00  1.00000e+00  9.68909e-01  0.00000e+00
  15560.43  6903.4375  1.00000e+00  1.00000e+00  9.54269e-01  0.00000e+00
  15588.98  6904.0625  1.00000e+00  1.00000e+00  1.01694e+00  0.00000e+00
  15617.53  6904.6875  1.00000e+00  1.00000e+00  1.08915e+00  0.00000e+00
  15646.08  6905.3125  1.00000e+00  1.00000e+00  9.65156e-01  0.00000e+00
  15674.63  6905.9375  1.00000e+00  1.00000e+00  9.09170e-01  0.00000e+00
  15703.18  6906.5625  1.00000e+00  1.00000e+00  1.01011e+00  0.00000e+00
  15731.73  6907.1875  1.00000e+00  1.00000e+00  9.69660e-01  0.00000e+00
  15760.28  6907.8125  1.00000e+00  1.00000e+00  8.93909e-01  0.00000e+00
  15788.84  6908.4375  1.00000e+00  1.00000e+00  9.21644e-01  0.00000e+00
  15817.39  6909.0625  1.00000e+00  1.00000e+00  1.00623e+00  0.00000e+00
  15845.94  6909.6875  1.00000e+00  1.00000e+00  1.00939e+00  0.00000e+00
  15874.49  6910.3125  1.00000e+00  1.00000e+00  1.01398e+00  0.00000e+00
  15903.04  6910.9375  1.00000e+00  1.00000e+00  1.08364e+00  0.00000e+00
  15931.59  6911.5625  1.00000e+00  1.00000e+00  1.02114e+00  0.00000e+00
  15960.14  6912.1875  1.00000e+00  1.00000e+00  1.02296e+00  0.00000e+00
  15988.69  6912.8125  1.00000e+00  1.00000e+00  1.07410e+00  0.00000e+00
  16017.24  6913.4375  1.00000e+00  1.00000e+00  1.07286e+00  0.00000e+00
  16045.79  6914.0625  1.00000e+00  1.00000e+00  1.03622e+00  0.00000e+00
  16074.35  6914.6875  1.00000e+00  1.00000e+00  1.06545e+00  0.00000e+00
  16102.90  6915.3125  1.00000e+00  1.00000e+00  1.09518e+00  0.00000e+00
  16131.45  6915.9375  1.00000e+00  1.00000e+00  1.04383e+00  0.00000e+00
  16160.00  6916.5625  1.00000e+00  1.00000e+00  1.05474e+00  0.00000e+00
  16188.55  6917.1875  1.00000e+00  1.00000e+00  1.11920e+00  0.00000e+00
  16217.10  6917.8125  1.00000e+00  1.00000e+00  1.01907e+00  0.00000e+00
  16245.65  6918.4375  1.00000e+00  1.00000e+00  8.92934e-01  0.00000e+00
  16274.20  6919.0625  1.00000e+00  1.00000e+00  9.16890e-01  0.00000e+00
  16302.75  6919.6875  1.00000e+00  1.00000e+00  9.71032e-01  0.00000e+00
  16331.30  6920.3125  1.00000e+00  1.00000e+00  1.04817e+00  0.00000e+00
  16359.86  6920.9375  1.00000e+00  1.00000e+00  1.08358e+00  0.00000e+00
  16388.41  6921.5625  1.00000e+00  1.00000e+00  1.02627e+00  0.00000e+00
  16416.96  6922.1875  1.00000e+00  1.00000e+00  9.67350e-01  0.00000e+00
  16445.51  6922.8125  1.00000e+00  1.00000e+00  1.02815e+00  0.00000e+00
  16474.06  6923.4375  1.00000e+00  1.00000e+00  1.17558e+00  0.00000e+00
  16502.61  6924.0625  1.00000e+00  1.00000e+00  1.12139e+00  0.00000e+00
  16531.16  6924.6875  1.00000e+00  1.00000e+00  9.56285e-01  0.00000e+00
  16559.71  6925.3125  1.00000e+00  1.00000e+00  9.10891e-01  0.00000e+00
  16588.26  6925.9375  1.00000e+00  1.00000e+00  9.61786e-01  0.00000e+00
  16616.81  6926.5625  1.00000e+00  1.00000e+00  1.01312e+00  0.00000e+00
  16645.37  6927.1875  1.00000e+00  1.00000e+00  9.62953e-01  0.00000e+00
  16673.92  6927.8125  1.00000e+00  1.00000e+00  1.00384e+00  0.00000e+00
  16702.47  6928.4375  1.00000e+00  1.00000e+00  1.02326e+00  0.00000e+00
  16731.02  6929.0625  1.00000e+00  1.00000e+00  9.47210e-01  0.00000e+00
  16759.57  6929.6875  1.00000e+00  1.00000e+00  9.70337e-01  0.00000e+00
  16788.12  6930.3125  1.00000e+00  1.00000e+00  1.00363e+00  0.00000e+00
  16816.67  6930.9375  1.00000e+00  1.00000e+00  1.01346e+00  0.00000e+00
  16845.22  6931.5625  1.00000e+00  1.00000e+00  1.01138e+00  0.00000e+00
  16873.77  6932.1875  1.00000e+00  1.00000e+00  9.92394e-01  0.00000e+00
  16902.33  6932.8125  1.00000e+00  1.00000e+00  9.90220e-01  0.00000e+00
  16930.88  6933.4375  1.00000e+00  1.00000e+00  9.92462e-01  0.00000e+00
  16959.43  6934.0625  1.00000e+00  1.00000e+00  1.01950e+00  0.00000e+00
  16987.98  6934.6875  1.00000e+00  1.00000e+00  9.77273e-01  0.00000e+00
  17016.53  6935.3125  1.00000e+00  1.00000e+00  8.51998e-01  0.00000e+00
  17045.08  6935.9375  1.00000e+00  1.00000e+00  8.56062e-01  0.00000e+00
  17073.63  6936.5625  1.00000e+00  1.00000e+00  9.79516e-01  0.00000e+00
  17102.18  6937.1875  1.00000e+00  1.00000e+00  1.02338e+00  0.00000e+00
  17130.73  6937.8125  1.00000e+00  1.00000e+00  9.74434e-01  0.00000e+00
  17159.28  6938.4375  1.00000e+00  1.00000e+00  9.73257e-01  0.00000e+00
  17187.84  6939.0625  1.00000e+00  1.00000e+00  1.07440e+00  0.00000e+00
  17216.39  6939.6875  1.00000e+00  1.00000e+00  1.15687e+00  0.00000e+00
  17244.94  6940.3125  1.00000e+00  1.00000e+00  1.11274e+00  0.00000e+00
  17273.49  6940.9375  1.00000e+00  1.00000e+00  1.05932e+00  0.00000e+00
  17302.04  6941.5625  1.00000e+00  1.00000e+00  1.02797e+00  0.00000e+00
  17330.59  6942.1875  1.00000e+00  1.00000e+00  1.01781e+00  0.00000e+00
  17359.14  6942.8125  1.00000e+00  1.00000e+00  1.05309e+00  0.00000e+00
  17387.69  6943.4375  1.00000e+00  1.00000e+00  1.08264e+00  0.00000e+00
  17416.24  6944.0625  1.00000e+00  1.00000e+00  1.07219e+00  0.00000e+00
  17444.79  6944.6875  1.00000e+00  1.00000e+00  1.04334e+00  0.00000e+00
  17473.35  6945.3125  1.00000e+00  1.00000e+00  9.85036e-01  0.00000e+00
  17501.90  6945.9375  1.00000e+00  1.00000e+00  9.70206e-01  0.00000e+00
  17530.45  6946.5625  1.00000e+00  1.00000e+00  9.35683e-01  0.00000e+00
  17559.00  6947.1875  1.00000e+00  1.00000e+00  9.22078e-01  0.00000e+00
  17587.55  6947.8125  1.00000e+00  1.00000e+00  8.45394e-01  0.00000e+00
  17616.10  6948.4375  1.00000e+00  1.00000e+00  7.93342e-01  0.00000e+00
  17644.65  6949.0625  1.00000e+00  1.00000e+00  9.39692e-01  0.00000e+00
  17673.20  6949.6875  1.00000e+00  1.00000e+00  1.19084e+00  0.00000e+00
