# day160  epoch=160.0d  L_Halpha=1.323e+38 erg/s  smooth_kms=25.0
# Columns:
#   1: Δv [km/s]      velocity offset from Hα (6562.81 Å), positive = redshift
#   2: lambda [Å]     observed wavelength
#   3: F_norm         total flux, smoothed, normalized to F_cont_baseline
#   4: F_norm_raw     total flux, RAW MC (no velocity smoothing)
#   5: F_cont_smooth  continuum-channel flux (continuum photons only)
#   6: F_vol_smooth   volumetric-channel flux (line emission contribution)
# Format: F_norm ≈ F_cont_smooth + F_vol_smooth (within MC noise)
# ----------------------------------------------------------------------------------------
 -16559.48  6200.3125  1.00000e+00  1.00000e+00  3.12963e-03  0.00000e+00
 -16530.93  6200.9375  1.00000e+00  1.00000e+00  3.35817e-03  0.00000e+00
 -16502.38  6201.5625  1.00000e+00  1.00000e+00  3.46085e-03  0.00000e+00
 -16473.83  6202.1875  1.00000e+00  1.00000e+00  3.44294e-03  0.00000e+00
 -16445.28  6202.8125  1.00000e+00  1.00000e+00  3.48502e-03  0.00000e+00
 -16416.73  6203.4375  1.00000e+00  1.00000e+00  3.33293e-03  0.00000e+00
 -16388.18  6204.0625  1.00000e+00  1.00000e+00  3.02358e-03  0.00000e+00
 -16359.63  6204.6875  1.00000e+00  1.00000e+00  2.99464e-03  0.00000e+00
 -16331.08  6205.3125  1.00000e+00  1.00000e+00  3.22814e-03  0.00000e+00
 -16302.53  6205.9375  1.00000e+00  1.00000e+00  3.23601e-03  0.00000e+00
 -16273.97  6206.5625  1.00000e+00  1.00000e+00  2.96496e-03  0.00000e+00
 -16245.42  6207.1875  1.00000e+00  1.00000e+00  2.94466e-03  0.00000e+00
 -16216.87  6207.8125  1.00000e+00  1.00000e+00  3.26394e-03  0.00000e+00
 -16188.32  6208.4375  1.00000e+00  1.00000e+00  3.60356e-03  0.00000e+00
 -16159.77  6209.0625  1.00000e+00  1.00000e+00  3.57800e-03  0.00000e+00
 -16131.22  6209.6875  1.00000e+00  1.00000e+00  3.15500e-03  0.00000e+00
 -16102.67  6210.3125  1.00000e+00  1.00000e+00  2.92754e-03  0.00000e+00
 -16074.12  6210.9375  1.00000e+00  1.00000e+00  3.29917e-03  0.00000e+00
 -16045.57  6211.5625  1.00000e+00  1.00000e+00  3.60091e-03  0.00000e+00
 -16017.01  6212.1875  1.00000e+00  1.00000e+00  3.15518e-03  0.00000e+00
 -15988.46  6212.8125  1.00000e+00  1.00000e+00  2.99857e-03  0.00000e+00
 -15959.91  6213.4375  1.00000e+00  1.00000e+00  3.30793e-03  0.00000e+00
 -15931.36  6214.0625  1.00000e+00  1.00000e+00  3.48063e-03  0.00000e+00
 -15902.81  6214.6875  1.00000e+00  1.00000e+00  3.19762e-03  0.00000e+00
 -15874.26  6215.3125  1.00000e+00  1.00000e+00  3.03239e-03  0.00000e+00
 -15845.71  6215.9375  1.00000e+00  1.00000e+00  3.09284e-03  0.00000e+00
 -15817.16  6216.5625  1.00000e+00  1.00000e+00  3.03896e-03  0.00000e+00
 -15788.61  6217.1875  1.00000e+00  1.00000e+00  2.97930e-03  0.00000e+00
 -15760.06  6217.8125  1.00000e+00  1.00000e+00  2.86698e-03  0.00000e+00
 -15731.50  6218.4375  1.00000e+00  1.00000e+00  2.87064e-03  0.00000e+00
 -15702.95  6219.0625  1.00000e+00  1.00000e+00  2.96973e-03  0.00000e+00
 -15674.40  6219.6875  1.00000e+00  1.00000e+00  3.07660e-03  0.00000e+00
 -15645.85  6220.3125  1.00000e+00  1.00000e+00  3.22935e-03  0.00000e+00
 -15617.30  6220.9375  1.00000e+00  1.00000e+00  3.62816e-03  0.00000e+00
 -15588.75  6221.5625  1.00000e+00  1.00000e+00  3.69700e-03  0.00000e+00
 -15560.20  6222.1875  1.00000e+00  1.00000e+00  3.35079e-03  0.00000e+00
 -15531.65  6222.8125  1.00000e+00  1.00000e+00  3.24965e-03  0.00000e+00
 -15503.10  6223.4375  1.00000e+00  1.00000e+00  3.27085e-03  0.00000e+00
 -15474.55  6224.0625  1.00000e+00  1.00000e+00  3.14898e-03  0.00000e+00
 -15445.99  6224.6875  1.00000e+00  1.00000e+00  3.38305e-03  0.00000e+00
 -15417.44  6225.3125  1.00000e+00  1.00000e+00  3.62169e-03  0.00000e+00
 -15388.89  6225.9375  1.00000e+00  1.00000e+00  3.37803e-03  0.00000e+00
 -15360.34  6226.5625  1.00000e+00  1.00000e+00  3.21321e-03  0.00000e+00
 -15331.79  6227.1875  1.00000e+00  1.00000e+00  3.00109e-03  0.00000e+00
 -15303.24  6227.8125  1.00000e+00  1.00000e+00  3.00512e-03  0.00000e+00
 -15274.69  6228.4375  1.00000e+00  1.00000e+00  3.27362e-03  0.00000e+00
 -15246.14  6229.0625  1.00000e+00  1.00000e+00  3.26587e-03  0.00000e+00
 -15217.59  6229.6875  1.00000e+00  1.00000e+00  2.90703e-03  0.00000e+00
 -15189.03  6230.3125  1.00000e+00  1.00000e+00  2.60189e-03  0.00000e+00
 -15160.48  6230.9375  1.00000e+00  1.00000e+00  2.59199e-03  0.00000e+00
 -15131.93  6231.5625  1.00000e+00  1.00000e+00  2.75647e-03  0.00000e+00
 -15103.38  6232.1875  1.00000e+00  1.00000e+00  3.22328e-03  0.00000e+00
 -15074.83  6232.8125  1.00000e+00  1.00000e+00  3.57967e-03  0.00000e+00
 -15046.28  6233.4375  1.00000e+00  1.00000e+00  3.66935e-03  0.00000e+00
 -15017.73  6234.0625  1.00000e+00  1.00000e+00  3.45754e-03  0.00000e+00
 -14989.18  6234.6875  1.00000e+00  1.00000e+00  3.26626e-03  0.00000e+00
 -14960.63  6235.3125  1.00000e+00  1.00000e+00  3.48438e-03  0.00000e+00
 -14932.08  6235.9375  1.00000e+00  1.00000e+00  3.66535e-03  0.00000e+00
 -14903.52  6236.5625  1.00000e+00  1.00000e+00  4.03057e-03  0.00000e+00
 -14874.97  6237.1875  1.00000e+00  1.00000e+00  3.97299e-03  0.00000e+00
 -14846.42  6237.8125  1.00000e+00  1.00000e+00  3.55405e-03  0.00000e+00
 -14817.87  6238.4375  1.00000e+00  1.00000e+00  3.47659e-03  0.00000e+00
 -14789.32  6239.0625  1.00000e+00  1.00000e+00  3.66535e-03  0.00000e+00
 -14760.77  6239.6875  1.00000e+00  1.00000e+00  3.93773e-03  0.00000e+00
 -14732.22  6240.3125  1.00000e+00  1.00000e+00  3.72656e-03  0.00000e+00
 -14703.67  6240.9375  1.00000e+00  1.00000e+00  3.24650e-03  0.00000e+00
 -14675.12  6241.5625  1.00000e+00  1.00000e+00  3.01646e-03  0.00000e+00
 -14646.57  6242.1875  1.00000e+00  1.00000e+00  2.80055e-03  0.00000e+00
 -14618.01  6242.8125  1.00000e+00  1.00000e+00  3.09932e-03  0.00000e+00
 -14589.46  6243.4375  1.00000e+00  1.00000e+00  3.48781e-03  0.00000e+00
 -14560.91  6244.0625  1.00000e+00  1.00000e+00  3.62105e-03  0.00000e+00
 -14532.36  6244.6875  1.00000e+00  1.00000e+00  3.63051e-03  0.00000e+00
 -14503.81  6245.3125  1.00000e+00  1.00000e+00  3.38025e-03  0.00000e+00
 -14475.26  6245.9375  1.00000e+00  1.00000e+00  3.30997e-03  0.00000e+00
 -14446.71  6246.5625  1.00000e+00  1.00000e+00  3.25563e-03  0.00000e+00
 -14418.16  6247.1875  1.00000e+00  1.00000e+00  3.26944e-03  0.00000e+00
 -14389.61  6247.8125  1.00000e+00  1.00000e+00  3.31364e-03  0.00000e+00
 -14361.06  6248.4375  1.00000e+00  1.00000e+00  3.51320e-03  0.00000e+00
 -14332.50  6249.0625  1.00000e+00  1.00000e+00  3.54365e-03  0.00000e+00
 -14303.95  6249.6875  1.00000e+00  1.00000e+00  3.35634e-03  0.00000e+00
 -14275.40  6250.3125  1.00000e+00  1.00000e+00  3.23776e-03  0.00000e+00
 -14246.85  6250.9375  1.00000e+00  1.00000e+00  3.34661e-03  0.00000e+00
 -14218.30  6251.5625  1.00000e+00  1.00000e+00  3.33369e-03  0.00000e+00
 -14189.75  6252.1875  1.00000e+00  1.00000e+00  2.99458e-03  0.00000e+00
 -14161.20  6252.8125  1.00000e+00  1.00000e+00  2.69520e-03  0.00000e+00
 -14132.65  6253.4375  1.00000e+00  1.00000e+00  2.86757e-03  0.00000e+00
 -14104.10  6254.0625  1.00000e+00  1.00000e+00  3.13069e-03  0.00000e+00
 -14075.54  6254.6875  1.00000e+00  1.00000e+00  3.27456e-03  0.00000e+00
 -14046.99  6255.3125  1.00000e+00  1.00000e+00  2.95044e-03  0.00000e+00
 -14018.44  6255.9375  1.00000e+00  1.00000e+00  2.68158e-03  0.00000e+00
 -13989.89  6256.5625  1.00000e+00  1.00000e+00  2.47929e-03  0.00000e+00
 -13961.34  6257.1875  1.00000e+00  1.00000e+00  2.62174e-03  0.00000e+00
 -13932.79  6257.8125  1.00000e+00  1.00000e+00  3.12549e-03  0.00000e+00
 -13904.24  6258.4375  1.00000e+00  1.00000e+00  3.07829e-03  0.00000e+00
 -13875.69  6259.0625  1.00000e+00  1.00000e+00  2.86475e-03  0.00000e+00
 -13847.14  6259.6875  1.00000e+00  1.00000e+00  2.97963e-03  0.00000e+00
 -13818.59  6260.3125  1.00000e+00  1.00000e+00  3.19987e-03  0.00000e+00
 -13790.03  6260.9375  1.00000e+00  1.00000e+00  3.14550e-03  0.00000e+00
 -13761.48  6261.5625  1.00000e+00  1.00000e+00  3.07230e-03  0.00000e+00
 -13732.93  6262.1875  1.00000e+00  1.00000e+00  3.01903e-03  0.00000e+00
 -13704.38  6262.8125  1.00000e+00  1.00000e+00  2.85458e-03  0.00000e+00
 -13675.83  6263.4375  1.00000e+00  1.00000e+00  2.75867e-03  0.00000e+00
 -13647.28  6264.0625  1.00000e+00  1.00000e+00  2.99154e-03  0.00000e+00
 -13618.73  6264.6875  1.00000e+00  1.00000e+00  3.29199e-03  0.00000e+00
 -13590.18  6265.3125  1.00000e+00  1.00000e+00  3.29226e-03  0.00000e+00
 -13561.63  6265.9375  1.00000e+00  1.00000e+00  3.20545e-03  0.00000e+00
 -13533.08  6266.5625  1.00000e+00  1.00000e+00  3.03148e-03  0.00000e+00
 -13504.52  6267.1875  1.00000e+00  1.00000e+00  3.06844e-03  0.00000e+00
 -13475.97  6267.8125  1.00000e+00  1.00000e+00  3.09383e-03  0.00000e+00
 -13447.42  6268.4375  1.00000e+00  1.00000e+00  3.07131e-03  0.00000e+00
 -13418.87  6269.0625  1.00000e+00  1.00000e+00  3.06544e-03  0.00000e+00
 -13390.32  6269.6875  1.00000e+00  1.00000e+00  3.35059e-03  0.00000e+00
 -13361.77  6270.3125  1.00000e+00  1.00000e+00  3.61380e-03  0.00000e+00
 -13333.22  6270.9375  1.00000e+00  1.00000e+00  3.38308e-03  0.00000e+00
 -13304.67  6271.5625  1.00000e+00  1.00000e+00  3.33457e-03  0.00000e+00
 -13276.12  6272.1875  1.00000e+00  1.00000e+00  3.40763e-03  0.00000e+00
 -13247.56  6272.8125  1.00000e+00  1.00000e+00  3.28442e-03  0.00000e+00
 -13219.01  6273.4375  1.00000e+00  1.00000e+00  3.16238e-03  0.00000e+00
 -13190.46  6274.0625  1.00000e+00  1.00000e+00  2.94763e-03  0.00000e+00
 -13161.91  6274.6875  1.00000e+00  1.00000e+00  3.06788e-03  0.00000e+00
 -13133.36  6275.3125  1.00000e+00  1.00000e+00  3.20280e-03  0.00000e+00
 -13104.81  6275.9375  1.00000e+00  1.00000e+00  3.34602e-03  0.00000e+00
 -13076.26  6276.5625  1.00000e+00  1.00000e+00  3.40231e-03  0.00000e+00
 -13047.71  6277.1875  1.00000e+00  1.00000e+00  3.46576e-03  0.00000e+00
 -13019.16  6277.8125  1.00000e+00  1.00000e+00  3.28694e-03  0.00000e+00
 -12990.61  6278.4375  1.00000e+00  1.00000e+00  2.93080e-03  0.00000e+00
 -12962.05  6279.0625  1.00000e+00  1.00000e+00  2.72856e-03  0.00000e+00
 -12933.50  6279.6875  1.00000e+00  1.00000e+00  2.74060e-03  0.00000e+00
 -12904.95  6280.3125  1.00000e+00  1.00000e+00  2.88309e-03  0.00000e+00
 -12876.40  6280.9375  1.00000e+00  1.00000e+00  2.90339e-03  0.00000e+00
 -12847.85  6281.5625  1.00000e+00  1.00000e+00  2.93231e-03  0.00000e+00
 -12819.30  6282.1875  1.00000e+00  1.00000e+00  2.85111e-03  0.00000e+00
 -12790.75  6282.8125  1.00000e+00  1.00000e+00  2.73658e-03  0.00000e+00
 -12762.20  6283.4375  1.00000e+00  1.00000e+00  2.83563e-03  0.00000e+00
 -12733.65  6284.0625  1.00000e+00  1.00000e+00  2.73010e-03  0.00000e+00
 -12705.10  6284.6875  1.00000e+00  1.00000e+00  2.51649e-03  0.00000e+00
 -12676.54  6285.3125  1.00000e+00  1.00000e+00  2.79954e-03  0.00000e+00
 -12647.99  6285.9375  1.00000e+00  1.00000e+00  3.17160e-03  0.00000e+00
 -12619.44  6286.5625  1.00000e+00  1.00000e+00  3.11380e-03  0.00000e+00
 -12590.89  6287.1875  1.00000e+00  1.00000e+00  3.04072e-03  0.00000e+00
 -12562.34  6287.8125  1.00000e+00  1.00000e+00  3.14704e-03  1.60069e-07
 -12533.79  6288.4375  1.00000e+00  1.00000e+00  3.25099e-03  1.55352e-05
 -12505.24  6289.0625  1.00000e+00  1.00000e+00  3.17697e-03  4.16147e-04
 -12476.69  6289.6875  1.00000e+00  1.00000e+00  3.04791e-03  3.23565e-03
 -12448.14  6290.3125  1.00000e+00  1.00000e+00  2.99862e-03  8.27651e-03
 -12419.58  6290.9375  1.00000e+00  1.00000e+00  3.02194e-03  8.29105e-03
 -12391.03  6291.5625  1.00000e+00  1.00000e+00  2.99872e-03  3.63541e-03
 -12362.48  6292.1875  1.00000e+00  1.00000e+00  3.07100e-03  3.24818e-03
 -12333.93  6292.8125  1.00000e+00  1.00000e+00  3.22218e-03  5.45216e-03
 -12305.38  6293.4375  1.00000e+00  1.00000e+00  3.30165e-03  2.83229e-03
 -12276.83  6294.0625  1.00000e+00  1.00000e+00  3.27760e-03  4.00373e-04
 -12248.28  6294.6875  1.00000e+00  1.00000e+00  3.02881e-03  1.53598e-05
 -12219.73  6295.3125  1.00000e+00  1.00000e+00  2.95682e-03  1.59909e-07
 -12191.18  6295.9375  1.00000e+00  1.00000e+00  3.19861e-03  0.00000e+00
 -12162.63  6296.5625  1.00000e+00  1.00000e+00  3.10653e-03  0.00000e+00
 -12134.07  6297.1875  1.00000e+00  1.00000e+00  3.03612e-03  0.00000e+00
 -12105.52  6297.8125  1.00000e+00  1.00000e+00  3.23724e-03  0.00000e+00
 -12076.97  6298.4375  1.00000e+00  1.00000e+00  3.00520e-03  1.59390e-07
 -12048.42  6299.0625  1.00000e+00  1.00000e+00  2.86560e-03  1.54693e-05
 -12019.87  6299.6875  1.00000e+00  1.00000e+00  2.82695e-03  4.14380e-04
 -11991.32  6300.3125  1.00000e+00  1.00000e+00  2.61166e-03  3.22207e-03
 -11962.77  6300.9375  1.00000e+00  1.00000e+00  2.51225e-03  8.25651e-03
 -11934.22  6301.5625  1.00000e+00  1.00000e+00  2.84366e-03  8.63934e-03
 -11905.67  6302.1875  1.00000e+00  1.00000e+00  3.28678e-03  6.04214e-03
 -11877.12  6302.8125  1.00000e+00  1.00000e+00  3.33166e-03  5.82921e-03
 -11848.56  6303.4375  1.00000e+00  1.00000e+00  2.99063e-03  2.83629e-03
 -11820.01  6304.0625  1.00000e+00  1.00000e+00  2.87464e-03  3.98935e-04
 -11791.46  6304.6875  1.00000e+00  1.00000e+00  2.99824e-03  1.52985e-05
 -11762.91  6305.3125  1.00000e+00  1.00000e+00  2.87362e-03  1.59270e-07
 -11734.36  6305.9375  1.00000e+00  1.00000e+00  3.00186e-03  0.00000e+00
 -11705.81  6306.5625  1.00000e+00  1.00000e+00  3.24730e-03  0.00000e+00
 -11677.26  6307.1875  1.00000e+00  1.00000e+00  3.35553e-03  1.58835e-07
 -11648.71  6307.8125  9.99999e-01  9.99999e-01  3.24378e-03  1.54155e-05
 -11620.16  6308.4375  9.99999e-01  9.99999e-01  3.12030e-03  4.13573e-04
 -11591.60  6309.0625  9.99999e-01  9.99999e-01  3.25779e-03  3.27186e-03
 -11563.05  6309.6875  9.99999e-01  9.99999e-01  3.13134e-03  9.81886e-03
 -11534.50  6310.3125  9.99999e-01  9.99999e-01  3.03009e-03  1.99630e-02
 -11505.95  6310.9375  9.99999e-01  9.99999e-01  2.81242e-03  3.04075e-02
 -11477.40  6311.5625  9.99999e-01  9.99999e-01  2.74023e-03  3.71566e-02
 -11448.85  6312.1875  9.99999e-01  9.99999e-01  3.08246e-03  4.58599e-02
 -11420.30  6312.8125  9.99999e-01  9.99999e-01  3.52354e-03  3.31427e-02
 -11391.75  6313.4375  9.99999e-01  9.99999e-01  3.48643e-03  3.08595e-02
 -11363.20  6314.0625  9.99999e-01  9.99999e-01  3.44187e-03  3.66922e-02
 -11334.65  6314.6875  9.99999e-01  9.99999e-01  3.51945e-03  2.62671e-02
 -11306.09  6315.3125  9.99999e-01  9.99999e-01  3.38051e-03  1.88332e-02
 -11277.54  6315.9375  9.99999e-01  9.99999e-01  3.01331e-03  1.51335e-02
 -11248.99  6316.5625  9.99999e-01  9.99999e-01  2.95324e-03  1.62273e-02
 -11220.44  6317.1875  9.99999e-01  9.99999e-01  3.15332e-03  2.60558e-02
 -11191.89  6317.8125  9.99999e-01  9.99999e-01  3.12223e-03  3.43787e-02
 -11163.34  6318.4375  9.99999e-01  9.99999e-01  3.43737e-03  3.20034e-02
 -11134.79  6319.0625  9.99999e-01  9.99999e-01  3.54245e-03  2.93945e-02
 -11106.24  6319.6875  9.99999e-01  9.99999e-01  3.58413e-03  2.36890e-02
 -11077.69  6320.3125  9.99999e-01  9.99999e-01  3.58658e-03  1.98277e-02
 -11049.14  6320.9375  9.99999e-01  9.99999e-01  3.45831e-03  2.96395e-02
 -11020.58  6321.5625  9.99999e-01  9.99999e-01  3.31936e-03  4.28980e-02
 -10992.03  6322.1875  9.99999e-01  9.99999e-01  2.95764e-03  4.25476e-02
 -10963.48  6322.8125  9.99999e-01  9.99999e-01  2.49199e-03  3.54848e-02
 -10934.93  6323.4375  9.99999e-01  9.99999e-01  2.63620e-03  2.34234e-02
 -10906.38  6324.0625  9.99999e-01  9.99999e-01  3.09685e-03  1.52114e-02
 -10877.83  6324.6875  9.99998e-01  9.99998e-01  3.45364e-03  7.25229e-03
 -10849.28  6325.3125  9.99998e-01  9.99998e-01  3.21941e-03  9.64784e-03
 -10820.73  6325.9375  9.99998e-01  9.99998e-01  3.06848e-03  2.05169e-02
 -10792.18  6326.5625  9.99998e-01  9.99998e-01  3.32173e-03  2.53505e-02
 -10763.62  6327.1875  9.99998e-01  9.99998e-01  3.41292e-03  2.90600e-02
 -10735.07  6327.8125  9.99998e-01  9.99998e-01  3.03057e-03  2.37768e-02
 -10706.52  6328.4375  9.99998e-01  9.99998e-01  2.83097e-03  2.43345e-02
 -10677.97  6329.0625  9.99998e-01  9.99998e-01  3.11169e-03  2.93381e-02
 -10649.42  6329.6875  9.99998e-01  9.99998e-01  3.69718e-03  3.26651e-02
 -10620.87  6330.3125  9.99998e-01  9.99998e-01  3.75623e-03  4.01998e-02
 -10592.32  6330.9375  9.99998e-01  9.99998e-01  3.23395e-03  3.98284e-02
 -10563.77  6331.5625  9.99998e-01  9.99998e-01  3.10278e-03  3.02639e-02
 -10535.22  6332.1875  9.99998e-01  9.99998e-01  3.43903e-03  2.70872e-02
 -10506.67  6332.8125  9.99998e-01  9.99998e-01  3.48600e-03  2.84628e-02
 -10478.11  6333.4375  9.99998e-01  9.99998e-01  3.33970e-03  2.30923e-02
 -10449.56  6334.0625  9.99998e-01  9.99998e-01  3.23481e-03  1.57386e-02
 -10421.01  6334.6875  9.99998e-01  9.99998e-01  3.03247e-03  1.53553e-02
 -10392.46  6335.3125  9.99998e-01  9.99998e-01  2.78962e-03  2.03632e-02
 -10363.91  6335.9375  9.99998e-01  9.99998e-01  2.80253e-03  2.50051e-02
 -10335.36  6336.5625  9.99998e-01  9.99998e-01  2.96791e-03  3.70218e-02
 -10306.81  6337.1875  9.99998e-01  9.99998e-01  3.02180e-03  4.89661e-02
 -10278.26  6337.8125  9.99998e-01  9.99998e-01  3.08873e-03  4.35817e-02
 -10249.71  6338.4375  9.99998e-01  9.99998e-01  2.87070e-03  4.79112e-02
 -10221.16  6339.0625  9.99998e-01  9.99998e-01  2.59989e-03  4.71788e-02
 -10192.60  6339.6875  9.99998e-01  9.99998e-01  2.56402e-03  3.93972e-02
 -10164.05  6340.3125  9.99998e-01  9.99998e-01  2.71656e-03  2.99407e-02
 -10135.50  6340.9375  9.99998e-01  9.99998e-01  3.01148e-03  3.66248e-02
 -10106.95  6341.5625  9.99998e-01  9.99998e-01  3.22474e-03  4.21157e-02
 -10078.40  6342.1875  9.99998e-01  9.99998e-01  3.10096e-03  4.58795e-02
 -10049.85  6342.8125  9.99998e-01  9.99998e-01  2.90973e-03  3.45384e-02
 -10021.30  6343.4375  9.99998e-01  9.99998e-01  2.75071e-03  2.45873e-02
  -9992.75  6344.0625  9.99998e-01  9.99998e-01  2.66296e-03  2.11103e-02
  -9964.20  6344.6875  9.99998e-01  9.99998e-01  2.58332e-03  2.20213e-02
  -9935.65  6345.3125  9.99998e-01  9.99998e-01  2.39415e-03  3.46534e-02
  -9907.09  6345.9375  9.99998e-01  9.99998e-01  2.69275e-03  4.48735e-02
  -9878.54  6346.5625  9.99998e-01  9.99998e-01  3.40888e-03  3.97948e-02
  -9849.99  6347.1875  9.99998e-01  9.99998e-01  3.77408e-03  3.06561e-02
  -9821.44  6347.8125  9.99998e-01  9.99998e-01  3.46811e-03  2.67842e-02
  -9792.89  6348.4375  9.99998e-01  9.99998e-01  3.20863e-03  3.16366e-02
  -9764.34  6349.0625  9.99998e-01  9.99998e-01  3.28490e-03  2.89439e-02
  -9735.79  6349.6875  9.99998e-01  9.99998e-01  3.15193e-03  2.81075e-02
  -9707.24  6350.3125  9.99998e-01  9.99998e-01  3.23009e-03  3.85449e-02
  -9678.69  6350.9375  9.99998e-01  9.99998e-01  3.32798e-03  5.31495e-02
  -9650.13  6351.5625  9.99998e-01  9.99998e-01  3.27689e-03  5.44674e-02
  -9621.58  6352.1875  9.99998e-01  9.99998e-01  3.01932e-03  4.46827e-02
  -9593.03  6352.8125  9.99998e-01  9.99998e-01  2.85414e-03  4.72202e-02
  -9564.48  6353.4375  9.99997e-01  9.99997e-01  2.72938e-03  4.94157e-02
  -9535.93  6354.0625  9.99997e-01  9.99997e-01  2.71067e-03  5.28888e-02
  -9507.38  6354.6875  9.99996e-01  9.99996e-01  2.86072e-03  6.03631e-02
  -9478.83  6355.3125  9.99996e-01  9.99996e-01  2.94878e-03  6.01818e-02
  -9450.28  6355.9375  9.99996e-01  9.99996e-01  2.95305e-03  5.57984e-02
  -9421.73  6356.5625  9.99995e-01  9.99995e-01  3.07359e-03  5.24635e-02
  -9393.18  6357.1875  9.99995e-01  9.99995e-01  3.05834e-03  5.14490e-02
  -9364.62  6357.8125  9.99994e-01  9.99994e-01  2.95688e-03  4.33927e-02
  -9336.07  6358.4375  9.99994e-01  9.99994e-01  2.76117e-03  3.35348e-02
  -9307.52  6359.0625  9.99993e-01  9.99993e-01  2.63728e-03  3.52824e-02
  -9278.97  6359.6875  9.99993e-01  9.99993e-01  2.78310e-03  3.94157e-02
  -9250.42  6360.3125  9.99992e-01  9.99992e-01  3.00560e-03  3.52526e-02
  -9221.87  6360.9375  9.99992e-01  9.99992e-01  3.42567e-03  3.31107e-02
  -9193.32  6361.5625  9.99991e-01  9.99991e-01  3.30947e-03  4.05097e-02
  -9164.77  6362.1875  9.99991e-01  9.99991e-01  3.00399e-03  4.44707e-02
  -9136.22  6362.8125  9.99990e-01  9.99990e-01  3.11525e-03  3.77684e-02
  -9107.67  6363.4375  9.99990e-01  9.99990e-01  3.21433e-03  2.81816e-02
  -9079.11  6364.0625  9.99990e-01  9.99990e-01  3.18337e-03  3.51991e-02
  -9050.56  6364.6875  9.99989e-01  9.99989e-01  3.13934e-03  4.42963e-02
  -9022.01  6365.3125  9.99989e-01  9.99989e-01  3.25885e-03  3.95242e-02
  -8993.46  6365.9375  9.99988e-01  9.99988e-01  3.01532e-03  4.56092e-02
  -8964.91  6366.5625  9.99988e-01  9.99988e-01  2.68825e-03  6.98857e-02
  -8936.36  6367.1875  9.99988e-01  9.99988e-01  2.39675e-03  7.27875e-02
  -8907.81  6367.8125  9.99988e-01  9.99988e-01  2.48700e-03  5.85166e-02
  -8879.26  6368.4375  9.99988e-01  9.99988e-01  2.85436e-03  5.08242e-02
  -8850.71  6369.0625  9.99988e-01  9.99988e-01  3.25346e-03  4.81452e-02
  -8822.15  6369.6875  9.99988e-01  9.99988e-01  3.23199e-03  4.54569e-02
  -8793.60  6370.3125  9.99988e-01  9.99988e-01  3.12831e-03  2.92903e-02
  -8765.05  6370.9375  9.99988e-01  9.99988e-01  3.04211e-03  2.16846e-02
  -8736.50  6371.5625  9.99988e-01  9.99988e-01  2.90706e-03  2.27986e-02
  -8707.95  6372.1875  9.99987e-01  9.99987e-01  3.37268e-03  3.75128e-02
  -8679.40  6372.8125  9.99987e-01  9.99987e-01  3.67027e-03  6.16231e-02
  -8650.85  6373.4375  9.99987e-01  9.99987e-01  3.25895e-03  5.97591e-02
  -8622.30  6374.0625  9.99987e-01  9.99987e-01  3.08969e-03  6.10802e-02
  -8593.75  6374.6875  9.99987e-01  9.99987e-01  3.02575e-03  6.07977e-02
  -8565.20  6375.3125  9.99986e-01  9.99986e-01  2.76800e-03  5.96863e-02
  -8536.64  6375.9375  9.99986e-01  9.99986e-01  2.79645e-03  7.55821e-02
  -8508.09  6376.5625  9.99986e-01  9.99986e-01  3.04456e-03  7.43052e-02
  -8479.54  6377.1875  9.99985e-01  9.99985e-01  3.01111e-03  6.19190e-02
  -8450.99  6377.8125  9.99985e-01  9.99985e-01  2.81394e-03  7.01297e-02
  -8422.44  6378.4375  9.99983e-01  9.99984e-01  2.89008e-03  6.97408e-02
  -8393.89  6379.0625  9.99981e-01  9.99981e-01  3.06701e-03  6.71645e-02
  -8365.34  6379.6875  9.99979e-01  9.99979e-01  3.28582e-03  5.85608e-02
  -8336.79  6380.3125  9.99977e-01  9.99977e-01  3.23929e-03  6.40883e-02
  -8308.24  6380.9375  9.99974e-01  9.99974e-01  3.10331e-03  7.09763e-02
  -8279.69  6381.5625  9.99972e-01  9.99972e-01  2.80204e-03  7.00774e-02
  -8251.13  6382.1875  9.99969e-01  9.99969e-01  2.95795e-03  7.67093e-02
  -8222.58  6382.8125  9.99967e-01  9.99967e-01  3.33997e-03  7.57329e-02
  -8194.03  6383.4375  9.99964e-01  9.99964e-01  3.30124e-03  5.86770e-02
  -8165.48  6384.0625  9.99962e-01  9.99962e-01  3.34292e-03  5.31778e-02
  -8136.93  6384.6875  9.99959e-01  9.99959e-01  3.23809e-03  7.27670e-02
  -8108.38  6385.3125  9.99956e-01  9.99956e-01  3.09963e-03  1.01127e-01
  -8079.83  6385.9375  9.99953e-01  9.99953e-01  3.21718e-03  9.22628e-02
  -8051.28  6386.5625  9.99950e-01  9.99950e-01  3.28832e-03  5.89730e-02
  -8022.73  6387.1875  9.99947e-01  9.99947e-01  3.24958e-03  4.60618e-02
  -7994.17  6387.8125  9.99945e-01  9.99945e-01  3.29600e-03  4.13743e-02
  -7965.62  6388.4375  9.99942e-01  9.99942e-01  3.36093e-03  5.68020e-02
  -7937.07  6389.0625  9.99939e-01  9.99939e-01  3.28469e-03  7.76152e-02
  -7908.52  6389.6875  9.99936e-01  9.99936e-01  3.42182e-03  8.85985e-02
  -7879.97  6390.3125  9.99932e-01  9.99932e-01  3.46311e-03  8.47232e-02
  -7851.42  6390.9375  9.99927e-01  9.99927e-01  3.30046e-03  8.28404e-02
  -7822.87  6391.5625  9.99923e-01  9.99923e-01  3.24915e-03  6.66866e-02
  -7794.32  6392.1875  9.99918e-01  9.99918e-01  3.23907e-03  6.27781e-02
  -7765.77  6392.8125  9.99913e-01  9.99913e-01  3.13167e-03  7.19010e-02
  -7737.22  6393.4375  9.99909e-01  9.99909e-01  3.19101e-03  6.70645e-02
  -7708.66  6394.0625  9.99904e-01  9.99904e-01  3.21981e-03  6.27356e-02
  -7680.11  6394.6875  9.99898e-01  9.99900e-01  3.04215e-03  8.61647e-02
  -7651.56  6395.3125  9.99890e-01  9.99890e-01  2.77557e-03  9.83432e-02
  -7623.01  6395.9375  9.99881e-01  9.99881e-01  2.83200e-03  8.84109e-02
  -7594.46  6396.5625  9.99872e-01  9.99872e-01  2.92976e-03  6.40754e-02
  -7565.91  6397.1875  9.99865e-01  9.99863e-01  2.98906e-03  5.75198e-02
  -7537.36  6397.8125  9.99870e-01  9.99854e-01  2.80283e-03  6.33929e-02
  -7508.81  6398.4375  9.99897e-01  9.99901e-01  2.92791e-03  7.87403e-02
  -7480.26  6399.0625  9.99924e-01  9.99934e-01  2.93584e-03  8.14574e-02
  -7451.71  6399.6875  9.99936e-01  9.99937e-01  2.82463e-03  7.19935e-02
  -7423.15  6400.3125  9.99940e-01  9.99941e-01  2.85345e-03  6.96342e-02
  -7394.60  6400.9375  9.99941e-01  9.99942e-01  3.05288e-03  6.85047e-02
  -7366.05  6401.5625  9.99939e-01  9.99939e-01  3.06594e-03  7.11796e-02
  -7337.50  6402.1875  9.99936e-01  9.99936e-01  2.64903e-03  6.97745e-02
  -7308.95  6402.8125  9.99932e-01  9.99932e-01  2.50173e-03  7.42075e-02
  -7280.40  6403.4375  9.99928e-01  9.99928e-01  2.64054e-03  8.32611e-02
  -7251.85  6404.0625  9.99922e-01  9.99922e-01  2.60154e-03  6.87820e-02
  -7223.30  6404.6875  9.99915e-01  9.99914e-01  2.52887e-03  5.92538e-02
  -7194.75  6405.3125  9.99908e-01  9.99908e-01  2.37941e-03  6.46248e-02
  -7166.19  6405.9375  9.99901e-01  9.99902e-01  2.28624e-03  6.25449e-02
  -7137.64  6406.5625  9.99893e-01  9.99893e-01  2.74510e-03  7.55554e-02
  -7109.09  6407.1875  9.99886e-01  9.99886e-01  3.27694e-03  1.06490e-01
  -7080.54  6407.8125  9.99879e-01  9.99880e-01  3.19979e-03  1.11754e-01
  -7051.99  6408.4375  9.99870e-01  9.99872e-01  2.79664e-03  1.10663e-01
  -7023.44  6409.0625  9.99858e-01  9.99858e-01  2.73081e-03  9.88898e-02
  -6994.89  6409.6875  9.99843e-01  9.99843e-01  2.73789e-03  8.27347e-02
  -6966.34  6410.3125  9.99829e-01  9.99829e-01  2.62919e-03  8.56695e-02
  -6937.79  6410.9375  9.99813e-01  9.99814e-01  2.74720e-03  9.23076e-02
  -6909.24  6411.5625  9.99792e-01  9.99796e-01  3.04754e-03  8.22635e-02
  -6880.68  6412.1875  9.99764e-01  9.99764e-01  2.90586e-03  7.43815e-02
  -6852.13  6412.8125  9.99735e-01  9.99732e-01  2.70881e-03  6.68389e-02
  -6823.58  6413.4375  9.99708e-01  9.99708e-01  3.02874e-03  6.61085e-02
  -6795.03  6414.0625  9.99683e-01  9.99684e-01  3.27608e-03  7.69343e-02
  -6766.48  6414.6875  9.99653e-01  9.99656e-01  3.35522e-03  7.86211e-02
  -6737.93  6415.3125  9.99617e-01  9.99619e-01  3.58606e-03  8.37505e-02
  -6709.38  6415.9375  9.99578e-01  9.99575e-01  3.56831e-03  8.60891e-02
  -6680.83  6416.5625  9.99543e-01  9.99542e-01  3.39420e-03  8.54840e-02
  -6652.28  6417.1875  9.99514e-01  9.99512e-01  3.53952e-03  7.45227e-02
  -6623.73  6417.8125  9.99503e-01  9.99478e-01  3.68441e-03  7.83189e-02
  -6595.17  6418.4375  9.99513e-01  9.99532e-01  3.53374e-03  8.73580e-02
  -6566.62  6419.0625  9.99475e-01  9.99533e-01  3.27778e-03  1.10957e-01
  -6538.07  6419.6875  9.99320e-01  9.99370e-01  2.99679e-03  1.42325e-01
  -6509.52  6420.3125  9.99053e-01  9.99068e-01  3.09557e-03  1.45295e-01
  -6480.97  6420.9375  9.98735e-01  9.98737e-01  3.23726e-03  1.42268e-01
  -6452.42  6421.5625  9.98402e-01  9.98403e-01  3.07368e-03  1.33028e-01
  -6423.87  6422.1875  9.98062e-01  9.98066e-01  3.26960e-03  1.26750e-01
  -6395.32  6422.8125  9.97716e-01  9.97717e-01  3.33081e-03  1.31769e-01
  -6366.77  6423.4375  9.97364e-01  9.97365e-01  2.98101e-03  1.48817e-01
  -6338.21  6424.0625  9.97010e-01  9.97011e-01  2.60643e-03  1.73791e-01
  -6309.66  6424.6875  9.96652e-01  9.96653e-01  2.41287e-03  1.90818e-01
  -6281.11  6425.3125  9.96285e-01  9.96293e-01  2.70518e-03  1.87082e-01
  -6252.56  6425.9375  9.95869e-01  9.95930e-01  3.05118e-03  1.75289e-01
  -6224.01  6426.5625  9.95359e-01  9.95373e-01  3.05411e-03  1.51946e-01
  -6195.46  6427.1875  9.94791e-01  9.94793e-01  2.93567e-03  1.51665e-01
  -6166.91  6427.8125  9.94209e-01  9.94209e-01  3.10790e-03  1.78793e-01
  -6138.36  6428.4375  9.93623e-01  9.93624e-01  3.19751e-03  2.17304e-01
  -6109.81  6429.0625  9.93032e-01  9.93036e-01  2.74760e-03  2.50528e-01
  -6081.26  6429.6875  9.92405e-01  9.92447e-01  2.47360e-03  2.63760e-01
  -6052.70  6430.3125  9.91668e-01  9.91755e-01  2.62473e-03  2.43557e-01
  -6024.15  6430.9375  9.90783e-01  9.90793e-01  2.60287e-03  2.39797e-01
  -5995.60  6431.5625  9.89831e-01  9.89831e-01  2.75424e-03  2.52711e-01
  -5967.05  6432.1875  9.88870e-01  9.88870e-01  3.08202e-03  2.15773e-01
  -5938.50  6432.8125  9.87910e-01  9.87910e-01  3.23284e-03  2.08775e-01
  -5909.95  6433.4375  9.86950e-01  9.86950e-01  3.09311e-03  2.30804e-01
  -5881.40  6434.0625  9.85986e-01  9.85992e-01  3.06818e-03  2.22419e-01
  -5852.85  6434.6875  9.85008e-01  9.85016e-01  3.08893e-03  2.04488e-01
  -5824.30  6435.3125  9.84015e-01  9.84016e-01  3.30326e-03  2.30880e-01
  -5795.75  6435.9375  9.83017e-01  9.83017e-01  3.19981e-03  2.47058e-01
  -5767.19  6436.5625  9.82018e-01  9.82018e-01  2.93362e-03  2.32266e-01
  -5738.64  6437.1875  9.81031e-01  9.81019e-01  2.65045e-03  2.38594e-01
  -5710.09  6437.8125  9.80136e-01  9.80019e-01  2.54601e-03  2.91643e-01
  -5681.54  6438.4375  9.79490e-01  9.79348e-01  2.59519e-03  2.96418e-01
  -5652.99  6439.0625  9.79112e-01  9.79100e-01  2.81399e-03  2.50898e-01
  -5624.44  6439.6875  9.78836e-01  9.78842e-01  2.84496e-03  2.41113e-01
  -5595.89  6440.3125  9.78545e-01  9.78572e-01  2.74016e-03  2.59257e-01
  -5567.34  6440.9375  9.78164e-01  9.78245e-01  2.77890e-03  2.87172e-01
  -5538.79  6441.5625  9.77647e-01  9.77665e-01  2.87419e-03  2.76665e-01
  -5510.24  6442.1875  9.77018e-01  9.77063e-01  2.83647e-03  2.22304e-01
  -5481.68  6442.8125  9.76119e-01  9.76435e-01  2.91171e-03  2.35817e-01
  -5453.13  6443.4375  9.74686e-01  9.74824e-01  2.86699e-03  2.79111e-01
  -5424.58  6444.0625  9.72858e-01  9.72887e-01  2.79581e-03  2.91404e-01
  -5396.03  6444.6875  9.70864e-01  9.70918e-01  2.86290e-03  2.80686e-01
  -5367.48  6445.3125  9.68741e-01  9.68797e-01  3.06457e-03  2.88022e-01
  -5338.93  6445.9375  9.66465e-01  9.66520e-01  3.01713e-03  3.39135e-01
  -5310.38  6446.5625  9.63850e-01  9.64202e-01  2.71072e-03  4.11756e-01
  -5281.83  6447.1875  9.60446e-01  9.60913e-01  2.35702e-03  4.16599e-01
  -5253.28  6447.8125  9.56155e-01  9.56228e-01  2.39909e-03  4.01109e-01
  -5224.72  6448.4375  9.51330e-01  9.51515e-01  2.80201e-03  3.99628e-01
  -5196.17  6449.0625  9.45640e-01  9.46555e-01  2.69428e-03  4.55948e-01
  -5167.62  6449.6875  9.38554e-01  9.38655e-01  2.49814e-03  4.88554e-01
  -5139.07  6450.3125  9.30758e-01  9.30774e-01  2.49896e-03  4.72012e-01
  -5110.52  6450.9375  9.22720e-01  9.22910e-01  2.34500e-03  3.99280e-01
  -5081.97  6451.5625  9.14138e-01  9.14599e-01  2.17581e-03  4.04308e-01
  -5053.42  6452.1875  9.04805e-01  9.04837e-01  2.24257e-03  4.65642e-01
  -5024.87  6452.8125  8.95127e-01  8.95139e-01  2.34770e-03  4.48842e-01
  -4996.32  6453.4375  8.85160e-01  8.85509e-01  2.23711e-03  4.37793e-01
  -4967.77  6454.0625  8.74212e-01  8.75047e-01  2.16506e-03  5.13630e-01
  -4939.21  6454.6875  8.61916e-01  8.61953e-01  2.26206e-03  5.49406e-01
  -4910.66  6455.3125  8.49040e-01  8.49036e-01  2.24709e-03  5.21996e-01
  -4882.11  6455.9375  8.35778e-01  8.36295e-01  2.02584e-03  5.09127e-01
  -4853.56  6456.5625  8.21277e-01  8.22188e-01  1.80465e-03  5.68345e-01
  -4825.01  6457.1875  8.05261e-01  8.05242e-01  2.00294e-03  6.28992e-01
  -4796.46  6457.8125  7.88867e-01  7.88643e-01  2.19861e-03  6.28983e-01
  -4767.91  6458.4375  7.73420e-01  7.72378e-01  2.09411e-03  6.56028e-01
  -4739.36  6459.0625  7.60116e-01  7.59111e-01  1.98158e-03  6.69342e-01
  -4710.81  6459.6875  7.48951e-01  7.48730e-01  2.00602e-03  6.52880e-01
  -4682.26  6460.3125  7.39386e-01  7.38431e-01  2.08162e-03  6.21749e-01
  -4653.70  6460.9375  7.32834e-01  7.30246e-01  2.14397e-03  6.20333e-01
  -4625.15  6461.5625  7.30214e-01  7.30252e-01  2.26250e-03  6.35827e-01
  -4596.60  6462.1875  7.27416e-01  7.30153e-01  2.01804e-03  6.65970e-01
  -4568.05  6462.8125  7.19670e-01  7.21843e-01  1.49830e-03  7.21192e-01
  -4539.50  6463.4375  7.06452e-01  7.07738e-01  1.49892e-03  7.86419e-01
  -4510.95  6464.0625  6.87759e-01  6.91632e-01  1.60234e-03  7.98377e-01
  -4482.40  6464.6875  6.63009e-01  6.63091e-01  1.38118e-03  7.64287e-01
  -4453.85  6465.3125  6.35909e-01  6.35681e-01  1.19303e-03  7.87015e-01
  -4425.30  6465.9375  6.09127e-01  6.08842e-01  1.04790e-03  8.72212e-01
  -4396.74  6466.5625  5.83176e-01  5.82714e-01  9.35414e-04  8.66154e-01
  -4368.19  6467.1875  5.58518e-01  5.57684e-01  8.83748e-04  7.74637e-01
  -4339.64  6467.8125  5.33993e-01  5.35312e-01  9.29038e-04  7.48869e-01
  -4311.09  6468.4375  4.98669e-01  5.13891e-01  1.01789e-03  8.17105e-01
  -4282.54  6469.0625  4.36729e-01  4.46239e-01  1.03598e-03  8.31213e-01
  -4253.99  6469.6875  3.58928e-01  3.49866e-01  9.51093e-04  8.56812e-01
  -4225.44  6470.3125  2.98782e-01  2.79446e-01  9.49001e-04  9.57233e-01
  -4196.89  6470.9375  2.71561e-01  2.68684e-01  8.87633e-04  9.97648e-01
  -4168.34  6471.5625  2.62920e-01  2.58494e-01  7.47964e-04  9.69170e-01
  -4139.79  6472.1875  2.62511e-01  2.62394e-01  6.36519e-04  9.44337e-01
  -4111.23  6472.8125  2.62722e-01  2.66131e-01  6.00954e-04  9.43137e-01
  -4082.68  6473.4375  2.54861e-01  2.61078e-01  5.43166e-04  9.26838e-01
  -4054.13  6474.0625  2.37654e-01  2.36159e-01  4.92403e-04  9.82649e-01
  -4025.58  6474.6875  2.20492e-01  2.17072e-01  4.65612e-04  1.02798e+00
  -3997.03  6475.3125  2.05801e-01  2.10355e-01  3.85722e-04  9.98258e-01
  -3968.48  6475.9375  1.86371e-01  1.87751e-01  3.09483e-04  9.54337e-01
  -3939.93  6476.5625  1.63337e-01  1.61952e-01  2.61085e-04  9.39546e-01
  -3911.38  6477.1875  1.42281e-01  1.40468e-01  2.41226e-04  1.00687e+00
  -3882.83  6477.8125  1.24943e-01  1.24213e-01  2.90600e-04  1.13142e+00
  -3854.28  6478.4375  1.10763e-01  1.09128e-01  2.75297e-04  1.18186e+00
  -3825.72  6479.0625  1.00162e-01  9.87444e-02  2.34740e-04  1.13565e+00
  -3797.17  6479.6875  9.32453e-02  9.19920e-02  2.25752e-04  1.12779e+00
  -3768.62  6480.3125  8.92875e-02  8.86880e-02  1.73685e-04  1.23858e+00
  -3740.07  6480.9375  8.71119e-02  8.67966e-02  1.25205e-04  1.26604e+00
  -3711.52  6481.5625  8.55619e-02  8.59040e-02  1.14815e-04  1.22771e+00
  -3682.97  6482.1875  8.40099e-02  8.36295e-02  1.48768e-04  1.26268e+00
  -3654.42  6482.8125  8.31037e-02  8.25733e-02  2.77655e-04  1.27241e+00
  -3625.87  6483.4375  8.34196e-02  8.29464e-02  3.74716e-04  1.23968e+00
  -3597.32  6484.0625  8.48563e-02  8.46088e-02  2.78839e-04  1.24942e+00
  -3568.76  6484.6875  8.70125e-02  8.68746e-02  2.45267e-04  1.31514e+00
  -3540.21  6485.3125  8.95584e-02  8.94921e-02  2.90287e-04  1.39150e+00
  -3511.66  6485.9375  9.23099e-02  9.22681e-02  4.11635e-04  1.42283e+00
  -3483.11  6486.5625  9.51836e-02  9.51490e-02  5.50199e-04  1.42289e+00
  -3454.56  6487.1875  9.81549e-02  9.81167e-02  6.82597e-04  1.42833e+00
  -3426.01  6487.8125  1.01218e-01  1.01189e-01  7.45222e-04  1.43173e+00
  -3397.46  6488.4375  1.04361e-01  1.04333e-01  6.03047e-04  1.45246e+00
  -3368.91  6489.0625  1.07572e-01  1.07552e-01  4.58016e-04  1.45893e+00
  -3340.36  6489.6875  1.10841e-01  1.10816e-01  5.18857e-04  1.44045e+00
  -3311.81  6490.3125  1.14164e-01  1.14154e-01  6.51412e-04  1.46617e+00
  -3283.25  6490.9375  1.17532e-01  1.17509e-01  5.64588e-04  1.47585e+00
  -3254.70  6491.5625  1.20946e-01  1.20935e-01  4.15755e-04  1.45208e+00
  -3226.15  6492.1875  1.24397e-01  1.24383e-01  4.30475e-04  1.49905e+00
  -3197.60  6492.8125  1.27887e-01  1.27867e-01  5.25045e-04  1.61971e+00
  -3169.05  6493.4375  1.31417e-01  1.31408e-01  6.35065e-04  1.70157e+00
  -3140.50  6494.0625  1.34980e-01  1.34967e-01  8.13627e-04  1.72716e+00
  -3111.95  6494.6875  1.38577e-01  1.38561e-01  9.81826e-04  1.80802e+00
  -3083.40  6495.3125  1.42213e-01  1.42201e-01  9.99578e-04  1.86469e+00
  -3054.85  6495.9375  1.45883e-01  1.45868e-01  9.20465e-04  1.80296e+00
  -3026.30  6496.5625  1.49588e-01  1.49575e-01  8.11105e-04  1.79756e+00
  -2997.74  6497.1875  1.53329e-01  1.53316e-01  6.52965e-04  1.79497e+00
  -2969.19  6497.8125  1.57105e-01  1.57090e-01  4.76319e-04  1.74607e+00
  -2940.64  6498.4375  1.60918e-01  1.60903e-01  3.45886e-04  1.71906e+00
  -2912.09  6499.0625  1.64770e-01  1.64757e-01  3.33397e-04  1.67106e+00
  -2883.54  6499.6875  1.68660e-01  1.68644e-01  5.25941e-04  1.68475e+00
  -2854.99  6500.3125  1.72590e-01  1.72574e-01  7.38777e-04  1.82130e+00
  -2826.44  6500.9375  1.76560e-01  1.76545e-01  8.26418e-04  1.79138e+00
  -2797.89  6501.5625  1.80571e-01  1.80555e-01  7.61292e-04  1.80017e+00
  -2769.34  6502.1875  1.84623e-01  1.84607e-01  6.91748e-04  1.83392e+00
  -2740.78  6502.8125  1.88717e-01  1.88701e-01  6.94854e-04  1.78354e+00
  -2712.23  6503.4375  1.92853e-01  1.92836e-01  7.40478e-04  1.82343e+00
  -2683.68  6504.0625  1.97031e-01  1.97014e-01  8.14376e-04  1.95253e+00
  -2655.13  6504.6875  2.01252e-01  2.01234e-01  7.94341e-04  2.00479e+00
  -2626.58  6505.3125  2.05521e-01  2.05501e-01  7.50865e-04  2.05593e+00
  -2598.03  6505.9375  2.09841e-01  2.09821e-01  7.60819e-04  2.13216e+00
  -2569.48  6506.5625  2.14211e-01  2.14192e-01  7.14167e-04  2.16194e+00
  -2540.93  6507.1875  2.18631e-01  2.18613e-01  6.99760e-04  2.14291e+00
  -2512.38  6507.8125  2.23097e-01  2.23080e-01  9.12914e-04  2.04672e+00
  -2483.83  6508.4375  2.27609e-01  2.27591e-01  1.14549e-03  2.02292e+00
  -2455.27  6509.0625  2.32169e-01  2.32148e-01  1.12574e-03  2.03335e+00
  -2426.72  6509.6875  2.36786e-01  2.36760e-01  1.17350e-03  1.93907e+00
  -2398.17  6510.3125  2.41467e-01  2.41443e-01  1.28565e-03  1.86935e+00
  -2369.62  6510.9375  2.46209e-01  2.46190e-01  1.27171e-03  1.92408e+00
  -2341.07  6511.5625  2.51002e-01  2.50986e-01  1.05965e-03  2.07892e+00
  -2312.52  6512.1875  2.55844e-01  2.55820e-01  1.02110e-03  2.22065e+00
  -2283.97  6512.8125  2.60748e-01  2.60716e-01  1.11292e-03  2.34598e+00
  -2255.42  6513.4375  2.65724e-01  2.65700e-01  1.15954e-03  2.40133e+00
  -2226.87  6514.0625  2.70763e-01  2.70746e-01  1.18563e-03  2.42625e+00
  -2198.32  6514.6875  2.75860e-01  2.75830e-01  1.15946e-03  2.40160e+00
  -2169.76  6515.3125  2.81027e-01  2.80998e-01  1.25820e-03  2.41212e+00
  -2141.21  6515.9375  2.86266e-01  2.86243e-01  1.29514e-03  2.53445e+00
  -2112.66  6516.5625  2.91571e-01  2.91543e-01  1.11992e-03  2.59873e+00
  -2084.11  6517.1875  2.96949e-01  2.96917e-01  9.32156e-04  2.61951e+00
  -2055.56  6517.8125  3.02404e-01  3.02377e-01  8.02448e-04  2.56943e+00
  -2027.01  6518.4375  3.07934e-01  3.07904e-01  9.18469e-04  2.54626e+00
  -1998.46  6519.0625  3.13542e-01  3.13506e-01  1.12637e-03  2.61642e+00
  -1969.91  6519.6875  3.19233e-01  3.19210e-01  1.24592e-03  2.73072e+00
  -1941.36  6520.3125  3.25004e-01  3.24962e-01  1.23629e-03  2.87351e+00
  -1912.80  6520.9375  3.30867e-01  3.30836e-01  1.24885e-03  2.89605e+00
  -1884.25  6521.5625  3.36818e-01  3.36784e-01  1.34540e-03  2.95191e+00
  -1855.70  6522.1875  3.42857e-01  3.42819e-01  1.31293e-03  3.02694e+00
  -1827.15  6522.8125  3.48991e-01  3.48956e-01  1.15145e-03  3.12140e+00
  -1798.60  6523.4375  3.55223e-01  3.55182e-01  1.24825e-03  3.26637e+00
  -1770.05  6524.0625  3.61554e-01  3.61519e-01  1.58551e-03  3.43754e+00
  -1741.50  6524.6875  3.67989e-01  3.67943e-01  1.90157e-03  3.49531e+00
  -1712.95  6525.3125  3.74531e-01  3.74495e-01  1.84354e-03  3.53947e+00
  -1684.40  6525.9375  3.81183e-01  3.81131e-01  1.56119e-03  3.58621e+00
  -1655.85  6526.5625  3.87951e-01  3.87913e-01  1.54015e-03  3.62893e+00
  -1627.29  6527.1875  3.94837e-01  3.94783e-01  1.45702e-03  3.62038e+00
  -1598.74  6527.8125  4.01847e-01  4.01803e-01  1.65668e-03  3.76571e+00
  -1570.19  6528.4375  4.08984e-01  4.08930e-01  2.07373e-03  4.12184e+00
  -1541.64  6529.0625  4.16253e-01  4.16202e-01  2.27876e-03  4.38345e+00
  -1513.09  6529.6875  4.23659e-01  4.23604e-01  2.14550e-03  4.55239e+00
  -1484.54  6530.3125  4.31209e-01  4.31151e-01  1.93269e-03  4.81261e+00
  -1455.99  6530.9375  4.38906e-01  4.38848e-01  1.80195e-03  4.99245e+00
  -1427.44  6531.5625  4.46756e-01  4.46693e-01  1.61075e-03  5.26447e+00
  -1398.89  6532.1875  4.54766e-01  4.54705e-01  1.44113e-03  5.60622e+00
  -1370.34  6532.8125  4.62943e-01  4.62869e-01  1.58589e-03  5.70902e+00
  -1341.78  6533.4375  4.71296e-01  4.71233e-01  1.80958e-03  5.68302e+00
  -1313.23  6534.0625  4.79829e-01  4.79753e-01  1.99401e-03  5.87079e+00
  -1284.68  6534.6875  4.88552e-01  4.88476e-01  1.93857e-03  6.20929e+00
  -1256.13  6535.3125  4.97475e-01  4.97398e-01  1.89752e-03  6.49052e+00
  -1227.58  6535.9375  5.06605e-01  5.06518e-01  1.98930e-03  6.78653e+00
  -1199.03  6536.5625  5.15954e-01  5.15869e-01  2.22295e-03  7.18135e+00
  -1170.48  6537.1875  5.25531e-01  5.25439e-01  2.21199e-03  7.61571e+00
  -1141.93  6537.8125  5.35348e-01  5.35248e-01  2.15147e-03  7.97629e+00
  -1113.38  6538.4375  5.45420e-01  5.45319e-01  1.98567e-03  8.32837e+00
  -1084.83  6539.0625  5.55758e-01  5.55653e-01  2.12064e-03  8.68094e+00
  -1056.27  6539.6875  5.66375e-01  5.66258e-01  2.12971e-03  9.00748e+00
  -1027.72  6540.3125  5.77292e-01  5.77169e-01  1.92959e-03  9.54628e+00
   -999.17  6540.9375  5.88527e-01  5.88401e-01  1.95815e-03  1.00392e+01
   -970.62  6541.5625  6.00095e-01  5.99960e-01  2.32264e-03  1.03908e+01
   -942.07  6542.1875  6.12016e-01  6.11869e-01  2.51746e-03  1.10218e+01
   -913.52  6542.8125  6.24317e-01  6.24162e-01  2.53111e-03  1.20181e+01
   -884.97  6543.4375  6.37023e-01  6.36857e-01  2.41094e-03  1.29486e+01
   -856.42  6544.0625  6.50164e-01  6.49987e-01  2.25099e-03  1.38450e+01
   -827.87  6544.6875  6.63769e-01  6.63577e-01  2.13925e-03  1.45511e+01
   -799.31  6545.3125  6.77877e-01  6.77667e-01  2.14581e-03  1.53059e+01
   -770.76  6545.9375  6.92533e-01  6.92307e-01  2.52678e-03  1.64005e+01
   -742.21  6546.5625  7.07781e-01  7.07535e-01  2.85827e-03  1.77288e+01
   -713.66  6547.1875  7.23674e-01  7.23406e-01  2.78642e-03  1.89815e+01
   -685.11  6547.8125  7.40270e-01  7.39976e-01  3.06466e-03  1.99051e+01
   -656.56  6548.4375  7.57641e-01  7.57309e-01  3.10915e-03  2.05256e+01
   -628.01  6549.0625  7.75874e-01  7.75510e-01  3.02541e-03  2.13278e+01
   -599.46  6549.6875  7.95062e-01  7.94659e-01  2.97172e-03  2.18720e+01
   -570.91  6550.3125  8.15305e-01  8.14858e-01  2.73272e-03  2.19324e+01
   -542.36  6550.9375  8.36721e-01  8.36221e-01  2.87091e-03  2.22644e+01
   -513.80  6551.5625  8.59448e-01  8.58886e-01  3.16673e-03  2.27637e+01
   -485.25  6552.1875  8.83647e-01  8.83012e-01  3.15017e-03  2.30305e+01
   -456.70  6552.8125  9.09506e-01  9.08795e-01  3.15930e-03  2.33104e+01
   -428.15  6553.4375  9.37229e-01  9.36428e-01  3.35997e-03  2.34433e+01
   -399.60  6554.0625  9.67056e-01  9.66146e-01  3.09598e-03  2.33934e+01
   -371.05  6554.6875  9.99275e-01  9.98232e-01  2.98461e-03  2.34273e+01
   -342.50  6555.3125  1.03424e+00  1.03303e+00  3.31702e-03  2.37746e+01
   -313.95  6555.9375  1.07238e+00  1.07096e+00  3.86590e-03  2.40166e+01
   -285.40  6556.5625  1.11430e+00  1.11258e+00  4.16490e-03  2.41497e+01
   -256.85  6557.1875  1.16082e+00  1.15866e+00  4.59516e-03  2.36289e+01
   -228.29  6557.8125  1.21319e+00  1.21031e+00  5.09024e-03  2.31776e+01
   -199.74  6558.4375  1.27368e+00  1.26932e+00  5.14777e-03  2.32866e+01
   -171.19  6559.0625  1.35006e+00  1.33887e+00  5.15807e-03  2.35144e+01
   -142.64  6559.6875  1.47190e+00  1.42605e+00  5.23797e-03  2.37022e+01
   -114.09  6560.3125  1.66155e+00  1.66247e+00  5.47263e-03  2.36390e+01
    -85.54  6560.9375  1.88261e+00  1.87532e+00  5.91936e-03  2.38560e+01
    -56.99  6561.5625  2.10970e+00  2.11348e+00  6.50573e-03  2.43940e+01
    -28.44  6562.1875  2.29155e+00  2.36404e+00  7.20498e-03  2.40648e+01
      0.11  6562.8125  2.36447e+00  2.38079e+00  7.71870e-03  2.34030e+01
     28.67  6563.4375  2.36686e+00  2.37423e+00  7.67873e-03  2.35145e+01
     57.22  6564.0625  2.34455e+00  2.34879e+00  7.44810e-03  2.38402e+01
     85.77  6564.6875  2.31063e+00  2.31244e+00  7.63336e-03  2.38438e+01
    114.32  6565.3125  2.27131e+00  2.27166e+00  7.93504e-03  2.37702e+01
    142.87  6565.9375  2.23055e+00  2.23017e+00  8.98581e-03  2.37214e+01
    171.42  6566.5625  2.19046e+00  2.18978e+00  9.29291e-03  2.38435e+01
    199.97  6567.1875  2.15201e+00  2.15123e+00  7.94188e-03  2.37731e+01
    228.52  6567.8125  2.11552e+00  2.11475e+00  6.80262e-03  2.34589e+01
    257.07  6568.4375  2.08104e+00  2.08030e+00  6.78645e-03  2.32651e+01
    285.62  6569.0625  2.04847e+00  2.04778e+00  6.60437e-03  2.31164e+01
    314.18  6569.6875  2.01769e+00  2.01705e+00  6.03097e-03  2.31853e+01
    342.73  6570.3125  1.98856e+00  1.98798e+00  6.10655e-03  2.32647e+01
    371.28  6570.9375  1.96096e+00  1.96042e+00  5.99419e-03  2.32155e+01
    399.83  6571.5625  1.93478e+00  1.93428e+00  5.90246e-03  2.31425e+01
    428.38  6572.1875  1.90992e+00  1.90945e+00  6.12018e-03  2.28321e+01
    456.93  6572.8125  1.88628e+00  1.88584e+00  6.35568e-03  2.26008e+01
    485.48  6573.4375  1.86377e+00  1.86336e+00  6.00501e-03  2.25801e+01
    514.03  6574.0625  1.84233e+00  1.84195e+00  5.86088e-03  2.24623e+01
    542.58  6574.6875  1.82187e+00  1.82152e+00  6.07906e-03  2.20459e+01
    571.13  6575.3125  1.80232e+00  1.80200e+00  5.98123e-03  2.17211e+01
    599.69  6575.9375  1.78363e+00  1.78332e+00  5.83565e-03  2.13286e+01
    628.24  6576.5625  1.76572e+00  1.76543e+00  6.04748e-03  2.10869e+01
    656.79  6577.1875  1.74855e+00  1.74829e+00  5.94718e-03  2.08938e+01
    685.34  6577.8125  1.73208e+00  1.73184e+00  5.84285e-03  2.03528e+01
    713.89  6578.4375  1.71624e+00  1.71601e+00  5.95049e-03  1.95889e+01
    742.44  6579.0625  1.70099e+00  1.70078e+00  5.49743e-03  1.88121e+01
    770.99  6579.6875  1.68630e+00  1.68610e+00  5.24709e-03  1.77923e+01
    799.54  6580.3125  1.67213e+00  1.67194e+00  5.62789e-03  1.68340e+01
    828.09  6580.9375  1.65844e+00  1.65827e+00  5.94572e-03  1.61323e+01
    856.65  6581.5625  1.64521e+00  1.64505e+00  5.97016e-03  1.52804e+01
    885.20  6582.1875  1.63240e+00  1.63225e+00  6.03771e-03  1.41728e+01
    913.75  6582.8125  1.61999e+00  1.61985e+00  6.41103e-03  1.31751e+01
    942.30  6583.4375  1.60795e+00  1.60782e+00  6.42007e-03  1.24741e+01
    970.85  6584.0625  1.59627e+00  1.59615e+00  6.12814e-03  1.17606e+01
    999.40  6584.6875  1.58493e+00  1.58481e+00  5.75260e-03  1.11816e+01
   1027.95  6585.3125  1.57389e+00  1.57378e+00  5.51532e-03  1.07133e+01
   1056.50  6585.9375  1.56316e+00  1.56305e+00  5.35064e-03  1.01616e+01
   1085.05  6586.5625  1.55271e+00  1.55261e+00  5.06986e-03  9.55068e+00
   1113.60  6587.1875  1.54253e+00  1.54243e+00  4.81924e-03  9.10713e+00
   1142.16  6587.8125  1.53260e+00  1.53250e+00  4.82565e-03  8.66060e+00
   1170.71  6588.4375  1.52291e+00  1.52283e+00  5.08505e-03  8.32076e+00
   1199.26  6589.0625  1.51346e+00  1.51338e+00  5.21789e-03  7.86136e+00
   1227.81  6589.6875  1.50422e+00  1.50414e+00  5.36340e-03  7.47171e+00
   1256.36  6590.3125  1.49520e+00  1.49513e+00  5.38503e-03  7.27756e+00
   1284.91  6590.9375  1.48638e+00  1.48630e+00  5.11439e-03  6.98898e+00
   1313.46  6591.5625  1.47775e+00  1.47767e+00  4.74765e-03  6.54791e+00
   1342.01  6592.1875  1.46930e+00  1.46924e+00  4.71988e-03  6.19056e+00
   1370.56  6592.8125  1.46103e+00  1.46096e+00  4.34925e-03  5.93924e+00
   1399.11  6593.4375  1.45293e+00  1.45287e+00  4.21731e-03  5.72912e+00
   1427.67  6594.0625  1.44499e+00  1.44493e+00  4.39833e-03  5.62922e+00
   1456.22  6594.6875  1.43721e+00  1.43715e+00  4.50517e-03  5.46137e+00
   1484.77  6595.3125  1.42958e+00  1.42952e+00  4.54935e-03  5.36070e+00
   1513.32  6595.9375  1.42209e+00  1.42203e+00  4.59950e-03  5.23063e+00
   1541.87  6596.5625  1.41474e+00  1.41469e+00  4.49847e-03  4.81803e+00
   1570.42  6597.1875  1.40752e+00  1.40747e+00  4.43626e-03  4.58342e+00
   1598.97  6597.8125  1.40044e+00  1.40039e+00  4.62516e-03  4.49071e+00
   1627.52  6598.4375  1.39348e+00  1.39342e+00  4.66852e-03  4.41673e+00
   1656.07  6599.0625  1.38664e+00  1.38660e+00  4.56271e-03  4.31715e+00
   1684.63  6599.6875  1.37991e+00  1.37986e+00  4.57387e-03  4.20801e+00
   1713.18  6600.3125  1.37330e+00  1.37326e+00  4.53229e-03  4.04258e+00
   1741.73  6600.9375  1.36680e+00  1.36675e+00  4.77927e-03  3.76430e+00
   1770.28  6601.5625  1.36040e+00  1.36037e+00  4.62595e-03  3.55157e+00
   1798.83  6602.1875  1.35410e+00  1.35406e+00  4.22888e-03  3.43540e+00
   1827.38  6602.8125  1.34791e+00  1.34787e+00  3.90498e-03  3.32749e+00
   1855.93  6603.4375  1.34181e+00  1.34177e+00  3.47949e-03  3.29851e+00
   1884.48  6604.0625  1.33580e+00  1.33576e+00  3.44037e-03  3.25777e+00
   1913.03  6604.6875  1.32988e+00  1.32985e+00  3.71975e-03  3.10227e+00
   1941.58  6605.3125  1.32404e+00  1.32400e+00  3.96101e-03  2.97526e+00
   1970.14  6605.9375  1.31830e+00  1.31827e+00  4.15425e-03  2.97626e+00
   1998.69  6606.5625  1.31263e+00  1.31260e+00  4.00186e-03  2.97058e+00
   2027.24  6607.1875  1.30705e+00  1.30702e+00  3.66672e-03  2.86211e+00
   2055.79  6607.8125  1.30154e+00  1.30152e+00  3.61724e-03  2.70498e+00
   2084.34  6608.4375  1.29611e+00  1.29608e+00  3.71625e-03  2.64003e+00
   2112.89  6609.0625  1.29076e+00  1.29073e+00  3.68917e-03  2.69234e+00
   2141.44  6609.6875  1.28547e+00  1.28545e+00  3.73901e-03  2.59630e+00
   2169.99  6610.3125  1.28025e+00  1.28022e+00  3.97903e-03  2.50175e+00
   2198.54  6610.9375  1.27511e+00  1.27507e+00  4.12930e-03  2.56986e+00
   2227.09  6611.5625  1.27003e+00  1.27001e+00  4.20482e-03  2.58481e+00
   2255.65  6612.1875  1.26501e+00  1.26498e+00  3.71279e-03  2.45400e+00
   2284.20  6612.8125  1.26005e+00  1.26002e+00  3.45983e-03  2.23180e+00
   2312.75  6613.4375  1.25516e+00  1.25514e+00  3.54870e-03  2.11813e+00
   2341.30  6614.0625  1.25033e+00  1.25032e+00  3.36118e-03  2.12865e+00
   2369.85  6614.6875  1.24556e+00  1.24554e+00  3.41296e-03  2.20093e+00
   2398.40  6615.3125  1.24083e+00  1.24081e+00  3.51931e-03  2.24755e+00
   2426.95  6615.9375  1.23616e+00  1.23614e+00  3.60651e-03  2.23944e+00
   2455.50  6616.5625  1.23156e+00  1.23154e+00  3.74782e-03  2.09689e+00
   2484.05  6617.1875  1.22701e+00  1.22699e+00  3.65581e-03  2.02923e+00
   2512.61  6617.8125  1.22251e+00  1.22250e+00  3.27327e-03  2.07208e+00
   2541.16  6618.4375  1.21806e+00  1.21804e+00  3.11844e-03  2.06055e+00
   2569.71  6619.0625  1.21365e+00  1.21364e+00  3.00806e-03  2.00370e+00
   2598.26  6619.6875  1.20930e+00  1.20928e+00  2.91734e-03  1.99574e+00
   2626.81  6620.3125  1.20499e+00  1.20497e+00  3.17092e-03  2.01040e+00
   2655.36  6620.9375  1.20073e+00  1.20071e+00  3.65072e-03  2.01248e+00
   2683.91  6621.5625  1.19652e+00  1.19650e+00  3.73673e-03  1.94539e+00
   2712.46  6622.1875  1.19235e+00  1.19233e+00  3.55230e-03  1.81748e+00
   2741.01  6622.8125  1.18822e+00  1.18821e+00  3.40656e-03  1.78174e+00
   2769.56  6623.4375  1.18414e+00  1.18412e+00  3.35676e-03  1.73048e+00
   2798.12  6624.0625  1.18010e+00  1.18008e+00  3.52978e-03  1.75502e+00
   2826.67  6624.6875  1.17610e+00  1.17608e+00  3.44406e-03  1.83991e+00
   2855.22  6625.3125  1.17213e+00  1.17212e+00  3.29703e-03  1.88171e+00
   2883.77  6625.9375  1.16821e+00  1.16820e+00  3.42757e-03  1.78575e+00
   2912.32  6626.5625  1.16433e+00  1.16432e+00  3.44615e-03  1.66096e+00
   2940.87  6627.1875  1.16049e+00  1.16047e+00  3.55221e-03  1.65516e+00
   2969.42  6627.8125  1.15668e+00  1.15667e+00  3.62144e-03  1.71328e+00
   2997.97  6628.4375  1.15291e+00  1.15290e+00  3.30486e-03  1.79087e+00
   3026.52  6629.0625  1.14918e+00  1.14916e+00  3.30665e-03  1.79331e+00
   3055.07  6629.6875  1.14548e+00  1.14546e+00  3.35868e-03  1.72978e+00
   3083.63  6630.3125  1.14181e+00  1.14180e+00  3.22940e-03  1.67422e+00
   3112.18  6630.9375  1.13818e+00  1.13816e+00  3.02706e-03  1.67196e+00
   3140.73  6631.5625  1.13458e+00  1.13457e+00  2.90479e-03  1.69832e+00
   3169.28  6632.1875  1.13101e+00  1.13100e+00  3.17020e-03  1.62646e+00
   3197.83  6632.8125  1.12747e+00  1.12745e+00  3.49432e-03  1.53911e+00
   3226.38  6633.4375  1.12397e+00  1.12396e+00  3.38870e-03  1.56093e+00
   3254.93  6634.0625  1.12050e+00  1.12049e+00  3.21397e-03  1.58083e+00
   3283.48  6634.6875  1.11706e+00  1.11704e+00  3.26275e-03  1.55820e+00
   3312.03  6635.3125  1.11364e+00  1.11364e+00  3.00122e-03  1.51435e+00
   3340.58  6635.9375  1.11026e+00  1.11024e+00  2.87850e-03  1.53007e+00
   3369.14  6636.5625  1.10691e+00  1.10690e+00  3.15744e-03  1.55521e+00
   3397.69  6637.1875  1.10358e+00  1.10357e+00  3.12668e-03  1.48207e+00
   3426.24  6637.8125  1.10028e+00  1.10028e+00  2.79361e-03  1.42923e+00
   3454.79  6638.4375  1.09701e+00  1.09700e+00  2.75568e-03  1.38827e+00
   3483.34  6639.0625  1.09377e+00  1.09376e+00  2.78479e-03  1.35371e+00
   3511.89  6639.6875  1.09056e+00  1.09055e+00  2.73814e-03  1.45965e+00
   3540.44  6640.3125  1.08737e+00  1.08736e+00  2.62240e-03  1.46463e+00
   3568.99  6640.9375  1.08421e+00  1.08420e+00  2.84216e-03  1.36378e+00
   3597.54  6641.5625  1.08108e+00  1.08107e+00  2.87116e-03  1.23408e+00
   3626.10  6642.1875  1.07798e+00  1.07797e+00  2.97866e-03  1.18702e+00
   3654.65  6642.8125  1.07491e+00  1.07489e+00  3.08875e-03  1.20007e+00
   3683.20  6643.4375  1.07187e+00  1.07185e+00  3.22675e-03  1.19634e+00
   3711.75  6644.0625  1.06886e+00  1.06885e+00  3.44001e-03  1.23682e+00
   3740.30  6644.6875  1.06590e+00  1.06588e+00  3.33930e-03  1.21758e+00
   3768.85  6645.3125  1.06297e+00  1.06296e+00  3.17062e-03  1.12098e+00
   3797.40  6645.9375  1.06008e+00  1.06007e+00  2.99024e-03  1.04496e+00
   3825.95  6646.5625  1.05724e+00  1.05722e+00  2.75579e-03  1.02159e+00
   3854.50  6647.1875  1.05445e+00  1.05443e+00  2.53899e-03  1.07212e+00
   3883.05  6647.8125  1.05173e+00  1.05170e+00  2.43613e-03  1.13276e+00
   3911.61  6648.4375  1.04908e+00  1.04905e+00  2.34450e-03  1.13899e+00
   3940.16  6649.0625  1.04651e+00  1.04647e+00  2.39898e-03  1.12629e+00
   3968.71  6649.6875  1.04403e+00  1.04400e+00  2.63656e-03  1.03120e+00
   3997.26  6650.3125  1.04164e+00  1.04162e+00  2.78213e-03  9.97374e-01
   4025.81  6650.9375  1.03932e+00  1.03930e+00  2.90423e-03  1.00413e+00
   4054.36  6651.5625  1.03706e+00  1.03703e+00  2.99308e-03  9.38714e-01
   4082.91  6652.1875  1.03488e+00  1.03485e+00  3.00943e-03  8.82253e-01
   4111.46  6652.8125  1.03275e+00  1.03274e+00  2.93233e-03  8.96517e-01
   4140.01  6653.4375  1.03064e+00  1.03064e+00  2.87677e-03  8.84821e-01
   4168.56  6654.0625  1.02856e+00  1.02855e+00  2.82481e-03  8.58158e-01
   4197.12  6654.6875  1.02651e+00  1.02649e+00  2.90902e-03  8.50233e-01
   4225.67  6655.3125  1.02453e+00  1.02448e+00  3.10397e-03  8.54280e-01
   4254.22  6655.9375  1.02269e+00  1.02260e+00  3.03461e-03  8.47956e-01
   4282.77  6656.5625  1.02105e+00  1.02096e+00  2.68584e-03  8.97777e-01
   4311.32  6657.1875  1.01962e+00  1.01958e+00  2.58575e-03  8.76403e-01
   4339.87  6657.8125  1.01832e+00  1.01829e+00  2.61574e-03  7.48396e-01
   4368.42  6658.4375  1.01710e+00  1.01707e+00  2.76671e-03  6.97353e-01
   4396.97  6659.0625  1.01595e+00  1.01592e+00  3.08700e-03  7.19795e-01
   4425.52  6659.6875  1.01488e+00  1.01485e+00  3.11226e-03  7.24893e-01
   4454.08  6660.3125  1.01389e+00  1.01386e+00  2.99956e-03  6.87283e-01
   4482.63  6660.9375  1.01297e+00  1.01294e+00  3.01378e-03  6.63328e-01
   4511.18  6661.5625  1.01213e+00  1.01210e+00  3.00083e-03  7.08430e-01
   4539.73  6662.1875  1.01134e+00  1.01133e+00  2.75496e-03  7.54172e-01
   4568.28  6662.8125  1.01061e+00  1.01059e+00  2.61777e-03  6.83137e-01
   4596.83  6663.4375  1.00990e+00  1.00990e+00  2.71432e-03  6.14396e-01
   4625.38  6664.0625  1.00922e+00  1.00921e+00  2.76362e-03  6.40785e-01
   4653.93  6664.6875  1.00854e+00  1.00854e+00  2.62451e-03  6.74370e-01
   4682.48  6665.3125  1.00788e+00  1.00787e+00  2.46604e-03  6.48350e-01
   4711.03  6665.9375  1.00725e+00  1.00724e+00  2.61975e-03  5.81587e-01
   4739.59  6666.5625  1.00665e+00  1.00664e+00  2.87052e-03  5.59298e-01
   4768.14  6667.1875  1.00608e+00  1.00607e+00  2.89984e-03  5.66770e-01
   4796.69  6667.8125  1.00555e+00  1.00554e+00  2.95103e-03  5.68532e-01
   4825.24  6668.4375  1.00506e+00  1.00505e+00  3.29791e-03  5.71726e-01
   4853.79  6669.0625  1.00462e+00  1.00460e+00  3.23414e-03  4.99781e-01
   4882.34  6669.6875  1.00421e+00  1.00420e+00  2.85669e-03  4.28710e-01
   4910.89  6670.3125  1.00384e+00  1.00383e+00  2.79528e-03  4.31221e-01
   4939.44  6670.9375  1.00350e+00  1.00349e+00  2.85129e-03  4.78223e-01
   4967.99  6671.5625  1.00319e+00  1.00318e+00  2.81123e-03  4.86286e-01
   4996.54  6672.1875  1.00292e+00  1.00291e+00  2.93687e-03  4.50695e-01
   5025.10  6672.8125  1.00266e+00  1.00265e+00  3.07704e-03  4.65637e-01
   5053.65  6673.4375  1.00243e+00  1.00243e+00  2.82585e-03  4.98125e-01
   5082.20  6674.0625  1.00223e+00  1.00222e+00  2.54739e-03  4.39864e-01
   5110.75  6674.6875  1.00204e+00  1.00204e+00  2.55557e-03  3.75132e-01
   5139.30  6675.3125  1.00188e+00  1.00187e+00  2.57484e-03  3.57621e-01
   5167.85  6675.9375  1.00173e+00  1.00172e+00  2.58336e-03  3.77899e-01
   5196.40  6676.5625  1.00160e+00  1.00160e+00  2.75354e-03  3.72988e-01
   5224.95  6677.1875  1.00149e+00  1.00148e+00  3.09687e-03  3.63933e-01
   5253.50  6677.8125  1.00138e+00  1.00138e+00  3.17737e-03  3.70850e-01
   5282.06  6678.4375  1.00129e+00  1.00129e+00  2.80281e-03  3.92971e-01
   5310.61  6679.0625  1.00121e+00  1.00121e+00  2.86476e-03  3.65271e-01
   5339.16  6679.6875  1.00113e+00  1.00113e+00  3.21765e-03  3.33052e-01
   5367.71  6680.3125  1.00106e+00  1.00106e+00  3.16111e-03  3.53871e-01
   5396.26  6680.9375  1.00100e+00  1.00100e+00  2.99121e-03  3.49973e-01
   5424.81  6681.5625  1.00094e+00  1.00093e+00  2.78985e-03  3.05899e-01
   5453.36  6682.1875  1.00088e+00  1.00088e+00  2.54385e-03  2.64278e-01
   5481.91  6682.8125  1.00083e+00  1.00083e+00  2.30959e-03  2.68289e-01
   5510.46  6683.4375  1.00078e+00  1.00078e+00  2.17609e-03  2.90481e-01
   5539.01  6684.0625  1.00073e+00  1.00073e+00  2.23974e-03  3.34132e-01
   5567.57  6684.6875  1.00068e+00  1.00068e+00  2.72455e-03  3.68903e-01
   5596.12  6685.3125  1.00064e+00  1.00064e+00  2.93058e-03  3.34829e-01
   5624.67  6685.9375  1.00059e+00  1.00059e+00  2.86139e-03  2.93125e-01
   5653.22  6686.5625  1.00055e+00  1.00055e+00  3.00350e-03  2.71360e-01
   5681.77  6687.1875  1.00051e+00  1.00051e+00  3.06796e-03  2.42969e-01
   5710.32  6687.8125  1.00047e+00  1.00047e+00  2.92022e-03  2.43480e-01
   5738.87  6688.4375  1.00043e+00  1.00043e+00  2.89146e-03  2.64822e-01
   5767.42  6689.0625  1.00039e+00  1.00039e+00  2.93218e-03  2.69193e-01
   5795.97  6689.6875  1.00036e+00  1.00036e+00  2.84832e-03  2.19279e-01
   5824.52  6690.3125  1.00032e+00  1.00032e+00  2.93888e-03  1.88900e-01
   5853.08  6690.9375  1.00029e+00  1.00029e+00  3.16855e-03  1.97305e-01
   5881.63  6691.5625  1.00027e+00  1.00027e+00  3.10632e-03  2.20458e-01
   5910.18  6692.1875  1.00024e+00  1.00024e+00  2.84076e-03  2.44435e-01
   5938.73  6692.8125  1.00022e+00  1.00021e+00  2.70906e-03  2.30856e-01
   5967.28  6693.4375  1.00019e+00  1.00019e+00  2.63115e-03  2.16014e-01
   5995.83  6694.0625  1.00017e+00  1.00017e+00  2.56939e-03  2.14818e-01
   6024.38  6694.6875  1.00015e+00  1.00015e+00  2.75282e-03  2.25694e-01
   6052.93  6695.3125  1.00014e+00  1.00014e+00  2.87326e-03  2.26388e-01
   6081.48  6695.9375  1.00012e+00  1.00012e+00  2.75255e-03  1.84290e-01
   6110.04  6696.5625  1.00011e+00  1.00011e+00  2.52512e-03  1.29683e-01
   6138.59  6697.1875  1.00010e+00  1.00010e+00  2.47323e-03  1.04747e-01
   6167.14  6697.8125  1.00009e+00  1.00008e+00  2.55304e-03  1.07252e-01
   6195.69  6698.4375  1.00007e+00  1.00007e+00  2.64103e-03  1.24502e-01
   6224.24  6699.0625  1.00007e+00  1.00007e+00  2.46022e-03  1.29100e-01
   6252.79  6699.6875  1.00006e+00  1.00006e+00  2.34329e-03  1.43528e-01
   6281.34  6700.3125  1.00005e+00  1.00005e+00  2.48176e-03  1.50307e-01
   6309.89  6700.9375  1.00004e+00  1.00004e+00  2.46012e-03  1.62607e-01
   6338.44  6701.5625  1.00004e+00  1.00004e+00  2.54407e-03  1.69288e-01
   6366.99  6702.1875  1.00003e+00  1.00003e+00  2.72914e-03  1.42714e-01
   6395.55  6702.8125  1.00003e+00  1.00003e+00  2.59885e-03  9.80643e-02
   6424.10  6703.4375  1.00003e+00  1.00003e+00  2.64450e-03  6.76552e-02
   6452.65  6704.0625  1.00002e+00  1.00002e+00  2.83062e-03  7.47136e-02
   6481.20  6704.6875  1.00002e+00  1.00002e+00  2.98468e-03  8.76867e-02
   6509.75  6705.3125  1.00002e+00  1.00002e+00  2.89482e-03  9.89558e-02
   6538.30  6705.9375  1.00002e+00  1.00002e+00  2.40264e-03  1.00939e-01
   6566.85  6706.5625  1.00002e+00  1.00002e+00  2.37368e-03  8.65569e-02
   6595.40  6707.1875  1.00001e+00  1.00001e+00  2.63764e-03  7.52530e-02
   6623.95  6707.8125  1.00001e+00  1.00001e+00  2.41288e-03  7.32172e-02
   6652.50  6708.4375  1.00001e+00  1.00001e+00  2.28997e-03  7.95151e-02
   6681.06  6709.0625  1.00001e+00  1.00001e+00  2.61349e-03  9.29630e-02
   6709.61  6709.6875  1.00001e+00  1.00001e+00  2.72280e-03  9.91827e-02
   6738.16  6710.3125  1.00001e+00  1.00001e+00  2.76637e-03  8.95044e-02
   6766.71  6710.9375  1.00001e+00  1.00001e+00  2.87664e-03  7.14653e-02
   6795.26  6711.5625  1.00001e+00  1.00001e+00  2.83638e-03  5.89871e-02
   6823.81  6712.1875  1.00001e+00  1.00001e+00  2.46747e-03  4.04185e-02
   6852.36  6712.8125  1.00001e+00  1.00001e+00  2.35872e-03  4.20730e-02
   6880.91  6713.4375  1.00001e+00  1.00001e+00  2.63455e-03  6.64260e-02
   6909.46  6714.0625  1.00001e+00  1.00001e+00  2.90317e-03  8.31307e-02
   6938.02  6714.6875  1.00001e+00  1.00001e+00  3.08827e-03  8.52454e-02
   6966.57  6715.3125  1.00001e+00  1.00001e+00  2.94599e-03  8.79867e-02
   6995.12  6715.9375  1.00001e+00  1.00001e+00  2.58792e-03  8.85039e-02
   7023.67  6716.5625  1.00001e+00  1.00001e+00  2.45547e-03  8.88191e-02
   7052.22  6717.1875  1.00001e+00  1.00001e+00  2.53779e-03  7.44646e-02
   7080.77  6717.8125  1.00001e+00  1.00001e+00  2.64807e-03  6.46224e-02
   7109.32  6718.4375  1.00001e+00  1.00001e+00  2.71996e-03  5.88962e-02
   7137.87  6719.0625  1.00001e+00  1.00001e+00  2.70676e-03  4.99162e-02
   7166.42  6719.6875  1.00001e+00  1.00001e+00  2.64834e-03  5.42548e-02
   7194.97  6720.3125  1.00001e+00  1.00001e+00  2.54803e-03  5.84540e-02
   7223.53  6720.9375  1.00000e+00  1.00000e+00  2.53827e-03  5.95623e-02
   7252.08  6721.5625  1.00000e+00  1.00000e+00  2.64316e-03  6.54652e-02
   7280.63  6722.1875  1.00000e+00  1.00000e+00  2.65855e-03  6.26791e-02
   7309.18  6722.8125  1.00000e+00  1.00000e+00  2.36872e-03  4.90411e-02
   7337.73  6723.4375  1.00000e+00  1.00000e+00  2.11329e-03  4.03065e-02
   7366.28  6724.0625  1.00000e+00  1.00000e+00  2.29724e-03  4.05887e-02
   7394.83  6724.6875  1.00000e+00  1.00000e+00  2.66446e-03  4.41122e-02
   7423.38  6725.3125  1.00000e+00  1.00000e+00  2.65601e-03  4.45044e-02
   7451.93  6725.9375  1.00000e+00  1.00000e+00  2.42701e-03  5.87344e-02
   7480.48  6726.5625  1.00000e+00  1.00000e+00  2.30346e-03  6.67989e-02
   7509.04  6727.1875  1.00000e+00  1.00000e+00  2.26170e-03  6.23985e-02
   7537.59  6727.8125  1.00000e+00  1.00000e+00  2.33924e-03  6.25431e-02
   7566.14  6728.4375  1.00000e+00  1.00000e+00  2.29907e-03  7.11038e-02
   7594.69  6729.0625  1.00000e+00  1.00000e+00  2.09470e-03  6.10537e-02
   7623.24  6729.6875  1.00000e+00  1.00000e+00  2.15464e-03  4.31312e-02
   7651.79  6730.3125  1.00000e+00  1.00000e+00  2.43456e-03  6.60042e-02
   7680.34  6730.9375  1.00000e+00  1.00000e+00  2.37264e-03  9.77929e-02
   7708.89  6731.5625  1.00000e+00  1.00000e+00  2.23009e-03  1.01837e-01
   7737.44  6732.1875  1.00000e+00  1.00000e+00  2.28360e-03  8.51742e-02
   7765.99  6732.8125  1.00000e+00  1.00000e+00  2.42935e-03  7.31431e-02
   7794.55  6733.4375  1.00000e+00  1.00000e+00  2.44049e-03  7.43631e-02
   7823.10  6734.0625  1.00000e+00  1.00000e+00  2.61810e-03  7.47027e-02
   7851.65  6734.6875  1.00000e+00  1.00000e+00  2.75675e-03  6.86582e-02
   7880.20  6735.3125  1.00000e+00  1.00000e+00  2.75809e-03  5.93494e-02
   7908.75  6735.9375  1.00000e+00  1.00000e+00  2.58722e-03  6.30250e-02
   7937.30  6736.5625  1.00000e+00  1.00000e+00  2.42609e-03  7.32162e-02
   7965.85  6737.1875  1.00000e+00  1.00000e+00  2.40276e-03  8.44006e-02
   7994.40  6737.8125  1.00000e+00  1.00000e+00  2.51250e-03  7.73880e-02
   8022.95  6738.4375  1.00000e+00  1.00000e+00  2.75918e-03  6.24753e-02
   8051.51  6739.0625  1.00000e+00  1.00000e+00  2.75201e-03  6.38578e-02
   8080.06  6739.6875  1.00000e+00  1.00000e+00  2.49201e-03  7.50408e-02
   8108.61  6740.3125  1.00000e+00  1.00000e+00  2.51118e-03  7.89226e-02
   8137.16  6740.9375  1.00000e+00  1.00000e+00  2.77684e-03  6.82999e-02
   8165.71  6741.5625  1.00000e+00  1.00000e+00  2.70944e-03  4.92269e-02
   8194.26  6742.1875  1.00000e+00  1.00000e+00  2.56033e-03  4.11467e-02
   8222.81  6742.8125  1.00000e+00  1.00000e+00  2.43636e-03  3.40012e-02
   8251.36  6743.4375  1.00000e+00  1.00000e+00  2.50062e-03  3.49913e-02
   8279.91  6744.0625  1.00000e+00  1.00000e+00  2.85879e-03  4.15537e-02
   8308.46  6744.6875  1.00000e+00  1.00000e+00  3.01198e-03  3.27136e-02
   8337.02  6745.3125  1.00000e+00  1.00000e+00  2.81801e-03  3.16882e-02
   8365.57  6745.9375  1.00000e+00  1.00000e+00  2.65746e-03  3.33807e-02
   8394.12  6746.5625  1.00000e+00  1.00000e+00  2.76671e-03  3.98049e-02
   8422.67  6747.1875  1.00000e+00  1.00000e+00  2.85719e-03  5.68216e-02
   8451.22  6747.8125  1.00000e+00  1.00000e+00  3.12616e-03  6.38262e-02
   8479.77  6748.4375  1.00000e+00  1.00000e+00  3.22284e-03  5.29027e-02
   8508.32  6749.0625  1.00000e+00  1.00000e+00  2.94561e-03  4.45698e-02
   8536.87  6749.6875  1.00000e+00  1.00000e+00  2.65199e-03  4.09475e-02
   8565.42  6750.3125  1.00000e+00  1.00000e+00  2.66923e-03  4.43142e-02
   8593.97  6750.9375  1.00000e+00  1.00000e+00  2.75696e-03  5.17224e-02
   8622.53  6751.5625  1.00000e+00  1.00000e+00  2.71297e-03  6.75898e-02
   8651.08  6752.1875  1.00000e+00  1.00000e+00  2.47657e-03  7.48433e-02
   8679.63  6752.8125  1.00000e+00  1.00000e+00  2.71342e-03  5.53802e-02
   8708.18  6753.4375  1.00000e+00  1.00000e+00  2.77265e-03  3.00800e-02
   8736.73  6754.0625  1.00000e+00  1.00000e+00  2.41528e-03  2.33674e-02
   8765.28  6754.6875  1.00000e+00  1.00000e+00  2.35703e-03  2.06882e-02
   8793.83  6755.3125  1.00000e+00  1.00000e+00  2.49497e-03  2.31885e-02
   8822.38  6755.9375  1.00000e+00  1.00000e+00  2.45664e-03  3.42170e-02
   8850.93  6756.5625  1.00000e+00  1.00000e+00  2.22423e-03  4.53839e-02
   8879.49  6757.1875  1.00000e+00  1.00000e+00  2.30394e-03  6.30395e-02
   8908.04  6757.8125  1.00000e+00  1.00000e+00  2.71331e-03  5.64737e-02
   8936.59  6758.4375  1.00000e+00  1.00000e+00  2.91726e-03  4.33449e-02
   8965.14  6759.0625  1.00000e+00  1.00000e+00  2.82449e-03  5.32797e-02
   8993.69  6759.6875  1.00000e+00  1.00000e+00  2.54127e-03  6.13196e-02
   9022.24  6760.3125  1.00000e+00  1.00000e+00  2.31859e-03  5.57314e-02
   9050.79  6760.9375  1.00000e+00  1.00000e+00  2.45699e-03  5.09836e-02
   9079.34  6761.5625  1.00000e+00  1.00000e+00  2.36794e-03  4.78743e-02
   9107.89  6762.1875  1.00000e+00  1.00000e+00  2.09756e-03  4.24188e-02
   9136.44  6762.8125  1.00000e+00  1.00000e+00  1.92511e-03  3.53834e-02
   9165.00  6763.4375  1.00000e+00  1.00000e+00  1.86760e-03  2.77296e-02
   9193.55  6764.0625  1.00000e+00  1.00000e+00  2.02616e-03  2.38397e-02
   9222.10  6764.6875  1.00000e+00  1.00000e+00  2.29570e-03  2.28889e-02
   9250.65  6765.3125  1.00000e+00  1.00000e+00  2.37723e-03  2.80838e-02
   9279.20  6765.9375  1.00000e+00  1.00000e+00  2.46434e-03  3.02023e-02
   9307.75  6766.5625  1.00000e+00  1.00000e+00  2.68804e-03  3.52470e-02
   9336.30  6767.1875  1.00000e+00  1.00000e+00  2.83252e-03  3.63440e-02
   9364.85  6767.8125  1.00000e+00  1.00000e+00  2.57746e-03  2.86042e-02
   9393.40  6768.4375  1.00000e+00  1.00000e+00  2.35896e-03  2.45281e-02
   9421.95  6769.0625  1.00000e+00  1.00000e+00  2.40731e-03  3.45869e-02
   9450.51  6769.6875  1.00000e+00  1.00000e+00  2.43529e-03  3.84496e-02
   9479.06  6770.3125  1.00000e+00  1.00000e+00  2.42626e-03  2.74198e-02
   9507.61  6770.9375  1.00000e+00  1.00000e+00  2.49418e-03  1.74567e-02
   9536.16  6771.5625  1.00000e+00  1.00000e+00  2.60046e-03  1.90515e-02
   9564.71  6772.1875  1.00000e+00  1.00000e+00  2.66550e-03  3.82969e-02
   9593.26  6772.8125  1.00000e+00  1.00000e+00  2.87017e-03  5.05592e-02
   9621.81  6773.4375  1.00000e+00  1.00000e+00  2.77440e-03  4.38225e-02
   9650.36  6774.0625  1.00000e+00  1.00000e+00  2.38944e-03  3.09205e-02
   9678.91  6774.6875  1.00000e+00  1.00000e+00  2.26212e-03  2.78765e-02
   9707.47  6775.3125  1.00000e+00  1.00000e+00  2.36029e-03  3.73491e-02
   9736.02  6775.9375  1.00000e+00  1.00000e+00  2.62112e-03  5.05418e-02
   9764.57  6776.5625  1.00000e+00  1.00000e+00  2.60064e-03  3.95442e-02
   9793.12  6777.1875  1.00000e+00  1.00000e+00  2.66731e-03  2.77234e-02
   9821.67  6777.8125  1.00000e+00  1.00000e+00  2.76013e-03  3.09781e-02
   9850.22  6778.4375  1.00000e+00  1.00000e+00  2.50701e-03  3.86133e-02
   9878.77  6779.0625  1.00000e+00  1.00000e+00  2.33350e-03  3.70086e-02
   9907.32  6779.6875  1.00000e+00  1.00000e+00  2.30984e-03  2.58341e-02
   9935.87  6780.3125  1.00000e+00  1.00000e+00  2.36844e-03  2.37589e-02
   9964.42  6780.9375  1.00000e+00  1.00000e+00  2.43599e-03  2.56276e-02
   9992.98  6781.5625  1.00000e+00  1.00000e+00  2.39761e-03  3.19300e-02
  10021.53  6782.1875  1.00000e+00  1.00000e+00  2.17680e-03  3.46152e-02
  10050.08  6782.8125  1.00000e+00  1.00000e+00  2.19718e-03  2.78638e-02
  10078.63  6783.4375  1.00000e+00  1.00000e+00  2.67851e-03  2.82444e-02
  10107.18  6784.0625  1.00000e+00  1.00000e+00  2.70702e-03  2.62501e-02
  10135.73  6784.6875  1.00000e+00  1.00000e+00  2.50908e-03  2.05007e-02
  10164.28  6785.3125  1.00000e+00  1.00000e+00  2.51262e-03  1.33566e-02
  10192.83  6785.9375  1.00000e+00  1.00000e+00  2.60754e-03  1.66198e-02
  10221.38  6786.5625  1.00000e+00  1.00000e+00  2.65553e-03  2.66259e-02
  10249.93  6787.1875  1.00000e+00  1.00000e+00  2.67348e-03  3.56447e-02
  10278.49  6787.8125  1.00000e+00  1.00000e+00  2.62122e-03  3.35805e-02
  10307.04  6788.4375  1.00000e+00  1.00000e+00  2.81356e-03  3.22385e-02
  10335.59  6789.0625  1.00000e+00  1.00000e+00  2.99726e-03  3.22727e-02
  10364.14  6789.6875  1.00000e+00  1.00000e+00  2.83402e-03  2.72896e-02
  10392.69  6790.3125  1.00000e+00  1.00000e+00  2.59067e-03  2.33093e-02
  10421.24  6790.9375  1.00000e+00  1.00000e+00  2.66131e-03  1.99897e-02
  10449.79  6791.5625  1.00000e+00  1.00000e+00  2.73188e-03  2.05731e-02
  10478.34  6792.1875  1.00000e+00  1.00000e+00  2.50458e-03  1.99675e-02
  10506.89  6792.8125  1.00000e+00  1.00000e+00  2.25742e-03  2.29360e-02
  10535.45  6793.4375  1.00000e+00  1.00000e+00  2.43842e-03  2.44930e-02
  10564.00  6794.0625  1.00000e+00  1.00000e+00  2.65596e-03  2.42714e-02
  10592.55  6794.6875  1.00000e+00  1.00000e+00  2.81338e-03  1.70182e-02
  10621.10  6795.3125  1.00000e+00  1.00000e+00  2.96483e-03  6.15108e-03
  10649.65  6795.9375  1.00000e+00  1.00000e+00  2.64915e-03  3.46789e-03
  10678.20  6796.5625  1.00000e+00  1.00000e+00  2.32944e-03  8.01095e-03
  10706.75  6797.1875  1.00000e+00  1.00000e+00  2.45262e-03  1.47874e-02
  10735.30  6797.8125  1.00000e+00  1.00000e+00  2.59535e-03  2.18852e-02
  10763.85  6798.4375  1.00000e+00  1.00000e+00  2.51263e-03  2.24287e-02
  10792.40  6799.0625  1.00000e+00  1.00000e+00  2.35634e-03  2.33770e-02
  10820.96  6799.6875  1.00000e+00  1.00000e+00  2.25322e-03  2.87315e-02
  10849.51  6800.3125  1.00000e+00  1.00000e+00  2.36273e-03  2.81100e-02
  10878.06  6800.9375  1.00000e+00  1.00000e+00  2.57465e-03  2.54927e-02
  10906.61  6801.5625  1.00000e+00  1.00000e+00  2.77134e-03  3.44956e-02
  10935.16  6802.1875  1.00000e+00  1.00000e+00  2.73427e-03  3.08901e-02
  10963.71  6802.8125  1.00000e+00  1.00000e+00  2.37243e-03  2.34949e-02
  10992.26  6803.4375  1.00000e+00  1.00000e+00  2.40509e-03  1.78384e-02
  11020.81  6804.0625  1.00000e+00  1.00000e+00  2.70393e-03  1.72859e-02
  11049.36  6804.6875  1.00000e+00  1.00000e+00  2.82311e-03  1.49306e-02
  11077.91  6805.3125  1.00000e+00  1.00000e+00  3.04117e-03  1.11806e-02
  11106.47  6805.9375  1.00000e+00  1.00000e+00  2.91830e-03  1.72747e-02
  11135.02  6806.5625  1.00000e+00  1.00000e+00  2.87624e-03  2.18175e-02
  11163.57  6807.1875  1.00000e+00  1.00000e+00  2.56795e-03  2.01127e-02
  11192.12  6807.8125  1.00000e+00  1.00000e+00  2.20084e-03  2.17744e-02
  11220.67  6808.4375  1.00000e+00  1.00000e+00  2.24956e-03  1.65832e-02
  11249.22  6809.0625  1.00000e+00  1.00000e+00  2.35804e-03  6.42750e-03
  11277.77  6809.6875  1.00000e+00  1.00000e+00  2.32513e-03  5.83856e-03
  11306.32  6810.3125  1.00000e+00  1.00000e+00  2.43385e-03  1.34843e-02
  11334.87  6810.9375  1.00000e+00  1.00000e+00  2.69470e-03  2.44215e-02
  11363.43  6811.5625  1.00000e+00  1.00000e+00  2.98096e-03  3.82464e-02
  11391.98  6812.1875  1.00000e+00  1.00000e+00  3.04958e-03  3.60618e-02
  11420.53  6812.8125  1.00000e+00  1.00000e+00  2.86093e-03  2.99434e-02
  11449.08  6813.4375  1.00000e+00  1.00000e+00  2.53991e-03  2.49144e-02
  11477.63  6814.0625  1.00000e+00  1.00000e+00  2.28175e-03  1.97930e-02
  11506.18  6814.6875  1.00000e+00  1.00000e+00  2.45761e-03  1.92088e-02
  11534.73  6815.3125  1.00000e+00  1.00000e+00  2.69001e-03  1.37009e-02
  11563.28  6815.9375  1.00000e+00  1.00000e+00  2.50066e-03  7.28637e-03
  11591.83  6816.5625  1.00000e+00  1.00000e+00  2.44241e-03  2.47056e-03
  11620.38  6817.1875  1.00000e+00  1.00000e+00  2.75770e-03  3.11897e-04
  11648.94  6817.8125  1.00000e+00  1.00000e+00  2.76211e-03  1.16130e-05
  11677.49  6818.4375  1.00000e+00  1.00000e+00  2.60229e-03  1.19593e-07
  11706.04  6819.0625  1.00000e+00  1.00000e+00  2.27401e-03  0.00000e+00
  11734.59  6819.6875  1.00000e+00  1.00000e+00  2.20979e-03  0.00000e+00
  11763.14  6820.3125  1.00000e+00  1.00000e+00  2.30413e-03  0.00000e+00
  11791.69  6820.9375  1.00000e+00  1.00000e+00  2.59657e-03  0.00000e+00
  11820.24  6821.5625  1.00000e+00  1.00000e+00  2.86927e-03  2.66393e-07
  11848.79  6822.1875  1.00000e+00  1.00000e+00  2.81689e-03  2.55879e-05
  11877.34  6822.8125  1.00000e+00  1.00000e+00  2.37013e-03  6.66984e-04
  11905.89  6823.4375  1.00000e+00  1.00000e+00  2.21110e-03  4.71806e-03
  11934.45  6824.0625  1.00000e+00  1.00000e+00  2.28608e-03  9.05690e-03
  11963.00  6824.6875  1.00000e+00  1.00000e+00  2.33559e-03  4.71806e-03
  11991.55  6825.3125  1.00000e+00  1.00000e+00  2.48811e-03  6.66984e-04
  12020.10  6825.9375  1.00000e+00  1.00000e+00  2.49516e-03  2.55879e-05
  12048.65  6826.5625  1.00000e+00  1.00000e+00  2.45408e-03  2.66393e-07
  12077.20  6827.1875  1.00000e+00  1.00000e+00  2.46338e-03  1.33146e-07
  12105.75  6827.8125  1.00000e+00  1.00000e+00  2.48942e-03  1.27891e-05
  12134.30  6828.4375  1.00000e+00  1.00000e+00  2.55379e-03  3.33365e-04
  12162.85  6829.0625  1.00000e+00  1.00000e+00  2.47057e-03  2.35814e-03
  12191.40  6829.6875  1.00000e+00  1.00000e+00  2.44778e-03  4.52673e-03
  12219.96  6830.3125  1.00000e+00  1.00000e+00  2.49090e-03  2.35814e-03
  12248.51  6830.9375  1.00000e+00  1.00000e+00  2.47666e-03  3.33365e-04
  12277.06  6831.5625  1.00000e+00  1.00000e+00  2.33413e-03  1.29187e-05
  12305.61  6832.1875  1.00000e+00  1.00000e+00  2.42508e-03  1.25822e-05
  12334.16  6832.8125  1.00000e+00  1.00000e+00  2.55810e-03  3.24501e-04
  12362.71  6833.4375  1.00000e+00  1.00000e+00  2.77335e-03  2.29543e-03
  12391.26  6834.0625  1.00000e+00  1.00000e+00  2.91420e-03  4.40637e-03
  12419.81  6834.6875  1.00000e+00  1.00000e+00  2.88968e-03  2.29543e-03
  12448.36  6835.3125  1.00000e+00  1.00000e+00  2.83544e-03  3.24501e-04
  12476.92  6835.9375  1.00000e+00  1.00000e+00  2.82592e-03  1.24490e-05
  12505.47  6836.5625  1.00000e+00  1.00000e+00  2.97300e-03  1.29605e-07
  12534.02  6837.1875  1.00000e+00  1.00000e+00  3.09981e-03  0.00000e+00
  12562.57  6837.8125  1.00000e+00  1.00000e+00  2.94045e-03  0.00000e+00
  12591.12  6838.4375  1.00000e+00  1.00000e+00  2.56191e-03  0.00000e+00
  12619.67  6839.0625  1.00000e+00  1.00000e+00  2.41239e-03  0.00000e+00
  12648.22  6839.6875  1.00000e+00  1.00000e+00  2.52639e-03  0.00000e+00
  12676.77  6840.3125  1.00000e+00  1.00000e+00  2.71413e-03  0.00000e+00
  12705.32  6840.9375  1.00000e+00  1.00000e+00  2.63374e-03  0.00000e+00
  12733.87  6841.5625  1.00000e+00  1.00000e+00  2.54657e-03  0.00000e+00
  12762.43  6842.1875  1.00000e+00  1.00000e+00  2.50973e-03  0.00000e+00
  12790.98  6842.8125  1.00000e+00  1.00000e+00  2.53665e-03  0.00000e+00
  12819.53  6843.4375  1.00000e+00  1.00000e+00  2.61023e-03  0.00000e+00
  12848.08  6844.0625  1.00000e+00  1.00000e+00  2.52862e-03  0.00000e+00
  12876.63  6844.6875  1.00000e+00  1.00000e+00  2.55028e-03  0.00000e+00
  12905.18  6845.3125  1.00000e+00  1.00000e+00  2.70249e-03  0.00000e+00
  12933.73  6845.9375  1.00000e+00  1.00000e+00  2.56031e-03  0.00000e+00
  12962.28  6846.5625  1.00000e+00  1.00000e+00  2.43372e-03  0.00000e+00
  12990.83  6847.1875  1.00000e+00  1.00000e+00  2.44820e-03  0.00000e+00
  13019.38  6847.8125  1.00000e+00  1.00000e+00  2.63383e-03  0.00000e+00
  13047.94  6848.4375  1.00000e+00  1.00000e+00  2.55327e-03  0.00000e+00
  13076.49  6849.0625  1.00000e+00  1.00000e+00  2.44134e-03  0.00000e+00
  13105.04  6849.6875  1.00000e+00  1.00000e+00  2.48524e-03  0.00000e+00
  13133.59  6850.3125  1.00000e+00  1.00000e+00  2.45940e-03  0.00000e+00
  13162.14  6850.9375  1.00000e+00  1.00000e+00  2.62050e-03  0.00000e+00
  13190.69  6851.5625  1.00000e+00  1.00000e+00  2.64490e-03  0.00000e+00
  13219.24  6852.1875  1.00000e+00  1.00000e+00  2.55949e-03  0.00000e+00
  13247.79  6852.8125  1.00000e+00  1.00000e+00  2.32983e-03  0.00000e+00
  13276.34  6853.4375  1.00000e+00  1.00000e+00  2.46278e-03  0.00000e+00
  13304.90  6854.0625  1.00000e+00  1.00000e+00  2.66459e-03  0.00000e+00
  13333.45  6854.6875  1.00000e+00  1.00000e+00  2.67735e-03  0.00000e+00
  13362.00  6855.3125  1.00000e+00  1.00000e+00  2.64091e-03  0.00000e+00
  13390.55  6855.9375  1.00000e+00  1.00000e+00  2.36986e-03  0.00000e+00
  13419.10  6856.5625  1.00000e+00  1.00000e+00  2.33710e-03  0.00000e+00
  13447.65  6857.1875  1.00000e+00  1.00000e+00  2.53718e-03  0.00000e+00
  13476.20  6857.8125  1.00000e+00  1.00000e+00  2.48588e-03  0.00000e+00
  13504.75  6858.4375  1.00000e+00  1.00000e+00  2.17996e-03  0.00000e+00
  13533.30  6859.0625  1.00000e+00  1.00000e+00  2.14521e-03  0.00000e+00
  13561.85  6859.6875  1.00000e+00  1.00000e+00  2.39224e-03  0.00000e+00
  13590.41  6860.3125  1.00000e+00  1.00000e+00  2.64568e-03  0.00000e+00
  13618.96  6860.9375  1.00000e+00  1.00000e+00  2.75524e-03  0.00000e+00
  13647.51  6861.5625  1.00000e+00  1.00000e+00  2.74910e-03  0.00000e+00
  13676.06  6862.1875  1.00000e+00  1.00000e+00  2.77339e-03  0.00000e+00
  13704.61  6862.8125  1.00000e+00  1.00000e+00  2.76904e-03  0.00000e+00
  13733.16  6863.4375  1.00000e+00  1.00000e+00  2.54451e-03  0.00000e+00
  13761.71  6864.0625  1.00000e+00  1.00000e+00  2.26759e-03  0.00000e+00
  13790.26  6864.6875  1.00000e+00  1.00000e+00  2.45541e-03  0.00000e+00
  13818.81  6865.3125  1.00000e+00  1.00000e+00  2.74655e-03  0.00000e+00
  13847.36  6865.9375  1.00000e+00  1.00000e+00  2.73131e-03  0.00000e+00
  13875.92  6866.5625  1.00000e+00  1.00000e+00  2.50987e-03  0.00000e+00
  13904.47  6867.1875  1.00000e+00  1.00000e+00  2.48562e-03  0.00000e+00
  13933.02  6867.8125  1.00000e+00  1.00000e+00  2.66672e-03  0.00000e+00
  13961.57  6868.4375  1.00000e+00  1.00000e+00  2.98728e-03  0.00000e+00
  13990.12  6869.0625  1.00000e+00  1.00000e+00  3.11899e-03  0.00000e+00
  14018.67  6869.6875  1.00000e+00  1.00000e+00  2.92769e-03  0.00000e+00
  14047.22  6870.3125  1.00000e+00  1.00000e+00  2.85729e-03  0.00000e+00
  14075.77  6870.9375  1.00000e+00  1.00000e+00  2.85821e-03  0.00000e+00
  14104.32  6871.5625  1.00000e+00  1.00000e+00  2.67663e-03  0.00000e+00
  14132.88  6872.1875  1.00000e+00  1.00000e+00  2.48569e-03  0.00000e+00
  14161.43  6872.8125  1.00000e+00  1.00000e+00  2.59192e-03  0.00000e+00
  14189.98  6873.4375  1.00000e+00  1.00000e+00  2.86200e-03  0.00000e+00
  14218.53  6874.0625  1.00000e+00  1.00000e+00  2.69904e-03  0.00000e+00
  14247.08  6874.6875  1.00000e+00  1.00000e+00  2.51464e-03  0.00000e+00
  14275.63  6875.3125  1.00000e+00  1.00000e+00  2.82982e-03  0.00000e+00
  14304.18  6875.9375  1.00000e+00  1.00000e+00  2.93996e-03  0.00000e+00
  14332.73  6876.5625  1.00000e+00  1.00000e+00  2.57887e-03  0.00000e+00
  14361.28  6877.1875  1.00000e+00  1.00000e+00  2.62478e-03  0.00000e+00
  14389.83  6877.8125  1.00000e+00  1.00000e+00  2.91164e-03  0.00000e+00
  14418.39  6878.4375  1.00000e+00  1.00000e+00  2.83909e-03  0.00000e+00
  14446.94  6879.0625  1.00000e+00  1.00000e+00  2.65666e-03  0.00000e+00
  14475.49  6879.6875  1.00000e+00  1.00000e+00  2.52176e-03  0.00000e+00
  14504.04  6880.3125  1.00000e+00  1.00000e+00  2.43252e-03  0.00000e+00
  14532.59  6880.9375  1.00000e+00  1.00000e+00  2.34601e-03  0.00000e+00
  14561.14  6881.5625  1.00000e+00  1.00000e+00  2.42001e-03  0.00000e+00
  14589.69  6882.1875  1.00000e+00  1.00000e+00  2.52109e-03  0.00000e+00
  14618.24  6882.8125  1.00000e+00  1.00000e+00  2.37206e-03  0.00000e+00
  14646.79  6883.4375  1.00000e+00  1.00000e+00  2.32895e-03  0.00000e+00
  14675.34  6884.0625  1.00000e+00  1.00000e+00  2.26284e-03  0.00000e+00
  14703.90  6884.6875  1.00000e+00  1.00000e+00  2.42083e-03  0.00000e+00
  14732.45  6885.3125  1.00000e+00  1.00000e+00  2.47737e-03  0.00000e+00
  14761.00  6885.9375  1.00000e+00  1.00000e+00  2.51793e-03  0.00000e+00
  14789.55  6886.5625  1.00000e+00  1.00000e+00  2.60486e-03  0.00000e+00
  14818.10  6887.1875  1.00000e+00  1.00000e+00  2.48669e-03  0.00000e+00
  14846.65  6887.8125  1.00000e+00  1.00000e+00  2.34600e-03  0.00000e+00
  14875.20  6888.4375  1.00000e+00  1.00000e+00  2.21049e-03  0.00000e+00
  14903.75  6889.0625  1.00000e+00  1.00000e+00  2.25353e-03  0.00000e+00
  14932.30  6889.6875  1.00000e+00  1.00000e+00  2.43280e-03  0.00000e+00
  14960.86  6890.3125  1.00000e+00  1.00000e+00  2.45001e-03  0.00000e+00
  14989.41  6890.9375  1.00000e+00  1.00000e+00  2.42201e-03  0.00000e+00
  15017.96  6891.5625  1.00000e+00  1.00000e+00  2.54917e-03  0.00000e+00
  15046.51  6892.1875  1.00000e+00  1.00000e+00  2.60106e-03  0.00000e+00
  15075.06  6892.8125  1.00000e+00  1.00000e+00  2.45047e-03  0.00000e+00
  15103.61  6893.4375  1.00000e+00  1.00000e+00  2.43081e-03  0.00000e+00
  15132.16  6894.0625  1.00000e+00  1.00000e+00  2.60489e-03  0.00000e+00
  15160.71  6894.6875  1.00000e+00  1.00000e+00  2.78910e-03  0.00000e+00
  15189.26  6895.3125  1.00000e+00  1.00000e+00  2.59381e-03  0.00000e+00
  15217.81  6895.9375  1.00000e+00  1.00000e+00  2.53025e-03  0.00000e+00
  15246.37  6896.5625  1.00000e+00  1.00000e+00  2.75750e-03  0.00000e+00
  15274.92  6897.1875  1.00000e+00  1.00000e+00  2.84567e-03  0.00000e+00
  15303.47  6897.8125  1.00000e+00  1.00000e+00  2.74894e-03  0.00000e+00
  15332.02  6898.4375  1.00000e+00  1.00000e+00  2.44080e-03  0.00000e+00
  15360.57  6899.0625  1.00000e+00  1.00000e+00  2.33781e-03  0.00000e+00
  15389.12  6899.6875  1.00000e+00  1.00000e+00  2.37584e-03  0.00000e+00
  15417.67  6900.3125  1.00000e+00  1.00000e+00  2.60829e-03  0.00000e+00
  15446.22  6900.9375  1.00000e+00  1.00000e+00  2.93680e-03  0.00000e+00
  15474.77  6901.5625  1.00000e+00  1.00000e+00  3.05735e-03  0.00000e+00
  15503.32  6902.1875  1.00000e+00  1.00000e+00  3.15157e-03  0.00000e+00
  15531.88  6902.8125  1.00000e+00  1.00000e+00  2.86152e-03  0.00000e+00
  15560.43  6903.4375  1.00000e+00  1.00000e+00  2.44138e-03  0.00000e+00
  15588.98  6904.0625  1.00000e+00  1.00000e+00  2.59366e-03  0.00000e+00
  15617.53  6904.6875  1.00000e+00  1.00000e+00  2.65544e-03  0.00000e+00
  15646.08  6905.3125  1.00000e+00  1.00000e+00  2.51258e-03  0.00000e+00
  15674.63  6905.9375  1.00000e+00  1.00000e+00  2.50131e-03  0.00000e+00
  15703.18  6906.5625  1.00000e+00  1.00000e+00  2.51631e-03  0.00000e+00
  15731.73  6907.1875  1.00000e+00  1.00000e+00  2.38093e-03  0.00000e+00
  15760.28  6907.8125  1.00000e+00  1.00000e+00  2.38547e-03  0.00000e+00
  15788.84  6908.4375  1.00000e+00  1.00000e+00  2.49979e-03  0.00000e+00
  15817.39  6909.0625  1.00000e+00  1.00000e+00  2.56962e-03  0.00000e+00
  15845.94  6909.6875  1.00000e+00  1.00000e+00  2.69095e-03  0.00000e+00
  15874.49  6910.3125  1.00000e+00  1.00000e+00  2.69986e-03  0.00000e+00
  15903.04  6910.9375  1.00000e+00  1.00000e+00  2.68569e-03  0.00000e+00
  15931.59  6911.5625  1.00000e+00  1.00000e+00  2.54507e-03  0.00000e+00
  15960.14  6912.1875  1.00000e+00  1.00000e+00  2.41383e-03  0.00000e+00
  15988.69  6912.8125  1.00000e+00  1.00000e+00  2.50248e-03  0.00000e+00
  16017.24  6913.4375  1.00000e+00  1.00000e+00  2.53667e-03  0.00000e+00
  16045.79  6914.0625  1.00000e+00  1.00000e+00  2.53803e-03  0.00000e+00
  16074.35  6914.6875  1.00000e+00  1.00000e+00  2.30805e-03  0.00000e+00
  16102.90  6915.3125  1.00000e+00  1.00000e+00  2.19675e-03  0.00000e+00
  16131.45  6915.9375  1.00000e+00  1.00000e+00  2.40463e-03  0.00000e+00
  16160.00  6916.5625  1.00000e+00  1.00000e+00  2.59945e-03  0.00000e+00
  16188.55  6917.1875  1.00000e+00  1.00000e+00  2.77663e-03  0.00000e+00
  16217.10  6917.8125  1.00000e+00  1.00000e+00  2.72206e-03  0.00000e+00
  16245.65  6918.4375  1.00000e+00  1.00000e+00  2.48992e-03  0.00000e+00
  16274.20  6919.0625  1.00000e+00  1.00000e+00  2.27655e-03  0.00000e+00
  16302.75  6919.6875  1.00000e+00  1.00000e+00  2.37431e-03  0.00000e+00
  16331.30  6920.3125  1.00000e+00  1.00000e+00  2.79792e-03  0.00000e+00
  16359.86  6920.9375  1.00000e+00  1.00000e+00  3.16957e-03  0.00000e+00
  16388.41  6921.5625  1.00000e+00  1.00000e+00  3.49987e-03  0.00000e+00
  16416.96  6922.1875  1.00000e+00  1.00000e+00  3.39074e-03  0.00000e+00
  16445.51  6922.8125  1.00000e+00  1.00000e+00  2.90645e-03  0.00000e+00
  16474.06  6923.4375  1.00000e+00  1.00000e+00  2.76709e-03  0.00000e+00
  16502.61  6924.0625  1.00000e+00  1.00000e+00  2.99413e-03  0.00000e+00
  16531.16  6924.6875  1.00000e+00  1.00000e+00  2.96621e-03  0.00000e+00
  16559.71  6925.3125  1.00000e+00  1.00000e+00  2.69955e-03  0.00000e+00
  16588.26  6925.9375  1.00000e+00  1.00000e+00  2.28522e-03  0.00000e+00
  16616.81  6926.5625  1.00000e+00  1.00000e+00  2.19890e-03  0.00000e+00
  16645.37  6927.1875  1.00000e+00  1.00000e+00  2.18846e-03  0.00000e+00
  16673.92  6927.8125  1.00000e+00  1.00000e+00  2.18667e-03  0.00000e+00
  16702.47  6928.4375  1.00000e+00  1.00000e+00  2.34015e-03  0.00000e+00
  16731.02  6929.0625  1.00000e+00  1.00000e+00  2.33418e-03  0.00000e+00
  16759.57  6929.6875  1.00000e+00  1.00000e+00  2.10764e-03  0.00000e+00
  16788.12  6930.3125  1.00000e+00  1.00000e+00  2.07264e-03  0.00000e+00
  16816.67  6930.9375  1.00000e+00  1.00000e+00  2.05170e-03  0.00000e+00
  16845.22  6931.5625  1.00000e+00  1.00000e+00  2.24085e-03  0.00000e+00
  16873.77  6932.1875  1.00000e+00  1.00000e+00  2.29531e-03  0.00000e+00
  16902.33  6932.8125  1.00000e+00  1.00000e+00  1.96112e-03  0.00000e+00
  16930.88  6933.4375  1.00000e+00  1.00000e+00  2.01606e-03  0.00000e+00
  16959.43  6934.0625  1.00000e+00  1.00000e+00  2.33782e-03  0.00000e+00
  16987.98  6934.6875  1.00000e+00  1.00000e+00  2.53792e-03  0.00000e+00
  17016.53  6935.3125  1.00000e+00  1.00000e+00  2.50860e-03  0.00000e+00
  17045.08  6935.9375  1.00000e+00  1.00000e+00  2.30471e-03  0.00000e+00
  17073.63  6936.5625  1.00000e+00  1.00000e+00  2.37340e-03  0.00000e+00
  17102.18  6937.1875  1.00000e+00  1.00000e+00  2.58546e-03  0.00000e+00
  17130.73  6937.8125  1.00000e+00  1.00000e+00  2.52304e-03  0.00000e+00
  17159.28  6938.4375  1.00000e+00  1.00000e+00  2.44229e-03  0.00000e+00
  17187.84  6939.0625  1.00000e+00  1.00000e+00  2.27368e-03  0.00000e+00
  17216.39  6939.6875  1.00000e+00  1.00000e+00  2.03419e-03  0.00000e+00
  17244.94  6940.3125  1.00000e+00  1.00000e+00  2.06201e-03  0.00000e+00
  17273.49  6940.9375  1.00000e+00  1.00000e+00  2.23938e-03  0.00000e+00
  17302.04  6941.5625  1.00000e+00  1.00000e+00  2.25943e-03  0.00000e+00
  17330.59  6942.1875  1.00000e+00  1.00000e+00  2.11929e-03  0.00000e+00
  17359.14  6942.8125  1.00000e+00  1.00000e+00  1.92998e-03  0.00000e+00
  17387.69  6943.4375  1.00000e+00  1.00000e+00  2.13564e-03  0.00000e+00
  17416.24  6944.0625  1.00000e+00  1.00000e+00  2.58423e-03  0.00000e+00
  17444.79  6944.6875  1.00000e+00  1.00000e+00  2.81484e-03  0.00000e+00
  17473.35  6945.3125  1.00000e+00  1.00000e+00  2.67616e-03  0.00000e+00
  17501.90  6945.9375  1.00000e+00  1.00000e+00  2.66229e-03  0.00000e+00
  17530.45  6946.5625  1.00000e+00  1.00000e+00  2.67474e-03  0.00000e+00
  17559.00  6947.1875  1.00000e+00  1.00000e+00  2.66745e-03  0.00000e+00
  17587.55  6947.8125  1.00000e+00  1.00000e+00  2.46511e-03  0.00000e+00
  17616.10  6948.4375  1.00000e+00  1.00000e+00  2.29413e-03  0.00000e+00
  17644.65  6949.0625  1.00000e+00  1.00000e+00  2.41623e-03  0.00000e+00
  17673.20  6949.6875  1.00000e+00  1.00000e+00  2.60702e-03  0.00000e+00
