# day090  epoch=90.0d  L_Halpha=1.679e+41 erg/s  smooth_kms=25.0
# Columns:
#   1: Δv [km/s]      velocity offset from Hα (6562.81 Å), positive = redshift
#   2: lambda [Å]     observed wavelength
#   3: F_norm         total flux, smoothed, normalized to F_cont_baseline
#   4: F_norm_raw     total flux, RAW MC (no velocity smoothing)
#   5: F_cont_smooth  continuum-channel flux (continuum photons only)
#   6: F_vol_smooth   volumetric-channel flux (line emission contribution)
# Format: F_norm ≈ F_cont_smooth + F_vol_smooth (within MC noise)
# ----------------------------------------------------------------------------------------
 -16559.48  6200.3125  5.88308e-01  5.73113e-01  5.88308e-01  0.00000e+00
 -16530.93  6200.9375  6.18022e-01  6.14531e-01  6.18022e-01  0.00000e+00
 -16502.38  6201.5625  6.27248e-01  6.88971e-01  6.27248e-01  0.00000e+00
 -16473.83  6202.1875  6.01124e-01  5.24469e-01  6.01124e-01  0.00000e+00
 -16445.28  6202.8125  6.03511e-01  6.65006e-01  6.03511e-01  0.00000e+00
 -16416.73  6203.4375  5.87438e-01  5.57910e-01  5.87438e-01  0.00000e+00
 -16388.18  6204.0625  5.96735e-01  5.61391e-01  5.96735e-01  0.00000e+00
 -16359.63  6204.6875  6.51957e-01  6.78443e-01  6.51957e-01  0.00000e+00
 -16331.08  6205.3125  6.76409e-01  7.05834e-01  6.76409e-01  0.00000e+00
 -16302.53  6205.9375  6.46740e-01  6.48014e-01  6.46740e-01  0.00000e+00
 -16273.97  6206.5625  6.15152e-01  5.85146e-01  6.15152e-01  0.00000e+00
 -16245.42  6207.1875  6.27236e-01  6.17489e-01  6.27236e-01  0.00000e+00
 -16216.87  6207.8125  6.55673e-01  6.78198e-01  6.55673e-01  0.00000e+00
 -16188.32  6208.4375  6.45172e-01  6.76254e-01  6.45172e-01  0.00000e+00
 -16159.77  6209.0625  6.30525e-01  5.41262e-01  6.30525e-01  0.00000e+00
 -16131.22  6209.6875  6.53932e-01  7.57046e-01  6.53932e-01  0.00000e+00
 -16102.67  6210.3125  6.16283e-01  5.80134e-01  6.16283e-01  0.00000e+00
 -16074.12  6210.9375  5.92262e-01  5.49499e-01  5.92262e-01  0.00000e+00
 -16045.57  6211.5625  6.27582e-01  6.55434e-01  6.27582e-01  0.00000e+00
 -16017.01  6212.1875  6.63862e-01  6.43728e-01  6.63862e-01  0.00000e+00
 -15988.46  6212.8125  6.84614e-01  7.28913e-01  6.84614e-01  0.00000e+00
 -15959.91  6213.4375  6.60855e-01  6.56403e-01  6.60855e-01  0.00000e+00
 -15931.36  6214.0625  6.28381e-01  6.08309e-01  6.28381e-01  0.00000e+00
 -15902.81  6214.6875  6.15442e-01  6.32450e-01  6.15442e-01  0.00000e+00
 -15874.26  6215.3125  6.23529e-01  5.69579e-01  6.23529e-01  0.00000e+00
 -15845.71  6215.9375  6.67518e-01  7.11432e-01  6.67518e-01  0.00000e+00
 -15817.16  6216.5625  6.86447e-01  6.82145e-01  6.86447e-01  0.00000e+00
 -15788.61  6217.1875  6.66424e-01  7.00962e-01  6.66424e-01  0.00000e+00
 -15760.06  6217.8125  6.23795e-01  5.87661e-01  6.23795e-01  0.00000e+00
 -15731.50  6218.4375  6.16434e-01  6.02470e-01  6.16434e-01  0.00000e+00
 -15702.95  6219.0625  6.35940e-01  6.57477e-01  6.35940e-01  0.00000e+00
 -15674.40  6219.6875  6.44028e-01  6.30229e-01  6.44028e-01  0.00000e+00
 -15645.85  6220.3125  6.42859e-01  6.66994e-01  6.42859e-01  0.00000e+00
 -15617.30  6220.9375  6.17651e-01  6.21563e-01  6.17651e-01  0.00000e+00
 -15588.75  6221.5625  6.20987e-01  5.37249e-01  6.20987e-01  0.00000e+00
 -15560.20  6222.1875  6.77771e-01  7.68223e-01  6.77771e-01  0.00000e+00
 -15531.65  6222.8125  6.62557e-01  6.67996e-01  6.62557e-01  0.00000e+00
 -15503.10  6223.4375  6.13891e-01  5.72018e-01  6.13891e-01  0.00000e+00
 -15474.55  6224.0625  6.22432e-01  6.07372e-01  6.22432e-01  0.00000e+00
 -15445.99  6224.6875  6.51897e-01  6.94080e-01  6.51897e-01  0.00000e+00
 -15417.44  6225.3125  6.51636e-01  6.23593e-01  6.51636e-01  0.00000e+00
 -15388.89  6225.9375  6.47314e-01  6.74843e-01  6.47314e-01  0.00000e+00
 -15360.34  6226.5625  6.28845e-01  6.16781e-01  6.28845e-01  0.00000e+00
 -15331.79  6227.1875  6.06910e-01  6.15176e-01  6.06910e-01  0.00000e+00
 -15303.24  6227.8125  6.00548e-01  5.66175e-01  6.00548e-01  0.00000e+00
 -15274.69  6228.4375  6.21742e-01  6.42838e-01  6.21742e-01  0.00000e+00
 -15246.14  6229.0625  6.22220e-01  6.47488e-01  6.22220e-01  0.00000e+00
 -15217.59  6229.6875  6.13159e-01  5.49815e-01  6.13159e-01  0.00000e+00
 -15189.03  6230.3125  6.30350e-01  7.04381e-01  6.30350e-01  0.00000e+00
 -15160.48  6230.9375  6.30000e-01  5.52904e-01  6.30000e-01  0.00000e+00
 -15131.93  6231.5625  6.34074e-01  7.28725e-01  6.34074e-01  0.00000e+00
 -15103.38  6232.1875  5.90348e-01  5.34545e-01  5.90348e-01  0.00000e+00
 -15074.83  6232.8125  5.71933e-01  5.60787e-01  5.71933e-01  0.00000e+00
 -15046.28  6233.4375  5.81012e-01  6.13567e-01  5.81012e-01  0.00000e+00
 -15017.73  6234.0625  5.84466e-01  5.33889e-01  5.84466e-01  0.00000e+00
 -14989.18  6234.6875  6.05514e-01  6.55960e-01  6.05514e-01  0.00000e+00
 -14960.63  6235.3125  5.95709e-01  5.86313e-01  5.95709e-01  0.00000e+00
 -14932.08  6235.9375  5.87405e-01  5.55093e-01  5.87405e-01  0.00000e+00
 -14903.52  6236.5625  5.97159e-01  6.47682e-01  5.97159e-01  0.00000e+00
 -14874.97  6237.1875  5.86088e-01  5.39425e-01  5.86088e-01  0.00000e+00
 -14846.42  6237.8125  5.78956e-01  6.28965e-01  5.78956e-01  0.00000e+00
 -14817.87  6238.4375  5.62703e-01  5.11736e-01  5.62703e-01  0.00000e+00
 -14789.32  6239.0625  5.83848e-01  5.84371e-01  5.83848e-01  0.00000e+00
 -14760.77  6239.6875  6.05930e-01  6.53152e-01  6.05930e-01  0.00000e+00
 -14732.22  6240.3125  5.87783e-01  5.53198e-01  5.87783e-01  0.00000e+00
 -14703.67  6240.9375  5.94469e-01  5.82392e-01  5.94469e-01  0.00000e+00
 -14675.12  6241.5625  6.36357e-01  6.34992e-01  6.36357e-01  0.00000e+00
 -14646.57  6242.1875  6.66094e-01  7.03569e-01  6.66094e-01  0.00000e+00
 -14618.01  6242.8125  6.51104e-01  6.44278e-01  6.51104e-01  0.00000e+00
 -14589.46  6243.4375  6.26181e-01  6.22444e-01  6.26181e-01  0.00000e+00
 -14560.91  6244.0625  6.31320e-01  5.91767e-01  6.31320e-01  0.00000e+00
 -14532.36  6244.6875  6.57392e-01  7.14585e-01  6.57392e-01  0.00000e+00
 -14503.81  6245.3125  6.36805e-01  6.28016e-01  6.36805e-01  0.00000e+00
 -14475.26  6245.9375  6.02223e-01  5.91530e-01  6.02223e-01  0.00000e+00
 -14446.71  6246.5625  6.05049e-01  5.70208e-01  6.05049e-01  0.00000e+00
 -14418.16  6247.1875  6.35885e-01  6.78548e-01  6.35885e-01  0.00000e+00
 -14389.61  6247.8125  6.41475e-01  6.25403e-01  6.41475e-01  0.00000e+00
 -14361.06  6248.4375  6.51758e-01  6.37601e-01  6.51758e-01  0.00000e+00
 -14332.50  6249.0625  6.75643e-01  6.95955e-01  6.75643e-01  0.00000e+00
 -14303.95  6249.6875  6.60580e-01  6.97367e-01  6.60580e-01  0.00000e+00
 -14275.40  6250.3125  6.08366e-01  5.68858e-01  6.08366e-01  0.00000e+00
 -14246.85  6250.9375  5.85803e-01  5.87296e-01  5.85803e-01  0.00000e+00
 -14218.30  6251.5625  5.97408e-01  5.73935e-01  5.97408e-01  0.00000e+00
 -14189.75  6252.1875  6.24360e-01  6.52042e-01  6.24360e-01  0.00000e+00
 -14161.20  6252.8125  6.35392e-01  6.24039e-01  6.35392e-01  0.00000e+00
 -14132.65  6253.4375  6.47411e-01  6.45088e-01  6.47411e-01  0.00000e+00
 -14104.10  6254.0625  6.76390e-01  6.62906e-01  6.76390e-01  0.00000e+00
 -14075.54  6254.6875  7.18242e-01  7.28371e-01  7.18242e-01  0.00000e+00
 -14046.99  6255.3125  7.37456e-01  7.64713e-01  7.37456e-01  0.00000e+00
 -14018.44  6255.9375  7.01668e-01  7.24541e-01  7.01668e-01  0.00000e+00
 -13989.89  6256.5625  6.37572e-01  6.06568e-01  6.37572e-01  0.00000e+00
 -13961.34  6257.1875  6.07721e-01  5.96473e-01  6.07721e-01  0.00000e+00
 -13932.79  6257.8125  6.23286e-01  6.01550e-01  6.23286e-01  0.00000e+00
 -13904.24  6258.4375  6.54935e-01  6.86810e-01  6.54935e-01  0.00000e+00
 -13875.69  6259.0625  6.36762e-01  6.75795e-01  6.36762e-01  0.00000e+00
 -13847.14  6259.6875  5.97548e-01  5.11646e-01  5.97548e-01  0.00000e+00
 -13818.59  6260.3125  6.05031e-01  6.77633e-01  6.05031e-01  0.00000e+00
 -13790.03  6260.9375  5.82993e-01  5.56343e-01  5.82993e-01  0.00000e+00
 -13761.48  6261.5625  5.59486e-01  5.51790e-01  5.59486e-01  0.00000e+00
 -13732.93  6262.1875  5.54638e-01  5.66384e-01  5.54638e-01  0.00000e+00
 -13704.38  6262.8125  5.72146e-01  5.16686e-01  5.72146e-01  0.00000e+00
 -13675.83  6263.4375  6.30715e-01  6.72783e-01  6.30715e-01  0.00000e+00
 -13647.28  6264.0625  6.58870e-01  6.72552e-01  6.58870e-01  0.00000e+00
 -13618.73  6264.6875  6.56901e-01  6.35303e-01  6.56901e-01  0.00000e+00
 -13590.18  6265.3125  6.50887e-01  6.89308e-01  6.50887e-01  0.00000e+00
 -13561.63  6265.9375  6.10745e-01  6.03659e-01  6.10745e-01  0.00000e+00
 -13533.08  6266.5625  5.65281e-01  5.56689e-01  5.65281e-01  0.00000e+00
 -13504.52  6267.1875  5.76714e-01  5.02140e-01  5.76714e-01  0.00000e+00
 -13475.97  6267.8125  6.43373e-01  7.28061e-01  6.43373e-01  0.00000e+00
 -13447.42  6268.4375  6.67970e-01  6.23565e-01  6.67970e-01  0.00000e+00
 -13418.87  6269.0625  6.76343e-01  7.20738e-01  6.76343e-01  0.00000e+00
 -13390.32  6269.6875  6.58478e-01  6.44153e-01  6.58478e-01  0.00000e+00
 -13361.77  6270.3125  6.38058e-01  6.30851e-01  6.38058e-01  0.00000e+00
 -13333.22  6270.9375  6.24359e-01  6.43754e-01  6.24359e-01  0.00000e+00
 -13304.67  6271.5625  6.18080e-01  5.68471e-01  6.18080e-01  0.00000e+00
 -13276.12  6272.1875  6.33971e-01  6.87634e-01  6.33971e-01  0.00000e+00
 -13247.56  6272.8125  6.12323e-01  6.06868e-01  6.12323e-01  0.00000e+00
 -13219.01  6273.4375  5.88667e-01  5.50673e-01  5.88667e-01  0.00000e+00
 -13190.46  6274.0625  5.93546e-01  6.34800e-01  5.93546e-01  0.00000e+00
 -13161.91  6274.6875  5.92492e-01  5.49853e-01  5.92492e-01  0.00000e+00
 -13133.36  6275.3125  6.20069e-01  6.25518e-01  6.20069e-01  0.00000e+00
 -13104.81  6275.9375  6.42857e-01  6.78892e-01  6.42857e-01  0.00000e+00
 -13076.26  6276.5625  6.16422e-01  6.17194e-01  6.16422e-01  0.00000e+00
 -13047.71  6277.1875  5.88228e-01  5.52306e-01  5.88228e-01  0.00000e+00
 -13019.16  6277.8125  6.00809e-01  6.11140e-01  6.00809e-01  0.00000e+00
 -12990.61  6278.4375  6.30104e-01  6.12615e-01  6.30104e-01  0.00000e+00
 -12962.05  6279.0625  6.44962e-01  7.01802e-01  6.44962e-01  0.00000e+00
 -12933.50  6279.6875  6.25189e-01  5.71690e-01  6.25189e-01  0.00000e+00
 -12904.95  6280.3125  6.18687e-01  6.60372e-01  6.18687e-01  0.00000e+00
 -12876.40  6280.9375  6.06125e-01  5.74333e-01  6.06125e-01  0.00000e+00
 -12847.85  6281.5625  6.05909e-01  6.16089e-01  6.05909e-01  0.00000e+00
 -12819.30  6282.1875  6.04093e-01  6.15931e-01  6.04093e-01  0.00000e+00
 -12790.75  6282.8125  6.00896e-01  5.64494e-01  6.00896e-01  0.00000e+00
 -12762.20  6283.4375  5.95925e-01  6.71026e-01  5.95925e-01  0.00000e+00
 -12733.65  6284.0625  5.63990e-01  4.78272e-01  5.63990e-01  0.00000e+00
 -12705.10  6284.6875  5.91741e-01  6.07588e-01  5.91741e-01  0.00000e+00
 -12676.54  6285.3125  6.33902e-01  6.57042e-01  6.33902e-01  0.00000e+00
 -12647.99  6285.9375  6.40790e-01  6.37353e-01  6.40790e-01  0.00000e+00
 -12619.44  6286.5625  6.39161e-01  6.34767e-01  6.39161e-01  0.00000e+00
 -12590.89  6287.1875  6.30304e-01  6.57498e-01  6.30304e-01  0.00000e+00
 -12562.34  6287.8125  6.20988e-01  5.63000e-01  6.20988e-01  0.00000e+00
 -12533.79  6288.4375  6.35767e-01  6.99432e-01  6.35767e-01  0.00000e+00
 -12505.24  6289.0625  6.27636e-01  5.79002e-01  6.27636e-01  0.00000e+00
 -12476.69  6289.6875  6.17531e-01  6.69031e-01  6.17531e-01  0.00000e+00
 -12448.14  6290.3125  5.86908e-01  5.53214e-01  5.86908e-01  0.00000e+00
 -12419.58  6290.9375  5.80117e-01  5.66079e-01  5.80117e-01  0.00000e+00
 -12391.03  6291.5625  6.07846e-01  6.12380e-01  6.07846e-01  0.00000e+00
 -12362.48  6292.1875  6.34920e-01  6.40783e-01  6.34920e-01  0.00000e+00
 -12333.93  6292.8125  6.37395e-01  6.61207e-01  6.37395e-01  0.00000e+00
 -12305.38  6293.4375  6.07615e-01  6.03770e-01  6.07615e-01  0.00000e+00
 -12276.83  6294.0625  5.84065e-01  5.56899e-01  5.84065e-01  0.00000e+00
 -12248.28  6294.6875  5.87558e-01  6.07893e-01  5.87558e-01  0.00000e+00
 -12219.73  6295.3125  6.04346e-01  5.61429e-01  6.04346e-01  0.00000e+00
 -12191.18  6295.9375  6.28380e-01  6.94838e-01  6.28380e-01  0.00000e+00
 -12162.63  6296.5625  6.17562e-01  5.67272e-01  6.17562e-01  0.00000e+00
 -12134.07  6297.1875  6.03898e-01  6.59519e-01  6.03898e-01  0.00000e+00
 -12105.52  6297.8125  5.92210e-01  5.11588e-01  5.92210e-01  0.00000e+00
 -12076.97  6298.4375  6.35728e-01  6.67855e-01  6.35728e-01  0.00000e+00
 -12048.42  6299.0625  6.67181e-01  6.95097e-01  6.67181e-01  0.00000e+00
 -12019.87  6299.6875  6.57098e-01  6.35284e-01  6.57098e-01  0.00000e+00
 -11991.32  6300.3125  6.46028e-01  6.67157e-01  6.46028e-01  0.00000e+00
 -11962.77  6300.9375  6.34466e-01  6.08401e-01  6.34466e-01  0.00000e+00
 -11934.22  6301.5625  6.33456e-01  6.51899e-01  6.33456e-01  0.00000e+00
 -11905.67  6302.1875  6.07847e-01  6.35252e-01  6.07847e-01  0.00000e+00
 -11877.12  6302.8125  5.65271e-01  5.16243e-01  5.65271e-01  0.00000e+00
 -11848.56  6303.4375  5.70320e-01  5.68572e-01  5.70320e-01  0.00000e+00
 -11820.01  6304.0625  5.82335e-01  6.26521e-01  5.82335e-01  0.00000e+00
 -11791.46  6304.6875  5.82571e-01  5.06933e-01  5.82571e-01  0.00000e+00
 -11762.91  6305.3125  6.33591e-01  6.74060e-01  6.33591e-01  0.00000e+00
 -11734.36  6305.9375  6.91894e-01  6.59511e-01  6.91894e-01  0.00000e+00
 -11705.81  6306.5625  7.20275e-01  8.05935e-01  7.20275e-01  0.00000e+00
 -11677.26  6307.1875  6.70272e-01  6.42281e-01  6.70272e-01  0.00000e+00
 -11648.71  6307.8125  6.19485e-01  5.96719e-01  6.19485e-01  0.00000e+00
 -11620.16  6308.4375  5.94797e-01  6.27234e-01  5.94797e-01  0.00000e+00
 -11591.60  6309.0625  5.66879e-01  5.26663e-01  5.66879e-01  0.00000e+00
 -11563.05  6309.6875  5.85018e-01  5.64249e-01  5.85018e-01  0.00000e+00
 -11534.50  6310.3125  6.32827e-01  6.69000e-01  6.32827e-01  0.00000e+00
 -11505.95  6310.9375  6.56744e-01  6.39168e-01  6.56744e-01  0.00000e+00
 -11477.40  6311.5625  6.76779e-01  6.85624e-01  6.76779e-01  0.00000e+00
 -11448.85  6312.1875  6.84266e-01  7.01881e-01  6.84266e-01  0.00000e+00
 -11420.30  6312.8125  6.72211e-01  6.57547e-01  6.72211e-01  0.00000e+00
 -11391.75  6313.4375  6.65784e-01  6.71313e-01  6.65784e-01  0.00000e+00
 -11363.20  6314.0625  6.66031e-01  6.54969e-01  6.66031e-01  0.00000e+00
 -11334.65  6314.6875  6.61928e-01  6.90712e-01  6.61928e-01  0.00000e+00
 -11306.09  6315.3125  6.48817e-01  6.11389e-01  6.48817e-01  0.00000e+00
 -11277.54  6315.9375  6.69938e-01  6.65903e-01  6.69938e-01  0.00000e+00
 -11248.99  6316.5625  7.00507e-01  7.31607e-01  7.00507e-01  0.00000e+00
 -11220.44  6317.1875  7.10777e-01  6.78671e-01  7.10777e-01  0.00000e+00
 -11191.89  6317.8125  7.08178e-01  7.69320e-01  7.08178e-01  0.00000e+00
 -11163.34  6318.4375  6.49604e-01  6.40176e-01  6.49604e-01  0.00000e+00
 -11134.79  6319.0625  5.95619e-01  5.49960e-01  5.95619e-01  0.00000e+00
 -11106.24  6319.6875  6.15512e-01  6.02949e-01  6.15512e-01  0.00000e+00
 -11077.69  6320.3125  6.97886e-01  6.59605e-01  6.97886e-01  0.00000e+00
 -11049.14  6320.9375  7.39727e-01  9.10029e-01  7.39727e-01  0.00000e+00
 -11020.58  6321.5625  6.32494e-01  5.45890e-01  6.32494e-01  0.00000e+00
 -10992.03  6322.1875  5.78300e-01  5.11996e-01  5.78300e-01  0.00000e+00
 -10963.48  6322.8125  6.42578e-01  6.67618e-01  6.42578e-01  0.00000e+00
 -10934.93  6323.4375  6.85014e-01  7.39295e-01  6.85014e-01  0.00000e+00
 -10906.38  6324.0625  6.61957e-01  6.28109e-01  6.61957e-01  0.00000e+00
 -10877.83  6324.6875  6.45279e-01  6.53803e-01  6.45279e-01  0.00000e+00
 -10849.28  6325.3125  6.41584e-01  6.33126e-01  6.41584e-01  0.00000e+00
 -10820.73  6325.9375  6.53716e-01  6.40723e-01  6.53716e-01  0.00000e+00
 -10792.18  6326.5625  6.93764e-01  6.80072e-01  6.93764e-01  0.00000e+00
 -10763.62  6327.1875  7.16478e-01  7.91135e-01  7.16478e-01  0.00000e+00
 -10735.07  6327.8125  6.75463e-01  6.29740e-01  6.75463e-01  0.00000e+00
 -10706.52  6328.4375  6.40593e-01  6.56881e-01  6.40593e-01  0.00000e+00
 -10677.97  6329.0625  6.13202e-01  6.11161e-01  6.13202e-01  0.00000e+00
 -10649.42  6329.6875  6.24054e-01  5.47257e-01  6.24054e-01  0.00000e+00
 -10620.87  6330.3125  6.84620e-01  7.72696e-01  6.84620e-01  0.00000e+00
 -10592.32  6330.9375  6.77152e-01  6.73963e-01  6.77152e-01  0.00000e+00
 -10563.77  6331.5625  6.40007e-01  6.12017e-01  6.40007e-01  0.00000e+00
 -10535.22  6332.1875  6.39072e-01  6.38360e-01  6.39072e-01  0.00000e+00
 -10506.67  6332.8125  6.46695e-01  6.62635e-01  6.46695e-01  0.00000e+00
 -10478.11  6333.4375  6.36223e-01  6.34690e-01  6.36223e-01  0.00000e+00
 -10449.56  6334.0625  6.32993e-01  6.06421e-01  6.32993e-01  0.00000e+00
 -10421.01  6334.6875  6.43900e-01  6.80583e-01  6.43900e-01  0.00000e+00
 -10392.46  6335.3125  6.32253e-01  6.15946e-01  6.32253e-01  0.00000e+00
 -10363.91  6335.9375  6.26373e-01  6.17127e-01  6.26373e-01  0.00000e+00
 -10335.36  6336.5625  6.37684e-01  6.43977e-01  6.37684e-01  0.00000e+00
 -10306.81  6337.1875  6.45477e-01  6.46550e-01  6.45477e-01  0.00000e+00
 -10278.26  6337.8125  6.39681e-01  6.56941e-01  6.39681e-01  0.00000e+00
 -10249.71  6338.4375  6.41420e-01  5.86773e-01  6.41420e-01  0.00000e+00
 -10221.16  6339.0625  6.70560e-01  7.26309e-01  6.70560e-01  0.00000e+00
 -10192.60  6339.6875  6.42636e-01  6.73372e-01  6.42636e-01  0.00000e+00
 -10164.05  6340.3125  6.00555e-01  4.99787e-01  6.00555e-01  0.00000e+00
 -10135.50  6340.9375  6.31304e-01  6.99868e-01  6.31304e-01  0.00000e+00
 -10106.95  6341.5625  6.39484e-01  6.24842e-01  6.39484e-01  0.00000e+00
 -10078.40  6342.1875  6.29076e-01  6.31777e-01  6.29076e-01  0.00000e+00
 -10049.85  6342.8125  6.49108e-01  5.99088e-01  6.49108e-01  0.00000e+00
 -10021.30  6343.4375  6.89062e-01  7.68879e-01  6.89062e-01  0.00000e+00
  -9992.75  6344.0625  6.96459e-01  6.20870e-01  6.96459e-01  0.00000e+00
  -9964.20  6344.6875  7.19872e-01  7.83576e-01  7.19872e-01  0.00000e+00
  -9935.65  6345.3125  7.11688e-01  6.94363e-01  7.11688e-01  0.00000e+00
  -9907.09  6345.9375  6.85383e-01  6.93615e-01  6.85383e-01  0.00000e+00
  -9878.54  6346.5625  6.56213e-01  6.59307e-01  6.56213e-01  0.00000e+00
  -9849.99  6347.1875  6.46164e-01  5.97283e-01  6.46164e-01  0.00000e+00
  -9821.44  6347.8125  6.62096e-01  7.25365e-01  6.62096e-01  0.00000e+00
  -9792.89  6348.4375  6.44360e-01  6.06921e-01  6.44360e-01  0.00000e+00
  -9764.34  6349.0625  6.17380e-01  6.58569e-01  6.17380e-01  0.00000e+00
  -9735.79  6349.6875  6.02259e-01  5.24324e-01  6.02259e-01  0.00000e+00
  -9707.24  6350.3125  6.48732e-01  6.79935e-01  6.48732e-01  0.00000e+00
  -9678.69  6350.9375  6.98828e-01  6.97669e-01  6.98828e-01  0.00000e+00
  -9650.13  6351.5625  7.12042e-01  7.50122e-01  7.12042e-01  0.00000e+00
  -9621.58  6352.1875  6.92726e-01  6.61676e-01  6.92726e-01  0.00000e+00
  -9593.03  6352.8125  6.92396e-01  6.92624e-01  6.92396e-01  0.00000e+00
  -9564.48  6353.4375  7.19634e-01  7.01173e-01  7.19634e-01  0.00000e+00
  -9535.93  6354.0625  7.50706e-01  7.83621e-01  7.50706e-01  0.00000e+00
  -9507.38  6354.6875  7.20878e-01  7.71119e-01  7.20878e-01  0.00000e+00
  -9478.83  6355.3125  6.49297e-01  5.75196e-01  6.49297e-01  0.00000e+00
  -9450.28  6355.9375  6.38141e-01  6.48299e-01  6.38141e-01  0.00000e+00
  -9421.73  6356.5625  6.43121e-01  6.65931e-01  6.43120e-01  1.03645e-07
  -9393.18  6357.1875  6.19153e-01  6.12748e-01  6.19143e-01  9.95544e-06
  -9364.62  6357.8125  6.08819e-01  5.73387e-01  6.08559e-01  2.59502e-04
  -9336.07  6358.4375  6.13850e-01  6.74513e-01  6.12014e-01  1.83565e-03
  -9307.52  6359.0625  5.91121e-01  5.39001e-01  5.87597e-01  3.52375e-03
  -9278.97  6359.6875  5.98241e-01  6.04155e-01  5.96406e-01  1.83565e-03
  -9250.42  6360.3125  6.17128e-01  6.32479e-01  6.16869e-01  2.59502e-04
  -9221.87  6360.9375  6.02878e-01  6.21342e-01  6.02868e-01  1.00370e-05
  -9193.32  6361.5625  5.61829e-01  5.50432e-01  5.61822e-01  7.93423e-06
  -9164.77  6362.1875  5.37433e-01  5.17552e-01  5.37229e-01  2.04115e-04
  -9136.22  6362.8125  5.64069e-01  5.33011e-01  5.62625e-01  1.44385e-03
  -9107.67  6363.4375  6.28417e-01  6.53103e-01  6.25645e-01  2.77165e-03
  -9079.11  6364.0625  6.56685e-01  6.94420e-01  6.55241e-01  1.44395e-03
  -9050.56  6364.6875  6.27732e-01  6.16801e-01  6.27519e-01  2.13043e-04
  -9022.01  6365.3125  5.98904e-01  5.82943e-01  5.98663e-01  2.40553e-04
  -8993.46  6365.9375  5.88967e-01  6.01619e-01  5.87321e-01  1.64629e-03
  -8964.91  6366.5625  5.70467e-01  5.75040e-01  5.67307e-01  3.16011e-03
  -8936.36  6367.1875  5.56951e-01  5.26667e-01  5.55304e-01  1.64621e-03
  -8907.81  6367.8125  5.78885e-01  5.81807e-01  5.78653e-01  2.32722e-04
  -8879.26  6368.4375  6.14786e-01  6.14959e-01  6.14777e-01  8.92806e-06
  -8850.71  6369.0625  6.41193e-01  6.52976e-01  6.41193e-01  9.29489e-08
  -8822.15  6369.6875  6.32911e-01  6.68163e-01  6.32911e-01  0.00000e+00
  -8793.60  6370.3125  6.18019e-01  5.37274e-01  6.18019e-01  1.12956e-07
  -8765.05  6370.9375  6.60132e-01  7.06101e-01  6.60122e-01  1.08498e-05
  -8736.50  6371.5625  6.70671e-01  7.02636e-01  6.70388e-01  2.82816e-04
  -8707.95  6372.1875  6.37307e-01  5.97423e-01  6.35307e-01  2.00056e-03
  -8679.40  6372.8125  6.32895e-01  6.38824e-01  6.29055e-01  3.84032e-03
  -8650.85  6373.4375  6.47592e-01  6.39118e-01  6.45591e-01  2.00056e-03
  -8622.30  6374.0625  6.47273e-01  6.88665e-01  6.46990e-01  2.82899e-04
  -8593.75  6374.6875  6.16748e-01  5.83912e-01  6.16729e-01  1.88998e-05
  -8565.20  6375.3125  6.12251e-01  6.02079e-01  6.12037e-01  2.14256e-04
  -8536.64  6375.9375  6.50990e-01  6.29257e-01  6.49363e-01  1.62724e-03
  -8508.09  6376.5625  6.91329e-01  7.52019e-01  6.87402e-01  3.92669e-03
  -8479.54  6377.1875  6.97313e-01  6.38185e-01  6.93530e-01  3.78345e-03
  -8450.99  6377.8125  6.98088e-01  7.78572e-01  6.95245e-01  2.84287e-03
  -8422.44  6378.4375  6.42831e-01  6.15169e-01  6.39352e-01  3.47970e-03
  -8393.89  6379.0625  5.94862e-01  5.68778e-01  5.90282e-01  4.58032e-03
  -8365.34  6379.6875  6.15137e-01  5.79246e-01  6.06598e-01  8.53844e-03
  -8336.79  6380.3125  6.58017e-01  7.29803e-01  6.48562e-01  9.45453e-03
  -8308.24  6380.9375  6.49727e-01  6.10996e-01  6.43059e-01  6.66809e-03
  -8279.69  6381.5625  6.27954e-01  6.67811e-01  6.20693e-01  7.26087e-03
  -8251.13  6382.1875  6.02574e-01  5.56385e-01  5.96602e-01  5.97212e-03
  -8222.58  6382.8125  6.21738e-01  6.10296e-01  6.18138e-01  3.59948e-03
  -8194.03  6383.4375  6.60415e-01  6.98672e-01  6.57020e-01  3.39414e-03
  -8165.48  6384.0625  6.69315e-01  6.46527e-01  6.67661e-01  1.65337e-03
  -8136.93  6384.6875  6.68072e-01  6.98773e-01  6.67839e-01  2.33000e-04
  -8108.38  6385.3125  6.56478e-01  6.25872e-01  6.56458e-01  1.94838e-05
  -8079.83  6385.9375  6.56607e-01  6.74123e-01  6.56532e-01  7.48259e-05
  -8051.28  6386.5625  6.40956e-01  6.59615e-01  6.40812e-01  1.44013e-04
  -8022.73  6387.1875  6.14628e-01  5.73557e-01  6.14538e-01  8.95549e-05
  -7994.17  6387.8125  6.14877e-01  6.45141e-01  6.14752e-01  1.24764e-04
  -7965.62  6388.4375  6.32095e-01  5.73379e-01  6.31629e-01  4.65803e-04
  -7937.07  6389.0625  6.64187e-01  7.42912e-01  6.62105e-01  2.08172e-03
  -7908.52  6389.6875  6.50353e-01  6.10378e-01  6.45638e-01  4.71496e-03
  -7879.97  6390.3125  6.46687e-01  6.39547e-01  6.41098e-01  5.58921e-03
  -7851.42  6390.9375  6.42320e-01  6.95223e-01  6.37196e-01  5.12304e-03
  -7822.87  6391.5625  5.87460e-01  5.70235e-01  5.85205e-01  2.25415e-03
  -7794.32  6392.1875  5.88083e-01  4.75822e-01  5.86914e-01  1.16918e-03
  -7765.77  6392.8125  6.80330e-01  7.92039e-01  6.74120e-01  6.20978e-03
  -7737.22  6393.4375  7.06096e-01  6.82282e-01  6.91192e-01  1.49039e-02
  -7708.66  6394.0625  6.85916e-01  7.06643e-01  6.70889e-01  1.50266e-02
  -7680.11  6394.6875  6.36720e-01  6.60583e-01  6.28219e-01  8.50144e-03
  -7651.56  6395.3125  5.88440e-01  5.13025e-01  5.83019e-01  5.42108e-03
  -7623.01  6395.9375  6.01086e-01  6.43470e-01  5.94570e-01  6.51660e-03
  -7594.46  6396.5625  6.22214e-01  5.87512e-01  6.17470e-01  4.74483e-03
  -7565.91  6397.1875  6.46568e-01  6.79089e-01  6.42494e-01  4.07369e-03
  -7537.36  6397.8125  6.44273e-01  6.48557e-01  6.38575e-01  5.69773e-03
  -7508.81  6398.4375  6.16215e-01  6.19710e-01  6.06658e-01  9.55678e-03
  -7480.26  6399.0625  5.92956e-01  5.72752e-01  5.84168e-01  8.78806e-03
  -7451.71  6399.6875  6.09634e-01  5.82893e-01  6.02300e-01  7.33356e-03
  -7423.15  6400.3125  6.55253e-01  6.87433e-01  6.43290e-01  1.19621e-02
  -7394.60  6400.9375  6.84489e-01  6.67122e-01  6.67115e-01  1.73734e-02
  -7366.05  6401.5625  7.01761e-01  7.28496e-01  6.81062e-01  2.06987e-02
  -7337.50  6402.1875  6.87888e-01  6.95339e-01  6.73588e-01  1.42992e-02
  -7308.95  6402.8125  6.45944e-01  6.53415e-01  6.39655e-01  6.28988e-03
  -7280.40  6403.4375  6.22044e-01  5.63970e-01  6.15034e-01  7.01005e-03
  -7251.85  6404.0625  6.37273e-01  6.92904e-01  6.27175e-01  1.00975e-02
  -7223.30  6404.6875  6.16802e-01  6.12506e-01  6.08340e-01  8.46265e-03
  -7194.75  6405.3125  5.87573e-01  5.58605e-01  5.79655e-01  7.91802e-03
  -7166.19  6405.9375  5.95859e-01  6.00270e-01  5.82219e-01  1.36399e-02
  -7137.64  6406.5625  6.30143e-01  6.05767e-01  6.10582e-01  1.95618e-02
  -7109.09  6407.1875  6.79049e-01  7.04277e-01  6.62016e-01  1.70327e-02
  -7080.54  6407.8125  6.94048e-01  7.19316e-01  6.74497e-01  1.95508e-02
  -7051.99  6408.4375  6.69639e-01  6.54439e-01  6.50379e-01  1.92595e-02
  -7023.44  6409.0625  6.41718e-01  6.54088e-01  6.30428e-01  1.12900e-02
  -6994.89  6409.6875  6.09813e-01  6.07298e-01  6.04058e-01  5.75505e-03
  -6966.34  6410.3125  6.16469e-01  5.43041e-01  6.11925e-01  4.54479e-03
  -6937.79  6410.9375  6.78958e-01  7.51517e-01  6.68153e-01  1.08052e-02
  -6909.24  6411.5625  6.97859e-01  6.79745e-01  6.79732e-01  1.81273e-02
  -6880.68  6412.1875  6.62046e-01  7.28859e-01  6.46857e-01  1.51886e-02
  -6852.13  6412.8125  6.05179e-01  5.04853e-01  5.91271e-01  1.39081e-02
  -6823.58  6413.4375  6.18079e-01  6.57379e-01  5.98334e-01  1.97450e-02
  -6795.03  6414.0625  6.30541e-01  6.43857e-01  6.11767e-01  1.87739e-02
  -6766.48  6414.6875  6.30112e-01  5.87202e-01  6.18061e-01  1.20506e-02
  -6737.93  6415.3125  6.61670e-01  6.85667e-01  6.48121e-01  1.35490e-02
  -6709.38  6415.9375  6.69126e-01  7.01211e-01  6.51665e-01  1.74601e-02
  -6680.83  6416.5625  6.49642e-01  5.99815e-01  6.27141e-01  2.25016e-02
  -6652.28  6417.1875  6.53151e-01  6.90744e-01  6.27708e-01  2.54430e-02
  -6623.73  6417.8125  6.35266e-01  6.40704e-01  6.06759e-01  2.85071e-02
  -6595.17  6418.4375  6.35967e-01  5.54066e-01  6.02604e-01  3.33630e-02
  -6566.62  6419.0625  6.90115e-01  7.74463e-01  6.61269e-01  2.88459e-02
  -6538.07  6419.6875  6.82587e-01  6.82387e-01  6.60297e-01  2.22899e-02
  -6509.52  6420.3125  6.45926e-01  6.12110e-01  6.24496e-01  2.14295e-02
  -6480.97  6420.9375  6.28743e-01  6.68690e-01  6.09222e-01  1.95210e-02
  -6452.42  6421.5625  6.05650e-01  5.62488e-01  5.81004e-01  2.46460e-02
  -6423.87  6422.1875  6.24876e-01  6.10830e-01  5.90628e-01  3.42479e-02
  -6395.32  6422.8125  6.75332e-01  6.95721e-01  6.44967e-01  3.03650e-02
  -6366.77  6423.4375  7.07228e-01  7.08198e-01  6.78544e-01  2.86846e-02
  -6338.21  6424.0625  7.10468e-01  7.35017e-01  6.80372e-01  3.00961e-02
  -6309.66  6424.6875  6.75993e-01  6.85385e-01  6.31398e-01  4.45943e-02
  -6281.11  6425.3125  6.49843e-01  5.89218e-01  5.99824e-01  5.00187e-02
  -6252.56  6425.9375  6.79348e-01  7.10932e-01  6.40568e-01  3.87800e-02
  -6224.01  6426.5625  7.08191e-01  6.98437e-01  6.70859e-01  3.73326e-02
  -6195.46  6427.1875  7.16757e-01  7.44672e-01  6.61665e-01  5.50927e-02
  -6166.91  6427.8125  7.09241e-01  6.82700e-01  6.53714e-01  5.55274e-02
  -6138.36  6428.4375  7.20180e-01  7.16384e-01  6.73986e-01  4.61940e-02
  -6109.81  6429.0625  7.10045e-01  7.85415e-01  6.63652e-01  4.63928e-02
  -6081.26  6429.6875  6.81119e-01  5.48344e-01  6.40808e-01  4.03108e-02
  -6052.70  6430.3125  7.42675e-01  8.07524e-01  7.02046e-01  4.06294e-02
  -6024.15  6430.9375  7.67050e-01  8.17271e-01  7.06846e-01  6.02039e-02
  -5995.60  6431.5625  7.17836e-01  6.68162e-01  6.50430e-01  6.74063e-02
  -5967.05  6432.1875  6.75443e-01  7.24314e-01  6.20983e-01  5.44603e-02
  -5938.50  6432.8125  6.50488e-01  5.59213e-01  6.05196e-01  4.52925e-02
  -5909.95  6433.4375  6.93477e-01  7.36501e-01  6.50890e-01  4.25863e-02
  -5881.40  6434.0625  7.34626e-01  7.30755e-01  6.89113e-01  4.55134e-02
  -5852.85  6434.6875  7.46898e-01  7.63150e-01  7.00225e-01  4.66730e-02
  -5824.30  6435.3125  7.23308e-01  7.52492e-01  6.74753e-01  4.85546e-02
  -5795.75  6435.9375  6.99694e-01  6.16777e-01  6.39499e-01  6.01951e-02
  -5767.19  6436.5625  7.36661e-01  7.89986e-01  6.69388e-01  6.72731e-02
  -5738.64  6437.1875  7.58028e-01  7.45595e-01  6.85564e-01  7.24635e-02
  -5710.09  6437.8125  7.42521e-01  7.83198e-01  6.68137e-01  7.43834e-02
  -5681.54  6438.4375  6.96749e-01  6.68319e-01  6.22198e-01  7.45509e-02
  -5652.99  6439.0625  6.83485e-01  6.50559e-01  5.97407e-01  8.60778e-02
  -5624.44  6439.6875  7.07755e-01  7.45734e-01  6.14837e-01  9.29186e-02
  -5595.89  6440.3125  7.19780e-01  6.93764e-01  6.32928e-01  8.68511e-02
  -5567.34  6440.9375  7.63068e-01  7.23149e-01  6.70031e-01  9.30374e-02
  -5538.79  6441.5625  7.78891e-01  9.43581e-01  6.83093e-01  9.57987e-02
  -5510.24  6442.1875  6.87929e-01  5.42823e-01  6.04902e-01  8.30275e-02
  -5481.68  6442.8125  6.87333e-01  6.93497e-01  5.96839e-01  9.04940e-02
  -5453.13  6443.4375  7.43823e-01  7.71981e-01  6.19089e-01  1.24733e-01
  -5424.58  6444.0625  7.58206e-01  7.67098e-01  6.16525e-01  1.41681e-01
  -5396.03  6444.6875  7.38858e-01  7.48599e-01  6.02830e-01  1.36028e-01
  -5367.48  6445.3125  7.29315e-01  6.79490e-01  5.98257e-01  1.31058e-01
  -5338.93  6445.9375  7.60926e-01  7.94487e-01  6.29637e-01  1.31289e-01
  -5310.38  6446.5625  7.96518e-01  7.63574e-01  6.68705e-01  1.27813e-01
  -5281.83  6447.1875  8.33852e-01  8.71177e-01  6.97804e-01  1.36048e-01
  -5253.28  6447.8125  8.31542e-01  8.50996e-01  6.82940e-01  1.48602e-01
  -5224.72  6448.4375  8.36532e-01  7.42479e-01  6.86287e-01  1.50245e-01
  -5196.17  6449.0625  9.05952e-01  9.81678e-01  7.47239e-01  1.58713e-01
  -5167.62  6449.6875  9.02014e-01  9.56987e-01  7.44713e-01  1.57301e-01
  -5139.07  6450.3125  8.60591e-01  7.25758e-01  7.00845e-01  1.59746e-01
  -5110.52  6450.9375  9.03634e-01  1.00002e+00  7.21647e-01  1.81986e-01
  -5081.97  6451.5625  8.82075e-01  9.11041e-01  6.88092e-01  1.93982e-01
  -5053.42  6452.1875  7.97385e-01  7.50768e-01  6.06099e-01  1.91286e-01
  -5024.87  6452.8125  7.75193e-01  7.38108e-01  5.68895e-01  2.06298e-01
  -4996.32  6453.4375  8.06015e-01  8.45209e-01  5.99533e-01  2.06482e-01
  -4967.77  6454.0625  8.09217e-01  8.12665e-01  6.18545e-01  1.90672e-01
  -4939.21  6454.6875  8.30147e-01  7.51260e-01  6.32662e-01  1.97485e-01
  -4910.66  6455.3125  8.96950e-01  9.87472e-01  6.77128e-01  2.19823e-01
  -4882.11  6455.9375  8.76707e-01  9.04268e-01  6.63025e-01  2.13681e-01
  -4853.56  6456.5625  8.19375e-01  7.34857e-01  6.14400e-01  2.04975e-01
  -4825.01  6457.1875  8.65828e-01  8.44958e-01  6.27999e-01  2.37829e-01
  -4796.46  6457.8125  9.55740e-01  1.01380e+00  6.66345e-01  2.89395e-01
  -4767.91  6458.4375  9.88138e-01  9.80934e-01  6.81418e-01  3.06719e-01
  -4739.36  6459.0625  9.97405e-01  9.93002e-01  7.11530e-01  2.85875e-01
  -4710.81  6459.6875  1.00132e+00  1.02308e+00  7.18958e-01  2.82359e-01
  -4682.26  6460.3125  9.75609e-01  9.85669e-01  6.78880e-01  2.96729e-01
  -4653.70  6460.9375  9.66720e-01  8.92703e-01  6.66010e-01  3.00710e-01
  -4625.15  6461.5625  1.01792e+00  1.06895e+00  7.26571e-01  2.91352e-01
  -4596.60  6462.1875  1.03101e+00  1.05731e+00  7.42965e-01  2.88042e-01
  -4568.05  6462.8125  1.00385e+00  9.64265e-01  6.80860e-01  3.22992e-01
  -4539.50  6463.4375  1.00227e+00  1.01912e+00  6.49439e-01  3.52832e-01
  -4510.95  6464.0625  1.01593e+00  9.92688e-01  6.31220e-01  3.84710e-01
  -4482.40  6464.6875  1.05220e+00  1.04726e+00  6.33270e-01  4.18931e-01
  -4453.85  6465.3125  1.06654e+00  1.13950e+00  6.48151e-01  4.18390e-01
  -4425.30  6465.9375  1.03442e+00  9.59732e-01  6.42424e-01  3.91998e-01
  -4396.74  6466.5625  1.08193e+00  1.03493e+00  6.54104e-01  4.27825e-01
  -4368.19  6467.1875  1.15782e+00  1.28970e+00  6.80012e-01  4.77808e-01
  -4339.64  6467.8125  1.13874e+00  1.05584e+00  6.82437e-01  4.56300e-01
  -4311.09  6468.4375  1.14356e+00  1.15539e+00  6.64380e-01  4.79183e-01
  -4282.54  6469.0625  1.16685e+00  1.18967e+00  6.49813e-01  5.17041e-01
  -4253.99  6469.6875  1.19268e+00  1.12908e+00  6.83995e-01  5.08684e-01
  -4225.44  6470.3125  1.25818e+00  1.30564e+00  7.10599e-01  5.47586e-01
  -4196.89  6470.9375  1.26614e+00  1.32277e+00  6.88613e-01  5.77529e-01
  -4168.34  6471.5625  1.21332e+00  1.14399e+00  6.60326e-01  5.52991e-01
  -4139.79  6472.1875  1.20841e+00  1.22388e+00  6.51224e-01  5.57188e-01
  -4111.23  6472.8125  1.24107e+00  1.21373e+00  6.52984e-01  5.88086e-01
  -4082.68  6473.4375  1.31847e+00  1.28728e+00  6.73967e-01  6.44506e-01
  -4054.13  6474.0625  1.38725e+00  1.49813e+00  6.92975e-01  6.94275e-01
  -4025.58  6474.6875  1.35008e+00  1.31465e+00  6.76703e-01  6.73373e-01
  -3997.03  6475.3125  1.30909e+00  1.28523e+00  6.84500e-01  6.24591e-01
  -3968.48  6475.9375  1.33006e+00  1.30846e+00  7.48831e-01  5.81232e-01
  -3939.93  6476.5625  1.38130e+00  1.40648e+00  7.54271e-01  6.27029e-01
  -3911.38  6477.1875  1.42438e+00  1.40228e+00  6.78341e-01  7.46037e-01
  -3882.83  6477.8125  1.45423e+00  1.50370e+00  6.30106e-01  8.24121e-01
  -3854.28  6478.4375  1.46499e+00  1.40693e+00  6.41593e-01  8.23400e-01
  -3825.72  6479.0625  1.50668e+00  1.53400e+00  6.69941e-01  8.36740e-01
  -3797.17  6479.6875  1.53334e+00  1.55498e+00  6.68609e-01  8.64733e-01
  -3768.62  6480.3125  1.53520e+00  1.50445e+00  6.68444e-01  8.66759e-01
  -3740.07  6480.9375  1.56439e+00  1.56379e+00  6.81228e-01  8.83160e-01
  -3711.52  6481.5625  1.61207e+00  1.61168e+00  6.70078e-01  9.41988e-01
  -3682.97  6482.1875  1.65078e+00  1.66877e+00  6.57963e-01  9.92814e-01
  -3654.42  6482.8125  1.66832e+00  1.66536e+00  6.62053e-01  1.00626e+00
  -3625.87  6483.4375  1.69571e+00  1.66823e+00  6.78222e-01  1.01749e+00
  -3597.32  6484.0625  1.75994e+00  1.75908e+00  6.91140e-01  1.06880e+00
  -3568.76  6484.6875  1.81767e+00  1.86161e+00  6.83286e-01  1.13438e+00
  -3540.21  6485.3125  1.85702e+00  1.79108e+00  6.64814e-01  1.19221e+00
  -3511.66  6485.9375  1.93684e+00  1.97143e+00  6.76275e-01  1.26056e+00
  -3483.11  6486.5625  2.00365e+00  2.00720e+00  6.60183e-01  1.34347e+00
  -3454.56  6487.1875  1.99378e+00  2.08742e+00  6.20249e-01  1.37353e+00
  -3426.01  6487.8125  1.92497e+00  1.81121e+00  5.84601e-01  1.34037e+00
  -3397.46  6488.4375  1.95633e+00  1.94557e+00  5.87105e-01  1.36923e+00
  -3368.91  6489.0625  2.03600e+00  2.08437e+00  6.10865e-01  1.42514e+00
  -3340.36  6489.6875  2.03014e+00  2.09614e+00  6.12636e-01  1.41750e+00
  -3311.81  6490.3125  2.06979e+00  1.80087e+00  6.13645e-01  1.45615e+00
  -3283.25  6490.9375  2.41230e+00  2.42952e+00  6.71574e-01  1.74072e+00
  -3254.70  6491.5625  2.81992e+00  2.94284e+00  6.82164e-01  2.13775e+00
  -3226.15  6492.1875  3.08397e+00  3.04276e+00  6.56720e-01  2.42725e+00
  -3197.60  6492.8125  3.27963e+00  3.36226e+00  6.21035e-01  2.65859e+00
  -3169.05  6493.4375  3.42351e+00  3.35524e+00  5.87493e-01  2.83601e+00
  -3140.50  6494.0625  3.53258e+00  3.65903e+00  5.59187e-01  2.97339e+00
  -3111.95  6494.6875  3.49921e+00  3.51973e+00  5.24324e-01  2.97489e+00
  -3083.40  6495.3125  3.37310e+00  3.36257e+00  5.08721e-01  2.86438e+00
  -3054.85  6495.9375  3.29834e+00  3.21298e+00  5.39647e-01  2.75870e+00
  -3026.30  6496.5625  3.37587e+00  3.31640e+00  5.56034e-01  2.81984e+00
  -2997.74  6497.1875  3.51631e+00  3.63117e+00  5.32715e-01  2.98359e+00
  -2969.19  6497.8125  3.56471e+00  3.52970e+00  4.87870e-01  3.07684e+00
  -2940.64  6498.4375  3.60350e+00  3.57607e+00  4.89923e-01  3.11358e+00
  -2912.09  6499.0625  3.60636e+00  3.75787e+00  4.80001e-01  3.12636e+00
  -2883.54  6499.6875  3.46738e+00  3.40153e+00  4.35166e-01  3.03221e+00
  -2854.99  6500.3125  3.37130e+00  3.29581e+00  3.69018e-01  3.00228e+00
  -2826.44  6500.9375  3.42111e+00  3.40712e+00  3.57264e-01  3.06385e+00
  -2797.89  6501.5625  3.55984e+00  3.51760e+00  3.82508e-01  3.17733e+00
  -2769.34  6502.1875  3.70288e+00  3.81082e+00  3.79111e-01  3.32377e+00
  -2740.78  6502.8125  3.76963e+00  3.69470e+00  3.88611e-01  3.38102e+00
  -2712.23  6503.4375  3.80784e+00  3.91621e+00  4.08705e-01  3.39913e+00
  -2683.68  6504.0625  3.77430e+00  3.72726e+00  3.99686e-01  3.37461e+00
  -2655.13  6504.6875  3.78286e+00  3.70976e+00  3.67495e-01  3.41537e+00
  -2626.58  6505.3125  3.87241e+00  3.93739e+00  3.22792e-01  3.54962e+00
  -2598.03  6505.9375  3.89332e+00  3.94691e+00  2.91179e-01  3.60214e+00
  -2569.48  6506.5625  3.87736e+00  3.74960e+00  2.83573e-01  3.59379e+00
  -2540.93  6507.1875  3.90114e+00  4.06681e+00  2.85324e-01  3.61581e+00
  -2512.38  6507.8125  3.85788e+00  3.72450e+00  2.90179e-01  3.56770e+00
  -2483.83  6508.4375  3.85319e+00  3.93070e+00  2.78752e-01  3.57444e+00
  -2455.27  6509.0625  3.88697e+00  3.77299e+00  2.54750e-01  3.63222e+00
  -2426.72  6509.6875  3.98652e+00  4.06175e+00  2.32182e-01  3.75434e+00
  -2398.17  6510.3125  4.07757e+00  4.03222e+00  2.36698e-01  3.84088e+00
  -2369.62  6510.9375  4.14545e+00  4.21036e+00  2.45990e-01  3.89946e+00
  -2341.07  6511.5625  4.12656e+00  4.18417e+00  2.27799e-01  3.89876e+00
  -2312.52  6512.1875  4.16132e+00  3.86933e+00  2.36731e-01  3.92459e+00
  -2283.97  6512.8125  4.38517e+00  4.65742e+00  2.61717e-01  4.12345e+00
  -2255.42  6513.4375  4.45622e+00  4.40096e+00  2.44909e-01  4.21131e+00
  -2226.87  6514.0625  4.47515e+00  4.42549e+00  2.04136e-01  4.27101e+00
  -2198.32  6514.6875  4.58404e+00  4.58934e+00  1.64992e-01  4.41905e+00
  -2169.76  6515.3125  4.77108e+00  4.68425e+00  1.53262e-01  4.61782e+00
  -2141.21  6515.9375  5.07566e+00  5.07310e+00  1.86485e-01  4.88918e+00
  -2112.66  6516.5625  5.44578e+00  5.41169e+00  2.37025e-01  5.20876e+00
  -2084.11  6517.1875  5.67563e+00  6.00101e+00  2.49497e-01  5.42613e+00
  -2055.56  6517.8125  5.62893e+00  5.40288e+00  2.31212e-01  5.39772e+00
  -2027.01  6518.4375  5.67562e+00  5.68581e+00  2.03164e-01  5.47245e+00
  -1998.46  6519.0625  5.73609e+00  5.90755e+00  1.90253e-01  5.54584e+00
  -1969.91  6519.6875  5.66601e+00  5.51101e+00  1.87162e-01  5.47885e+00
  -1941.36  6520.3125  5.73449e+00  5.66750e+00  2.24143e-01  5.51035e+00
  -1912.80  6520.9375  5.89917e+00  6.03038e+00  2.34815e-01  5.66436e+00
  -1884.25  6521.5625  5.90964e+00  5.96262e+00  2.03282e-01  5.70636e+00
  -1855.70  6522.1875  5.90812e+00  5.68556e+00  1.87407e-01  5.72072e+00
  -1827.15  6522.8125  6.19259e+00  6.14828e+00  2.06729e-01  5.98586e+00
  -1798.60  6523.4375  6.62759e+00  6.68735e+00  2.36946e-01  6.39064e+00
  -1770.05  6524.0625  6.91908e+00  7.09107e+00  2.43806e-01  6.67527e+00
  -1741.50  6524.6875  7.08708e+00  6.86775e+00  2.29912e-01  6.85717e+00
  -1712.95  6525.3125  7.58627e+00  7.33858e+00  2.25629e-01  7.36065e+00
  -1684.40  6525.9375  8.42879e+00  8.61061e+00  2.28324e-01  8.20047e+00
  -1655.85  6526.5625  9.09400e+00  9.24340e+00  2.39616e-01  8.85438e+00
  -1627.29  6527.1875  9.42822e+00  9.47762e+00  2.47785e-01  9.18043e+00
  -1598.74  6527.8125  9.61861e+00  9.58334e+00  2.43938e-01  9.37468e+00
  -1570.19  6528.4375  9.79161e+00  9.84997e+00  2.18021e-01  9.57359e+00
  -1541.64  6529.0625  9.99449e+00  9.84176e+00  2.07608e-01  9.78689e+00
  -1513.09  6529.6875  1.02683e+01  1.04278e+01  2.16750e-01  1.00516e+01
  -1484.54  6530.3125  1.03815e+01  1.04438e+01  2.02953e-01  1.01786e+01
  -1455.99  6530.9375  1.03310e+01  1.03287e+01  2.13774e-01  1.01173e+01
  -1427.44  6531.5625  1.04026e+01  1.01196e+01  2.18159e-01  1.01844e+01
  -1398.89  6532.1875  1.06725e+01  1.09676e+01  2.27367e-01  1.04452e+01
  -1370.34  6532.8125  1.07187e+01  1.07196e+01  2.34645e-01  1.04841e+01
  -1341.78  6533.4375  1.05898e+01  1.06096e+01  2.08988e-01  1.03808e+01
  -1313.23  6534.0625  1.05640e+01  1.03257e+01  1.80230e-01  1.03837e+01
  -1284.68  6534.6875  1.07832e+01  1.08991e+01  1.81059e-01  1.06021e+01
  -1256.13  6535.3125  1.11409e+01  1.08858e+01  1.97202e-01  1.09437e+01
  -1227.58  6535.9375  1.16576e+01  1.18410e+01  1.89371e-01  1.14683e+01
  -1199.03  6536.5625  1.19963e+01  1.21772e+01  1.80725e-01  1.18156e+01
  -1170.48  6537.1875  1.25139e+01  1.16766e+01  2.01918e-01  1.23120e+01
  -1141.93  6537.8125  1.42611e+01  1.38480e+01  2.51439e-01  1.40097e+01
  -1113.38  6538.4375  1.66016e+01  1.73376e+01  2.69733e-01  1.63319e+01
  -1084.83  6539.0625  1.79733e+01  1.84134e+01  2.47430e-01  1.77259e+01
  -1056.27  6539.6875  1.83407e+01  1.82886e+01  2.30914e-01  1.81098e+01
  -1027.72  6540.3125  1.82776e+01  1.86506e+01  2.33568e-01  1.80441e+01
   -999.17  6540.9375  1.80572e+01  1.75183e+01  2.31864e-01  1.78254e+01
   -970.62  6541.5625  1.82263e+01  1.84023e+01  2.62513e-01  1.79637e+01
   -942.07  6542.1875  1.84661e+01  1.84671e+01  3.07462e-01  1.81586e+01
   -913.52  6542.8125  1.84719e+01  1.87191e+01  3.16839e-01  1.81550e+01
   -884.97  6543.4375  1.82515e+01  1.80677e+01  2.96585e-01  1.79549e+01
   -856.42  6544.0625  1.81249e+01  1.81288e+01  2.90352e-01  1.78346e+01
   -827.87  6544.6875  1.81129e+01  1.80916e+01  2.95688e-01  1.78172e+01
   -799.31  6545.3125  1.81938e+01  1.80930e+01  3.14585e-01  1.78792e+01
   -770.76  6545.9375  1.84019e+01  1.84325e+01  3.36498e-01  1.80654e+01
   -742.21  6546.5625  1.86176e+01  1.86454e+01  3.43670e-01  1.82740e+01
   -713.66  6547.1875  1.89048e+01  1.87429e+01  3.13004e-01  1.85918e+01
   -685.11  6547.8125  1.99255e+01  1.90808e+01  3.26657e-01  1.95989e+01
   -656.56  6548.4375  2.25095e+01  2.18853e+01  3.51530e-01  2.21580e+01
   -628.01  6549.0625  2.56342e+01  2.69357e+01  3.16514e-01  2.53177e+01
   -599.46  6549.6875  2.70655e+01  2.76811e+01  2.67777e-01  2.67977e+01
   -570.91  6550.3125  2.70822e+01  2.67543e+01  2.76017e-01  2.68062e+01
   -542.36  6550.9375  2.67643e+01  2.73694e+01  3.45663e-01  2.64186e+01
   -513.80  6551.5625  2.60391e+01  2.56824e+01  4.03233e-01  2.56358e+01
   -485.25  6552.1875  2.54625e+01  2.54116e+01  3.85854e-01  2.50766e+01
   -456.70  6552.8125  2.50870e+01  2.51846e+01  3.54413e-01  2.47326e+01
   -428.15  6553.4375  2.46438e+01  2.46752e+01  3.42704e-01  2.43011e+01
   -399.60  6554.0625  2.47659e+01  2.36374e+01  3.42559e-01  2.44234e+01
   -371.05  6554.6875  2.59936e+01  2.66023e+01  3.33540e-01  2.56601e+01
   -342.50  6555.3125  2.69861e+01  2.72111e+01  3.10425e-01  2.66757e+01
   -313.95  6555.9375  2.79515e+01  2.69853e+01  3.19723e-01  2.76317e+01
   -285.40  6556.5625  2.99642e+01  2.97754e+01  3.99426e-01  2.95648e+01
   -256.85  6557.1875  2.90247e+01  3.52266e+01  4.34646e-01  2.85901e+01
   -228.29  6557.8125  1.99510e+01  2.02446e+01  3.37066e-01  1.96140e+01
   -199.74  6558.4375  1.01354e+01  4.57334e+00  2.40168e-01  9.89528e+00
   -171.19  6559.0625  8.00629e+00  6.94638e+00  3.75651e-01  7.63063e+00
   -142.64  6559.6875  1.06383e+01  1.07160e+01  6.31494e-01  1.00068e+01
   -114.09  6560.3125  1.42601e+01  1.38175e+01  8.14487e-01  1.34457e+01
    -85.54  6560.9375  1.90041e+01  1.84424e+01  9.63500e-01  1.80406e+01
    -56.99  6561.5625  2.89287e+01  2.21319e+01  1.29736e+00  2.76314e+01
    -28.44  6562.1875  4.82856e+01  4.77167e+01  1.90553e+00  4.63800e+01
      0.11  6562.8125  6.59705e+01  7.67047e+01  2.40907e+00  6.35615e+01
     28.67  6563.4375  6.86108e+01  7.06033e+01  2.49077e+00  6.61201e+01
     57.22  6564.0625  6.07468e+01  6.29285e+01  2.32713e+00  5.84197e+01
     85.77  6564.6875  4.83360e+01  4.85542e+01  1.98266e+00  4.63534e+01
    114.32  6565.3125  3.53864e+01  3.36330e+01  1.61529e+00  3.37711e+01
    142.87  6565.9375  2.56231e+01  2.39452e+01  1.40353e+00  2.42196e+01
    171.42  6566.5625  1.97328e+01  1.88309e+01  1.21914e+00  1.85137e+01
    199.97  6567.1875  1.65855e+01  1.58255e+01  1.05502e+00  1.55305e+01
    228.52  6567.8125  1.51106e+01  1.50111e+01  1.02428e+00  1.40864e+01
    257.07  6568.4375  1.42592e+01  1.42505e+01  1.06712e+00  1.31920e+01
    285.62  6569.0625  1.34830e+01  1.35199e+01  1.04234e+00  1.24407e+01
    314.18  6569.6875  1.27490e+01  1.26285e+01  9.63240e-01  1.17858e+01
    342.73  6570.3125  1.23403e+01  1.20127e+01  8.99561e-01  1.14407e+01
    371.28  6570.9375  1.22175e+01  1.25911e+01  9.44388e-01  1.12731e+01
    399.83  6571.5625  1.18592e+01  1.17574e+01  1.00909e+00  1.08501e+01
    428.38  6572.1875  1.13904e+01  1.14375e+01  9.64286e-01  1.04261e+01
    456.93  6572.8125  1.08882e+01  1.09261e+01  9.49866e-01  9.93832e+00
    485.48  6573.4375  1.03914e+01  1.02701e+01  9.80876e-01  9.41056e+00
    514.03  6574.0625  1.01497e+01  9.94664e+00  9.99532e-01  9.15021e+00
    542.58  6574.6875  1.01434e+01  1.03159e+01  1.02463e+00  9.11880e+00
    571.13  6575.3125  9.97323e+00  1.00788e+01  9.95317e-01  8.97792e+00
    599.69  6575.9375  9.60942e+00  9.52455e+00  9.37473e-01  8.67195e+00
    628.24  6576.5625  9.19999e+00  9.36179e+00  8.66830e-01  8.33316e+00
    656.79  6577.1875  8.79185e+00  8.50917e+00  8.24912e-01  7.96694e+00
    685.34  6577.8125  8.61980e+00  8.69984e+00  9.00152e-01  7.71964e+00
    713.89  6578.4375  8.54025e+00  8.47537e+00  9.81779e-01  7.55847e+00
    742.44  6579.0625  8.39702e+00  8.58324e+00  9.82662e-01  7.41436e+00
    770.99  6579.6875  8.08207e+00  8.01994e+00  9.95834e-01  7.08623e+00
    799.54  6580.3125  7.78812e+00  7.70156e+00  9.88493e-01  6.79963e+00
    828.09  6580.9375  7.58656e+00  7.68827e+00  9.40155e-01  6.64641e+00
    856.65  6581.5625  7.42302e+00  7.21773e+00  9.25424e-01  6.49760e+00
    885.20  6582.1875  7.37340e+00  7.54483e+00  9.07935e-01  6.46546e+00
    913.75  6582.8125  7.26788e+00  7.17923e+00  8.66010e-01  6.40187e+00
    942.30  6583.4375  7.14301e+00  7.20695e+00  8.31063e-01  6.31195e+00
    970.85  6584.0625  6.95506e+00  7.00190e+00  7.81218e-01  6.17384e+00
    999.40  6584.6875  6.72588e+00  6.63368e+00  7.97567e-01  5.92831e+00
   1027.95  6585.3125  6.60911e+00  6.57859e+00  8.68927e-01  5.74018e+00
   1056.50  6585.9375  6.61023e+00  6.56848e+00  9.08670e-01  5.70156e+00
   1085.05  6586.5625  6.63665e+00  6.72262e+00  9.27825e-01  5.70883e+00
   1113.60  6587.1875  6.58504e+00  6.57311e+00  9.35290e-01  5.64975e+00
   1142.16  6587.8125  6.54740e+00  6.45614e+00  9.31373e-01  5.61602e+00
   1170.71  6588.4375  6.52585e+00  6.71547e+00  9.45117e-01  5.58073e+00
   1199.26  6589.0625  6.39293e+00  6.24622e+00  9.00349e-01  5.49259e+00
   1227.81  6589.6875  6.28877e+00  6.38334e+00  8.56611e-01  5.43216e+00
   1256.36  6590.3125  6.17784e+00  6.11069e+00  8.82072e-01  5.29576e+00
   1284.91  6590.9375  6.04096e+00  6.15385e+00  8.72453e-01  5.16851e+00
   1313.46  6591.5625  5.88508e+00  5.72778e+00  8.04668e-01  5.08042e+00
   1342.01  6592.1875  5.84050e+00  5.88561e+00  7.91595e-01  5.04891e+00
   1370.56  6592.8125  5.74521e+00  5.89210e+00  8.29013e-01  4.91620e+00
   1399.11  6593.4375  5.56754e+00  5.34672e+00  8.19233e-01  4.74831e+00
   1427.67  6594.0625  5.61199e+00  5.57145e+00  8.46998e-01  4.76499e+00
   1456.22  6594.6875  5.71812e+00  5.91667e+00  8.83403e-01  4.83472e+00
   1484.77  6595.3125  5.57475e+00  5.60827e+00  8.17075e-01  4.75767e+00
   1513.32  6595.9375  5.33313e+00  5.21966e+00  7.58112e-01  4.57502e+00
   1541.87  6596.5625  5.17640e+00  5.24935e+00  7.32585e-01  4.44381e+00
   1570.42  6597.1875  5.06651e+00  4.93554e+00  7.40703e-01  4.32580e+00
   1598.97  6597.8125  5.03260e+00  5.13364e+00  7.79362e-01  4.25323e+00
   1627.52  6598.4375  4.99240e+00  4.90340e+00  7.90329e-01  4.20207e+00
   1656.07  6599.0625  4.96986e+00  5.04157e+00  7.91967e-01  4.17789e+00
   1684.63  6599.6875  4.89207e+00  4.91122e+00  7.92020e-01  4.10005e+00
   1713.18  6600.3125  4.78316e+00  4.72826e+00  7.97154e-01  3.98600e+00
   1741.73  6600.9375  4.75284e+00  4.71422e+00  8.32044e-01  3.92080e+00
   1770.28  6601.5625  4.73591e+00  4.85557e+00  8.64742e-01  3.87117e+00
   1798.83  6602.1875  4.61765e+00  4.56547e+00  8.32714e-01  3.78494e+00
   1827.38  6602.8125  4.52525e+00  4.47890e+00  8.20101e-01  3.70515e+00
   1855.93  6603.4375  4.51052e+00  4.52765e+00  8.18266e-01  3.69225e+00
   1884.48  6604.0625  4.47160e+00  4.52188e+00  8.14216e-01  3.65738e+00
   1913.03  6604.6875  4.35169e+00  4.36804e+00  8.16455e-01  3.53523e+00
   1941.58  6605.3125  4.26031e+00  4.11577e+00  8.13290e-01  3.44702e+00
   1970.14  6605.9375  4.24394e+00  4.42648e+00  8.36123e-01  3.40782e+00
   1998.69  6606.5625  4.14252e+00  4.01798e+00  7.96482e-01  3.34604e+00
   2027.24  6607.1875  4.03795e+00  4.15384e+00  7.13428e-01  3.32452e+00
   2055.79  6607.8125  3.96264e+00  3.76144e+00  6.86902e-01  3.27573e+00
   2084.34  6608.4375  3.96000e+00  4.18205e+00  7.16315e-01  3.24369e+00
   2112.89  6609.0625  3.85776e+00  3.72094e+00  7.13956e-01  3.14381e+00
   2141.44  6609.6875  3.74143e+00  3.86298e+00  7.26686e-01  3.01475e+00
   2169.99  6610.3125  3.62987e+00  3.47730e+00  7.03375e-01  2.92650e+00
   2198.54  6610.9375  3.63136e+00  3.66457e+00  7.23250e-01  2.90811e+00
   2227.09  6611.5625  3.64696e+00  3.69729e+00  7.39153e-01  2.90781e+00
   2255.65  6612.1875  3.59408e+00  3.57245e+00  7.14191e-01  2.87989e+00
   2284.20  6612.8125  3.54478e+00  3.53150e+00  7.52158e-01  2.79262e+00
   2312.75  6613.4375  3.50537e+00  3.54185e+00  7.75337e-01  2.73003e+00
   2341.30  6614.0625  3.46534e+00  3.39219e+00  7.89809e-01  2.67554e+00
   2369.85  6614.6875  3.41595e+00  3.56480e+00  7.74714e-01  2.64124e+00
   2398.40  6615.3125  3.29661e+00  3.14854e+00  6.99405e-01  2.59720e+00
   2426.95  6615.9375  3.21412e+00  3.33976e+00  6.64531e-01  2.54959e+00
   2455.50  6616.5625  3.11114e+00  3.00839e+00  6.76661e-01  2.43448e+00
   2484.05  6617.1875  3.07565e+00  3.07432e+00  7.14357e-01  2.36129e+00
   2512.61  6617.8125  3.10338e+00  3.09149e+00  7.25850e-01  2.37754e+00
   2541.16  6618.4375  3.08203e+00  3.19685e+00  7.10268e-01  2.37176e+00
   2569.71  6619.0625  2.92928e+00  2.91163e+00  6.63604e-01  2.26568e+00
   2598.26  6619.6875  2.80997e+00  2.68003e+00  6.20649e-01  2.18932e+00
   2626.81  6620.3125  2.87109e+00  2.86698e+00  6.34123e-01  2.23697e+00
   2655.36  6620.9375  2.96839e+00  3.04769e+00  6.85659e-01  2.28273e+00
   2683.91  6621.5625  2.95301e+00  2.97737e+00  7.29796e-01  2.22321e+00
   2712.46  6622.1875  2.87950e+00  2.84057e+00  7.26473e-01  2.15303e+00
   2741.01  6622.8125  2.82739e+00  2.85270e+00  7.00575e-01  2.12681e+00
   2769.56  6623.4375  2.79872e+00  2.73849e+00  6.70132e-01  2.12859e+00
   2798.12  6624.0625  2.79460e+00  2.86504e+00  6.65570e-01  2.12903e+00
   2826.67  6624.6875  2.74836e+00  2.72044e+00  6.78596e-01  2.06977e+00
   2855.22  6625.3125  2.68624e+00  2.70687e+00  6.76662e-01  2.00958e+00
   2883.77  6625.9375  2.61360e+00  2.60996e+00  7.24199e-01  1.88940e+00
   2912.32  6626.5625  2.54124e+00  2.53105e+00  7.53682e-01  1.78756e+00
   2940.87  6627.1875  2.50185e+00  2.47566e+00  7.31347e-01  1.77051e+00
   2969.42  6627.8125  2.54293e+00  2.47958e+00  7.21999e-01  1.82093e+00
   2997.97  6628.4375  2.68494e+00  2.67536e+00  7.72445e-01  1.91250e+00
   3026.52  6629.0625  2.77241e+00  2.94823e+00  8.14515e-01  1.95790e+00
   3055.07  6629.6875  2.64534e+00  2.63263e+00  7.36616e-01  1.90872e+00
   3083.63  6630.3125  2.50904e+00  2.37162e+00  6.97340e-01  1.81170e+00
   3112.18  6630.9375  2.50033e+00  2.59545e+00  7.13937e-01  1.78640e+00
   3140.73  6631.5625  2.44728e+00  2.45099e+00  7.27288e-01  1.71999e+00
   3169.28  6632.1875  2.35106e+00  2.32783e+00  7.01192e-01  1.64987e+00
   3197.83  6632.8125  2.29903e+00  2.26744e+00  7.20413e-01  1.57862e+00
   3226.38  6633.4375  2.29945e+00  2.30787e+00  7.50881e-01  1.54856e+00
   3254.93  6634.0625  2.32203e+00  2.29365e+00  7.38176e-01  1.58386e+00
   3283.48  6634.6875  2.31494e+00  2.42394e+00  6.99397e-01  1.61554e+00
   3312.03  6635.3125  2.23083e+00  2.14597e+00  6.48747e-01  1.58209e+00
   3340.58  6635.9375  2.19734e+00  2.19334e+00  6.43233e-01  1.55411e+00
   3369.14  6636.5625  2.21751e+00  2.21581e+00  6.74499e-01  1.54301e+00
   3397.69  6637.1875  2.23328e+00  2.25316e+00  7.01862e-01  1.53142e+00
   3426.24  6637.8125  2.22416e+00  2.22348e+00  7.15939e-01  1.50822e+00
   3454.79  6638.4375  2.21355e+00  2.20078e+00  7.13146e-01  1.50041e+00
   3483.34  6639.0625  2.24634e+00  2.19657e+00  7.13651e-01  1.53269e+00
   3511.89  6639.6875  2.29067e+00  2.39800e+00  7.39845e-01  1.55083e+00
   3540.44  6640.3125  2.26491e+00  2.19266e+00  7.08958e-01  1.55595e+00
   3568.99  6640.9375  2.24770e+00  2.28741e+00  7.00134e-01  1.54757e+00
   3597.54  6641.5625  2.21294e+00  2.22080e+00  7.09072e-01  1.50387e+00
   3626.10  6642.1875  2.14848e+00  2.14713e+00  7.06426e-01  1.44205e+00
   3654.65  6642.8125  2.10357e+00  2.06106e+00  7.06971e-01  1.39660e+00
   3683.20  6643.4375  2.08702e+00  2.13859e+00  6.83907e-01  1.40312e+00
   3711.75  6644.0625  2.06564e+00  1.99984e+00  6.40584e-01  1.42506e+00
   3740.30  6644.6875  2.06772e+00  2.12390e+00  6.38906e-01  1.42882e+00
   3768.85  6645.3125  2.03213e+00  2.03780e+00  6.58243e-01  1.37389e+00
   3797.40  6645.9375  2.00448e+00  1.92543e+00  6.59144e-01  1.34534e+00
   3825.95  6646.5625  2.05781e+00  2.08374e+00  6.75976e-01  1.38184e+00
   3854.50  6647.1875  2.06946e+00  2.16649e+00  6.95430e-01  1.37403e+00
   3883.05  6647.8125  2.00854e+00  1.89074e+00  6.97350e-01  1.31119e+00
   3911.61  6648.4375  2.01618e+00  2.06089e+00  7.05505e-01  1.31068e+00
   3940.16  6649.0625  2.00590e+00  2.05319e+00  6.96745e-01  1.30916e+00
   3968.71  6649.6875  1.94671e+00  1.88450e+00  6.75616e-01  1.27109e+00
   3997.26  6650.3125  1.93076e+00  1.94506e+00  7.03599e-01  1.22716e+00
   4025.81  6650.9375  1.91879e+00  1.94074e+00  7.19550e-01  1.19924e+00
   4054.36  6651.5625  1.87413e+00  1.87031e+00  6.83838e-01  1.19029e+00
   4082.91  6652.1875  1.83534e+00  1.81008e+00  6.80535e-01  1.15481e+00
   4111.46  6652.8125  1.82474e+00  1.83972e+00  6.89707e-01  1.13503e+00
   4140.01  6653.4375  1.83964e+00  1.78615e+00  7.16857e-01  1.12279e+00
   4168.56  6654.0625  1.87098e+00  1.94782e+00  7.41204e-01  1.12978e+00
   4197.12  6654.6875  1.83317e+00  1.83260e+00  6.91400e-01  1.14177e+00
   4225.67  6655.3125  1.77096e+00  1.73695e+00  6.29003e-01  1.14195e+00
   4254.22  6655.9375  1.73778e+00  1.76358e+00  6.18541e-01  1.11924e+00
   4282.77  6656.5625  1.71851e+00  1.67196e+00  6.16798e-01  1.10171e+00
   4311.32  6657.1875  1.73251e+00  1.75585e+00  6.30118e-01  1.10239e+00
   4339.87  6657.8125  1.74447e+00  1.74436e+00  6.61227e-01  1.08325e+00
   4368.42  6658.4375  1.76861e+00  1.72263e+00  7.15237e-01  1.05337e+00
   4396.97  6659.0625  1.78937e+00  1.89308e+00  7.66344e-01  1.02303e+00
   4425.52  6659.6875  1.69453e+00  1.71290e+00  7.08551e-01  9.85980e-01
   4454.08  6660.3125  1.61835e+00  1.43964e+00  6.50711e-01  9.67637e-01
   4482.63  6660.9375  1.69371e+00  1.81262e+00  6.79061e-01  1.01465e+00
   4511.18  6661.5625  1.71173e+00  1.72172e+00  6.81543e-01  1.03019e+00
   4539.73  6662.1875  1.64366e+00  1.65827e+00  6.70371e-01  9.73287e-01
   4568.28  6662.8125  1.59165e+00  1.51556e+00  6.73257e-01  9.18391e-01
   4596.83  6663.4375  1.62063e+00  1.63560e+00  7.25793e-01  8.94832e-01
   4625.38  6664.0625  1.63553e+00  1.70761e+00  7.09643e-01  9.25887e-01
   4653.93  6664.6875  1.61539e+00  1.49894e+00  6.80234e-01  9.35153e-01
   4682.48  6665.3125  1.65232e+00  1.74151e+00  7.12304e-01  9.40018e-01
   4711.03  6665.9375  1.64362e+00  1.63696e+00  7.22890e-01  9.20733e-01
   4739.59  6666.5625  1.61266e+00  1.58129e+00  7.19582e-01  8.93076e-01
   4768.14  6667.1875  1.61960e+00  1.62392e+00  7.38152e-01  8.81444e-01
   4796.69  6667.8125  1.59931e+00  1.66771e+00  7.32478e-01  8.66836e-01
   4825.24  6668.4375  1.50508e+00  1.47943e+00  6.65010e-01  8.40071e-01
   4853.79  6669.0625  1.46338e+00  1.36125e+00  6.43326e-01  8.20050e-01
   4882.34  6669.6875  1.53144e+00  1.59529e+00  7.15437e-01  8.16002e-01
   4910.89  6670.3125  1.56154e+00  1.59227e+00  7.31402e-01  8.30133e-01
   4939.44  6670.9375  1.56269e+00  1.47839e+00  7.16752e-01  8.45938e-01
   4967.99  6671.5625  1.59440e+00  1.69915e+00  7.14982e-01  8.79413e-01
   4996.54  6672.1875  1.58423e+00  1.50611e+00  7.22921e-01  8.61305e-01
   5025.10  6672.8125  1.61855e+00  1.61450e+00  7.58836e-01  8.59711e-01
   5053.65  6673.4375  1.67319e+00  1.71990e+00  7.72779e-01  9.00409e-01
   5082.20  6674.0625  1.66213e+00  1.67792e+00  7.72619e-01  8.89507e-01
   5110.75  6674.6875  1.61130e+00  1.58867e+00  7.46618e-01  8.64678e-01
   5139.30  6675.3125  1.51472e+00  1.62926e+00  7.00176e-01  8.14545e-01
   5167.85  6675.9375  1.36668e+00  1.22216e+00  6.32759e-01  7.33920e-01
   5196.40  6676.5625  1.34871e+00  1.33772e+00  6.11101e-01  7.37608e-01
   5224.95  6677.1875  1.41402e+00  1.43885e+00  6.37354e-01  7.76668e-01
   5253.50  6677.8125  1.44906e+00  1.46076e+00  6.57474e-01  7.91586e-01
   5282.06  6678.4375  1.42898e+00  1.47344e+00  6.48446e-01  7.80530e-01
   5310.61  6679.0625  1.38721e+00  1.31048e+00  6.25115e-01  7.62098e-01
   5339.16  6679.6875  1.40001e+00  1.43237e+00  6.55172e-01  7.44840e-01
   5367.71  6680.3125  1.40138e+00  1.42642e+00  6.68069e-01  7.33309e-01
   5396.26  6680.9375  1.38031e+00  1.32980e+00  6.41320e-01  7.38991e-01
   5424.81  6681.5625  1.36904e+00  1.44227e+00  6.34197e-01  7.34848e-01
   5453.36  6682.1875  1.34844e+00  1.25043e+00  6.24450e-01  7.23994e-01
   5481.91  6682.8125  1.39230e+00  1.42757e+00  6.63334e-01  7.28964e-01
   5510.46  6683.4375  1.41366e+00  1.47391e+00  6.97552e-01  7.16104e-01
   5539.01  6684.0625  1.40357e+00  1.28512e+00  6.65005e-01  7.38564e-01
   5567.57  6684.6875  1.42619e+00  1.57260e+00  6.52063e-01  7.74125e-01
   5596.12  6685.3125  1.35349e+00  1.30716e+00  6.45846e-01  7.07646e-01
   5624.67  6685.9375  1.29548e+00  1.23347e+00  6.62614e-01  6.32866e-01
   5653.22  6686.5625  1.34034e+00  1.34176e+00  7.04409e-01  6.35930e-01
   5681.77  6687.1875  1.38618e+00  1.44939e+00  7.42697e-01  6.43482e-01
   5710.32  6687.8125  1.37658e+00  1.32667e+00  7.54430e-01  6.22148e-01
   5738.87  6688.4375  1.35296e+00  1.42394e+00  7.34365e-01  6.18598e-01
   5767.42  6689.0625  1.28503e+00  1.25150e+00  6.52110e-01  6.32915e-01
   5795.97  6689.6875  1.24872e+00  1.19791e+00  6.10585e-01  6.38137e-01
   5824.52  6690.3125  1.25622e+00  1.33084e+00  6.11105e-01  6.45119e-01
   5853.08  6690.9375  1.24852e+00  1.15512e+00  6.05874e-01  6.42651e-01
   5881.63  6691.5625  1.24698e+00  1.37546e+00  6.43903e-01  6.03077e-01
   5910.18  6692.1875  1.18900e+00  1.08981e+00  6.32477e-01  5.56521e-01
   5938.73  6692.8125  1.19874e+00  1.17964e+00  6.30887e-01  5.67857e-01
   5967.28  6693.4375  1.25793e+00  1.30785e+00  6.70496e-01  5.87436e-01
   5995.83  6694.0625  1.24100e+00  1.28533e+00  6.53622e-01  5.87373e-01
   6024.38  6694.6875  1.17870e+00  1.10651e+00  6.01984e-01  5.76713e-01
   6052.93  6695.3125  1.18281e+00  1.18493e+00  6.15554e-01  5.67256e-01
   6081.48  6695.9375  1.22090e+00  1.22789e+00  6.64968e-01  5.55936e-01
   6110.04  6696.5625  1.22503e+00  1.26843e+00  6.58659e-01  5.66376e-01
   6138.59  6697.1875  1.17759e+00  1.15991e+00  6.11563e-01  5.66030e-01
   6167.14  6697.8125  1.13008e+00  1.12608e+00  6.06504e-01  5.23571e-01
   6195.69  6698.4375  1.10837e+00  1.09215e+00  6.08189e-01  5.00185e-01
   6224.24  6699.0625  1.13027e+00  1.09527e+00  6.21522e-01  5.08746e-01
   6252.79  6699.6875  1.16691e+00  1.23819e+00  6.53683e-01  5.13224e-01
   6281.34  6700.3125  1.15651e+00  1.11378e+00  6.34810e-01  5.21699e-01
   6309.89  6700.9375  1.16244e+00  1.15528e+00  6.42986e-01  5.19454e-01
   6338.44  6701.5625  1.15652e+00  1.23754e+00  6.36077e-01  5.20438e-01
   6366.99  6702.1875  1.12347e+00  9.96874e-01  6.08487e-01  5.14987e-01
   6395.55  6702.8125  1.17612e+00  1.23047e+00  6.60641e-01  5.15480e-01
   6424.10  6703.4375  1.20891e+00  1.24640e+00  7.15856e-01  4.93055e-01
   6452.65  6704.0625  1.18496e+00  1.14773e+00  7.12154e-01  4.72808e-01
   6481.20  6704.6875  1.17301e+00  1.19271e+00  7.06941e-01  4.66073e-01
   6509.75  6705.3125  1.14228e+00  1.16818e+00  6.81584e-01  4.60698e-01
   6538.30  6705.9375  1.09577e+00  1.04550e+00  6.44169e-01  4.51601e-01
   6566.85  6706.5625  1.08320e+00  1.11269e+00  6.08807e-01  4.74392e-01
   6595.40  6707.1875  1.08224e+00  1.04662e+00  5.89672e-01  4.92572e-01
   6623.95  6707.8125  1.10618e+00  1.11695e+00  5.95000e-01  5.11176e-01
   6652.50  6708.4375  1.13870e+00  1.13529e+00  6.33355e-01  5.05346e-01
   6681.06  6709.0625  1.16860e+00  1.16563e+00  6.91989e-01  4.76612e-01
   6709.61  6709.6875  1.14294e+00  1.24941e+00  6.63957e-01  4.78980e-01
   6738.16  6710.3125  1.04459e+00  9.35438e-01  5.90679e-01  4.53913e-01
   6766.71  6710.9375  1.04321e+00  1.01144e+00  6.14565e-01  4.28646e-01
   6795.26  6711.5625  1.08689e+00  1.19026e+00  6.67319e-01  4.19572e-01
   6823.81  6712.1875  1.06589e+00  9.84314e-01  6.27433e-01  4.38453e-01
   6852.36  6712.8125  1.09925e+00  1.08186e+00  6.24463e-01  4.74788e-01
   6880.91  6713.4375  1.14496e+00  1.24004e+00  6.63898e-01  4.81060e-01
   6909.46  6714.0625  1.09348e+00  1.06871e+00  6.69115e-01  4.24365e-01
   6938.02  6714.6875  1.04182e+00  1.00192e+00  6.52392e-01  3.89423e-01
   6966.57  6715.3125  1.05100e+00  1.05685e+00  6.50439e-01  4.00556e-01
   6995.12  6715.9375  1.06190e+00  1.08739e+00  6.44636e-01  4.17265e-01
   7023.67  6716.5625  1.03623e+00  1.03937e+00  6.28669e-01  4.07561e-01
   7052.22  6717.1875  1.02255e+00  9.70026e-01  6.20719e-01  4.01827e-01
   7080.77  6717.8125  1.07085e+00  1.07529e+00  6.65250e-01  4.05597e-01
   7109.32  6718.4375  1.09614e+00  1.17840e+00  7.01309e-01  3.94830e-01
   7137.87  6719.0625  1.02931e+00  9.98170e-01  6.58424e-01  3.70891e-01
   7166.42  6719.6875  9.54354e-01  9.56554e-01  5.81756e-01  3.72598e-01
   7194.97  6720.3125  9.25047e-01  8.70657e-01  5.41567e-01  3.83480e-01
   7223.53  6720.9375  9.54833e-01  9.76457e-01  5.74435e-01  3.80398e-01
   7252.08  6721.5625  9.82225e-01  9.91450e-01  6.22540e-01  3.59685e-01
   7280.63  6722.1875  9.74944e-01  9.95693e-01  6.33656e-01  3.41288e-01
   7309.18  6722.8125  9.64216e-01  9.14177e-01  6.24432e-01  3.39784e-01
   7337.73  6723.4375  1.00598e+00  1.00325e+00  6.44398e-01  3.61586e-01
   7366.28  6724.0625  1.03317e+00  1.12007e+00  6.40524e-01  3.92641e-01
   7394.83  6724.6875  1.02548e+00  8.88474e-01  6.38702e-01  3.86778e-01
   7423.38  6725.3125  1.05576e+00  1.21321e+00  6.86841e-01  3.68920e-01
   7451.93  6725.9375  1.01656e+00  9.14782e-01  6.43581e-01  3.72981e-01
   7480.48  6726.5625  1.00001e+00  1.03950e+00  6.23171e-01  3.76837e-01
   7509.04  6727.1875  1.01343e+00  9.66399e-01  6.50436e-01  3.62991e-01
   7537.59  6727.8125  1.02985e+00  1.09647e+00  6.97105e-01  3.32740e-01
   7566.14  6728.4375  1.00537e+00  9.72862e-01  7.01132e-01  3.04243e-01
   7594.69  6729.0625  1.00329e+00  9.69072e-01  6.78647e-01  3.24639e-01
   7623.24  6729.6875  1.01367e+00  1.10101e+00  6.60644e-01  3.53029e-01
   7651.79  6730.3125  9.71939e-01  9.01015e-01  6.20131e-01  3.51808e-01
   7680.34  6730.9375  9.62453e-01  9.79492e-01  6.28519e-01  3.33934e-01
   7708.89  6731.5625  9.70414e-01  9.71956e-01  6.53092e-01  3.17322e-01
   7737.44  6732.1875  9.82746e-01  9.56273e-01  6.62473e-01  3.20273e-01
   7765.99  6732.8125  1.00013e+00  1.05081e+00  6.57512e-01  3.42621e-01
   7794.55  6733.4375  9.99324e-01  9.39609e-01  6.37535e-01  3.61790e-01
   7823.10  6734.0625  9.97854e-01  1.08326e+00  6.28945e-01  3.68909e-01
   7851.65  6734.6875  9.42376e-01  9.00496e-01  6.19209e-01  3.23168e-01
   7880.20  6735.3125  8.96695e-01  8.92555e-01  6.03042e-01  2.93653e-01
   7908.75  6735.9375  8.98342e-01  8.64707e-01  6.01436e-01  2.96906e-01
   7937.30  6736.5625  9.30049e-01  9.62844e-01  6.31545e-01  2.98504e-01
   7965.85  6737.1875  9.52217e-01  9.25928e-01  6.51780e-01  3.00437e-01
   7994.40  6737.8125  9.56747e-01  1.01727e+00  6.55412e-01  3.01335e-01
   8022.95  6738.4375  9.41340e-01  8.60543e-01  6.49010e-01  2.92330e-01
   8051.51  6739.0625  9.44284e-01  1.03465e+00  6.74124e-01  2.70160e-01
   8080.06  6739.6875  8.95285e-01  8.59893e-01  6.50661e-01  2.44623e-01
   8108.61  6740.3125  8.49579e-01  8.39227e-01  6.12963e-01  2.36615e-01
   8137.16  6740.9375  8.62362e-01  8.12822e-01  6.09457e-01  2.52906e-01
   8165.71  6741.5625  8.84876e-01  9.95282e-01  6.08125e-01  2.76750e-01
   8194.26  6742.1875  8.46392e-01  7.54290e-01  5.83320e-01  2.63072e-01
   8222.81  6742.8125  8.65543e-01  8.62752e-01  6.17132e-01  2.48411e-01
   8251.36  6743.4375  9.14722e-01  9.60367e-01  6.70680e-01  2.44042e-01
   8279.91  6744.0625  9.38281e-01  8.85962e-01  6.86752e-01  2.51529e-01
   8308.46  6744.6875  9.76360e-01  1.02020e+00  7.14221e-01  2.62139e-01
   8337.02  6745.3125  9.71544e-01  9.97249e-01  7.12865e-01  2.58679e-01
   8365.57  6745.9375  9.26346e-01  8.96282e-01  6.73179e-01  2.53167e-01
   8394.12  6746.5625  9.10735e-01  8.97850e-01  6.49312e-01  2.61423e-01
   8422.67  6747.1875  9.11321e-01  9.45186e-01  6.43978e-01  2.67343e-01
   8451.22  6747.8125  9.10205e-01  8.50638e-01  6.54369e-01  2.55836e-01
   8479.77  6748.4375  9.40372e-01  9.86415e-01  6.62838e-01  2.77534e-01
   8508.32  6749.0625  9.42193e-01  9.45226e-01  6.27624e-01  3.14569e-01
   8536.87  6749.6875  9.11749e-01  9.14829e-01  5.85225e-01  3.26523e-01
   8565.42  6750.3125  8.71991e-01  8.79062e-01  5.83074e-01  2.88917e-01
   8593.97  6750.9375  8.66862e-01  7.89673e-01  6.23789e-01  2.43073e-01
   8622.53  6751.5625  9.37727e-01  9.71204e-01  6.91475e-01  2.46253e-01
   8651.08  6752.1875  9.70713e-01  1.03940e+00  7.16187e-01  2.54526e-01
   8679.63  6752.8125  9.27744e-01  8.71265e-01  6.66938e-01  2.60806e-01
   8708.18  6753.4375  9.04567e-01  9.26178e-01  6.35472e-01  2.69095e-01
   8736.73  6754.0625  8.94714e-01  8.79409e-01  6.45788e-01  2.48926e-01
   8765.28  6754.6875  9.04789e-01  8.84908e-01  6.71316e-01  2.33473e-01
   8793.83  6755.3125  9.21389e-01  9.67098e-01  6.88740e-01  2.32650e-01
   8822.38  6755.9375  8.80512e-01  8.98811e-01  6.59422e-01  2.21089e-01
   8850.93  6756.5625  8.25002e-01  7.63220e-01  6.13005e-01  2.11998e-01
   8879.49  6757.1875  8.26512e-01  8.46000e-01  5.90232e-01  2.36280e-01
   8908.04  6757.8125  8.26830e-01  8.51798e-01  5.78492e-01  2.48338e-01
   8936.59  6758.4375  8.34378e-01  7.47414e-01  6.06698e-01  2.27679e-01
   8965.14  6759.0625  8.96771e-01  9.71462e-01  6.69419e-01  2.27352e-01
   8993.69  6759.6875  9.09781e-01  9.11407e-01  6.83393e-01  2.26388e-01
   9022.24  6760.3125  8.67560e-01  8.86984e-01  6.43854e-01  2.23706e-01
   9050.79  6760.9375  8.17495e-01  7.81183e-01  5.94076e-01  2.23419e-01
   9079.34  6761.5625  8.02188e-01  8.08885e-01  5.96120e-01  2.06067e-01
   9107.89  6762.1875  8.31907e-01  7.74559e-01  6.16533e-01  2.15373e-01
   9136.44  6762.8125  8.91937e-01  9.62472e-01  6.55653e-01  2.36284e-01
   9165.00  6763.4375  8.83885e-01  8.99742e-01  6.63387e-01  2.20498e-01
   9193.55  6764.0625  8.35858e-01  7.99033e-01  6.37414e-01  1.98443e-01
   9222.10  6764.6875  8.18845e-01  8.27510e-01  6.23245e-01  1.95600e-01
   9250.65  6765.3125  8.00665e-01  8.23095e-01  6.01365e-01  1.99300e-01
   9279.20  6765.9375  7.83727e-01  7.23827e-01  5.63969e-01  2.19758e-01
   9307.75  6766.5625  8.11692e-01  8.46394e-01  5.62917e-01  2.48775e-01
   9336.30  6767.1875  8.26673e-01  8.29212e-01  5.96153e-01  2.30520e-01
   9364.85  6767.8125  8.06204e-01  8.28622e-01  6.09684e-01  1.96520e-01
   9393.40  6768.4375  7.68975e-01  7.45709e-01  5.75768e-01  1.93207e-01
   9421.95  6769.0625  7.77981e-01  7.26286e-01  5.65481e-01  2.12499e-01
   9450.51  6769.6875  8.24895e-01  9.01342e-01  6.05585e-01  2.19310e-01
   9479.06  6770.3125  8.35009e-01  7.78653e-01  6.23094e-01  2.11914e-01
   9507.61  6770.9375  8.59491e-01  8.89446e-01  6.54833e-01  2.04659e-01
   9536.16  6771.5625  9.07869e-01  8.49593e-01  7.02859e-01  2.05010e-01
   9564.71  6772.1875  9.63546e-01  1.05596e+00  7.42597e-01  2.20949e-01
   9593.26  6772.8125  9.58074e-01  9.08261e-01  7.53917e-01  2.04156e-01
   9621.81  6773.4375  9.24783e-01  9.92769e-01  7.38852e-01  1.85931e-01
   9650.36  6774.0625  8.51416e-01  8.15136e-01  6.62504e-01  1.88913e-01
   9678.91  6774.6875  8.11779e-01  7.67801e-01  6.19207e-01  1.92572e-01
   9707.47  6775.3125  8.18838e-01  8.74766e-01  6.38643e-01  1.80195e-01
   9736.02  6775.9375  8.17493e-01  7.51826e-01  6.47576e-01  1.69916e-01
   9764.57  6776.5625  8.42922e-01  8.90922e-01  6.61993e-01  1.80929e-01
   9793.12  6777.1875  8.60027e-01  8.31929e-01  6.82643e-01  1.77384e-01
   9821.67  6777.8125  8.93233e-01  8.78038e-01  7.18864e-01  1.74369e-01
   9850.22  6778.4375  8.97009e-01  1.00820e+00  7.30621e-01  1.66388e-01
   9878.77  6779.0625  8.08912e-01  7.33229e-01  6.51370e-01  1.57542e-01
   9907.32  6779.6875  7.63739e-01  7.50105e-01  5.92841e-01  1.70899e-01
   9935.87  6780.3125  7.85620e-01  7.70491e-01  6.16130e-01  1.69490e-01
   9964.42  6780.9375  7.95130e-01  8.71278e-01  6.43378e-01  1.51751e-01
   9992.98  6781.5625  7.61130e-01  6.79660e-01  6.08581e-01  1.52549e-01
  10021.53  6782.1875  7.75833e-01  7.98933e-01  5.98748e-01  1.77085e-01
  10050.08  6782.8125  8.01060e-01  8.10311e-01  6.27507e-01  1.73553e-01
  10078.63  6783.4375  8.04516e-01  8.02485e-01  6.42050e-01  1.62466e-01
  10107.18  6784.0625  8.10459e-01  7.96955e-01  6.40942e-01  1.69518e-01
  10135.73  6784.6875  8.04381e-01  8.58446e-01  6.23726e-01  1.80655e-01
  10164.28  6785.3125  7.70510e-01  7.13145e-01  6.02833e-01  1.67677e-01
  10192.83  6785.9375  7.98274e-01  7.64583e-01  6.30280e-01  1.67993e-01
  10221.38  6786.5625  8.50062e-01  9.40953e-01  6.70322e-01  1.79740e-01
  10249.93  6787.1875  8.23711e-01  7.88628e-01  6.54036e-01  1.69675e-01
  10278.49  6787.8125  7.83553e-01  7.96395e-01  6.35801e-01  1.47753e-01
  10307.04  6788.4375  7.67973e-01  7.27852e-01  6.25693e-01  1.42280e-01
  10335.59  6789.0625  7.81886e-01  8.10699e-01  6.41228e-01  1.40659e-01
  10364.14  6789.6875  7.81215e-01  7.82898e-01  6.37398e-01  1.43817e-01
  10392.69  6790.3125  7.78156e-01  7.48930e-01  6.24891e-01  1.53265e-01
  10421.24  6790.9375  7.82683e-01  8.33221e-01  6.27974e-01  1.54709e-01
  10449.79  6791.5625  7.62642e-01  7.21956e-01  6.03023e-01  1.59619e-01
  10478.34  6792.1875  7.70833e-01  7.61285e-01  6.08650e-01  1.62183e-01
  10506.89  6792.8125  7.75930e-01  8.41084e-01  6.17602e-01  1.58328e-01
  10535.45  6793.4375  7.17823e-01  6.92926e-01  5.79750e-01  1.38073e-01
  10564.00  6794.0625  6.81005e-01  6.36041e-01  5.56021e-01  1.24984e-01
  10592.55  6794.6875  7.16176e-01  7.15865e-01  5.81450e-01  1.34726e-01
  10621.10  6795.3125  7.56817e-01  7.94841e-01  6.13151e-01  1.43666e-01
  10649.65  6795.9375  7.48473e-01  7.49697e-01  5.98048e-01  1.50425e-01
  10678.20  6796.5625  7.32362e-01  7.03728e-01  5.70258e-01  1.62104e-01
  10706.75  6797.1875  7.45512e-01  7.56742e-01  5.84888e-01  1.60624e-01
  10735.30  6797.8125  7.57947e-01  7.63385e-01  6.25290e-01  1.32658e-01
  10763.85  6798.4375  7.61233e-01  7.55407e-01  6.45891e-01  1.15342e-01
  10792.40  6799.0625  7.74007e-01  7.62614e-01  6.49061e-01  1.24946e-01
  10820.96  6799.6875  7.82404e-01  8.23730e-01  6.41801e-01  1.40603e-01
  10849.51  6800.3125  7.76881e-01  7.16778e-01  6.40418e-01  1.36463e-01
  10878.06  6800.9375  7.88158e-01  8.55673e-01  6.64786e-01  1.23372e-01
  10906.61  6801.5625  7.82430e-01  7.16579e-01  6.52771e-01  1.29658e-01
  10935.16  6802.1875  7.92945e-01  8.49716e-01  6.37921e-01  1.55024e-01
  10963.71  6802.8125  7.96303e-01  7.44191e-01  6.41712e-01  1.54591e-01
  10992.26  6803.4375  8.22835e-01  8.44670e-01  6.70684e-01  1.52151e-01
  11020.81  6804.0625  8.31818e-01  8.61817e-01  6.69632e-01  1.62186e-01
  11049.36  6804.6875  7.94009e-01  7.87349e-01  6.36990e-01  1.57020e-01
  11077.91  6805.3125  7.56847e-01  7.38081e-01  6.21602e-01  1.35245e-01
  11106.47  6805.9375  7.38612e-01  7.55309e-01  6.15635e-01  1.22977e-01
  11135.02  6806.5625  7.27964e-01  6.99190e-01  6.09189e-01  1.18775e-01
  11163.57  6807.1875  7.54527e-01  7.36642e-01  6.31196e-01  1.23330e-01
  11192.12  6807.8125  7.80291e-01  8.52803e-01  6.64885e-01  1.15406e-01
  11220.67  6808.4375  7.62641e-01  6.90940e-01  6.63884e-01  9.87575e-02
  11249.22  6809.0625  7.62861e-01  8.21078e-01  6.56142e-01  1.06718e-01
  11277.77  6809.6875  7.45619e-01  7.14727e-01  6.22166e-01  1.23453e-01
  11306.32  6810.3125  7.43527e-01  7.32205e-01  6.15266e-01  1.28261e-01
  11334.87  6810.9375  7.68427e-01  7.74395e-01  6.42135e-01  1.26292e-01
  11363.43  6811.5625  7.73561e-01  8.08179e-01  6.47737e-01  1.25824e-01
  11391.98  6812.1875  7.52800e-01  7.14587e-01  6.27683e-01  1.25117e-01
  11420.53  6812.8125  7.66096e-01  7.55846e-01  6.38270e-01  1.27826e-01
  11449.08  6813.4375  7.83937e-01  8.39398e-01  6.62419e-01  1.21518e-01
  11477.63  6814.0625  7.77504e-01  7.05422e-01  6.56781e-01  1.20724e-01
  11506.18  6814.6875  8.04299e-01  8.52139e-01  6.76386e-01  1.27914e-01
  11534.73  6815.3125  8.02498e-01  8.16181e-01  6.88655e-01  1.13843e-01
  11563.28  6815.9375  7.83473e-01  7.35710e-01  6.56147e-01  1.27326e-01
  11591.83  6816.5625  7.96517e-01  8.35037e-01  6.46688e-01  1.49829e-01
  11620.38  6817.1875  8.11994e-01  7.65652e-01  6.71318e-01  1.40676e-01
  11648.94  6817.8125  8.18383e-01  9.03634e-01  6.95630e-01  1.22753e-01
  11677.49  6818.4375  7.82990e-01  7.05922e-01  6.74877e-01  1.08114e-01
  11706.04  6819.0625  7.72222e-01  8.18798e-01  6.62610e-01  1.09612e-01
  11734.59  6819.6875  7.49720e-01  7.41642e-01  6.31195e-01  1.18525e-01
  11763.14  6820.3125  7.36519e-01  6.92079e-01  6.15097e-01  1.21422e-01
  11791.69  6820.9375  7.37525e-01  8.21245e-01  6.09397e-01  1.28128e-01
  11820.24  6821.5625  6.98727e-01  6.23839e-01  5.73568e-01  1.25158e-01
  11848.79  6822.1875  6.98072e-01  7.20822e-01  5.87383e-01  1.10689e-01
  11877.34  6822.8125  7.32098e-01  6.92692e-01  6.33922e-01  9.81759e-02
  11905.89  6823.4375  7.80989e-01  8.26050e-01  6.80393e-01  1.00597e-01
  11934.45  6824.0625  8.03375e-01  7.82648e-01  7.00039e-01  1.03336e-01
  11963.00  6824.6875  7.97649e-01  8.51373e-01  6.91238e-01  1.06411e-01
  11991.55  6825.3125  7.79624e-01  6.96407e-01  6.74276e-01  1.05348e-01
  12020.10  6825.9375  8.03383e-01  8.66749e-01  7.06975e-01  9.64079e-02
  12048.65  6826.5625  8.06202e-01  7.79200e-01  7.02916e-01  1.03286e-01
  12077.20  6827.1875  7.83505e-01  8.27139e-01  6.69670e-01  1.13835e-01
  12105.75  6827.8125  7.30165e-01  7.10056e-01  6.23164e-01  1.07001e-01
  12134.30  6828.4375  7.02686e-01  6.62949e-01  5.89047e-01  1.13640e-01
  12162.85  6829.0625  7.42274e-01  7.34405e-01  6.21122e-01  1.21151e-01
  12191.40  6829.6875  7.89896e-01  8.35317e-01  6.63676e-01  1.26219e-01
  12219.96  6830.3125  7.91417e-01  7.80372e-01  6.61775e-01  1.29642e-01
  12248.51  6830.9375  8.05943e-01  7.57392e-01  6.96267e-01  1.09675e-01
  12277.06  6831.5625  8.24443e-01  9.37328e-01  7.16930e-01  1.07513e-01
  12305.61  6832.1875  7.67707e-01  6.92452e-01  6.55945e-01  1.11762e-01
  12334.16  6832.8125  7.40823e-01  7.45940e-01  6.42032e-01  9.87913e-02
  12362.71  6833.4375  7.40471e-01  7.55689e-01  6.54745e-01  8.57268e-02
  12391.26  6834.0625  7.29232e-01  7.10944e-01  6.34393e-01  9.48386e-02
  12419.81  6834.6875  7.14133e-01  7.48396e-01  6.17414e-01  9.67197e-02
  12448.36  6835.3125  7.02048e-01  6.38130e-01  6.08282e-01  9.37665e-02
  12476.92  6835.9375  7.41464e-01  7.63127e-01  6.46156e-01  9.53085e-02
  12505.47  6836.5625  7.82140e-01  7.95992e-01  6.89783e-01  9.23567e-02
  12534.02  6837.1875  8.04008e-01  7.81314e-01  7.15564e-01  8.84446e-02
  12562.57  6837.8125  7.98796e-01  8.85171e-01  7.08441e-01  9.03552e-02
  12591.12  6838.4375  7.65329e-01  6.38863e-01  6.73686e-01  9.16431e-02
  12619.67  6839.0625  7.94042e-01  8.86736e-01  6.87322e-01  1.06720e-01
  12648.22  6839.6875  7.95248e-01  7.57489e-01  6.81975e-01  1.13274e-01
  12676.77  6840.3125  7.87040e-01  8.02182e-01  6.86016e-01  1.01024e-01
  12705.32  6840.9375  7.97994e-01  7.61525e-01  7.05353e-01  9.26409e-02
  12733.87  6841.5625  8.09210e-01  8.79224e-01  7.18311e-01  9.08987e-02
  12762.43  6842.1875  7.82999e-01  7.26525e-01  6.87090e-01  9.59091e-02
  12790.98  6842.8125  7.93487e-01  7.88021e-01  6.94882e-01  9.86046e-02
  12819.53  6843.4375  8.29281e-01  8.52221e-01  7.25385e-01  1.03896e-01
  12848.08  6844.0625  8.39327e-01  8.39701e-01  7.27227e-01  1.12100e-01
  12876.63  6844.6875  8.32521e-01  8.37504e-01  7.31160e-01  1.01361e-01
  12905.18  6845.3125  8.24957e-01  8.11129e-01  7.38833e-01  8.61238e-02
  12933.73  6845.9375  8.07252e-01  8.51720e-01  7.28704e-01  7.85478e-02
  12962.28  6846.5625  7.63619e-01  7.21701e-01  6.95082e-01  6.85376e-02
  12990.83  6847.1875  7.45470e-01  7.52229e-01  6.75931e-01  6.95388e-02
  13019.38  6847.8125  7.46795e-01  7.40493e-01  6.64089e-01  8.27055e-02
  13047.94  6848.4375  7.66267e-01  7.45259e-01  6.74266e-01  9.20014e-02
  13076.49  6849.0625  8.07557e-01  8.21553e-01  7.23138e-01  8.44187e-02
  13105.04  6849.6875  8.21883e-01  8.58404e-01  7.33505e-01  8.83772e-02
  13133.59  6850.3125  7.98063e-01  7.68612e-01  6.94311e-01  1.03751e-01
  13162.14  6850.9375  8.01655e-01  7.83964e-01  6.97419e-01  1.04235e-01
  13190.69  6851.5625  8.42711e-01  8.45130e-01  7.54107e-01  8.86040e-02
  13219.24  6852.1875  8.68989e-01  9.09761e-01  7.94795e-01  7.41944e-02
  13247.79  6852.8125  8.61305e-01  8.22107e-01  7.81574e-01  7.97312e-02
  13276.34  6853.4375  8.42024e-01  9.10133e-01  7.48715e-01  9.33096e-02
  13304.90  6854.0625  7.94782e-01  7.26638e-01  7.05233e-01  8.95488e-02
  13333.45  6854.6875  7.81660e-01  8.09128e-01  6.93086e-01  8.85743e-02
  13362.00  6855.3125  7.67718e-01  7.73503e-01  6.82853e-01  8.48650e-02
  13390.55  6855.9375  7.38293e-01  7.28205e-01  6.61019e-01  7.72746e-02
  13419.10  6856.5625  7.25750e-01  7.12502e-01  6.48224e-01  7.75255e-02
  13447.65  6857.1875  7.33756e-01  7.37582e-01  6.37927e-01  9.58282e-02
  13476.20  6857.8125  7.33326e-01  7.55277e-01  6.31845e-01  1.01481e-01
  13504.75  6858.4375  7.30923e-01  6.81816e-01  6.45585e-01  8.53377e-02
  13533.30  6859.0625  7.70101e-01  7.87326e-01  6.89443e-01  8.06578e-02
  13561.85  6859.6875  8.09668e-01  8.15681e-01  7.28831e-01  8.08363e-02
  13590.41  6860.3125  7.98087e-01  8.57954e-01  7.19571e-01  7.85163e-02
  13618.96  6860.9375  7.38307e-01  6.77363e-01  6.61622e-01  7.66847e-02
  13647.51  6861.5625  7.09077e-01  7.35168e-01  6.31090e-01  7.79869e-02
  13676.06  6862.1875  7.06267e-01  6.61624e-01  6.25322e-01  8.09454e-02
  13704.61  6862.8125  7.31677e-01  7.60278e-01  6.57127e-01  7.45504e-02
  13733.16  6863.4375  7.41202e-01  7.48606e-01  6.77444e-01  6.37583e-02
  13761.71  6864.0625  7.36732e-01  7.16552e-01  6.76552e-01  6.01802e-02
  13790.26  6864.6875  7.42004e-01  7.59754e-01  6.76600e-01  6.54046e-02
  13818.81  6865.3125  7.23857e-01  7.47096e-01  6.46848e-01  7.70094e-02
  13847.36  6865.9375  7.01658e-01  6.36120e-01  6.19751e-01  8.19067e-02
  13875.92  6866.5625  7.07976e-01  7.85463e-01  6.31297e-01  7.66790e-02
  13904.47  6867.1875  6.96534e-01  6.15786e-01  6.32047e-01  6.44866e-02
  13933.02  6867.8125  7.07859e-01  7.77394e-01  6.49205e-01  5.86535e-02
  13961.57  6868.4375  7.08600e-01  6.47849e-01  6.51149e-01  5.74506e-02
  13990.12  6869.0625  7.31783e-01  7.62828e-01  6.76986e-01  5.47979e-02
  14018.67  6869.6875  7.44677e-01  7.53235e-01  6.94250e-01  5.04268e-02
  14047.22  6870.3125  7.60872e-01  7.05745e-01  7.03644e-01  5.72277e-02
  14075.77  6870.9375  8.07629e-01  8.68949e-01  7.36803e-01  7.08260e-02
  14104.32  6871.5625  8.14339e-01  7.99351e-01  7.32532e-01  8.18071e-02
  14132.88  6872.1875  7.98287e-01  8.12411e-01  7.09587e-01  8.87003e-02
  14161.43  6872.8125  7.89100e-01  7.55233e-01  7.08889e-01  8.02113e-02
  14189.98  6873.4375  7.83966e-01  8.39554e-01  7.18527e-01  6.54394e-02
  14218.53  6874.0625  7.35926e-01  7.18513e-01  6.80345e-01  5.55802e-02
  14247.08  6874.6875  6.93370e-01  6.70332e-01  6.41146e-01  5.22242e-02
  14275.63  6875.3125  7.04716e-01  6.79566e-01  6.48120e-01  5.65962e-02
  14304.18  6875.9375  7.47638e-01  7.74093e-01  6.80456e-01  6.71821e-02
  14332.73  6876.5625  7.61815e-01  7.78834e-01  6.97619e-01  6.41964e-02
  14361.28  6877.1875  7.54793e-01  7.26412e-01  6.98130e-01  5.66634e-02
  14389.83  6877.8125  7.65100e-01  7.79339e-01  7.01792e-01  6.33078e-02
  14418.39  6878.4375  7.59545e-01  7.81482e-01  6.92335e-01  6.72096e-02
  14446.94  6879.0625  7.13023e-01  7.20509e-01  6.52085e-01  6.09385e-02
  14475.49  6879.6875  6.56188e-01  6.36129e-01  6.03160e-01  5.30283e-02
  14504.04  6880.3125  6.43268e-01  6.04307e-01  5.94046e-01  4.92221e-02
  14532.59  6880.9375  6.73228e-01  7.10308e-01  6.12679e-01  6.05490e-02
  14561.14  6881.5625  6.99879e-01  6.60724e-01  6.30666e-01  6.92128e-02
  14589.69  6882.1875  7.23673e-01  7.80384e-01  6.70573e-01  5.30998e-02
  14618.24  6882.8125  7.06988e-01  6.87304e-01  6.68238e-01  3.87495e-02
  14646.79  6883.4375  6.98228e-01  6.73711e-01  6.58395e-01  3.98333e-02
  14675.34  6884.0625  7.23933e-01  7.33928e-01  6.73493e-01  5.04405e-02
  14703.90  6884.6875  7.17538e-01  7.79557e-01  6.65340e-01  5.21983e-02
  14732.45  6885.3125  6.80243e-01  5.83380e-01  6.33922e-01  4.63206e-02
  14761.00  6885.9375  7.04992e-01  7.53264e-01  6.65640e-01  3.93522e-02
  14789.55  6886.5625  7.19541e-01  7.21442e-01  6.81688e-01  3.78527e-02
  14818.10  6887.1875  6.85883e-01  7.23212e-01  6.50081e-01  3.58016e-02
  14846.65  6887.8125  6.50861e-01  5.62306e-01  6.18096e-01  3.27651e-02
  14875.20  6888.4375  6.71119e-01  7.40143e-01  6.36115e-01  3.50044e-02
  14903.75  6889.0625  6.79557e-01  6.32927e-01  6.43923e-01  3.56336e-02
  14932.30  6889.6875  6.98101e-01  7.17154e-01  6.56648e-01  4.14529e-02
  14960.86  6890.3125  6.93147e-01  7.37458e-01  6.44087e-01  4.90592e-02
  14989.41  6890.9375  6.69439e-01  5.82703e-01  6.16986e-01  5.24535e-02
  15017.96  6891.5625  6.93079e-01  7.62694e-01  6.38019e-01  5.50604e-02
  15046.51  6892.1875  7.02396e-01  6.57772e-01  6.52418e-01  4.99772e-02
  15075.06  6892.8125  7.29348e-01  7.28069e-01  6.84473e-01  4.48756e-02
  15103.61  6893.4375  7.26493e-01  8.24078e-01  6.79596e-01  4.68971e-02
  15132.16  6894.0625  6.54171e-01  5.58370e-01  5.96986e-01  5.71849e-02
  15160.71  6894.6875  6.53320e-01  6.46755e-01  5.94011e-01  5.93092e-02
  15189.26  6895.3125  6.99052e-01  7.30095e-01  6.46734e-01  5.23174e-02
  15217.81  6895.9375  7.34822e-01  6.89864e-01  6.82788e-01  5.20349e-02
  15246.37  6896.5625  7.60812e-01  8.49939e-01  7.07449e-01  5.33632e-02
  15274.92  6897.1875  7.45681e-01  6.55308e-01  6.94468e-01  5.12128e-02
  15303.47  6897.8125  7.40196e-01  8.38645e-01  6.85748e-01  5.44477e-02
  15332.02  6898.4375  6.78690e-01  6.39163e-01  6.20171e-01  5.85192e-02
  15360.57  6899.0625  6.11308e-01  6.19149e-01  5.56113e-01  5.51946e-02
  15389.12  6899.6875  6.01286e-01  5.20386e-01  5.56017e-01  4.52688e-02
  15417.67  6900.3125  6.59407e-01  7.18559e-01  6.16949e-01  4.24576e-02
  15446.22  6900.9375  6.78414e-01  6.96237e-01  6.33563e-01  4.48513e-02
  15474.77  6901.5625  6.72641e-01  6.16494e-01  6.26678e-01  4.59625e-02
  15503.32  6902.1875  6.95705e-01  7.50834e-01  6.41928e-01  5.37772e-02
  15531.88  6902.8125  6.85518e-01  6.76004e-01  6.33975e-01  5.15430e-02
  15560.43  6903.4375  6.71414e-01  6.44924e-01  6.31153e-01  4.02611e-02
  15588.98  6904.0625  6.76804e-01  7.09719e-01  6.38025e-01  3.87790e-02
  15617.53  6904.6875  6.60727e-01  6.51971e-01  6.17044e-01  4.36834e-02
  15646.08  6905.3125  6.48749e-01  6.29270e-01  6.07109e-01  4.16399e-02
  15674.63  6905.9375  6.63358e-01  6.70231e-01  6.13317e-01  5.00404e-02
  15703.18  6906.5625  6.89322e-01  6.74017e-01  6.29869e-01  5.94528e-02
  15731.73  6907.1875  7.13087e-01  7.43486e-01  6.52390e-01  6.06967e-02
  15760.28  6907.8125  6.97952e-01  7.13103e-01  6.41015e-01  5.69368e-02
  15788.84  6908.4375  6.77884e-01  6.21941e-01  6.30064e-01  4.78193e-02
  15817.39  6909.0625  7.07671e-01  7.31004e-01  6.67490e-01  4.01810e-02
  15845.94  6909.6875  7.32010e-01  7.45469e-01  6.88464e-01  4.35461e-02
  15874.49  6910.3125  7.33208e-01  7.21980e-01  6.83104e-01  5.01046e-02
  15903.04  6910.9375  7.46213e-01  7.36188e-01  7.01431e-01  4.47824e-02
  15931.59  6911.5625  7.70428e-01  7.81421e-01  7.27641e-01  4.27871e-02
  15960.14  6912.1875  7.55548e-01  8.10535e-01  7.16704e-01  3.88440e-02
  15988.69  6912.8125  7.02170e-01  6.30328e-01  6.67521e-01  3.46487e-02
  16017.24  6913.4375  6.75402e-01  7.39725e-01  6.30329e-01  4.50733e-02
  16045.79  6914.0625  6.63006e-01  5.61709e-01  6.11099e-01  5.19071e-02
  16074.35  6914.6875  6.94542e-01  7.86990e-01  6.48596e-01  4.59462e-02
  16102.90  6915.3125  6.84638e-01  6.44579e-01  6.43215e-01  4.14229e-02
  16131.45  6915.9375  6.52789e-01  6.95015e-01  6.08537e-01  4.42520e-02
  16160.00  6916.5625  6.33347e-01  5.50093e-01  5.91939e-01  4.14079e-02
  16188.55  6917.1875  6.52283e-01  7.35836e-01  6.20387e-01  3.18952e-02
  16217.10  6917.8125  6.45191e-01  5.83585e-01  6.13807e-01  3.13847e-02
  16245.65  6918.4375  6.54458e-01  6.83657e-01  6.16554e-01  3.79039e-02
  16274.20  6919.0625  6.55893e-01  6.62354e-01  6.23681e-01  3.22111e-02
  16302.75  6919.6875  6.43813e-01  6.26179e-01  6.13788e-01  3.00250e-02
  16331.30  6920.3125  6.50810e-01  6.51049e-01  6.20701e-01  3.01082e-02
  16359.86  6920.9375  6.76171e-01  6.59246e-01  6.41592e-01  3.45783e-02
  16388.41  6921.5625  6.86452e-01  7.51013e-01  6.42187e-01  4.42649e-02
  16416.96  6922.1875  6.42563e-01  6.07832e-01  6.00097e-01  4.24654e-02
  16445.51  6922.8125  6.21030e-01  5.97742e-01  5.88935e-01  3.20944e-02
  16474.06  6923.4375  6.55854e-01  6.43385e-01  6.23274e-01  3.25799e-02
  16502.61  6924.0625  6.97874e-01  7.37917e-01  6.58428e-01  3.94455e-02
  16531.16  6924.6875  6.86093e-01  7.01453e-01  6.54256e-01  3.18368e-02
  16559.71  6925.3125  6.47636e-01  6.20972e-01  6.20347e-01  2.72890e-02
  16588.26  6925.9375  6.62885e-01  6.14620e-01  6.30007e-01  3.28776e-02
  16616.81  6926.5625  7.42966e-01  7.64602e-01  7.07248e-01  3.57176e-02
  16645.37  6927.1875  7.85277e-01  8.51951e-01  7.48429e-01  3.68480e-02
  16673.92  6927.8125  7.52444e-01  7.09873e-01  7.14341e-01  3.81028e-02
  16702.47  6928.4375  7.24490e-01  7.39002e-01  6.77307e-01  4.71830e-02
  16731.02  6929.0625  6.73493e-01  7.24445e-01  6.23278e-01  5.02149e-02
  16759.57  6929.6875  6.10759e-01  5.04261e-01  5.72170e-01  3.85883e-02
  16788.12  6930.3125  6.36416e-01  6.71407e-01  5.98058e-01  3.83579e-02
  16816.67  6930.9375  6.61973e-01  6.91451e-01  6.17775e-01  4.41972e-02
  16845.22  6931.5625  6.55624e-01  6.12283e-01  6.11633e-01  4.39906e-02
  16873.77  6932.1875  6.68508e-01  7.02238e-01  6.28750e-01  3.97572e-02
  16902.33  6932.8125  6.80714e-01  6.48209e-01  6.48757e-01  3.19564e-02
  16930.88  6933.4375  7.00714e-01  7.27210e-01  6.65893e-01  3.48207e-02
  16959.43  6934.0625  6.96444e-01  7.10222e-01  6.55754e-01  4.06896e-02
  16987.98  6934.6875  6.75660e-01  6.47509e-01  6.35147e-01  4.05131e-02
  17016.53  6935.3125  6.74387e-01  6.86013e-01  6.33415e-01  4.09723e-02
  17045.08  6935.9375  6.48216e-01  6.95731e-01  6.08376e-01  3.98403e-02
  17073.63  6936.5625  6.01214e-01  5.18740e-01  5.58784e-01  4.24298e-02
  17102.18  6937.1875  6.11600e-01  6.51315e-01  5.63156e-01  4.84444e-02
  17130.73  6937.8125  6.29422e-01  6.09408e-01  5.87478e-01  4.19434e-02
  17159.28  6938.4375  6.45345e-01  6.55346e-01  6.13612e-01  3.17331e-02
  17187.84  6939.0625  6.38635e-01  6.73536e-01  6.13489e-01  2.51454e-02
  17216.39  6939.6875  6.07789e-01  5.65420e-01  5.85569e-01  2.22194e-02
  17244.94  6940.3125  6.41275e-01  5.86093e-01  6.18157e-01  2.31184e-02
  17273.49  6940.9375  6.98875e-01  8.24072e-01  6.70930e-01  2.79448e-02
  17302.04  6941.5625  6.59802e-01  6.02328e-01  6.21972e-01  3.78302e-02
  17330.59  6942.1875  6.33091e-01  6.14993e-01  5.85287e-01  4.78040e-02
  17359.14  6942.8125  6.42963e-01  6.74210e-01  5.94045e-01  4.89187e-02
  17387.69  6943.4375  6.36991e-01  6.16225e-01  5.91119e-01  4.58725e-02
  17416.24  6944.0625  6.40835e-01  6.38296e-01  5.92433e-01  4.84020e-02
  17444.79  6944.6875  6.45508e-01  6.71063e-01  5.93847e-01  5.16611e-02
  17473.35  6945.3125  6.43840e-01  6.01406e-01  6.03006e-01  4.08340e-02
  17501.90  6945.9375  6.74922e-01  6.86268e-01  6.43947e-01  3.09751e-02
  17530.45  6946.5625  6.88766e-01  7.34652e-01  6.51397e-01  3.73695e-02
  17559.00  6947.1875  6.51553e-01  6.25781e-01  6.10322e-01  4.12312e-02
  17587.55  6947.8125  6.23892e-01  6.20424e-01  5.92108e-01  3.17836e-02
  17616.10  6948.4375  6.37462e-01  5.98349e-01  6.10793e-01  2.66689e-02
  17644.65  6949.0625  6.81661e-01  7.22438e-01  6.57871e-01  2.37901e-02
  17673.20  6949.6875  6.98087e-01  6.93730e-01  6.78443e-01  1.96445e-02
