# day002  epoch=2.0d  L_Halpha=1.062e+41 erg/s  smooth_kms=25.0
# Columns:
#   1: Δv [km/s]      velocity offset from Hα (6562.81 Å), positive = redshift
#   2: lambda [Å]     observed wavelength
#   3: F_norm         total flux, smoothed, normalized to F_cont_baseline
#   4: F_norm_raw     total flux, RAW MC (no velocity smoothing)
#   5: F_cont_smooth  continuum-channel flux (continuum photons only)
#   6: F_vol_smooth   volumetric-channel flux (line emission contribution)
# Format: F_norm ≈ F_cont_smooth + F_vol_smooth (within MC noise)
# ----------------------------------------------------------------------------------------
 -16559.48  6200.3125  1.06810e+00  1.01792e+00  1.06828e+00  0.00000e+00
 -16530.93  6200.9375  1.10217e+00  1.20236e+00  1.10240e+00  0.00000e+00
 -16502.38  6201.5625  1.05373e+00  1.02630e+00  1.05394e+00  0.00000e+00
 -16473.83  6202.1875  1.02198e+00  9.54364e-01  1.02218e+00  0.00000e+00
 -16445.28  6202.8125  1.06609e+00  1.11421e+00  1.06638e+00  0.00000e+00
 -16416.73  6203.4375  1.10952e+00  1.06949e+00  1.10969e+00  0.00000e+00
 -16388.18  6204.0625  1.13018e+00  1.21457e+00  1.13016e+00  0.00000e+00
 -16359.63  6204.6875  1.09289e+00  1.03471e+00  1.09279e+00  0.00000e+00
 -16331.08  6205.3125  1.02309e+00  1.12259e+00  1.02288e+00  0.00000e+00
 -16302.53  6205.9375  8.64187e-01  8.53926e-01  8.64017e-01  0.00000e+00
 -16273.97  6206.5625  7.53305e-01  5.99175e-01  7.53207e-01  0.00000e+00
 -16245.42  6207.1875  8.33465e-01  8.61964e-01  8.33402e-01  0.00000e+00
 -16216.87  6207.8125  9.52664e-01  9.72508e-01  9.52611e-01  0.00000e+00
 -16188.32  6208.4375  9.51832e-01  1.09439e+00  9.51687e-01  0.00000e+00
 -16159.77  6209.0625  8.42805e-01  6.82025e-01  8.42791e-01  0.00000e+00
 -16131.22  6209.6875  8.33244e-01  8.88416e-01  8.33482e-01  0.00000e+00
 -16102.67  6210.3125  9.36461e-01  7.77062e-01  9.36809e-01  0.00000e+00
 -16074.12  6210.9375  1.15230e+00  1.26412e+00  1.15265e+00  0.00000e+00
 -16045.57  6211.5625  1.24389e+00  1.36712e+00  1.24428e+00  0.00000e+00
 -16017.01  6212.1875  1.19746e+00  1.04395e+00  1.19782e+00  0.00000e+00
 -15988.46  6212.8125  1.20304e+00  1.32740e+00  1.20336e+00  0.00000e+00
 -15959.91  6213.4375  1.15762e+00  1.11630e+00  1.15785e+00  0.00000e+00
 -15931.36  6214.0625  1.10546e+00  1.09117e+00  1.10553e+00  0.00000e+00
 -15902.81  6214.6875  1.09138e+00  1.09742e+00  1.09146e+00  0.00000e+00
 -15874.26  6215.3125  1.11014e+00  1.05500e+00  1.11016e+00  0.00000e+00
 -15845.71  6215.9375  1.14801e+00  1.23448e+00  1.14804e+00  0.00000e+00
 -15817.16  6216.5625  1.12694e+00  1.08790e+00  1.12692e+00  0.00000e+00
 -15788.61  6217.1875  1.09872e+00  1.11275e+00  1.09870e+00  0.00000e+00
 -15760.06  6217.8125  1.07398e+00  1.07364e+00  1.07388e+00  0.00000e+00
 -15731.50  6218.4375  1.06406e+00  1.02781e+00  1.06394e+00  0.00000e+00
 -15702.95  6219.0625  1.08971e+00  1.10912e+00  1.08974e+00  0.00000e+00
 -15674.40  6219.6875  1.09378e+00  1.11954e+00  1.09385e+00  0.00000e+00
 -15645.85  6220.3125  1.02575e+00  1.07925e+00  1.02566e+00  0.00000e+00
 -15617.30  6220.9375  9.57932e-01  8.03502e-01  9.57758e-01  0.00000e+00
 -15588.75  6221.5625  9.61569e-01  1.13340e+00  9.61494e-01  0.00000e+00
 -15560.20  6222.1875  8.85696e-01  7.93842e-01  8.85738e-01  0.00000e+00
 -15531.65  6222.8125  8.70018e-01  8.07516e-01  8.70200e-01  0.00000e+00
 -15503.10  6223.4375  9.60621e-01  1.00166e+00  9.60716e-01  0.00000e+00
 -15474.55  6224.0625  1.00118e+00  1.06354e+00  1.00117e+00  0.00000e+00
 -15445.99  6224.6875  9.61388e-01  9.19749e-01  9.61517e-01  0.00000e+00
 -15417.44  6225.3125  9.53611e-01  9.28622e-01  9.53927e-01  0.00000e+00
 -15388.89  6225.9375  1.00535e+00  9.95318e-01  1.00566e+00  0.00000e+00
 -15360.34  6226.5625  1.02887e+00  1.12746e+00  1.02897e+00  0.00000e+00
 -15331.79  6227.1875  9.61193e-01  9.08654e-01  9.61155e-01  0.00000e+00
 -15303.24  6227.8125  9.35973e-01  8.82500e-01  9.35924e-01  0.00000e+00
 -15274.69  6228.4375  9.97512e-01  1.01764e+00  9.97517e-01  0.00000e+00
 -15246.14  6229.0625  1.04981e+00  1.08013e+00  1.05002e+00  0.00000e+00
 -15217.59  6229.6875  1.07582e+00  1.03026e+00  1.07599e+00  0.00000e+00
 -15189.03  6230.3125  1.08954e+00  1.17818e+00  1.08946e+00  0.00000e+00
 -15160.48  6230.9375  1.01953e+00  1.01434e+00  1.01931e+00  0.00000e+00
 -15131.93  6231.5625  9.85268e-01  8.45960e-01  9.85054e-01  0.00000e+00
 -15103.38  6232.1875  1.06626e+00  1.17905e+00  1.06609e+00  0.00000e+00
 -15074.83  6232.8125  1.04229e+00  1.11199e+00  1.04221e+00  0.00000e+00
 -15046.28  6233.4375  9.19076e-01  8.24757e-01  9.19009e-01  0.00000e+00
 -15017.73  6234.0625  8.85308e-01  8.68615e-01  8.85281e-01  0.00000e+00
 -14989.18  6234.6875  9.16742e-01  9.33030e-01  9.16935e-01  0.00000e+00
 -14960.63  6235.3125  9.01417e-01  9.70263e-01  9.01807e-01  0.00000e+00
 -14932.08  6235.9375  8.45441e-01  7.42186e-01  8.45847e-01  0.00000e+00
 -14903.52  6236.5625  8.55322e-01  9.07683e-01  8.55540e-01  0.00000e+00
 -14874.97  6237.1875  8.84624e-01  8.29278e-01  8.84729e-01  0.00000e+00
 -14846.42  6237.8125  8.77419e-01  1.01782e+00  8.77425e-01  0.00000e+00
 -14817.87  6238.4375  7.77794e-01  6.76995e-01  7.77654e-01  0.00000e+00
 -14789.32  6239.0625  7.60924e-01  7.02199e-01  7.60688e-01  0.00000e+00
 -14760.77  6239.6875  8.06897e-01  9.30179e-01  8.06759e-01  0.00000e+00
 -14732.22  6240.3125  7.86015e-01  6.94388e-01  7.86037e-01  0.00000e+00
 -14703.67  6240.9375  8.52706e-01  7.77669e-01  8.52737e-01  0.00000e+00
 -14675.12  6241.5625  9.48169e-01  1.15859e+00  9.48144e-01  0.00000e+00
 -14646.57  6242.1875  9.00112e-01  7.53177e-01  9.00034e-01  0.00000e+00
 -14618.01  6242.8125  9.11038e-01  9.29403e-01  9.10905e-01  0.00000e+00
 -14589.46  6243.4375  9.66800e-01  9.86001e-01  9.66700e-01  0.00000e+00
 -14560.91  6244.0625  9.70905e-01  1.00614e+00  9.70831e-01  0.00000e+00
 -14532.36  6244.6875  9.40067e-01  8.99804e-01  9.39866e-01  0.00000e+00
 -14503.81  6245.3125  9.41980e-01  9.37535e-01  9.41625e-01  0.00000e+00
 -14475.26  6245.9375  9.45731e-01  9.95029e-01  9.45342e-01  0.00000e+00
 -14446.71  6246.5625  9.33696e-01  8.57432e-01  9.33486e-01  0.00000e+00
 -14418.16  6247.1875  9.76936e-01  9.96865e-01  9.76870e-01  0.00000e+00
 -14389.61  6247.8125  9.63844e-01  1.09483e+00  9.63821e-01  0.00000e+00
 -14361.06  6248.4375  8.64924e-01  7.04724e-01  8.64837e-01  0.00000e+00
 -14332.50  6249.0625  9.11393e-01  8.82285e-01  9.11274e-01  0.00000e+00
 -14303.95  6249.6875  9.86512e-01  1.16130e+00  9.86375e-01  0.00000e+00
 -14275.40  6250.3125  9.08951e-01  8.17498e-01  9.08800e-01  0.00000e+00
 -14246.85  6250.9375  8.81910e-01  8.22809e-01  8.81885e-01  0.00000e+00
 -14218.30  6251.5625  9.50502e-01  1.00730e+00  9.50568e-01  0.00000e+00
 -14189.75  6252.1875  1.00295e+00  9.65276e-01  1.00289e+00  0.00000e+00
 -14161.20  6252.8125  1.03378e+00  1.10243e+00  1.03349e+00  0.00000e+00
 -14132.65  6253.4375  1.04259e+00  9.62831e-01  1.04226e+00  0.00000e+00
 -14104.10  6254.0625  1.11533e+00  1.11317e+00  1.11523e+00  0.00000e+00
 -14075.54  6254.6875  1.16866e+00  1.28004e+00  1.16872e+00  0.00000e+00
 -14046.99  6255.3125  1.06896e+00  1.08778e+00  1.06906e+00  0.00000e+00
 -14018.44  6255.9375  9.34111e-01  8.39222e-01  9.34140e-01  0.00000e+00
 -13989.89  6256.5625  9.18969e-01  9.10196e-01  9.19017e-01  0.00000e+00
 -13961.34  6257.1875  1.00888e+00  9.38656e-01  1.00897e+00  0.00000e+00
 -13932.79  6257.8125  1.08802e+00  1.28079e+00  1.08798e+00  0.00000e+00
 -13904.24  6258.4375  1.02497e+00  9.02652e-01  1.02490e+00  0.00000e+00
 -13875.69  6259.0625  9.82999e-01  1.03216e+00  9.83035e-01  0.00000e+00
 -13847.14  6259.6875  9.76835e-01  9.14113e-01  9.76890e-01  0.00000e+00
 -13818.59  6260.3125  9.53762e-01  1.08430e+00  9.53836e-01  0.00000e+00
 -13790.03  6260.9375  8.68949e-01  7.43645e-01  8.69098e-01  0.00000e+00
 -13761.48  6261.5625  8.80100e-01  8.70458e-01  8.80144e-01  0.00000e+00
 -13732.93  6262.1875  9.64846e-01  9.76414e-01  9.64857e-01  0.00000e+00
 -13704.38  6262.8125  9.76654e-01  1.09280e+00  9.76674e-01  0.00000e+00
 -13675.83  6263.4375  8.81319e-01  7.92460e-01  8.81373e-01  0.00000e+00
 -13647.28  6264.0625  8.54853e-01  8.21669e-01  8.55004e-01  0.00000e+00
 -13618.73  6264.6875  9.35217e-01  9.10731e-01  9.35363e-01  0.00000e+00
 -13590.18  6265.3125  1.02164e+00  1.10229e+00  1.02160e+00  0.00000e+00
 -13561.63  6265.9375  9.97257e-01  1.02759e+00  9.97200e-01  0.00000e+00
 -13533.08  6266.5625  8.87379e-01  8.90249e-01  8.87404e-01  0.00000e+00
 -13504.52  6267.1875  8.39622e-01  6.91802e-01  8.39620e-01  0.00000e+00
 -13475.97  6267.8125  9.38057e-01  1.01961e+00  9.38049e-01  0.00000e+00
 -13447.42  6268.4375  1.02337e+00  1.00582e+00  1.02341e+00  0.00000e+00
 -13418.87  6269.0625  1.01680e+00  1.14413e+00  1.01678e+00  0.00000e+00
 -13390.32  6269.6875  9.69275e-01  7.66260e-01  9.69148e-01  0.00000e+00
 -13361.77  6270.3125  1.07958e+00  1.13905e+00  1.07955e+00  0.00000e+00
 -13333.22  6270.9375  1.20822e+00  1.23626e+00  1.20828e+00  0.00000e+00
 -13304.67  6271.5625  1.19411e+00  1.32307e+00  1.19406e+00  0.00000e+00
 -13276.12  6272.1875  1.03094e+00  9.62002e-01  1.03076e+00  0.00000e+00
 -13247.56  6272.8125  8.96223e-01  8.72919e-01  8.96237e-01  0.00000e+00
 -13219.01  6273.4375  8.52779e-01  8.14478e-01  8.53033e-01  0.00000e+00
 -13190.46  6274.0625  8.65319e-01  8.87195e-01  8.65607e-01  0.00000e+00
 -13161.91  6274.6875  8.98131e-01  8.54216e-01  8.98446e-01  0.00000e+00
 -13133.36  6275.3125  9.66450e-01  9.90033e-01  9.66812e-01  0.00000e+00
 -13104.81  6275.9375  1.07127e+00  9.87911e-01  1.07148e+00  0.00000e+00
 -13076.26  6276.5625  1.12909e+00  1.37869e+00  1.12919e+00  0.00000e+00
 -13047.71  6277.1875  1.01161e+00  8.29628e-01  1.01170e+00  0.00000e+00
 -13019.16  6277.8125  9.53592e-01  1.01615e+00  9.53680e-01  0.00000e+00
 -12990.61  6278.4375  9.70813e-01  8.74773e-01  9.70881e-01  0.00000e+00
 -12962.05  6279.0625  1.04846e+00  1.10545e+00  1.04858e+00  0.00000e+00
 -12933.50  6279.6875  1.07781e+00  1.12647e+00  1.07773e+00  0.00000e+00
 -12904.95  6280.3125  1.03781e+00  9.92436e-01  1.03747e+00  0.00000e+00
 -12876.40  6280.9375  1.02276e+00  1.03458e+00  1.02253e+00  0.00000e+00
 -12847.85  6281.5625  1.05924e+00  9.78371e-01  1.05918e+00  0.00000e+00
 -12819.30  6282.1875  1.07089e+00  1.29531e+00  1.07081e+00  0.00000e+00
 -12790.75  6282.8125  9.91629e-01  7.21053e-01  9.91556e-01  0.00000e+00
 -12762.20  6283.4375  1.06126e+00  1.19005e+00  1.06117e+00  0.00000e+00
 -12733.65  6284.0625  1.10277e+00  1.12322e+00  1.10271e+00  0.00000e+00
 -12705.10  6284.6875  1.03896e+00  1.05491e+00  1.03877e+00  0.00000e+00
 -12676.54  6285.3125  9.53450e-01  9.30307e-01  9.53359e-01  0.00000e+00
 -12647.99  6285.9375  9.35104e-01  8.55135e-01  9.35287e-01  0.00000e+00
 -12619.44  6286.5625  9.92011e-01  1.06432e+00  9.92227e-01  0.00000e+00
 -12590.89  6287.1875  9.84033e-01  1.01640e+00  9.84131e-01  0.00000e+00
 -12562.34  6287.8125  9.26609e-01  8.67296e-01  9.26676e-01  0.00000e+00
 -12533.79  6288.4375  9.09956e-01  9.36975e-01  9.10042e-01  0.00000e+00
 -12505.24  6289.0625  8.93391e-01  8.90665e-01  8.93519e-01  0.00000e+00
 -12476.69  6289.6875  8.59834e-01  8.73955e-01  8.60022e-01  0.00000e+00
 -12448.14  6290.3125  8.46978e-01  7.78908e-01  8.47136e-01  0.00000e+00
 -12419.58  6290.9375  8.73969e-01  9.45994e-01  8.74083e-01  0.00000e+00
 -12391.03  6291.5625  8.71116e-01  8.32633e-01  8.71095e-01  0.00000e+00
 -12362.48  6292.1875  9.10903e-01  8.51892e-01  9.10749e-01  0.00000e+00
 -12333.93  6292.8125  9.94124e-01  1.08780e+00  9.94036e-01  0.00000e+00
 -12305.38  6293.4375  9.99533e-01  9.81793e-01  9.99450e-01  0.00000e+00
 -12276.83  6294.0625  9.60810e-01  9.82774e-01  9.60697e-01  0.00000e+00
 -12248.28  6294.6875  9.13255e-01  8.93776e-01  9.13221e-01  0.00000e+00
 -12219.73  6295.3125  9.03008e-01  8.66662e-01  9.03024e-01  0.00000e+00
 -12191.18  6295.9375  9.71897e-01  9.29598e-01  9.71856e-01  0.00000e+00
 -12162.63  6296.5625  1.01502e+00  1.19514e+00  1.01485e+00  0.00000e+00
 -12134.07  6297.1875  9.35024e-01  7.92238e-01  9.34905e-01  0.00000e+00
 -12105.52  6297.8125  9.98114e-01  8.89267e-01  9.98024e-01  0.00000e+00
 -12076.97  6298.4375  1.17866e+00  1.35483e+00  1.17851e+00  0.00000e+00
 -12048.42  6299.0625  1.17092e+00  1.21630e+00  1.17082e+00  0.00000e+00
 -12019.87  6299.6875  1.06051e+00  9.57824e-01  1.06048e+00  0.00000e+00
 -11991.32  6300.3125  1.04511e+00  1.06195e+00  1.04493e+00  0.00000e+00
 -11962.77  6300.9375  1.09055e+00  1.04849e+00  1.09016e+00  0.00000e+00
 -11934.22  6301.5625  1.12618e+00  1.22793e+00  1.12585e+00  0.00000e+00
 -11905.67  6302.1875  1.10181e+00  1.01907e+00  1.10170e+00  0.00000e+00
 -11877.12  6302.8125  1.13179e+00  1.11596e+00  1.13177e+00  0.00000e+00
 -11848.56  6303.4375  1.14340e+00  1.29632e+00  1.14338e+00  0.00000e+00
 -11820.01  6304.0625  1.07324e+00  8.83983e-01  1.07311e+00  0.00000e+00
 -11791.46  6304.6875  1.07500e+00  1.22458e+00  1.07480e+00  0.00000e+00
 -11762.91  6305.3125  1.03880e+00  9.56666e-01  1.03860e+00  0.00000e+00
 -11734.36  6305.9375  1.06238e+00  1.00325e+00  1.06217e+00  0.00000e+00
 -11705.81  6306.5625  1.17707e+00  1.22631e+00  1.17691e+00  0.00000e+00
 -11677.26  6307.1875  1.21625e+00  1.29560e+00  1.21618e+00  0.00000e+00
 -11648.71  6307.8125  1.11721e+00  1.12810e+00  1.11725e+00  0.00000e+00
 -11620.16  6308.4375  1.00375e+00  9.23471e-01  1.00386e+00  0.00000e+00
 -11591.60  6309.0625  1.00437e+00  9.72739e-01  1.00451e+00  0.00000e+00
 -11563.05  6309.6875  1.03797e+00  1.13558e+00  1.03795e+00  0.00000e+00
 -11534.50  6310.3125  1.00711e+00  9.46387e-01  1.00692e+00  0.00000e+00
 -11505.95  6310.9375  1.10940e+00  9.09184e-01  1.10919e+00  0.00000e+00
 -11477.40  6311.5625  1.30959e+00  1.64733e+00  1.30938e+00  0.00000e+00
 -11448.85  6312.1875  1.22392e+00  1.15972e+00  1.22387e+00  0.00000e+00
 -11420.30  6312.8125  1.07528e+00  9.96845e-01  1.07543e+00  0.00000e+00
 -11391.75  6313.4375  1.09322e+00  1.02934e+00  1.09338e+00  0.00000e+00
 -11363.20  6314.0625  1.16050e+00  1.30189e+00  1.16066e+00  0.00000e+00
 -11334.65  6314.6875  1.07675e+00  1.08795e+00  1.07684e+00  0.00000e+00
 -11306.09  6315.3125  9.55165e-01  8.52279e-01  9.55033e-01  0.00000e+00
 -11277.54  6315.9375  9.32815e-01  9.76727e-01  9.32649e-01  0.00000e+00
 -11248.99  6316.5625  9.25899e-01  9.14749e-01  9.25764e-01  0.00000e+00
 -11220.44  6317.1875  9.87478e-01  8.49825e-01  9.87334e-01  0.00000e+00
 -11191.89  6317.8125  1.12510e+00  1.31911e+00  1.12498e+00  0.00000e+00
 -11163.34  6318.4375  1.16115e+00  1.02687e+00  1.16103e+00  0.00000e+00
 -11134.79  6319.0625  1.12499e+00  1.36245e+00  1.12494e+00  0.00000e+00
 -11106.24  6319.6875  9.63286e-01  7.74611e-01  9.63380e-01  0.00000e+00
 -11077.69  6320.3125  9.51039e-01  8.89092e-01  9.51309e-01  0.00000e+00
 -11049.14  6320.9375  1.10208e+00  1.13566e+00  1.10235e+00  0.00000e+00
 -11020.58  6321.5625  1.15877e+00  1.32073e+00  1.15884e+00  0.00000e+00
 -10992.03  6322.1875  1.06445e+00  9.25045e-01  1.06437e+00  0.00000e+00
 -10963.48  6322.8125  1.04838e+00  1.06339e+00  1.04840e+00  0.00000e+00
 -10934.93  6323.4375  1.09775e+00  1.08218e+00  1.09784e+00  0.00000e+00
 -10906.38  6324.0625  1.10701e+00  1.20601e+00  1.10695e+00  0.00000e+00
 -10877.83  6324.6875  1.04617e+00  9.50272e-01  1.04618e+00  0.00000e+00
 -10849.28  6325.3125  9.78288e-01  1.11254e+00  9.78419e-01  0.00000e+00
 -10820.73  6325.9375  8.94737e-01  7.13868e-01  8.94814e-01  0.00000e+00
 -10792.18  6326.5625  9.46857e-01  9.88392e-01  9.46759e-01  0.00000e+00
 -10763.62  6327.1875  1.00207e+00  1.07827e+00  1.00194e+00  0.00000e+00
 -10735.07  6327.8125  9.42162e-01  9.42457e-01  9.42090e-01  0.00000e+00
 -10706.52  6328.4375  9.32783e-01  7.61844e-01  9.32765e-01  0.00000e+00
 -10677.97  6329.0625  1.05625e+00  1.20745e+00  1.05634e+00  0.00000e+00
 -10649.42  6329.6875  1.06341e+00  1.09509e+00  1.06360e+00  0.00000e+00
 -10620.87  6330.3125  9.66693e-01  9.31870e-01  9.66954e-01  0.00000e+00
 -10592.32  6330.9375  9.54292e-01  8.48454e-01  9.54454e-01  0.00000e+00
 -10563.77  6331.5625  1.05605e+00  1.12630e+00  1.05601e+00  0.00000e+00
 -10535.22  6332.1875  1.04362e+00  1.19069e+00  1.04361e+00  0.00000e+00
 -10506.67  6332.8125  8.70500e-01  7.54222e-01  8.70741e-01  0.00000e+00
 -10478.11  6333.4375  8.40573e-01  7.07038e-01  8.40766e-01  0.00000e+00
 -10449.56  6334.0625  1.01784e+00  1.07023e+00  1.01793e+00  0.00000e+00
 -10421.01  6334.6875  1.12218e+00  1.27531e+00  1.12246e+00  0.00000e+00
 -10392.46  6335.3125  1.07510e+00  9.34903e-01  1.07547e+00  0.00000e+00
 -10363.91  6335.9375  1.04878e+00  1.17363e+00  1.04905e+00  0.00000e+00
 -10335.36  6336.5625  1.00879e+00  8.83860e-01  1.00895e+00  0.00000e+00
 -10306.81  6337.1875  1.00596e+00  1.10236e+00  1.00593e+00  0.00000e+00
 -10278.26  6337.8125  9.43748e-01  9.48507e-01  9.43611e-01  0.00000e+00
 -10249.71  6338.4375  8.38753e-01  8.12134e-01  8.38654e-01  0.00000e+00
 -10221.16  6339.0625  7.95111e-01  7.43804e-01  7.95122e-01  0.00000e+00
 -10192.60  6339.6875  8.46651e-01  8.23691e-01  8.46752e-01  0.00000e+00
 -10164.05  6340.3125  9.00380e-01  1.00355e+00  9.00458e-01  0.00000e+00
 -10135.50  6340.9375  8.78229e-01  8.05958e-01  8.78102e-01  0.00000e+00
 -10106.95  6341.5625  9.31411e-01  8.60215e-01  9.31099e-01  0.00000e+00
 -10078.40  6342.1875  1.07120e+00  1.14881e+00  1.07088e+00  0.00000e+00
 -10049.85  6342.8125  1.11972e+00  1.17551e+00  1.11952e+00  0.00000e+00
 -10021.30  6343.4375  1.06452e+00  1.04400e+00  1.06440e+00  0.00000e+00
  -9992.75  6344.0625  1.04925e+00  9.59073e-01  1.04927e+00  0.00000e+00
  -9964.20  6344.6875  1.06629e+00  1.23486e+00  1.06654e+00  0.00000e+00
  -9935.65  6345.3125  9.81026e-01  8.72765e-01  9.81338e-01  0.00000e+00
  -9907.09  6345.9375  9.63101e-01  9.21772e-01  9.63292e-01  0.00000e+00
  -9878.54  6346.5625  1.01052e+00  1.09512e+00  1.01061e+00  0.00000e+00
  -9849.99  6347.1875  1.00090e+00  9.56319e-01  1.00094e+00  0.00000e+00
  -9821.44  6347.8125  1.00038e+00  1.00231e+00  1.00036e+00  0.00000e+00
  -9792.89  6348.4375  1.03304e+00  1.00832e+00  1.03288e+00  0.00000e+00
  -9764.34  6349.0625  1.03333e+00  1.14204e+00  1.03315e+00  0.00000e+00
  -9735.79  6349.6875  9.15094e-01  9.02384e-01  9.15156e-01  0.00000e+00
  -9707.24  6350.3125  8.25569e-01  6.99408e-01  8.25753e-01  0.00000e+00
  -9678.69  6350.9375  9.06672e-01  9.03828e-01  9.06799e-01  0.00000e+00
  -9650.13  6351.5625  1.00320e+00  1.11380e+00  1.00309e+00  0.00000e+00
  -9621.58  6352.1875  9.85580e-01  9.39104e-01  9.85264e-01  0.00000e+00
  -9593.03  6352.8125  9.62511e-01  9.68666e-01  9.62327e-01  0.00000e+00
  -9564.48  6353.4375  1.00962e+00  9.11809e-01  1.00968e+00  0.00000e+00
  -9535.93  6354.0625  1.08586e+00  1.25416e+00  1.08594e+00  0.00000e+00
  -9507.38  6354.6875  1.04584e+00  9.63764e-01  1.04594e+00  0.00000e+00
  -9478.83  6355.3125  1.00220e+00  1.02135e+00  1.00234e+00  0.00000e+00
  -9450.28  6355.9375  9.41763e-01  1.00980e+00  9.41855e-01  0.00000e+00
  -9421.73  6356.5625  8.88082e-01  7.09804e-01  8.88072e-01  0.00000e+00
  -9393.18  6357.1875  9.86731e-01  1.05443e+00  9.86725e-01  0.00000e+00
  -9364.62  6357.8125  1.05760e+00  1.13135e+00  1.05779e+00  0.00000e+00
  -9336.07  6358.4375  1.02060e+00  9.79069e-01  1.02080e+00  0.00000e+00
  -9307.52  6359.0625  9.99405e-01  9.84461e-01  9.99521e-01  0.00000e+00
  -9278.97  6359.6875  1.00059e+00  1.03810e+00  1.00072e+00  0.00000e+00
  -9250.42  6360.3125  9.94370e-01  9.35027e-01  9.94455e-01  0.00000e+00
  -9221.87  6360.9375  9.83347e-01  1.09340e+00  9.83404e-01  0.00000e+00
  -9193.32  6361.5625  9.48413e-01  7.96936e-01  9.48391e-01  0.00000e+00
  -9164.77  6362.1875  9.81059e-01  1.09587e+00  9.81001e-01  0.00000e+00
  -9136.22  6362.8125  9.50439e-01  9.51206e-01  9.50334e-01  0.00000e+00
  -9107.67  6363.4375  8.93624e-01  8.26779e-01  8.93661e-01  0.00000e+00
  -9079.11  6364.0625  9.03854e-01  9.36481e-01  9.04102e-01  0.00000e+00
  -9050.56  6364.6875  9.48835e-01  8.85181e-01  9.48997e-01  0.00000e+00
  -9022.01  6365.3125  1.02457e+00  1.07403e+00  1.02461e+00  0.00000e+00
  -8993.46  6365.9375  9.62484e-01  1.15255e+00  9.62527e-01  0.00000e+00
  -8964.91  6366.5625  7.40843e-01  5.44611e-01  7.40751e-01  0.00000e+00
  -8936.36  6367.1875  7.20676e-01  6.27821e-01  7.20528e-01  0.00000e+00
  -8907.81  6367.8125  9.29841e-01  9.33698e-01  9.29820e-01  0.00000e+00
  -8879.26  6368.4375  1.09931e+00  1.26246e+00  1.09934e+00  0.00000e+00
  -8850.71  6369.0625  1.08328e+00  1.03488e+00  1.08324e+00  0.00000e+00
  -8822.15  6369.6875  1.07412e+00  9.98262e-01  1.07403e+00  0.00000e+00
  -8793.60  6370.3125  1.10949e+00  1.24527e+00  1.10938e+00  0.00000e+00
  -8765.05  6370.9375  1.04688e+00  9.93302e-01  1.04691e+00  0.00000e+00
  -8736.50  6371.5625  1.01881e+00  9.40630e-01  1.01894e+00  0.00000e+00
  -8707.95  6372.1875  1.04748e+00  1.17666e+00  1.04752e+00  0.00000e+00
  -8679.40  6372.8125  1.00444e+00  9.19136e-01  1.00438e+00  0.00000e+00
  -8650.85  6373.4375  9.90740e-01  1.00562e+00  9.90697e-01  0.00000e+00
  -8622.30  6374.0625  1.01154e+00  9.98482e-01  1.01163e+00  0.00000e+00
  -8593.75  6374.6875  1.02540e+00  1.05603e+00  1.02557e+00  0.00000e+00
  -8565.20  6375.3125  1.00933e+00  1.00306e+00  1.00941e+00  0.00000e+00
  -8536.64  6375.9375  9.79409e-01  9.84158e-01  9.79432e-01  0.00000e+00
  -8508.09  6376.5625  9.34365e-01  9.61607e-01  9.34487e-01  0.00000e+00
  -8479.54  6377.1875  9.36279e-01  7.89271e-01  9.36464e-01  0.00000e+00
  -8450.99  6377.8125  1.04958e+00  1.15722e+00  1.04971e+00  0.00000e+00
  -8422.44  6378.4375  1.06364e+00  1.14281e+00  1.06347e+00  0.00000e+00
  -8393.89  6379.0625  9.85785e-01  8.60670e-01  9.85437e-01  0.00000e+00
  -8365.34  6379.6875  9.97176e-01  1.04323e+00  9.96802e-01  0.00000e+00
  -8336.79  6380.3125  1.05802e+00  9.96095e-01  1.05768e+00  0.00000e+00
  -8308.24  6380.9375  1.16614e+00  1.18074e+00  1.16589e+00  0.00000e+00
  -8279.69  6381.5625  1.23186e+00  1.32423e+00  1.23172e+00  0.00000e+00
  -8251.13  6382.1875  1.12754e+00  1.20043e+00  1.12743e+00  0.00000e+00
  -8222.58  6382.8125  9.51616e-01  8.17621e-01  9.51564e-01  0.00000e+00
  -8194.03  6383.4375  9.25740e-01  8.94461e-01  9.25724e-01  0.00000e+00
  -8165.48  6384.0625  1.00837e+00  1.02862e+00  1.00840e+00  0.00000e+00
  -8136.93  6384.6875  1.08289e+00  1.08884e+00  1.08283e+00  0.00000e+00
  -8108.38  6385.3125  1.12198e+00  1.14913e+00  1.12194e+00  0.00000e+00
  -8079.83  6385.9375  1.12622e+00  1.11302e+00  1.12628e+00  0.00000e+00
  -8051.28  6386.5625  1.10193e+00  1.16050e+00  1.10185e+00  0.00000e+00
  -8022.73  6387.1875  1.10477e+00  9.32298e-01  1.10453e+00  0.00000e+00
  -7994.17  6387.8125  1.18738e+00  1.38235e+00  1.18711e+00  0.00000e+00
  -7965.62  6388.4375  1.17077e+00  1.07724e+00  1.17048e+00  0.00000e+00
  -7937.07  6389.0625  1.18419e+00  1.14643e+00  1.18411e+00  0.00000e+00
  -7908.52  6389.6875  1.21190e+00  1.36118e+00  1.21203e+00  0.00000e+00
  -7879.97  6390.3125  1.14054e+00  1.01259e+00  1.14082e+00  0.00000e+00
  -7851.42  6390.9375  1.08691e+00  1.19758e+00  1.08726e+00  0.00000e+00
  -7822.87  6391.5625  1.02418e+00  9.13324e-01  1.02446e+00  0.00000e+00
  -7794.32  6392.1875  1.02222e+00  1.06395e+00  1.02232e+00  0.00000e+00
  -7765.77  6392.8125  1.04031e+00  1.01791e+00  1.04037e+00  0.00000e+00
  -7737.22  6393.4375  1.04928e+00  1.08198e+00  1.04939e+00  0.00000e+00
  -7708.66  6394.0625  1.05998e+00  9.97804e-01  1.06011e+00  0.00000e+00
  -7680.11  6394.6875  1.05624e+00  1.18762e+00  1.05627e+00  0.00000e+00
  -7651.56  6395.3125  9.45935e-01  8.98686e-01  9.45894e-01  0.00000e+00
  -7623.01  6395.9375  8.89379e-01  7.77967e-01  8.89216e-01  0.00000e+00
  -7594.46  6396.5625  1.01517e+00  9.96988e-01  1.01499e+00  0.00000e+00
  -7565.91  6397.1875  1.19167e+00  1.25478e+00  1.19153e+00  0.00000e+00
  -7537.36  6397.8125  1.22345e+00  1.35650e+00  1.22328e+00  0.00000e+00
  -7508.81  6398.4375  1.13381e+00  9.68285e-01  1.13375e+00  0.00000e+00
  -7480.26  6399.0625  1.07505e+00  1.25995e+00  1.07510e+00  0.00000e+00
  -7451.71  6399.6875  9.60464e-01  8.06168e-01  9.60684e-01  0.00000e+00
  -7423.15  6400.3125  9.68317e-01  9.32131e-01  9.68468e-01  0.00000e+00
  -7394.60  6400.9375  1.12196e+00  1.09788e+00  1.12193e+00  0.00000e+00
  -7366.05  6401.5625  1.25856e+00  1.38926e+00  1.25855e+00  0.00000e+00
  -7337.50  6402.1875  1.27131e+00  1.20143e+00  1.27150e+00  0.00000e+00
  -7308.95  6402.8125  1.18150e+00  1.38742e+00  1.18169e+00  0.00000e+00
  -7280.40  6403.4375  9.87243e-01  7.60285e-01  9.87291e-01  0.00000e+00
  -7251.85  6404.0625  8.88172e-01  1.04085e+00  8.88143e-01  0.00000e+00
  -7223.30  6404.6875  8.37847e-01  6.26661e-01  8.37810e-01  0.00000e+00
  -7194.75  6405.3125  8.78651e-01  1.06491e+00  8.78636e-01  0.00000e+00
  -7166.19  6405.9375  9.14911e-01  7.06210e-01  9.14885e-01  0.00000e+00
  -7137.64  6406.5625  1.02673e+00  1.18777e+00  1.02673e+00  0.00000e+00
  -7109.09  6407.1875  1.05393e+00  1.03748e+00  1.05401e+00  0.00000e+00
  -7080.54  6407.8125  1.01872e+00  1.00969e+00  1.01873e+00  0.00000e+00
  -7051.99  6408.4375  1.00669e+00  9.91038e-01  1.00683e+00  0.00000e+00
  -7023.44  6409.0625  9.86237e-01  1.05524e+00  9.86557e-01  0.00000e+00
  -6994.89  6409.6875  9.80750e-01  8.07164e-01  9.80953e-01  0.00000e+00
  -6966.34  6410.3125  1.03333e+00  1.26413e+00  1.03332e+00  0.00000e+00
  -6937.79  6410.9375  1.01921e+00  7.85470e-01  1.01907e+00  0.00000e+00
  -6909.24  6411.5625  1.11232e+00  1.22544e+00  1.11204e+00  0.00000e+00
  -6880.68  6412.1875  1.15463e+00  1.21089e+00  1.15439e+00  0.00000e+00
  -6852.13  6412.8125  1.07273e+00  1.05742e+00  1.07276e+00  0.00000e+00
  -6823.58  6413.4375  1.01043e+00  9.46129e-01  1.01061e+00  0.00000e+00
  -6795.03  6414.0625  1.01719e+00  1.06055e+00  1.01726e+00  0.00000e+00
  -6766.48  6414.6875  1.02860e+00  9.83423e-01  1.02852e+00  0.00000e+00
  -6737.93  6415.3125  1.00176e+00  1.13139e+00  1.00173e+00  0.00000e+00
  -6709.38  6415.9375  9.12975e-01  7.74547e-01  9.13026e-01  0.00000e+00
  -6680.83  6416.5625  9.47981e-01  9.16551e-01  9.48052e-01  0.00000e+00
  -6652.28  6417.1875  1.05062e+00  1.14104e+00  1.05069e+00  0.00000e+00
  -6623.73  6417.8125  1.07303e+00  1.04636e+00  1.07306e+00  0.00000e+00
  -6595.17  6418.4375  1.08083e+00  1.07068e+00  1.08101e+00  0.00000e+00
  -6566.62  6419.0625  1.07654e+00  1.14221e+00  1.07686e+00  0.00000e+00
  -6538.07  6419.6875  1.01914e+00  9.80155e-01  1.01932e+00  0.00000e+00
  -6509.52  6420.3125  1.03241e+00  9.28664e-01  1.03236e+00  0.00000e+00
  -6480.97  6420.9375  1.11895e+00  1.26348e+00  1.11877e+00  0.00000e+00
  -6452.42  6421.5625  1.10142e+00  1.06586e+00  1.10131e+00  0.00000e+00
  -6423.87  6422.1875  1.09120e+00  1.01046e+00  1.09106e+00  0.00000e+00
  -6395.32  6422.8125  1.12416e+00  1.26332e+00  1.12395e+00  0.00000e+00
  -6366.77  6423.4375  1.08220e+00  9.83677e-01  1.08197e+00  0.00000e+00
  -6338.21  6424.0625  1.09225e+00  1.08206e+00  1.09193e+00  0.00000e+00
  -6309.66  6424.6875  1.10912e+00  1.21751e+00  1.10878e+00  0.00000e+00
  -6281.11  6425.3125  1.06100e+00  9.43644e-01  1.06102e+00  0.00000e+00
  -6252.56  6425.9375  1.07968e+00  1.11835e+00  1.07991e+00  0.00000e+00
  -6224.01  6426.5625  1.09958e+00  1.12332e+00  1.09975e+00  0.00000e+00
  -6195.46  6427.1875  1.05112e+00  1.07366e+00  1.05126e+00  0.00000e+00
  -6166.91  6427.8125  9.07266e-01  1.00103e+00  9.07173e-01  0.00000e+00
  -6138.36  6428.4375  7.50645e-01  5.31347e-01  7.50426e-01  0.00000e+00
  -6109.81  6429.0625  7.18729e-01  9.07017e-01  7.18573e-01  0.00000e+00
  -6081.26  6429.6875  6.44269e-01  5.19860e-01  6.44342e-01  0.00000e+00
  -6052.70  6430.3125  6.85564e-01  5.89318e-01  6.85755e-01  0.00000e+00
  -6024.15  6430.9375  8.84867e-01  9.45121e-01  8.84951e-01  0.00000e+00
  -5995.60  6431.5625  1.01259e+00  1.10108e+00  1.01249e+00  0.00000e+00
  -5967.05  6432.1875  9.91602e-01  9.92905e-01  9.91525e-01  0.00000e+00
  -5938.50  6432.8125  9.75804e-01  8.63811e-01  9.75868e-01  0.00000e+00
  -5909.95  6433.4375  1.01443e+00  1.16986e+00  1.01468e+00  0.00000e+00
  -5881.40  6434.0625  9.67127e-01  8.80525e-01  9.67364e-01  0.00000e+00
  -5852.85  6434.6875  9.64729e-01  9.33762e-01  9.64703e-01  0.00000e+00
  -5824.30  6435.3125  1.06231e+00  1.03527e+00  1.06208e+00  0.00000e+00
  -5795.75  6435.9375  1.12950e+00  1.28008e+00  1.12945e+00  0.00000e+00
  -5767.19  6436.5625  1.07119e+00  9.77266e-01  1.07161e+00  0.00000e+00
  -5738.64  6437.1875  1.06262e+00  1.03073e+00  1.06312e+00  0.00000e+00
  -5710.09  6437.8125  1.07321e+00  1.20337e+00  1.07348e+00  0.00000e+00
  -5681.54  6438.4375  1.00366e+00  8.90422e-01  1.00357e+00  0.00000e+00
  -5652.99  6439.0625  1.03515e+00  9.79552e-01  1.03487e+00  0.00000e+00
  -5624.44  6439.6875  1.10045e+00  1.27488e+00  1.10016e+00  0.00000e+00
  -5595.89  6440.3125  9.95412e-01  9.59213e-01  9.95197e-01  0.00000e+00
  -5567.34  6440.9375  8.92178e-01  7.99605e-01  8.92023e-01  0.00000e+00
  -5538.79  6441.5625  9.48402e-01  9.08084e-01  9.48421e-01  0.00000e+00
  -5510.24  6442.1875  1.03482e+00  1.17566e+00  1.03504e+00  0.00000e+00
  -5481.68  6442.8125  1.02901e+00  9.09990e-01  1.02930e+00  0.00000e+00
  -5453.13  6443.4375  1.03364e+00  1.14416e+00  1.03397e+00  0.00000e+00
  -5424.58  6444.0625  1.00853e+00  9.21579e-01  1.00869e+00  0.00000e+00
  -5396.03  6444.6875  9.95541e-01  1.06842e+00  9.95541e-01  0.00000e+00
  -5367.48  6445.3125  9.85337e-01  8.95046e-01  9.85316e-01  0.00000e+00
  -5338.93  6445.9375  9.92048e-01  1.09909e+00  9.92247e-01  0.00000e+00
  -5310.38  6446.5625  9.53274e-01  8.77631e-01  9.53582e-01  0.00000e+00
  -5281.83  6447.1875  9.38088e-01  9.62312e-01  9.38319e-01  0.00000e+00
  -5253.28  6447.8125  9.14829e-01  9.42733e-01  9.15057e-01  0.00000e+00
  -5224.72  6448.4375  8.32651e-01  8.55643e-01  8.32886e-01  0.00000e+00
  -5196.17  6449.0625  7.77305e-01  6.49205e-01  7.77457e-01  0.00000e+00
  -5167.62  6449.6875  8.36362e-01  9.06439e-01  8.36308e-01  3.68868e-09
  -5139.07  6450.3125  8.92630e-01  8.70328e-01  8.92452e-01  3.54310e-07
  -5110.52  6450.9375  9.41642e-01  9.38019e-01  9.41599e-01  9.23557e-06
  -5081.97  6451.5625  9.81103e-01  1.01660e+00  9.81271e-01  6.53299e-05
  -5053.42  6452.1875  9.15133e-01  1.02373e+00  9.15210e-01  1.25409e-04
  -5024.87  6452.8125  7.81510e-01  6.25199e-01  7.81522e-01  6.53358e-05
  -4996.32  6453.4375  8.44470e-01  7.39917e-01  8.44570e-01  9.79943e-06
  -4967.77  6454.0625  9.91389e-01  1.24271e+00  9.91559e-01  1.50520e-05
  -4939.21  6454.6875  9.64318e-01  8.04237e-01  9.64328e-01  1.03971e-04
  -4910.66  6455.3125  9.19937e-01  1.05443e+00  9.19728e-01  1.99580e-04
  -4882.11  6455.9375  7.94032e-01  7.84037e-01  7.93913e-01  1.04022e-04
  -4853.56  6456.5625  6.66530e-01  5.67674e-01  6.66614e-01  1.50852e-05
  -4825.01  6457.1875  6.88357e-01  6.60614e-01  6.88492e-01  1.30775e-06
  -4796.46  6457.8125  7.89568e-01  8.17449e-01  7.89625e-01  3.93390e-07
  -4767.91  6458.4375  8.48039e-01  8.90240e-01  8.48183e-01  5.47829e-08
  -4739.36  6459.0625  8.40043e-01  8.32767e-01  8.40183e-01  2.10167e-09
  -4710.81  6459.6875  8.50048e-01  7.94676e-01  8.50102e-01  6.33110e-09
  -4682.26  6460.3125  9.47932e-01  9.21128e-01  9.47888e-01  6.14920e-07
  -4653.70  6460.9375  1.01649e+00  1.18195e+00  1.01633e+00  1.66515e-05
  -4625.15  6461.5625  9.20067e-01  8.66274e-01  9.19752e-01  1.34030e-04
  -4596.60  6462.1875  8.83510e-01  7.31056e-01  8.83108e-01  3.72981e-04
  -4568.05  6462.8125  9.86948e-01  1.13619e+00  9.86597e-01  4.37436e-04
  -4539.50  6463.4375  9.82202e-01  9.88485e-01  9.82060e-01  3.42043e-04
  -4510.95  6464.0625  8.91776e-01  8.80559e-01  8.91629e-01  4.06307e-04
  -4482.40  6464.6875  8.47170e-01  7.87171e-01  8.46920e-01  5.00290e-04
  -4453.85  6465.3125  9.37307e-01  8.47155e-01  9.36934e-01  5.82594e-04
  -4425.30  6465.9375  1.06155e+00  1.27078e+00  1.06141e+00  2.80997e-04
  -4396.74  6466.5625  1.03135e+00  9.14430e-01  1.03141e+00  3.96557e-05
  -4368.19  6467.1875  9.81586e-01  1.06598e+00  9.81531e-01  1.92993e-06
  -4339.64  6467.8125  8.85768e-01  8.86644e-01  8.85573e-01  3.17723e-06
  -4311.09  6468.4375  8.02119e-01  7.03799e-01  8.02068e-01  2.57475e-05
  -4282.54  6469.0625  8.59507e-01  8.38492e-01  8.59459e-01  1.65776e-04
  -4253.99  6469.6875  1.00646e+00  9.97088e-01  1.00606e+00  4.09299e-04
  -4225.44  6470.3125  1.11372e+00  1.23131e+00  1.11338e+00  4.12105e-04
  -4196.89  6470.9375  1.12687e+00  1.03043e+00  1.12681e+00  2.76655e-04
  -4168.34  6471.5625  1.15729e+00  1.21923e+00  1.15708e+00  2.72971e-04
  -4139.79  6472.1875  1.11518e+00  1.19470e+00  1.11488e+00  2.23044e-04
  -4111.23  6472.8125  1.00718e+00  8.87652e-01  1.00687e+00  2.73154e-04
  -4082.68  6473.4375  1.03176e+00  9.83662e-01  1.03141e+00  2.68826e-04
  -4054.13  6474.0625  1.08352e+00  1.26008e+00  1.08330e+00  1.09491e-04
  -4025.58  6474.6875  9.44995e-01  9.33842e-01  9.44934e-01  2.37581e-05
  -3997.03  6475.3125  8.16794e-01  6.49017e-01  8.16759e-01  8.46579e-05
  -3968.48  6475.9375  8.95547e-01  9.19182e-01  8.95427e-01  3.40817e-04
  -3939.93  6476.5625  9.78525e-01  1.09018e+00  9.78006e-01  7.87564e-04
  -3911.38  6477.1875  9.27904e-01  8.92198e-01  9.27233e-01  9.39958e-04
  -3882.83  6477.8125  8.99671e-01  8.21654e-01  8.99370e-01  4.51391e-04
  -3854.28  6478.4375  9.31672e-01  1.03982e+00  9.31416e-01  2.89705e-04
  -3825.72  6479.0625  9.28695e-01  8.24122e-01  9.28167e-01  4.51804e-04
  -3797.17  6479.6875  9.52492e-01  1.03641e+00  9.52151e-01  2.89591e-04
  -3768.62  6480.3125  9.54300e-01  9.08559e-01  9.53974e-01  4.48608e-04
  -3740.07  6480.9375  1.00290e+00  9.38793e-01  1.00219e+00  9.40752e-04
  -3711.52  6481.5625  1.06157e+00  1.23425e+00  1.06071e+00  9.48327e-04
  -3682.97  6482.1875  1.00859e+00  8.75554e-01  1.00802e+00  7.86759e-04
  -3654.42  6482.8125  9.82669e-01  1.06000e+00  9.82535e-01  5.44842e-04
  -3625.87  6483.4375  9.24575e-01  9.38790e-01  9.24315e-01  6.35928e-04
  -3597.32  6484.0625  8.82534e-01  7.47787e-01  8.81748e-01  1.02837e-03
  -3568.76  6484.6875  9.26190e-01  1.06390e+00  9.25262e-01  1.05891e-03
  -3540.21  6485.3125  8.95775e-01  8.58282e-01  8.95035e-01  8.77940e-04
  -3511.66  6485.9375  9.25011e-01  7.67954e-01  9.24107e-01  1.02521e-03
  -3483.11  6486.5625  1.06519e+00  1.26162e+00  1.06412e+00  1.22112e-03
  -3454.56  6487.1875  1.08557e+00  1.00984e+00  1.08444e+00  1.25675e-03
  -3426.01  6487.8125  1.08203e+00  1.09728e+00  1.08094e+00  1.19756e-03
  -3397.46  6488.4375  1.07450e+00  1.11641e+00  1.07275e+00  1.94869e-03
  -3368.91  6489.0625  1.04301e+00  9.73149e-01  1.04035e+00  3.04337e-03
  -3340.36  6489.6875  1.01103e+00  1.12883e+00  1.00866e+00  2.72396e-03
  -3311.81  6490.3125  9.37254e-01  8.15948e-01  9.35906e-01  1.67583e-03
  -3283.25  6490.9375  9.61031e-01  9.46465e-01  9.60572e-01  8.67364e-04
  -3254.70  6491.5625  1.00088e+00  1.12395e+00  1.00027e+00  1.06626e-03
  -3226.15  6492.1875  9.22054e-01  8.69325e-01  9.20799e-01  1.72845e-03
  -3197.60  6492.8125  8.60034e-01  8.32465e-01  8.58479e-01  1.87606e-03
  -3169.05  6493.4375  9.41036e-01  8.11685e-01  9.39862e-01  1.37835e-03
  -3140.50  6494.0625  1.18445e+00  1.21539e+00  1.18325e+00  1.39780e-03
  -3111.95  6494.6875  1.29036e+00  1.59131e+00  1.28812e+00  2.56339e-03
  -3083.40  6495.3125  1.11088e+00  8.92174e-01  1.10764e+00  3.82500e-03
  -3054.85  6495.9375  1.00778e+00  1.06004e+00  1.00446e+00  3.96718e-03
  -3026.30  6496.5625  9.63126e-01  9.57864e-01  9.60376e-01  3.40765e-03
  -2997.74  6497.1875  9.43908e-01  8.78679e-01  9.41320e-01  3.19962e-03
  -2969.19  6497.8125  1.04624e+00  9.76998e-01  1.04321e+00  3.70369e-03
  -2940.64  6498.4375  1.13339e+00  1.38567e+00  1.13014e+00  3.85378e-03
  -2912.09  6499.0625  1.03035e+00  8.59838e-01  1.02708e+00  3.80108e-03
  -2883.54  6499.6875  9.81984e-01  1.01583e+00  9.78668e-01  3.99535e-03
  -2854.99  6500.3125  9.64657e-01  1.00149e+00  9.60914e-01  4.55642e-03
  -2826.44  6500.9375  9.42662e-01  8.42119e-01  9.38270e-01  5.25461e-03
  -2797.89  6501.5625  1.00592e+00  1.05677e+00  1.00126e+00  5.38133e-03
  -2769.34  6502.1875  1.14499e+00  9.89390e-01  1.13954e+00  6.38845e-03
  -2740.78  6502.8125  1.26928e+00  1.59431e+00  1.26295e+00  7.84108e-03
  -2712.23  6503.4375  1.10449e+00  1.02527e+00  1.09779e+00  8.39653e-03
  -2683.68  6504.0625  9.27638e-01  8.02033e-01  9.20447e-01  8.79389e-03
  -2655.13  6504.6875  9.19631e-01  9.79487e-01  9.12499e-01  8.58924e-03
  -2626.58  6505.3125  9.21161e-01  9.08566e-01  9.14377e-01  8.14875e-03
  -2598.03  6505.9375  9.49188e-01  8.79175e-01  9.42313e-01  8.08658e-03
  -2569.48  6506.5625  1.06236e+00  1.07921e+00  1.05541e+00  7.99877e-03
  -2540.93  6507.1875  1.13592e+00  1.23969e+00  1.12844e+00  8.86637e-03
  -2512.38  6507.8125  1.11333e+00  1.02842e+00  1.10513e+00  9.74339e-03
  -2483.83  6508.4375  1.11232e+00  1.15368e+00  1.10370e+00  1.00397e-02
  -2455.27  6509.0625  1.05638e+00  1.14143e+00  1.04800e+00  9.69276e-03
  -2426.72  6509.6875  9.32164e-01  8.19730e-01  9.23292e-01  1.06887e-02
  -2398.17  6510.3125  8.89606e-01  9.15003e-01  8.79333e-01  1.28967e-02
  -2369.62  6510.9375  8.93957e-01  8.78037e-01  8.81378e-01  1.56171e-02
  -2341.07  6511.5625  9.90380e-01  8.38591e-01  9.76453e-01  1.69603e-02
  -2312.52  6512.1875  1.13099e+00  1.41714e+00  1.11802e+00  1.57672e-02
  -2283.97  6512.8125  1.09542e+00  9.00749e-01  1.08162e+00  1.68703e-02
  -2255.42  6513.4375  1.07248e+00  1.21327e+00  1.05521e+00  2.10336e-02
  -2226.87  6514.0625  1.08734e+00  8.83914e-01  1.06892e+00  2.24126e-02
  -2198.32  6514.6875  1.18022e+00  1.37201e+00  1.16256e+00  2.17727e-02
  -2169.76  6515.3125  1.15688e+00  1.11914e+00  1.13856e+00  2.26612e-02
  -2141.21  6515.9375  1.04989e+00  1.09343e+00  1.02904e+00  2.55812e-02
  -2112.66  6516.5625  9.45361e-01  8.78936e-01  9.22190e-01  2.82776e-02
  -2084.11  6517.1875  9.70157e-01  8.54765e-01  9.45594e-01  2.98505e-02
  -2055.56  6517.8125  1.09815e+00  1.24407e+00  1.07277e+00  3.08896e-02
  -2027.01  6518.4375  1.09226e+00  1.11751e+00  1.06522e+00  3.30844e-02
  -1998.46  6519.0625  1.03824e+00  9.18997e-01  1.00934e+00  3.53315e-02
  -1969.91  6519.6875  1.09138e+00  1.14517e+00  1.06089e+00  3.71013e-02
  -1941.36  6520.3125  1.15655e+00  1.13334e+00  1.12642e+00  3.67963e-02
  -1912.80  6520.9375  1.18812e+00  1.25042e+00  1.15776e+00  3.72116e-02
  -1884.25  6521.5625  1.17580e+00  1.12394e+00  1.14138e+00  4.21992e-02
  -1855.70  6522.1875  1.12765e+00  1.24855e+00  1.08829e+00  4.84084e-02
  -1827.15  6522.8125  1.04383e+00  8.83529e-01  1.00227e+00  5.11084e-02
  -1798.60  6523.4375  1.08480e+00  1.11394e+00  1.04140e+00  5.33413e-02
  -1770.05  6524.0625  1.17678e+00  1.17937e+00  1.12929e+00  5.85054e-02
  -1741.50  6524.6875  1.21502e+00  1.27429e+00  1.16434e+00  6.25853e-02
  -1712.95  6525.3125  1.14228e+00  1.19712e+00  1.08524e+00  7.04026e-02
  -1684.40  6525.9375  1.03952e+00  9.07783e-01  9.79217e-01  7.43376e-02
  -1655.85  6526.5625  1.06008e+00  1.08686e+00  9.98638e-01  7.58071e-02
  -1627.29  6527.1875  1.11133e+00  1.13738e+00  1.04551e+00  8.12487e-02
  -1598.74  6527.8125  1.17122e+00  1.06667e+00  1.09923e+00  8.87329e-02
  -1570.19  6528.4375  1.21433e+00  1.45376e+00  1.13670e+00  9.55437e-02
  -1541.64  6529.0625  1.10946e+00  9.27982e-01  1.02962e+00  9.84212e-02
  -1513.09  6529.6875  1.08409e+00  1.11927e+00  1.00090e+00  1.02658e-01
  -1484.54  6530.3125  1.12010e+00  1.10841e+00  1.03374e+00  1.06587e-01
  -1455.99  6530.9375  1.14406e+00  1.16829e+00  1.04857e+00  1.17866e-01
  -1427.44  6531.5625  1.17446e+00  1.11676e+00  1.06543e+00  1.34437e-01
  -1398.89  6532.1875  1.23162e+00  1.28881e+00  1.11251e+00  1.46694e-01
  -1370.34  6532.8125  1.22668e+00  1.26367e+00  1.09791e+00  1.58669e-01
  -1341.78  6533.4375  1.17501e+00  1.10836e+00  1.04038e+00  1.65800e-01
  -1313.23  6534.0625  1.11267e+00  1.25015e+00  9.73877e-01  1.70882e-01
  -1284.68  6534.6875  1.04446e+00  8.05161e-01  8.96442e-01  1.82359e-01
  -1256.13  6535.3125  1.09813e+00  1.30031e+00  9.36214e-01  1.99357e-01
  -1227.58  6535.9375  1.12779e+00  9.44723e-01  9.52397e-01  2.15976e-01
  -1199.03  6536.5625  1.18675e+00  1.35863e+00  1.00090e+00  2.28965e-01
  -1170.48  6537.1875  1.19779e+00  1.07336e+00  9.98600e-01  2.45507e-01
  -1141.93  6537.8125  1.30484e+00  1.25194e+00  1.09011e+00  2.64980e-01
  -1113.38  6538.4375  1.46815e+00  1.60402e+00  1.23558e+00  2.87203e-01
  -1084.83  6539.0625  1.46322e+00  1.50454e+00  1.21583e+00  3.05426e-01
  -1056.27  6539.6875  1.35417e+00  1.30143e+00  1.09317e+00  3.22074e-01
  -1027.72  6540.3125  1.29201e+00  1.28521e+00  1.01040e+00  3.47351e-01
   -999.17  6540.9375  1.30474e+00  1.24662e+00  1.00715e+00  3.66974e-01
   -970.62  6541.5625  1.38801e+00  1.40589e+00  1.07704e+00  3.83535e-01
   -942.07  6542.1875  1.44187e+00  1.50842e+00  1.11071e+00  4.08318e-01
   -913.52  6542.8125  1.39986e+00  1.40475e+00  1.04675e+00  4.35348e-01
   -884.97  6543.4375  1.38886e+00  1.24953e+00  1.01683e+00  4.58754e-01
   -856.42  6544.0625  1.44950e+00  1.63113e+00  1.05456e+00  4.87154e-01
   -827.87  6544.6875  1.37922e+00  1.34139e+00  9.60581e-01  5.16477e-01
   -799.31  6545.3125  1.32507e+00  1.20390e+00  8.79795e-01  5.49323e-01
   -770.76  6545.9375  1.40270e+00  1.47567e+00  9.20690e-01  5.94370e-01
   -742.21  6546.5625  1.42656e+00  1.48941e+00  9.15576e-01  6.29885e-01
   -713.66  6547.1875  1.44388e+00  1.24495e+00  9.03024e-01  6.66896e-01
   -685.11  6547.8125  1.62390e+00  1.72041e+00  1.05703e+00  6.99253e-01
   -656.56  6548.4375  1.72787e+00  1.83700e+00  1.13017e+00  7.37222e-01
   -628.01  6549.0625  1.64639e+00  1.63311e+00  1.01804e+00  7.74997e-01
   -599.46  6549.6875  1.58883e+00  1.46149e+00  9.28781e-01  8.14073e-01
   -570.91  6550.3125  1.67808e+00  1.72151e+00  9.78964e-01  8.62271e-01
   -542.36  6550.9375  1.75612e+00  1.80683e+00  1.02086e+00  9.06836e-01
   -513.80  6551.5625  1.73934e+00  1.74939e+00  9.70809e-01  9.47740e-01
   -485.25  6552.1875  1.70477e+00  1.66153e+00  9.12846e-01  9.76565e-01
   -456.70  6552.8125  1.74571e+00  1.69719e+00  9.25953e-01  1.01079e+00
   -428.15  6553.4375  1.81163e+00  1.92739e+00  9.64116e-01  1.04506e+00
   -399.60  6554.0625  1.82985e+00  1.69938e+00  9.69781e-01  1.06079e+00
   -371.05  6554.6875  1.89851e+00  1.99245e+00  1.01632e+00  1.08808e+00
   -342.50  6555.3125  1.98926e+00  1.89405e+00  1.03819e+00  1.17302e+00
   -313.95  6555.9375  2.49934e+00  1.98349e+00  1.12780e+00  1.69156e+00
   -285.40  6556.5625  4.18958e+00  3.35454e+00  1.38209e+00  3.46220e+00
   -256.85  6557.1875  6.02052e+00  8.16181e+00  1.48768e+00  5.58968e+00
   -228.29  6557.8125  5.70010e+00  5.40720e+00  1.08886e+00  5.68652e+00
   -199.74  6558.4375  4.68717e+00  4.42510e+00  7.03088e-01  4.91327e+00
   -171.19  6559.0625  4.66415e+00  3.74918e+00  5.57025e-01  5.06491e+00
   -142.64  6559.6875  5.61262e+00  6.30530e+00  5.70007e-01  6.21830e+00
   -114.09  6560.3125  6.14619e+00  6.23617e+00  5.91408e-01  6.85003e+00
    -85.54  6560.9375  6.18966e+00  6.14646e+00  7.22591e-01  6.74208e+00
    -56.99  6561.5625  6.12007e+00  6.27069e+00  9.09499e-01  6.42565e+00
    -28.44  6562.1875  5.85568e+00  5.87863e+00  1.02576e+00  5.95602e+00
      0.11  6562.8125  5.37608e+00  5.52938e+00  1.10740e+00  5.26396e+00
     28.67  6563.4375  4.65066e+00  4.69362e+00  1.07939e+00  4.40389e+00
     57.22  6564.0625  3.85130e+00  3.72906e+00  1.01480e+00  3.49738e+00
     85.77  6564.6875  3.23022e+00  3.15147e+00  1.06646e+00  2.66784e+00
    114.32  6565.3125  2.75954e+00  2.80848e+00  1.12041e+00  2.02130e+00
    142.87  6565.9375  2.32045e+00  2.25354e+00  1.01799e+00  1.60605e+00
    171.42  6566.5625  2.02680e+00  1.88811e+00  9.09619e-01  1.37749e+00
    199.97  6567.1875  1.95115e+00  1.96493e+00  9.28816e-01  1.26055e+00
    228.52  6567.8125  1.97825e+00  1.91428e+00  9.97952e-01  1.20867e+00
    257.07  6568.4375  2.01522e+00  2.13701e+00  1.05990e+00  1.17789e+00
    285.62  6569.0625  1.96985e+00  1.89784e+00  1.04221e+00  1.14392e+00
    314.18  6569.6875  1.92551e+00  1.96775e+00  1.02667e+00  1.10834e+00
    342.73  6570.3125  1.90793e+00  1.83609e+00  1.01240e+00  1.10404e+00
    371.28  6570.9375  1.95256e+00  1.96341e+00  1.06335e+00  1.09635e+00
    399.83  6571.5625  1.95668e+00  2.07539e+00  1.10031e+00  1.05596e+00
    428.38  6572.1875  1.86745e+00  1.74952e+00  1.04702e+00  1.01164e+00
    456.93  6572.8125  1.81960e+00  1.89079e+00  1.02633e+00  9.78105e-01
    485.48  6573.4375  1.74099e+00  1.74837e+00  9.72302e-01  9.47882e-01
    514.03  6574.0625  1.63481e+00  1.60149e+00  8.91208e-01  9.17102e-01
    542.58  6574.6875  1.58708e+00  1.55141e+00  8.76093e-01  8.76812e-01
    571.13  6575.3125  1.59479e+00  1.61486e+00  9.18740e-01  8.33521e-01
    599.69  6575.9375  1.60246e+00  1.60092e+00  9.45635e-01  8.09705e-01
    628.24  6576.5625  1.64233e+00  1.56217e+00  1.00626e+00  7.84076e-01
    656.79  6577.1875  1.66172e+00  1.88063e+00  1.05098e+00  7.52800e-01
    685.34  6577.8125  1.53477e+00  1.37500e+00  9.49442e-01  7.21390e-01
    713.89  6578.4375  1.49588e+00  1.48840e+00  9.41023e-01  6.83665e-01
    742.44  6579.0625  1.55827e+00  1.55010e+00  1.02773e+00  6.53874e-01
    770.99  6579.6875  1.58222e+00  1.68335e+00  1.06975e+00  6.31911e-01
    799.54  6580.3125  1.50884e+00  1.45362e+00  1.01483e+00  6.09204e-01
    828.09  6580.9375  1.43930e+00  1.45638e+00  9.66869e-01  5.82645e-01
    856.65  6581.5625  1.40166e+00  1.35733e+00  9.51595e-01  5.55020e-01
    885.20  6582.1875  1.37411e+00  1.44464e+00  9.53296e-01  5.18773e-01
    913.75  6582.8125  1.31791e+00  1.25361e+00  9.24051e-01  4.85593e-01
    942.30  6583.4375  1.30939e+00  1.30249e+00  9.34496e-01  4.62196e-01
    970.85  6584.0625  1.32969e+00  1.35947e+00  9.76413e-01  4.35639e-01
    999.40  6584.6875  1.33201e+00  1.30374e+00  1.00086e+00  4.08492e-01
   1027.95  6585.3125  1.31864e+00  1.37599e+00  9.98201e-01  3.95164e-01
   1056.50  6585.9375  1.24159e+00  1.25282e+00  9.31002e-01  3.83053e-01
   1085.05  6586.5625  1.17704e+00  1.07241e+00  8.83622e-01  3.61897e-01
   1113.60  6587.1875  1.20652e+00  1.27043e+00  9.25945e-01  3.46149e-01
   1142.16  6587.8125  1.23781e+00  1.19029e+00  9.69748e-01  3.30938e-01
   1170.71  6588.4375  1.21321e+00  1.35863e+00  9.60118e-01  3.12666e-01
   1199.26  6589.0625  1.10279e+00  9.68438e-01  8.53750e-01  3.07449e-01
   1227.81  6589.6875  1.08695e+00  1.08200e+00  8.48505e-01  2.93868e-01
   1256.36  6590.3125  1.13497e+00  1.16949e+00  9.11509e-01  2.74949e-01
   1284.91  6590.9375  1.16877e+00  1.12638e+00  9.55745e-01  2.62207e-01
   1313.46  6591.5625  1.20376e+00  1.25669e+00  9.96605e-01  2.55189e-01
   1342.01  6592.1875  1.16078e+00  1.21979e+00  9.63189e-01  2.43377e-01
   1370.56  6592.8125  1.08125e+00  9.61180e-01  8.96560e-01  2.27586e-01
   1399.11  6593.4375  1.12329e+00  1.12382e+00  9.49561e-01  2.14341e-01
   1427.67  6594.0625  1.21261e+00  1.24450e+00  1.04350e+00  2.08693e-01
   1456.22  6594.6875  1.19970e+00  1.30937e+00  1.03317e+00  2.05569e-01
   1484.77  6595.3125  1.08373e+00  9.81523e-01  9.24801e-01  1.96101e-01
   1513.32  6595.9375  1.04912e+00  1.02451e+00  9.02928e-01  1.80263e-01
   1541.87  6596.5625  1.06224e+00  1.13596e+00  9.29328e-01  1.63972e-01
   1570.42  6597.1875  1.01788e+00  9.82571e-01  8.96258e-01  1.50164e-01
   1598.97  6597.8125  9.96058e-01  9.63770e-01  8.79657e-01  1.43629e-01
   1627.52  6598.4375  1.03479e+00  1.03634e+00  9.18896e-01  1.42813e-01
   1656.07  6599.0625  1.07634e+00  1.09956e+00  9.59545e-01  1.43868e-01
   1684.63  6599.6875  1.05717e+00  1.11060e+00  9.42338e-01  1.41587e-01
   1713.18  6600.3125  1.00085e+00  9.19531e-01  8.97022e-01  1.28166e-01
   1741.73  6600.9375  1.00127e+00  1.03182e+00  9.05566e-01  1.18005e-01
   1770.28  6601.5625  1.00882e+00  1.01028e+00  9.17293e-01  1.12818e-01
   1798.83  6602.1875  1.02471e+00  9.85130e-01  9.33706e-01  1.12190e-01
   1827.38  6602.8125  1.12309e+00  1.06540e+00  1.03428e+00  1.09454e-01
   1855.93  6603.4375  1.25993e+00  1.36252e+00  1.17514e+00  1.04432e-01
   1884.48  6604.0625  1.27602e+00  1.29957e+00  1.19506e+00  9.97916e-02
   1913.03  6604.6875  1.11809e+00  1.27257e+00  1.04275e+00  9.28637e-02
   1941.58  6605.3125  9.45932e-01  5.93578e-01  8.73798e-01  8.88794e-02
   1970.14  6605.9375  1.06111e+00  1.19923e+00  9.93380e-01  8.33257e-02
   1998.69  6606.5625  1.11443e+00  1.26190e+00  1.05235e+00  7.61995e-02
   2027.24  6607.1875  9.64920e-01  8.60844e-01  9.04887e-01  7.37689e-02
   2055.79  6607.8125  9.06689e-01  8.22558e-01  8.50009e-01  6.99154e-02
   2084.34  6608.4375  9.48270e-01  1.06800e+00  8.95661e-01  6.48827e-02
   2112.89  6609.0625  9.14405e-01  8.67953e-01  8.63649e-01  6.25219e-02
   2141.44  6609.6875  8.98801e-01  8.53990e-01  8.51375e-01  5.84433e-02
   2169.99  6610.3125  9.50129e-01  9.76003e-01  9.04525e-01  5.62257e-02
   2198.54  6610.9375  9.76399e-01  1.01266e+00  9.30616e-01  5.63273e-02
   2227.09  6611.5625  9.84980e-01  9.09069e-01  9.40124e-01  5.50506e-02
   2255.65  6612.1875  1.05556e+00  1.08395e+00  1.01281e+00  5.23685e-02
   2284.20  6612.8125  1.14059e+00  1.12273e+00  1.09954e+00  5.02347e-02
   2312.75  6613.4375  1.17464e+00  1.27717e+00  1.13687e+00  4.63587e-02
   2341.30  6614.0625  1.11975e+00  1.05580e+00  1.08583e+00  4.19883e-02
   2369.85  6614.6875  1.07391e+00  1.09627e+00  1.04137e+00  4.02759e-02
   2398.40  6615.3125  1.01618e+00  1.04844e+00  9.85172e-01  3.81092e-02
   2426.95  6615.9375  9.47340e-01  8.78981e-01  9.17558e-01  3.64776e-02
   2455.50  6616.5625  9.79599e-01  9.27875e-01  9.51015e-01  3.50410e-02
   2484.05  6617.1875  1.09201e+00  1.13404e+00  1.06645e+00  3.14737e-02
   2512.61  6617.8125  1.11575e+00  1.22999e+00  1.09178e+00  2.96574e-02
   2541.16  6618.4375  1.02171e+00  9.25334e-01  9.96528e-01  3.12681e-02
   2569.71  6619.0625  9.83776e-01  9.82141e-01  9.59007e-01  3.07563e-02
   2598.26  6619.6875  9.64612e-01  1.03756e+00  9.41043e-01  2.93365e-02
   2626.81  6620.3125  9.53760e-01  7.79118e-01  9.30536e-01  2.88174e-02
   2655.36  6620.9375  1.04327e+00  1.18794e+00  1.02035e+00  2.82860e-02
   2683.91  6621.5625  1.04534e+00  1.05070e+00  1.02235e+00  2.83406e-02
   2712.46  6622.1875  1.04495e+00  8.92772e-01  1.02193e+00  2.83367e-02
   2741.01  6622.8125  1.13387e+00  1.30854e+00  1.11246e+00  2.62058e-02
   2769.56  6623.4375  1.09363e+00  1.07667e+00  1.07489e+00  2.29264e-02
   2798.12  6624.0625  9.97686e-01  9.60133e-01  9.81507e-01  1.97403e-02
   2826.67  6624.6875  9.67173e-01  9.57352e-01  9.52139e-01  1.82285e-02
   2855.22  6625.3125  1.04165e+00  9.10524e-01  1.02787e+00  1.67789e-02
   2883.77  6625.9375  1.10592e+00  1.43934e+00  1.09163e+00  1.76375e-02
   2912.32  6626.5625  9.87038e-01  6.83035e-01  9.70450e-01  2.04801e-02
   2940.87  6627.1875  1.02093e+00  1.10376e+00  1.00574e+00  1.87533e-02
   2969.42  6627.8125  1.04311e+00  1.17567e+00  1.03050e+00  1.56054e-02
   2997.97  6628.4375  9.57793e-01  7.77136e-01  9.45769e-01  1.46913e-02
   3026.52  6629.0625  1.01495e+00  1.03493e+00  1.00372e+00  1.37794e-02
   3055.07  6629.6875  1.10613e+00  1.18478e+00  1.09541e+00  1.32207e-02
   3083.63  6630.3125  1.12607e+00  1.05077e+00  1.11524e+00  1.31756e-02
   3112.18  6630.9375  1.09938e+00  1.27077e+00  1.08870e+00  1.29069e-02
   3140.73  6631.5625  9.93862e-01  8.18350e-01  9.83709e-01  1.22327e-02
   3169.28  6632.1875  1.02008e+00  1.01808e+00  1.01039e+00  1.16891e-02
   3197.83  6632.8125  1.10158e+00  1.17854e+00  1.09173e+00  1.20613e-02
   3226.38  6633.4375  1.07002e+00  1.10653e+00  1.06187e+00  1.00434e-02
   3254.93  6634.0625  1.02590e+00  8.86559e-01  1.01909e+00  8.46658e-03
   3283.48  6634.6875  1.11249e+00  1.15892e+00  1.10615e+00  7.97217e-03
   3312.03  6635.3125  1.17285e+00  1.25117e+00  1.16566e+00  8.97604e-03
   3340.58  6635.9375  1.10377e+00  1.10865e+00  1.09592e+00  9.53567e-03
   3369.14  6636.5625  1.01660e+00  9.58572e-01  1.00930e+00  8.76588e-03
   3397.69  6637.1875  1.04058e+00  9.69940e-01  1.03485e+00  6.97599e-03
   3426.24  6637.8125  1.11718e+00  1.24038e+00  1.11234e+00  5.82089e-03
   3454.79  6638.4375  1.05186e+00  1.10146e+00  1.04765e+00  5.04894e-03
   3483.34  6639.0625  9.85943e-01  7.50558e-01  9.81850e-01  4.96930e-03
   3511.89  6639.6875  1.10790e+00  1.25597e+00  1.10249e+00  6.51677e-03
   3540.44  6640.3125  1.13711e+00  1.20194e+00  1.13110e+00  7.19066e-03
   3568.99  6640.9375  1.05317e+00  9.64534e-01  1.04745e+00  6.98872e-03
   3597.54  6641.5625  1.06801e+00  1.02044e+00  1.06231e+00  7.13532e-03
   3626.10  6642.1875  1.12544e+00  1.24432e+00  1.12020e+00  6.37237e-03
   3654.65  6642.8125  1.04785e+00  1.06667e+00  1.04292e+00  5.80161e-03
   3683.20  6643.4375  9.38127e-01  8.35028e-01  9.34564e-01  4.25352e-03
   3711.75  6644.0625  9.59390e-01  9.34617e-01  9.56604e-01  3.59616e-03
   3740.30  6644.6875  9.68802e-01  1.15407e+00  9.65146e-01  4.87415e-03
   3768.85  6645.3125  8.47073e-01  6.84885e-01  8.43437e-01  4.82132e-03
   3797.40  6645.9375  8.17529e-01  8.37515e-01  8.14742e-01  3.56569e-03
   3825.95  6646.5625  8.43119e-01  8.57626e-01  8.40638e-01  2.98568e-03
   3854.50  6647.1875  8.20446e-01  8.65401e-01  8.18399e-01  2.59907e-03
   3883.05  6647.8125  8.18130e-01  6.68437e-01  8.15794e-01  3.02814e-03
   3911.61  6648.4375  9.68458e-01  9.95059e-01  9.65285e-01  3.91086e-03
   3940.16  6649.0625  1.10840e+00  1.21378e+00  1.10482e+00  4.43052e-03
   3968.71  6649.6875  1.09348e+00  1.10091e+00  1.09014e+00  4.15199e-03
   3997.26  6650.3125  1.03219e+00  9.84504e-01  1.02905e+00  3.93344e-03
   4025.81  6650.9375  1.02090e+00  1.02952e+00  1.01746e+00  4.35933e-03
   4054.36  6651.5625  1.01513e+00  1.03447e+00  1.01215e+00  3.79965e-03
   4082.91  6652.1875  9.77891e-01  9.81962e-01  9.75164e-01  3.27491e-03
   4111.46  6652.8125  9.33339e-01  9.17102e-01  9.31163e-01  2.55367e-03
   4140.01  6653.4375  9.16879e-01  9.02786e-01  9.14731e-01  2.55500e-03
   4168.56  6654.0625  9.44090e-01  9.17438e-01  9.41991e-01  2.62347e-03
   4197.12  6654.6875  1.00191e+00  1.02954e+00  1.00072e+00  1.47925e-03
   4225.67  6655.3125  1.07690e+00  1.00540e+00  1.07607e+00  8.86675e-04
   4254.22  6655.9375  1.12745e+00  1.30407e+00  1.12648e+00  1.05619e-03
   4282.77  6656.5625  1.04486e+00  9.45304e-01  1.04408e+00  1.17515e-03
   4311.32  6657.1875  9.85529e-01  9.92950e-01  9.84535e-01  1.58236e-03
   4339.87  6657.8125  9.72022e-01  9.75237e-01  9.70538e-01  1.85419e-03
   4368.42  6658.4375  1.00765e+00  9.14894e-01  1.00637e+00  1.49842e-03
   4396.97  6659.0625  1.12759e+00  1.18872e+00  1.12658e+00  1.28381e-03
   4425.52  6659.6875  1.21209e+00  1.22125e+00  1.21111e+00  1.21523e-03
   4454.08  6660.3125  1.18157e+00  1.30603e+00  1.18073e+00  1.02163e-03
   4482.63  6660.9375  1.09217e+00  8.92918e-01  1.09161e+00  6.64668e-04
   4511.18  6661.5625  1.09138e+00  1.26565e+00  1.09095e+00  4.12962e-04
   4539.73  6662.1875  1.04854e+00  9.25730e-01  1.04802e+00  4.11515e-04
   4568.28  6662.8125  1.04778e+00  1.08047e+00  1.04719e+00  5.84712e-04
   4596.83  6663.4375  1.02425e+00  1.10867e+00  1.02363e+00  7.84958e-04
   4625.38  6664.0625  9.44020e-01  8.28068e-01  9.42803e-01  1.27917e-03
   4653.93  6664.6875  9.77622e-01  9.52187e-01  9.76132e-01  1.49433e-03
   4682.48  6665.3125  1.04438e+00  1.15962e+00  1.04321e+00  1.27122e-03
   4711.03  6665.9375  1.00368e+00  9.59636e-01  1.00276e+00  1.07922e-03
   4739.59  6666.5625  9.57324e-01  9.48496e-01  9.56481e-01  8.99431e-04
   4768.14  6667.1875  9.41031e-01  9.51130e-01  9.40134e-01  8.10299e-04
   4796.69  6667.8125  9.49869e-01  9.01109e-01  9.49036e-01  6.95535e-04
   4825.24  6668.4375  1.04123e+00  9.92679e-01  1.04061e+00  5.39237e-04
   4853.79  6669.0625  1.12176e+00  1.30130e+00  1.12119e+00  5.56636e-04
   4882.34  6669.6875  1.06579e+00  9.44112e-01  1.06557e+00  3.45483e-04
   4910.89  6670.3125  1.03736e+00  1.08589e+00  1.03735e+00  2.55281e-04
   4939.44  6670.9375  1.04468e+00  9.86794e-01  1.04441e+00  4.31435e-04
   4967.99  6671.5625  1.05944e+00  1.13524e+00  1.05902e+00  4.49076e-04
   4996.54  6672.1875  1.03033e+00  9.90698e-01  1.03003e+00  3.18409e-04
   5025.10  6672.8125  1.01260e+00  1.01046e+00  1.01224e+00  3.97171e-04
   5053.65  6673.4375  1.03152e+00  1.00419e+00  1.03100e+00  4.84889e-04
   5082.20  6674.0625  1.02022e+00  1.14222e+00  1.01956e+00  6.82043e-04
   5110.75  6674.6875  9.40825e-01  8.06612e-01  9.40000e-01  8.92816e-04
   5139.30  6675.3125  9.13441e-01  1.00718e+00  9.12914e-01  5.07849e-04
   5167.85  6675.9375  8.90948e-01  8.03200e-01  8.90675e-01  1.27667e-04
   5196.40  6676.5625  9.25547e-01  9.41753e-01  9.25153e-01  5.91091e-05
   5224.95  6677.1875  1.01492e+00  9.62383e-01  1.01447e+00  1.59653e-04
   5253.50  6677.8125  1.07679e+00  1.23393e+00  1.07638e+00  3.74394e-04
   5282.06  6678.4375  1.03709e+00  9.04725e-01  1.03677e+00  4.62988e-04
   5310.61  6679.0625  1.02175e+00  1.12028e+00  1.02148e+00  4.37809e-04
   5339.16  6679.6875  9.73446e-01  9.37587e-01  9.73100e-01  4.40788e-04
   5367.71  6680.3125  9.53718e-01  8.97552e-01  9.53564e-01  2.66948e-04
   5396.26  6680.9375  1.04443e+00  1.00440e+00  1.04443e+00  8.26486e-05
   5424.81  6681.5625  1.10347e+00  1.31143e+00  1.10341e+00  2.94256e-05
   5453.36  6682.1875  1.01056e+00  8.41905e-01  1.01037e+00  1.07879e-04
   5481.91  6682.8125  9.70930e-01  1.05069e+00  9.70604e-01  2.05835e-04
   5510.46  6683.4375  9.49619e-01  9.01226e-01  9.49302e-01  1.10447e-04
   5539.01  6684.0625  9.53221e-01  9.52390e-01  9.52895e-01  3.82428e-05
   5567.57  6684.6875  1.01552e+00  9.55476e-01  1.01509e+00  1.39840e-04
   5596.12  6685.3125  1.06965e+00  1.22460e+00  1.06911e+00  2.61525e-04
   5624.67  6685.9375  1.01469e+00  9.11175e-01  1.01424e+00  1.64329e-04
   5653.22  6686.5625  9.81168e-01  1.02292e+00  9.80823e-01  1.82293e-04
   5681.77  6687.1875  9.62964e-01  9.41578e-01  9.62620e-01  2.88230e-04
   5710.32  6687.8125  9.57384e-01  9.46780e-01  9.57024e-01  1.55388e-04
   5738.87  6688.4375  9.64958e-01  9.86126e-01  9.64561e-01  8.74746e-05
   5767.42  6689.0625  9.61192e-01  9.45866e-01  9.60888e-01  1.29108e-04
   5795.97  6689.6875  9.64295e-01  9.60106e-01  9.64265e-01  6.68148e-05
   5824.52  6690.3125  9.30225e-01  1.02625e+00  9.30298e-01  9.44330e-06
   5853.08  6690.9375  8.89533e-01  6.86043e-01  8.89521e-01  3.77132e-07
   5881.63  6691.5625  9.74694e-01  1.12381e+00  9.74696e-01  1.09110e-07
   5910.18  6692.1875  1.02754e+00  9.45795e-01  1.02777e+00  2.02210e-07
   5938.73  6692.8125  1.04448e+00  1.14520e+00  1.04479e+00  1.14185e-07
   5967.28  6693.4375  9.69766e-01  9.74043e-01  9.69867e-01  8.73056e-07
   5995.83  6694.0625  8.55845e-01  8.18591e-01  8.55778e-01  2.29595e-05
   6024.38  6694.6875  8.25013e-01  7.61135e-01  8.24795e-01  1.77778e-04
   6052.93  6695.3125  9.05390e-01  8.93689e-01  9.04928e-01  4.50005e-04
   6081.48  6695.9375  9.78398e-01  1.08921e+00  9.77748e-01  4.43169e-04
   6110.04  6696.5625  9.84159e-01  8.59544e-01  9.83682e-01  1.71582e-04
   6138.59  6697.1875  1.00764e+00  1.13784e+00  1.00726e+00  2.33884e-05
   6167.14  6697.8125  8.95424e-01  9.62453e-01  8.95102e-01  4.05206e-06
   6195.69  6698.4375  7.40288e-01  5.36227e-01  7.40130e-01  3.18998e-06
   6224.24  6699.0625  7.75584e-01  8.43932e-01  7.75599e-01  1.68640e-05
   6252.79  6699.6875  9.09137e-01  7.83374e-01  9.09176e-01  1.13561e-04
   6281.34  6700.3125  1.02393e+00  1.28396e+00  1.02386e+00  2.17820e-04
   6309.89  6700.9375  9.75411e-01  7.93066e-01  9.75359e-01  1.13648e-04
   6338.44  6701.5625  9.99603e-01  1.02232e+00  9.99660e-01  1.73366e-05
   6366.99  6702.1875  1.03633e+00  1.13691e+00  1.03648e+00  3.10378e-06
   6395.55  6702.8125  9.74640e-01  9.08578e-01  9.74781e-01  1.30271e-06
   6424.10  6703.4375  9.84416e-01  9.00606e-01  9.84421e-01  1.83256e-07
   6452.65  6704.0625  1.04755e+00  1.20877e+00  1.04754e+00  7.03037e-09
   6481.20  6704.6875  1.00078e+00  9.20109e-01  1.00076e+00  7.31923e-11
   6509.75  6705.3125  1.02051e+00  9.27470e-01  1.02043e+00  0.00000e+00
   6538.30  6705.9375  1.15559e+00  1.23638e+00  1.15547e+00  0.00000e+00
   6566.85  6706.5625  1.18580e+00  1.28429e+00  1.18575e+00  5.60217e-10
   6595.40  6707.1875  1.10100e+00  9.97764e-01  1.10093e+00  5.38107e-08
   6623.95  6707.8125  1.09021e+00  1.09075e+00  1.09025e+00  1.40265e-06
   6652.50  6708.4375  1.11941e+00  1.14923e+00  1.11970e+00  9.92196e-06
   6681.06  6709.0625  1.09603e+00  1.12263e+00  1.09634e+00  1.90464e-05
   6709.61  6709.6875  1.02946e+00  1.01745e+00  1.02971e+00  9.92203e-06
   6738.16  6710.3125  1.01651e+00  9.19806e-01  1.01670e+00  1.40907e-06
   6766.71  6710.9375  1.07346e+00  1.18864e+00  1.07356e+00  2.21208e-07
   6795.26  6711.5625  1.10186e+00  9.83532e-01  1.10190e+00  1.18468e-06
   6823.81  6712.1875  1.12489e+00  1.29191e+00  1.12510e+00  2.27307e-06
   6852.36  6712.8125  1.06832e+00  9.33102e-01  1.06858e+00  1.18412e-06
   6880.91  6713.4375  9.88882e-01  1.17608e+00  9.88987e-01  1.67397e-07
   6909.46  6714.0625  8.68784e-01  6.44148e-01  8.68722e-01  6.42197e-09
   6938.02  6714.6875  8.80761e-01  9.82277e-01  8.80660e-01  6.68583e-11
   6966.57  6715.3125  9.31176e-01  8.54527e-01  9.31230e-01  0.00000e+00
   6995.12  6715.9375  9.80733e-01  1.06038e+00  9.80763e-01  0.00000e+00
   7023.67  6716.5625  9.49415e-01  9.78063e-01  9.49287e-01  0.00000e+00
   7052.22  6717.1875  8.42445e-01  8.33161e-01  8.42245e-01  0.00000e+00
   7080.77  6717.8125  7.77148e-01  6.96657e-01  7.77057e-01  0.00000e+00
   7109.32  6718.4375  8.35418e-01  8.17163e-01  8.35471e-01  0.00000e+00
   7137.87  6719.0625  9.67922e-01  9.65439e-01  9.67944e-01  0.00000e+00
   7166.42  6719.6875  1.09440e+00  1.12709e+00  1.09445e+00  0.00000e+00
   7194.97  6720.3125  1.13183e+00  1.21835e+00  1.13199e+00  0.00000e+00
   7223.53  6720.9375  1.12489e+00  9.70518e-01  1.12515e+00  0.00000e+00
   7252.08  6721.5625  1.21434e+00  1.30373e+00  1.21477e+00  0.00000e+00
   7280.63  6722.1875  1.23889e+00  1.29852e+00  1.23932e+00  0.00000e+00
   7309.18  6722.8125  1.13073e+00  1.13907e+00  1.13090e+00  0.00000e+00
   7337.73  6723.4375  1.00015e+00  9.60017e-01  1.00015e+00  0.00000e+00
   7366.28  6724.0625  9.78117e-01  8.69783e-01  9.78181e-01  0.00000e+00
   7394.83  6724.6875  1.04419e+00  1.17357e+00  1.04419e+00  0.00000e+00
   7423.38  6725.3125  9.74690e-01  1.03229e+00  9.74700e-01  0.00000e+00
   7451.93  6725.9375  8.47387e-01  6.91341e-01  8.47614e-01  0.00000e+00
   7480.48  6726.5625  8.76822e-01  8.94880e-01  8.77061e-01  0.00000e+00
   7509.04  6727.1875  9.57052e-01  9.91001e-01  9.57275e-01  0.00000e+00
   7537.59  6727.8125  1.01880e+00  9.56511e-01  1.01911e+00  0.00000e+00
   7566.14  6728.4375  1.06107e+00  1.20587e+00  1.06123e+00  0.00000e+00
   7594.69  6729.0625  1.05852e+00  8.63198e-01  1.05856e+00  0.00000e+00
   7623.24  6729.6875  1.11126e+00  1.31461e+00  1.11121e+00  0.00000e+00
   7651.79  6730.3125  1.06883e+00  9.60187e-01  1.06861e+00  0.00000e+00
   7680.34  6730.9375  9.96629e-01  1.09603e+00  9.96491e-01  0.00000e+00
   7708.89  6731.5625  8.94391e-01  8.22663e-01  8.94490e-01  0.00000e+00
   7737.44  6732.1875  8.36466e-01  8.28876e-01  8.36528e-01  0.00000e+00
   7765.99  6732.8125  8.31390e-01  8.25023e-01  8.31348e-01  0.00000e+00
   7794.55  6733.4375  8.26508e-01  8.56930e-01  8.26464e-01  0.00000e+00
   7823.10  6734.0625  8.37480e-01  7.48102e-01  8.37437e-01  0.00000e+00
   7851.65  6734.6875  9.21999e-01  9.70490e-01  9.21873e-01  0.00000e+00
   7880.20  6735.3125  1.02183e+00  9.71030e-01  1.02166e+00  0.00000e+00
   7908.75  6735.9375  1.09196e+00  1.21236e+00  1.09191e+00  0.00000e+00
   7937.30  6736.5625  1.06503e+00  1.00572e+00  1.06498e+00  0.00000e+00
   7965.85  6737.1875  1.02024e+00  1.06299e+00  1.02022e+00  0.00000e+00
   7994.40  6737.8125  9.55423e-01  9.47854e-01  9.55415e-01  0.00000e+00
   8022.95  6738.4375  8.95295e-01  8.71896e-01  8.95103e-01  0.00000e+00
   8051.51  6739.0625  9.37286e-01  8.18344e-01  9.36990e-01  0.00000e+00
   8080.06  6739.6875  1.07230e+00  1.20586e+00  1.07215e+00  0.00000e+00
   8108.61  6740.3125  1.11402e+00  1.09277e+00  1.11402e+00  0.00000e+00
   8137.16  6740.9375  1.09644e+00  1.11668e+00  1.09662e+00  0.00000e+00
   8165.71  6741.5625  1.08661e+00  1.03658e+00  1.08690e+00  0.00000e+00
   8194.26  6742.1875  1.06486e+00  1.18073e+00  1.06517e+00  0.00000e+00
   8222.81  6742.8125  9.78353e-01  8.83498e-01  9.78548e-01  0.00000e+00
   8251.36  6743.4375  9.89490e-01  9.15975e-01  9.89607e-01  0.00000e+00
   8279.91  6744.0625  1.06638e+00  1.21324e+00  1.06662e+00  0.00000e+00
   8308.46  6744.6875  1.04798e+00  9.58025e-01  1.04825e+00  0.00000e+00
   8337.02  6745.3125  1.02937e+00  1.08409e+00  1.02951e+00  0.00000e+00
   8365.57  6745.9375  9.90949e-01  9.89309e-01  9.90916e-01  0.00000e+00
   8394.12  6746.5625  9.72097e-01  8.93816e-01  9.71943e-01  0.00000e+00
   8422.67  6747.1875  1.04975e+00  1.05830e+00  1.04957e+00  0.00000e+00
   8451.22  6747.8125  1.13275e+00  1.18602e+00  1.13255e+00  0.00000e+00
   8479.77  6748.4375  1.16090e+00  1.12471e+00  1.16071e+00  0.00000e+00
   8508.32  6749.0625  1.15166e+00  1.24158e+00  1.15157e+00  0.00000e+00
   8536.87  6749.6875  1.07299e+00  1.02248e+00  1.07290e+00  0.00000e+00
   8565.42  6750.3125  1.00976e+00  1.01305e+00  1.00956e+00  0.00000e+00
   8593.97  6750.9375  1.02139e+00  9.28912e-01  1.02128e+00  0.00000e+00
   8622.53  6751.5625  1.07563e+00  1.21203e+00  1.07574e+00  0.00000e+00
   8651.08  6752.1875  1.04005e+00  9.78075e-01  1.04020e+00  0.00000e+00
   8679.63  6752.8125  9.87080e-01  1.02269e+00  9.87183e-01  0.00000e+00
   8708.18  6753.4375  9.42870e-01  9.04115e-01  9.43084e-01  0.00000e+00
   8736.73  6754.0625  9.29230e-01  9.34032e-01  9.29512e-01  0.00000e+00
   8765.28  6754.6875  9.46239e-01  9.18400e-01  9.46418e-01  0.00000e+00
   8793.83  6755.3125  9.64891e-01  1.02404e+00  9.64930e-01  0.00000e+00
   8822.38  6755.9375  9.56959e-01  8.97415e-01  9.56961e-01  0.00000e+00
   8850.93  6756.5625  9.89369e-01  9.98661e-01  9.89408e-01  0.00000e+00
   8879.49  6757.1875  1.06756e+00  1.02537e+00  1.06750e+00  0.00000e+00
   8908.04  6757.8125  1.16632e+00  1.21759e+00  1.16602e+00  0.00000e+00
   8936.59  6758.4375  1.19887e+00  1.23467e+00  1.19844e+00  0.00000e+00
   8965.14  6759.0625  1.13162e+00  1.16885e+00  1.13133e+00  0.00000e+00
   8993.69  6759.6875  1.00416e+00  9.88102e-01  1.00409e+00  0.00000e+00
   9022.24  6760.3125  9.27660e-01  8.34824e-01  9.27652e-01  0.00000e+00
   9050.79  6760.9375  9.31602e-01  1.02293e+00  9.31567e-01  0.00000e+00
   9079.34  6761.5625  9.28181e-01  8.29869e-01  9.28113e-01  0.00000e+00
   9107.89  6762.1875  9.66113e-01  1.02838e+00  9.66196e-01  0.00000e+00
   9136.44  6762.8125  9.92279e-01  9.73472e-01  9.92476e-01  0.00000e+00
   9165.00  6763.4375  1.06563e+00  9.66596e-01  1.06582e+00  0.00000e+00
   9193.55  6764.0625  1.21121e+00  1.32444e+00  1.21131e+00  0.00000e+00
   9222.10  6764.6875  1.24927e+00  1.27135e+00  1.24941e+00  0.00000e+00
   9250.65  6765.3125  1.13464e+00  1.23983e+00  1.13474e+00  0.00000e+00
   9279.20  6765.9375  9.77399e-01  7.86854e-01  9.77411e-01  0.00000e+00
   9307.75  6766.5625  9.94380e-01  1.01651e+00  9.94193e-01  0.00000e+00
   9336.30  6767.1875  1.05122e+00  1.12414e+00  1.05110e+00  0.00000e+00
   9364.85  6767.8125  1.02825e+00  9.86727e-01  1.02833e+00  0.00000e+00
   9393.40  6768.4375  1.01326e+00  1.02324e+00  1.01334e+00  0.00000e+00
   9421.95  6769.0625  1.06552e+00  9.57722e-01  1.06556e+00  0.00000e+00
   9450.51  6769.6875  1.12762e+00  1.35274e+00  1.12777e+00  0.00000e+00
   9479.06  6770.3125  1.08373e+00  8.67069e-01  1.08380e+00  0.00000e+00
   9507.61  6770.9375  1.15489e+00  1.21899e+00  1.15470e+00  0.00000e+00
   9536.16  6771.5625  1.22312e+00  1.29108e+00  1.22295e+00  0.00000e+00
   9564.71  6772.1875  1.17216e+00  1.17083e+00  1.17213e+00  0.00000e+00
   9593.26  6772.8125  1.11737e+00  1.05316e+00  1.11750e+00  0.00000e+00
   9621.81  6773.4375  1.12952e+00  1.15587e+00  1.12976e+00  0.00000e+00
   9650.36  6774.0625  1.11227e+00  1.16488e+00  1.11234e+00  0.00000e+00
   9678.91  6774.6875  9.95166e-01  1.02941e+00  9.95128e-01  0.00000e+00
   9707.47  6775.3125  8.98041e-01  7.37658e-01  8.98102e-01  0.00000e+00
   9736.02  6775.9375  1.00067e+00  9.75928e-01  1.00087e+00  0.00000e+00
   9764.57  6776.5625  1.10871e+00  1.31800e+00  1.10893e+00  0.00000e+00
   9793.12  6777.1875  1.01917e+00  9.20722e-01  1.01932e+00  0.00000e+00
   9821.67  6777.8125  9.63641e-01  9.11958e-01  9.63767e-01  0.00000e+00
   9850.22  6778.4375  9.91683e-01  1.05744e+00  9.91801e-01  0.00000e+00
   9878.77  6779.0625  9.98328e-01  9.48668e-01  9.98335e-01  0.00000e+00
   9907.32  6779.6875  1.04930e+00  1.01720e+00  1.04929e+00  0.00000e+00
   9935.87  6780.3125  1.11808e+00  1.20726e+00  1.11807e+00  0.00000e+00
   9964.42  6780.9375  1.10868e+00  1.07473e+00  1.10884e+00  0.00000e+00
   9992.98  6781.5625  1.08564e+00  1.10399e+00  1.08585e+00  0.00000e+00
  10021.53  6782.1875  1.13526e+00  9.88814e-01  1.13542e+00  0.00000e+00
  10050.08  6782.8125  1.20737e+00  1.48570e+00  1.20757e+00  0.00000e+00
  10078.63  6783.4375  1.10425e+00  9.26557e-01  1.10440e+00  0.00000e+00
  10107.18  6784.0625  1.08292e+00  1.07061e+00  1.08297e+00  0.00000e+00
  10135.73  6784.6875  1.18938e+00  1.16071e+00  1.18940e+00  0.00000e+00
  10164.28  6785.3125  1.26636e+00  1.40393e+00  1.26641e+00  0.00000e+00
  10192.83  6785.9375  1.20251e+00  1.15337e+00  1.20258e+00  0.00000e+00
  10221.38  6786.5625  1.05555e+00  1.17601e+00  1.05547e+00  0.00000e+00
  10249.93  6787.1875  9.03103e-01  6.88205e-01  9.03094e-01  0.00000e+00
  10278.49  6787.8125  9.54229e-01  9.70991e-01  9.54324e-01  0.00000e+00
  10307.04  6788.4375  1.07190e+00  1.13284e+00  1.07197e+00  0.00000e+00
  10335.59  6789.0625  1.09436e+00  1.11103e+00  1.09445e+00  0.00000e+00
  10364.14  6789.6875  1.04547e+00  1.06621e+00  1.04559e+00  0.00000e+00
  10392.69  6790.3125  9.91539e-01  9.38577e-01  9.91710e-01  0.00000e+00
  10421.24  6790.9375  1.03343e+00  9.63944e-01  1.03357e+00  0.00000e+00
  10449.79  6791.5625  1.12711e+00  1.24925e+00  1.12716e+00  0.00000e+00
  10478.34  6792.1875  1.13371e+00  1.08165e+00  1.13372e+00  0.00000e+00
  10506.89  6792.8125  1.13572e+00  1.13148e+00  1.13578e+00  0.00000e+00
  10535.45  6793.4375  1.08967e+00  1.22845e+00  1.08973e+00  0.00000e+00
  10564.00  6794.0625  9.16078e-01  8.26464e-01  9.16031e-01  0.00000e+00
  10592.55  6794.6875  7.72006e-01  7.93694e-01  7.71886e-01  0.00000e+00
  10621.10  6795.3125  7.75031e-01  5.59573e-01  7.75003e-01  0.00000e+00
  10649.65  6795.9375  9.63187e-01  1.11140e+00  9.63239e-01  0.00000e+00
  10678.20  6796.5625  1.03996e+00  1.11530e+00  1.03996e+00  0.00000e+00
  10706.75  6797.1875  9.79179e-01  9.04402e-01  9.79127e-01  0.00000e+00
  10735.30  6797.8125  9.77012e-01  9.60288e-01  9.76914e-01  0.00000e+00
  10763.85  6798.4375  1.02947e+00  1.04480e+00  1.02939e+00  0.00000e+00
  10792.40  6799.0625  1.04510e+00  1.09531e+00  1.04515e+00  0.00000e+00
  10820.96  6799.6875  1.01142e+00  9.67701e-01  1.01154e+00  0.00000e+00
  10849.51  6800.3125  1.00351e+00  1.00333e+00  1.00354e+00  0.00000e+00
  10878.06  6800.9375  9.92828e-01  1.04190e+00  9.92831e-01  0.00000e+00
  10906.61  6801.5625  9.50110e-01  8.95740e-01  9.50109e-01  0.00000e+00
  10935.16  6802.1875  9.30771e-01  9.64216e-01  9.30770e-01  0.00000e+00
  10963.71  6802.8125  9.19157e-01  8.86550e-01  9.19020e-01  0.00000e+00
  10992.26  6803.4375  9.50242e-01  9.18059e-01  9.49949e-01  0.00000e+00
  11020.81  6804.0625  1.01031e+00  1.06662e+00  1.01006e+00  0.00000e+00
  11049.36  6804.6875  1.04273e+00  9.95992e-01  1.04260e+00  0.00000e+00
  11077.91  6805.3125  1.07743e+00  1.12271e+00  1.07729e+00  0.00000e+00
  11106.47  6805.9375  1.08170e+00  1.07057e+00  1.08142e+00  0.00000e+00
  11135.02  6806.5625  1.02228e+00  1.11484e+00  1.02203e+00  0.00000e+00
  11163.57  6807.1875  9.18293e-01  8.02910e-01  9.18255e-01  0.00000e+00
  11192.12  6807.8125  9.67916e-01  8.65228e-01  9.67892e-01  0.00000e+00
  11220.67  6808.4375  1.09667e+00  1.30789e+00  1.09643e+00  0.00000e+00
  11249.22  6809.0625  1.06439e+00  9.70052e-01  1.06406e+00  0.00000e+00
  11277.77  6809.6875  9.88688e-01  1.06408e+00  9.88459e-01  0.00000e+00
  11306.32  6810.3125  8.97482e-01  8.44514e-01  8.97354e-01  0.00000e+00
  11334.87  6810.9375  8.79741e-01  8.00474e-01  8.79614e-01  0.00000e+00
  11363.43  6811.5625  9.38631e-01  1.03543e+00  9.38540e-01  0.00000e+00
  11391.98  6812.1875  9.24147e-01  9.17556e-01  9.24034e-01  0.00000e+00
  11420.53  6812.8125  8.88964e-01  8.39041e-01  8.88750e-01  0.00000e+00
  11449.08  6813.4375  8.69786e-01  9.64518e-01  8.69541e-01  0.00000e+00
  11477.63  6814.0625  8.60904e-01  6.79395e-01  8.60634e-01  0.00000e+00
  11506.18  6814.6875  9.60885e-01  1.08865e+00  9.60630e-01  0.00000e+00
  11534.73  6815.3125  1.00102e+00  9.97609e-01  1.00073e+00  0.00000e+00
  11563.28  6815.9375  1.00379e+00  9.53827e-01  1.00342e+00  0.00000e+00
  11591.83  6816.5625  1.05044e+00  1.07983e+00  1.05005e+00  0.00000e+00
  11620.38  6817.1875  1.04661e+00  1.11972e+00  1.04641e+00  0.00000e+00
  11648.94  6817.8125  9.70609e-01  8.99677e-01  9.70605e-01  0.00000e+00
  11677.49  6818.4375  9.24068e-01  9.60778e-01  9.24216e-01  0.00000e+00
  11706.04  6819.0625  9.15760e-01  8.39177e-01  9.15764e-01  0.00000e+00
  11734.59  6819.6875  9.78766e-01  9.89018e-01  9.78594e-01  0.00000e+00
  11763.14  6820.3125  9.95109e-01  1.13345e+00  9.94908e-01  0.00000e+00
  11791.69  6820.9375  9.30039e-01  7.51484e-01  9.29905e-01  0.00000e+00
  11820.24  6821.5625  9.88627e-01  1.03596e+00  9.88529e-01  0.00000e+00
  11848.79  6822.1875  1.05787e+00  1.10643e+00  1.05776e+00  0.00000e+00
  11877.34  6822.8125  1.03371e+00  1.04744e+00  1.03370e+00  0.00000e+00
  11905.89  6823.4375  1.00119e+00  9.29798e-01  1.00119e+00  0.00000e+00
  11934.45  6824.0625  1.02284e+00  1.07801e+00  1.02267e+00  0.00000e+00
  11963.00  6824.6875  1.05065e+00  9.87728e-01  1.05034e+00  0.00000e+00
  11991.55  6825.3125  1.10719e+00  1.14768e+00  1.10703e+00  0.00000e+00
  12020.10  6825.9375  1.14400e+00  1.13955e+00  1.14391e+00  0.00000e+00
  12048.65  6826.5625  1.08906e+00  1.22133e+00  1.08880e+00  0.00000e+00
  12077.20  6827.1875  9.51022e-01  7.97900e-01  9.50782e-01  0.00000e+00
  12105.75  6827.8125  9.24797e-01  9.45796e-01  9.24693e-01  0.00000e+00
  12134.30  6828.4375  9.58726e-01  9.56958e-01  9.58694e-01  0.00000e+00
  12162.85  6829.0625  9.65394e-01  1.00650e+00  9.65364e-01  0.00000e+00
  12191.40  6829.6875  9.70030e-01  8.82609e-01  9.69885e-01  0.00000e+00
  12219.96  6830.3125  1.05581e+00  1.06899e+00  1.05564e+00  0.00000e+00
  12248.51  6830.9375  1.12123e+00  1.20900e+00  1.12119e+00  0.00000e+00
  12277.06  6831.5625  1.05753e+00  1.08024e+00  1.05736e+00  0.00000e+00
  12305.61  6832.1875  1.02507e+00  8.24554e-01  1.02489e+00  0.00000e+00
  12334.16  6832.8125  1.12915e+00  1.32007e+00  1.12915e+00  0.00000e+00
  12362.71  6833.4375  1.12564e+00  1.08432e+00  1.12572e+00  0.00000e+00
  12391.26  6834.0625  1.08142e+00  1.05447e+00  1.08154e+00  0.00000e+00
  12419.81  6834.6875  1.04191e+00  1.12701e+00  1.04207e+00  0.00000e+00
  12448.36  6835.3125  9.45182e-01  8.83717e-01  9.45254e-01  0.00000e+00
  12476.92  6835.9375  9.01270e-01  8.68567e-01  9.01335e-01  0.00000e+00
  12505.47  6836.5625  9.57579e-01  9.12585e-01  9.57582e-01  0.00000e+00
  12534.02  6837.1875  1.00547e+00  1.16044e+00  1.00539e+00  0.00000e+00
  12562.57  6837.8125  9.40996e-01  8.31582e-01  9.40983e-01  0.00000e+00
  12591.12  6838.4375  9.32326e-01  9.31195e-01  9.32315e-01  0.00000e+00
  12619.67  6839.0625  1.01500e+00  9.65460e-01  1.01490e+00  0.00000e+00
  12648.22  6839.6875  1.13046e+00  1.18645e+00  1.13042e+00  0.00000e+00
  12676.77  6840.3125  1.13645e+00  1.24951e+00  1.13640e+00  0.00000e+00
  12705.32  6840.9375  1.03331e+00  9.09832e-01  1.03317e+00  0.00000e+00
  12733.87  6841.5625  1.00753e+00  1.03376e+00  1.00745e+00  0.00000e+00
  12762.43  6842.1875  1.00503e+00  1.03140e+00  1.00511e+00  0.00000e+00
  12790.98  6842.8125  1.00385e+00  9.20120e-01  1.00386e+00  0.00000e+00
  12819.53  6843.4375  1.05029e+00  1.12916e+00  1.05027e+00  0.00000e+00
  12848.08  6844.0625  1.05790e+00  1.03101e+00  1.05787e+00  0.00000e+00
  12876.63  6844.6875  1.06103e+00  1.05537e+00  1.06089e+00  0.00000e+00
  12905.18  6845.3125  1.09902e+00  1.06890e+00  1.09890e+00  0.00000e+00
  12933.73  6845.9375  1.11090e+00  1.23849e+00  1.11088e+00  0.00000e+00
  12962.28  6846.5625  1.07913e+00  8.89304e-01  1.07916e+00  0.00000e+00
  12990.83  6847.1875  1.10076e+00  1.30906e+00  1.10079e+00  0.00000e+00
  13019.38  6847.8125  1.01079e+00  9.20744e-01  1.01079e+00  0.00000e+00
  13047.94  6848.4375  9.37647e-01  9.11306e-01  9.37693e-01  0.00000e+00
  13076.49  6849.0625  9.54326e-01  9.39172e-01  9.54480e-01  0.00000e+00
  13105.04  6849.6875  9.77638e-01  1.03557e+00  9.77727e-01  0.00000e+00
  13133.59  6850.3125  9.71982e-01  9.06778e-01  9.72011e-01  0.00000e+00
  13162.14  6850.9375  9.98488e-01  1.03094e+00  9.98517e-01  0.00000e+00
  13190.69  6851.5625  1.00201e+00  1.02470e+00  1.00204e+00  0.00000e+00
  13219.24  6852.1875  9.02929e-01  1.00201e+00  9.02887e-01  0.00000e+00
  13247.79  6852.8125  7.63697e-01  5.92788e-01  7.63497e-01  0.00000e+00
  13276.34  6853.4375  8.42425e-01  7.49718e-01  8.42114e-01  0.00000e+00
  13304.90  6854.0625  1.03478e+00  1.21448e+00  1.03454e+00  0.00000e+00
  13333.45  6854.6875  1.03076e+00  1.07021e+00  1.03063e+00  0.00000e+00
  13362.00  6855.3125  9.62268e-01  8.00377e-01  9.62259e-01  0.00000e+00
  13390.55  6855.9375  1.01260e+00  1.12407e+00  1.01268e+00  0.00000e+00
  13419.10  6856.5625  1.01439e+00  1.00819e+00  1.01454e+00  0.00000e+00
  13447.65  6857.1875  9.54253e-01  9.73602e-01  9.54597e-01  0.00000e+00
  13476.20  6857.8125  9.36049e-01  8.20106e-01  9.36338e-01  0.00000e+00
  13504.75  6858.4375  1.01394e+00  1.09043e+00  1.01401e+00  0.00000e+00
  13533.30  6859.0625  1.03757e+00  1.07144e+00  1.03752e+00  0.00000e+00
  13561.85  6859.6875  9.52808e-01  9.89674e-01  9.52818e-01  0.00000e+00
  13590.41  6860.3125  8.40415e-01  7.73787e-01  8.40509e-01  0.00000e+00
  13618.96  6860.9375  8.59655e-01  7.38496e-01  8.59742e-01  0.00000e+00
  13647.51  6861.5625  9.47636e-01  1.17281e+00  9.47687e-01  0.00000e+00
  13676.06  6862.1875  8.94388e-01  7.58027e-01  8.94634e-01  0.00000e+00
  13704.61  6862.8125  8.95089e-01  8.78798e-01  8.95462e-01  0.00000e+00
  13733.16  6863.4375  9.12241e-01  1.05578e+00  9.12576e-01  0.00000e+00
  13761.71  6864.0625  8.70362e-01  6.71997e-01  8.70504e-01  0.00000e+00
  13790.26  6864.6875  9.51909e-01  1.03761e+00  9.51896e-01  0.00000e+00
  13818.81  6865.3125  9.95008e-01  1.06526e+00  9.95063e-01  0.00000e+00
  13847.36  6865.9375  9.43837e-01  8.63612e-01  9.43899e-01  0.00000e+00
  13875.92  6866.5625  8.85775e-01  1.00166e+00  8.85888e-01  0.00000e+00
  13904.47  6867.1875  7.72344e-01  6.93703e-01  7.72450e-01  0.00000e+00
  13933.02  6867.8125  7.88200e-01  6.35605e-01  7.88219e-01  0.00000e+00
  13961.57  6868.4375  1.02146e+00  1.05897e+00  1.02152e+00  0.00000e+00
  13990.12  6869.0625  1.16947e+00  1.39003e+00  1.16944e+00  0.00000e+00
  14018.67  6869.6875  1.06381e+00  9.65107e-01  1.06369e+00  0.00000e+00
  14047.22  6870.3125  9.35918e-01  9.67749e-01  9.35771e-01  0.00000e+00
  14075.77  6870.9375  8.35987e-01  8.10434e-01  8.35834e-01  0.00000e+00
  14104.32  6871.5625  7.92072e-01  7.29357e-01  7.91981e-01  0.00000e+00
  14132.88  6872.1875  8.36705e-01  8.52294e-01  8.36570e-01  0.00000e+00
  14161.43  6872.8125  8.92483e-01  8.98190e-01  8.92261e-01  0.00000e+00
  14189.98  6873.4375  8.81209e-01  9.77419e-01  8.81102e-01  0.00000e+00
  14218.53  6874.0625  8.47558e-01  6.57968e-01  8.47739e-01  0.00000e+00
  14247.08  6874.6875  9.19753e-01  1.06828e+00  9.20037e-01  0.00000e+00
  14275.63  6875.3125  9.29676e-01  8.88353e-01  9.29740e-01  0.00000e+00
  14304.18  6875.9375  8.98077e-01  9.23872e-01  8.97909e-01  0.00000e+00
  14332.73  6876.5625  9.03721e-01  8.18078e-01  9.03729e-01  0.00000e+00
  14361.28  6877.1875  9.98275e-01  1.01088e+00  9.98417e-01  0.00000e+00
  14389.83  6877.8125  1.05807e+00  1.17369e+00  1.05811e+00  0.00000e+00
  14418.39  6878.4375  9.84322e-01  9.44168e-01  9.84351e-01  0.00000e+00
  14446.94  6879.0625  9.16982e-01  8.77867e-01  9.16989e-01  0.00000e+00
  14475.49  6879.6875  9.16612e-01  9.24510e-01  9.16459e-01  0.00000e+00
  14504.04  6880.3125  9.09825e-01  9.44855e-01  9.09685e-01  0.00000e+00
  14532.59  6880.9375  8.59010e-01  8.51767e-01  8.59028e-01  0.00000e+00
  14561.14  6881.5625  8.31629e-01  7.71980e-01  8.31898e-01  0.00000e+00
  14589.69  6882.1875  8.71320e-01  8.97375e-01  8.71632e-01  0.00000e+00
  14618.24  6882.8125  9.11424e-01  9.13127e-01  9.11582e-01  0.00000e+00
  14646.79  6883.4375  9.25777e-01  9.38452e-01  9.25912e-01  0.00000e+00
  14675.34  6884.0625  8.90773e-01  9.44399e-01  8.91068e-01  0.00000e+00
  14703.90  6884.6875  8.17392e-01  7.50835e-01  8.17614e-01  0.00000e+00
  14732.45  6885.3125  8.10573e-01  7.93879e-01  8.10532e-01  0.00000e+00
  14761.00  6885.9375  8.69547e-01  8.57867e-01  8.69325e-01  0.00000e+00
  14789.55  6886.5625  9.16593e-01  9.84318e-01  9.16307e-01  0.00000e+00
  14818.10  6887.1875  9.10015e-01  8.66695e-01  9.09695e-01  0.00000e+00
  14846.65  6887.8125  9.68111e-01  8.82924e-01  9.67824e-01  0.00000e+00
  14875.20  6888.4375  1.08284e+00  1.21379e+00  1.08249e+00  0.00000e+00
  14903.75  6889.0625  1.06018e+00  1.09789e+00  1.05975e+00  0.00000e+00
  14932.30  6889.6875  1.02220e+00  8.22866e-01  1.02191e+00  0.00000e+00
  14960.86  6890.3125  1.06554e+00  1.33491e+00  1.06558e+00  0.00000e+00
  14989.41  6890.9375  9.77868e-01  7.96360e-01  9.78006e-01  0.00000e+00
  15017.96  6891.5625  9.36960e-01  9.94702e-01  9.37093e-01  0.00000e+00
  15046.51  6892.1875  8.65672e-01  9.63883e-01  8.65628e-01  0.00000e+00
  15075.06  6892.8125  7.28663e-01  5.69817e-01  7.28576e-01  0.00000e+00
  15103.61  6893.4375  7.06653e-01  7.72366e-01  7.06636e-01  0.00000e+00
  15132.16  6894.0625  7.70844e-01  6.32015e-01  7.70775e-01  0.00000e+00
  15160.71  6894.6875  9.15893e-01  1.03091e+00  9.15817e-01  0.00000e+00
  15189.26  6895.3125  9.87128e-01  9.90742e-01  9.87110e-01  0.00000e+00
  15217.81  6895.9375  9.90598e-01  9.86294e-01  9.90662e-01  0.00000e+00
  15246.37  6896.5625  9.89163e-01  9.98761e-01  9.89251e-01  0.00000e+00
  15274.92  6897.1875  1.00008e+00  9.60400e-01  1.00015e+00  0.00000e+00
  15303.47  6897.8125  1.02936e+00  1.07906e+00  1.02937e+00  0.00000e+00
  15332.02  6898.4375  1.03680e+00  1.00073e+00  1.03686e+00  0.00000e+00
  15360.57  6899.0625  1.03357e+00  1.07704e+00  1.03364e+00  0.00000e+00
  15389.12  6899.6875  9.37337e-01  1.03732e+00  9.37303e-01  0.00000e+00
  15417.67  6900.3125  7.85575e-01  6.15482e-01  7.85501e-01  0.00000e+00
  15446.22  6900.9375  8.00383e-01  8.01231e-01  8.00386e-01  0.00000e+00
  15474.77  6901.5625  9.43857e-01  8.86811e-01  9.43977e-01  0.00000e+00
  15503.32  6902.1875  1.07656e+00  1.22862e+00  1.07668e+00  0.00000e+00
  15531.88  6902.8125  1.04458e+00  1.03851e+00  1.04455e+00  0.00000e+00
  15560.43  6903.4375  9.42158e-01  9.25034e-01  9.42208e-01  0.00000e+00
  15588.98  6904.0625  8.88609e-01  8.43453e-01  8.88679e-01  0.00000e+00
  15617.53  6904.6875  9.09063e-01  9.07013e-01  9.09003e-01  0.00000e+00
  15646.08  6905.3125  9.78596e-01  9.40671e-01  9.78469e-01  0.00000e+00
  15674.63  6905.9375  1.02366e+00  1.15795e+00  1.02364e+00  0.00000e+00
  15703.18  6906.5625  9.75481e-01  8.66425e-01  9.75468e-01  0.00000e+00
  15731.73  6907.1875  9.42333e-01  1.03147e+00  9.42353e-01  0.00000e+00
  15760.28  6907.8125  9.20581e-01  8.05448e-01  9.20591e-01  0.00000e+00
  15788.84  6908.4375  9.71577e-01  1.01695e+00  9.71504e-01  0.00000e+00
  15817.39  6909.0625  9.78839e-01  1.06778e+00  9.78769e-01  0.00000e+00
  15845.94  6909.6875  9.20559e-01  7.93937e-01  9.20639e-01  0.00000e+00
  15874.49  6910.3125  9.72979e-01  9.75917e-01  9.73090e-01  0.00000e+00
  15903.04  6910.9375  1.07198e+00  1.10533e+00  1.07209e+00  0.00000e+00
  15931.59  6911.5625  1.07680e+00  1.17055e+00  1.07695e+00  0.00000e+00
  15960.14  6912.1875  1.01614e+00  8.77362e-01  1.01611e+00  0.00000e+00
  15988.69  6912.8125  1.01289e+00  1.13098e+00  1.01273e+00  0.00000e+00
  16017.24  6913.4375  9.60190e-01  9.11512e-01  9.60124e-01  0.00000e+00
  16045.79  6914.0625  8.72857e-01  9.38251e-01  8.72755e-01  0.00000e+00
  16074.35  6914.6875  8.45899e-01  6.36970e-01  8.45841e-01  0.00000e+00
  16102.90  6915.3125  9.79512e-01  1.11539e+00  9.79483e-01  0.00000e+00
  16131.45  6915.9375  1.08637e+00  1.03212e+00  1.08616e+00  0.00000e+00
  16160.00  6916.5625  1.13983e+00  1.22471e+00  1.13950e+00  0.00000e+00
  16188.55  6917.1875  1.13116e+00  1.09277e+00  1.13095e+00  0.00000e+00
  16217.10  6917.8125  1.11522e+00  1.12614e+00  1.11506e+00  0.00000e+00
  16245.65  6918.4375  1.07291e+00  1.13655e+00  1.07273e+00  0.00000e+00
  16274.20  6919.0625  1.04719e+00  8.61330e-01  1.04704e+00  0.00000e+00
  16302.75  6919.6875  1.12221e+00  1.30459e+00  1.12210e+00  0.00000e+00
  16331.30  6920.3125  1.10716e+00  1.03572e+00  1.10723e+00  0.00000e+00
  16359.86  6920.9375  1.06704e+00  1.09145e+00  1.06714e+00  0.00000e+00
  16388.41  6921.5625  1.01928e+00  1.04511e+00  1.01925e+00  0.00000e+00
  16416.96  6922.1875  9.79607e-01  8.80573e-01  9.79541e-01  0.00000e+00
  16445.51  6922.8125  9.67637e-01  1.12287e+00  9.67545e-01  0.00000e+00
  16474.06  6923.4375  9.26131e-01  7.30346e-01  9.26056e-01  0.00000e+00
  16502.61  6924.0625  1.03350e+00  1.05962e+00  1.03343e+00  0.00000e+00
  16531.16  6924.6875  1.11625e+00  1.28928e+00  1.11611e+00  0.00000e+00
  16559.71  6925.3125  9.97968e-01  9.38880e-01  9.98018e-01  0.00000e+00
  16588.26  6925.9375  9.17695e-01  8.12601e-01  9.17872e-01  0.00000e+00
  16616.81  6926.5625  1.02417e+00  9.86791e-01  1.02426e+00  0.00000e+00
  16645.37  6927.1875  1.13458e+00  1.32791e+00  1.13466e+00  0.00000e+00
  16673.92  6927.8125  1.09994e+00  9.47508e-01  1.09997e+00  0.00000e+00
  16702.47  6928.4375  1.06548e+00  1.21903e+00  1.06547e+00  0.00000e+00
  16731.02  6929.0625  1.01535e+00  8.35800e-01  1.01545e+00  0.00000e+00
  16759.57  6929.6875  1.01510e+00  1.18859e+00  1.01532e+00  0.00000e+00
  16788.12  6930.3125  9.45557e-01  8.46350e-01  9.45791e-01  0.00000e+00
  16816.67  6930.9375  8.93077e-01  9.28634e-01  8.93447e-01  0.00000e+00
  16845.22  6931.5625  9.35753e-01  7.81623e-01  9.36145e-01  0.00000e+00
  16873.77  6932.1875  1.07537e+00  1.22860e+00  1.07548e+00  0.00000e+00
  16902.33  6932.8125  1.13442e+00  1.07606e+00  1.13431e+00  0.00000e+00
  16930.88  6933.4375  1.12856e+00  1.22759e+00  1.12846e+00  0.00000e+00
  16959.43  6934.0625  1.10978e+00  9.56569e-01  1.10972e+00  0.00000e+00
  16987.98  6934.6875  1.17051e+00  1.28465e+00  1.17039e+00  0.00000e+00
  17016.53  6935.3125  1.20520e+00  1.14298e+00  1.20519e+00  0.00000e+00
  17045.08  6935.9375  1.23092e+00  1.27086e+00  1.23104e+00  0.00000e+00
  17073.63  6936.5625  1.17906e+00  1.28287e+00  1.17924e+00  0.00000e+00
  17102.18  6937.1875  1.05398e+00  9.05054e-01  1.05413e+00  0.00000e+00
  17130.73  6937.8125  1.01763e+00  1.10160e+00  1.01768e+00  0.00000e+00
  17159.28  6938.4375  1.04671e+00  8.90981e-01  1.04670e+00  0.00000e+00
  17187.84  6939.0625  1.15737e+00  1.28738e+00  1.15753e+00  0.00000e+00
  17216.39  6939.6875  1.16017e+00  1.20405e+00  1.16049e+00  0.00000e+00
  17244.94  6940.3125  1.05280e+00  1.02041e+00  1.05312e+00  0.00000e+00
  17273.49  6940.9375  9.98899e-01  9.27904e-01  9.99037e-01  0.00000e+00
  17302.04  6941.5625  1.02566e+00  1.07873e+00  1.02567e+00  0.00000e+00
  17330.59  6942.1875  1.02007e+00  1.03164e+00  1.02013e+00  0.00000e+00
  17359.14  6942.8125  9.88818e-01  9.52482e-01  9.88688e-01  0.00000e+00
  17387.69  6943.4375  9.61624e-01  1.02560e+00  9.61314e-01  0.00000e+00
  17416.24  6944.0625  9.26101e-01  8.30668e-01  9.25972e-01  0.00000e+00
  17444.79  6944.6875  9.33303e-01  1.01275e+00  9.33395e-01  0.00000e+00
  17473.35  6945.3125  9.19716e-01  8.76473e-01  9.19772e-01  0.00000e+00
  17501.90  6945.9375  9.67598e-01  8.78247e-01  9.67637e-01  0.00000e+00
  17530.45  6946.5625  1.05791e+00  1.22547e+00  1.05802e+00  0.00000e+00
  17559.00  6947.1875  1.00946e+00  9.63874e-01  1.00955e+00  0.00000e+00
  17587.55  6947.8125  9.47841e-01  9.04913e-01  9.47871e-01  0.00000e+00
  17616.10  6948.4375  9.41544e-01  9.79782e-01  9.41654e-01  0.00000e+00
  17644.65  6949.0625  8.99099e-01  9.22677e-01  8.99136e-01  0.00000e+00
  17673.20  6949.6875  8.31038e-01  7.87594e-01  8.30869e-01  0.00000e+00
