# day050  epoch=50.0d  L_Halpha=1.051e+41 erg/s  smooth_kms=25.0
# Columns:
#   1: Δv [km/s]      velocity offset from Hα (6562.81 Å), positive = redshift
#   2: lambda [Å]     observed wavelength
#   3: F_norm         total flux, smoothed, normalized to F_cont_baseline
#   4: F_norm_raw     total flux, RAW MC (no velocity smoothing)
#   5: F_cont_smooth  continuum-channel flux (continuum photons only)
#   6: F_vol_smooth   volumetric-channel flux (line emission contribution)
# Format: F_norm ≈ F_cont_smooth + F_vol_smooth (within MC noise)
# ----------------------------------------------------------------------------------------
 -16559.48  6200.3125  2.07232e-01  2.09871e-01  2.07232e-01  0.00000e+00
 -16530.93  6200.9375  1.95207e-01  2.07290e-01  1.95207e-01  0.00000e+00
 -16502.38  6201.5625  1.81858e-01  1.54636e-01  1.81858e-01  0.00000e+00
 -16473.83  6202.1875  1.94579e-01  1.98044e-01  1.94579e-01  0.00000e+00
 -16445.28  6202.8125  2.05548e-01  2.28093e-01  2.05548e-01  0.00000e+00
 -16416.73  6203.4375  1.93700e-01  1.80130e-01  1.93700e-01  0.00000e+00
 -16388.18  6204.0625  1.89513e-01  1.83057e-01  1.89513e-01  0.00000e+00
 -16359.63  6204.6875  1.91768e-01  2.07791e-01  1.91768e-01  0.00000e+00
 -16331.08  6205.3125  1.78781e-01  1.76805e-01  1.78781e-01  0.00000e+00
 -16302.53  6205.9375  1.68131e-01  1.52179e-01  1.68131e-01  0.00000e+00
 -16273.97  6206.5625  1.71548e-01  1.84715e-01  1.71548e-01  0.00000e+00
 -16245.42  6207.1875  1.70702e-01  1.66169e-01  1.70702e-01  0.00000e+00
 -16216.87  6207.8125  1.80101e-01  1.58646e-01  1.80101e-01  0.00000e+00
 -16188.32  6208.4375  1.96781e-01  2.36919e-01  1.96781e-01  0.00000e+00
 -16159.77  6209.0625  1.86666e-01  1.64521e-01  1.86666e-01  0.00000e+00
 -16131.22  6209.6875  1.83546e-01  1.80453e-01  1.83546e-01  0.00000e+00
 -16102.67  6210.3125  1.83875e-01  2.06122e-01  1.83875e-01  0.00000e+00
 -16074.12  6210.9375  1.69141e-01  1.48277e-01  1.69141e-01  0.00000e+00
 -16045.57  6211.5625  1.57644e-01  1.77598e-01  1.57644e-01  0.00000e+00
 -16017.01  6212.1875  1.48202e-01  1.19789e-01  1.48202e-01  0.00000e+00
 -15988.46  6212.8125  1.55764e-01  1.71235e-01  1.55764e-01  0.00000e+00
 -15959.91  6213.4375  1.56868e-01  1.61116e-01  1.56868e-01  0.00000e+00
 -15931.36  6214.0625  1.48929e-01  1.41185e-01  1.48929e-01  0.00000e+00
 -15902.81  6214.6875  1.54525e-01  1.43867e-01  1.54525e-01  0.00000e+00
 -15874.26  6215.3125  1.75333e-01  1.80404e-01  1.75333e-01  0.00000e+00
 -15845.71  6215.9375  1.85255e-01  2.02654e-01  1.85255e-01  0.00000e+00
 -15817.16  6216.5625  1.66494e-01  1.72799e-01  1.66494e-01  0.00000e+00
 -15788.61  6217.1875  1.47818e-01  1.14753e-01  1.47818e-01  0.00000e+00
 -15760.06  6217.8125  1.54423e-01  1.78956e-01  1.54423e-01  0.00000e+00
 -15731.50  6218.4375  1.55900e-01  1.43291e-01  1.55900e-01  0.00000e+00
 -15702.95  6219.0625  1.62082e-01  1.59525e-01  1.62082e-01  0.00000e+00
 -15674.40  6219.6875  1.79710e-01  1.76773e-01  1.79710e-01  0.00000e+00
 -15645.85  6220.3125  1.94174e-01  2.09875e-01  1.94174e-01  0.00000e+00
 -15617.30  6220.9375  1.96612e-01  1.84294e-01  1.96612e-01  0.00000e+00
 -15588.75  6221.5625  2.00358e-01  2.10727e-01  2.00358e-01  0.00000e+00
 -15560.20  6222.1875  2.06007e-01  1.89847e-01  2.06007e-01  0.00000e+00
 -15531.65  6222.8125  2.08563e-01  2.39893e-01  2.08563e-01  0.00000e+00
 -15503.10  6223.4375  1.83642e-01  1.76300e-01  1.83642e-01  0.00000e+00
 -15474.55  6224.0625  1.58549e-01  1.44569e-01  1.58549e-01  0.00000e+00
 -15445.99  6224.6875  1.55931e-01  1.55455e-01  1.55931e-01  0.00000e+00
 -15417.44  6225.3125  1.63470e-01  1.61228e-01  1.63470e-01  0.00000e+00
 -15388.89  6225.9375  1.65215e-01  1.82557e-01  1.65215e-01  0.00000e+00
 -15360.34  6226.5625  1.63935e-01  1.32698e-01  1.63935e-01  0.00000e+00
 -15331.79  6227.1875  1.89539e-01  1.95950e-01  1.89539e-01  0.00000e+00
 -15303.24  6227.8125  2.14419e-01  2.30675e-01  2.14419e-01  0.00000e+00
 -15274.69  6228.4375  2.02763e-01  2.23274e-01  2.02763e-01  0.00000e+00
 -15246.14  6229.0625  1.64798e-01  1.48198e-01  1.64798e-01  0.00000e+00
 -15217.59  6229.6875  1.55244e-01  1.21952e-01  1.55244e-01  0.00000e+00
 -15189.03  6230.3125  1.80890e-01  2.11813e-01  1.80890e-01  0.00000e+00
 -15160.48  6230.9375  1.87703e-01  1.85176e-01  1.87703e-01  0.00000e+00
 -15131.93  6231.5625  1.83246e-01  1.78543e-01  1.83246e-01  0.00000e+00
 -15103.38  6232.1875  1.90836e-01  1.82708e-01  1.90836e-01  0.00000e+00
 -15074.83  6232.8125  2.15920e-01  2.07508e-01  2.15920e-01  0.00000e+00
 -15046.28  6233.4375  2.31560e-01  2.75371e-01  2.31560e-01  0.00000e+00
 -15017.73  6234.0625  2.09077e-01  1.83783e-01  2.09077e-01  0.00000e+00
 -14989.18  6234.6875  1.89670e-01  1.98355e-01  1.89670e-01  0.00000e+00
 -14960.63  6235.3125  1.88053e-01  1.61353e-01  1.88053e-01  0.00000e+00
 -14932.08  6235.9375  2.04850e-01  2.26781e-01  2.04850e-01  0.00000e+00
 -14903.52  6236.5625  2.15470e-01  2.02864e-01  2.15470e-01  0.00000e+00
 -14874.97  6237.1875  2.23245e-01  2.35520e-01  2.23245e-01  0.00000e+00
 -14846.42  6237.8125  2.24372e-01  2.19047e-01  2.24372e-01  0.00000e+00
 -14817.87  6238.4375  2.19953e-01  2.30254e-01  2.19953e-01  0.00000e+00
 -14789.32  6239.0625  2.14434e-01  1.97369e-01  2.14434e-01  0.00000e+00
 -14760.77  6239.6875  2.15448e-01  2.31789e-01  2.15448e-01  0.00000e+00
 -14732.22  6240.3125  2.00873e-01  2.08201e-01  2.00873e-01  0.00000e+00
 -14703.67  6240.9375  1.79907e-01  1.59132e-01  1.79907e-01  0.00000e+00
 -14675.12  6241.5625  1.82230e-01  1.79995e-01  1.82230e-01  0.00000e+00
 -14646.57  6242.1875  1.86658e-01  2.09651e-01  1.86658e-01  0.00000e+00
 -14618.01  6242.8125  1.74615e-01  1.54310e-01  1.74615e-01  0.00000e+00
 -14589.46  6243.4375  1.74525e-01  1.77509e-01  1.74525e-01  0.00000e+00
 -14560.91  6244.0625  1.90975e-01  1.74757e-01  1.90975e-01  0.00000e+00
 -14532.36  6244.6875  2.11692e-01  2.38944e-01  2.11692e-01  0.00000e+00
 -14503.81  6245.3125  2.09863e-01  2.02530e-01  2.09863e-01  0.00000e+00
 -14475.26  6245.9375  1.96253e-01  2.05644e-01  1.96253e-01  0.00000e+00
 -14446.71  6246.5625  1.76957e-01  1.72100e-01  1.76957e-01  0.00000e+00
 -14418.16  6247.1875  1.65367e-01  1.54225e-01  1.65367e-01  0.00000e+00
 -14389.61  6247.8125  1.69115e-01  1.73010e-01  1.69115e-01  0.00000e+00
 -14361.06  6248.4375  1.77749e-01  1.72066e-01  1.77749e-01  0.00000e+00
 -14332.50  6249.0625  1.86563e-01  1.95652e-01  1.86563e-01  0.00000e+00
 -14303.95  6249.6875  1.88949e-01  1.85021e-01  1.88949e-01  0.00000e+00
 -14275.40  6250.3125  1.92503e-01  1.90999e-01  1.92503e-01  0.00000e+00
 -14246.85  6250.9375  2.05104e-01  1.95997e-01  2.05104e-01  0.00000e+00
 -14218.30  6251.5625  2.21168e-01  2.37842e-01  2.21168e-01  0.00000e+00
 -14189.75  6252.1875  2.26360e-01  2.16068e-01  2.26360e-01  0.00000e+00
 -14161.20  6252.8125  2.27110e-01  2.40599e-01  2.27110e-01  0.00000e+00
 -14132.65  6253.4375  2.13339e-01  2.17681e-01  2.13339e-01  0.00000e+00
 -14104.10  6254.0625  1.94385e-01  1.80700e-01  1.94385e-01  0.00000e+00
 -14075.54  6254.6875  1.93419e-01  1.89134e-01  1.93419e-01  0.00000e+00
 -14046.99  6255.3125  2.07627e-01  2.03584e-01  2.07627e-01  0.00000e+00
 -14018.44  6255.9375  2.09727e-01  2.45017e-01  2.09727e-01  0.00000e+00
 -13989.89  6256.5625  1.82940e-01  1.56731e-01  1.82940e-01  0.00000e+00
 -13961.34  6257.1875  1.67997e-01  1.72977e-01  1.67997e-01  0.00000e+00
 -13932.79  6257.8125  1.80086e-01  1.46706e-01  1.80086e-01  0.00000e+00
 -13904.24  6258.4375  2.10063e-01  2.50926e-01  2.10063e-01  0.00000e+00
 -13875.69  6259.0625  2.09715e-01  2.02824e-01  2.09715e-01  0.00000e+00
 -13847.14  6259.6875  1.95686e-01  1.94749e-01  1.95686e-01  0.00000e+00
 -13818.59  6260.3125  1.90638e-01  1.82585e-01  1.90638e-01  0.00000e+00
 -13790.03  6260.9375  1.97600e-01  1.96540e-01  1.97600e-01  0.00000e+00
 -13761.48  6261.5625  2.06145e-01  2.14211e-01  2.06145e-01  0.00000e+00
 -13732.93  6262.1875  2.08053e-01  2.02794e-01  2.08053e-01  0.00000e+00
 -13704.38  6262.8125  2.12411e-01  2.11632e-01  2.12411e-01  0.00000e+00
 -13675.83  6263.4375  2.16613e-01  2.22707e-01  2.16613e-01  0.00000e+00
 -13647.28  6264.0625  2.06882e-01  2.18660e-01  2.06882e-01  0.00000e+00
 -13618.73  6264.6875  1.90617e-01  1.69325e-01  1.90617e-01  0.00000e+00
 -13590.18  6265.3125  1.93839e-01  1.95952e-01  1.93839e-01  0.00000e+00
 -13561.63  6265.9375  2.01767e-01  2.10627e-01  2.01767e-01  0.00000e+00
 -13533.08  6266.5625  2.01451e-01  1.92903e-01  2.01451e-01  0.00000e+00
 -13504.52  6267.1875  1.90137e-01  2.19820e-01  1.90137e-01  0.00000e+00
 -13475.97  6267.8125  1.65170e-01  1.30728e-01  1.65170e-01  0.00000e+00
 -13447.42  6268.4375  1.70045e-01  1.66357e-01  1.70045e-01  0.00000e+00
 -13418.87  6269.0625  1.87982e-01  2.07791e-01  1.87982e-01  0.00000e+00
 -13390.32  6269.6875  1.88516e-01  1.80078e-01  1.88516e-01  0.00000e+00
 -13361.77  6270.3125  1.96378e-01  1.82054e-01  1.96378e-01  0.00000e+00
 -13333.22  6270.9375  2.16439e-01  2.35753e-01  2.16439e-01  0.00000e+00
 -13304.67  6271.5625  2.23945e-01  2.15757e-01  2.23945e-01  0.00000e+00
 -13276.12  6272.1875  2.17648e-01  2.40281e-01  2.17648e-01  0.00000e+00
 -13247.56  6272.8125  1.92126e-01  1.82094e-01  1.92126e-01  0.00000e+00
 -13219.01  6273.4375  1.77729e-01  1.59422e-01  1.77729e-01  0.00000e+00
 -13190.46  6274.0625  1.92784e-01  1.92420e-01  1.92784e-01  0.00000e+00
 -13161.91  6274.6875  2.09087e-01  2.26412e-01  2.09087e-01  0.00000e+00
 -13133.36  6275.3125  2.00194e-01  2.05681e-01  2.00194e-01  0.00000e+00
 -13104.81  6275.9375  1.82201e-01  1.67574e-01  1.82201e-01  0.00000e+00
 -13076.26  6276.5625  1.78425e-01  1.81234e-01  1.78425e-01  0.00000e+00
 -13047.71  6277.1875  1.85296e-01  1.76234e-01  1.85296e-01  0.00000e+00
 -13019.16  6277.8125  2.03992e-01  2.00965e-01  2.03992e-01  0.00000e+00
 -12990.61  6278.4375  2.16169e-01  2.42973e-01  2.16169e-01  0.00000e+00
 -12962.05  6279.0625  2.01635e-01  1.90705e-01  2.01635e-01  0.00000e+00
 -12933.50  6279.6875  1.89535e-01  1.81741e-01  1.89535e-01  0.00000e+00
 -12904.95  6280.3125  1.82700e-01  2.02262e-01  1.82700e-01  0.00000e+00
 -12876.40  6280.9375  1.74566e-01  1.43167e-01  1.74566e-01  0.00000e+00
 -12847.85  6281.5625  2.03273e-01  1.88802e-01  2.03273e-01  0.00000e+00
 -12819.30  6282.1875  2.33111e-01  2.96978e-01  2.33111e-01  0.00000e+00
 -12790.75  6282.8125  2.25735e-01  1.60991e-01  2.25735e-01  0.00000e+00
 -12762.20  6283.4375  2.44615e-01  2.79505e-01  2.44615e-01  0.00000e+00
 -12733.65  6284.0625  2.44605e-01  2.62101e-01  2.44605e-01  0.00000e+00
 -12705.10  6284.6875  2.21042e-01  1.88728e-01  2.21042e-01  0.00000e+00
 -12676.54  6285.3125  2.12811e-01  2.39307e-01  2.12811e-01  0.00000e+00
 -12647.99  6285.9375  1.92290e-01  1.86314e-01  1.92290e-01  0.00000e+00
 -12619.44  6286.5625  1.72196e-01  1.60900e-01  1.72196e-01  0.00000e+00
 -12590.89  6287.1875  1.78276e-01  1.62386e-01  1.78276e-01  0.00000e+00
 -12562.34  6287.8125  1.92488e-01  2.28058e-01  1.92488e-01  0.00000e+00
 -12533.79  6288.4375  1.93765e-01  1.52108e-01  1.93765e-01  0.00000e+00
 -12505.24  6289.0625  2.15342e-01  2.38240e-01  2.15342e-01  0.00000e+00
 -12476.69  6289.6875  2.23806e-01  2.34294e-01  2.23806e-01  0.00000e+00
 -12448.14  6290.3125  2.02177e-01  2.09320e-01  2.02177e-01  0.00000e+00
 -12419.58  6290.9375  1.78237e-01  1.55190e-01  1.78237e-01  0.00000e+00
 -12391.03  6291.5625  1.87820e-01  1.75011e-01  1.87820e-01  0.00000e+00
 -12362.48  6292.1875  2.19008e-01  2.33072e-01  2.19008e-01  0.00000e+00
 -12333.93  6292.8125  2.26079e-01  2.48924e-01  2.26079e-01  0.00000e+00
 -12305.38  6293.4375  1.96791e-01  1.94733e-01  1.96791e-01  0.00000e+00
 -12276.83  6294.0625  1.73989e-01  1.42818e-01  1.73989e-01  0.00000e+00
 -12248.28  6294.6875  1.79379e-01  2.03644e-01  1.79379e-01  0.00000e+00
 -12219.73  6295.3125  1.85492e-01  1.62135e-01  1.85492e-01  0.00000e+00
 -12191.18  6295.9375  2.05555e-01  2.10003e-01  2.05555e-01  0.00000e+00
 -12162.63  6296.5625  2.18478e-01  2.42857e-01  2.18478e-01  0.00000e+00
 -12134.07  6297.1875  2.02481e-01  1.93705e-01  2.02481e-01  0.00000e+00
 -12105.52  6297.8125  1.88391e-01  1.81051e-01  1.88391e-01  0.00000e+00
 -12076.97  6298.4375  1.99098e-01  1.79518e-01  1.99098e-01  0.00000e+00
 -12048.42  6299.0625  2.15559e-01  2.58389e-01  2.15559e-01  0.00000e+00
 -12019.87  6299.6875  2.00824e-01  1.76899e-01  2.00824e-01  0.00000e+00
 -11991.32  6300.3125  1.84014e-01  2.00580e-01  1.84014e-01  0.00000e+00
 -11962.77  6300.9375  1.82236e-01  1.40804e-01  1.82236e-01  0.00000e+00
 -11934.22  6301.5625  2.04630e-01  2.39763e-01  2.04630e-01  0.00000e+00
 -11905.67  6302.1875  1.95746e-01  2.12633e-01  1.95746e-01  0.00000e+00
 -11877.12  6302.8125  1.68482e-01  1.28158e-01  1.68482e-01  0.00000e+00
 -11848.56  6303.4375  1.76674e-01  1.88004e-01  1.76674e-01  0.00000e+00
 -11820.01  6304.0625  1.92482e-01  1.93975e-01  1.92482e-01  0.00000e+00
 -11791.46  6304.6875  1.94892e-01  2.05252e-01  1.94892e-01  0.00000e+00
 -11762.91  6305.3125  1.90311e-01  1.76932e-01  1.90311e-01  0.00000e+00
 -11734.36  6305.9375  1.97839e-01  1.96177e-01  1.97839e-01  0.00000e+00
 -11705.81  6306.5625  2.07538e-01  2.21012e-01  2.07538e-01  0.00000e+00
 -11677.26  6307.1875  2.06384e-01  1.96491e-01  2.06384e-01  0.00000e+00
 -11648.71  6307.8125  2.04696e-01  2.14384e-01  2.04696e-01  0.00000e+00
 -11620.16  6308.4375  2.00260e-01  1.92015e-01  2.00260e-01  0.00000e+00
 -11591.60  6309.0625  1.94285e-01  2.05991e-01  1.94285e-01  0.00000e+00
 -11563.05  6309.6875  1.79653e-01  1.76347e-01  1.79653e-01  0.00000e+00
 -11534.50  6310.3125  1.67574e-01  1.58959e-01  1.67574e-01  0.00000e+00
 -11505.95  6310.9375  1.63974e-01  1.71990e-01  1.63974e-01  0.00000e+00
 -11477.40  6311.5625  1.59369e-01  1.52150e-01  1.59369e-01  0.00000e+00
 -11448.85  6312.1875  1.59741e-01  1.60438e-01  1.59741e-01  0.00000e+00
 -11420.30  6312.8125  1.68900e-01  1.58805e-01  1.68900e-01  0.00000e+00
 -11391.75  6313.4375  1.81987e-01  1.97640e-01  1.81987e-01  0.00000e+00
 -11363.20  6314.0625  1.82025e-01  1.78749e-01  1.82025e-01  0.00000e+00
 -11334.65  6314.6875  1.75358e-01  1.80201e-01  1.75358e-01  0.00000e+00
 -11306.09  6315.3125  1.80205e-01  1.50912e-01  1.80205e-01  0.00000e+00
 -11277.54  6315.9375  1.98748e-01  2.36750e-01  1.98748e-01  0.00000e+00
 -11248.99  6316.5625  1.93592e-01  1.78776e-01  1.93592e-01  0.00000e+00
 -11220.44  6317.1875  1.93244e-01  1.80793e-01  1.93244e-01  0.00000e+00
 -11191.89  6317.8125  2.10312e-01  2.22405e-01  2.10312e-01  0.00000e+00
 -11163.34  6318.4375  2.26335e-01  2.14015e-01  2.26335e-01  0.00000e+00
 -11134.79  6319.0625  2.40146e-01  2.57797e-01  2.40146e-01  0.00000e+00
 -11106.24  6319.6875  2.22462e-01  2.49547e-01  2.22462e-01  0.00000e+00
 -11077.69  6320.3125  1.85462e-01  1.40722e-01  1.85462e-01  0.00000e+00
 -11049.14  6320.9375  1.89409e-01  1.91361e-01  1.89409e-01  0.00000e+00
 -11020.58  6321.5625  2.06493e-01  2.23880e-01  2.06493e-01  0.00000e+00
 -10992.03  6322.1875  2.02326e-01  2.01104e-01  2.02326e-01  0.00000e+00
 -10963.48  6322.8125  2.04304e-01  1.77955e-01  2.04304e-01  0.00000e+00
 -10934.93  6323.4375  2.26325e-01  2.50836e-01  2.26325e-01  0.00000e+00
 -10906.38  6324.0625  2.24451e-01  2.37265e-01  2.24451e-01  0.00000e+00
 -10877.83  6324.6875  2.01868e-01  1.84925e-01  2.01868e-01  0.00000e+00
 -10849.28  6325.3125  1.94276e-01  1.91368e-01  1.94276e-01  0.00000e+00
 -10820.73  6325.9375  1.89892e-01  2.10078e-01  1.89892e-01  0.00000e+00
 -10792.18  6326.5625  1.89021e-01  1.40581e-01  1.89021e-01  0.00000e+00
 -10763.62  6327.1875  2.17731e-01  2.56144e-01  2.17731e-01  0.00000e+00
 -10735.07  6327.8125  2.31219e-01  2.18740e-01  2.31219e-01  0.00000e+00
 -10706.52  6328.4375  2.33734e-01  2.42696e-01  2.33734e-01  0.00000e+00
 -10677.97  6329.0625  2.22798e-01  2.36600e-01  2.22798e-01  0.00000e+00
 -10649.42  6329.6875  2.01257e-01  1.80391e-01  2.01257e-01  0.00000e+00
 -10620.87  6330.3125  2.00734e-01  1.97665e-01  2.00734e-01  0.00000e+00
 -10592.32  6330.9375  2.15281e-01  2.16498e-01  2.15281e-01  0.00000e+00
 -10563.77  6331.5625  2.21446e-01  2.37226e-01  2.21446e-01  0.00000e+00
 -10535.22  6332.1875  2.10334e-01  2.02745e-01  2.10334e-01  0.00000e+00
 -10506.67  6332.8125  1.98711e-01  2.01387e-01  1.98711e-01  0.00000e+00
 -10478.11  6333.4375  1.97682e-01  1.80220e-01  1.97682e-01  0.00000e+00
 -10449.56  6334.0625  2.09021e-01  2.25095e-01  2.09021e-01  0.00000e+00
 -10421.01  6334.6875  2.12952e-01  2.07523e-01  2.12952e-01  0.00000e+00
 -10392.46  6335.3125  2.17683e-01  2.11534e-01  2.17683e-01  0.00000e+00
 -10363.91  6335.9375  2.16557e-01  2.45622e-01  2.16557e-01  0.00000e+00
 -10335.36  6336.5625  1.96325e-01  1.70413e-01  1.96325e-01  0.00000e+00
 -10306.81  6337.1875  1.92513e-01  1.92818e-01  1.92513e-01  0.00000e+00
 -10278.26  6337.8125  1.94948e-01  2.09700e-01  1.94948e-01  0.00000e+00
 -10249.71  6338.4375  1.93128e-01  1.68190e-01  1.93128e-01  0.00000e+00
 -10221.16  6339.0625  2.07398e-01  2.20565e-01  2.07398e-01  0.00000e+00
 -10192.60  6339.6875  2.15656e-01  2.21051e-01  2.15656e-01  0.00000e+00
 -10164.05  6340.3125  2.11858e-01  2.07344e-01  2.11858e-01  0.00000e+00
 -10135.50  6340.9375  2.03655e-01  2.15776e-01  2.03655e-01  0.00000e+00
 -10106.95  6341.5625  1.94586e-01  1.73566e-01  1.94586e-01  0.00000e+00
 -10078.40  6342.1875  2.03861e-01  2.06754e-01  2.03861e-01  0.00000e+00
 -10049.85  6342.8125  2.09800e-01  2.31102e-01  2.09800e-01  0.00000e+00
 -10021.30  6343.4375  2.03548e-01  1.72628e-01  2.03548e-01  0.00000e+00
  -9992.75  6344.0625  2.00758e-01  2.43605e-01  2.00758e-01  0.00000e+00
  -9964.20  6344.6875  1.81851e-01  1.43508e-01  1.81851e-01  0.00000e+00
  -9935.65  6345.3125  1.85091e-01  1.92528e-01  1.85091e-01  0.00000e+00
  -9907.09  6345.9375  2.05846e-01  1.94817e-01  2.05846e-01  0.00000e+00
  -9878.54  6346.5625  2.19002e-01  2.51170e-01  2.19002e-01  0.00000e+00
  -9849.99  6347.1875  2.03998e-01  1.91084e-01  2.03998e-01  0.00000e+00
  -9821.44  6347.8125  1.97365e-01  1.79899e-01  1.97365e-01  0.00000e+00
  -9792.89  6348.4375  2.13613e-01  2.24708e-01  2.13613e-01  0.00000e+00
  -9764.34  6349.0625  2.18275e-01  2.32007e-01  2.18275e-01  0.00000e+00
  -9735.79  6349.6875  2.07070e-01  1.92650e-01  2.07070e-01  0.00000e+00
  -9707.24  6350.3125  2.04222e-01  2.07361e-01  2.04222e-01  0.00000e+00
  -9678.69  6350.9375  2.01973e-01  2.08823e-01  2.01973e-01  0.00000e+00
  -9650.13  6351.5625  1.99440e-01  1.81655e-01  1.99440e-01  0.00000e+00
  -9621.58  6352.1875  2.06590e-01  2.22682e-01  2.06590e-01  0.00000e+00
  -9593.03  6352.8125  2.03301e-01  2.02899e-01  2.03301e-01  0.00000e+00
  -9564.48  6353.4375  1.95693e-01  1.88731e-01  1.95693e-01  0.00000e+00
  -9535.93  6354.0625  1.97612e-01  1.95810e-01  1.97612e-01  2.33066e-08
  -9507.38  6354.6875  1.97131e-01  2.12925e-01  1.97129e-01  2.23868e-06
  -9478.83  6355.3125  1.85671e-01  1.70735e-01  1.85613e-01  5.83541e-05
  -9450.28  6355.9375  1.80686e-01  1.87998e-01  1.80274e-01  4.12781e-04
  -9421.73  6356.5625  1.83021e-01  1.68140e-01  1.82228e-01  7.92385e-04
  -9393.18  6357.1875  1.91775e-01  2.07407e-01  1.91362e-01  4.12781e-04
  -9364.62  6357.8125  1.89357e-01  1.89006e-01  1.89299e-01  5.83541e-05
  -9336.07  6358.4375  1.91293e-01  1.69530e-01  1.91291e-01  2.23868e-06
  -9307.52  6359.0625  2.13986e-01  2.25925e-01  2.13986e-01  4.67035e-08
  -9278.97  6359.6875  2.22115e-01  2.42961e-01  2.22113e-01  2.24735e-06
  -9250.42  6360.3125  2.09595e-01  1.86426e-01  2.09536e-01  5.85802e-05
  -9221.87  6360.9375  2.07366e-01  2.18896e-01  2.06952e-01  4.14415e-04
  -9193.32  6361.5625  1.95494e-01  2.10150e-01  1.94695e-01  7.98760e-04
  -9164.77  6362.1875  1.78899e-01  1.42793e-01  1.78398e-01  5.00535e-04
  -9136.22  6362.8125  1.86007e-01  2.11794e-01  1.85339e-01  6.68016e-04
  -9107.67  6363.4375  1.87436e-01  1.74292e-01  1.86264e-01  1.17215e-03
  -9079.11  6364.0625  1.80989e-01  2.00605e-01  1.80379e-01  6.10701e-04
  -9050.56  6364.6875  1.72698e-01  1.43991e-01  1.72579e-01  1.18517e-04
  -9022.01  6365.3125  1.87775e-01  1.92965e-01  1.87542e-01  2.32228e-04
  -8993.46  6365.9375  2.05047e-01  2.17376e-01  2.04607e-01  4.39480e-04
  -8964.91  6366.5625  2.02048e-01  2.05568e-01  2.01819e-01  2.28923e-04
  -8936.36  6367.1875  1.95280e-01  1.80456e-01  1.95248e-01  3.23624e-05
  -8907.81  6367.8125  1.98798e-01  2.10007e-01  1.98797e-01  1.24154e-06
  -8879.26  6368.4375  1.93577e-01  1.98574e-01  1.93577e-01  1.29255e-08
  -8850.71  6369.0625  1.81731e-01  1.71110e-01  1.81731e-01  0.00000e+00
  -8822.15  6369.6875  1.79454e-01  1.81661e-01  1.79454e-01  0.00000e+00
  -8793.60  6370.3125  1.83272e-01  1.78595e-01  1.83272e-01  0.00000e+00
  -8765.05  6370.9375  1.90450e-01  1.93657e-01  1.90450e-01  0.00000e+00
  -8736.50  6371.5625  1.96380e-01  1.95430e-01  1.96380e-01  0.00000e+00
  -8707.95  6372.1875  1.97530e-01  2.05333e-01  1.97530e-01  0.00000e+00
  -8679.40  6372.8125  1.97078e-01  1.82897e-01  1.97078e-01  0.00000e+00
  -8650.85  6373.4375  2.07654e-01  2.14033e-01  2.07654e-01  0.00000e+00
  -8622.30  6374.0625  2.27481e-01  2.09756e-01  2.27481e-01  0.00000e+00
  -8593.75  6374.6875  2.43172e-01  2.83958e-01  2.43172e-01  0.00000e+00
  -8565.20  6375.3125  2.22773e-01  2.10759e-01  2.22773e-01  0.00000e+00
  -8536.64  6375.9375  2.03211e-01  1.87439e-01  2.03211e-01  0.00000e+00
  -8508.09  6376.5625  1.99810e-01  2.18135e-01  1.99810e-01  0.00000e+00
  -8479.54  6377.1875  1.89272e-01  1.78559e-01  1.89272e-01  0.00000e+00
  -8450.99  6377.8125  1.93413e-01  1.72739e-01  1.93413e-01  0.00000e+00
  -8422.44  6378.4375  2.05332e-01  2.49831e-01  2.05332e-01  0.00000e+00
  -8393.89  6379.0625  1.92579e-01  1.54673e-01  1.92579e-01  0.00000e+00
  -8365.34  6379.6875  1.84682e-01  2.18978e-01  1.84682e-01  0.00000e+00
  -8336.79  6380.3125  1.77527e-01  1.34979e-01  1.77527e-01  4.70201e-08
  -8308.24  6380.9375  1.92235e-01  2.17649e-01  1.92230e-01  4.51644e-06
  -8279.69  6381.5625  1.98236e-01  1.98057e-01  1.98119e-01  1.17727e-04
  -8251.13  6382.1875  1.98393e-01  1.84445e-01  1.97561e-01  8.32770e-04
  -8222.58  6382.8125  2.05942e-01  2.23482e-01  2.04343e-01  1.59862e-03
  -8194.03  6383.4375  2.03170e-01  1.95882e-01  2.02336e-01  8.34673e-04
  -8165.48  6384.0625  2.01282e-01  1.98165e-01  2.01113e-01  1.68674e-04
  -8136.93  6384.6875  1.98469e-01  2.14050e-01  1.98068e-01  4.00347e-04
  -8108.38  6385.3125  1.87615e-01  1.70409e-01  1.86604e-01  1.01065e-03
  -8079.83  6385.9375  1.93282e-01  1.88500e-01  1.92274e-01  1.00784e-03
  -8051.28  6386.5625  2.14072e-01  2.14862e-01  2.13676e-01  3.95762e-04
  -8022.73  6387.1875  2.26590e-01  2.46165e-01  2.26473e-01  1.16634e-04
  -7994.17  6387.8125  2.33427e-01  1.98242e-01  2.32958e-01  4.69460e-04
  -7965.62  6388.4375  2.63627e-01  2.81715e-01  2.62729e-01  8.97585e-04
  -7937.07  6389.0625  2.75536e-01  2.99119e-01  2.75068e-01  4.67574e-04
  -7908.52  6389.6875  2.39377e-01  2.53186e-01  2.39311e-01  6.61001e-05
  -7879.97  6390.3125  1.99154e-01  1.50364e-01  1.99151e-01  2.53584e-06
  -7851.42  6390.9375  2.09707e-01  2.18134e-01  2.09707e-01  2.86595e-08
  -7822.87  6391.5625  2.34186e-01  2.39946e-01  2.34186e-01  2.16999e-07
  -7794.32  6392.1875  2.37789e-01  2.54103e-01  2.37784e-01  5.68291e-06
  -7765.77  6392.8125  2.21139e-01  2.13023e-01  2.21097e-01  4.25720e-05
  -7737.22  6393.4375  2.13750e-01  1.99412e-01  2.13605e-01  1.44459e-04
  -7708.66  6394.0625  2.24760e-01  2.32477e-01  2.24216e-01  5.44097e-04
  -7680.11  6394.6875  2.26772e-01  2.40247e-01  2.25573e-01  1.19877e-03
  -7651.56  6395.3125  2.16315e-01  2.00696e-01  2.14944e-01  1.37177e-03
  -7623.01  6395.9375  2.22462e-01  2.14700e-01  2.21267e-01  1.19555e-03
  -7594.46  6396.5625  2.38255e-01  2.54123e-01  2.37695e-01  5.59725e-04
  -7565.91  6397.1875  2.35761e-01  2.39981e-01  2.35260e-01  5.00868e-04
  -7537.36  6397.8125  2.23265e-01  2.15649e-01  2.22134e-01  1.13048e-03
  -7508.81  6398.4375  2.24711e-01  2.12556e-01  2.23401e-01  1.30993e-03
  -7480.26  6399.0625  2.36945e-01  2.53156e-01  2.35254e-01  1.69041e-03
  -7451.71  6399.6875  2.33806e-01  2.36739e-01  2.31015e-01  2.79079e-03
  -7423.15  6400.3125  2.24512e-01  2.12113e-01  2.22139e-01  2.37327e-03
  -7394.60  6400.9375  2.24260e-01  2.33122e-01  2.22745e-01  1.51470e-03
  -7366.05  6401.5625  2.23240e-01  2.17260e-01  2.21446e-01  1.79368e-03
  -7337.50  6402.1875  2.23932e-01  2.25585e-01  2.21297e-01  2.63493e-03
  -7308.95  6402.8125  2.20193e-01  2.29326e-01  2.18792e-01  1.40065e-03
  -7280.40  6403.4375  2.04434e-01  2.03495e-01  2.03843e-01  5.90993e-04
  -7251.85  6404.0625  1.92971e-01  1.79642e-01  1.92189e-01  7.82333e-04
  -7223.30  6404.6875  2.07634e-01  1.92533e-01  2.07105e-01  5.28679e-04
  -7194.75  6405.3125  2.31001e-01  2.64265e-01  2.30013e-01  9.87735e-04
  -7166.19  6405.9375  2.30288e-01  2.12310e-01  2.28284e-01  2.00407e-03
  -7137.64  6406.5625  2.30335e-01  2.35918e-01  2.28819e-01  1.51614e-03
  -7109.09  6407.1875  2.31198e-01  2.34291e-01  2.30302e-01  8.96135e-04
  -7080.54  6407.8125  2.30599e-01  2.20984e-01  2.29552e-01  1.04707e-03
  -7051.99  6408.4375  2.31693e-01  2.45991e-01  2.30475e-01  1.21815e-03
  -7023.44  6409.0625  2.15761e-01  2.24123e-01  2.13406e-01  2.35496e-03
  -6994.89  6409.6875  2.04318e-01  1.63294e-01  2.01458e-01  2.86045e-03
  -6966.34  6410.3125  2.24561e-01  2.52763e-01  2.23196e-01  1.36499e-03
  -6937.79  6410.9375  2.26266e-01  2.36948e-01  2.25417e-01  8.49184e-04
  -6909.24  6411.5625  2.13963e-01  1.86448e-01  2.12571e-01  1.39191e-03
  -6880.68  6412.1875  2.19150e-01  2.39159e-01  2.17786e-01  1.36438e-03
  -6852.13  6412.8125  2.19426e-01  2.09224e-01  2.17608e-01  1.81865e-03
  -6823.58  6413.4375  2.09962e-01  2.32216e-01  2.07879e-01  2.08261e-03
  -6795.03  6414.0625  1.99706e-01  1.59270e-01  1.97099e-01  2.60700e-03
  -6766.48  6414.6875  2.09381e-01  2.43737e-01  2.05743e-01  3.63817e-03
  -6737.93  6415.3125  1.98067e-01  1.98049e-01  1.95002e-01  3.06499e-03
  -6709.38  6415.9375  1.85830e-01  1.54130e-01  1.84008e-01  1.82199e-03
  -6680.83  6416.5625  2.01858e-01  2.23124e-01  1.99476e-01  2.38210e-03
  -6652.28  6417.1875  2.09795e-01  2.08327e-01  2.06720e-01  3.07476e-03
  -6623.73  6417.8125  2.08861e-01  2.06708e-01  2.06257e-01  2.60368e-03
  -6595.17  6418.4375  2.08400e-01  2.14107e-01  2.06000e-01  2.40060e-03
  -6566.62  6419.0625  2.16003e-01  1.90197e-01  2.13201e-01  2.80201e-03
  -6538.07  6419.6875  2.30562e-01  2.71673e-01  2.27129e-01  3.43274e-03
  -6509.52  6420.3125  2.21784e-01  1.95310e-01  2.17622e-01  4.16135e-03
  -6480.97  6420.9375  2.22499e-01  2.24040e-01  2.16370e-01  6.12969e-03
  -6452.42  6421.5625  2.22717e-01  2.45877e-01  2.16842e-01  5.87503e-03
  -6423.87  6422.1875  2.08994e-01  1.80638e-01  2.02774e-01  6.21970e-03
  -6395.32  6422.8125  2.13166e-01  2.21879e-01  2.07330e-01  5.83646e-03
  -6366.77  6423.4375  2.14227e-01  2.28407e-01  2.09727e-01  4.50086e-03
  -6338.21  6424.0625  2.02247e-01  1.83898e-01  1.98288e-01  3.95944e-03
  -6309.66  6424.6875  1.90687e-01  2.17243e-01  1.85560e-01  5.12695e-03
  -6281.11  6425.3125  1.72708e-01  1.42261e-01  1.67236e-01  5.47262e-03
  -6252.56  6425.9375  1.77248e-01  1.81644e-01  1.71539e-01  5.70895e-03
  -6224.01  6426.5625  1.94111e-01  1.93070e-01  1.88339e-01  5.77168e-03
  -6195.46  6427.1875  2.10768e-01  2.10972e-01  2.03773e-01  6.99509e-03
  -6166.91  6427.8125  2.27658e-01  2.25521e-01  2.20144e-01  7.51398e-03
  -6138.36  6428.4375  2.28097e-01  2.62332e-01  2.21410e-01  6.68676e-03
  -6109.81  6429.0625  2.10473e-01  1.65112e-01  2.02414e-01  8.05875e-03
  -6081.26  6429.6875  2.11591e-01  2.47088e-01  2.00279e-01  1.13126e-02
  -6052.70  6430.3125  2.01302e-01  1.86547e-01  1.91705e-01  9.59684e-03
  -6024.15  6430.9375  2.00650e-01  1.83197e-01  1.92479e-01  8.17167e-03
  -5995.60  6431.5625  2.18006e-01  2.38891e-01  2.09925e-01  8.08048e-03
  -5967.05  6432.1875  2.13560e-01  2.22611e-01  2.06956e-01  6.60404e-03
  -5938.50  6432.8125  1.93143e-01  1.79781e-01  1.86398e-01  6.74498e-03
  -5909.95  6433.4375  1.87231e-01  1.82480e-01  1.78781e-01  8.44929e-03
  -5881.40  6434.0625  1.95502e-01  1.95709e-01  1.87446e-01  8.05598e-03
  -5852.85  6434.6875  2.08598e-01  2.05566e-01  2.00810e-01  7.78888e-03
  -5824.30  6435.3125  2.24199e-01  2.26559e-01  2.16725e-01  7.47400e-03
  -5795.75  6435.9375  2.36240e-01  2.39783e-01  2.26826e-01  9.41390e-03
  -5767.19  6436.5625  2.39773e-01  2.43205e-01  2.27666e-01  1.21066e-02
  -5738.64  6437.1875  2.30773e-01  2.40977e-01  2.19616e-01  1.11567e-02
  -5710.09  6437.8125  2.14746e-01  2.00181e-01  2.05843e-01  8.90247e-03
  -5681.54  6438.4375  2.10550e-01  2.12477e-01  2.01751e-01  8.79928e-03
  -5652.99  6439.0625  2.10826e-01  2.14190e-01  1.99051e-01  1.17753e-02
  -5624.44  6439.6875  2.14529e-01  1.98864e-01  1.99526e-01  1.50026e-02
  -5595.89  6440.3125  2.21439e-01  2.48230e-01  2.08420e-01  1.30199e-02
  -5567.34  6440.9375  2.13999e-01  1.93502e-01  2.01251e-01  1.27479e-02
  -5538.79  6441.5625  2.11976e-01  2.23523e-01  1.97798e-01  1.41775e-02
  -5510.24  6442.1875  2.19251e-01  1.96097e-01  2.04408e-01  1.48436e-02
  -5481.68  6442.8125  2.34097e-01  2.61805e-01  2.18789e-01  1.53082e-02
  -5453.13  6443.4375  2.23421e-01  2.28704e-01  2.07804e-01  1.56175e-02
  -5424.58  6444.0625  2.08924e-01  1.76897e-01  1.92714e-01  1.62100e-02
  -5396.03  6444.6875  2.27464e-01  2.34875e-01  2.11534e-01  1.59299e-02
  -5367.48  6445.3125  2.37312e-01  2.68576e-01  2.24044e-01  1.32686e-02
  -5338.93  6445.9375  2.17323e-01  1.91626e-01  2.04590e-01  1.27329e-02
  -5310.38  6446.5625  2.09379e-01  2.15362e-01  1.93616e-01  1.57630e-02
  -5281.83  6447.1875  2.19382e-01  2.00013e-01  1.98571e-01  2.08106e-02
  -5253.28  6447.8125  2.44355e-01  2.57711e-01  2.20413e-01  2.39418e-02
  -5224.72  6448.4375  2.60054e-01  2.63443e-01  2.38166e-01  2.18883e-02
  -5196.17  6449.0625  2.50027e-01  2.74762e-01  2.30635e-01  1.93921e-02
  -5167.62  6449.6875  2.27133e-01  1.88884e-01  2.11308e-01  1.58248e-02
  -5139.07  6450.3125  2.29463e-01  2.46573e-01  2.15071e-01  1.43920e-02
  -5110.52  6450.9375  2.25874e-01  2.35963e-01  2.11180e-01  1.46936e-02
  -5081.97  6451.5625  2.10863e-01  1.92064e-01  1.97020e-01  1.38423e-02
  -5053.42  6452.1875  2.10230e-01  2.17484e-01  1.94955e-01  1.52754e-02
  -5024.87  6452.8125  2.18091e-01  2.05473e-01  2.01223e-01  1.68682e-02
  -4996.32  6453.4375  2.28748e-01  2.46488e-01  2.13153e-01  1.55950e-02
  -4967.77  6454.0625  2.30443e-01  2.16989e-01  2.12499e-01  1.79440e-02
  -4939.21  6454.6875  2.26228e-01  2.49939e-01  2.04816e-01  2.14118e-02
  -4910.66  6455.3125  2.14300e-01  1.87466e-01  1.93503e-01  2.07972e-02
  -4882.11  6455.9375  2.23944e-01  2.23011e-01  2.01109e-01  2.28352e-02
  -4853.56  6456.5625  2.35060e-01  2.61455e-01  2.08188e-01  2.68722e-02
  -4825.01  6457.1875  2.26651e-01  2.03180e-01  1.96284e-01  3.03669e-02
  -4796.46  6457.8125  2.32982e-01  2.33724e-01  1.97552e-01  3.54305e-02
  -4767.91  6458.4375  2.49959e-01  2.52831e-01  2.15379e-01  3.45805e-02
  -4739.36  6459.0625  2.61566e-01  2.63556e-01  2.25189e-01  3.63777e-02
  -4710.81  6459.6875  2.57398e-01  2.77280e-01  2.19387e-01  3.80108e-02
  -4682.26  6460.3125  2.40034e-01  2.16029e-01  2.00597e-01  3.94371e-02
  -4653.70  6460.9375  2.43109e-01  2.41618e-01  1.99310e-01  4.37997e-02
  -4625.15  6461.5625  2.55107e-01  2.66883e-01  2.10837e-01  4.42701e-02
  -4596.60  6462.1875  2.56870e-01  2.51365e-01  2.10216e-01  4.66542e-02
  -4568.05  6462.8125  2.65722e-01  2.53616e-01  2.14247e-01  5.14743e-02
  -4539.50  6463.4375  2.84143e-01  2.99120e-01  2.32097e-01  5.20460e-02
  -4510.95  6464.0625  2.82602e-01  2.95868e-01  2.27715e-01  5.48874e-02
  -4482.40  6464.6875  2.63771e-01  2.48127e-01  2.07244e-01  5.65264e-02
  -4453.85  6465.3125  2.52017e-01  2.61782e-01  1.97468e-01  5.45497e-02
  -4425.30  6465.9375  2.47999e-01  2.27983e-01  1.93311e-01  5.46886e-02
  -4396.74  6466.5625  2.56085e-01  2.71098e-01  1.97125e-01  5.89595e-02
  -4368.19  6467.1875  2.55110e-01  2.57392e-01  1.92719e-01  6.23910e-02
  -4339.64  6467.8125  2.50925e-01  2.35506e-01  1.86914e-01  6.40116e-02
  -4311.09  6468.4375  2.47804e-01  2.78739e-01  1.84991e-01  6.28134e-02
  -4282.54  6469.0625  2.34267e-01  1.98451e-01  1.70685e-01  6.35820e-02
  -4253.99  6469.6875  2.46353e-01  2.52339e-01  1.76759e-01  6.95935e-02
  -4225.44  6470.3125  2.66204e-01  2.74662e-01  1.89138e-01  7.70664e-02
  -4196.89  6470.9375  2.76756e-01  2.70123e-01  1.94400e-01  8.23557e-02
  -4168.34  6471.5625  2.95332e-01  2.86051e-01  2.08331e-01  8.70009e-02
  -4139.79  6472.1875  3.12998e-01  3.43062e-01  2.17776e-01  9.52219e-02
  -4111.23  6472.8125  3.15569e-01  2.81893e-01  2.10160e-01  1.05408e-01
  -4082.68  6473.4375  3.23299e-01  3.60630e-01  2.13135e-01  1.10164e-01
  -4054.13  6474.0625  3.15180e-01  2.90639e-01  2.08107e-01  1.07074e-01
  -4025.58  6474.6875  3.11628e-01  3.22620e-01  2.03824e-01  1.07804e-01
  -3997.03  6475.3125  3.07922e-01  3.07436e-01  2.06224e-01  1.01699e-01
  -3968.48  6475.9375  3.09073e-01  2.91418e-01  2.09468e-01  9.96045e-02
  -3939.93  6476.5625  3.22223e-01  3.42537e-01  2.08065e-01  1.14158e-01
  -3911.38  6477.1875  3.33144e-01  3.08119e-01  2.09446e-01  1.23698e-01
  -3882.83  6477.8125  3.47158e-01  3.78653e-01  2.32072e-01  1.15086e-01
  -3854.28  6478.4375  3.44225e-01  3.26824e-01  2.37595e-01  1.06630e-01
  -3825.72  6479.0625  3.46685e-01  3.45679e-01  2.41593e-01  1.05093e-01
  -3797.17  6479.6875  3.55969e-01  3.62270e-01  2.43299e-01  1.12670e-01
  -3768.62  6480.3125  3.55279e-01  3.60353e-01  2.34116e-01  1.21163e-01
  -3740.07  6480.9375  3.49377e-01  3.40705e-01  2.19487e-01  1.29890e-01
  -3711.52  6481.5625  3.53237e-01  3.50069e-01  2.14370e-01  1.38867e-01
  -3682.97  6482.1875  3.59032e-01  3.72085e-01  2.08767e-01  1.50265e-01
  -3654.42  6482.8125  3.58712e-01  3.43302e-01  1.91931e-01  1.66781e-01
  -3625.87  6483.4375  3.66234e-01  3.74208e-01  1.91004e-01  1.75230e-01
  -3597.32  6484.0625  3.72734e-01  3.72801e-01  2.02613e-01  1.70122e-01
  -3568.76  6484.6875  3.86174e-01  3.65635e-01  2.11896e-01  1.74278e-01
  -3540.21  6485.3125  4.07052e-01  4.40482e-01  2.15289e-01  1.91762e-01
  -3511.66  6485.9375  4.07991e-01  3.88000e-01  2.11908e-01  1.96082e-01
  -3483.11  6486.5625  4.16983e-01  4.15002e-01  2.15195e-01  2.01788e-01
  -3454.56  6487.1875  4.35228e-01  4.42151e-01  2.28119e-01  2.07109e-01
  -3426.01  6487.8125  4.42718e-01  4.48571e-01  2.34913e-01  2.07805e-01
  -3397.46  6488.4375  4.40876e-01  4.36880e-01  2.30376e-01  2.10500e-01
  -3368.91  6489.0625  4.43021e-01  4.37494e-01  2.25658e-01  2.17363e-01
  -3340.36  6489.6875  4.39238e-01  4.66218e-01  2.14533e-01  2.24705e-01
  -3311.81  6490.3125  4.18767e-01  3.93058e-01  1.82390e-01  2.36377e-01
  -3283.25  6490.9375  4.20101e-01  4.13499e-01  1.61011e-01  2.59090e-01
  -3254.70  6491.5625  4.39607e-01  4.48893e-01  1.60419e-01  2.79188e-01
  -3226.15  6492.1875  4.55394e-01  4.48194e-01  1.80783e-01  2.74611e-01
  -3197.60  6492.8125  4.66011e-01  4.82567e-01  2.00889e-01  2.65123e-01
  -3169.05  6493.4375  4.71912e-01  4.49404e-01  2.06418e-01  2.65493e-01
  -3140.50  6494.0625  4.91452e-01  5.02115e-01  2.09597e-01  2.81854e-01
  -3111.95  6494.6875  5.06174e-01  5.11561e-01  1.97984e-01  3.08189e-01
  -3083.40  6495.3125  5.01917e-01  5.13247e-01  1.85316e-01  3.16601e-01
  -3054.85  6495.9375  4.93299e-01  4.69121e-01  1.82879e-01  3.10420e-01
  -3026.30  6496.5625  5.06387e-01  5.12932e-01  1.89612e-01  3.16775e-01
  -2997.74  6497.1875  5.30463e-01  5.19740e-01  1.92228e-01  3.38235e-01
  -2969.19  6497.8125  5.46243e-01  5.79185e-01  1.83072e-01  3.63171e-01
  -2940.64  6498.4375  5.36196e-01  5.17725e-01  1.62662e-01  3.73534e-01
  -2912.09  6499.0625  5.43320e-01  5.22581e-01  1.59039e-01  3.84281e-01
  -2883.54  6499.6875  5.80734e-01  5.93727e-01  1.69701e-01  4.11033e-01
  -2854.99  6500.3125  6.20049e-01  6.09500e-01  1.86694e-01  4.33355e-01
  -2826.44  6500.9375  6.57321e-01  6.71129e-01  1.95757e-01  4.61565e-01
  -2797.89  6501.5625  6.74905e-01  6.88133e-01  1.94528e-01  4.80376e-01
  -2769.34  6502.1875  6.80706e-01  6.56571e-01  2.01101e-01  4.79606e-01
  -2740.78  6502.8125  6.96149e-01  7.19559e-01  2.12387e-01  4.83762e-01
  -2712.23  6503.4375  6.99033e-01  6.93219e-01  2.02808e-01  4.96225e-01
  -2683.68  6504.0625  7.10597e-01  6.84950e-01  2.00444e-01  5.10153e-01
  -2655.13  6504.6875  7.36640e-01  7.74381e-01  2.06207e-01  5.30434e-01
  -2626.58  6505.3125  7.38002e-01  7.23047e-01  1.92518e-01  5.45484e-01
  -2598.03  6505.9375  7.51243e-01  7.27157e-01  1.76668e-01  5.74576e-01
  -2569.48  6506.5625  7.92822e-01  8.11849e-01  1.78588e-01  6.14234e-01
  -2540.93  6507.1875  8.24599e-01  8.25194e-01  1.84609e-01  6.39990e-01
  -2512.38  6507.8125  8.57679e-01  8.35227e-01  1.80357e-01  6.77323e-01
  -2483.83  6508.4375  9.04604e-01  9.28357e-01  1.77378e-01  7.27226e-01
  -2455.27  6509.0625  9.21602e-01  9.41950e-01  1.78018e-01  7.43584e-01
  -2426.72  6509.6875  9.08112e-01  8.91980e-01  1.71738e-01  7.36374e-01
  -2398.17  6510.3125  9.12212e-01  8.95829e-01  1.70208e-01  7.42004e-01
  -2369.62  6510.9375  9.36936e-01  9.56407e-01  1.87941e-01  7.48995e-01
  -2341.07  6511.5625  9.70180e-01  9.29218e-01  1.96880e-01  7.73300e-01
  -2312.52  6512.1875  1.03235e+00  1.05721e+00  1.93172e-01  8.39176e-01
  -2283.97  6512.8125  1.09345e+00  1.07722e+00  2.07375e-01  8.86079e-01
  -2255.42  6513.4375  1.12926e+00  1.18609e+00  2.25142e-01  9.04122e-01
  -2226.87  6514.0625  1.12180e+00  1.08317e+00  2.18143e-01  9.03661e-01
  -2198.32  6514.6875  1.13659e+00  1.12973e+00  2.12472e-01  9.24119e-01
  -2169.76  6515.3125  1.18716e+00  1.17696e+00  2.03656e-01  9.83504e-01
  -2141.21  6515.9375  1.23521e+00  1.27071e+00  2.08393e-01  1.02682e+00
  -2112.66  6516.5625  1.24437e+00  1.24411e+00  2.07604e-01  1.03677e+00
  -2084.11  6517.1875  1.26863e+00  1.20784e+00  1.96837e-01  1.07180e+00
  -2055.56  6517.8125  1.35159e+00  1.38389e+00  1.99966e-01  1.15162e+00
  -2027.01  6518.4375  1.39728e+00  1.45122e+00  2.01831e-01  1.19545e+00
  -1998.46  6519.0625  1.38360e+00  1.33365e+00  1.96934e-01  1.18666e+00
  -1969.91  6519.6875  1.40282e+00  1.40305e+00  1.86555e-01  1.21627e+00
  -1941.36  6520.3125  1.45362e+00  1.44682e+00  1.75327e-01  1.27829e+00
  -1912.80  6520.9375  1.50030e+00  1.52620e+00  1.68987e-01  1.33132e+00
  -1884.25  6521.5625  1.53174e+00  1.50480e+00  1.67129e-01  1.36461e+00
  -1855.70  6522.1875  1.57007e+00  1.59652e+00  1.78035e-01  1.39203e+00
  -1827.15  6522.8125  1.62721e+00  1.55799e+00  1.83851e-01  1.44336e+00
  -1798.60  6523.4375  1.70137e+00  1.80295e+00  1.75549e-01  1.52582e+00
  -1770.05  6524.0625  1.71095e+00  1.66439e+00  1.57777e-01  1.55318e+00
  -1741.50  6524.6875  1.75705e+00  1.70266e+00  1.31008e-01  1.62604e+00
  -1712.95  6525.3125  1.91002e+00  1.89179e+00  1.24976e-01  1.78505e+00
  -1684.40  6525.9375  2.09460e+00  2.14193e+00  1.51596e-01  1.94300e+00
  -1655.85  6526.5625  2.24570e+00  2.21325e+00  1.76759e-01  2.06894e+00
  -1627.29  6527.1875  2.36607e+00  2.44486e+00  1.75361e-01  2.19070e+00
  -1598.74  6527.8125  2.42994e+00  2.37462e+00  1.70652e-01  2.25929e+00
  -1570.19  6528.4375  2.46984e+00  2.55817e+00  1.68283e-01  2.30156e+00
  -1541.64  6529.0625  2.46504e+00  2.39300e+00  1.52287e-01  2.31275e+00
  -1513.09  6529.6875  2.47954e+00  2.52285e+00  1.38568e-01  2.34098e+00
  -1484.54  6530.3125  2.50031e+00  2.46438e+00  1.37785e-01  2.36253e+00
  -1455.99  6530.9375  2.57336e+00  2.52646e+00  1.38420e-01  2.43494e+00
  -1427.44  6531.5625  2.71421e+00  2.73359e+00  1.46172e-01  2.56804e+00
  -1398.89  6532.1875  2.80111e+00  2.89898e+00  1.58681e-01  2.64243e+00
  -1370.34  6532.8125  2.77855e+00  2.72789e+00  1.48112e-01  2.63044e+00
  -1341.78  6533.4375  2.77922e+00  2.75399e+00  1.41253e-01  2.63797e+00
  -1313.23  6534.0625  2.84852e+00  2.83623e+00  1.43022e-01  2.70550e+00
  -1284.68  6534.6875  2.94659e+00  2.95313e+00  1.53508e-01  2.79308e+00
  -1256.13  6535.3125  3.03306e+00  3.05439e+00  1.55664e-01  2.87739e+00
  -1227.58  6535.9375  3.12206e+00  3.06368e+00  1.51685e-01  2.97037e+00
  -1199.03  6536.5625  3.26761e+00  3.28593e+00  1.49813e-01  3.11780e+00
  -1170.48  6537.1875  3.48492e+00  3.38814e+00  1.66128e-01  3.31879e+00
  -1141.93  6537.8125  3.86741e+00  3.78859e+00  1.73344e-01  3.69407e+00
  -1113.38  6538.4375  4.35403e+00  4.44492e+00  1.47984e-01  4.20605e+00
  -1084.83  6539.0625  4.69702e+00  4.81873e+00  1.39437e-01  4.55759e+00
  -1056.27  6539.6875  4.83188e+00  4.81782e+00  1.45200e-01  4.68668e+00
  -1027.72  6540.3125  4.88568e+00  4.92551e+00  1.46082e-01  4.73959e+00
   -999.17  6540.9375  4.91035e+00  4.87547e+00  1.37204e-01  4.77315e+00
   -970.62  6541.5625  4.92381e+00  4.98202e+00  1.38612e-01  4.78520e+00
   -942.07  6542.1875  4.89872e+00  4.86723e+00  1.36456e-01  4.76227e+00
   -913.52  6542.8125  4.88325e+00  4.87895e+00  1.43732e-01  4.73952e+00
   -884.97  6543.4375  4.88073e+00  4.90235e+00  1.55732e-01  4.72500e+00
   -856.42  6544.0625  4.90676e+00  4.81399e+00  1.62424e-01  4.74433e+00
   -827.87  6544.6875  4.99374e+00  5.07569e+00  1.72564e-01  4.82117e+00
   -799.31  6545.3125  5.02749e+00  5.02817e+00  1.55408e-01  4.87208e+00
   -770.76  6545.9375  5.03100e+00  5.00136e+00  1.42607e-01  4.88839e+00
   -742.21  6546.5625  5.06520e+00  5.07871e+00  1.37448e-01  4.92776e+00
   -713.66  6547.1875  5.14857e+00  5.06803e+00  1.40207e-01  5.00836e+00
   -685.11  6547.8125  5.36468e+00  5.33214e+00  1.37606e-01  5.22707e+00
   -656.56  6548.4375  5.89679e+00  5.51587e+00  1.40481e-01  5.75630e+00
   -628.01  6549.0625  6.80595e+00  7.04302e+00  1.47731e-01  6.65822e+00
   -599.46  6549.6875  7.43898e+00  7.75190e+00  1.38371e-01  7.30061e+00
   -570.91  6550.3125  7.49912e+00  7.54519e+00  1.29019e-01  7.37010e+00
   -542.36  6550.9375  7.37382e+00  7.24494e+00  1.19904e-01  7.25391e+00
   -513.80  6551.5625  7.31066e+00  7.42942e+00  1.17989e-01  7.19267e+00
   -485.25  6552.1875  7.16270e+00  7.17144e+00  1.28016e-01  7.03468e+00
   -456.70  6552.8125  6.96265e+00  6.91477e+00  1.40657e-01  6.82199e+00
   -428.15  6553.4375  6.80500e+00  6.83788e+00  1.38472e-01  6.66653e+00
   -399.60  6554.0625  6.80103e+00  6.53763e+00  1.21232e-01  6.67979e+00
   -371.05  6554.6875  7.26517e+00  7.02251e+00  1.06703e-01  7.15847e+00
   -342.50  6555.3125  7.99916e+00  8.36311e+00  1.07358e-01  7.89180e+00
   -313.95  6555.9375  8.72191e+00  8.31501e+00  1.10440e-01  8.61147e+00
   -285.40  6556.5625  1.08992e+01  8.88230e+00  1.29053e-01  1.07701e+01
   -256.85  6557.1875  1.38893e+01  1.71943e+01  1.47293e-01  1.37420e+01
   -228.29  6557.8125  1.19318e+01  1.50513e+01  1.13478e-01  1.18184e+01
   -199.74  6558.4375  6.26655e+00  2.41839e+00  5.08950e-02  6.21565e+00
   -171.19  6559.0625  4.85220e+00  2.96286e+00  4.60705e-02  4.80613e+00
   -142.64  6559.6875  7.64316e+00  8.55098e+00  9.55661e-02  7.54760e+00
   -114.09  6560.3125  1.03651e+01  1.06004e+01  1.46938e-01  1.02182e+01
    -85.54  6560.9375  1.25602e+01  1.21749e+01  2.23848e-01  1.23363e+01
    -56.99  6561.5625  1.59697e+01  1.44457e+01  3.65593e-01  1.56041e+01
    -28.44  6562.1875  2.06075e+01  2.22328e+01  5.52205e-01  2.00553e+01
      0.11  6562.8125  2.30874e+01  2.46049e+01  6.76426e-01  2.24110e+01
     28.67  6563.4375  2.24892e+01  2.26641e+01  7.03226e-01  2.17860e+01
     57.22  6564.0625  2.05115e+01  2.07816e+01  6.34943e-01  1.98766e+01
     85.77  6564.6875  1.79220e+01  1.80908e+01  5.13771e-01  1.74082e+01
    114.32  6565.3125  1.50038e+01  1.49138e+01  4.43457e-01  1.45603e+01
    142.87  6565.9375  1.22422e+01  1.19909e+01  3.94669e-01  1.18476e+01
    171.42  6566.5625  9.78269e+00  9.92837e+00  3.36455e-01  9.44623e+00
    199.97  6567.1875  7.42281e+00  7.22430e+00  2.89032e-01  7.13377e+00
    228.52  6567.8125  5.60261e+00  5.02894e+00  2.77623e-01  5.32499e+00
    257.07  6568.4375  4.79698e+00  4.57603e+00  2.73204e-01  4.52377e+00
    285.62  6569.0625  4.62702e+00  4.64674e+00  2.80227e-01  4.34680e+00
    314.18  6569.6875  4.54656e+00  4.60915e+00  3.15610e-01  4.23095e+00
    342.73  6570.3125  4.39988e+00  4.35475e+00  3.35941e-01  4.06394e+00
    371.28  6570.9375  4.21295e+00  4.32333e+00  3.11808e-01  3.90114e+00
    399.83  6571.5625  4.00455e+00  3.83666e+00  2.85417e-01  3.71913e+00
    428.38  6572.1875  3.92447e+00  3.97205e+00  2.94532e-01  3.62994e+00
    456.93  6572.8125  3.85251e+00  3.89811e+00  2.95660e-01  3.55685e+00
    485.48  6573.4375  3.71592e+00  3.68306e+00  2.77002e-01  3.43891e+00
    514.03  6574.0625  3.58485e+00  3.59972e+00  2.78138e-01  3.30671e+00
    542.58  6574.6875  3.45678e+00  3.44892e+00  2.74531e-01  3.18225e+00
    571.13  6575.3125  3.32012e+00  3.33770e+00  2.59630e-01  3.06049e+00
    599.69  6575.9375  3.16202e+00  3.17133e+00  2.71686e-01  2.89033e+00
    628.24  6576.5625  3.03726e+00  2.93821e+00  2.97984e-01  2.73928e+00
    656.79  6577.1875  2.96805e+00  3.08682e+00  2.97334e-01  2.67071e+00
    685.34  6577.8125  2.83584e+00  2.78065e+00  2.71070e-01  2.56477e+00
    713.89  6578.4375  2.74590e+00  2.68096e+00  2.63908e-01  2.48200e+00
    742.44  6579.0625  2.73116e+00  2.79553e+00  2.87909e-01  2.44325e+00
    770.99  6579.6875  2.64434e+00  2.69534e+00  2.98506e-01  2.34584e+00
    799.54  6580.3125  2.50799e+00  2.41110e+00  2.72831e-01  2.23516e+00
    828.09  6580.9375  2.41443e+00  2.50662e+00  2.45819e-01  2.16861e+00
    856.65  6581.5625  2.30414e+00  2.22420e+00  2.34385e-01  2.06975e+00
    885.20  6582.1875  2.25231e+00  2.24099e+00  2.50676e-01  2.00164e+00
    913.75  6582.8125  2.22037e+00  2.29044e+00  2.62499e-01  1.95787e+00
    942.30  6583.4375  2.14146e+00  2.08055e+00  2.59072e-01  1.88239e+00
    970.85  6584.0625  2.09555e+00  2.10180e+00  2.65549e-01  1.83000e+00
    999.40  6584.6875  2.03821e+00  2.10287e+00  2.66469e-01  1.77174e+00
   1027.95  6585.3125  1.92115e+00  1.87502e+00  2.75111e-01  1.64604e+00
   1056.50  6585.9375  1.82919e+00  1.82254e+00  2.70963e-01  1.55823e+00
   1085.05  6586.5625  1.76242e+00  1.78400e+00  2.31695e-01  1.53072e+00
   1113.60  6587.1875  1.73167e+00  1.62984e+00  2.26767e-01  1.50490e+00
   1142.16  6587.8125  1.77094e+00  1.85550e+00  2.56670e-01  1.51427e+00
   1170.71  6588.4375  1.73370e+00  1.77829e+00  2.37015e-01  1.49668e+00
   1199.26  6589.0625  1.63184e+00  1.56054e+00  2.13375e-01  1.41847e+00
   1227.81  6589.6875  1.58664e+00  1.59945e+00  2.16494e-01  1.37015e+00
   1256.36  6590.3125  1.55406e+00  1.57561e+00  2.18790e-01  1.33527e+00
   1284.91  6590.9375  1.50452e+00  1.47814e+00  2.11193e-01  1.29333e+00
   1313.46  6591.5625  1.49353e+00  1.46156e+00  2.31130e-01  1.26240e+00
   1342.01  6592.1875  1.49643e+00  1.57015e+00  2.54418e-01  1.24201e+00
   1370.56  6592.8125  1.43387e+00  1.41387e+00  2.42058e-01  1.19181e+00
   1399.11  6593.4375  1.36423e+00  1.34789e+00  2.37697e-01  1.12653e+00
   1427.67  6594.0625  1.32830e+00  1.32497e+00  2.51386e-01  1.07691e+00
   1456.22  6594.6875  1.31257e+00  1.30526e+00  2.56568e-01  1.05600e+00
   1484.77  6595.3125  1.31673e+00  1.30160e+00  2.55003e-01  1.06173e+00
   1513.32  6595.9375  1.31625e+00  1.36443e+00  2.59672e-01  1.05657e+00
   1541.87  6596.5625  1.26129e+00  1.26247e+00  2.46010e-01  1.01528e+00
   1570.42  6597.1875  1.19535e+00  1.16161e+00  2.17305e-01  9.78043e-01
   1598.97  6597.8125  1.15455e+00  1.18574e+00  2.04251e-01  9.50297e-01
   1627.52  6598.4375  1.11854e+00  1.07643e+00  2.03426e-01  9.15111e-01
   1656.07  6599.0625  1.12370e+00  1.11662e+00  2.05616e-01  9.18086e-01
   1684.63  6599.6875  1.13510e+00  1.18095e+00  2.18294e-01  9.16809e-01
   1713.18  6600.3125  1.09719e+00  1.08958e+00  2.30705e-01  8.66482e-01
   1741.73  6600.9375  1.06721e+00  1.02272e+00  2.39454e-01  8.27753e-01
   1770.28  6601.5625  1.06908e+00  1.11826e+00  2.45312e-01  8.23767e-01
   1798.83  6602.1875  1.02391e+00  1.04317e+00  2.36935e-01  7.86972e-01
   1827.38  6602.8125  9.75051e-01  8.88188e-01  2.30398e-01  7.44653e-01
   1855.93  6603.4375  9.87807e-01  1.05619e+00  2.48839e-01  7.38968e-01
   1884.48  6604.0625  9.74235e-01  9.55283e-01  2.53006e-01  7.21229e-01
   1913.03  6604.6875  9.63938e-01  9.31486e-01  2.54195e-01  7.09744e-01
   1941.58  6605.3125  9.54465e-01  1.04371e+00  2.61627e-01  6.92838e-01
   1970.14  6605.9375  8.93562e-01  8.15020e-01  2.46995e-01  6.46568e-01
   1998.69  6606.5625  8.75120e-01  8.89342e-01  2.27816e-01  6.47303e-01
   2027.24  6607.1875  8.69309e-01  8.89529e-01  2.15519e-01  6.53791e-01
   2055.79  6607.8125  8.20152e-01  8.41016e-01  1.96865e-01  6.23287e-01
   2084.34  6608.4375  7.70436e-01  7.03303e-01  1.92951e-01  5.77485e-01
   2112.89  6609.0625  7.84540e-01  8.03287e-01  2.31320e-01  5.53220e-01
   2141.44  6609.6875  7.95649e-01  8.28051e-01  2.48515e-01  5.47134e-01
   2169.99  6610.3125  7.84320e-01  7.34972e-01  2.39210e-01  5.45111e-01
   2198.54  6610.9375  8.14518e-01  8.17654e-01  2.42182e-01  5.72336e-01
   2227.09  6611.5625  8.33327e-01  8.94373e-01  2.42289e-01  5.91038e-01
   2255.65  6612.1875  7.87785e-01  7.59608e-01  2.20278e-01  5.67507e-01
   2284.20  6612.8125  7.49846e-01  7.39227e-01  2.17228e-01  5.32617e-01
   2312.75  6613.4375  7.51848e-01  7.31146e-01  2.26380e-01  5.25468e-01
   2341.30  6614.0625  7.55435e-01  8.12858e-01  2.30267e-01  5.25167e-01
   2369.85  6614.6875  7.18559e-01  6.79178e-01  2.17474e-01  5.01085e-01
   2398.40  6615.3125  6.90740e-01  7.06603e-01  2.17824e-01  4.72916e-01
   2426.95  6615.9375  6.72233e-01  6.60160e-01  2.13043e-01  4.59190e-01
   2455.50  6616.5625  6.81173e-01  6.47287e-01  2.11022e-01  4.70151e-01
   2484.05  6617.1875  7.22109e-01  7.54302e-01  2.36695e-01  4.85413e-01
   2512.61  6617.8125  7.31946e-01  7.46132e-01  2.54251e-01  4.77695e-01
   2541.16  6618.4375  6.97108e-01  7.10707e-01  2.39830e-01  4.57279e-01
   2569.71  6619.0625  6.53370e-01  6.22368e-01  2.15654e-01  4.37716e-01
   2598.26  6619.6875  6.45407e-01  6.40436e-01  2.17716e-01  4.27692e-01
   2626.81  6620.3125  6.60787e-01  6.62333e-01  2.40708e-01  4.20079e-01
   2655.36  6620.9375  6.63611e-01  6.87355e-01  2.42626e-01  4.20985e-01
   2683.91  6621.5625  6.35831e-01  6.35713e-01  2.29153e-01  4.06678e-01
   2712.46  6622.1875  6.24277e-01  5.70624e-01  2.25270e-01  3.99007e-01
   2741.01  6622.8125  6.45636e-01  7.08354e-01  2.26620e-01  4.19016e-01
   2769.56  6623.4375  6.20650e-01  6.15734e-01  2.12212e-01  4.08437e-01
   2798.12  6624.0625  5.97033e-01  5.43975e-01  2.23781e-01  3.73252e-01
   2826.67  6624.6875  6.23758e-01  6.57880e-01  2.51449e-01  3.72309e-01
   2855.22  6625.3125  6.29963e-01  6.45341e-01  2.45207e-01  3.84756e-01
   2883.77  6625.9375  6.28587e-01  5.73721e-01  2.41693e-01  3.86894e-01
   2912.32  6626.5625  6.64914e-01  7.06110e-01  2.63389e-01  4.01525e-01
   2940.87  6627.1875  6.77512e-01  6.78955e-01  2.76866e-01  4.00646e-01
   2969.42  6627.8125  6.52819e-01  6.74122e-01  2.77428e-01  3.75391e-01
   2997.97  6628.4375  6.10504e-01  5.87945e-01  2.58047e-01  3.52456e-01
   3026.52  6629.0625  5.76154e-01  5.92134e-01  2.38060e-01  3.38094e-01
   3055.07  6629.6875  5.40884e-01  5.28321e-01  2.15171e-01  3.25713e-01
   3083.63  6630.3125  5.12218e-01  5.16206e-01  2.07689e-01  3.04529e-01
   3112.18  6630.9375  5.05696e-01  4.70817e-01  2.14050e-01  2.91646e-01
   3140.73  6631.5625  5.29286e-01  5.52918e-01  2.24631e-01  3.04655e-01
   3169.28  6632.1875  5.40382e-01  5.43996e-01  2.34429e-01  3.05953e-01
   3197.83  6632.8125  5.37705e-01  5.30501e-01  2.33764e-01  3.03942e-01
   3226.38  6633.4375  5.38849e-01  5.42988e-01  2.35457e-01  3.03392e-01
   3254.93  6634.0625  5.34853e-01  5.41915e-01  2.21864e-01  3.12989e-01
   3283.48  6634.6875  5.24553e-01  5.14696e-01  2.07214e-01  3.17338e-01
   3312.03  6635.3125  5.13548e-01  5.30207e-01  2.16431e-01  2.97117e-01
   3340.58  6635.9375  4.97793e-01  4.77679e-01  2.20113e-01  2.77680e-01
   3369.14  6636.5625  4.90148e-01  5.04989e-01  2.13470e-01  2.76678e-01
   3397.69  6637.1875  4.78371e-01  4.74051e-01  1.94147e-01  2.84223e-01
   3426.24  6637.8125  4.85935e-01  4.46502e-01  1.87437e-01  2.98498e-01
   3454.79  6638.4375  5.11753e-01  5.73168e-01  2.09201e-01  3.02552e-01
   3483.34  6639.0625  4.94553e-01  4.70153e-01  2.20195e-01  2.74357e-01
   3511.89  6639.6875  4.73492e-01  4.73144e-01  2.15231e-01  2.58261e-01
   3540.44  6640.3125  4.55451e-01  4.73501e-01  2.00092e-01  2.55358e-01
   3568.99  6640.9375  4.28960e-01  4.05078e-01  1.89309e-01  2.39651e-01
   3597.54  6641.5625  4.24042e-01  4.23214e-01  1.87932e-01  2.36110e-01
   3626.10  6642.1875  4.35599e-01  4.31604e-01  1.84277e-01  2.51322e-01
   3654.65  6642.8125  4.38321e-01  4.65805e-01  1.83966e-01  2.54355e-01
   3683.20  6643.4375  4.26417e-01  3.91964e-01  1.81953e-01  2.44464e-01
   3711.75  6644.0625  4.24236e-01  4.59292e-01  1.92595e-01  2.31641e-01
   3740.30  6644.6875  4.21548e-01  3.76185e-01  1.97652e-01  2.23896e-01
   3768.85  6645.3125  4.36998e-01  4.74615e-01  1.98834e-01  2.38164e-01
   3797.40  6645.9375  4.36834e-01  4.22295e-01  2.02294e-01  2.34539e-01
   3825.95  6646.5625  4.25350e-01  4.41374e-01  2.08285e-01  2.17065e-01
   3854.50  6647.1875  4.05871e-01  3.96663e-01  1.93360e-01  2.12511e-01
   3883.05  6647.8125  3.95123e-01  3.85798e-01  1.78555e-01  2.16567e-01
   3911.61  6648.4375  4.00068e-01  4.02502e-01  1.92784e-01  2.07284e-01
   3940.16  6649.0625  4.02642e-01  4.11583e-01  2.04288e-01  1.98353e-01
   3968.71  6649.6875  3.97230e-01  3.88243e-01  2.04339e-01  1.92892e-01
   3997.26  6650.3125  3.93099e-01  4.02030e-01  2.09128e-01  1.83971e-01
   4025.81  6650.9375  3.85878e-01  3.79430e-01  2.07425e-01  1.78453e-01
   4054.36  6651.5625  3.78863e-01  3.85315e-01  2.01235e-01  1.77629e-01
   4082.91  6652.1875  3.77461e-01  3.59148e-01  1.95702e-01  1.81759e-01
   4111.46  6652.8125  3.88475e-01  4.02874e-01  2.03339e-01  1.85136e-01
   4140.01  6653.4375  3.97456e-01  3.86312e-01  2.14515e-01  1.82941e-01
   4168.56  6654.0625  4.04148e-01  4.18809e-01  2.17983e-01  1.86165e-01
   4197.12  6654.6875  3.97338e-01  3.99358e-01  2.11774e-01  1.85564e-01
   4225.67  6655.3125  3.94953e-01  3.66408e-01  2.06294e-01  1.88659e-01
   4254.22  6655.9375  4.02096e-01  4.49977e-01  2.14924e-01  1.87172e-01
   4282.77  6656.5625  3.99520e-01  3.35445e-01  2.13154e-01  1.86366e-01
   4311.32  6657.1875  4.18691e-01  4.78492e-01  2.28978e-01  1.89713e-01
   4339.87  6657.8125  4.08574e-01  3.87716e-01  2.30099e-01  1.78476e-01
   4368.42  6658.4375  4.02155e-01  3.84629e-01  2.31440e-01  1.70715e-01
   4396.97  6659.0625  4.15750e-01  4.37820e-01  2.46588e-01  1.69162e-01
   4425.52  6659.6875  4.00627e-01  4.18271e-01  2.39338e-01  1.61289e-01
   4454.08  6660.3125  3.52544e-01  3.49284e-01  2.06099e-01  1.46446e-01
   4482.63  6660.9375  3.23308e-01  2.78902e-01  1.87204e-01  1.36104e-01
   4511.18  6661.5625  3.36435e-01  3.67022e-01  1.90675e-01  1.45760e-01
   4539.73  6662.1875  3.39616e-01  3.33606e-01  1.93812e-01  1.45805e-01
   4568.28  6662.8125  3.36364e-01  3.31791e-01  2.02447e-01  1.33917e-01
   4596.83  6663.4375  3.41354e-01  3.42997e-01  2.17090e-01  1.24264e-01
   4625.38  6664.0625  3.56027e-01  3.40077e-01  2.34519e-01  1.21508e-01
   4653.93  6664.6875  3.75433e-01  4.01488e-01  2.47559e-01  1.27873e-01
   4682.48  6665.3125  3.72459e-01  3.68244e-01  2.35879e-01  1.36580e-01
   4711.03  6665.9375  3.63597e-01  3.57001e-01  2.28084e-01  1.35513e-01
   4739.59  6666.5625  3.60278e-01  3.67913e-01  2.29354e-01  1.30924e-01
   4768.14  6667.1875  3.47254e-01  3.54923e-01  2.20577e-01  1.26677e-01
   4796.69  6667.8125  3.34165e-01  3.07868e-01  2.10531e-01  1.23634e-01
   4825.24  6668.4375  3.30464e-01  3.68048e-01  2.16534e-01  1.13930e-01
   4853.79  6669.0625  3.26383e-01  2.67660e-01  2.14443e-01  1.11940e-01
   4882.34  6669.6875  3.50751e-01  3.97972e-01  2.33260e-01  1.17490e-01
   4910.89  6670.3125  3.56973e-01  3.38360e-01  2.44096e-01  1.12878e-01
   4939.44  6670.9375  3.47833e-01  3.70750e-01  2.31426e-01  1.16406e-01
   4967.99  6671.5625  3.26307e-01  3.13338e-01  2.14979e-01  1.11327e-01
   4996.54  6672.1875  3.19884e-01  3.00179e-01  2.18476e-01  1.01408e-01
   5025.10  6672.8125  3.29422e-01  3.58806e-01  2.23004e-01  1.06418e-01
   5053.65  6673.4375  3.19650e-01  3.07235e-01  2.09260e-01  1.10390e-01
   5082.20  6674.0625  3.09363e-01  3.09873e-01  2.03190e-01  1.06173e-01
   5110.75  6674.6875  3.11606e-01  2.99360e-01  2.11895e-01  9.97110e-02
   5139.30  6675.3125  3.18370e-01  3.39829e-01  2.20306e-01  9.80639e-02
   5167.85  6675.9375  3.20199e-01  2.91035e-01  2.16224e-01  1.03975e-01
   5196.40  6676.5625  3.24855e-01  3.65152e-01  2.23417e-01  1.01437e-01
   5224.95  6677.1875  3.09614e-01  2.80797e-01  2.15591e-01  9.40228e-02
   5253.50  6677.8125  2.99513e-01  3.16339e-01  2.07877e-01  9.16354e-02
   5282.06  6678.4375  2.89750e-01  2.78897e-01  1.99079e-01  9.06704e-02
   5310.61  6679.0625  2.87001e-01  2.84122e-01  1.93344e-01  9.36566e-02
   5339.16  6679.6875  2.93702e-01  2.94500e-01  1.97612e-01  9.60902e-02
   5367.71  6680.3125  3.04722e-01  3.00077e-01  2.07372e-01  9.73505e-02
   5396.26  6680.9375  3.26681e-01  3.16126e-01  2.31347e-01  9.53343e-02
   5424.81  6681.5625  3.43596e-01  3.80875e-01  2.44662e-01  9.89337e-02
   5453.36  6682.1875  3.29412e-01  3.08739e-01  2.29497e-01  9.99158e-02
   5481.91  6682.8125  3.12309e-01  3.25833e-01  2.26047e-01  8.62619e-02
   5510.46  6683.4375  2.89684e-01  2.88824e-01  2.17631e-01  7.20526e-02
   5539.01  6684.0625  2.73681e-01  2.52356e-01  2.02718e-01  7.09633e-02
   5567.57  6684.6875  2.84303e-01  2.86188e-01  2.11295e-01  7.30084e-02
   5596.12  6685.3125  2.93673e-01  3.14509e-01  2.19022e-01  7.46509e-02
   5624.67  6685.9375  2.89430e-01  2.63562e-01  2.17672e-01  7.17583e-02
   5653.22  6686.5625  2.88528e-01  3.19661e-01  2.14970e-01  7.35576e-02
   5681.77  6687.1875  2.70223e-01  2.55627e-01  1.99374e-01  7.08487e-02
   5710.32  6687.8125  2.59269e-01  2.50172e-01  1.89596e-01  6.96729e-02
   5738.87  6688.4375  2.72686e-01  2.63725e-01  1.95200e-01  7.74867e-02
   5767.42  6689.0625  2.85652e-01  3.16403e-01  2.10211e-01  7.54410e-02
   5795.97  6689.6875  2.68614e-01  2.61191e-01  2.02268e-01  6.63465e-02
   5824.52  6690.3125  2.57977e-01  2.32652e-01  1.88718e-01  6.92586e-02
   5853.08  6690.9375  2.74357e-01  2.90530e-01  1.98065e-01  7.62924e-02
   5881.63  6691.5625  2.76576e-01  2.90610e-01  1.98717e-01  7.78594e-02
   5910.18  6692.1875  2.57065e-01  2.47839e-01  1.89401e-01  6.76641e-02
   5938.73  6692.8125  2.49259e-01  2.35626e-01  1.90008e-01  5.92515e-02
   5967.28  6693.4375  2.67163e-01  2.62200e-01  2.11195e-01  5.59684e-02
   5995.83  6694.0625  2.86502e-01  3.08639e-01  2.29660e-01  5.68423e-02
   6024.38  6694.6875  2.75615e-01  2.84232e-01  2.17967e-01  5.76482e-02
   6052.93  6695.3125  2.58874e-01  2.26028e-01  2.01124e-01  5.77507e-02
   6081.48  6695.9375  2.63528e-01  2.92122e-01  2.05939e-01  5.75893e-02
   6110.04  6696.5625  2.64410e-01  2.39267e-01  2.09497e-01  5.49136e-02
   6138.59  6697.1875  2.72194e-01  2.89439e-01  2.18102e-01  5.40924e-02
   6167.14  6697.8125  2.72140e-01  2.70230e-01  2.15652e-01  5.64878e-02
   6195.69  6698.4375  2.61987e-01  2.68038e-01  2.06887e-01  5.51006e-02
   6224.24  6699.0625  2.55370e-01  2.36845e-01  2.00560e-01  5.48106e-02
   6252.79  6699.6875  2.64990e-01  2.71873e-01  2.02078e-01  6.29124e-02
   6281.34  6700.3125  2.64581e-01  2.85739e-01  2.04355e-01  6.02262e-02
   6309.89  6700.9375  2.49483e-01  2.20608e-01  2.00921e-01  4.85624e-02
   6338.44  6701.5625  2.51979e-01  2.64703e-01  2.11359e-01  4.06198e-02
   6366.99  6702.1875  2.52972e-01  2.55973e-01  2.12082e-01  4.08898e-02
   6395.55  6702.8125  2.51034e-01  2.37748e-01  2.08402e-01  4.26321e-02
   6424.10  6703.4375  2.59593e-01  2.67464e-01  2.15804e-01  4.37894e-02
   6452.65  6704.0625  2.62905e-01  2.67680e-01  2.18278e-01  4.46273e-02
   6481.20  6704.6875  2.57782e-01  2.53522e-01  2.12296e-01  4.54862e-02
   6509.75  6705.3125  2.51297e-01  2.58976e-01  2.04179e-01  4.71181e-02
   6538.30  6705.9375  2.50700e-01  2.27270e-01  2.10345e-01  4.03545e-02
   6566.85  6706.5625  2.67418e-01  2.83386e-01  2.26226e-01  4.11917e-02
   6595.40  6707.1875  2.79236e-01  2.73733e-01  2.34419e-01  4.48169e-02
   6623.95  6707.8125  2.73553e-01  3.00286e-01  2.31575e-01  4.19779e-02
   6652.50  6708.4375  2.44505e-01  2.31657e-01  2.10929e-01  3.35752e-02
   6681.06  6709.0625  2.45830e-01  1.94922e-01  2.14092e-01  3.17382e-02
   6709.61  6709.6875  2.90019e-01  3.42292e-01  2.57094e-01  3.29255e-02
   6738.16  6710.3125  2.89665e-01  2.99363e-01  2.59223e-01  3.04415e-02
   6766.71  6710.9375  2.44941e-01  2.49452e-01  2.17381e-01  2.75594e-02
   6795.26  6711.5625  2.11858e-01  1.69022e-01  1.84972e-01  2.68852e-02
   6823.81  6712.1875  2.21476e-01  2.40982e-01  1.92644e-01  2.88316e-02
   6852.36  6712.8125  2.36698e-01  2.27525e-01  2.06496e-01  3.02022e-02
   6880.91  6713.4375  2.56161e-01  2.50967e-01  2.22523e-01  3.36375e-02
   6909.46  6714.0625  2.74168e-01  2.96060e-01  2.35640e-01  3.85277e-02
   6938.02  6714.6875  2.68384e-01  2.65856e-01  2.30518e-01  3.78659e-02
   6966.57  6715.3125  2.58897e-01  2.47848e-01  2.19689e-01  3.92086e-02
   6995.12  6715.9375  2.53051e-01  2.72799e-01  2.13140e-01  3.99105e-02
   7023.67  6716.5625  2.31073e-01  2.27163e-01  1.99489e-01  3.15837e-02
   7052.22  6717.1875  2.20771e-01  1.90127e-01  1.94780e-01  2.59910e-02
   7080.77  6717.8125  2.43607e-01  2.59215e-01  2.14330e-01  2.92772e-02
   7109.32  6718.4375  2.60699e-01  2.64268e-01  2.26852e-01  3.38471e-02
   7137.87  6719.0625  2.40424e-01  2.83236e-01  2.08896e-01  3.15275e-02
   7166.42  6719.6875  1.95219e-01  1.37405e-01  1.69278e-01  2.59408e-02
   7194.97  6720.3125  1.97526e-01  2.02560e-01  1.72420e-01  2.51064e-02
   7223.53  6720.9375  2.16237e-01  2.33610e-01  1.90469e-01  2.57675e-02
   7252.08  6721.5625  2.10664e-01  2.11223e-01  1.87311e-01  2.33530e-02
   7280.63  6722.1875  2.01358e-01  1.89389e-01  1.77020e-01  2.43377e-02
   7309.18  6722.8125  2.16383e-01  1.99806e-01  1.88324e-01  2.80593e-02
   7337.73  6723.4375  2.43875e-01  2.70819e-01  2.11622e-01  3.22534e-02
   7366.28  6724.0625  2.37763e-01  2.53314e-01  2.07525e-01  3.02378e-02
   7394.83  6724.6875  2.18074e-01  1.78330e-01  1.89112e-01  2.89623e-02
   7423.38  6725.3125  2.22504e-01  2.54560e-01  1.97700e-01  2.48038e-02
   7451.93  6725.9375  2.23754e-01  1.97398e-01  2.04849e-01  1.89044e-02
   7480.48  6726.5625  2.40343e-01  2.42735e-01  2.20040e-01  2.03032e-02
   7509.04  6727.1875  2.62595e-01  2.71614e-01  2.34554e-01  2.80406e-02
   7537.59  6727.8125  2.62123e-01  2.78888e-01  2.28598e-01  3.35249e-02
   7566.14  6728.4375  2.34825e-01  2.33564e-01  2.03921e-01  3.09047e-02
   7594.69  6729.0625  2.06591e-01  1.93880e-01  1.79647e-01  2.69434e-02
   7623.24  6729.6875  1.97519e-01  1.94084e-01  1.74657e-01  2.28615e-02
   7651.79  6730.3125  2.00085e-01  2.02586e-01  1.81448e-01  1.86365e-02
   7680.34  6730.9375  2.12563e-01  1.91998e-01  1.96504e-01  1.60594e-02
   7708.89  6731.5625  2.24013e-01  2.72351e-01  2.07620e-01  1.63932e-02
   7737.44  6732.1875  2.22282e-01  1.55179e-01  2.06220e-01  1.60615e-02
   7765.99  6732.8125  2.47955e-01  3.02980e-01  2.27072e-01  2.08829e-02
   7794.55  6733.4375  2.39060e-01  2.40888e-01  2.14852e-01  2.42075e-02
   7823.10  6734.0625  2.13176e-01  1.85841e-01  1.92381e-01  2.07950e-02
   7851.65  6734.6875  2.18462e-01  2.20841e-01  2.02662e-01  1.57995e-02
   7880.20  6735.3125  2.23213e-01  2.47565e-01  2.05670e-01  1.75426e-02
   7908.75  6735.9375  2.09530e-01  1.85667e-01  1.88642e-01  2.08877e-02
   7937.30  6736.5625  2.15522e-01  2.10780e-01  1.92945e-01  2.25763e-02
   7965.85  6737.1875  2.37992e-01  2.43223e-01  2.14283e-01  2.37086e-02
   7994.40  6737.8125  2.49681e-01  2.61822e-01  2.27658e-01  2.20232e-02
   8022.95  6738.4375  2.39948e-01  2.43704e-01  2.21766e-01  1.81822e-02
   8051.51  6739.0625  2.21496e-01  2.16006e-01  2.03369e-01  1.81269e-02
   8080.06  6739.6875  2.14434e-01  2.01382e-01  1.95727e-01  1.87069e-02
   8108.61  6740.3125  2.09522e-01  2.42969e-01  1.93068e-01  1.64536e-02
   8137.16  6740.9375  1.99534e-01  1.46147e-01  1.85334e-01  1.41998e-02
   8165.71  6741.5625  2.22583e-01  2.52135e-01  2.06624e-01  1.59594e-02
   8194.26  6742.1875  2.31460e-01  2.42584e-01  2.15045e-01  1.64145e-02
   8222.81  6742.8125  2.22394e-01  2.00292e-01  2.07946e-01  1.44480e-02
   8251.36  6743.4375  2.27321e-01  2.39463e-01  2.11184e-01  1.61376e-02
   8279.91  6744.0625  2.24128e-01  2.33100e-01  2.05807e-01  1.83207e-02
   8308.46  6744.6875  2.09533e-01  1.97368e-01  1.91947e-01  1.75867e-02
   8337.02  6745.3125  2.03223e-01  2.07447e-01  1.82974e-01  2.02491e-02
   8365.57  6745.9375  2.08052e-01  1.92411e-01  1.87910e-01  2.01421e-02
   8394.12  6746.5625  2.31907e-01  2.29453e-01  2.15922e-01  1.59850e-02
   8422.67  6747.1875  2.47654e-01  2.82991e-01  2.30788e-01  1.68659e-02
   8451.22  6747.8125  2.31487e-01  2.09259e-01  2.13683e-01  1.78046e-02
   8479.77  6748.4375  2.20253e-01  2.26526e-01  2.06883e-01  1.33698e-02
   8508.32  6749.0625  2.21003e-01  2.07264e-01  2.08715e-01  1.22883e-02
   8536.87  6749.6875  2.30126e-01  2.40975e-01  2.15283e-01  1.48430e-02
   8565.42  6750.3125  2.27697e-01  2.37519e-01  2.14103e-01  1.35940e-02
   8593.97  6750.9375  2.20115e-01  1.96031e-01  2.08394e-01  1.17204e-02
   8622.53  6751.5625  2.29842e-01  2.44940e-01  2.17595e-01  1.22476e-02
   8651.08  6752.1875  2.42973e-01  2.25447e-01  2.31136e-01  1.18368e-02
   8679.63  6752.8125  2.46125e-01  2.88314e-01  2.33160e-01  1.29641e-02
   8708.18  6753.4375  2.15579e-01  1.95917e-01  2.02564e-01  1.30154e-02
   8736.73  6754.0625  1.96355e-01  1.78887e-01  1.81771e-01  1.45833e-02
   8765.28  6754.6875  2.02787e-01  2.17562e-01  1.87738e-01  1.50489e-02
   8793.83  6755.3125  2.13372e-01  1.91253e-01  2.02018e-01  1.13537e-02
   8822.38  6755.9375  2.29420e-01  2.55767e-01  2.16783e-01  1.26377e-02
   8850.93  6756.5625  2.30802e-01  2.18643e-01  2.15722e-01  1.50800e-02
   8879.49  6757.1875  2.35579e-01  2.30419e-01  2.22764e-01  1.28149e-02
   8908.04  6757.8125  2.41094e-01  2.62690e-01  2.31307e-01  9.78702e-03
   8936.59  6758.4375  2.29472e-01  2.15494e-01  2.20310e-01  9.16180e-03
   8965.14  6759.0625  2.17313e-01  2.28183e-01  2.08185e-01  9.12856e-03
   8993.69  6759.6875  2.04654e-01  1.93871e-01  1.97014e-01  7.63962e-03
   9022.24  6760.3125  1.95817e-01  2.04163e-01  1.90200e-01  5.61622e-03
   9050.79  6760.9375  1.94750e-01  1.74927e-01  1.89587e-01  5.16218e-03
   9079.34  6761.5625  2.24576e-01  2.06306e-01  2.16234e-01  8.34216e-03
   9107.89  6762.1875  2.54391e-01  3.14562e-01  2.43062e-01  1.13295e-02
   9136.44  6762.8125  2.25613e-01  2.11227e-01  2.14222e-01  1.13906e-02
   9165.00  6763.4375  2.01690e-01  1.64615e-01  1.89245e-01  1.24447e-02
   9193.55  6764.0625  2.17386e-01  2.44702e-01  2.04630e-01  1.27554e-02
   9222.10  6764.6875  2.19298e-01  2.20383e-01  2.10297e-01  9.00141e-03
   9250.65  6765.3125  2.09741e-01  2.01451e-01  2.04502e-01  5.23911e-03
   9279.20  6765.9375  2.15292e-01  2.05008e-01  2.10073e-01  5.21920e-03
   9307.75  6766.5625  2.29067e-01  2.46745e-01  2.20589e-01  8.47717e-03
   9336.30  6767.1875  2.30126e-01  2.23880e-01  2.19123e-01  1.10028e-02
   9364.85  6767.8125  2.36819e-01  2.21703e-01  2.27655e-01  9.16436e-03
   9393.40  6768.4375  2.40825e-01  2.84833e-01  2.32989e-01  7.83569e-03
   9421.95  6769.0625  2.09201e-01  1.87816e-01  1.99666e-01  9.53434e-03
   9450.51  6769.6875  1.92584e-01  1.70943e-01  1.82809e-01  9.77452e-03
   9479.06  6770.3125  2.07867e-01  2.21696e-01  1.98380e-01  9.48751e-03
   9507.61  6770.9375  2.16344e-01  2.20103e-01  2.08297e-01  8.04641e-03
   9536.16  6771.5625  2.11664e-01  2.11863e-01  2.03688e-01  7.97569e-03
   9564.71  6772.1875  1.99577e-01  2.07268e-01  1.90867e-01  8.71056e-03
   9593.26  6772.8125  1.84174e-01  1.73475e-01  1.76326e-01  7.84882e-03
   9621.81  6773.4375  1.89572e-01  1.70169e-01  1.82021e-01  7.55092e-03
   9650.36  6774.0625  2.14956e-01  2.34233e-01  2.07255e-01  7.70082e-03
   9678.91  6774.6875  2.18447e-01  2.32423e-01  2.12188e-01  6.25852e-03
   9707.47  6775.3125  1.96185e-01  1.89960e-01  1.90375e-01  5.81001e-03
   9736.02  6775.9375  1.77892e-01  1.70386e-01  1.70628e-01  7.26415e-03
   9764.57  6776.5625  1.78345e-01  1.70020e-01  1.73208e-01  5.13667e-03
   9793.12  6777.1875  1.99359e-01  1.90949e-01  1.96417e-01  2.94171e-03
   9821.67  6777.8125  2.28523e-01  2.42217e-01  2.24893e-01  3.62953e-03
   9850.22  6778.4375  2.42161e-01  2.45164e-01  2.38938e-01  3.22321e-03
   9878.77  6779.0625  2.31339e-01  2.53377e-01  2.28111e-01  3.22797e-03
   9907.32  6779.6875  2.07713e-01  1.76919e-01  2.01508e-01  6.20464e-03
   9935.87  6780.3125  2.14325e-01  2.09098e-01  2.06560e-01  7.76559e-03
   9964.42  6780.9375  2.34367e-01  2.53248e-01  2.27145e-01  7.22163e-03
   9992.98  6781.5625  2.31330e-01  2.34245e-01  2.23658e-01  7.67282e-03
  10021.53  6782.1875  2.09120e-01  2.17045e-01  2.02046e-01  7.07413e-03
  10050.08  6782.8125  1.90422e-01  1.63107e-01  1.85773e-01  4.64864e-03
  10078.63  6783.4375  2.01238e-01  2.04530e-01  1.96732e-01  4.50689e-03
  10107.18  6784.0625  2.21383e-01  2.25044e-01  2.13450e-01  7.93294e-03
  10135.73  6784.6875  2.29173e-01  2.40217e-01  2.19302e-01  9.87089e-03
  10164.28  6785.3125  2.25990e-01  2.15743e-01  2.19187e-01  6.80349e-03
  10192.83  6785.9375  2.27634e-01  2.30329e-01  2.23841e-01  3.79258e-03
  10221.38  6786.5625  2.24864e-01  2.36627e-01  2.21332e-01  3.53138e-03
  10249.93  6787.1875  2.13755e-01  1.99585e-01  2.10288e-01  3.46615e-03
  10278.49  6787.8125  2.14204e-01  2.13677e-01  2.10388e-01  3.81671e-03
  10307.04  6788.4375  2.17933e-01  2.28948e-01  2.13878e-01  4.05551e-03
  10335.59  6789.0625  2.23958e-01  1.94947e-01  2.19241e-01  4.71648e-03
  10364.14  6789.6875  2.37983e-01  2.79329e-01  2.32775e-01  5.20823e-03
  10392.69  6790.3125  2.32064e-01  2.00984e-01  2.28999e-01  3.06506e-03
  10421.24  6790.9375  2.28518e-01  2.54077e-01  2.27523e-01  9.94740e-04
  10449.79  6791.5625  2.18036e-01  2.01939e-01  2.17078e-01  9.58268e-04
  10478.34  6792.1875  2.14103e-01  2.15199e-01  2.10233e-01  3.86998e-03
  10506.89  6792.8125  2.19433e-01  2.15868e-01  2.12160e-01  7.27284e-03
  10535.45  6793.4375  2.24123e-01  2.33188e-01  2.19032e-01  5.09168e-03
  10564.00  6794.0625  2.22267e-01  2.16542e-01  2.18673e-01  3.59399e-03
  10592.55  6794.6875  2.22538e-01  2.22763e-01  2.20123e-01  2.41480e-03
  10621.10  6795.3125  2.26697e-01  2.25713e-01  2.25020e-01  1.67663e-03
  10649.65  6795.9375  2.38190e-01  2.27010e-01  2.34947e-01  3.24318e-03
  10678.20  6796.5625  2.49435e-01  2.75325e-01  2.44689e-01  4.74602e-03
  10706.75  6797.1875  2.33461e-01  2.33503e-01  2.29555e-01  3.90551e-03
  10735.30  6797.8125  2.12699e-01  1.95359e-01  2.10578e-01  2.12159e-03
  10763.85  6798.4375  2.13845e-01  2.12843e-01  2.12402e-01  1.44249e-03
  10792.40  6799.0625  2.11236e-01  2.38824e-01  2.08910e-01  2.32598e-03
  10820.96  6799.6875  1.92459e-01  1.59878e-01  1.89368e-01  3.09057e-03
  10849.51  6800.3125  1.94856e-01  2.03705e-01  1.91299e-01  3.55694e-03
  10878.06  6800.9375  2.00757e-01  2.06789e-01  1.96906e-01  3.85046e-03
  10906.61  6801.5625  1.97505e-01  1.93283e-01  1.93741e-01  3.76394e-03
  10935.16  6802.1875  2.04683e-01  1.88441e-01  2.01765e-01  2.91845e-03
  10963.71  6802.8125  2.16491e-01  2.48615e-01  2.14165e-01  2.32579e-03
  10992.26  6803.4375  1.98878e-01  1.95000e-01  1.96861e-01  2.01791e-03
  11020.81  6804.0625  1.88365e-01  1.53963e-01  1.85919e-01  2.44637e-03
  11049.36  6804.6875  2.22117e-01  2.24525e-01  2.19652e-01  2.46495e-03
  11077.91  6805.3125  2.46930e-01  2.91870e-01  2.45436e-01  1.49406e-03
  11106.47  6805.9375  2.22251e-01  2.05764e-01  2.20082e-01  2.16913e-03
  11135.02  6806.5625  2.06233e-01  1.81500e-01  2.01690e-01  4.54239e-03
  11163.57  6807.1875  2.15646e-01  2.43293e-01  2.10145e-01  5.50097e-03
  11192.12  6807.8125  2.12862e-01  1.96007e-01  2.08116e-01  4.74643e-03
  11220.67  6808.4375  1.98113e-01  2.30919e-01  1.93258e-01  4.85564e-03
  11249.22  6809.0625  1.74531e-01  1.30873e-01  1.71295e-01  3.23683e-03
  11277.77  6809.6875  1.75829e-01  1.99961e-01  1.73598e-01  2.23105e-03
  11306.32  6810.3125  1.81170e-01  1.63771e-01  1.78033e-01  3.13747e-03
  11334.87  6810.9375  2.00881e-01  1.92741e-01  1.96861e-01  4.01979e-03
  11363.43  6811.5625  2.29156e-01  2.48886e-01  2.26538e-01  2.61778e-03
  11391.98  6812.1875  2.36096e-01  2.36690e-01  2.33595e-01  2.50143e-03
  11420.53  6812.8125  2.27292e-01  2.32926e-01  2.24088e-01  3.20414e-03
  11449.08  6813.4375  2.13840e-01  2.07257e-01  2.10868e-01  2.97143e-03
  11477.63  6814.0625  2.04128e-01  2.07129e-01  2.01736e-01  2.39239e-03
  11506.18  6814.6875  1.97959e-01  1.92229e-01  1.96319e-01  1.63987e-03
  11534.73  6815.3125  2.02481e-01  1.94648e-01  2.00411e-01  2.07077e-03
  11563.28  6815.9375  2.16206e-01  2.22050e-01  2.12293e-01  3.91317e-03
  11591.83  6816.5625  2.09291e-01  2.40327e-01  2.05814e-01  3.47699e-03
  11620.38  6817.1875  1.77382e-01  1.44842e-01  1.75887e-01  1.49421e-03
  11648.94  6817.8125  1.70017e-01  1.69879e-01  1.69341e-01  6.76258e-04
  11677.49  6818.4375  1.82120e-01  1.80815e-01  1.81641e-01  4.78740e-04
  11706.04  6819.0625  1.92124e-01  2.00425e-01  1.91230e-01  8.93132e-04
  11734.59  6819.6875  1.91770e-01  1.91821e-01  1.89265e-01  2.50546e-03
  11763.14  6820.3125  1.87295e-01  1.85910e-01  1.83489e-01  3.80596e-03
  11791.69  6820.9375  1.86057e-01  1.83179e-01  1.84010e-01  2.04665e-03
  11820.24  6821.5625  1.89053e-01  1.90232e-01  1.88604e-01  4.49011e-04
  11848.79  6822.1875  1.95571e-01  1.89119e-01  1.95146e-01  4.25298e-04
  11877.34  6822.8125  1.99544e-01  2.17564e-01  1.98687e-01  8.56894e-04
  11905.89  6823.4375  1.91649e-01  1.78491e-01  1.90412e-01  1.23729e-03
  11934.45  6824.0625  1.94787e-01  1.86385e-01  1.92908e-01  1.87956e-03
  11963.00  6824.6875  2.01220e-01  2.27724e-01  1.99397e-01  1.82297e-03
  11991.55  6825.3125  1.92785e-01  1.68444e-01  1.90818e-01  1.96642e-03
  12020.10  6825.9375  2.01612e-01  1.98610e-01  1.99163e-01  2.44882e-03
  12048.65  6826.5625  2.08060e-01  2.43246e-01  2.05039e-01  3.02044e-03
  12077.20  6827.1875  1.88721e-01  1.57094e-01  1.87163e-01  1.55770e-03
  12105.75  6827.8125  1.79092e-01  1.98593e-01  1.78301e-01  7.91238e-04
  12134.30  6828.4375  1.72356e-01  1.53626e-01  1.71152e-01  1.20486e-03
  12162.85  6829.0625  1.72277e-01  1.86033e-01  1.70975e-01  1.30152e-03
  12191.40  6829.6875  1.77275e-01  1.55460e-01  1.74849e-01  2.42572e-03
  12219.96  6830.3125  1.96140e-01  2.09318e-01  1.92748e-01  3.39197e-03
  12248.51  6830.9375  2.16445e-01  2.04686e-01  2.14201e-01  2.24340e-03
  12277.06  6831.5625  2.30593e-01  2.55679e-01  2.29799e-01  7.93122e-04
  12305.61  6832.1875  2.28623e-01  2.10159e-01  2.27483e-01  1.13978e-03
  12334.16  6832.8125  2.27961e-01  2.42546e-01  2.24900e-01  3.06103e-03
  12362.71  6833.4375  2.23841e-01  2.14265e-01  2.20299e-01  3.54211e-03
  12391.26  6834.0625  2.21665e-01  2.26353e-01  2.20149e-01  1.51598e-03
  12419.81  6834.6875  2.19958e-01  2.15895e-01  2.19756e-01  2.01781e-04
  12448.36  6835.3125  2.05447e-01  2.34057e-01  2.05433e-01  1.34730e-05
  12476.92  6835.9375  1.82662e-01  1.34897e-01  1.82535e-01  1.27224e-04
  12505.47  6836.5625  1.82393e-01  2.23051e-01  1.81543e-01  8.50208e-04
  12534.02  6837.1875  1.69844e-01  1.48198e-01  1.68229e-01  1.61487e-03
  12562.57  6837.8125  1.75679e-01  1.53064e-01  1.74780e-01  8.98320e-04
  12591.12  6838.4375  2.02582e-01  2.37711e-01  2.02337e-01  2.45045e-04
  12619.67  6839.0625  2.06262e-01  1.91223e-01  2.06149e-01  1.13272e-04
  12648.22  6839.6875  2.09052e-01  2.08983e-01  2.08734e-01  3.17275e-04
  12676.77  6840.3125  2.13310e-01  2.24375e-01  2.12662e-01  6.48282e-04
  12705.32  6840.9375  2.07924e-01  2.01746e-01  2.07177e-01  7.47911e-04
  12733.87  6841.5625  2.15678e-01  1.94466e-01  2.14572e-01  1.10577e-03
  12762.43  6842.1875  2.33992e-01  2.70266e-01  2.31924e-01  2.06855e-03
  12790.98  6842.8125  2.30789e-01  2.06336e-01  2.27242e-01  3.54660e-03
  12819.53  6843.4375  2.20958e-01  2.51520e-01  2.18109e-01  2.84923e-03
  12848.08  6844.0625  1.97274e-01  1.76514e-01  1.95740e-01  1.53424e-03
  12876.63  6844.6875  1.95700e-01  1.74700e-01  1.95173e-01  5.27504e-04
  12905.18  6845.3125  2.19754e-01  2.41839e-01  2.19687e-01  6.71638e-05
  12933.73  6845.9375  2.20411e-01  2.34811e-01  2.20407e-01  4.17666e-06
  12962.28  6846.5625  2.12420e-01  1.72610e-01  2.12405e-01  1.50919e-05
  12990.83  6847.1875  2.31503e-01  2.57821e-01  2.31388e-01  1.14606e-04
  13019.38  6847.8125  2.29646e-01  2.46707e-01  2.28947e-01  6.99473e-04
  13047.94  6848.4375  2.05657e-01  1.80598e-01  2.04091e-01  1.56508e-03
  13076.49  6849.0625  2.04054e-01  2.02575e-01  2.02773e-01  1.28085e-03
  13105.04  6849.6875  2.07730e-01  2.27398e-01  2.07306e-01  4.24042e-04
  13133.59  6850.3125  1.97853e-01  1.80638e-01  1.97798e-01  5.52219e-05
  13162.14  6850.9375  2.06789e-01  1.92575e-01  2.06667e-01  1.22095e-04
  13190.69  6851.5625  2.28890e-01  2.54866e-01  2.28040e-01  8.50641e-04
  13219.24  6852.1875  2.29372e-01  2.23932e-01  2.27739e-01  1.63292e-03
  13247.79  6852.8125  2.29494e-01  2.15136e-01  2.28639e-01  8.54854e-04
  13276.34  6853.4375  2.34756e-01  2.63447e-01  2.34526e-01  2.30569e-04
  13304.90  6854.0625  2.26684e-01  1.98993e-01  2.25899e-01  7.84975e-04
  13333.45  6854.6875  2.24148e-01  2.48233e-01  2.22650e-01  1.49809e-03
  13362.00  6855.3125  2.08262e-01  2.03538e-01  2.07478e-01  7.84015e-04
  13390.55  6855.9375  1.87678e-01  1.84014e-01  1.87472e-01  2.06650e-04
  13419.10  6856.5625  1.81969e-01  1.68799e-01  1.81255e-01  7.14135e-04
  13447.65  6857.1875  1.95871e-01  1.96698e-01  1.94307e-01  1.56425e-03
  13476.20  6857.8125  2.17071e-01  2.15483e-01  2.15868e-01  1.20216e-03
  13504.75  6858.4375  2.28903e-01  2.48377e-01  2.28515e-01  3.88691e-04
  13533.30  6859.0625  2.23652e-01  2.10585e-01  2.23435e-01  2.16911e-04
  13561.85  6859.6875  2.24793e-01  2.23120e-01  2.24094e-01  6.99172e-04
  13590.41  6860.3125  2.29843e-01  2.39181e-01  2.28776e-01  1.06679e-03
  13618.96  6860.9375  2.24032e-01  2.23323e-01  2.23471e-01  5.60773e-04
  13647.51  6861.5625  2.08569e-01  2.17300e-01  2.08381e-01  1.88199e-04
  13676.06  6862.1875  1.89309e-01  1.77482e-01  1.89063e-01  2.45958e-04
  13704.61  6862.8125  1.89006e-01  1.73690e-01  1.88533e-01  4.72858e-04
  13733.16  6863.4375  2.01597e-01  2.26819e-01  2.00721e-01  8.75989e-04
  13761.71  6864.0625  2.04971e-01  1.79625e-01  2.03580e-01  1.39158e-03
  13790.26  6864.6875  2.15981e-01  2.34926e-01  2.14892e-01  1.08809e-03
  13818.81  6865.3125  2.19408e-01  2.14632e-01  2.18527e-01  8.81056e-04
  13847.36  6865.9375  2.22673e-01  2.15138e-01  2.22130e-01  5.42785e-04
  13875.92  6866.5625  2.30308e-01  2.44293e-01  2.29310e-01  9.97724e-04
  13904.47  6867.1875  2.33009e-01  2.16959e-01  2.31199e-01  1.80982e-03
  13933.02  6867.8125  2.35809e-01  2.58445e-01  2.34798e-01  1.01106e-03
  13961.57  6868.4375  2.28518e-01  2.09430e-01  2.27884e-01  6.33772e-04
  13990.12  6869.0625  2.21850e-01  2.42557e-01  2.20881e-01  9.68699e-04
  14018.67  6869.6875  2.15198e-01  1.87448e-01  2.14640e-01  5.58110e-04
  14047.22  6870.3125  2.31785e-01  2.33521e-01  2.31308e-01  4.77247e-04
  14075.77  6870.9375  2.45962e-01  2.72628e-01  2.45136e-01  8.26178e-04
  14104.32  6871.5625  2.25282e-01  2.25002e-01  2.24534e-01  7.48816e-04
  14132.88  6872.1875  2.01186e-01  1.80335e-01  2.00367e-01  8.18867e-04
  14161.43  6872.8125  2.01795e-01  2.05971e-01  2.01192e-01  6.02491e-04
  14189.98  6873.4375  2.11092e-01  2.08513e-01  2.10831e-01  2.60923e-04
  14218.53  6874.0625  2.21511e-01  2.22240e-01  2.21260e-01  2.50895e-04
  14247.08  6874.6875  2.30601e-01  2.32392e-01  2.29899e-01  7.01914e-04
  14275.63  6875.3125  2.25481e-01  2.44959e-01  2.24257e-01  1.22483e-03
  14304.18  6875.9375  2.01214e-01  1.89109e-01  2.00514e-01  6.99657e-04
  14332.73  6876.5625  1.91889e-01  1.73538e-01  1.91659e-01  2.29824e-04
  14361.28  6877.1875  2.04184e-01  2.19551e-01  2.04026e-01  1.57821e-04
  14389.83  6877.8125  2.02738e-01  2.10889e-01  2.02140e-01  5.97704e-04
  14418.39  6878.4375  1.84811e-01  1.79851e-01  1.83586e-01  1.22490e-03
  14446.94  6879.0625  1.72021e-01  1.66224e-01  1.70617e-01  1.40332e-03
  14475.49  6879.6875  1.77765e-01  1.63847e-01  1.75522e-01  2.24300e-03
  14504.04  6880.3125  1.97814e-01  2.11074e-01  1.95558e-01  2.25550e-03
  14532.59  6880.9375  2.09789e-01  2.07802e-01  2.08884e-01  9.05482e-04
  14561.14  6881.5625  2.14498e-01  2.19308e-01  2.14379e-01  1.19552e-04
  14589.69  6882.1875  2.22438e-01  2.05925e-01  2.22385e-01  5.21150e-05
  14618.24  6882.8125  2.29978e-01  2.63319e-01  2.29641e-01  3.37503e-04
  14646.79  6883.4375  2.13356e-01  1.95348e-01  2.12708e-01  6.47792e-04
  14675.34  6884.0625  1.93965e-01  2.06547e-01  1.93628e-01  3.37458e-04
  14703.90  6884.6875  1.78063e-01  1.61380e-01  1.78015e-01  4.77453e-05
  14732.45  6885.3125  1.82351e-01  1.73129e-01  1.82345e-01  5.62298e-06
  14761.00  6885.9375  1.96539e-01  2.17212e-01  1.96440e-01  9.88838e-05
  14789.55  6886.5625  1.99394e-01  1.83733e-01  1.98695e-01  6.99343e-04
  14818.10  6887.1875  2.19892e-01  2.03434e-01  2.18550e-01  1.34247e-03
  14846.65  6887.8125  2.52480e-01  2.82894e-01  2.51781e-01  6.99343e-04
  14875.20  6888.4375  2.51021e-01  2.58026e-01  2.50922e-01  9.88648e-05
  14903.75  6889.0625  2.27246e-01  2.19006e-01  2.27242e-01  3.79281e-06
  14932.30  6889.6875  2.10498e-01  2.09318e-01  2.10498e-01  3.94865e-08
  14960.86  6890.3125  2.10187e-01  1.93074e-01  2.10187e-01  2.16791e-10
  14989.41  6890.9375  2.25867e-01  2.38134e-01  2.25867e-01  2.08235e-08
  15017.96  6891.5625  2.28194e-01  2.40503e-01  2.28193e-01  5.42793e-07
  15046.51  6892.1875  2.10114e-01  2.06215e-01  2.10110e-01  3.83957e-06
  15075.06  6892.8125  1.97949e-01  1.82489e-01  1.97941e-01  7.37053e-06
  15103.61  6893.4375  1.96903e-01  2.17990e-01  1.96900e-01  3.83957e-06
  15132.16  6894.0625  1.98372e-01  1.61460e-01  1.98372e-01  5.42793e-07
  15160.71  6894.6875  2.14434e-01  2.52369e-01  2.14434e-01  2.08235e-08
  15189.26  6895.3125  2.12959e-01  1.93625e-01  2.12959e-01  2.16791e-10
  15217.81  6895.9375  2.10493e-01  2.19411e-01  2.10493e-01  4.50689e-08
  15246.37  6896.5625  2.12786e-01  2.01715e-01  2.12782e-01  4.32902e-06
  15274.92  6897.1875  2.16941e-01  2.31024e-01  2.16828e-01  1.12842e-04
  15303.47  6897.8125  2.14468e-01  2.04675e-01  2.13670e-01  7.98212e-04
  15332.02  6898.4375  2.14862e-01  2.18806e-01  2.13330e-01  1.53227e-03
  15360.57  6899.0625  2.20384e-01  2.11050e-01  2.19585e-01  7.98212e-04
  15389.12  6899.6875  2.24030e-01  2.45353e-01  2.23917e-01  1.12842e-04
  15417.67  6900.3125  2.17172e-01  1.96821e-01  2.17168e-01  4.32902e-06
  15446.22  6900.9375  2.24441e-01  2.23468e-01  2.24441e-01  4.50689e-08
  15474.77  6901.5625  2.29143e-01  2.57102e-01  2.29143e-01  0.00000e+00
  15503.32  6902.1875  2.21659e-01  1.79755e-01  2.21659e-01  0.00000e+00
  15531.88  6902.8125  2.24922e-01  2.72564e-01  2.24922e-01  0.00000e+00
  15560.43  6903.4375  2.03187e-01  1.80611e-01  2.03187e-01  6.49806e-10
  15588.98  6904.0625  1.91285e-01  1.79554e-01  1.91285e-01  6.24161e-08
  15617.53  6904.6875  2.07108e-01  2.06099e-01  2.07106e-01  1.62696e-06
  15646.08  6905.3125  2.20272e-01  2.39687e-01  2.20260e-01  1.15087e-05
  15674.63  6905.9375  2.06028e-01  2.10751e-01  2.06005e-01  2.20923e-05
  15703.18  6906.5625  1.83340e-01  1.68349e-01  1.83329e-01  1.15087e-05
  15731.73  6907.1875  1.86595e-01  1.70570e-01  1.86593e-01  1.62696e-06
  15760.28  6907.8125  2.13755e-01  2.23871e-01  2.13755e-01  6.24161e-08
  15788.84  6908.4375  2.29885e-01  2.41628e-01  2.29885e-01  6.49806e-10
  15817.39  6909.0625  2.15683e-01  2.32360e-01  2.15683e-01  0.00000e+00
  15845.94  6909.6875  1.92399e-01  1.58028e-01  1.92399e-01  0.00000e+00
  15874.49  6910.3125  1.99942e-01  2.06807e-01  1.99942e-01  0.00000e+00
  15903.04  6910.9375  2.11740e-01  2.23835e-01  2.11740e-01  0.00000e+00
  15931.59  6911.5625  2.11478e-01  1.99273e-01  2.11478e-01  0.00000e+00
  15960.14  6912.1875  2.12804e-01  2.23378e-01  2.12804e-01  0.00000e+00
  15988.69  6912.8125  1.96476e-01  2.15087e-01  1.96476e-01  0.00000e+00
  16017.24  6913.4375  1.62745e-01  1.40524e-01  1.62745e-01  0.00000e+00
  16045.79  6914.0625  1.47235e-01  1.47614e-01  1.47235e-01  0.00000e+00
  16074.35  6914.6875  1.53666e-01  1.38691e-01  1.53666e-01  0.00000e+00
  16102.90  6915.3125  1.86802e-01  1.74968e-01  1.86802e-01  0.00000e+00
  16131.45  6915.9375  2.25733e-01  2.56812e-01  2.25733e-01  0.00000e+00
  16160.00  6916.5625  2.30472e-01  2.33059e-01  2.30472e-01  0.00000e+00
  16188.55  6917.1875  2.32061e-01  1.98394e-01  2.32061e-01  0.00000e+00
  16217.10  6917.8125  2.45682e-01  2.95679e-01  2.45682e-01  0.00000e+00
  16245.65  6918.4375  2.16441e-01  2.12912e-01  2.16441e-01  0.00000e+00
  16274.20  6919.0625  1.88148e-01  1.46559e-01  1.88148e-01  0.00000e+00
  16302.75  6919.6875  2.16906e-01  2.12498e-01  2.16906e-01  0.00000e+00
  16331.30  6920.3125  2.48560e-01  2.96598e-01  2.48560e-01  0.00000e+00
  16359.86  6920.9375  2.33456e-01  2.11628e-01  2.33456e-01  0.00000e+00
  16388.41  6921.5625  2.19675e-01  2.16785e-01  2.19675e-01  0.00000e+00
  16416.96  6922.1875  2.13530e-01  2.27264e-01  2.13530e-01  0.00000e+00
  16445.51  6922.8125  2.00086e-01  1.86579e-01  2.00086e-01  0.00000e+00
  16474.06  6923.4375  2.00186e-01  1.92958e-01  2.00186e-01  0.00000e+00
  16502.61  6924.0625  2.06652e-01  2.24675e-01  2.06652e-01  0.00000e+00
  16531.16  6924.6875  1.93814e-01  1.95217e-01  1.93814e-01  0.00000e+00
  16559.71  6925.3125  1.81772e-01  1.59073e-01  1.81772e-01  0.00000e+00
  16588.26  6925.9375  1.92213e-01  2.03127e-01  1.92213e-01  0.00000e+00
  16616.81  6926.5625  2.05193e-01  1.98715e-01  2.05193e-01  0.00000e+00
  16645.37  6927.1875  2.11511e-01  2.28269e-01  2.11511e-01  2.29057e-08
  16673.92  6927.8125  2.12492e-01  1.89796e-01  2.12490e-01  2.20017e-06
  16702.47  6928.4375  2.27254e-01  2.36994e-01  2.27197e-01  5.73503e-05
  16731.02  6929.0625  2.31190e-01  2.50563e-01  2.30784e-01  4.05681e-04
  16759.57  6929.6875  2.16401e-01  1.95324e-01  2.15623e-01  7.78754e-04
  16788.12  6930.3125  2.09745e-01  2.23992e-01  2.09339e-01  4.05681e-04
  16816.67  6930.9375  2.09149e-01  1.86862e-01  2.09091e-01  5.73586e-05
  16845.22  6931.5625  2.18689e-01  2.38164e-01  2.18686e-01  2.99553e-06
  16873.77  6932.1875  2.18844e-01  2.13777e-01  2.18824e-01  2.07551e-05
  16902.33  6932.8125  2.22453e-01  2.08194e-01  2.22307e-01  1.46654e-04
  16930.88  6933.4375  2.30541e-01  2.58481e-01  2.30259e-01  2.81520e-04
  16959.43  6934.0625  2.12374e-01  2.10315e-01  2.12227e-01  1.46654e-04
  16987.98  6934.6875  1.96988e-01  1.69010e-01  1.96968e-01  2.07322e-05
  17016.53  6935.3125  2.10415e-01  2.24543e-01  2.10414e-01  7.95362e-07
  17045.08  6935.9375  2.17142e-01  2.25569e-01  2.17142e-01  8.28041e-09
  17073.63  6936.5625  2.08393e-01  2.02934e-01  2.08393e-01  3.60120e-09
  17102.18  6937.1875  2.03127e-01  1.99506e-01  2.03127e-01  3.45908e-07
  17130.73  6937.8125  1.99935e-01  2.10376e-01  1.99926e-01  9.01656e-06
  17159.28  6938.4375  1.92749e-01  1.79000e-01  1.92685e-01  6.37807e-05
  17187.84  6939.0625  1.85865e-01  2.07495e-01  1.85743e-01  1.22435e-04
  17216.39  6939.6875  1.80339e-01  1.42025e-01  1.80275e-01  6.37807e-05
  17244.94  6940.3125  1.96319e-01  2.25842e-01  1.96310e-01  9.01656e-06
  17273.49  6940.9375  2.09265e-01  1.83788e-01  2.09264e-01  3.45908e-07
  17302.04  6941.5625  2.12790e-01  2.59364e-01  2.12790e-01  3.60120e-09
  17330.59  6942.1875  1.94557e-01  1.50653e-01  1.94557e-01  0.00000e+00
  17359.14  6942.8125  1.95276e-01  2.15418e-01  1.95276e-01  0.00000e+00
  17387.69  6943.4375  1.94166e-01  1.95067e-01  1.94166e-01  0.00000e+00
  17416.24  6944.0625  1.90461e-01  1.74647e-01  1.90461e-01  0.00000e+00
  17444.79  6944.6875  2.00999e-01  2.10096e-01  2.00999e-01  0.00000e+00
  17473.35  6945.3125  2.09087e-01  2.09639e-01  2.09087e-01  0.00000e+00
  17501.90  6945.9375  2.15640e-01  2.06205e-01  2.15640e-01  0.00000e+00
  17530.45  6946.5625  2.09453e-01  2.52804e-01  2.09453e-01  0.00000e+00
  17559.00  6947.1875  1.81034e-01  1.31106e-01  1.81034e-01  0.00000e+00
  17587.55  6947.8125  1.85967e-01  1.98003e-01  1.85967e-01  0.00000e+00
  17616.10  6948.4375  2.02320e-01  2.03537e-01  2.02320e-01  0.00000e+00
  17644.65  6949.0625  2.00245e-01  2.19501e-01  2.00245e-01  0.00000e+00
  17673.20  6949.6875  1.81488e-01  1.65489e-01  1.81488e-01  0.00000e+00
