# day002  epoch=2.0d  L_Halpha=5.015e+40 erg/s  smooth_kms=25.0
# Columns:
#   1: Δv [km/s]      velocity offset from Hα (6562.81 Å), positive = redshift
#   2: lambda [Å]     observed wavelength
#   3: F_norm         total flux, smoothed, normalized to F_cont_baseline
#   4: F_norm_raw     total flux, RAW MC (no velocity smoothing)
#   5: F_cont_smooth  continuum-channel flux (continuum photons only)
#   6: F_vol_smooth   volumetric-channel flux (line emission contribution)
# Format: F_norm ≈ F_cont_smooth + F_vol_smooth (within MC noise)
# ----------------------------------------------------------------------------------------
 -16559.48  6200.3125  1.06929e+00  1.09173e+00  1.07045e+00  0.00000e+00
 -16530.93  6200.9375  1.03991e+00  1.01341e+00  1.04061e+00  0.00000e+00
 -16502.38  6201.5625  9.86749e-01  1.06806e+00  9.87010e-01  0.00000e+00
 -16473.83  6202.1875  9.19064e-01  7.83647e-01  9.18478e-01  0.00000e+00
 -16445.28  6202.8125  9.24346e-01  1.02766e+00  9.23617e-01  0.00000e+00
 -16416.73  6203.4375  9.24138e-01  8.30015e-01  9.24023e-01  0.00000e+00
 -16388.18  6204.0625  9.25680e-01  1.04328e+00  9.25685e-01  0.00000e+00
 -16359.63  6204.6875  9.21512e-01  7.54891e-01  9.21577e-01  0.00000e+00
 -16331.08  6205.3125  1.01114e+00  1.11202e+00  1.01094e+00  0.00000e+00
 -16302.53  6205.9375  1.06890e+00  1.05481e+00  1.06841e+00  0.00000e+00
 -16273.97  6206.5625  1.03939e+00  1.12478e+00  1.03865e+00  0.00000e+00
 -16245.42  6207.1875  9.28067e-01  8.84937e-01  9.27883e-01  0.00000e+00
 -16216.87  6207.8125  8.49958e-01  8.10161e-01  8.50481e-01  0.00000e+00
 -16188.32  6208.4375  8.90856e-01  8.16221e-01  8.91670e-01  0.00000e+00
 -16159.77  6209.0625  1.01069e+00  1.09141e+00  1.01199e+00  0.00000e+00
 -16131.22  6209.6875  1.10758e+00  1.03747e+00  1.10859e+00  0.00000e+00
 -16102.67  6210.3125  1.17397e+00  1.30279e+00  1.17378e+00  0.00000e+00
 -16074.12  6210.9375  1.12025e+00  1.09916e+00  1.11999e+00  0.00000e+00
 -16045.57  6211.5625  1.01484e+00  1.02845e+00  1.01510e+00  0.00000e+00
 -16017.01  6212.1875  9.74016e-01  8.48866e-01  9.74139e-01  0.00000e+00
 -15988.46  6212.8125  1.05467e+00  1.11304e+00  1.05423e+00  0.00000e+00
 -15959.91  6213.4375  1.08414e+00  1.16852e+00  1.08375e+00  0.00000e+00
 -15931.36  6214.0625  1.01350e+00  9.38802e-01  1.01319e+00  0.00000e+00
 -15902.81  6214.6875  9.62007e-01  1.00675e+00  9.61741e-01  0.00000e+00
 -15874.26  6215.3125  8.96341e-01  8.94400e-01  8.96668e-01  0.00000e+00
 -15845.71  6215.9375  8.36057e-01  7.88685e-01  8.36177e-01  0.00000e+00
 -15817.16  6216.5625  8.15767e-01  8.55721e-01  8.15286e-01  0.00000e+00
 -15788.61  6217.1875  8.06196e-01  7.53939e-01  8.05749e-01  0.00000e+00
 -15760.06  6217.8125  9.01250e-01  8.01413e-01  9.01393e-01  0.00000e+00
 -15731.50  6218.4375  1.09667e+00  1.19588e+00  1.09735e+00  0.00000e+00
 -15702.95  6219.0625  1.16705e+00  1.25912e+00  1.16733e+00  0.00000e+00
 -15674.40  6219.6875  1.07296e+00  1.04618e+00  1.07269e+00  0.00000e+00
 -15645.85  6220.3125  9.48799e-01  9.64244e-01  9.48724e-01  0.00000e+00
 -15617.30  6220.9375  8.65500e-01  7.82873e-01  8.66037e-01  0.00000e+00
 -15588.75  6221.5625  8.45849e-01  9.10944e-01  8.46578e-01  0.00000e+00
 -15560.20  6222.1875  8.10606e-01  7.74621e-01  8.11178e-01  0.00000e+00
 -15531.65  6222.8125  7.88352e-01  7.87980e-01  7.88602e-01  0.00000e+00
 -15503.10  6223.4375  8.11351e-01  7.67330e-01  8.11201e-01  0.00000e+00
 -15474.55  6224.0625  8.65630e-01  9.12989e-01  8.65172e-01  0.00000e+00
 -15445.99  6224.6875  8.80669e-01  8.87059e-01  8.79789e-01  0.00000e+00
 -15417.44  6225.3125  8.84643e-01  8.45017e-01  8.83788e-01  0.00000e+00
 -15388.89  6225.9375  9.44132e-01  9.26649e-01  9.43184e-01  0.00000e+00
 -15360.34  6226.5625  1.01103e+00  1.08174e+00  1.01011e+00  0.00000e+00
 -15331.79  6227.1875  1.04481e+00  9.58074e-01  1.04409e+00  0.00000e+00
 -15303.24  6227.8125  1.08572e+00  1.19134e+00  1.08583e+00  0.00000e+00
 -15274.69  6228.4375  1.01449e+00  1.06346e+00  1.01526e+00  0.00000e+00
 -15246.14  6229.0625  9.62553e-01  7.15342e-01  9.62840e-01  0.00000e+00
 -15217.59  6229.6875  1.11873e+00  1.25802e+00  1.11870e+00  0.00000e+00
 -15189.03  6230.3125  1.16305e+00  1.28727e+00  1.16310e+00  0.00000e+00
 -15160.48  6230.9375  9.93537e-01  9.56502e-01  9.93386e-01  0.00000e+00
 -15131.93  6231.5625  8.92743e-01  7.19342e-01  8.92606e-01  0.00000e+00
 -15103.38  6232.1875  9.42340e-01  1.10978e+00  9.42288e-01  0.00000e+00
 -15074.83  6232.8125  9.11028e-01  8.54708e-01  9.10823e-01  0.00000e+00
 -15046.28  6233.4375  8.82073e-01  8.36536e-01  8.81921e-01  0.00000e+00
 -15017.73  6234.0625  8.70609e-01  9.95938e-01  8.71024e-01  0.00000e+00
 -14989.18  6234.6875  8.00037e-01  6.68298e-01  8.00584e-01  0.00000e+00
 -14960.63  6235.3125  8.06692e-01  8.50389e-01  8.07008e-01  0.00000e+00
 -14932.08  6235.9375  8.73070e-01  7.98465e-01  8.72820e-01  0.00000e+00
 -14903.52  6236.5625  9.61467e-01  1.05402e+00  9.60690e-01  0.00000e+00
 -14874.97  6237.1875  9.79212e-01  9.62873e-01  9.79093e-01  0.00000e+00
 -14846.42  6237.8125  9.51033e-01  9.71814e-01  9.51622e-01  0.00000e+00
 -14817.87  6238.4375  8.81783e-01  9.20554e-01  8.81873e-01  0.00000e+00
 -14789.32  6239.0625  8.14691e-01  7.07030e-01  8.14425e-01  0.00000e+00
 -14760.77  6239.6875  8.67929e-01  8.61108e-01  8.67651e-01  0.00000e+00
 -14732.22  6240.3125  9.34774e-01  1.03462e+00  9.34729e-01  0.00000e+00
 -14703.67  6240.9375  8.95032e-01  8.64370e-01  8.94650e-01  0.00000e+00
 -14675.12  6241.5625  8.48862e-01  8.31013e-01  8.47923e-01  0.00000e+00
 -14646.57  6242.1875  8.82803e-01  8.12004e-01  8.81972e-01  0.00000e+00
 -14618.01  6242.8125  9.82108e-01  1.04835e+00  9.81758e-01  0.00000e+00
 -14589.46  6243.4375  1.02079e+00  1.04883e+00  1.02067e+00  0.00000e+00
 -14560.91  6244.0625  1.00195e+00  9.66974e-01  1.00203e+00  0.00000e+00
 -14532.36  6244.6875  9.51187e-01  1.05213e+00  9.51375e-01  0.00000e+00
 -14503.81  6245.3125  8.31623e-01  7.62778e-01  8.32282e-01  0.00000e+00
 -14475.26  6245.9375  8.12543e-01  6.98680e-01  8.13301e-01  0.00000e+00
 -14446.71  6246.5625  9.62967e-01  9.88391e-01  9.63636e-01  0.00000e+00
 -14418.16  6247.1875  1.05570e+00  1.21877e+00  1.05629e+00  0.00000e+00
 -14389.61  6247.8125  9.89928e-01  8.74323e-01  9.90013e-01  0.00000e+00
 -14361.06  6248.4375  9.91531e-01  9.66375e-01  9.91166e-01  0.00000e+00
 -14332.50  6249.0625  1.05030e+00  1.11856e+00  1.05063e+00  0.00000e+00
 -14303.95  6249.6875  1.04355e+00  1.03726e+00  1.04445e+00  0.00000e+00
 -14275.40  6250.3125  1.03694e+00  9.73836e-01  1.03746e+00  0.00000e+00
 -14246.85  6250.9375  1.02181e+00  1.18617e+00  1.02235e+00  0.00000e+00
 -14218.30  6251.5625  9.20188e-01  7.59523e-01  9.20959e-01  0.00000e+00
 -14189.75  6252.1875  8.82660e-01  9.74960e-01  8.83642e-01  0.00000e+00
 -14161.20  6252.8125  8.72440e-01  7.72759e-01  8.73320e-01  0.00000e+00
 -14132.65  6253.4375  9.18204e-01  9.70204e-01  9.19225e-01  0.00000e+00
 -14104.10  6254.0625  1.03307e+00  8.90855e-01  1.03353e+00  0.00000e+00
 -14075.54  6254.6875  1.21295e+00  1.36923e+00  1.21315e+00  0.00000e+00
 -14046.99  6255.3125  1.23384e+00  1.29176e+00  1.23454e+00  0.00000e+00
 -14018.44  6255.9375  1.09874e+00  1.08249e+00  1.09957e+00  0.00000e+00
 -13989.89  6256.5625  9.77800e-01  9.25863e-01  9.77849e-01  0.00000e+00
 -13961.34  6257.1875  9.57466e-01  9.16308e-01  9.56959e-01  0.00000e+00
 -13932.79  6257.8125  9.85275e-01  1.04946e+00  9.85019e-01  0.00000e+00
 -13904.24  6258.4375  9.56894e-01  9.54163e-01  9.56920e-01  0.00000e+00
 -13875.69  6259.0625  9.20254e-01  8.79611e-01  9.20358e-01  0.00000e+00
 -13847.14  6259.6875  9.49813e-01  9.22521e-01  9.49810e-01  0.00000e+00
 -13818.59  6260.3125  9.69771e-01  1.09143e+00  9.69844e-01  0.00000e+00
 -13790.03  6260.9375  8.98753e-01  8.09872e-01  8.99372e-01  0.00000e+00
 -13761.48  6261.5625  8.68723e-01  8.77802e-01  8.69743e-01  0.00000e+00
 -13732.93  6262.1875  8.91354e-01  8.65655e-01  8.92280e-01  0.00000e+00
 -13704.38  6262.8125  9.30240e-01  9.55260e-01  9.30726e-01  0.00000e+00
 -13675.83  6263.4375  9.41541e-01  9.56923e-01  9.41521e-01  0.00000e+00
 -13647.28  6264.0625  9.28007e-01  9.17766e-01  9.27735e-01  0.00000e+00
 -13618.73  6264.6875  9.73110e-01  8.70428e-01  9.73153e-01  0.00000e+00
 -13590.18  6265.3125  1.03662e+00  1.24888e+00  1.03703e+00  0.00000e+00
 -13561.63  6265.9375  9.60475e-01  8.26229e-01  9.61112e-01  0.00000e+00
 -13533.08  6266.5625  9.25710e-01  9.43088e-01  9.26060e-01  0.00000e+00
 -13504.52  6267.1875  9.16765e-01  9.64207e-01  9.16939e-01  0.00000e+00
 -13475.97  6267.8125  8.95790e-01  7.96630e-01  8.96414e-01  0.00000e+00
 -13447.42  6268.4375  9.24233e-01  1.01623e+00  9.25253e-01  0.00000e+00
 -13418.87  6269.0625  9.31848e-01  8.57135e-01  9.32606e-01  0.00000e+00
 -13390.32  6269.6875  9.49165e-01  1.01191e+00  9.49251e-01  0.00000e+00
 -13361.77  6270.3125  9.31088e-01  9.17728e-01  9.31471e-01  0.00000e+00
 -13333.22  6270.9375  8.68820e-01  9.18960e-01  8.69639e-01  0.00000e+00
 -13304.67  6271.5625  8.15811e-01  6.98467e-01  8.16670e-01  0.00000e+00
 -13276.12  6272.1875  8.75661e-01  9.00955e-01  8.76728e-01  0.00000e+00
 -13247.56  6272.8125  9.88922e-01  9.53611e-01  9.89564e-01  0.00000e+00
 -13219.01  6273.4375  1.06799e+00  1.18435e+00  1.06778e+00  0.00000e+00
 -13190.46  6274.0625  1.02613e+00  1.00314e+00  1.02584e+00  0.00000e+00
 -13161.91  6274.6875  9.55506e-01  9.44701e-01  9.55676e-01  0.00000e+00
 -13133.36  6275.3125  9.70418e-01  8.67784e-01  9.70729e-01  0.00000e+00
 -13104.81  6275.9375  1.09018e+00  1.14455e+00  1.09048e+00  0.00000e+00
 -13076.26  6276.5625  1.08947e+00  1.28309e+00  1.09008e+00  0.00000e+00
 -13047.71  6277.1875  9.33340e-01  7.14558e-01  9.33283e-01  0.00000e+00
 -13019.16  6277.8125  9.41386e-01  9.49298e-01  9.40919e-01  0.00000e+00
 -12990.61  6278.4375  1.00269e+00  1.10996e+00  1.00316e+00  0.00000e+00
 -12962.05  6279.0625  9.60778e-01  8.95639e-01  9.61525e-01  0.00000e+00
 -12933.50  6279.6875  9.02131e-01  9.67104e-01  9.02669e-01  0.00000e+00
 -12904.95  6280.3125  8.34771e-01  7.74124e-01  8.35026e-01  0.00000e+00
 -12876.40  6280.9375  8.92092e-01  7.48075e-01  8.92298e-01  0.00000e+00
 -12847.85  6281.5625  1.05514e+00  1.25666e+00  1.05538e+00  0.00000e+00
 -12819.30  6282.1875  1.06507e+00  1.02408e+00  1.06482e+00  0.00000e+00
 -12790.75  6282.8125  1.03650e+00  9.92992e-01  1.03601e+00  0.00000e+00
 -12762.20  6283.4375  1.05020e+00  1.10636e+00  1.04991e+00  0.00000e+00
 -12733.65  6284.0625  1.02643e+00  1.01508e+00  1.02602e+00  0.00000e+00
 -12705.10  6284.6875  1.02231e+00  9.55190e-01  1.02197e+00  0.00000e+00
 -12676.54  6285.3125  1.05454e+00  1.15504e+00  1.05402e+00  0.00000e+00
 -12647.99  6285.9375  1.05040e+00  9.60767e-01  1.04970e+00  0.00000e+00
 -12619.44  6286.5625  1.13320e+00  1.07939e+00  1.13270e+00  0.00000e+00
 -12590.89  6287.1875  1.22609e+00  1.41892e+00  1.22591e+00  0.00000e+00
 -12562.34  6287.8125  1.17304e+00  1.04480e+00  1.17334e+00  0.00000e+00
 -12533.79  6288.4375  1.14114e+00  1.20172e+00  1.14183e+00  0.00000e+00
 -12505.24  6289.0625  1.13420e+00  1.07262e+00  1.13491e+00  0.00000e+00
 -12476.69  6289.6875  1.12463e+00  1.21475e+00  1.12437e+00  0.00000e+00
 -12448.14  6290.3125  1.06830e+00  1.00475e+00  1.06825e+00  0.00000e+00
 -12419.58  6290.9375  1.04564e+00  1.04584e+00  1.04639e+00  0.00000e+00
 -12391.03  6291.5625  1.08149e+00  1.03949e+00  1.08186e+00  0.00000e+00
 -12362.48  6292.1875  1.12880e+00  1.20218e+00  1.12866e+00  0.00000e+00
 -12333.93  6292.8125  1.07190e+00  1.13115e+00  1.07156e+00  0.00000e+00
 -12305.38  6293.4375  9.73352e-01  8.39016e-01  9.72727e-01  0.00000e+00
 -12276.83  6294.0625  9.97317e-01  1.02651e+00  9.97077e-01  0.00000e+00
 -12248.28  6294.6875  1.04487e+00  1.07029e+00  1.04530e+00  0.00000e+00
 -12219.73  6295.3125  1.01678e+00  1.06744e+00  1.01727e+00  0.00000e+00
 -12191.18  6295.9375  9.45386e-01  8.76125e-01  9.45592e-01  0.00000e+00
 -12162.63  6296.5625  9.14365e-01  9.47282e-01  9.13997e-01  0.00000e+00
 -12134.07  6297.1875  8.71195e-01  8.87900e-01  8.70231e-01  0.00000e+00
 -12105.52  6297.8125  8.21480e-01  7.70331e-01  8.20226e-01  0.00000e+00
 -12076.97  6298.4375  8.70323e-01  7.99832e-01  8.69085e-01  0.00000e+00
 -12048.42  6299.0625  1.01193e+00  1.05701e+00  1.01150e+00  0.00000e+00
 -12019.87  6299.6875  1.05810e+00  1.19393e+00  1.05806e+00  0.00000e+00
 -11991.32  6300.3125  9.59243e-01  8.65528e-01  9.59257e-01  0.00000e+00
 -11962.77  6300.9375  9.71585e-01  8.43929e-01  9.72183e-01  0.00000e+00
 -11934.22  6301.5625  1.07666e+00  1.29704e+00  1.07784e+00  0.00000e+00
 -11905.67  6302.1875  1.03447e+00  9.26332e-01  1.03547e+00  0.00000e+00
 -11877.12  6302.8125  1.00963e+00  9.99841e-01  1.00956e+00  0.00000e+00
 -11848.56  6303.4375  1.00084e+00  1.09427e+00  9.99443e-01  0.00000e+00
 -11820.01  6304.0625  9.04047e-01  8.59906e-01  9.02247e-01  0.00000e+00
 -11791.46  6304.6875  8.12819e-01  8.09712e-01  8.11573e-01  0.00000e+00
 -11762.91  6305.3125  7.85282e-01  7.32870e-01  7.84569e-01  0.00000e+00
 -11734.36  6305.9375  8.84766e-01  7.81417e-01  8.84196e-01  0.00000e+00
 -11705.81  6306.5625  9.99184e-01  1.26715e+00  9.98729e-01  0.00000e+00
 -11677.26  6307.1875  9.58194e-01  7.24828e-01  9.57561e-01  0.00000e+00
 -11648.71  6307.8125  9.98021e-01  1.11445e+00  9.97266e-01  0.00000e+00
 -11620.16  6308.4375  1.00228e+00  1.02343e+00  1.00154e+00  0.00000e+00
 -11591.60  6309.0625  9.24313e-01  9.17135e-01  9.23308e-01  0.00000e+00
 -11563.05  6309.6875  9.09602e-01  7.87570e-01  9.08659e-01  0.00000e+00
 -11534.50  6310.3125  9.94965e-01  1.10070e+00  9.94507e-01  0.00000e+00
 -11505.95  6310.9375  9.69734e-01  1.04611e+00  9.69519e-01  0.00000e+00
 -11477.40  6311.5625  8.33563e-01  7.50717e-01  8.33677e-01  0.00000e+00
 -11448.85  6312.1875  7.77965e-01  7.45866e-01  7.78218e-01  0.00000e+00
 -11420.30  6312.8125  8.24730e-01  8.06925e-01  8.24967e-01  0.00000e+00
 -11391.75  6313.4375  9.26967e-01  9.09497e-01  9.27199e-01  0.00000e+00
 -11363.20  6314.0625  1.04075e+00  1.07872e+00  1.04090e+00  0.00000e+00
 -11334.65  6314.6875  1.10272e+00  1.11918e+00  1.10285e+00  0.00000e+00
 -11306.09  6315.3125  1.07901e+00  1.14789e+00  1.07945e+00  0.00000e+00
 -11277.54  6315.9375  9.70405e-01  9.45078e-01  9.70777e-01  0.00000e+00
 -11248.99  6316.5625  9.06732e-01  8.17558e-01  9.06223e-01  0.00000e+00
 -11220.44  6317.1875  9.53437e-01  9.83946e-01  9.52757e-01  0.00000e+00
 -11191.89  6317.8125  9.56879e-01  1.05546e+00  9.56633e-01  0.00000e+00
 -11163.34  6318.4375  8.65200e-01  7.86799e-01  8.64943e-01  0.00000e+00
 -11134.79  6319.0625  8.91611e-01  7.60073e-01  8.91666e-01  0.00000e+00
 -11106.24  6319.6875  1.03580e+00  1.20380e+00  1.03642e+00  0.00000e+00
 -11077.69  6320.3125  1.03899e+00  1.04308e+00  1.03893e+00  0.00000e+00
 -11049.14  6320.9375  9.92887e-01  8.99594e-01  9.91933e-01  0.00000e+00
 -11020.58  6321.5625  1.01432e+00  1.09429e+00  1.01311e+00  0.00000e+00
 -10992.03  6322.1875  9.86494e-01  9.89934e-01  9.85814e-01  0.00000e+00
 -10963.48  6322.8125  9.53456e-01  8.75039e-01  9.53205e-01  0.00000e+00
 -10934.93  6323.4375  9.72375e-01  1.05288e+00  9.72174e-01  0.00000e+00
 -10906.38  6324.0625  9.49352e-01  9.19225e-01  9.48912e-01  0.00000e+00
 -10877.83  6324.6875  9.12915e-01  9.25389e-01  9.12620e-01  0.00000e+00
 -10849.28  6325.3125  8.82095e-01  8.72190e-01  8.82070e-01  0.00000e+00
 -10820.73  6325.9375  8.75685e-01  8.49207e-01  8.75188e-01  0.00000e+00
 -10792.18  6326.5625  9.33543e-01  8.91129e-01  9.32882e-01  0.00000e+00
 -10763.62  6327.1875  1.02546e+00  1.09336e+00  1.02570e+00  0.00000e+00
 -10735.07  6327.8125  1.08898e+00  1.02573e+00  1.08956e+00  0.00000e+00
 -10706.52  6328.4375  1.14534e+00  1.23011e+00  1.14569e+00  0.00000e+00
 -10677.97  6329.0625  1.12156e+00  1.12808e+00  1.12158e+00  0.00000e+00
 -10649.42  6329.6875  1.05376e+00  1.02890e+00  1.05292e+00  0.00000e+00
 -10620.87  6330.3125  9.92355e-01  1.02632e+00  9.91518e-01  0.00000e+00
 -10592.32  6330.9375  9.24462e-01  8.93160e-01  9.23791e-01  0.00000e+00
 -10563.77  6331.5625  9.53757e-01  8.19158e-01  9.53288e-01  0.00000e+00
 -10535.22  6332.1875  1.06047e+00  1.25954e+00  1.06048e+00  0.00000e+00
 -10506.67  6332.8125  1.00218e+00  9.76086e-01  1.00276e+00  0.00000e+00
 -10478.11  6333.4375  9.02947e-01  8.35890e-01  9.03354e-01  0.00000e+00
 -10449.56  6334.0625  9.02588e-01  9.01409e-01  9.02742e-01  0.00000e+00
 -10421.01  6334.6875  9.38446e-01  9.51794e-01  9.38479e-01  0.00000e+00
 -10392.46  6335.3125  9.70781e-01  9.50027e-01  9.70859e-01  0.00000e+00
 -10363.91  6335.9375  1.00096e+00  1.03576e+00  1.00035e+00  0.00000e+00
 -10335.36  6336.5625  9.89731e-01  1.00363e+00  9.88243e-01  0.00000e+00
 -10306.81  6337.1875  9.62637e-01  9.23616e-01  9.61804e-01  0.00000e+00
 -10278.26  6337.8125  9.72442e-01  9.85369e-01  9.72779e-01  0.00000e+00
 -10249.71  6338.4375  1.02143e+00  9.60193e-01  1.02126e+00  0.00000e+00
 -10221.16  6339.0625  1.07361e+00  1.19507e+00  1.07260e+00  0.00000e+00
 -10192.60  6339.6875  1.03119e+00  9.79320e-01  1.02998e+00  0.00000e+00
 -10164.05  6340.3125  9.79309e-01  9.93718e-01  9.78296e-01  0.00000e+00
 -10135.50  6340.9375  9.70841e-01  9.14715e-01  9.70161e-01  0.00000e+00
 -10106.95  6341.5625  1.04029e+00  1.01544e+00  1.04006e+00  0.00000e+00
 -10078.40  6342.1875  1.08619e+00  1.24162e+00  1.08624e+00  0.00000e+00
 -10049.85  6342.8125  1.01712e+00  8.90746e-01  1.01725e+00  0.00000e+00
 -10021.30  6343.4375  1.00141e+00  1.03626e+00  1.00148e+00  0.00000e+00
  -9992.75  6344.0625  1.00124e+00  1.01757e+00  1.00052e+00  0.00000e+00
  -9964.20  6344.6875  9.70484e-01  9.58503e-01  9.69263e-01  0.00000e+00
  -9935.65  6345.3125  9.52584e-01  9.36112e-01  9.51486e-01  0.00000e+00
  -9907.09  6345.9375  9.41864e-01  9.86164e-01  9.40982e-01  0.00000e+00
  -9878.54  6346.5625  9.75170e-01  8.18225e-01  9.74455e-01  0.00000e+00
  -9849.99  6347.1875  1.13927e+00  1.22155e+00  1.13914e+00  0.00000e+00
  -9821.44  6347.8125  1.23587e+00  1.31633e+00  1.23681e+00  0.00000e+00
  -9792.89  6348.4375  1.14485e+00  1.21324e+00  1.14620e+00  0.00000e+00
  -9764.34  6349.0625  1.02390e+00  8.36483e-01  1.02472e+00  0.00000e+00
  -9735.79  6349.6875  1.09284e+00  1.11524e+00  1.09342e+00  0.00000e+00
  -9707.24  6350.3125  1.18505e+00  1.27785e+00  1.18536e+00  0.00000e+00
  -9678.69  6350.9375  1.11425e+00  1.17366e+00  1.11369e+00  0.00000e+00
  -9650.13  6351.5625  9.88444e-01  8.53716e-01  9.87742e-01  0.00000e+00
  -9621.58  6352.1875  9.99596e-01  1.00336e+00  9.99129e-01  0.00000e+00
  -9593.03  6352.8125  1.05757e+00  1.10616e+00  1.05680e+00  0.00000e+00
  -9564.48  6353.4375  1.06597e+00  1.03645e+00  1.06454e+00  0.00000e+00
  -9535.93  6354.0625  1.00434e+00  1.14297e+00  1.00296e+00  0.00000e+00
  -9507.38  6354.6875  8.67596e-01  7.18330e-01  8.66882e-01  0.00000e+00
  -9478.83  6355.3125  8.99825e-01  8.10197e-01  9.00039e-01  0.00000e+00
  -9450.28  6355.9375  1.09844e+00  1.15676e+00  1.09926e+00  0.00000e+00
  -9421.73  6356.5625  1.20432e+00  1.32636e+00  1.20471e+00  0.00000e+00
  -9393.18  6357.1875  1.11419e+00  1.11917e+00  1.11408e+00  0.00000e+00
  -9364.62  6357.8125  9.91856e-01  9.07134e-01  9.90804e-01  0.00000e+00
  -9336.07  6358.4375  9.66919e-01  9.86928e-01  9.65274e-01  0.00000e+00
  -9307.52  6359.0625  1.01894e+00  9.26582e-01  1.01837e+00  0.00000e+00
  -9278.97  6359.6875  1.11525e+00  1.23252e+00  1.11602e+00  0.00000e+00
  -9250.42  6360.3125  1.13348e+00  1.09035e+00  1.13447e+00  0.00000e+00
  -9221.87  6360.9375  1.09532e+00  1.17737e+00  1.09601e+00  0.00000e+00
  -9193.32  6361.5625  1.04034e+00  9.21474e-01  1.04028e+00  0.00000e+00
  -9164.77  6362.1875  1.06519e+00  1.11526e+00  1.06499e+00  0.00000e+00
  -9136.22  6362.8125  1.09417e+00  1.09744e+00  1.09442e+00  0.00000e+00
  -9107.67  6363.4375  1.14323e+00  1.04728e+00  1.14317e+00  0.00000e+00
  -9079.11  6364.0625  1.18784e+00  1.40755e+00  1.18704e+00  0.00000e+00
  -9050.56  6364.6875  1.08171e+00  9.40315e-01  1.08064e+00  0.00000e+00
  -9022.01  6365.3125  1.01122e+00  1.05280e+00  1.01059e+00  0.00000e+00
  -8993.46  6365.9375  9.99344e-01  9.34583e-01  9.99497e-01  0.00000e+00
  -8964.91  6366.5625  9.94421e-01  1.09938e+00  9.94098e-01  0.00000e+00
  -8936.36  6367.1875  9.66565e-01  8.33553e-01  9.65699e-01  0.00000e+00
  -8907.81  6367.8125  1.02868e+00  1.06828e+00  1.02804e+00  0.00000e+00
  -8879.26  6368.4375  1.07701e+00  1.14042e+00  1.07715e+00  0.00000e+00
  -8850.71  6369.0625  1.03623e+00  1.01718e+00  1.03643e+00  0.00000e+00
  -8822.15  6369.6875  1.03455e+00  9.37621e-01  1.03438e+00  0.00000e+00
  -8793.60  6370.3125  1.08038e+00  1.23413e+00  1.08014e+00  0.00000e+00
  -8765.05  6370.9375  1.01288e+00  9.58838e-01  1.01264e+00  0.00000e+00
  -8736.50  6371.5625  9.23197e-01  9.32975e-01  9.22958e-01  0.00000e+00
  -8707.95  6372.1875  8.78823e-01  8.25297e-01  8.79070e-01  0.00000e+00
  -8679.40  6372.8125  8.71928e-01  9.23525e-01  8.72514e-01  0.00000e+00
  -8650.85  6373.4375  8.49882e-01  8.13936e-01  8.50050e-01  0.00000e+00
  -8622.30  6374.0625  8.43236e-01  8.47456e-01  8.43098e-01  0.00000e+00
  -8593.75  6374.6875  8.44048e-01  8.56857e-01  8.44271e-01  0.00000e+00
  -8565.20  6375.3125  8.46877e-01  8.16579e-01  8.47104e-01  0.00000e+00
  -8536.64  6375.9375  9.12489e-01  8.57143e-01  9.12679e-01  0.00000e+00
  -8508.09  6376.5625  1.00849e+00  1.10963e+00  1.00900e+00  0.00000e+00
  -8479.54  6377.1875  1.00258e+00  1.00547e+00  1.00342e+00  0.00000e+00
  -8450.99  6377.8125  9.43936e-01  9.30525e-01  9.44425e-01  0.00000e+00
  -8422.44  6378.4375  9.41709e-01  8.65410e-01  9.41659e-01  0.00000e+00
  -8393.89  6379.0625  9.98941e-01  1.08200e+00  9.98431e-01  0.00000e+00
  -8365.34  6379.6875  9.87828e-01  9.95456e-01  9.88214e-01  0.00000e+00
  -8336.79  6380.3125  9.26121e-01  9.13191e-01  9.27278e-01  0.00000e+00
  -8308.24  6380.9375  8.73540e-01  8.78011e-01  8.74124e-01  0.00000e+00
  -8279.69  6381.5625  8.60380e-01  7.97655e-01  8.60021e-01  0.00000e+00
  -8251.13  6382.1875  9.16654e-01  9.34158e-01  9.16033e-01  0.00000e+00
  -8222.58  6382.8125  9.67373e-01  1.00474e+00  9.66234e-01  0.00000e+00
  -8194.03  6383.4375  1.00299e+00  9.27588e-01  1.00203e+00  0.00000e+00
  -8165.48  6384.0625  1.06854e+00  1.14492e+00  1.06854e+00  0.00000e+00
  -8136.93  6384.6875  1.06028e+00  1.08906e+00  1.06077e+00  0.00000e+00
  -8108.38  6385.3125  9.88581e-01  9.57303e-01  9.89164e-01  0.00000e+00
  -8079.83  6385.9375  9.40332e-01  9.40698e-01  9.40600e-01  0.00000e+00
  -8051.28  6386.5625  9.43726e-01  8.84960e-01  9.43264e-01  0.00000e+00
  -8022.73  6387.1875  9.91523e-01  1.04782e+00  9.90836e-01  0.00000e+00
  -7994.17  6387.8125  9.85964e-01  1.00854e+00  9.85563e-01  0.00000e+00
  -7965.62  6388.4375  9.25154e-01  9.19556e-01  9.24566e-01  0.00000e+00
  -7937.07  6389.0625  9.17424e-01  8.09821e-01  9.17067e-01  0.00000e+00
  -7908.52  6389.6875  9.81832e-01  1.10557e+00  9.82027e-01  0.00000e+00
  -7879.97  6390.3125  9.58174e-01  9.36928e-01  9.58468e-01  0.00000e+00
  -7851.42  6390.9375  8.78916e-01  9.07760e-01  8.78839e-01  0.00000e+00
  -7822.87  6391.5625  8.54299e-01  7.05827e-01  8.54714e-01  0.00000e+00
  -7794.32  6392.1875  9.11243e-01  1.08019e+00  9.12238e-01  0.00000e+00
  -7765.77  6392.8125  8.76155e-01  8.02387e-01  8.76932e-01  0.00000e+00
  -7737.22  6393.4375  8.40960e-01  8.46581e-01  8.41238e-01  0.00000e+00
  -7708.66  6394.0625  8.71421e-01  8.05966e-01  8.71826e-01  0.00000e+00
  -7680.11  6394.6875  8.99448e-01  1.05722e+00  8.99657e-01  0.00000e+00
  -7651.56  6395.3125  8.71801e-01  6.75717e-01  8.71689e-01  0.00000e+00
  -7623.01  6395.9375  9.50974e-01  1.05383e+00  9.51064e-01  0.00000e+00
  -7594.46  6396.5625  1.02143e+00  9.93157e-01  1.02238e+00  0.00000e+00
  -7565.91  6397.1875  1.03626e+00  1.10259e+00  1.03731e+00  0.00000e+00
  -7537.36  6397.8125  1.01739e+00  9.43619e-01  1.01807e+00  0.00000e+00
  -7508.81  6398.4375  1.00072e+00  1.09831e+00  1.00090e+00  0.00000e+00
  -7480.26  6399.0625  9.34941e-01  8.71913e-01  9.34445e-01  0.00000e+00
  -7451.71  6399.6875  9.05570e-01  8.91926e-01  9.05010e-01  0.00000e+00
  -7423.15  6400.3125  9.41070e-01  9.21032e-01  9.40225e-01  0.00000e+00
  -7394.60  6400.9375  9.98180e-01  1.01855e+00  9.96804e-01  0.00000e+00
  -7366.05  6401.5625  9.91803e-01  1.08197e+00  9.90707e-01  0.00000e+00
  -7337.50  6402.1875  9.57800e-01  7.79900e-01  9.57455e-01  0.00000e+00
  -7308.95  6402.8125  1.03887e+00  1.14825e+00  1.03911e+00  0.00000e+00
  -7280.40  6403.4375  1.07166e+00  1.08697e+00  1.07178e+00  0.00000e+00
  -7251.85  6404.0625  1.05215e+00  9.99596e-01  1.05227e+00  0.00000e+00
  -7223.30  6404.6875  1.03400e+00  1.13053e+00  1.03393e+00  0.00000e+00
  -7194.75  6405.3125  9.73034e-01  8.81813e-01  9.73095e-01  0.00000e+00
  -7166.19  6405.9375  9.65731e-01  9.89557e-01  9.65734e-01  0.00000e+00
  -7137.64  6406.5625  1.02865e+00  9.38880e-01  1.02842e+00  0.00000e+00
  -7109.09  6407.1875  1.11817e+00  1.25614e+00  1.11762e+00  0.00000e+00
  -7080.54  6407.8125  1.10647e+00  1.05527e+00  1.10590e+00  0.00000e+00
  -7051.99  6408.4375  1.05850e+00  1.10222e+00  1.05783e+00  0.00000e+00
  -7023.44  6409.0625  1.02474e+00  9.45838e-01  1.02350e+00  0.00000e+00
  -6994.89  6409.6875  1.04575e+00  1.09310e+00  1.04470e+00  0.00000e+00
  -6966.34  6410.3125  1.09433e+00  1.01599e+00  1.09342e+00  0.00000e+00
  -6937.79  6410.9375  1.16019e+00  1.25882e+00  1.15877e+00  0.00000e+00
  -6909.24  6411.5625  1.11181e+00  1.15655e+00  1.11119e+00  0.00000e+00
  -6880.68  6412.1875  9.40862e-01  9.63211e-01  9.41121e-01  0.00000e+00
  -6852.13  6412.8125  8.45140e-01  6.12195e-01  8.45297e-01  0.00000e+00
  -6823.58  6413.4375  9.38938e-01  1.11625e+00  9.38502e-01  0.00000e+00
  -6795.03  6414.0625  9.60697e-01  9.25966e-01  9.60645e-01  0.00000e+00
  -6766.48  6414.6875  9.76925e-01  8.93288e-01  9.77136e-01  0.00000e+00
  -6737.93  6415.3125  1.06644e+00  1.15109e+00  1.06637e+00  0.00000e+00
  -6709.38  6415.9375  1.06754e+00  1.11804e+00  1.06721e+00  0.00000e+00
  -6680.83  6416.5625  1.00622e+00  9.16428e-01  1.00567e+00  0.00000e+00
  -6652.28  6417.1875  1.01073e+00  1.03946e+00  1.00990e+00  0.00000e+00
  -6623.73  6417.8125  9.84840e-01  1.06821e+00  9.84073e-01  0.00000e+00
  -6595.17  6418.4375  9.30682e-01  7.65873e-01  9.30610e-01  0.00000e+00
  -6566.62  6419.0625  9.89402e-01  1.07538e+00  9.89604e-01  0.00000e+00
  -6538.07  6419.6875  9.82952e-01  1.07105e+00  9.83324e-01  0.00000e+00
  -6509.52  6420.3125  9.06056e-01  7.42188e-01  9.06319e-01  0.00000e+00
  -6480.97  6420.9375  8.98108e-01  1.06033e+00  8.98120e-01  0.00000e+00
  -6452.42  6421.5625  8.69331e-01  7.06417e-01  8.69286e-01  0.00000e+00
  -6423.87  6422.1875  9.58206e-01  9.63849e-01  9.58124e-01  0.00000e+00
  -6395.32  6422.8125  1.06957e+00  1.17473e+00  1.06900e+00  0.00000e+00
  -6366.77  6423.4375  1.05334e+00  1.03565e+00  1.05322e+00  0.00000e+00
  -6338.21  6424.0625  9.95134e-01  9.98271e-01  9.95246e-01  0.00000e+00
  -6309.66  6424.6875  9.59758e-01  9.31943e-01  9.59647e-01  0.00000e+00
  -6281.11  6425.3125  1.00433e+00  9.26318e-01  1.00410e+00  0.00000e+00
  -6252.56  6425.9375  1.11358e+00  1.21208e+00  1.11338e+00  0.00000e+00
  -6224.01  6426.5625  1.18812e+00  1.09457e+00  1.18790e+00  0.00000e+00
  -6195.46  6427.1875  1.18959e+00  1.43183e+00  1.18920e+00  0.00000e+00
  -6166.91  6427.8125  1.03505e+00  8.43296e-01  1.03493e+00  0.00000e+00
  -6138.36  6428.4375  9.51255e-01  1.02240e+00  9.52108e-01  0.00000e+00
  -6109.81  6429.0625  9.18950e-01  8.60937e-01  9.19755e-01  0.00000e+00
  -6081.26  6429.6875  9.70129e-01  8.91064e-01  9.70217e-01  0.00000e+00
  -6052.70  6430.3125  1.06459e+00  1.22707e+00  1.06461e+00  0.00000e+00
  -6024.15  6430.9375  1.05643e+00  9.44110e-01  1.05651e+00  0.00000e+00
  -5995.60  6431.5625  1.04678e+00  1.15115e+00  1.04657e+00  0.00000e+00
  -5967.05  6432.1875  1.08828e+00  8.60343e-01  1.08791e+00  0.00000e+00
  -5938.50  6432.8125  1.18366e+00  1.50428e+00  1.18336e+00  0.00000e+00
  -5909.95  6433.4375  1.05140e+00  9.43074e-01  1.05191e+00  0.00000e+00
  -5881.40  6434.0625  8.89827e-01  8.78210e-01  8.90947e-01  0.00000e+00
  -5852.85  6434.6875  8.94558e-01  7.24617e-01  8.94911e-01  0.00000e+00
  -5824.30  6435.3125  1.00771e+00  1.22564e+00  1.00724e+00  0.00000e+00
  -5795.75  6435.9375  9.84271e-01  9.02859e-01  9.84314e-01  0.00000e+00
  -5767.19  6436.5625  9.68012e-01  9.21211e-01  9.68421e-01  0.00000e+00
  -5738.64  6437.1875  1.00249e+00  1.09474e+00  1.00245e+00  0.00000e+00
  -5710.09  6437.8125  9.83791e-01  9.17785e-01  9.83566e-01  0.00000e+00
  -5681.54  6438.4375  9.68694e-01  1.01832e+00  9.68145e-01  0.00000e+00
  -5652.99  6439.0625  9.30178e-01  9.20852e-01  9.29597e-01  0.00000e+00
  -5624.44  6439.6875  8.85245e-01  8.74474e-01  8.84795e-01  0.00000e+00
  -5595.89  6440.3125  9.00983e-01  8.29514e-01  9.00869e-01  0.00000e+00
  -5567.34  6440.9375  9.96892e-01  1.03071e+00  9.96929e-01  0.00000e+00
  -5538.79  6441.5625  1.05387e+00  1.11139e+00  1.05379e+00  0.00000e+00
  -5510.24  6442.1875  9.86932e-01  1.04848e+00  9.86631e-01  0.00000e+00
  -5481.68  6442.8125  9.42529e-01  6.97090e-01  9.42343e-01  0.00000e+00
  -5453.13  6443.4375  1.04097e+00  1.28578e+00  1.04120e+00  0.00000e+00
  -5424.58  6444.0625  1.01354e+00  9.24809e-01  1.01393e+00  0.00000e+00
  -5396.03  6444.6875  9.62165e-01  9.63733e-01  9.62513e-01  0.00000e+00
  -5367.48  6445.3125  9.40262e-01  9.65924e-01  9.40224e-01  0.00000e+00
  -5338.93  6445.9375  9.16671e-01  8.65123e-01  9.16619e-01  0.00000e+00
  -5310.38  6446.5625  9.25784e-01  9.60893e-01  9.26366e-01  0.00000e+00
  -5281.83  6447.1875  9.33789e-01  9.05307e-01  9.34638e-01  0.00000e+00
  -5253.28  6447.8125  9.27570e-01  9.84889e-01  9.28454e-01  0.00000e+00
  -5224.72  6448.4375  8.98157e-01  8.34809e-01  8.98827e-01  0.00000e+00
  -5196.17  6449.0625  8.97176e-01  9.33505e-01  8.97500e-01  0.00000e+00
  -5167.62  6449.6875  8.85609e-01  8.88481e-01  8.85822e-01  0.00000e+00
  -5139.07  6450.3125  9.05014e-01  8.11888e-01  9.05130e-01  0.00000e+00
  -5110.52  6450.9375  1.00258e+00  1.06748e+00  1.00303e+00  0.00000e+00
  -5081.97  6451.5625  1.00859e+00  1.11578e+00  1.00952e+00  0.00000e+00
  -5053.42  6452.1875  9.08417e-01  7.91377e-01  9.08236e-01  0.00000e+00
  -5024.87  6452.8125  9.31852e-01  8.68678e-01  9.30683e-01  0.00000e+00
  -4996.32  6453.4375  1.04290e+00  1.15178e+00  1.04152e+00  0.00000e+00
  -4967.77  6454.0625  1.07786e+00  1.03094e+00  1.07690e+00  0.00000e+00
  -4939.21  6454.6875  1.08085e+00  1.12975e+00  1.08098e+00  0.00000e+00
  -4910.66  6455.3125  1.04075e+00  1.05141e+00  1.04155e+00  0.00000e+00
  -4882.11  6455.9375  1.02068e+00  9.11483e-01  1.02070e+00  0.00000e+00
  -4853.56  6456.5625  1.05893e+00  1.18803e+00  1.05819e+00  0.00000e+00
  -4825.01  6457.1875  9.82757e-01  1.00303e+00  9.82953e-01  0.00000e+00
  -4796.46  6457.8125  8.79637e-01  7.53311e-01  8.80140e-01  0.00000e+00
  -4767.91  6458.4375  9.00935e-01  9.50034e-01  9.00379e-01  0.00000e+00
  -4739.36  6459.0625  9.72289e-01  9.04949e-01  9.71079e-01  0.00000e+00
  -4710.81  6459.6875  1.07206e+00  1.12658e+00  1.07136e+00  0.00000e+00
  -4682.26  6460.3125  1.09214e+00  1.17124e+00  1.09199e+00  0.00000e+00
  -4653.70  6460.9375  1.01555e+00  9.50287e-01  1.01509e+00  0.00000e+00
  -4625.15  6461.5625  9.73690e-01  9.74791e-01  9.73162e-01  0.00000e+00
  -4596.60  6462.1875  9.39895e-01  9.90182e-01  9.40068e-01  0.00000e+00
  -4568.05  6462.8125  8.94348e-01  8.05642e-01  8.94524e-01  0.00000e+00
  -4539.50  6463.4375  9.25583e-01  9.36487e-01  9.25370e-01  0.00000e+00
  -4510.95  6464.0625  9.25378e-01  1.04788e+00  9.25298e-01  0.00000e+00
  -4482.40  6464.6875  8.52953e-01  6.93950e-01  8.52790e-01  0.00000e+00
  -4453.85  6465.3125  8.88036e-01  9.36419e-01  8.87768e-01  0.00000e+00
  -4425.30  6465.9375  9.45331e-01  9.57435e-01  9.45421e-01  0.00000e+00
  -4396.74  6466.5625  9.81934e-01  9.42687e-01  9.82117e-01  0.00000e+00
  -4368.19  6467.1875  9.89467e-01  1.11587e+00  9.88863e-01  0.00000e+00
  -4339.64  6467.8125  9.30314e-01  7.96224e-01  9.29701e-01  0.00000e+00
  -4311.09  6468.4375  9.29849e-01  1.01034e+00  9.29462e-01  0.00000e+00
  -4282.54  6469.0625  9.67041e-01  8.50563e-01  9.66664e-01  0.00000e+00
  -4253.99  6469.6875  1.05603e+00  1.14888e+00  1.05557e+00  0.00000e+00
  -4225.44  6470.3125  1.04007e+00  1.12759e+00  1.04000e+00  0.00000e+00
  -4196.89  6470.9375  9.39606e-01  8.02044e-01  9.39825e-01  0.00000e+00
  -4168.34  6471.5625  9.81239e-01  9.50741e-01  9.81146e-01  0.00000e+00
  -4139.79  6472.1875  1.07705e+00  1.18937e+00  1.07684e+00  0.00000e+00
  -4111.23  6472.8125  1.06355e+00  1.03723e+00  1.06333e+00  0.00000e+00
  -4082.68  6473.4375  1.04778e+00  9.98898e-01  1.04736e+00  0.00000e+00
  -4054.13  6474.0625  1.10939e+00  1.10359e+00  1.10909e+00  0.00000e+00
  -4025.58  6474.6875  1.14032e+00  1.25445e+00  1.13986e+00  0.00000e+00
  -3997.03  6475.3125  1.03010e+00  1.02341e+00  1.02900e+00  0.00000e+00
  -3968.48  6475.9375  9.03914e-01  8.33998e-01  9.02559e-01  0.00000e+00
  -3939.93  6476.5625  9.01050e-01  8.48198e-01  9.00258e-01  0.00000e+00
  -3911.38  6477.1875  9.61537e-01  1.04137e+00  9.61545e-01  0.00000e+00
  -3882.83  6477.8125  9.28640e-01  9.70605e-01  9.28819e-01  0.00000e+00
  -3854.28  6478.4375  8.71498e-01  7.39348e-01  8.71510e-01  0.00000e+00
  -3825.72  6479.0625  9.28985e-01  9.80809e-01  9.28900e-01  0.00000e+00
  -3797.17  6479.6875  9.59377e-01  1.02332e+00  9.58993e-01  0.00000e+00
  -3768.62  6480.3125  9.14529e-01  8.54633e-01  9.14042e-01  0.00000e+00
  -3740.07  6480.9375  9.21591e-01  8.97793e-01  9.21499e-01  0.00000e+00
  -3711.52  6481.5625  9.60102e-01  1.01558e+00  9.59768e-01  0.00000e+00
  -3682.97  6482.1875  9.26935e-01  9.54667e-01  9.26500e-01  1.26844e-08
  -3654.42  6482.8125  8.71828e-01  7.90612e-01  8.71264e-01  1.21998e-06
  -3625.87  6483.4375  8.85851e-01  9.20750e-01  8.85155e-01  3.19128e-05
  -3597.32  6484.0625  9.11616e-01  8.95075e-01  9.10877e-01  2.28679e-04
  -3568.76  6484.6875  9.36977e-01  9.43712e-01  9.36466e-01  4.60507e-04
  -3540.21  6485.3125  9.63243e-01  9.60700e-01  9.62772e-01  3.01988e-04
  -3511.66  6485.9375  9.79508e-01  9.93821e-01  9.79437e-01  2.45306e-04
  -3483.11  6486.5625  9.59245e-01  9.93475e-01  9.59324e-01  5.30314e-04
  -3454.56  6487.1875  9.27274e-01  8.59718e-01  9.27040e-01  5.99480e-04
  -3426.01  6487.8125  9.85870e-01  9.44427e-01  9.85781e-01  2.55610e-04
  -3397.46  6488.4375  1.07591e+00  1.18290e+00  1.07567e+00  6.51420e-05
  -3368.91  6489.0625  1.07152e+00  1.03692e+00  1.07062e+00  2.38516e-04
  -3340.36  6489.6875  1.04089e+00  1.04908e+00  1.03985e+00  5.62943e-04
  -3311.81  6490.3125  9.61896e-01  1.06299e+00  9.61850e-01  5.00991e-04
  -3283.25  6490.9375  8.57563e-01  6.65111e-01  8.58238e-01  2.14544e-04
  -3254.70  6491.5625  8.80409e-01  9.91761e-01  8.80824e-01  2.81471e-04
  -3226.15  6492.1875  8.71183e-01  8.74551e-01  8.71176e-01  5.46832e-04
  -3197.60  6492.8125  8.82994e-01  7.33801e-01  8.82481e-01  6.48367e-04
  -3169.05  6493.4375  1.01481e+00  1.13492e+00  1.01372e+00  9.77357e-04
  -3140.50  6494.0625  1.06985e+00  1.07921e+00  1.06902e+00  9.73929e-04
  -3111.95  6494.6875  1.02083e+00  1.06244e+00  1.02027e+00  7.26780e-04
  -3083.40  6495.3125  9.41153e-01  8.85060e-01  9.41084e-01  5.57855e-04
  -3054.85  6495.9375  9.19090e-01  9.01886e-01  9.19447e-01  5.92356e-04
  -3026.30  6496.5625  9.14593e-01  9.83040e-01  9.13891e-01  8.88469e-04
  -2997.74  6497.1875  8.89666e-01  7.88725e-01  8.87862e-01  1.13379e-03
  -2969.19  6497.8125  9.11914e-01  9.90902e-01  9.10077e-01  1.75062e-03
  -2940.64  6498.4375  9.11861e-01  8.69607e-01  9.10677e-01  1.95044e-03
  -2912.09  6499.0625  8.99461e-01  9.42411e-01  8.98190e-01  2.16543e-03
  -2883.54  6499.6875  8.85608e-01  8.30152e-01  8.83904e-01  2.35885e-03
  -2854.99  6500.3125  9.06421e-01  9.28697e-01  9.04746e-01  2.81568e-03
  -2826.44  6500.9375  9.09324e-01  9.46297e-01  9.07780e-01  3.27870e-03
  -2797.89  6501.5625  8.96215e-01  8.25952e-01  8.93834e-01  3.75502e-03
  -2769.34  6502.1875  9.80480e-01  9.24001e-01  9.78319e-01  3.21451e-03
  -2740.78  6502.8125  1.05045e+00  1.27262e+00  1.04751e+00  3.45547e-03
  -2712.23  6503.4375  9.30851e-01  8.16458e-01  9.26443e-01  4.58837e-03
  -2683.68  6504.0625  8.52142e-01  8.19086e-01  8.47818e-01  4.80614e-03
  -2655.13  6504.6875  8.97972e-01  8.63746e-01  8.93346e-01  4.90330e-03
  -2626.58  6505.3125  9.64386e-01  1.04404e+00  9.58677e-01  5.36943e-03
  -2598.03  6505.9375  9.32358e-01  9.58858e-01  9.25907e-01  6.12663e-03
  -2569.48  6506.5625  8.62196e-01  7.87937e-01  8.56580e-01  5.94506e-03
  -2540.93  6507.1875  8.60559e-01  8.78826e-01  8.55782e-01  5.40557e-03
  -2512.38  6507.8125  8.68377e-01  8.89003e-01  8.63204e-01  5.79754e-03
  -2483.83  6508.4375  8.74975e-01  8.15856e-01  8.68594e-01  6.71947e-03
  -2455.27  6509.0625  9.35282e-01  9.58724e-01  9.28807e-01  7.01798e-03
  -2426.72  6509.6875  1.03097e+00  9.70869e-01  1.02471e+00  7.49163e-03
  -2398.17  6510.3125  1.10025e+00  1.25635e+00  1.09414e+00  7.57907e-03
  -2369.62  6510.9375  1.01270e+00  9.93094e-01  1.00562e+00  8.27519e-03
  -2341.07  6511.5625  9.35065e-01  8.08764e-01  9.27475e-01  9.22749e-03
  -2312.52  6512.1875  1.01816e+00  1.03419e+00  1.00991e+00  1.00998e-02
  -2283.97  6512.8125  1.06963e+00  1.21724e+00  1.05885e+00  1.26748e-02
  -2255.42  6513.4375  9.51246e-01  8.97456e-01  9.39746e-01  1.32206e-02
  -2226.87  6514.0625  8.28478e-01  8.11641e-01  8.18262e-01  1.15092e-02
  -2198.32  6514.6875  8.28718e-01  7.07693e-01  8.18304e-01  1.16693e-02
  -2169.76  6515.3125  9.74540e-01  1.01230e+00  9.63689e-01  1.23951e-02
  -2141.21  6515.9375  1.05074e+00  1.20945e+00  1.03838e+00  1.46674e-02
  -2112.66  6516.5625  9.61120e-01  8.56439e-01  9.47463e-01  1.73650e-02
  -2084.11  6517.1875  9.40833e-01  8.94170e-01  9.25509e-01  2.00040e-02
  -2055.56  6517.8125  1.02032e+00  1.05247e+00  1.00180e+00  2.32267e-02
  -2027.01  6518.4375  1.06239e+00  1.10762e+00  1.04143e+00  2.55266e-02
  -1998.46  6519.0625  1.04127e+00  1.01470e+00  1.02089e+00  2.48883e-02
  -1969.91  6519.6875  1.01356e+00  1.03526e+00  9.92668e-01  2.48685e-02
  -1941.36  6520.3125  9.69339e-01  9.75824e-01  9.46894e-01  2.60538e-02
  -1912.80  6520.9375  9.33879e-01  8.84058e-01  9.09864e-01  2.89768e-02
  -1884.25  6521.5625  9.51289e-01  9.67710e-01  9.27642e-01  2.93510e-02
  -1855.70  6522.1875  9.95347e-01  9.64266e-01  9.69042e-01  3.24104e-02
  -1827.15  6522.8125  1.05868e+00  1.07655e+00  1.02596e+00  4.02309e-02
  -1798.60  6523.4375  1.06945e+00  1.15393e+00  1.03312e+00  4.47792e-02
  -1770.05  6524.0625  1.03582e+00  9.04751e-01  9.98605e-01  4.57858e-02
  -1741.50  6524.6875  1.09265e+00  1.14157e+00  1.05385e+00  4.76870e-02
  -1712.95  6525.3125  1.11201e+00  1.19682e+00  1.06809e+00  5.43243e-02
  -1684.40  6525.9375  1.03735e+00  9.63107e-01  9.92092e-01  5.60262e-02
  -1655.85  6526.5625  1.00296e+00  1.01578e+00  9.55756e-01  5.83435e-02
  -1627.29  6527.1875  1.02409e+00  9.65120e-01  9.72766e-01  6.30055e-02
  -1598.74  6527.8125  1.02526e+00  1.18791e+00  9.69276e-01  6.85913e-02
  -1570.19  6528.4375  9.40383e-01  7.80594e-01  8.79012e-01  7.56440e-02
  -1541.64  6529.0625  9.54351e-01  9.85233e-01  8.88475e-01  8.12747e-02
  -1513.09  6529.6875  1.03467e+00  1.00589e+00  9.61164e-01  8.95078e-02
  -1484.54  6530.3125  1.10915e+00  1.15785e+00  1.02509e+00  1.02177e-01
  -1455.99  6530.9375  1.12139e+00  1.15402e+00  1.03377e+00  1.07706e-01
  -1427.44  6531.5625  1.16671e+00  9.81187e-01  1.07937e+00  1.08049e-01
  -1398.89  6532.1875  1.30443e+00  1.52919e+00  1.20642e+00  1.20526e-01
  -1370.34  6532.8125  1.29779e+00  1.22210e+00  1.18467e+00  1.37810e-01
  -1341.78  6533.4375  1.23025e+00  1.28506e+00  1.10598e+00  1.50408e-01
  -1313.23  6534.0625  1.16091e+00  1.10768e+00  1.02740e+00  1.61825e-01
  -1284.68  6534.6875  1.14819e+00  1.12269e+00  1.00415e+00  1.74994e-01
  -1256.13  6535.3125  1.20350e+00  1.19510e+00  1.04835e+00  1.88770e-01
  -1227.58  6535.9375  1.25005e+00  1.30449e+00  1.08745e+00  1.98880e-01
  -1199.03  6536.5625  1.16482e+00  1.28288e+00  9.83925e-01  2.21391e-01
  -1170.48  6537.1875  1.01104e+00  8.06580e-01  8.09680e-01  2.46264e-01
  -1141.93  6537.8125  1.01918e+00  1.08394e+00  7.99945e-01  2.67931e-01
  -1113.38  6538.4375  1.08592e+00  1.04047e+00  8.48496e-01  2.89101e-01
  -1084.83  6539.0625  1.13452e+00  1.21690e+00  8.73605e-01  3.17382e-01
  -1056.27  6539.6875  1.16321e+00  1.05373e+00  8.80098e-01  3.45180e-01
  -1027.72  6540.3125  1.26101e+00  1.30621e+00  9.55834e-01  3.72538e-01
   -999.17  6540.9375  1.33576e+00  1.37729e+00  1.00681e+00  4.01863e-01
   -970.62  6541.5625  1.31875e+00  1.34647e+00  9.66089e-01  4.30529e-01
   -942.07  6542.1875  1.31268e+00  1.18618e+00  9.39005e-01  4.55730e-01
   -913.52  6542.8125  1.41722e+00  1.48040e+00  1.01538e+00  4.90161e-01
   -884.97  6543.4375  1.48581e+00  1.53696e+00  1.05744e+00  5.22919e-01
   -856.42  6544.0625  1.51035e+00  1.40882e+00  1.04961e+00  5.62621e-01
   -827.87  6544.6875  1.57788e+00  1.67594e+00  1.07626e+00  6.12969e-01
   -799.31  6545.3125  1.58975e+00  1.57145e+00  1.04753e+00  6.62892e-01
   -770.76  6545.9375  1.63252e+00  1.52028e+00  1.04375e+00  7.19199e-01
   -742.21  6546.5625  1.73254e+00  1.90023e+00  1.09236e+00  7.81134e-01
   -713.66  6547.1875  1.70502e+00  1.65978e+00  1.01733e+00  8.38830e-01
   -685.11  6547.8125  1.64449e+00  1.64103e+00  9.13254e-01  8.92557e-01
   -656.56  6548.4375  1.65464e+00  1.57691e+00  8.89723e-01  9.33820e-01
   -628.01  6549.0625  1.72888e+00  1.80880e+00  9.13033e-01  9.94933e-01
   -599.46  6549.6875  1.82445e+00  1.68311e+00  9.37932e-01  1.08104e+00
   -570.91  6550.3125  1.97415e+00  2.12259e+00  1.04226e+00  1.13678e+00
   -542.36  6550.9375  2.03369e+00  1.99024e+00  1.05864e+00  1.18962e+00
   -513.80  6551.5625  2.04232e+00  2.08305e+00  1.00791e+00  1.26185e+00
   -485.25  6552.1875  2.04283e+00  2.00430e+00  9.56004e-01  1.32556e+00
   -456.70  6552.8125  2.10095e+00  2.05212e+00  9.67965e-01  1.38182e+00
   -428.15  6553.4375  2.22791e+00  2.25168e+00  1.03679e+00  1.45316e+00
   -399.60  6554.0625  2.29375e+00  2.40185e+00  1.04510e+00  1.52393e+00
   -371.05  6554.6875  2.29582e+00  2.13803e+00  9.92989e-01  1.58980e+00
   -342.50  6555.3125  2.41637e+00  2.47040e+00  1.03003e+00  1.69092e+00
   -313.95  6555.9375  2.90610e+00  2.48413e+00  1.08311e+00  2.22386e+00
   -285.40  6556.5625  5.43785e+00  2.78173e+00  1.27350e+00  5.08274e+00
   -256.85  6557.1875  9.61530e+00  1.30467e+01  1.50245e+00  9.90336e+00
   -228.29  6557.8125  9.58337e+00  1.17211e+01  1.20797e+00  1.02238e+01
   -199.74  6558.4375  5.64947e+00  4.18536e+00  7.07385e-01  6.03299e+00
   -171.19  6559.0625  3.40640e+00  1.51416e+00  4.44520e-01  3.61558e+00
   -142.64  6559.6875  4.50791e+00  4.49308e+00  4.58103e-01  4.94302e+00
   -114.09  6560.3125  6.47387e+00  7.04885e+00  6.15661e-01  7.15078e+00
    -85.54  6560.9375  7.60997e+00  7.81168e+00  7.57061e-01  8.36578e+00
    -56.99  6561.5625  8.00404e+00  8.20048e+00  7.96686e-01  8.79856e+00
    -28.44  6562.1875  7.97988e+00  8.00957e+00  7.64690e-01  8.80758e+00
      0.11  6562.8125  7.82536e+00  7.75772e+00  8.65690e-01  8.49490e+00
     28.67  6563.4375  7.57753e+00  7.82575e+00  1.08059e+00  7.93019e+00
     57.22  6564.0625  6.88207e+00  7.14997e+00  1.12891e+00  7.02250e+00
     85.77  6564.6875  5.79174e+00  5.61023e+00  1.00666e+00  5.84015e+00
    114.32  6565.3125  4.79065e+00  4.76043e+00  1.01583e+00  4.60705e+00
    142.87  6565.9375  3.93488e+00  3.94137e+00  1.07049e+00  3.49541e+00
    171.42  6566.5625  3.22938e+00  3.01213e+00  1.03131e+00  2.68267e+00
    199.97  6567.1875  2.85308e+00  2.78170e+00  1.01348e+00  2.24559e+00
    228.52  6567.8125  2.69089e+00  2.71212e+00  1.01996e+00  2.03960e+00
    257.07  6568.4375  2.56787e+00  2.55000e+00  9.93901e-01  1.92121e+00
    285.62  6569.0625  2.56256e+00  2.37927e+00  1.04181e+00  1.85611e+00
    314.18  6569.6875  2.69871e+00  2.88891e+00  1.22012e+00  1.80446e+00
    342.73  6570.3125  2.72730e+00  2.66570e+00  1.30306e+00  1.73784e+00
    371.28  6570.9375  2.67860e+00  2.76429e+00  1.30069e+00  1.68117e+00
    399.83  6571.5625  2.57823e+00  2.52132e+00  1.24155e+00  1.63143e+00
    428.38  6572.1875  2.46185e+00  2.53714e+00  1.16748e+00  1.58007e+00
    456.93  6572.8125  2.32874e+00  2.23624e+00  1.07425e+00  1.53077e+00
    485.48  6573.4375  2.21256e+00  2.32454e+00  1.01602e+00  1.45982e+00
    514.03  6574.0625  2.08836e+00  1.93849e+00  9.47302e-01  1.39293e+00
    542.58  6574.6875  2.04873e+00  2.13710e+00  9.49177e-01  1.34296e+00
    571.13  6575.3125  2.02655e+00  1.94220e+00  9.77390e-01  1.28105e+00
    599.69  6575.9375  2.01443e+00  2.10359e+00  1.02568e+00  1.20653e+00
    628.24  6576.5625  1.94415e+00  1.93108e+00  9.99143e-01  1.15320e+00
    656.79  6577.1875  1.92069e+00  1.77877e+00  1.00266e+00  1.12076e+00
    685.34  6577.8125  1.99133e+00  2.16009e+00  1.11200e+00  1.07370e+00
    713.89  6578.4375  1.95913e+00  1.89629e+00  1.12131e+00  1.02290e+00
    742.44  6579.0625  1.87217e+00  1.94279e+00  1.07870e+00  9.68312e-01
    770.99  6579.6875  1.76238e+00  1.69800e+00  1.00130e+00  9.28980e-01
    799.54  6580.3125  1.70181e+00  1.69824e+00  9.76561e-01  8.85748e-01
    828.09  6580.9375  1.70277e+00  1.66350e+00  1.01746e+00  8.36713e-01
    856.65  6581.5625  1.69440e+00  1.80603e+00  1.04930e+00  7.87122e-01
    885.20  6582.1875  1.59120e+00  1.54181e+00  9.82673e-01  7.42587e-01
    913.75  6582.8125  1.49719e+00  1.48203e+00  9.25024e-01  6.99100e-01
    942.30  6583.4375  1.46401e+00  1.44341e+00  9.27198e-01  6.56406e-01
    970.85  6584.0625  1.49693e+00  1.44663e+00  9.86002e-01  6.24703e-01
    999.40  6584.6875  1.55151e+00  1.64576e+00  1.06935e+00  5.89265e-01
   1027.95  6585.3125  1.50154e+00  1.52610e+00  1.05717e+00  5.43211e-01
   1056.50  6585.9375  1.45259e+00  1.30171e+00  1.03804e+00  5.07226e-01
   1085.05  6586.5625  1.53950e+00  1.61250e+00  1.14084e+00  4.88024e-01
   1113.60  6587.1875  1.55981e+00  1.65903e+00  1.17580e+00  4.69148e-01
   1142.16  6587.8125  1.41688e+00  1.40770e+00  1.06101e+00  4.33512e-01
   1170.71  6588.4375  1.27871e+00  1.18622e+00  9.46674e-01  4.04836e-01
   1199.26  6589.0625  1.25098e+00  1.27508e+00  9.33081e-01  3.87970e-01
   1227.81  6589.6875  1.22956e+00  1.25953e+00  9.28341e-01  3.67701e-01
   1256.36  6590.3125  1.16570e+00  1.15657e+00  8.81252e-01  3.47477e-01
   1284.91  6590.9375  1.15819e+00  1.04924e+00  8.86986e-01  3.31731e-01
   1313.46  6591.5625  1.24548e+00  1.33461e+00  9.88721e-01  3.15313e-01
   1342.01  6592.1875  1.26289e+00  1.29505e+00  1.01838e+00  3.00282e-01
   1370.56  6592.8125  1.22226e+00  1.16019e+00  9.90878e-01  2.83282e-01
   1399.11  6593.4375  1.20322e+00  1.26857e+00  9.82386e-01  2.69587e-01
   1427.67  6594.0625  1.15442e+00  1.12157e+00  9.46516e-01  2.53124e-01
   1456.22  6594.6875  1.12385e+00  1.10313e+00  9.25052e-01  2.42090e-01
   1484.77  6595.3125  1.12659e+00  1.14577e+00  9.34462e-01  2.34156e-01
   1513.32  6595.9375  1.11612e+00  1.12290e+00  9.35784e-01  2.20119e-01
   1541.87  6596.5625  1.12509e+00  1.05145e+00  9.59294e-01  2.02929e-01
   1570.42  6597.1875  1.14363e+00  1.29089e+00  9.88588e-01  1.89819e-01
   1598.97  6597.8125  1.10731e+00  9.43730e-01  9.56124e-01  1.85083e-01
   1627.52  6598.4375  1.16397e+00  1.22749e+00  1.02024e+00  1.75860e-01
   1656.07  6599.0625  1.22768e+00  1.22825e+00  1.09114e+00  1.67034e-01
   1684.63  6599.6875  1.22016e+00  1.28394e+00  1.08984e+00  1.59477e-01
   1713.18  6600.3125  1.15006e+00  1.11089e+00  1.02777e+00  1.49951e-01
   1741.73  6600.9375  1.11527e+00  1.07379e+00  1.00460e+00  1.36167e-01
   1770.28  6601.5625  1.09924e+00  1.20220e+00  9.94589e-01  1.28972e-01
   1798.83  6602.1875  1.04709e+00  9.21247e-01  9.45876e-01  1.23976e-01
   1827.38  6602.8125  1.07351e+00  1.12157e+00  9.78432e-01  1.16322e-01
   1855.93  6603.4375  1.12327e+00  1.09663e+00  1.03230e+00  1.12205e-01
   1884.48  6604.0625  1.15207e+00  1.20358e+00  1.06283e+00  1.10453e-01
   1913.03  6604.6875  1.11936e+00  1.13156e+00  1.03592e+00  1.02560e-01
   1941.58  6605.3125  1.05504e+00  1.03648e+00  9.76805e-01  9.62219e-02
   1970.14  6605.9375  1.06116e+00  9.60601e-01  9.84530e-01  9.46542e-02
   1998.69  6606.5625  1.10405e+00  1.28925e+00  1.03287e+00  8.76986e-02
   2027.24  6607.1875  1.03174e+00  9.13342e-01  9.67293e-01  7.84729e-02
   2055.79  6607.8125  9.83296e-01  1.02608e+00  9.22402e-01  7.34211e-02
   2084.34  6608.4375  9.66095e-01  9.32123e-01  9.04855e-01  7.37090e-02
   2112.89  6609.0625  1.00522e+00  9.46554e-01  9.46973e-01  7.07884e-02
   2141.44  6609.6875  1.08869e+00  1.17716e+00  1.03480e+00  6.60450e-02
   2169.99  6610.3125  1.10353e+00  1.08140e+00  1.05210e+00  6.24749e-02
   2198.54  6610.9375  1.08091e+00  1.10512e+00  1.03275e+00  5.82078e-02
   2227.09  6611.5625  1.03069e+00  1.04203e+00  9.87431e-01  5.30582e-02
   2255.65  6612.1875  9.76508e-01  9.37621e-01  9.37040e-01  4.90109e-02
   2284.20  6612.8125  9.82778e-01  9.49574e-01  9.42845e-01  4.91210e-02
   2312.75  6613.4375  9.90123e-01  1.10448e+00  9.47468e-01  5.18289e-02
   2341.30  6614.0625  9.21686e-01  8.31507e-01  8.81425e-01  4.92082e-02
   2369.85  6614.6875  9.15521e-01  8.95986e-01  8.79413e-01  4.41220e-02
   2398.40  6615.3125  9.58194e-01  1.00541e+00  9.23911e-01  4.23515e-02
   2426.95  6615.9375  9.65857e-01  9.47734e-01  9.35649e-01  3.78070e-02
   2455.50  6616.5625  1.00313e+00  9.44733e-01  9.76336e-01  3.30067e-02
   2484.05  6617.1875  1.08731e+00  1.14900e+00  1.06075e+00  3.30620e-02
   2512.61  6617.8125  1.07736e+00  1.16348e+00  1.05037e+00  3.38927e-02
   2541.16  6618.4375  9.90438e-01  8.63364e-01  9.64622e-01  3.17737e-02
   2569.71  6619.0625  9.55619e-01  1.06175e+00  9.30654e-01  2.99755e-02
   2598.26  6619.6875  8.80259e-01  8.38662e-01  8.58114e-01  2.64625e-02
   2626.81  6620.3125  8.32379e-01  7.83352e-01  8.12004e-01  2.47318e-02
   2655.36  6620.9375  9.07034e-01  8.42543e-01  8.87904e-01  2.36268e-02
   2683.91  6621.5625  1.03152e+00  1.14266e+00  1.01486e+00  2.07345e-02
   2712.46  6622.1875  1.04513e+00  1.05033e+00  1.02968e+00  1.85557e-02
   2741.01  6622.8125  9.91870e-01  9.86183e-01  9.75660e-01  1.86685e-02
   2769.56  6623.4375  9.75328e-01  9.13902e-01  9.58861e-01  1.94688e-02
   2798.12  6624.0625  1.02092e+00  1.05991e+00  1.00584e+00  1.78771e-02
   2826.67  6624.6875  1.05169e+00  1.04855e+00  1.03777e+00  1.61790e-02
   2855.22  6625.3125  1.02853e+00  1.09098e+00  1.01360e+00  1.74084e-02
   2883.77  6625.9375  9.50883e-01  9.04545e-01  9.35101e-01  1.88614e-02
   2912.32  6626.5625  9.08270e-01  8.94783e-01  8.93553e-01  1.79963e-02
   2940.87  6627.1875  9.53004e-01  8.76478e-01  9.39792e-01  1.64853e-02
   2969.42  6627.8125  1.04515e+00  1.14829e+00  1.03362e+00  1.49399e-02
   2997.97  6628.4375  1.01952e+00  1.07120e+00  1.00924e+00  1.35308e-02
   3026.52  6629.0625  9.43216e-01  8.09335e-01  9.32084e-01  1.37362e-02
   3055.07  6629.6875  9.61360e-01  1.04484e+00  9.48833e-01  1.44038e-02
   3083.63  6630.3125  9.68792e-01  9.32684e-01  9.56531e-01  1.38124e-02
   3112.18  6630.9375  9.66487e-01  9.90832e-01  9.56176e-01  1.16072e-02
   3140.73  6631.5625  1.00296e+00  9.12696e-01  9.94104e-01  9.96803e-03
   3169.28  6632.1875  1.09646e+00  1.17560e+00  1.08920e+00  8.50095e-03
   3197.83  6632.8125  1.10461e+00  1.16373e+00  1.09822e+00  7.60975e-03
   3226.38  6633.4375  1.02375e+00  9.60305e-01  1.01740e+00  7.61992e-03
   3254.93  6634.0625  9.37173e-01  1.03310e+00  9.30997e-01  7.55324e-03
   3283.48  6634.6875  8.76061e-01  6.80628e-01  8.69523e-01  7.80953e-03
   3312.03  6635.3125  9.77952e-01  1.04190e+00  9.70647e-01  7.97611e-03
   3340.58  6635.9375  1.05569e+00  1.14713e+00  1.04852e+00  7.86019e-03
   3369.14  6636.5625  1.00733e+00  9.62792e-01  1.00115e+00  7.32194e-03
   3397.69  6637.1875  9.82278e-01  9.45308e-01  9.77038e-01  6.49227e-03
   3426.24  6637.8125  1.02062e+00  1.03780e+00  1.01539e+00  6.21012e-03
   3454.79  6638.4375  1.06518e+00  1.05759e+00  1.06000e+00  6.14420e-03
   3483.34  6639.0625  1.11379e+00  1.10399e+00  1.10924e+00  5.71357e-03
   3511.89  6639.6875  1.13196e+00  1.21221e+00  1.12797e+00  4.76343e-03
   3540.44  6640.3125  1.07481e+00  1.03477e+00  1.07039e+00  5.10433e-03
   3568.99  6640.9375  1.04066e+00  1.00668e+00  1.03611e+00  5.77346e-03
   3597.54  6641.5625  1.02991e+00  1.10696e+00  1.02662e+00  4.82802e-03
   3626.10  6642.1875  9.94811e-01  9.00442e-01  9.91575e-01  4.37428e-03
   3654.65  6642.8125  1.02111e+00  1.05025e+00  1.01766e+00  5.16903e-03
   3683.20  6643.4375  1.04213e+00  1.07703e+00  1.03891e+00  5.41210e-03
   3711.75  6644.0625  1.00894e+00  1.00124e+00  1.00541e+00  4.55696e-03
   3740.30  6644.6875  9.96292e-01  9.36521e-01  9.92417e-01  3.72328e-03
   3768.85  6645.3125  1.00101e+00  1.11181e+00  9.97688e-01  2.74201e-03
   3797.40  6645.9375  9.24556e-01  8.80538e-01  9.21630e-01  2.60157e-03
   3825.95  6646.5625  9.01692e-01  7.99066e-01  8.99430e-01  2.85595e-03
   3854.50  6647.1875  9.97751e-01  1.06455e+00  9.95790e-01  3.17760e-03
   3883.05  6647.8125  1.05812e+00  1.07530e+00  1.05622e+00  3.36833e-03
   3911.61  6648.4375  1.06064e+00  1.05895e+00  1.05874e+00  2.65702e-03
   3940.16  6649.0625  1.07311e+00  1.03494e+00  1.06988e+00  3.03988e-03
   3968.71  6649.6875  1.09164e+00  1.17017e+00  1.08822e+00  3.49767e-03
   3997.26  6650.3125  1.06636e+00  1.00258e+00  1.06421e+00  3.39154e-03
   4025.81  6650.9375  1.05914e+00  1.09099e+00  1.05816e+00  2.53980e-03
   4054.36  6651.5625  1.02091e+00  1.06193e+00  1.01990e+00  1.92117e-03
   4082.91  6652.1875  9.27528e-01  9.07602e-01  9.25843e-01  1.94684e-03
   4111.46  6652.8125  9.14942e-01  7.78119e-01  9.12834e-01  2.32988e-03
   4140.01  6653.4375  1.04213e+00  1.12937e+00  1.03944e+00  2.68489e-03
   4168.56  6654.0625  1.11904e+00  1.14608e+00  1.11599e+00  2.69932e-03
   4197.12  6654.6875  1.09109e+00  1.12568e+00  1.08866e+00  2.17228e-03
   4225.67  6655.3125  1.02100e+00  9.88125e-01  1.01934e+00  1.93008e-03
   4254.22  6655.9375  1.03054e+00  9.28237e-01  1.02944e+00  1.64791e-03
   4282.77  6656.5625  1.11264e+00  1.25325e+00  1.11167e+00  1.82226e-03
   4311.32  6657.1875  1.11161e+00  1.04016e+00  1.11070e+00  1.51449e-03
   4339.87  6657.8125  1.08656e+00  1.14805e+00  1.08583e+00  9.70745e-04
   4368.42  6658.4375  1.02248e+00  1.01803e+00  1.02195e+00  9.59738e-04
   4396.97  6659.0625  9.63186e-01  9.08404e-01  9.62233e-01  1.20671e-03
   4425.52  6659.6875  9.73226e-01  9.73589e-01  9.72239e-01  1.01890e-03
   4454.08  6660.3125  9.52542e-01  1.06735e+00  9.52353e-01  6.01964e-04
   4482.63  6660.9375  8.86378e-01  7.07972e-01  8.86699e-01  4.88890e-04
   4511.18  6661.5625  9.45326e-01  1.01271e+00  9.45318e-01  4.67208e-04
   4539.73  6662.1875  9.83208e-01  1.04832e+00  9.82154e-01  7.49221e-04
   4568.28  6662.8125  9.63630e-01  8.51979e-01  9.62516e-01  8.24894e-04
   4596.83  6663.4375  9.92281e-01  1.09292e+00  9.91754e-01  4.97095e-04
   4625.38  6664.0625  9.87587e-01  9.23114e-01  9.86712e-01  3.59525e-04
   4653.93  6664.6875  9.54960e-01  1.06095e+00  9.54302e-01  2.35739e-04
   4682.48  6665.3125  9.42310e-01  7.21843e-01  9.42119e-01  5.29144e-04
   4711.03  6665.9375  1.02399e+00  1.25950e+00  1.02325e+00  1.21775e-03
   4739.59  6666.5625  1.00699e+00  8.60904e-01  1.00575e+00  1.31944e-03
   4768.14  6667.1875  9.91669e-01  1.08796e+00  9.91170e-01  9.37245e-04
   4796.69  6667.8125  9.45063e-01  9.20850e-01  9.44866e-01  3.50630e-04
   4825.24  6668.4375  9.14731e-01  8.52872e-01  9.13574e-01  5.41243e-05
   4853.79  6669.0625  9.66776e-01  9.83173e-01  9.65497e-01  2.15777e-05
   4882.34  6669.6875  1.00985e+00  1.05360e+00  1.00930e+00  3.30682e-05
   4910.89  6670.3125  1.00752e+00  9.75672e-01  1.00678e+00  6.07667e-05
   4939.44  6670.9375  1.04255e+00  9.99365e-01  1.04113e+00  3.33115e-04
   4967.99  6671.5625  1.08123e+00  1.20422e+00  1.07977e+00  7.40917e-04
   4996.54  6672.1875  1.03367e+00  9.50421e-01  1.03312e+00  6.17003e-04
   5025.10  6672.8125  1.02402e+00  1.02253e+00  1.02365e+00  3.71778e-04
   5053.65  6673.4375  1.04582e+00  1.07252e+00  1.04539e+00  3.66469e-04
   5082.20  6674.0625  1.03085e+00  1.04624e+00  1.03004e+00  2.84830e-04
   5110.75  6674.6875  1.04179e+00  9.24861e-01  1.04069e+00  2.50245e-04
   5139.30  6675.3125  1.06157e+00  1.29892e+00  1.06093e+00  1.37645e-04
   5167.85  6675.9375  9.67360e-01  7.50000e-01  9.66628e-01  1.09735e-04
   5196.40  6676.5625  1.01981e+00  1.01693e+00  1.01854e+00  4.25467e-04
   5224.95  6677.1875  1.11317e+00  1.26191e+00  1.11174e+00  7.76057e-04
   5253.50  6677.8125  1.07971e+00  9.76599e-01  1.07875e+00  4.03965e-04
   5282.06  6678.4375  1.08798e+00  1.09481e+00  1.08760e+00  6.12773e-05
   5310.61  6679.0625  1.12194e+00  1.15780e+00  1.12134e+00  7.02891e-06
   5339.16  6679.6875  1.08563e+00  1.12296e+00  1.08487e+00  2.06800e-05
   5367.71  6680.3125  1.00208e+00  9.68843e-01  1.00175e+00  1.02785e-04
   5396.26  6680.9375  1.00926e+00  8.80995e-01  1.00914e+00  5.05312e-04
   5424.81  6681.5625  1.07144e+00  1.30122e+00  1.07034e+00  9.60354e-04
   5453.36  6682.1875  9.86327e-01  8.55222e-01  9.85241e-01  6.53885e-04
   5481.91  6682.8125  9.54063e-01  9.29670e-01  9.53984e-01  4.05309e-04
   5510.46  6683.4375  9.95135e-01  1.04556e+00  9.95793e-01  2.90832e-04
   5539.01  6684.0625  9.77654e-01  9.94488e-01  9.78500e-01  2.75635e-04
   5567.57  6684.6875  9.04541e-01  9.15301e-01  9.05319e-01  2.37122e-04
   5596.12  6685.3125  8.66022e-01  7.62040e-01  8.66148e-01  2.21927e-04
   5624.67  6685.9375  9.13225e-01  9.86756e-01  9.12529e-01  1.04906e-04
   5653.22  6686.5625  9.10514e-01  9.44372e-01  9.09451e-01  1.46493e-05
   5681.77  6687.1875  9.28019e-01  7.47558e-01  9.26829e-01  5.72632e-07
   5710.32  6687.8125  1.09834e+00  1.19724e+00  1.09728e+00  1.14769e-06
   5738.87  6688.4375  1.16054e+00  1.30586e+00  1.15940e+00  2.97641e-05
   5767.42  6689.0625  1.04313e+00  9.32235e-01  1.04230e+00  2.10543e-04
   5795.97  6689.6875  1.00532e+00  9.67036e-01  1.00523e+00  4.04164e-04
   5824.52  6690.3125  1.07258e+00  1.07935e+00  1.07249e+00  2.10543e-04
   5853.08  6690.9375  1.07575e+00  1.21709e+00  1.07573e+00  2.97641e-05
   5881.63  6691.5625  9.57864e-01  8.43397e-01  9.58214e-01  1.14186e-06
   5910.18  6692.1875  9.26950e-01  8.90326e-01  9.27376e-01  1.18878e-08
   5938.73  6692.8125  9.76398e-01  1.03462e+00  9.76635e-01  0.00000e+00
   5967.28  6693.4375  1.00652e+00  9.51279e-01  1.00639e+00  0.00000e+00
   5995.83  6694.0625  1.04942e+00  1.09240e+00  1.04889e+00  1.21158e-08
   6024.38  6694.6875  1.05722e+00  1.07213e+00  1.05714e+00  1.16376e-06
   6052.93  6695.3125  1.01386e+00  1.02406e+00  1.01452e+00  3.03350e-05
   6081.48  6695.9375  9.28549e-01  9.57066e-01  9.28890e-01  2.14582e-04
   6110.04  6696.5625  8.04302e-01  8.05487e-01  8.04067e-01  4.11916e-04
   6138.59  6697.1875  7.75833e-01  5.82193e-01  7.75736e-01  2.14582e-04
   6167.14  6697.8125  9.46427e-01  1.03452e+00  9.46470e-01  3.03350e-05
   6195.69  6698.4375  1.04508e+00  1.17085e+00  1.04485e+00  1.17615e-06
   6224.24  6699.0625  1.00579e+00  8.73925e-01  1.00557e+00  1.20172e-06
   6252.79  6699.6875  1.01334e+00  1.09790e+00  1.01339e+00  3.10087e-05
   6281.34  6700.3125  1.01365e+00  9.63301e-01  1.01349e+00  2.19347e-04
   6309.89  6700.9375  1.01388e+00  1.04776e+00  1.01319e+00  4.21064e-04
   6338.44  6701.5625  9.95928e-01  9.95428e-01  9.95026e-01  2.19347e-04
   6366.99  6702.1875  9.48967e-01  9.69809e-01  9.48445e-01  3.10087e-05
   6395.55  6702.8125  9.06186e-01  8.52637e-01  9.06004e-01  1.18961e-06
   6424.10  6703.4375  9.28281e-01  9.17025e-01  9.27718e-01  1.23848e-08
   6452.65  6704.0625  9.79404e-01  1.00799e+00  9.78415e-01  0.00000e+00
   6481.20  6704.6875  1.00009e+00  1.00716e+00  9.99611e-01  0.00000e+00
   6509.75  6705.3125  1.04610e+00  9.51672e-01  1.04608e+00  0.00000e+00
   6538.30  6705.9375  1.11369e+00  1.27948e+00  1.11313e+00  0.00000e+00
   6566.85  6706.5625  1.04308e+00  1.00072e+00  1.04237e+00  0.00000e+00
   6595.40  6707.1875  9.42227e-01  9.28504e-01  9.41883e-01  0.00000e+00
   6623.95  6707.8125  9.19963e-01  8.49848e-01  9.20137e-01  0.00000e+00
   6652.50  6708.4375  9.59731e-01  1.03119e+00  9.60144e-01  0.00000e+00
   6681.06  6709.0625  9.78642e-01  9.25941e-01  9.79140e-01  0.00000e+00
   6709.61  6709.6875  1.01916e+00  1.03040e+00  1.01992e+00  0.00000e+00
   6738.16  6710.3125  1.05613e+00  1.08376e+00  1.05716e+00  0.00000e+00
   6766.71  6710.9375  1.03650e+00  1.06764e+00  1.03750e+00  0.00000e+00
   6795.26  6711.5625  1.03346e+00  9.07699e-01  1.03436e+00  0.00000e+00
   6823.81  6712.1875  1.15381e+00  1.18907e+00  1.15463e+00  0.00000e+00
   6852.36  6712.8125  1.24370e+00  1.34350e+00  1.24441e+00  0.00000e+00
   6880.91  6713.4375  1.21309e+00  1.16092e+00  1.21393e+00  0.00000e+00
   6909.46  6714.0625  1.15813e+00  1.21029e+00  1.15847e+00  0.00000e+00
   6938.02  6714.6875  1.06210e+00  1.06692e+00  1.06187e+00  0.00000e+00
   6966.57  6715.3125  9.82613e-01  8.93768e-01  9.82248e-01  0.00000e+00
   6995.12  6715.9375  9.89482e-01  1.03090e+00  9.89374e-01  0.00000e+00
   7023.67  6716.5625  9.57068e-01  1.02437e+00  9.56885e-01  0.00000e+00
   7052.22  6717.1875  8.76714e-01  7.76914e-01  8.76867e-01  0.00000e+00
   7080.77  6717.8125  9.44245e-01  8.42315e-01  9.45440e-01  0.00000e+00
   7109.32  6718.4375  1.12479e+00  1.26573e+00  1.12648e+00  0.00000e+00
   7137.87  6719.0625  1.23650e+00  1.13257e+00  1.23778e+00  0.00000e+00
   7166.42  6719.6875  1.24764e+00  1.51454e+00  1.24780e+00  0.00000e+00
   7194.97  6720.3125  1.06492e+00  8.98742e-01  1.06469e+00  0.00000e+00
   7223.53  6720.9375  9.93171e-01  9.04830e-01  9.93346e-01  0.00000e+00
   7252.08  6721.5625  1.02786e+00  1.20774e+00  1.02839e+00  0.00000e+00
   7280.63  6722.1875  9.84918e-01  8.12433e-01  9.85287e-01  0.00000e+00
   7309.18  6722.8125  1.03350e+00  1.08658e+00  1.03349e+00  0.00000e+00
   7337.73  6723.4375  1.10518e+00  1.10702e+00  1.10534e+00  0.00000e+00
   7366.28  6724.0625  1.09323e+00  1.19350e+00  1.09351e+00  0.00000e+00
   7394.83  6724.6875  1.04903e+00  8.71603e-01  1.04878e+00  0.00000e+00
   7423.38  6725.3125  1.13008e+00  1.21541e+00  1.12950e+00  0.00000e+00
   7451.93  6725.9375  1.21708e+00  1.19030e+00  1.21711e+00  0.00000e+00
   7480.48  6726.5625  1.26809e+00  1.30328e+00  1.26912e+00  0.00000e+00
   7509.04  6727.1875  1.20928e+00  1.34156e+00  1.21098e+00  0.00000e+00
   7537.59  6727.8125  1.03603e+00  9.00663e-01  1.03763e+00  0.00000e+00
   7566.14  6728.4375  9.70360e-01  9.58897e-01  9.71695e-01  0.00000e+00
   7594.69  6729.0625  1.02112e+00  9.80759e-01  1.02212e+00  0.00000e+00
   7623.24  6729.6875  1.10411e+00  1.15302e+00  1.10468e+00  0.00000e+00
   7651.79  6730.3125  1.08560e+00  1.19063e+00  1.08575e+00  0.00000e+00
   7680.34  6730.9375  9.56678e-01  8.62301e-01  9.56887e-01  0.00000e+00
   7708.89  6731.5625  9.08757e-01  8.77581e-01  9.09455e-01  0.00000e+00
   7737.44  6732.1875  9.79011e-01  9.37811e-01  9.79497e-01  0.00000e+00
   7765.99  6732.8125  1.07677e+00  1.15603e+00  1.07688e+00  0.00000e+00
   7794.55  6733.4375  1.07139e+00  1.11424e+00  1.07129e+00  0.00000e+00
   7823.10  6734.0625  1.01857e+00  9.26830e-01  1.01814e+00  0.00000e+00
   7851.65  6734.6875  1.07496e+00  1.04831e+00  1.07453e+00  0.00000e+00
   7880.20  6735.3125  1.19428e+00  1.23015e+00  1.19422e+00  0.00000e+00
   7908.75  6735.9375  1.19889e+00  1.35094e+00  1.19826e+00  0.00000e+00
   7937.30  6736.5625  1.09058e+00  9.03060e-01  1.08979e+00  0.00000e+00
   7965.85  6737.1875  1.09266e+00  1.17117e+00  1.09282e+00  0.00000e+00
   7994.40  6737.8125  1.12289e+00  1.08487e+00  1.12393e+00  0.00000e+00
   8022.95  6738.4375  1.17053e+00  1.15097e+00  1.17153e+00  0.00000e+00
   8051.51  6739.0625  1.19619e+00  1.31305e+00  1.19721e+00  0.00000e+00
   8080.06  6739.6875  1.12529e+00  1.04570e+00  1.12616e+00  0.00000e+00
   8108.61  6740.3125  1.05312e+00  1.11674e+00  1.05372e+00  0.00000e+00
   8137.16  6740.9375  9.67412e-01  9.22294e-01  9.68025e-01  0.00000e+00
   8165.71  6741.5625  9.10447e-01  9.12708e-01  9.11102e-01  0.00000e+00
   8194.26  6742.1875  9.63032e-01  8.05256e-01  9.63748e-01  0.00000e+00
   8222.81  6742.8125  1.08374e+00  1.32862e+00  1.08467e+00  0.00000e+00
   8251.36  6743.4375  1.07747e+00  9.01187e-01  1.07827e+00  0.00000e+00
   8279.91  6744.0625  1.11273e+00  1.19485e+00  1.11358e+00  0.00000e+00
   8308.46  6744.6875  1.12542e+00  1.14261e+00  1.12566e+00  0.00000e+00
   8337.02  6745.3125  1.05915e+00  1.08729e+00  1.05883e+00  0.00000e+00
   8365.57  6745.9375  1.01510e+00  8.84484e-01  1.01503e+00  0.00000e+00
   8394.12  6746.5625  1.02023e+00  1.20111e+00  1.02078e+00  0.00000e+00
   8422.67  6747.1875  9.01248e-01  8.38036e-01  9.01541e-01  0.00000e+00
   8451.22  6747.8125  7.79923e-01  7.54175e-01  7.80007e-01  0.00000e+00
   8479.77  6748.4375  7.83717e-01  6.86829e-01  7.83648e-01  0.00000e+00
   8508.32  6749.0625  9.24444e-01  9.37938e-01  9.24399e-01  0.00000e+00
   8536.87  6749.6875  1.05735e+00  1.13432e+00  1.05749e+00  0.00000e+00
   8565.42  6750.3125  1.04167e+00  1.11403e+00  1.04161e+00  0.00000e+00
   8593.97  6750.9375  9.33569e-01  8.42469e-01  9.33653e-01  0.00000e+00
   8622.53  6751.5625  8.49308e-01  9.47690e-01  8.49731e-01  0.00000e+00
   8651.08  6752.1875  8.30614e-01  5.85185e-01  8.30428e-01  0.00000e+00
   8679.63  6752.8125  9.81981e-01  1.14543e+00  9.81516e-01  0.00000e+00
   8708.18  6753.4375  1.03490e+00  1.08288e+00  1.03497e+00  0.00000e+00
   8736.73  6754.0625  9.95684e-01  8.92237e-01  9.96238e-01  0.00000e+00
   8765.28  6754.6875  1.05474e+00  1.05661e+00  1.05551e+00  0.00000e+00
   8793.83  6755.3125  1.10741e+00  1.21891e+00  1.10824e+00  0.00000e+00
   8822.38  6755.9375  1.05039e+00  9.87123e-01  1.05089e+00  0.00000e+00
   8850.93  6756.5625  9.87703e-01  1.02894e+00  9.87669e-01  0.00000e+00
   8879.49  6757.1875  9.51860e-01  8.69608e-01  9.51579e-01  0.00000e+00
   8908.04  6757.8125  9.55271e-01  1.03807e+00  9.55304e-01  0.00000e+00
   8936.59  6758.4375  9.42188e-01  8.66906e-01  9.42596e-01  0.00000e+00
   8965.14  6759.0625  9.76473e-01  9.82566e-01  9.76388e-01  0.00000e+00
   8993.69  6759.6875  1.00946e+00  1.06918e+00  1.00908e+00  0.00000e+00
   9022.24  6760.3125  9.66377e-01  9.58545e-01  9.66823e-01  0.00000e+00
   9050.79  6760.9375  8.97120e-01  8.97557e-01  8.97827e-01  0.00000e+00
   9079.34  6761.5625  8.44534e-01  8.27623e-01  8.45067e-01  0.00000e+00
   9107.89  6762.1875  8.86077e-01  7.63681e-01  8.86649e-01  0.00000e+00
   9136.44  6762.8125  1.04120e+00  1.13541e+00  1.04168e+00  0.00000e+00
   9165.00  6763.4375  1.09478e+00  1.18050e+00  1.09461e+00  0.00000e+00
   9193.55  6764.0625  1.01175e+00  9.63469e-01  1.01095e+00  0.00000e+00
   9222.10  6764.6875  9.73650e-01  9.16158e-01  9.72930e-01  0.00000e+00
   9250.65  6765.3125  1.04930e+00  1.02749e+00  1.04903e+00  0.00000e+00
   9279.20  6765.9375  1.13301e+00  1.22723e+00  1.13262e+00  0.00000e+00
   9307.75  6766.5625  1.09845e+00  1.11239e+00  1.09798e+00  0.00000e+00
   9336.30  6767.1875  1.01158e+00  9.76935e-01  1.01141e+00  0.00000e+00
   9364.85  6767.8125  9.95769e-01  9.36498e-01  9.95259e-01  0.00000e+00
   9393.40  6768.4375  1.07717e+00  1.07467e+00  1.07574e+00  0.00000e+00
   9421.95  6769.0625  1.13315e+00  1.25136e+00  1.13115e+00  0.00000e+00
   9450.51  6769.6875  1.12818e+00  9.62126e-01  1.12672e+00  0.00000e+00
   9479.06  6770.3125  1.14667e+00  1.36252e+00  1.14614e+00  0.00000e+00
   9507.61  6770.9375  1.05846e+00  9.18590e-01  1.05836e+00  0.00000e+00
   9536.16  6771.5625  1.02939e+00  1.03659e+00  1.02974e+00  0.00000e+00
   9564.71  6772.1875  1.09640e+00  1.04092e+00  1.09791e+00  0.00000e+00
   9593.26  6772.8125  1.14162e+00  1.30553e+00  1.14359e+00  0.00000e+00
   9621.81  6773.4375  1.06119e+00  9.65283e-01  1.06203e+00  0.00000e+00
   9650.36  6774.0625  1.03581e+00  9.87458e-01  1.03598e+00  0.00000e+00
   9678.91  6774.6875  1.05203e+00  1.18588e+00  1.05194e+00  0.00000e+00
   9707.47  6775.3125  1.01957e+00  8.54897e-01  1.01931e+00  0.00000e+00
   9736.02  6775.9375  1.07216e+00  1.16010e+00  1.07168e+00  0.00000e+00
   9764.57  6776.5625  1.07931e+00  1.12147e+00  1.07816e+00  0.00000e+00
   9793.12  6777.1875  1.01913e+00  9.57617e-01  1.01790e+00  0.00000e+00
   9821.67  6777.8125  1.00078e+00  1.01990e+00  1.00007e+00  0.00000e+00
   9850.22  6778.4375  9.94980e-01  9.91611e-01  9.94290e-01  0.00000e+00
   9878.77  6779.0625  9.89711e-01  9.86517e-01  9.88529e-01  0.00000e+00
   9907.32  6779.6875  1.04204e+00  9.44563e-01  1.04185e+00  0.00000e+00
   9935.87  6780.3125  1.09970e+00  1.31368e+00  1.10080e+00  0.00000e+00
   9964.42  6780.9375  9.89470e-01  8.95048e-01  9.90629e-01  0.00000e+00
   9992.98  6781.5625  9.10982e-01  8.64208e-01  9.11539e-01  0.00000e+00
  10021.53  6782.1875  1.00549e+00  8.95043e-01  1.00564e+00  0.00000e+00
  10050.08  6782.8125  1.15790e+00  1.36070e+00  1.15768e+00  0.00000e+00
  10078.63  6783.4375  1.13535e+00  1.08840e+00  1.13499e+00  0.00000e+00
  10107.18  6784.0625  1.04728e+00  1.06872e+00  1.04734e+00  0.00000e+00
  10135.73  6784.6875  1.02230e+00  8.97779e-01  1.02238e+00  0.00000e+00
  10164.28  6785.3125  1.06349e+00  1.22124e+00  1.06312e+00  0.00000e+00
  10192.83  6785.9375  1.07830e+00  8.86243e-01  1.07826e+00  0.00000e+00
  10221.38  6786.5625  1.12725e+00  1.34428e+00  1.12797e+00  0.00000e+00
  10249.93  6787.1875  1.02618e+00  9.84815e-01  1.02696e+00  0.00000e+00
  10278.49  6787.8125  9.25901e-01  8.13734e-01  9.26261e-01  0.00000e+00
  10307.04  6788.4375  1.02525e+00  9.59743e-01  1.02516e+00  0.00000e+00
  10335.59  6789.0625  1.14912e+00  1.37412e+00  1.14913e+00  0.00000e+00
  10364.14  6789.6875  1.08841e+00  9.71185e-01  1.08845e+00  0.00000e+00
  10392.69  6790.3125  1.07139e+00  1.03174e+00  1.07170e+00  0.00000e+00
  10421.24  6790.9375  1.13016e+00  1.19805e+00  1.13098e+00  0.00000e+00
  10449.79  6791.5625  1.13125e+00  1.12280e+00  1.13204e+00  0.00000e+00
  10478.34  6792.1875  1.09105e+00  1.10964e+00  1.09179e+00  0.00000e+00
  10506.89  6792.8125  1.01509e+00  1.04266e+00  1.01572e+00  0.00000e+00
  10535.45  6793.4375  9.49802e-01  8.56115e-01  9.50379e-01  0.00000e+00
  10564.00  6794.0625  1.01513e+00  9.73994e-01  1.01555e+00  0.00000e+00
  10592.55  6794.6875  1.15230e+00  1.21643e+00  1.15309e+00  0.00000e+00
  10621.10  6795.3125  1.22662e+00  1.23368e+00  1.22768e+00  0.00000e+00
  10649.65  6795.9375  1.23024e+00  1.26540e+00  1.23101e+00  0.00000e+00
  10678.20  6796.5625  1.14907e+00  1.20695e+00  1.14968e+00  0.00000e+00
  10706.75  6797.1875  1.03302e+00  9.23801e-01  1.03380e+00  0.00000e+00
  10735.30  6797.8125  9.88752e-01  1.05710e+00  9.88594e-01  0.00000e+00
  10763.85  6798.4375  9.77290e-01  8.71931e-01  9.75888e-01  0.00000e+00
  10792.40  6799.0625  1.00600e+00  1.12320e+00  1.00462e+00  0.00000e+00
  10820.96  6799.6875  1.07366e+00  8.34625e-01  1.07353e+00  0.00000e+00
  10849.51  6800.3125  1.19962e+00  1.52978e+00  1.19996e+00  0.00000e+00
  10878.06  6800.9375  1.15427e+00  9.38685e-01  1.15454e+00  0.00000e+00
  10906.61  6801.5625  1.15657e+00  1.23356e+00  1.15690e+00  0.00000e+00
  10935.16  6802.1875  1.16008e+00  1.18913e+00  1.16025e+00  0.00000e+00
  10963.71  6802.8125  1.11946e+00  1.06128e+00  1.11985e+00  0.00000e+00
  10992.26  6803.4375  1.10391e+00  1.15625e+00  1.10453e+00  0.00000e+00
  11020.81  6804.0625  1.05676e+00  1.05572e+00  1.05680e+00  0.00000e+00
  11049.36  6804.6875  1.03562e+00  9.43490e-01  1.03467e+00  0.00000e+00
  11077.91  6805.3125  1.11092e+00  1.15415e+00  1.10974e+00  0.00000e+00
  11106.47  6805.9375  1.19244e+00  1.17312e+00  1.19202e+00  0.00000e+00
  11135.02  6806.5625  1.21026e+00  1.32413e+00  1.21028e+00  0.00000e+00
  11163.57  6807.1875  1.13675e+00  1.05074e+00  1.13696e+00  0.00000e+00
  11192.12  6807.8125  1.08636e+00  1.13032e+00  1.08638e+00  0.00000e+00
  11220.67  6808.4375  1.07736e+00  9.84445e-01  1.07707e+00  0.00000e+00
  11249.22  6809.0625  1.08903e+00  1.22791e+00  1.08961e+00  0.00000e+00
  11277.77  6809.6875  1.05011e+00  9.14003e-01  1.05126e+00  0.00000e+00
  11306.32  6810.3125  1.06115e+00  1.14251e+00  1.06205e+00  0.00000e+00
  11334.87  6810.9375  1.02479e+00  1.05656e+00  1.02552e+00  0.00000e+00
  11363.43  6811.5625  9.51260e-01  8.69906e-01  9.51717e-01  0.00000e+00
  11391.98  6812.1875  9.69870e-01  9.57320e-01  9.69569e-01  0.00000e+00
  11420.53  6812.8125  1.01558e+00  1.07621e+00  1.01557e+00  0.00000e+00
  11449.08  6813.4375  9.73055e-01  1.00844e+00  9.73543e-01  0.00000e+00
  11477.63  6814.0625  9.16080e-01  7.99003e-01  9.16185e-01  0.00000e+00
  11506.18  6814.6875  9.64120e-01  1.01268e+00  9.63341e-01  0.00000e+00
  11534.73  6815.3125  1.04248e+00  9.97098e-01  1.04132e+00  0.00000e+00
  11563.28  6815.9375  1.11150e+00  1.18564e+00  1.11017e+00  0.00000e+00
  11591.83  6816.5625  1.11747e+00  1.09876e+00  1.11619e+00  0.00000e+00
  11620.38  6817.1875  1.08432e+00  1.11885e+00  1.08373e+00  0.00000e+00
  11648.94  6817.8125  1.02380e+00  1.01115e+00  1.02465e+00  0.00000e+00
  11677.49  6818.4375  9.98398e-01  9.32874e-01  1.00050e+00  0.00000e+00
  11706.04  6819.0625  1.03947e+00  1.08309e+00  1.04138e+00  0.00000e+00
  11734.59  6819.6875  1.05077e+00  1.07573e+00  1.05165e+00  0.00000e+00
  11763.14  6820.3125  1.05958e+00  9.63040e-01  1.05981e+00  0.00000e+00
  11791.69  6820.9375  1.11430e+00  1.22144e+00  1.11408e+00  0.00000e+00
  11820.24  6821.5625  1.06422e+00  1.09958e+00  1.06395e+00  0.00000e+00
  11848.79  6822.1875  9.47835e-01  8.83706e-01  9.47633e-01  0.00000e+00
  11877.34  6822.8125  9.52742e-01  8.44466e-01  9.52919e-01  0.00000e+00
  11905.89  6823.4375  1.04492e+00  1.19964e+00  1.04584e+00  0.00000e+00
  11934.45  6824.0625  9.82605e-01  1.01642e+00  9.83095e-01  0.00000e+00
  11963.00  6824.6875  8.76997e-01  7.26984e-01  8.76851e-01  0.00000e+00
  11991.55  6825.3125  9.61512e-01  9.28567e-01  9.61442e-01  0.00000e+00
  12020.10  6825.9375  1.10410e+00  1.23427e+00  1.10449e+00  0.00000e+00
  12048.65  6826.5625  1.13584e+00  1.06291e+00  1.13627e+00  0.00000e+00
  12077.20  6827.1875  1.08343e+00  1.26325e+00  1.08367e+00  0.00000e+00
  12105.75  6827.8125  9.37620e-01  7.59122e-01  9.37581e-01  0.00000e+00
  12134.30  6828.4375  8.94079e-01  9.44066e-01  8.93464e-01  0.00000e+00
  12162.85  6829.0625  9.02392e-01  8.76628e-01  9.01369e-01  0.00000e+00
  12191.40  6829.6875  9.30013e-01  9.13236e-01  9.29329e-01  0.00000e+00
  12219.96  6830.3125  9.76470e-01  1.00727e+00  9.76712e-01  0.00000e+00
  12248.51  6830.9375  1.02550e+00  9.74422e-01  1.02570e+00  0.00000e+00
  12277.06  6831.5625  1.13836e+00  1.10461e+00  1.13845e+00  0.00000e+00
  12305.61  6832.1875  1.21127e+00  1.40750e+00  1.21110e+00  0.00000e+00
  12334.16  6832.8125  1.12389e+00  9.94468e-01  1.12340e+00  0.00000e+00
  12362.71  6833.4375  1.10059e+00  1.07919e+00  1.10031e+00  0.00000e+00
  12391.26  6834.0625  1.12063e+00  1.22212e+00  1.12093e+00  0.00000e+00
  12419.81  6834.6875  1.08806e+00  9.70200e-01  1.08884e+00  0.00000e+00
  12448.36  6835.3125  1.05031e+00  1.22890e+00  1.05107e+00  0.00000e+00
  12476.92  6835.9375  9.76782e-01  7.56387e-01  9.77057e-01  0.00000e+00
  12505.47  6836.5625  1.08623e+00  1.08371e+00  1.08607e+00  0.00000e+00
  12534.02  6837.1875  1.18075e+00  1.43042e+00  1.18009e+00  0.00000e+00
  12562.57  6837.8125  1.05565e+00  8.83972e-01  1.05497e+00  0.00000e+00
  12591.12  6838.4375  1.00843e+00  1.00161e+00  1.00833e+00  0.00000e+00
  12619.67  6839.0625  1.00416e+00  1.10959e+00  1.00458e+00  0.00000e+00
  12648.22  6839.6875  9.01736e-01  8.49362e-01  9.02197e-01  0.00000e+00
  12676.77  6840.3125  8.22371e-01  7.98455e-01  8.22870e-01  0.00000e+00
  12705.32  6840.9375  8.50752e-01  7.68703e-01  8.51775e-01  0.00000e+00
  12733.87  6841.5625  9.58427e-01  1.03376e+00  9.59761e-01  0.00000e+00
  12762.43  6842.1875  1.00045e+00  1.02777e+00  1.00130e+00  0.00000e+00
  12790.98  6842.8125  9.80196e-01  9.49595e-01  9.80300e-01  0.00000e+00
  12819.53  6843.4375  9.68753e-01  9.97539e-01  9.68989e-01  0.00000e+00
  12848.08  6844.0625  1.01620e+00  8.80043e-01  1.01699e+00  0.00000e+00
  12876.63  6844.6875  1.15868e+00  1.26704e+00  1.15978e+00  0.00000e+00
  12905.18  6845.3125  1.16375e+00  1.29416e+00  1.16490e+00  0.00000e+00
  12933.73  6845.9375  1.02403e+00  8.75460e-01  1.02558e+00  0.00000e+00
  12962.28  6846.5625  1.00054e+00  9.93665e-01  1.00161e+00  0.00000e+00
  12990.83  6847.1875  1.01304e+00  1.11366e+00  1.01318e+00  0.00000e+00
  13019.38  6847.8125  9.42712e-01  8.80946e-01  9.42638e-01  0.00000e+00
  13047.94  6848.4375  9.68100e-01  8.34140e-01  9.68315e-01  0.00000e+00
  13076.49  6849.0625  1.08094e+00  1.29022e+00  1.08160e+00  0.00000e+00
  13105.04  6849.6875  1.02858e+00  9.81516e-01  1.02913e+00  0.00000e+00
  13133.59  6850.3125  9.58954e-01  8.90834e-01  9.59671e-01  0.00000e+00
  13162.14  6850.9375  1.01903e+00  9.84102e-01  1.01974e+00  0.00000e+00
  13190.69  6851.5625  1.09162e+00  1.21714e+00  1.09228e+00  0.00000e+00
  13219.24  6852.1875  1.01028e+00  1.03647e+00  1.01160e+00  0.00000e+00
  13247.79  6852.8125  9.23519e-01  7.41387e-01  9.25502e-01  0.00000e+00
  13276.34  6853.4375  9.61043e-01  1.13106e+00  9.62373e-01  0.00000e+00
  13304.90  6854.0625  9.52588e-01  8.28105e-01  9.52767e-01  0.00000e+00
  13333.45  6854.6875  9.39643e-01  1.06886e+00  9.39500e-01  0.00000e+00
  13362.00  6855.3125  9.12903e-01  7.62482e-01  9.13075e-01  0.00000e+00
  13390.55  6855.9375  9.66772e-01  1.03985e+00  9.67228e-01  0.00000e+00
  13419.10  6856.5625  9.73419e-01  1.03252e+00  9.73834e-01  0.00000e+00
  13447.65  6857.1875  8.65332e-01  8.70389e-01  8.65388e-01  0.00000e+00
  13476.20  6857.8125  8.30309e-01  6.33526e-01  8.30419e-01  0.00000e+00
  13504.75  6858.4375  1.02044e+00  1.06477e+00  1.02039e+00  0.00000e+00
  13533.30  6859.0625  1.16758e+00  1.34265e+00  1.16755e+00  0.00000e+00
  13561.85  6859.6875  1.11161e+00  1.02290e+00  1.11174e+00  0.00000e+00
  13590.41  6860.3125  1.02398e+00  1.09928e+00  1.02426e+00  0.00000e+00
  13618.96  6860.9375  9.57769e-01  8.39388e-01  9.58267e-01  0.00000e+00
  13647.51  6861.5625  1.02384e+00  9.84142e-01  1.02440e+00  0.00000e+00
  13676.06  6862.1875  1.08091e+00  1.30282e+00  1.08101e+00  0.00000e+00
  13704.61  6862.8125  9.41256e-01  8.27944e-01  9.41305e-01  0.00000e+00
  13733.16  6863.4375  8.64965e-01  7.86346e-01  8.65363e-01  0.00000e+00
  13761.71  6864.0625  9.18912e-01  9.79073e-01  9.19328e-01  0.00000e+00
  13790.26  6864.6875  9.53513e-01  9.41583e-01  9.53647e-01  0.00000e+00
  13818.81  6865.3125  1.00018e+00  9.46668e-01  1.00033e+00  0.00000e+00
  13847.36  6865.9375  1.08183e+00  1.14851e+00  1.08259e+00  0.00000e+00
  13875.92  6866.5625  1.08329e+00  1.12129e+00  1.08408e+00  0.00000e+00
  13904.47  6867.1875  9.80999e-01  1.00937e+00  9.81686e-01  0.00000e+00
  13933.02  6867.8125  8.74485e-01  7.79706e-01  8.74748e-01  0.00000e+00
  13961.57  6868.4375  9.03026e-01  8.58302e-01  9.03062e-01  0.00000e+00
  13990.12  6869.0625  1.03595e+00  1.05150e+00  1.03587e+00  0.00000e+00
  14018.67  6869.6875  1.12728e+00  1.20934e+00  1.12708e+00  0.00000e+00
  14047.22  6870.3125  1.08384e+00  1.11684e+00  1.08395e+00  0.00000e+00
  14075.77  6870.9375  9.92955e-01  9.08776e-01  9.93335e-01  0.00000e+00
  14104.32  6871.5625  9.27809e-01  1.04258e+00  9.28128e-01  0.00000e+00
  14132.88  6872.1875  8.60683e-01  6.90555e-01  8.61134e-01  0.00000e+00
  14161.43  6872.8125  9.12124e-01  9.80520e-01  9.13112e-01  0.00000e+00
  14189.98  6873.4375  9.70267e-01  9.73786e-01  9.71164e-01  0.00000e+00
  14218.53  6874.0625  1.00256e+00  9.78139e-01  1.00317e+00  0.00000e+00
  14247.08  6874.6875  1.05755e+00  1.06531e+00  1.05800e+00  0.00000e+00
  14275.63  6875.3125  1.11113e+00  1.12258e+00  1.11095e+00  0.00000e+00
  14304.18  6875.9375  1.15350e+00  1.13237e+00  1.15282e+00  0.00000e+00
  14332.73  6876.5625  1.13706e+00  1.27627e+00  1.13652e+00  0.00000e+00
  14361.28  6877.1875  1.03268e+00  8.89679e-01  1.03287e+00  0.00000e+00
  14389.83  6877.8125  1.01533e+00  1.05251e+00  1.01570e+00  0.00000e+00
  14418.39  6878.4375  1.06893e+00  1.00007e+00  1.06868e+00  0.00000e+00
  14446.94  6879.0625  1.13338e+00  1.23887e+00  1.13259e+00  0.00000e+00
  14475.49  6879.6875  1.11182e+00  1.09035e+00  1.11109e+00  0.00000e+00
  14504.04  6880.3125  1.08152e+00  1.03815e+00  1.08088e+00  0.00000e+00
  14532.59  6880.9375  1.08434e+00  1.14353e+00  1.08356e+00  0.00000e+00
  14561.14  6881.5625  1.06026e+00  1.01462e+00  1.05952e+00  0.00000e+00
  14589.69  6882.1875  1.01789e+00  1.09761e+00  1.01740e+00  0.00000e+00
  14618.24  6882.8125  9.66073e-01  8.49057e-01  9.65701e-01  0.00000e+00
  14646.79  6883.4375  1.01734e+00  1.01964e+00  1.01699e+00  0.00000e+00
  14675.34  6884.0625  1.05127e+00  1.19513e+00  1.05111e+00  0.00000e+00
  14703.90  6884.6875  9.80086e-01  8.37866e-01  9.80067e-01  0.00000e+00
  14732.45  6885.3125  9.85385e-01  1.03534e+00  9.85645e-01  0.00000e+00
  14761.00  6885.9375  1.07343e+00  9.48487e-01  1.07406e+00  0.00000e+00
  14789.55  6886.5625  1.16209e+00  1.40208e+00  1.16280e+00  0.00000e+00
  14818.10  6887.1875  1.09024e+00  9.44623e-01  1.09087e+00  0.00000e+00
  14846.65  6887.8125  1.03678e+00  1.10089e+00  1.03630e+00  0.00000e+00
  14875.20  6888.4375  1.04940e+00  9.24007e-01  1.04863e+00  0.00000e+00
  14903.75  6889.0625  1.11168e+00  1.25424e+00  1.11163e+00  0.00000e+00
  14932.30  6889.6875  1.10498e+00  1.02793e+00  1.10504e+00  0.00000e+00
  14960.86  6890.3125  1.13745e+00  1.10795e+00  1.13642e+00  0.00000e+00
  14989.41  6890.9375  1.24806e+00  1.24145e+00  1.24648e+00  0.00000e+00
  15017.96  6891.5625  1.26312e+00  1.47589e+00  1.26235e+00  0.00000e+00
  15046.51  6892.1875  1.07815e+00  9.50430e-01  1.07799e+00  0.00000e+00
  15075.06  6892.8125  9.71011e-01  9.13677e-01  9.70811e-01  0.00000e+00
  15103.61  6893.4375  1.03083e+00  9.92201e-01  1.03034e+00  0.00000e+00
  15132.16  6894.0625  1.11355e+00  1.22623e+00  1.11363e+00  0.00000e+00
  15160.71  6894.6875  1.08326e+00  1.06741e+00  1.08424e+00  0.00000e+00
  15189.26  6895.3125  1.05622e+00  9.71989e-01  1.05679e+00  0.00000e+00
  15217.81  6895.9375  1.10963e+00  1.16900e+00  1.10990e+00  0.00000e+00
  15246.37  6896.5625  1.09940e+00  1.15865e+00  1.09968e+00  0.00000e+00
  15274.92  6897.1875  9.72508e-01  9.80306e-01  9.72264e-01  0.00000e+00
  15303.47  6897.8125  8.19657e-01  7.91422e-01  8.19417e-01  0.00000e+00
  15332.02  6898.4375  7.92354e-01  6.31989e-01  7.92988e-01  0.00000e+00
  15360.57  6899.0625  9.35474e-01  1.03188e+00  9.36572e-01  0.00000e+00
  15389.12  6899.6875  1.00562e+00  1.07433e+00  1.00609e+00  0.00000e+00
  15417.67  6900.3125  9.25331e-01  9.41192e-01  9.25321e-01  0.00000e+00
  15446.22  6900.9375  8.50057e-01  7.25637e-01  8.50012e-01  0.00000e+00
  15474.77  6901.5625  8.60447e-01  9.80547e-01  8.59901e-01  0.00000e+00
  15503.32  6902.1875  8.55153e-01  7.35852e-01  8.54675e-01  0.00000e+00
  15531.88  6902.8125  8.90921e-01  9.75679e-01  8.90285e-01  0.00000e+00
  15560.43  6903.4375  9.18052e-01  8.56241e-01  9.17154e-01  0.00000e+00
  15588.98  6904.0625  9.60127e-01  9.95683e-01  9.59621e-01  0.00000e+00
  15617.53  6904.6875  1.00331e+00  9.72635e-01  1.00318e+00  0.00000e+00
  15646.08  6905.3125  9.91919e-01  1.12395e+00  9.92079e-01  0.00000e+00
  15674.63  6905.9375  8.94596e-01  7.73180e-01  8.95492e-01  0.00000e+00
  15703.18  6906.5625  8.71737e-01  8.88812e-01  8.72953e-01  0.00000e+00
  15731.73  6907.1875  9.17808e-01  8.72973e-01  9.18329e-01  0.00000e+00
  15760.28  6907.8125  9.41879e-01  1.07750e+00  9.42251e-01  0.00000e+00
  15788.84  6908.4375  9.24273e-01  7.30149e-01  9.24859e-01  0.00000e+00
  15817.39  6909.0625  9.91109e-01  1.14326e+00  9.91290e-01  0.00000e+00
  15845.94  6909.6875  9.39637e-01  9.87614e-01  9.39723e-01  0.00000e+00
  15874.49  6910.3125  7.63295e-01  7.32051e-01  7.63378e-01  0.00000e+00
  15903.04  6910.9375  6.97762e-01  5.20678e-01  6.97434e-01  0.00000e+00
  15931.59  6911.5625  8.21178e-01  9.34284e-01  8.20749e-01  0.00000e+00
  15960.14  6912.1875  9.51364e-01  8.59675e-01  9.51632e-01  0.00000e+00
  15988.69  6912.8125  1.02547e+00  1.21966e+00  1.02601e+00  0.00000e+00
  16017.24  6913.4375  9.37051e-01  8.63217e-01  9.37291e-01  0.00000e+00
  16045.79  6914.0625  8.45760e-01  8.29576e-01  8.45865e-01  0.00000e+00
  16074.35  6914.6875  8.63907e-01  7.72733e-01  8.63806e-01  0.00000e+00
  16102.90  6915.3125  9.22452e-01  1.08837e+00  9.22204e-01  0.00000e+00
  16131.45  6915.9375  9.27667e-01  7.32319e-01  9.27568e-01  0.00000e+00
  16160.00  6916.5625  9.83580e-01  1.16947e+00  9.83749e-01  0.00000e+00
  16188.55  6917.1875  9.21755e-01  8.98975e-01  9.21905e-01  0.00000e+00
  16217.10  6917.8125  8.47420e-01  7.39935e-01  8.47852e-01  0.00000e+00
  16245.65  6918.4375  8.93053e-01  9.49091e-01  8.93672e-01  0.00000e+00
  16274.20  6919.0625  9.77412e-01  8.91499e-01  9.77612e-01  0.00000e+00
  16302.75  6919.6875  1.05224e+00  1.20697e+00  1.05160e+00  0.00000e+00
  16331.30  6920.3125  9.76609e-01  9.67083e-01  9.75668e-01  0.00000e+00
  16359.86  6920.9375  8.34492e-01  8.20428e-01  8.34188e-01  0.00000e+00
  16388.41  6921.5625  7.73376e-01  6.72207e-01  7.73772e-01  0.00000e+00
  16416.96  6922.1875  8.52704e-01  8.52996e-01  8.53289e-01  0.00000e+00
  16445.51  6922.8125  9.30480e-01  1.03814e+00  9.30619e-01  0.00000e+00
  16474.06  6923.4375  9.10776e-01  8.38545e-01  9.10497e-01  0.00000e+00
  16502.61  6924.0625  9.14313e-01  9.30040e-01  9.13903e-01  0.00000e+00
  16531.16  6924.6875  9.66384e-01  9.13307e-01  9.65871e-01  0.00000e+00
  16559.71  6925.3125  1.02508e+00  1.11964e+00  1.02414e+00  0.00000e+00
  16588.26  6925.9375  9.99422e-01  9.88124e-01  9.98163e-01  0.00000e+00
  16616.81  6926.5625  9.90800e-01  8.90124e-01  9.89060e-01  0.00000e+00
  16645.37  6927.1875  1.05675e+00  1.16335e+00  1.05452e+00  0.00000e+00
  16673.92  6927.8125  1.05928e+00  1.02740e+00  1.05761e+00  0.00000e+00
  16702.47  6928.4375  1.01068e+00  1.06922e+00  1.00971e+00  0.00000e+00
  16731.02  6929.0625  9.56379e-01  8.58651e-01  9.56261e-01  0.00000e+00
  16759.57  6929.6875  9.55712e-01  1.02958e+00  9.56489e-01  0.00000e+00
  16788.12  6930.3125  9.54786e-01  8.86393e-01  9.55475e-01  0.00000e+00
  16816.67  6930.9375  9.87934e-01  1.00904e+00  9.87886e-01  0.00000e+00
  16845.22  6931.5625  9.82948e-01  1.06736e+00  9.82665e-01  0.00000e+00
  16873.77  6932.1875  9.02564e-01  8.26126e-01  9.02175e-01  0.00000e+00
  16902.33  6932.8125  9.00484e-01  8.56201e-01  9.00373e-01  0.00000e+00
  16930.88  6933.4375  1.01844e+00  9.82757e-01  1.01836e+00  0.00000e+00
  16959.43  6934.0625  1.13627e+00  1.26835e+00  1.13575e+00  0.00000e+00
  16987.98  6934.6875  1.14056e+00  1.06488e+00  1.13961e+00  0.00000e+00
  17016.53  6935.3125  1.07157e+00  1.24165e+00  1.07058e+00  0.00000e+00
  17045.08  6935.9375  9.57922e-01  7.19085e-01  9.57386e-01  0.00000e+00
  17073.63  6936.5625  9.90295e-01  1.11358e+00  9.90112e-01  0.00000e+00
  17102.18  6937.1875  1.03941e+00  9.67038e-01  1.03953e+00  0.00000e+00
  17130.73  6937.8125  1.08179e+00  1.14093e+00  1.08196e+00  0.00000e+00
  17159.28  6938.4375  1.07144e+00  1.09383e+00  1.07113e+00  0.00000e+00
  17187.84  6939.0625  1.00268e+00  9.92606e-01  1.00225e+00  0.00000e+00
  17216.39  6939.6875  9.14085e-01  9.49302e-01  9.13432e-01  0.00000e+00
  17244.94  6940.3125  8.52064e-01  7.38101e-01  8.50995e-01  0.00000e+00
  17273.49  6940.9375  8.96672e-01  9.34350e-01  8.96226e-01  0.00000e+00
  17302.04  6941.5625  9.34386e-01  9.79364e-01  9.34683e-01  0.00000e+00
  17330.59  6942.1875  9.37308e-01  8.59541e-01  9.37749e-01  0.00000e+00
  17359.14  6942.8125  9.60137e-01  1.04964e+00  9.60666e-01  0.00000e+00
  17387.69  6943.4375  9.02298e-01  9.19997e-01  9.02393e-01  0.00000e+00
  17416.24  6944.0625  8.38519e-01  7.23832e-01  8.37821e-01  0.00000e+00
  17444.79  6944.6875  9.05396e-01  9.16107e-01  9.04959e-01  0.00000e+00
  17473.35  6945.3125  9.83490e-01  1.05309e+00  9.83340e-01  0.00000e+00
  17501.90  6945.9375  9.47258e-01  9.84612e-01  9.47189e-01  0.00000e+00
  17530.45  6946.5625  8.93853e-01  7.69082e-01  8.93998e-01  0.00000e+00
  17559.00  6947.1875  9.71005e-01  9.83830e-01  9.70948e-01  0.00000e+00
  17587.55  6947.8125  1.04654e+00  1.14689e+00  1.04598e+00  0.00000e+00
  17616.10  6948.4375  1.01767e+00  9.63236e-01  1.01702e+00  0.00000e+00
  17644.65  6949.0625  1.00317e+00  9.97197e-01  1.00283e+00  0.00000e+00
  17673.20  6949.6875  1.01931e+00  1.03054e+00  1.01959e+00  0.00000e+00
