# day005  epoch=5.0d  L_Halpha=4.655e+40 erg/s  smooth_kms=25.0
# Columns:
#   1: Δv [km/s]      velocity offset from Hα (6562.81 Å), positive = redshift
#   2: lambda [Å]     observed wavelength
#   3: F_norm         total flux, smoothed, normalized to F_cont_baseline
#   4: F_norm_raw     total flux, RAW MC (no velocity smoothing)
#   5: F_cont_smooth  continuum-channel flux (continuum photons only)
#   6: F_vol_smooth   volumetric-channel flux (line emission contribution)
# Format: F_norm ≈ F_cont_smooth + F_vol_smooth (within MC noise)
# ----------------------------------------------------------------------------------------
 -16559.48  6200.3125  9.53165e-01  1.05674e+00  9.53227e-01  0.00000e+00
 -16530.93  6200.9375  8.95963e-01  6.63102e-01  8.92364e-01  0.00000e+00
 -16502.38  6201.5625  9.78892e-01  1.14685e+00  9.76769e-01  0.00000e+00
 -16473.83  6202.1875  9.44637e-01  1.00164e+00  9.45730e-01  0.00000e+00
 -16445.28  6202.8125  8.09142e-01  6.99007e-01  8.08652e-01  0.00000e+00
 -16416.73  6203.4375  8.18164e-01  7.52649e-01  8.16880e-01  0.00000e+00
 -16388.18  6204.0625  9.51618e-01  1.00131e+00  9.50404e-01  0.00000e+00
 -16359.63  6204.6875  1.08328e+00  1.04039e+00  1.08347e+00  0.00000e+00
 -16331.08  6205.3125  1.15275e+00  1.30350e+00  1.15350e+00  0.00000e+00
 -16302.53  6205.9375  1.05454e+00  1.04156e+00  1.05601e+00  0.00000e+00
 -16273.97  6206.5625  9.16319e-01  8.67157e-01  9.19243e-01  0.00000e+00
 -16245.42  6207.1875  8.89357e-01  8.11499e-01  8.94546e-01  0.00000e+00
 -16216.87  6207.8125  9.21158e-01  1.05280e+00  9.27462e-01  0.00000e+00
 -16188.32  6208.4375  8.96439e-01  7.75331e-01  8.99691e-01  0.00000e+00
 -16159.77  6209.0625  9.00077e-01  9.93153e-01  9.01393e-01  0.00000e+00
 -16131.22  6209.6875  8.63569e-01  8.40822e-01  8.64951e-01  0.00000e+00
 -16102.67  6210.3125  8.38867e-01  7.90923e-01  8.38863e-01  0.00000e+00
 -16074.12  6210.9375  9.57349e-01  8.31154e-01  9.55670e-01  0.00000e+00
 -16045.57  6211.5625  1.13105e+00  1.37115e+00  1.12987e+00  0.00000e+00
 -16017.01  6212.1875  1.11346e+00  1.03339e+00  1.11395e+00  0.00000e+00
 -15988.46  6212.8125  1.10211e+00  1.02896e+00  1.10290e+00  0.00000e+00
 -15959.91  6213.4375  1.17569e+00  1.26992e+00  1.17605e+00  0.00000e+00
 -15931.36  6214.0625  1.22939e+00  1.12258e+00  1.23024e+00  0.00000e+00
 -15902.81  6214.6875  1.25657e+00  1.44935e+00  1.25890e+00  0.00000e+00
 -15874.26  6215.3125  1.14458e+00  1.05244e+00  1.14693e+00  0.00000e+00
 -15845.71  6215.9375  1.04892e+00  1.03407e+00  1.05244e+00  0.00000e+00
 -15817.16  6216.5625  9.90498e-01  1.05210e+00  9.94408e-01  0.00000e+00
 -15788.61  6217.1875  9.60702e-01  7.96795e-01  9.63411e-01  0.00000e+00
 -15760.06  6217.8125  1.08589e+00  1.12458e+00  1.08770e+00  0.00000e+00
 -15731.50  6218.4375  1.19992e+00  1.29623e+00  1.20098e+00  0.00000e+00
 -15702.95  6219.0625  1.18246e+00  1.14833e+00  1.18170e+00  0.00000e+00
 -15674.40  6219.6875  1.05936e+00  1.21956e+00  1.05900e+00  0.00000e+00
 -15645.85  6220.3125  8.53865e-01  6.65833e-01  8.54729e-01  0.00000e+00
 -15617.30  6220.9375  7.96840e-01  8.07855e-01  7.97595e-01  0.00000e+00
 -15588.75  6221.5625  8.35757e-01  8.33453e-01  8.36053e-01  0.00000e+00
 -15560.20  6222.1875  8.84183e-01  8.72493e-01  8.85162e-01  0.00000e+00
 -15531.65  6222.8125  9.41008e-01  9.53671e-01  9.42331e-01  0.00000e+00
 -15503.10  6223.4375  9.82294e-01  9.89353e-01  9.81283e-01  0.00000e+00
 -15474.55  6224.0625  9.75137e-01  1.02592e+00  9.72220e-01  0.00000e+00
 -15445.99  6224.6875  8.95486e-01  9.07464e-01  8.93751e-01  0.00000e+00
 -15417.44  6225.3125  8.90252e-01  6.79011e-01  8.90158e-01  0.00000e+00
 -15388.89  6225.9375  1.03559e+00  1.24098e+00  1.03432e+00  0.00000e+00
 -15360.34  6226.5625  1.06560e+00  1.00845e+00  1.06266e+00  0.00000e+00
 -15331.79  6227.1875  9.92326e-01  1.10001e+00  9.90022e-01  0.00000e+00
 -15303.24  6227.8125  8.72074e-01  7.59606e-01  8.71635e-01  0.00000e+00
 -15274.69  6228.4375  8.46951e-01  8.26823e-01  8.46889e-01  0.00000e+00
 -15246.14  6229.0625  8.47576e-01  9.65672e-01  8.47666e-01  0.00000e+00
 -15217.59  6229.6875  8.14303e-01  6.34104e-01  8.14141e-01  0.00000e+00
 -15189.03  6230.3125  9.11671e-01  9.70339e-01  9.10237e-01  0.00000e+00
 -15160.48  6230.9375  9.90806e-01  1.07399e+00  9.90896e-01  0.00000e+00
 -15131.93  6231.5625  1.00578e+00  8.66566e-01  1.00890e+00  0.00000e+00
 -15103.38  6232.1875  1.01626e+00  1.25325e+00  1.01969e+00  0.00000e+00
 -15074.83  6232.8125  9.03161e-01  7.15699e-01  9.06578e-01  0.00000e+00
 -15046.28  6233.4375  8.52210e-01  9.37252e-01  8.55006e-01  0.00000e+00
 -15017.73  6234.0625  8.50312e-01  7.61739e-01  8.51418e-01  0.00000e+00
 -14989.18  6234.6875  9.62221e-01  8.83423e-01  9.63045e-01  0.00000e+00
 -14960.63  6235.3125  1.09793e+00  1.31845e+00  1.09950e+00  0.00000e+00
 -14932.08  6235.9375  1.03365e+00  9.67808e-01  1.03519e+00  0.00000e+00
 -14903.52  6236.5625  9.82113e-01  8.81651e-01  9.82910e-01  0.00000e+00
 -14874.97  6237.1875  1.01596e+00  1.15438e+00  1.01574e+00  0.00000e+00
 -14846.42  6237.8125  9.74004e-01  8.96857e-01  9.73021e-01  0.00000e+00
 -14817.87  6238.4375  9.31418e-01  9.71688e-01  9.30341e-01  0.00000e+00
 -14789.32  6239.0625  9.08026e-01  8.55557e-01  9.08058e-01  0.00000e+00
 -14760.77  6239.6875  9.20437e-01  9.45992e-01  9.20372e-01  0.00000e+00
 -14732.22  6240.3125  9.74366e-01  8.93209e-01  9.75287e-01  0.00000e+00
 -14703.67  6240.9375  1.04559e+00  1.17105e+00  1.04679e+00  0.00000e+00
 -14675.12  6241.5625  9.78159e-01  1.01249e+00  9.76843e-01  0.00000e+00
 -14646.57  6242.1875  8.27351e-01  7.75482e-01  8.26444e-01  0.00000e+00
 -14618.01  6242.8125  8.00763e-01  6.66419e-01  8.01658e-01  0.00000e+00
 -14589.46  6243.4375  9.47810e-01  1.00167e+00  9.46853e-01  0.00000e+00
 -14560.91  6244.0625  1.03713e+00  1.15120e+00  1.03480e+00  0.00000e+00
 -14532.36  6244.6875  9.59691e-01  9.44805e-01  9.60204e-01  0.00000e+00
 -14503.81  6245.3125  9.08889e-01  7.69404e-01  9.10437e-01  0.00000e+00
 -14475.26  6245.9375  9.32366e-01  1.13116e+00  9.32272e-01  0.00000e+00
 -14446.71  6246.5625  8.45308e-01  7.37312e-01  8.44536e-01  0.00000e+00
 -14418.16  6247.1875  8.47728e-01  7.37238e-01  8.47378e-01  0.00000e+00
 -14389.61  6247.8125  9.56894e-01  1.12448e+00  9.57562e-01  0.00000e+00
 -14361.06  6248.4375  9.56498e-01  8.87604e-01  9.56688e-01  0.00000e+00
 -14332.50  6249.0625  9.74187e-01  9.33001e-01  9.74276e-01  0.00000e+00
 -14303.95  6249.6875  1.06635e+00  1.08827e+00  1.06897e+00  0.00000e+00
 -14275.40  6250.3125  1.09968e+00  1.19855e+00  1.10245e+00  0.00000e+00
 -14246.85  6250.9375  1.04343e+00  9.54706e-01  1.04321e+00  0.00000e+00
 -14218.30  6251.5625  1.04945e+00  1.03531e+00  1.04936e+00  0.00000e+00
 -14189.75  6252.1875  1.05974e+00  1.17423e+00  1.06050e+00  0.00000e+00
 -14161.20  6252.8125  1.00416e+00  8.77711e-01  1.00452e+00  0.00000e+00
 -14132.65  6253.4375  1.02384e+00  1.06564e+00  1.02582e+00  0.00000e+00
 -14104.10  6254.0625  1.08235e+00  1.04819e+00  1.08788e+00  0.00000e+00
 -14075.54  6254.6875  1.17423e+00  1.15411e+00  1.18005e+00  0.00000e+00
 -14046.99  6255.3125  1.24301e+00  1.35330e+00  1.24677e+00  0.00000e+00
 -14018.44  6255.9375  1.15237e+00  1.20466e+00  1.15369e+00  0.00000e+00
 -13989.89  6256.5625  1.02775e+00  8.50077e-01  1.02772e+00  0.00000e+00
 -13961.34  6257.1875  1.01777e+00  1.17490e+00  1.01577e+00  0.00000e+00
 -13932.79  6257.8125  1.03673e+00  8.04021e-01  1.03345e+00  0.00000e+00
 -13904.24  6258.4375  1.12137e+00  1.38624e+00  1.11796e+00  0.00000e+00
 -13875.69  6259.0625  1.07911e+00  9.23362e-01  1.07732e+00  0.00000e+00
 -13847.14  6259.6875  1.03094e+00  1.13586e+00  1.03187e+00  0.00000e+00
 -13818.59  6260.3125  9.80967e-01  8.95374e-01  9.84002e-01  0.00000e+00
 -13790.03  6260.9375  9.99521e-01  9.75795e-01  1.00344e+00  0.00000e+00
 -13761.48  6261.5625  1.06110e+00  1.12395e+00  1.06392e+00  0.00000e+00
 -13732.93  6262.1875  1.07629e+00  1.03965e+00  1.07870e+00  0.00000e+00
 -13704.38  6262.8125  1.07438e+00  1.12972e+00  1.07638e+00  0.00000e+00
 -13675.83  6263.4375  1.09995e+00  9.54807e-01  1.10131e+00  0.00000e+00
 -13647.28  6264.0625  1.16132e+00  1.37129e+00  1.16176e+00  0.00000e+00
 -13618.73  6264.6875  1.06808e+00  1.00838e+00  1.06918e+00  0.00000e+00
 -13590.18  6265.3125  9.89462e-01  8.91830e-01  9.91520e-01  0.00000e+00
 -13561.63  6265.9375  1.04217e+00  1.09122e+00  1.04425e+00  0.00000e+00
 -13533.08  6266.5625  1.12009e+00  1.07101e+00  1.12232e+00  0.00000e+00
 -13504.52  6267.1875  1.22455e+00  1.24583e+00  1.22797e+00  0.00000e+00
 -13475.97  6267.8125  1.32136e+00  1.31863e+00  1.32416e+00  0.00000e+00
 -13447.42  6268.4375  1.26078e+00  1.52046e+00  1.26139e+00  0.00000e+00
 -13418.87  6269.0625  9.95517e-01  7.59668e-01  9.94600e-01  0.00000e+00
 -13390.32  6269.6875  8.56826e-01  9.12460e-01  8.54770e-01  0.00000e+00
 -13361.77  6270.3125  8.36286e-01  7.43225e-01  8.35887e-01  0.00000e+00
 -13333.22  6270.9375  9.26389e-01  8.98887e-01  9.26692e-01  0.00000e+00
 -13304.67  6271.5625  1.02541e+00  1.16503e+00  1.02633e+00  0.00000e+00
 -13276.12  6272.1875  1.01529e+00  9.23760e-01  1.01689e+00  0.00000e+00
 -13247.56  6272.8125  1.06137e+00  1.01958e+00  1.06345e+00  0.00000e+00
 -13219.01  6273.4375  1.09221e+00  1.30427e+00  1.09375e+00  0.00000e+00
 -13190.46  6274.0625  9.82460e-01  7.86646e-01  9.82905e-01  0.00000e+00
 -13161.91  6274.6875  9.29369e-01  1.06778e+00  9.29952e-01  0.00000e+00
 -13133.36  6275.3125  9.21249e-01  7.19630e-01  9.21988e-01  0.00000e+00
 -13104.81  6275.9375  1.02054e+00  1.16005e+00  1.02077e+00  0.00000e+00
 -13076.26  6276.5625  1.05228e+00  1.04949e+00  1.05240e+00  0.00000e+00
 -13047.71  6277.1875  1.00462e+00  1.01534e+00  1.00550e+00  0.00000e+00
 -13019.16  6277.8125  9.62074e-01  9.24862e-01  9.63773e-01  0.00000e+00
 -12990.61  6278.4375  9.62501e-01  9.61370e-01  9.65956e-01  0.00000e+00
 -12962.05  6279.0625  9.67222e-01  1.00316e+00  9.72385e-01  0.00000e+00
 -12933.50  6279.6875  9.63423e-01  8.96268e-01  9.67445e-01  0.00000e+00
 -12904.95  6280.3125  9.72882e-01  1.06695e+00  9.76406e-01  0.00000e+00
 -12876.40  6280.9375  9.40962e-01  8.65016e-01  9.44149e-01  0.00000e+00
 -12847.85  6281.5625  9.29396e-01  9.73727e-01  9.32833e-01  0.00000e+00
 -12819.30  6282.1875  9.11910e-01  8.92687e-01  9.15726e-01  0.00000e+00
 -12790.75  6282.8125  8.75758e-01  9.12038e-01  8.78909e-01  0.00000e+00
 -12762.20  6283.4375  8.36650e-01  7.77756e-01  8.38743e-01  0.00000e+00
 -12733.65  6284.0625  8.52429e-01  8.58872e-01  8.55318e-01  0.00000e+00
 -12705.10  6284.6875  9.20722e-01  8.76244e-01  9.23422e-01  0.00000e+00
 -12676.54  6285.3125  1.03063e+00  1.05071e+00  1.03049e+00  0.00000e+00
 -12647.99  6285.9375  1.07817e+00  1.18532e+00  1.07557e+00  0.00000e+00
 -12619.44  6286.5625  1.01902e+00  9.37461e-01  1.01662e+00  0.00000e+00
 -12590.89  6287.1875  9.62735e-01  1.03255e+00  9.61318e-01  0.00000e+00
 -12562.34  6287.8125  8.99394e-01  8.33541e-01  8.99309e-01  0.00000e+00
 -12533.79  6288.4375  8.89016e-01  8.83414e-01  8.90015e-01  0.00000e+00
 -12505.24  6289.0625  9.42197e-01  9.09336e-01  9.44150e-01  0.00000e+00
 -12476.69  6289.6875  1.01193e+00  1.06118e+00  1.01422e+00  0.00000e+00
 -12448.14  6290.3125  9.88487e-01  1.07476e+00  9.89778e-01  0.00000e+00
 -12419.58  6290.9375  9.08420e-01  7.60177e-01  9.08847e-01  0.00000e+00
 -12391.03  6291.5625  9.28483e-01  1.00416e+00  9.29058e-01  0.00000e+00
 -12362.48  6292.1875  9.75486e-01  9.08397e-01  9.75628e-01  0.00000e+00
 -12333.93  6292.8125  1.06710e+00  1.07127e+00  1.06767e+00  0.00000e+00
 -12305.38  6293.4375  1.15762e+00  1.20847e+00  1.15876e+00  0.00000e+00
 -12276.83  6294.0625  1.13759e+00  1.21232e+00  1.13780e+00  0.00000e+00
 -12248.28  6294.6875  1.04602e+00  9.51957e-01  1.04614e+00  0.00000e+00
 -12219.73  6295.3125  1.06705e+00  1.00424e+00  1.06830e+00  0.00000e+00
 -12191.18  6295.9375  1.14865e+00  1.27690e+00  1.15071e+00  0.00000e+00
 -12162.63  6296.5625  1.09834e+00  1.10354e+00  1.10076e+00  0.00000e+00
 -12134.07  6297.1875  9.88646e-01  9.51386e-01  9.88561e-01  0.00000e+00
 -12105.52  6297.8125  9.38420e-01  9.09278e-01  9.38220e-01  0.00000e+00
 -12076.97  6298.4375  9.42388e-01  9.56676e-01  9.43306e-01  0.00000e+00
 -12048.42  6299.0625  9.60414e-01  9.30642e-01  9.61100e-01  0.00000e+00
 -12019.87  6299.6875  9.56476e-01  1.05803e+00  9.58393e-01  0.00000e+00
 -11991.32  6300.3125  9.60526e-01  7.38901e-01  9.61611e-01  0.00000e+00
 -11962.77  6300.9375  1.04989e+00  1.30381e+00  1.04908e+00  0.00000e+00
 -11934.22  6301.5625  1.00928e+00  8.80572e-01  1.00837e+00  0.00000e+00
 -11905.67  6302.1875  9.89593e-01  9.96945e-01  9.88180e-01  0.00000e+00
 -11877.12  6302.8125  1.03252e+00  1.02584e+00  1.03025e+00  0.00000e+00
 -11848.56  6303.4375  1.06628e+00  1.09733e+00  1.06519e+00  0.00000e+00
 -11820.01  6304.0625  1.08317e+00  1.05713e+00  1.08315e+00  0.00000e+00
 -11791.46  6304.6875  1.19121e+00  1.05042e+00  1.19135e+00  0.00000e+00
 -11762.91  6305.3125  1.31090e+00  1.63004e+00  1.31159e+00  0.00000e+00
 -11734.36  6305.9375  1.15337e+00  1.06044e+00  1.15473e+00  0.00000e+00
 -11705.81  6306.5625  1.03223e+00  8.55775e-01  1.03238e+00  0.00000e+00
 -11677.26  6307.1875  1.09119e+00  1.26047e+00  1.08831e+00  0.00000e+00
 -11648.71  6307.8125  1.06847e+00  1.01763e+00  1.06607e+00  0.00000e+00
 -11620.16  6308.4375  1.06291e+00  9.83737e-01  1.06209e+00  0.00000e+00
 -11591.60  6309.0625  1.15276e+00  1.20530e+00  1.15146e+00  0.00000e+00
 -11563.05  6309.6875  1.16443e+00  1.26452e+00  1.16170e+00  0.00000e+00
 -11534.50  6310.3125  1.06606e+00  9.81659e-01  1.06319e+00  0.00000e+00
 -11505.95  6310.9375  1.04668e+00  9.95152e-01  1.04508e+00  0.00000e+00
 -11477.40  6311.5625  1.10469e+00  1.17308e+00  1.10410e+00  0.00000e+00
 -11448.85  6312.1875  1.13690e+00  1.08105e+00  1.13607e+00  0.00000e+00
 -11420.30  6312.8125  1.16191e+00  1.23570e+00  1.16379e+00  0.00000e+00
 -11391.75  6313.4375  1.17089e+00  1.08231e+00  1.17472e+00  0.00000e+00
 -11363.20  6314.0625  1.20227e+00  1.29029e+00  1.20265e+00  0.00000e+00
 -11334.65  6314.6875  1.17594e+00  1.16292e+00  1.17342e+00  0.00000e+00
 -11306.09  6315.3125  1.12395e+00  1.10813e+00  1.12386e+00  0.00000e+00
 -11277.54  6315.9375  1.06508e+00  1.12600e+00  1.06725e+00  0.00000e+00
 -11248.99  6316.5625  1.00789e+00  8.84538e-01  1.00974e+00  0.00000e+00
 -11220.44  6317.1875  1.03724e+00  1.10390e+00  1.03760e+00  0.00000e+00
 -11191.89  6317.8125  1.03069e+00  1.06499e+00  1.03091e+00  0.00000e+00
 -11163.34  6318.4375  9.62048e-01  9.28992e-01  9.63562e-01  0.00000e+00
 -11134.79  6319.0625  9.20835e-01  9.15191e-01  9.23765e-01  0.00000e+00
 -11106.24  6319.6875  9.57434e-01  8.67657e-01  9.60311e-01  0.00000e+00
 -11077.69  6320.3125  1.05424e+00  1.15884e+00  1.05741e+00  0.00000e+00
 -11049.14  6320.9375  1.05964e+00  1.07531e+00  1.06198e+00  0.00000e+00
 -11020.58  6321.5625  1.04133e+00  9.44747e-01  1.04174e+00  0.00000e+00
 -10992.03  6322.1875  1.11737e+00  1.14848e+00  1.11801e+00  0.00000e+00
 -10963.48  6322.8125  1.16305e+00  1.24242e+00  1.16166e+00  0.00000e+00
 -10934.93  6323.4375  1.10883e+00  1.07530e+00  1.10703e+00  0.00000e+00
 -10906.38  6324.0625  1.07568e+00  1.03211e+00  1.07664e+00  0.00000e+00
 -10877.83  6324.6875  1.09691e+00  1.12711e+00  1.10081e+00  0.00000e+00
 -10849.28  6325.3125  1.04753e+00  1.14627e+00  1.04961e+00  0.00000e+00
 -10820.73  6325.9375  8.95628e-01  8.26344e-01  8.95944e-01  0.00000e+00
 -10792.18  6326.5625  8.44237e-01  7.22454e-01  8.45734e-01  0.00000e+00
 -10763.62  6327.1875  9.06900e-01  1.05439e+00  9.09215e-01  0.00000e+00
 -10735.07  6327.8125  8.83395e-01  8.23767e-01  8.85701e-01  0.00000e+00
 -10706.52  6328.4375  8.27632e-01  8.76218e-01  8.28183e-01  0.00000e+00
 -10677.97  6329.0625  7.96841e-01  6.96691e-01  7.94747e-01  0.00000e+00
 -10649.42  6329.6875  8.37090e-01  8.98517e-01  8.33584e-01  0.00000e+00
 -10620.87  6330.3125  8.82369e-01  8.31622e-01  8.79443e-01  0.00000e+00
 -10592.32  6330.9375  9.13919e-01  9.96087e-01  9.13399e-01  0.00000e+00
 -10563.77  6331.5625  9.08516e-01  8.36152e-01  9.09513e-01  0.00000e+00
 -10535.22  6332.1875  9.52783e-01  9.48441e-01  9.53891e-01  0.00000e+00
 -10506.67  6332.8125  1.01698e+00  1.06231e+00  1.01509e+00  0.00000e+00
 -10478.11  6333.4375  1.03455e+00  1.01972e+00  1.03084e+00  0.00000e+00
 -10449.56  6334.0625  1.04133e+00  1.04792e+00  1.03883e+00  0.00000e+00
 -10421.01  6334.6875  1.06011e+00  1.03462e+00  1.05640e+00  0.00000e+00
 -10392.46  6335.3125  1.07707e+00  1.13705e+00  1.07284e+00  0.00000e+00
 -10363.91  6335.9375  1.09224e+00  9.80208e-01  1.08843e+00  0.00000e+00
 -10335.36  6336.5625  1.13370e+00  1.28149e+00  1.12891e+00  0.00000e+00
 -10306.81  6337.1875  1.08410e+00  1.01982e+00  1.08210e+00  0.00000e+00
 -10278.26  6337.8125  1.05200e+00  1.01898e+00  1.05365e+00  0.00000e+00
 -10249.71  6338.4375  1.06340e+00  1.12789e+00  1.06633e+00  0.00000e+00
 -10221.16  6339.0625  1.08374e+00  9.54663e-01  1.08736e+00  0.00000e+00
 -10192.60  6339.6875  1.13422e+00  1.30847e+00  1.13760e+00  0.00000e+00
 -10164.05  6340.3125  1.06318e+00  1.00612e+00  1.06677e+00  0.00000e+00
 -10135.50  6340.9375  9.70140e-01  9.63239e-01  9.75168e-01  0.00000e+00
 -10106.95  6341.5625  9.03869e-01  9.26705e-01  9.07229e-01  0.00000e+00
 -10078.40  6342.1875  8.67331e-01  7.80704e-01  8.67891e-01  0.00000e+00
 -10049.85  6342.8125  9.44350e-01  9.17079e-01  9.41942e-01  0.00000e+00
 -10021.30  6343.4375  1.02418e+00  1.16904e+00  1.02029e+00  0.00000e+00
  -9992.75  6344.0625  9.79286e-01  8.99914e-01  9.78684e-01  0.00000e+00
  -9964.20  6344.6875  9.69933e-01  9.39333e-01  9.72561e-01  0.00000e+00
  -9935.65  6345.3125  1.00887e+00  1.06629e+00  1.01297e+00  0.00000e+00
  -9907.09  6345.9375  9.77700e-01  1.00729e+00  9.81909e-01  0.00000e+00
  -9878.54  6346.5625  9.25656e-01  8.35635e-01  9.28299e-01  0.00000e+00
  -9849.99  6347.1875  9.45198e-01  9.98066e-01  9.45658e-01  0.00000e+00
  -9821.44  6347.8125  1.00478e+00  9.06612e-01  1.00327e+00  0.00000e+00
  -9792.89  6348.4375  1.10608e+00  1.19938e+00  1.10259e+00  0.00000e+00
  -9764.34  6349.0625  1.07942e+00  1.18473e+00  1.07543e+00  0.00000e+00
  -9735.79  6349.6875  9.21772e-01  8.24836e-01  9.19325e-01  0.00000e+00
  -9707.24  6350.3125  8.96569e-01  7.76179e-01  8.94211e-01  0.00000e+00
  -9678.69  6350.9375  1.02857e+00  1.12245e+00  1.02613e+00  0.00000e+00
  -9650.13  6351.5625  1.06977e+00  1.13845e+00  1.06638e+00  0.00000e+00
  -9621.58  6352.1875  9.67229e-01  9.68517e-01  9.62735e-01  0.00000e+00
  -9593.03  6352.8125  8.58534e-01  7.93182e-01  8.55519e-01  0.00000e+00
  -9564.48  6353.4375  8.45170e-01  8.23384e-01  8.43626e-01  0.00000e+00
  -9535.93  6354.0625  8.68947e-01  9.30298e-01  8.68173e-01  0.00000e+00
  -9507.38  6354.6875  9.18952e-01  7.57871e-01  9.19562e-01  0.00000e+00
  -9478.83  6355.3125  1.05369e+00  1.20749e+00  1.05654e+00  0.00000e+00
  -9450.28  6355.9375  1.07662e+00  1.08275e+00  1.07968e+00  0.00000e+00
  -9421.73  6356.5625  1.03122e+00  9.84892e-01  1.03225e+00  0.00000e+00
  -9393.18  6357.1875  1.03176e+00  1.04153e+00  1.02968e+00  0.00000e+00
  -9364.62  6357.8125  1.03168e+00  1.05883e+00  1.02938e+00  0.00000e+00
  -9336.07  6358.4375  1.00400e+00  9.83464e-01  1.00549e+00  0.00000e+00
  -9307.52  6359.0625  1.00188e+00  9.79571e-01  1.00482e+00  0.00000e+00
  -9278.97  6359.6875  1.06519e+00  1.02235e+00  1.06746e+00  0.00000e+00
  -9250.42  6360.3125  1.16925e+00  1.22421e+00  1.16825e+00  0.00000e+00
  -9221.87  6360.9375  1.25930e+00  1.19314e+00  1.25610e+00  0.00000e+00
  -9193.32  6361.5625  1.28239e+00  1.49758e+00  1.28080e+00  0.00000e+00
  -9164.77  6362.1875  1.18788e+00  9.66864e-01  1.18705e+00  0.00000e+00
  -9136.22  6362.8125  1.20038e+00  1.29277e+00  1.19909e+00  0.00000e+00
  -9107.67  6363.4375  1.15959e+00  1.26192e+00  1.15951e+00  0.00000e+00
  -9079.11  6364.0625  1.02601e+00  8.70857e-01  1.02723e+00  0.00000e+00
  -9050.56  6364.6875  9.99396e-01  1.05711e+00  9.99892e-01  0.00000e+00
  -9022.01  6365.3125  1.00119e+00  9.81371e-01  1.00293e+00  0.00000e+00
  -8993.46  6365.9375  1.03229e+00  9.70396e-01  1.03590e+00  0.00000e+00
  -8964.91  6366.5625  1.07135e+00  1.21598e+00  1.07556e+00  0.00000e+00
  -8936.36  6367.1875  1.01602e+00  9.15383e-01  1.01722e+00  0.00000e+00
  -8907.81  6367.8125  9.98187e-01  1.01827e+00  9.96944e-01  0.00000e+00
  -8879.26  6368.4375  1.02544e+00  9.95016e-01  1.02636e+00  0.00000e+00
  -8850.71  6369.0625  1.04117e+00  1.11992e+00  1.04456e+00  0.00000e+00
  -8822.15  6369.6875  1.03797e+00  9.16771e-01  1.03882e+00  0.00000e+00
  -8793.60  6370.3125  1.06396e+00  1.20999e+00  1.06329e+00  0.00000e+00
  -8765.05  6370.9375  1.02097e+00  9.32484e-01  1.02087e+00  0.00000e+00
  -8736.50  6371.5625  1.03210e+00  9.95142e-01  1.03153e+00  0.00000e+00
  -8707.95  6372.1875  1.10114e+00  1.16438e+00  1.10167e+00  0.00000e+00
  -8679.40  6372.8125  1.08591e+00  1.13320e+00  1.08920e+00  0.00000e+00
  -8650.85  6373.4375  1.03117e+00  9.30981e-01  1.03561e+00  0.00000e+00
  -8622.30  6374.0625  1.07709e+00  1.07624e+00  1.08057e+00  0.00000e+00
  -8593.75  6374.6875  1.13331e+00  1.21791e+00  1.13355e+00  0.00000e+00
  -8565.20  6375.3125  1.09742e+00  1.06673e+00  1.09660e+00  0.00000e+00
  -8536.64  6375.9375  1.02285e+00  1.07092e+00  1.02399e+00  0.00000e+00
  -8508.09  6376.5625  9.20860e-01  8.87202e-01  9.24003e-01  0.00000e+00
  -8479.54  6377.1875  8.46631e-01  8.31114e-01  8.49780e-01  0.00000e+00
  -8450.99  6377.8125  8.39931e-01  7.94837e-01  8.40476e-01  0.00000e+00
  -8422.44  6378.4375  9.15184e-01  8.95891e-01  9.14930e-01  0.00000e+00
  -8393.89  6379.0625  1.03148e+00  1.05072e+00  1.03324e+00  0.00000e+00
  -8365.34  6379.6875  1.11648e+00  1.14503e+00  1.11970e+00  0.00000e+00
  -8336.79  6380.3125  1.12506e+00  1.16961e+00  1.12673e+00  0.00000e+00
  -8308.24  6380.9375  1.05548e+00  1.05800e+00  1.05648e+00  0.00000e+00
  -8279.69  6381.5625  9.84019e-01  9.45612e-01  9.84948e-01  0.00000e+00
  -8251.13  6382.1875  1.05096e+00  8.84797e-01  1.05051e+00  0.00000e+00
  -8222.58  6382.8125  1.17703e+00  1.49586e+00  1.17613e+00  0.00000e+00
  -8194.03  6383.4375  1.11402e+00  8.88125e-01  1.11460e+00  0.00000e+00
  -8165.48  6384.0625  1.10838e+00  1.19564e+00  1.10840e+00  0.00000e+00
  -8136.93  6384.6875  1.06469e+00  1.15039e+00  1.06344e+00  0.00000e+00
  -8108.38  6385.3125  9.37297e-01  8.12824e-01  9.35686e-01  0.00000e+00
  -8079.83  6385.9375  9.21116e-01  9.19375e-01  9.22453e-01  0.00000e+00
  -8051.28  6386.5625  9.72586e-01  9.88263e-01  9.76702e-01  0.00000e+00
  -8022.73  6387.1875  1.03794e+00  9.85602e-01  1.04100e+00  0.00000e+00
  -7994.17  6387.8125  1.11798e+00  1.18988e+00  1.11640e+00  0.00000e+00
  -7965.62  6388.4375  1.10067e+00  1.15518e+00  1.09731e+00  0.00000e+00
  -7937.07  6389.0625  9.90698e-01  9.64235e-01  9.87635e-01  0.00000e+00
  -7908.52  6389.6875  9.77075e-01  8.06859e-01  9.77450e-01  0.00000e+00
  -7879.97  6390.3125  1.08820e+00  1.28813e+00  1.09243e+00  0.00000e+00
  -7851.42  6390.9375  1.11248e+00  9.82937e-01  1.11643e+00  0.00000e+00
  -7822.87  6391.5625  1.14340e+00  1.22815e+00  1.14292e+00  0.00000e+00
  -7794.32  6392.1875  1.15203e+00  1.12046e+00  1.14985e+00  0.00000e+00
  -7765.77  6392.8125  1.14576e+00  1.15653e+00  1.14277e+00  0.00000e+00
  -7737.22  6393.4375  1.08922e+00  1.18817e+00  1.08601e+00  0.00000e+00
  -7708.66  6394.0625  1.03122e+00  7.96041e-01  1.03149e+00  0.00000e+00
  -7680.11  6394.6875  1.10689e+00  1.30993e+00  1.11150e+00  0.00000e+00
  -7651.56  6395.3125  1.10849e+00  1.00927e+00  1.11196e+00  0.00000e+00
  -7623.01  6395.9375  1.08420e+00  1.16164e+00  1.08494e+00  0.00000e+00
  -7594.46  6396.5625  1.08081e+00  9.59685e-01  1.07957e+00  0.00000e+00
  -7565.91  6397.1875  1.14766e+00  1.22411e+00  1.14512e+00  0.00000e+00
  -7537.36  6397.8125  1.15200e+00  1.20507e+00  1.14997e+00  0.00000e+00
  -7508.81  6398.4375  1.06387e+00  1.03093e+00  1.06338e+00  0.00000e+00
  -7480.26  6399.0625  9.96854e-01  9.76692e-01  9.97441e-01  0.00000e+00
  -7451.71  6399.6875  9.75539e-01  9.77141e-01  9.77730e-01  0.00000e+00
  -7423.15  6400.3125  9.83949e-01  9.49402e-01  9.88066e-01  0.00000e+00
  -7394.60  6400.9375  1.00133e+00  1.06926e+00  1.00602e+00  0.00000e+00
  -7366.05  6401.5625  1.02235e+00  8.93496e-01  1.02227e+00  0.00000e+00
  -7337.50  6402.1875  1.08692e+00  1.23317e+00  1.08459e+00  0.00000e+00
  -7308.95  6402.8125  1.05003e+00  1.02811e+00  1.05115e+00  0.00000e+00
  -7280.40  6403.4375  1.03415e+00  9.01732e-01  1.03705e+00  0.00000e+00
  -7251.85  6404.0625  1.12788e+00  1.25457e+00  1.13155e+00  0.00000e+00
  -7223.30  6404.6875  1.15674e+00  1.11624e+00  1.15916e+00  0.00000e+00
  -7194.75  6405.3125  1.13611e+00  1.18810e+00  1.13821e+00  0.00000e+00
  -7166.19  6405.9375  1.07916e+00  1.05839e+00  1.08318e+00  0.00000e+00
  -7137.64  6406.5625  1.02175e+00  1.01625e+00  1.02656e+00  0.00000e+00
  -7109.09  6407.1875  9.61199e-01  1.00252e+00  9.63409e-01  0.00000e+00
  -7080.54  6407.8125  9.17464e-01  8.03465e-01  9.16322e-01  0.00000e+00
  -7051.99  6408.4375  9.73679e-01  1.01695e+00  9.72110e-01  0.00000e+00
  -7023.44  6409.0625  1.02065e+00  1.05240e+00  1.02067e+00  0.00000e+00
  -6994.89  6409.6875  1.00588e+00  1.00363e+00  1.00578e+00  0.00000e+00
  -6966.34  6410.3125  9.99440e-01  9.51415e-01  9.98269e-01  0.00000e+00
  -6937.79  6410.9375  1.00650e+00  1.09316e+00  1.00529e+00  0.00000e+00
  -6909.24  6411.5625  9.60812e-01  9.08962e-01  9.62509e-01  0.00000e+00
  -6880.68  6412.1875  9.67913e-01  9.05865e-01  9.70109e-01  0.00000e+00
  -6852.13  6412.8125  1.03685e+00  1.12389e+00  1.03803e+00  0.00000e+00
  -6823.58  6413.4375  1.07767e+00  9.88509e-01  1.08018e+00  0.00000e+00
  -6795.03  6414.0625  1.08892e+00  1.25474e+00  1.09183e+00  0.00000e+00
  -6766.48  6414.6875  9.89375e-01  8.94044e-01  9.90938e-01  0.00000e+00
  -6737.93  6415.3125  9.45193e-01  9.00324e-01  9.45434e-01  0.00000e+00
  -6709.38  6415.9375  9.81031e-01  1.03243e+00  9.78515e-01  0.00000e+00
  -6680.83  6416.5625  9.61155e-01  9.90899e-01  9.57264e-01  0.00000e+00
  -6652.28  6417.1875  8.83803e-01  8.68802e-01  8.83199e-01  0.00000e+00
  -6623.73  6417.8125  8.63720e-01  7.68598e-01  8.66362e-01  0.00000e+00
  -6595.17  6418.4375  9.64029e-01  9.87114e-01  9.67014e-01  0.00000e+00
  -6566.62  6419.0625  1.07317e+00  1.10196e+00  1.07482e+00  0.00000e+00
  -6538.07  6419.6875  1.10568e+00  1.14645e+00  1.10853e+00  0.00000e+00
  -6509.52  6420.3125  1.03021e+00  1.09616e+00  1.03468e+00  0.00000e+00
  -6480.97  6420.9375  9.31064e-01  7.81218e-01  9.33712e-01  0.00000e+00
  -6452.42  6421.5625  9.65304e-01  1.00208e+00  9.66050e-01  0.00000e+00
  -6423.87  6422.1875  9.88272e-01  1.07708e+00  9.87551e-01  0.00000e+00
  -6395.32  6422.8125  9.24415e-01  8.40581e-01  9.24418e-01  0.00000e+00
  -6366.77  6423.4375  8.89135e-01  9.39330e-01  8.90070e-01  0.00000e+00
  -6338.21  6424.0625  8.75727e-01  8.03435e-01  8.74457e-01  0.00000e+00
  -6309.66  6424.6875  8.82353e-01  9.69749e-01  8.81046e-01  0.00000e+00
  -6281.11  6425.3125  8.84161e-01  7.63479e-01  8.83153e-01  0.00000e+00
  -6252.56  6425.9375  9.37927e-01  1.03871e+00  9.35844e-01  0.00000e+00
  -6224.01  6426.5625  9.71118e-01  8.95518e-01  9.70280e-01  0.00000e+00
  -6195.46  6427.1875  1.00953e+00  1.07465e+00  1.01035e+00  0.00000e+00
  -6166.91  6427.8125  1.02157e+00  9.92862e-01  1.02162e+00  0.00000e+00
  -6138.36  6428.4375  1.04669e+00  1.02528e+00  1.04526e+00  0.00000e+00
  -6109.81  6429.0625  1.08740e+00  1.13263e+00  1.08648e+00  0.00000e+00
  -6081.26  6429.6875  1.06906e+00  1.09002e+00  1.06900e+00  0.00000e+00
  -6052.70  6430.3125  1.00322e+00  9.96640e-01  1.00363e+00  0.00000e+00
  -6024.15  6430.9375  9.85803e-01  8.90950e-01  9.87960e-01  0.00000e+00
  -5995.60  6431.5625  1.03000e+00  1.14365e+00  1.03342e+00  0.00000e+00
  -5967.05  6432.1875  9.97058e-01  9.74217e-01  9.99850e-01  0.00000e+00
  -5938.50  6432.8125  9.74580e-01  8.92649e-01  9.75724e-01  0.00000e+00
  -5909.95  6433.4375  1.00128e+00  1.11815e+00  1.00290e+00  0.00000e+00
  -5881.40  6434.0625  9.49484e-01  9.14594e-01  9.52909e-01  0.00000e+00
  -5852.85  6434.6875  9.66482e-01  8.06200e-01  9.68659e-01  0.00000e+00
  -5824.30  6435.3125  1.08845e+00  1.29640e+00  1.08959e+00  0.00000e+00
  -5795.75  6435.9375  1.04064e+00  1.03260e+00  1.04221e+00  0.00000e+00
  -5767.19  6436.5625  9.58503e-01  8.30076e-01  9.58665e-01  0.00000e+00
  -5738.64  6437.1875  1.00113e+00  1.06810e+00  1.00068e+00  0.00000e+00
  -5710.09  6437.8125  9.70002e-01  1.08082e+00  9.70500e-01  0.00000e+00
  -5681.54  6438.4375  8.40124e-01  7.03501e-01  8.41217e-01  0.00000e+00
  -5652.99  6439.0625  8.63218e-01  7.87486e-01  8.63725e-01  0.00000e+00
  -5624.44  6439.6875  9.69035e-01  1.13678e+00  9.67035e-01  0.00000e+00
  -5595.89  6440.3125  9.68944e-01  8.53348e-01  9.68618e-01  0.00000e+00
  -5567.34  6440.9375  9.76129e-01  1.05683e+00  9.78479e-01  0.00000e+00
  -5538.79  6441.5625  9.71710e-01  9.20657e-01  9.73086e-01  0.00000e+00
  -5510.24  6442.1875  9.99279e-01  9.83621e-01  9.98189e-01  0.00000e+00
  -5481.68  6442.8125  1.05894e+00  1.08559e+00  1.05727e+00  0.00000e+00
  -5453.13  6443.4375  1.07690e+00  1.10303e+00  1.07684e+00  0.00000e+00
  -5424.58  6444.0625  1.02367e+00  1.06452e+00  1.02339e+00  0.00000e+00
  -5396.03  6444.6875  9.71533e-01  8.46356e-01  9.70372e-01  0.00000e+00
  -5367.48  6445.3125  9.99810e-01  1.10528e+00  9.99812e-01  0.00000e+00
  -5338.93  6445.9375  1.00559e+00  9.26152e-01  1.00675e+00  0.00000e+00
  -5310.38  6446.5625  9.85397e-01  1.11460e+00  9.86569e-01  0.00000e+00
  -5281.83  6447.1875  9.46915e-01  7.60102e-01  9.45686e-01  0.00000e+00
  -5253.28  6447.8125  1.01316e+00  1.12714e+00  1.01029e+00  0.00000e+00
  -5224.72  6448.4375  1.04310e+00  1.03540e+00  1.04242e+00  0.00000e+00
  -5196.17  6449.0625  1.05336e+00  9.93197e-01  1.05442e+00  0.00000e+00
  -5167.62  6449.6875  1.08068e+00  1.18898e+00  1.08181e+00  0.00000e+00
  -5139.07  6450.3125  1.03822e+00  9.77242e-01  1.03919e+00  0.00000e+00
  -5110.52  6450.9375  1.02539e+00  1.00417e+00  1.02624e+00  0.00000e+00
  -5081.97  6451.5625  1.06104e+00  1.08474e+00  1.06052e+00  0.00000e+00
  -5053.42  6452.1875  1.09376e+00  1.06581e+00  1.09192e+00  0.00000e+00
  -5024.87  6452.8125  1.08506e+00  1.19070e+00  1.08203e+00  0.00000e+00
  -4996.32  6453.4375  9.52338e-01  9.61960e-01  9.50537e-01  0.00000e+00
  -4967.77  6454.0625  8.65078e-01  6.61598e-01  8.63373e-01  0.00000e+00
  -4939.21  6454.6875  9.92456e-01  1.06414e+00  9.91167e-01  0.00000e+00
  -4910.66  6455.3125  1.07435e+00  1.19897e+00  1.07343e+00  0.00000e+00
  -4882.11  6455.9375  1.00460e+00  9.23648e-01  1.00352e+00  0.00000e+00
  -4853.56  6456.5625  1.00198e+00  9.32977e-01  1.00201e+00  0.00000e+00
  -4825.01  6457.1875  1.05550e+00  1.19097e+00  1.05625e+00  0.00000e+00
  -4796.46  6457.8125  9.93708e-01  9.61892e-01  9.93563e-01  0.00000e+00
  -4767.91  6458.4375  9.28714e-01  8.76613e-01  9.28514e-01  0.00000e+00
  -4739.36  6459.0625  9.86827e-01  9.11734e-01  9.87583e-01  0.00000e+00
  -4710.81  6459.6875  1.06186e+00  1.26202e+00  1.06403e+00  0.00000e+00
  -4682.26  6460.3125  1.01151e+00  8.53467e-01  1.01249e+00  0.00000e+00
  -4653.70  6460.9375  1.02450e+00  1.06762e+00  1.02498e+00  0.00000e+00
  -4625.15  6461.5625  1.02837e+00  1.09773e+00  1.02867e+00  0.00000e+00
  -4596.60  6462.1875  9.47677e-01  9.04500e-01  9.48170e-01  0.00000e+00
  -4568.05  6462.8125  9.23147e-01  8.50818e-01  9.25238e-01  0.00000e+00
  -4539.50  6463.4375  9.91737e-01  1.03765e+00  9.94268e-01  0.00000e+00
  -4510.95  6464.0625  1.04430e+00  1.03991e+00  1.04538e+00  0.00000e+00
  -4482.40  6464.6875  1.02798e+00  1.11184e+00  1.02558e+00  0.00000e+00
  -4453.85  6465.3125  9.37195e-01  8.79269e-01  9.33094e-01  0.00000e+00
  -4425.30  6465.9375  8.98519e-01  8.57167e-01  8.95328e-01  0.00000e+00
  -4396.74  6466.5625  9.48467e-01  9.43221e-01  9.46532e-01  0.00000e+00
  -4368.19  6467.1875  9.98858e-01  1.05981e+00  9.96381e-01  0.00000e+00
  -4339.64  6467.8125  1.02366e+00  9.31541e-01  1.02188e+00  0.00000e+00
  -4311.09  6468.4375  1.06015e+00  1.18998e+00  1.05662e+00  0.00000e+00
  -4282.54  6469.0625  1.05160e+00  9.22935e-01  1.04742e+00  0.00000e+00
  -4253.99  6469.6875  1.06537e+00  1.18428e+00  1.06317e+00  0.00000e+00
  -4225.44  6470.3125  9.73013e-01  1.01417e+00  9.71694e-01  0.00000e+00
  -4196.89  6470.9375  8.37712e-01  7.10530e-01  8.36205e-01  0.00000e+00
  -4168.34  6471.5625  8.86298e-01  8.11894e-01  8.86347e-01  4.28030e-09
  -4139.79  6472.1875  1.06850e+00  1.13345e+00  1.07120e+00  4.11137e-07
  -4111.23  6472.8125  1.16614e+00  1.24287e+00  1.16965e+00  1.07169e-05
  -4082.68  6473.4375  1.11901e+00  1.13180e+00  1.12165e+00  7.58081e-05
  -4054.13  6474.0625  1.05342e+00  9.72788e-01  1.05351e+00  1.45523e-04
  -4025.58  6474.6875  1.05612e+00  1.10384e+00  1.05366e+00  7.58081e-05
  -3997.03  6475.3125  1.03403e+00  1.04728e+00  1.03044e+00  1.07169e-05
  -3968.48  6475.9375  9.36525e-01  9.89115e-01  9.33643e-01  4.11137e-07
  -3939.93  6476.5625  7.82145e-01  7.53760e-01  7.79383e-01  4.28030e-09
  -3911.38  6477.1875  7.32575e-01  5.61096e-01  7.29866e-01  0.00000e+00
  -3882.83  6477.8125  8.37782e-01  9.87642e-01  8.35376e-01  0.00000e+00
  -3854.28  6478.4375  8.72239e-01  8.32813e-01  8.69316e-01  0.00000e+00
  -3825.72  6479.0625  8.78338e-01  8.70157e-01  8.76171e-01  0.00000e+00
  -3797.17  6479.6875  9.08405e-01  9.20006e-01  9.07605e-01  0.00000e+00
  -3768.62  6480.3125  9.56082e-01  9.12882e-01  9.54382e-01  0.00000e+00
  -3740.07  6480.9375  1.04827e+00  1.05034e+00  1.04509e+00  3.39131e-09
  -3711.52  6481.5625  1.07515e+00  1.22515e+00  1.07176e+00  3.41438e-07
  -3682.97  6482.1875  9.57107e-01  8.70315e-01  9.55980e-01  1.00089e-05
  -3654.42  6482.8125  9.07074e-01  8.33025e-01  9.07130e-01  1.00386e-04
  -3625.87  6483.4375  9.73685e-01  1.02328e+00  9.71883e-01  4.20830e-04
  -3597.32  6484.0625  1.02359e+00  1.02168e+00  1.02073e+00  8.04839e-04
  -3568.76  6484.6875  1.04592e+00  1.04436e+00  1.04351e+00  8.04233e-04
  -3540.21  6485.3125  1.01279e+00  1.10816e+00  1.01091e+00  5.25137e-04
  -3511.66  6485.9375  8.81826e-01  8.43195e-01  8.80451e-01  1.93156e-04
  -3483.11  6486.5625  8.30351e-01  6.84222e-01  8.29750e-01  1.25633e-04
  -3454.56  6487.1875  9.41625e-01  1.03011e+00  9.39934e-01  3.82228e-04
  -3426.01  6487.8125  1.03590e+00  1.01214e+00  1.03247e+00  5.51945e-04
  -3397.46  6488.4375  1.05703e+00  1.15523e+00  1.05430e+00  2.64100e-04
  -3368.91  6489.0625  1.02963e+00  9.11661e-01  1.02729e+00  8.35109e-05
  -3340.36  6489.6875  1.09555e+00  1.10456e+00  1.09331e+00  4.05403e-04
  -3311.81  6490.3125  1.20306e+00  1.21805e+00  1.19921e+00  1.43260e-03
  -3283.25  6490.9375  1.19032e+00  1.35847e+00  1.18282e+00  2.37762e-03
  -3254.70  6491.5625  1.01363e+00  9.04769e-01  1.00850e+00  1.88765e-03
  -3226.15  6492.1875  9.46941e-01  8.28815e-01  9.44889e-01  8.67985e-04
  -3197.60  6492.8125  1.01691e+00  1.15421e+00  1.01427e+00  1.02514e-03
  -3169.05  6493.4375  1.00590e+00  9.59287e-01  1.00256e+00  1.53635e-03
  -3140.50  6494.0625  9.57703e-01  9.96905e-01  9.55343e-01  8.41769e-04
  -3111.95  6494.6875  9.44068e-01  8.29211e-01  9.43096e-01  3.98979e-04
  -3083.40  6495.3125  9.52430e-01  1.14078e+00  9.51492e-01  8.13979e-04
  -3054.85  6495.9375  8.74093e-01  7.17813e-01  8.71694e-01  1.41121e-03
  -3026.30  6496.5625  9.12702e-01  8.73549e-01  9.10775e-01  1.88962e-03
  -2997.74  6497.1875  1.00431e+00  1.15268e+00  1.00264e+00  2.03068e-03
  -2969.19  6497.8125  9.66397e-01  8.99221e-01  9.62288e-01  1.85574e-03
  -2940.64  6498.4375  9.08717e-01  9.46923e-01  9.03396e-01  1.71138e-03
  -2912.09  6499.0625  8.99981e-01  8.01287e-01  8.95660e-01  1.46622e-03
  -2883.54  6499.6875  1.06005e+00  9.50484e-01  1.05545e+00  1.49017e-03
  -2854.99  6500.3125  1.25942e+00  1.53158e+00  1.25363e+00  2.13895e-03
  -2826.44  6500.9375  1.17336e+00  1.16980e+00  1.16646e+00  2.65110e-03
  -2797.89  6501.5625  1.03247e+00  8.56889e-01  1.02669e+00  2.85704e-03
  -2769.34  6502.1875  1.05327e+00  1.17248e+00  1.05113e+00  2.67961e-03
  -2740.78  6502.8125  1.12784e+00  9.42054e-01  1.12632e+00  3.51116e-03
  -2712.23  6503.4375  1.25336e+00  1.47061e+00  1.25124e+00  4.06943e-03
  -2683.68  6504.0625  1.22683e+00  1.17939e+00  1.22536e+00  3.63383e-03
  -2655.13  6504.6875  1.15087e+00  1.12986e+00  1.15129e+00  3.59624e-03
  -2626.58  6505.3125  1.12532e+00  1.12366e+00  1.12609e+00  3.85082e-03
  -2598.03  6505.9375  1.11812e+00  1.11694e+00  1.11781e+00  4.70992e-03
  -2569.48  6506.5625  1.11582e+00  1.10581e+00  1.11421e+00  5.24426e-03
  -2540.93  6507.1875  1.06410e+00  1.18095e+00  1.06202e+00  5.72150e-03
  -2512.38  6507.8125  9.87513e-01  7.71484e-01  9.83019e-01  5.99678e-03
  -2483.83  6508.4375  1.01777e+00  1.20293e+00  1.01000e+00  5.35376e-03
  -2455.27  6509.0625  9.63477e-01  9.11707e-01  9.55457e-01  5.42067e-03
  -2426.72  6509.6875  9.44961e-01  8.25082e-01  9.38182e-01  7.35741e-03
  -2398.17  6510.3125  1.07847e+00  1.12196e+00  1.06977e+00  8.09523e-03
  -2369.62  6510.9375  1.12730e+00  1.31027e+00  1.11810e+00  6.69264e-03
  -2341.07  6511.5625  1.07392e+00  7.91658e-01  1.06373e+00  7.15014e-03
  -2312.52  6512.1875  1.15829e+00  1.36439e+00  1.14262e+00  9.14014e-03
  -2283.97  6512.8125  1.11623e+00  1.14919e+00  1.10076e+00  8.92013e-03
  -2255.42  6513.4375  9.79303e-01  8.75895e-01  9.67580e-01  8.82041e-03
  -2226.87  6514.0625  9.81154e-01  9.28992e-01  9.70786e-01  1.10524e-02
  -2198.32  6514.6875  1.04909e+00  1.15908e+00  1.03719e+00  1.36631e-02
  -2169.76  6515.3125  1.02707e+00  9.93235e-01  1.01212e+00  1.61089e-02
  -2141.21  6515.9375  1.00993e+00  9.69071e-01  9.93939e-01  1.78222e-02
  -2112.66  6516.5625  1.06987e+00  1.06171e+00  1.05213e+00  1.73780e-02
  -2084.11  6517.1875  1.16893e+00  1.15773e+00  1.14797e+00  1.89669e-02
  -2055.56  6517.8125  1.20394e+00  1.34667e+00  1.18301e+00  2.22104e-02
  -2027.01  6518.4375  1.08319e+00  1.03779e+00  1.06360e+00  2.19399e-02
  -1998.46  6519.0625  9.49970e-01  9.34236e-01  9.29868e-01  2.45436e-02
  -1969.91  6519.6875  9.27511e-01  8.16339e-01  9.07231e-01  2.79094e-02
  -1941.36  6520.3125  1.04511e+00  1.07193e+00  1.02518e+00  2.76476e-02
  -1912.80  6520.9375  1.13730e+00  1.23675e+00  1.11742e+00  2.68089e-02
  -1884.25  6521.5625  1.12836e+00  1.04782e+00  1.10600e+00  2.75646e-02
  -1855.70  6522.1875  1.08646e+00  1.22115e+00  1.06004e+00  2.97112e-02
  -1827.15  6522.8125  9.71055e-01  8.78120e-01  9.41272e-01  3.54869e-02
  -1798.60  6523.4375  9.69572e-01  8.49373e-01  9.38874e-01  3.95550e-02
  -1770.05  6524.0625  1.10393e+00  1.23135e+00  1.07100e+00  4.40205e-02
  -1741.50  6524.6875  1.14976e+00  1.13347e+00  1.11221e+00  5.05153e-02
  -1712.95  6525.3125  1.07575e+00  1.20040e+00  1.03561e+00  5.19132e-02
  -1684.40  6525.9375  9.78204e-01  7.46339e-01  9.35767e-01  5.17660e-02
  -1655.85  6526.5625  1.04809e+00  1.15640e+00  9.96827e-01  6.03228e-02
  -1627.29  6527.1875  1.08462e+00  1.12936e+00  1.02676e+00  6.90710e-02
  -1598.74  6527.8125  1.03717e+00  9.81988e-01  9.78210e-01  7.23282e-02
  -1570.19  6528.4375  1.03679e+00  1.02943e+00  9.75087e-01  7.65987e-02
  -1541.64  6529.0625  1.08506e+00  1.07751e+00  1.01654e+00  8.48442e-02
  -1513.09  6529.6875  1.17742e+00  1.12542e+00  1.09985e+00  9.43930e-02
  -1484.54  6530.3125  1.27273e+00  1.39131e+00  1.18705e+00  1.02156e-01
  -1455.99  6530.9375  1.26054e+00  1.23217e+00  1.16568e+00  1.13501e-01
  -1427.44  6531.5625  1.23679e+00  1.19328e+00  1.13396e+00  1.23535e-01
  -1398.89  6532.1875  1.19541e+00  1.35274e+00  1.08546e+00  1.31764e-01
  -1370.34  6532.8125  1.09335e+00  8.92384e-01  9.75319e-01  1.42554e-01
  -1341.78  6533.4375  1.15125e+00  1.16691e+00  1.02750e+00  1.50667e-01
  -1313.23  6534.0625  1.22342e+00  1.36214e+00  1.08940e+00  1.64547e-01
  -1284.68  6534.6875  1.16011e+00  1.07667e+00  1.01028e+00  1.82222e-01
  -1256.13  6535.3125  1.15054e+00  1.10135e+00  9.85452e-01  2.00836e-01
  -1227.58  6535.9375  1.20964e+00  1.28149e+00  1.02955e+00  2.21469e-01
  -1199.03  6536.5625  1.21521e+00  1.20147e+00  1.02290e+00  2.37948e-01
  -1170.48  6537.1875  1.21027e+00  1.18157e+00  1.00740e+00  2.52158e-01
  -1141.93  6537.8125  1.18784e+00  1.30009e+00  9.72231e-01  2.66335e-01
  -1113.38  6538.4375  1.14750e+00  9.55292e-01  9.12732e-01  2.89502e-01
  -1084.83  6539.0625  1.24196e+00  1.32945e+00  9.88210e-01  3.16876e-01
  -1056.27  6539.6875  1.30195e+00  1.35049e+00  1.02583e+00  3.46310e-01
  -1027.72  6540.3125  1.23840e+00  1.26529e+00  9.29566e-01  3.84468e-01
   -999.17  6540.9375  1.18452e+00  1.05497e+00  8.51626e-01  4.13012e-01
   -970.62  6541.5625  1.27458e+00  1.28937e+00  9.12963e-01  4.47804e-01
   -942.07  6542.1875  1.38342e+00  1.45186e+00  9.89063e-01  4.89886e-01
   -913.52  6542.8125  1.43518e+00  1.36879e+00  1.01385e+00  5.25227e-01
   -884.97  6543.4375  1.50301e+00  1.54846e+00  1.05158e+00  5.64798e-01
   -856.42  6544.0625  1.50823e+00  1.58169e+00  1.01766e+00  6.13922e-01
   -827.87  6544.6875  1.47802e+00  1.33529e+00  9.56396e-01  6.52356e-01
   -799.31  6545.3125  1.60479e+00  1.57561e+00  1.04603e+00  6.98745e-01
   -770.76  6545.9375  1.76260e+00  1.91685e+00  1.14940e+00  7.65714e-01
   -742.21  6546.5625  1.76682e+00  1.72129e+00  1.09664e+00  8.34867e-01
   -713.66  6547.1875  1.77690e+00  1.71119e+00  1.05374e+00  9.00298e-01
   -685.11  6547.8125  1.86689e+00  1.91961e+00  1.08369e+00  9.75358e-01
   -656.56  6548.4375  1.95137e+00  1.90883e+00  1.11487e+00  1.04502e+00
   -628.01  6549.0625  2.01006e+00  2.09463e+00  1.13519e+00  1.09339e+00
   -599.46  6549.6875  1.96473e+00  1.99578e+00  1.05351e+00  1.13527e+00
   -570.91  6550.3125  1.90255e+00  1.78280e+00  9.52119e-01  1.18464e+00
   -542.36  6550.9375  2.00657e+00  1.95672e+00  1.01218e+00  1.24098e+00
   -513.80  6551.5625  2.19944e+00  2.27577e+00  1.12872e+00  1.33443e+00
   -485.25  6552.1875  2.27259e+00  2.36461e+00  1.11694e+00  1.43684e+00
   -456.70  6552.8125  2.24281e+00  2.13035e+00  1.01441e+00  1.52599e+00
   -428.15  6553.4375  2.26126e+00  2.34670e+00  9.73663e-01  1.60240e+00
   -399.60  6554.0625  2.37522e+00  2.12848e+00  1.01713e+00  1.69077e+00
   -371.05  6554.6875  2.64776e+00  2.83772e+00  1.22010e+00  1.77855e+00
   -342.50  6555.3125  2.72609e+00  2.90779e+00  1.21883e+00  1.87979e+00
   -313.95  6555.9375  3.11352e+00  2.18928e+00  1.02610e+00  2.60245e+00
   -285.40  6556.5625  6.12572e+00  3.40089e+00  1.17545e+00  6.16906e+00
   -256.85  6557.1875  1.04621e+01  1.50985e+01  1.36049e+00  1.13403e+01
   -228.29  6557.8125  9.38745e+00  1.09781e+01  1.06231e+00  1.03720e+01
   -199.74  6558.4375  4.74814e+00  2.74254e+00  5.48451e-01  5.23286e+00
   -171.19  6559.0625  2.93839e+00  8.16670e-01  3.26297e-01  3.25204e+00
   -142.64  6559.6875  4.81178e+00  5.31373e+00  4.56573e-01  5.42037e+00
   -114.09  6560.3125  6.96751e+00  7.62844e+00  6.17684e-01  7.90724e+00
    -85.54  6560.9375  7.97197e+00  8.01737e+00  6.57160e-01  9.11137e+00
    -56.99  6561.5625  8.46096e+00  8.49843e+00  8.00330e-01  9.54183e+00
    -28.44  6562.1875  8.65669e+00  8.98041e+00  1.03274e+00  9.49397e+00
      0.11  6562.8125  8.39737e+00  8.38971e+00  1.08455e+00  9.10793e+00
     28.67  6563.4375  7.86404e+00  8.00926e+00  1.04241e+00  8.50053e+00
     57.22  6564.0625  7.14210e+00  7.11162e+00  1.01696e+00  7.63227e+00
     85.77  6564.6875  6.24256e+00  6.46670e+00  1.07061e+00  6.44282e+00
    114.32  6565.3125  5.15179e+00  4.99851e+00  1.05788e+00  5.10043e+00
    142.87  6565.9375  4.16432e+00  4.11695e+00  1.04938e+00  3.88055e+00
    171.42  6566.5625  3.42227e+00  3.26949e+00  1.02719e+00  2.98171e+00
    199.97  6567.1875  2.98225e+00  2.87169e+00  9.69605e-01  2.50160e+00
    228.52  6567.8125  2.73369e+00  2.82322e+00  9.10592e-01  2.26448e+00
    257.07  6568.4375  2.52501e+00  2.38467e+00  8.25579e-01  2.11167e+00
    285.62  6569.0625  2.49245e+00  2.42420e+00  8.56124e-01  2.03390e+00
    314.18  6569.6875  2.59548e+00  2.65132e+00  9.96875e-01  1.98468e+00
    342.73  6570.3125  2.60433e+00  2.71540e+00  1.04490e+00  1.93444e+00
    371.28  6570.9375  2.47347e+00  2.41384e+00  9.60166e-01  1.87878e+00
    399.83  6571.5625  2.43031e+00  2.29906e+00  9.69161e-01  1.81223e+00
    428.38  6572.1875  2.53934e+00  2.62144e+00  1.12680e+00  1.75138e+00
    456.93  6572.8125  2.51600e+00  2.69373e+00  1.16558e+00  1.67762e+00
    485.48  6573.4375  2.27835e+00  2.17031e+00  9.90658e-01  1.60209e+00
    514.03  6574.0625  2.12245e+00  2.03524e+00  8.81037e-01  1.54525e+00
    542.58  6574.6875  2.06727e+00  2.20020e+00  8.78867e-01  1.48029e+00
    571.13  6575.3125  1.98283e+00  1.83138e+00  8.52141e-01  1.40746e+00
    599.69  6575.9375  2.00714e+00  2.02815e+00  9.20927e-01  1.35033e+00
    628.24  6576.5625  2.04423e+00  2.12217e+00  1.00412e+00  1.29432e+00
    656.79  6577.1875  1.98522e+00  1.96172e+00  9.97669e-01  1.22960e+00
    685.34  6577.8125  1.92972e+00  1.89412e+00  9.85560e-01  1.17316e+00
    713.89  6578.4375  1.91408e+00  1.94775e+00  1.02260e+00  1.10466e+00
    742.44  6579.0625  1.89326e+00  1.86428e+00  1.05243e+00  1.04291e+00
    770.99  6579.6875  1.88522e+00  1.89590e+00  1.08288e+00  9.97194e-01
    799.54  6580.3125  1.87651e+00  1.87996e+00  1.11275e+00  9.49297e-01
    828.09  6580.9375  1.85217e+00  1.86714e+00  1.13478e+00  8.92580e-01
    856.65  6581.5625  1.85735e+00  1.76125e+00  1.18280e+00  8.40462e-01
    885.20  6582.1875  1.86794e+00  2.05883e+00  1.23224e+00  7.90616e-01
    913.75  6582.8125  1.72798e+00  1.65632e+00  1.13161e+00  7.39658e-01
    942.30  6583.4375  1.62074e+00  1.53430e+00  1.06189e+00  6.92567e-01
    970.85  6584.0625  1.61910e+00  1.69895e+00  1.08657e+00  6.57959e-01
    999.40  6584.6875  1.59132e+00  1.54704e+00  1.07658e+00  6.35255e-01
   1027.95  6585.3125  1.55064e+00  1.59685e+00  1.05358e+00  6.14856e-01
   1056.50  6585.9375  1.51874e+00  1.44997e+00  1.05118e+00  5.79749e-01
   1085.05  6586.5625  1.62116e+00  1.49447e+00  1.19956e+00  5.23318e-01
   1113.60  6587.1875  1.78523e+00  2.02967e+00  1.39395e+00  4.87106e-01
   1142.16  6587.8125  1.72073e+00  1.69358e+00  1.34221e+00  4.71669e-01
   1170.71  6588.4375  1.58466e+00  1.52261e+00  1.22267e+00  4.49710e-01
   1199.26  6589.0625  1.51668e+00  1.55259e+00  1.17420e+00  4.25825e-01
   1227.81  6589.6875  1.42003e+00  1.45562e+00  1.09576e+00  4.06050e-01
   1256.36  6590.3125  1.29029e+00  1.23445e+00  9.85278e-01  3.81218e-01
   1284.91  6590.9375  1.22533e+00  1.20719e+00  9.38936e-01  3.56417e-01
   1313.46  6591.5625  1.24855e+00  1.19113e+00  9.79407e-01  3.33961e-01
   1342.01  6592.1875  1.30691e+00  1.40744e+00  1.04961e+00  3.17298e-01
   1370.56  6592.8125  1.37098e+00  1.18454e+00  1.12643e+00  3.01106e-01
   1399.11  6593.4375  1.47216e+00  1.72937e+00  1.24767e+00  2.77498e-01
   1427.67  6594.0625  1.40885e+00  1.29759e+00  1.19901e+00  2.59952e-01
   1456.22  6594.6875  1.36642e+00  1.32448e+00  1.16291e+00  2.53592e-01
   1484.77  6595.3125  1.37976e+00  1.47874e+00  1.18935e+00  2.39727e-01
   1513.32  6595.9375  1.30661e+00  1.27774e+00  1.12873e+00  2.22428e-01
   1541.87  6596.5625  1.19557e+00  1.23225e+00  1.02382e+00  2.12940e-01
   1570.42  6597.1875  1.13833e+00  9.90760e-01  9.74372e-01  2.02073e-01
   1598.97  6597.8125  1.23278e+00  1.26910e+00  1.07424e+00  1.95271e-01
   1627.52  6598.4375  1.32183e+00  1.39317e+00  1.17165e+00  1.83895e-01
   1656.07  6599.0625  1.27496e+00  1.32251e+00  1.14339e+00  1.60492e-01
   1684.63  6599.6875  1.21039e+00  1.05374e+00  1.09442e+00  1.44249e-01
   1713.18  6600.3125  1.24730e+00  1.37914e+00  1.13301e+00  1.44649e-01
   1741.73  6600.9375  1.25473e+00  1.15941e+00  1.14003e+00  1.46354e-01
   1770.28  6601.5625  1.23639e+00  1.37683e+00  1.12568e+00  1.40568e-01
   1798.83  6602.1875  1.20529e+00  9.96978e-01  1.09980e+00  1.31296e-01
   1827.38  6602.8125  1.28001e+00  1.43054e+00  1.18191e+00  1.21356e-01
   1855.93  6603.4375  1.29310e+00  1.26442e+00  1.20509e+00  1.10685e-01
   1884.48  6604.0625  1.25972e+00  1.25639e+00  1.17326e+00  1.09263e-01
   1913.03  6604.6875  1.20451e+00  1.27371e+00  1.11673e+00  1.10656e-01
   1941.58  6605.3125  1.12648e+00  1.01553e+00  1.04350e+00  1.05999e-01
   1970.14  6605.9375  1.13451e+00  1.16783e+00  1.05608e+00  9.96433e-02
   1998.69  6606.5625  1.16037e+00  1.16097e+00  1.08290e+00  9.90627e-02
   2027.24  6607.1875  1.13146e+00  1.19910e+00  1.05785e+00  9.52454e-02
   2055.79  6607.8125  1.07160e+00  9.66436e-01  1.00690e+00  8.40619e-02
   2084.34  6608.4375  1.06065e+00  1.14529e+00  9.99910e-01  7.61110e-02
   2112.89  6609.0625  1.02084e+00  9.88516e-01  9.59360e-01  7.61858e-02
   2141.44  6609.6875  1.02148e+00  9.40618e-01  9.62081e-01  7.40733e-02
   2169.99  6610.3125  1.08415e+00  1.19571e+00  1.02908e+00  6.73798e-02
   2198.54  6610.9375  1.13177e+00  9.84823e-01  1.08245e+00  6.18785e-02
   2227.09  6611.5625  1.20350e+00  1.37895e+00  1.16286e+00  5.49766e-02
   2255.65  6612.1875  1.12511e+00  1.13201e+00  1.08989e+00  4.74224e-02
   2284.20  6612.8125  9.98206e-01  9.01321e-01  9.63499e-01  4.54713e-02
   2312.75  6613.4375  1.04451e+00  9.48462e-01  1.01089e+00  4.39130e-02
   2341.30  6614.0625  1.19750e+00  1.32954e+00  1.16509e+00  4.20924e-02
   2369.85  6614.6875  1.22868e+00  1.24030e+00  1.19847e+00  3.97787e-02
   2398.40  6615.3125  1.17010e+00  1.16564e+00  1.13897e+00  4.04113e-02
   2426.95  6615.9375  1.10758e+00  1.10223e+00  1.07613e+00  3.86612e-02
   2455.50  6616.5625  1.02852e+00  1.07526e+00  9.99824e-01  3.47571e-02
   2484.05  6617.1875  9.29591e-01  8.65611e-01  9.01999e-01  3.44039e-02
   2512.61  6617.8125  8.97217e-01  8.84494e-01  8.69530e-01  3.65708e-02
   2541.16  6618.4375  9.42977e-01  8.98852e-01  9.14344e-01  3.81072e-02
   2569.71  6619.0625  1.00245e+00  1.09327e+00  9.71384e-01  3.70518e-02
   2598.26  6619.6875  9.71735e-01  9.67600e-01  9.40634e-01  3.33805e-02
   2626.81  6620.3125  9.18158e-01  8.74329e-01  8.91969e-01  3.01731e-02
   2655.36  6620.9375  9.00265e-01  9.38186e-01  8.80642e-01  2.76312e-02
   2683.91  6621.5625  8.82477e-01  8.50832e-01  8.66515e-01  2.44389e-02
   2712.46  6622.1875  9.56886e-01  8.28407e-01  9.44055e-01  2.11187e-02
   2741.01  6622.8125  1.10111e+00  1.29866e+00  1.09012e+00  1.91066e-02
   2769.56  6623.4375  1.06766e+00  1.05719e+00  1.05655e+00  1.92756e-02
   2798.12  6624.0625  9.51804e-01  9.25527e-01  9.40583e-01  2.02788e-02
   2826.67  6624.6875  9.26788e-01  8.27734e-01  9.14765e-01  1.94807e-02
   2855.22  6625.3125  9.83468e-01  1.10069e+00  9.71560e-01  1.69775e-02
   2883.77  6625.9375  1.00753e+00  8.96971e-01  9.95502e-01  1.42459e-02
   2912.32  6626.5625  1.03924e+00  1.16185e+00  1.02357e+00  1.41853e-02
   2940.87  6627.1875  1.01253e+00  9.40120e-01  9.97904e-01  1.39010e-02
   2969.42  6627.8125  9.84730e-01  1.03399e+00  9.74922e-01  1.12944e-02
   2997.97  6628.4375  9.80084e-01  8.97993e-01  9.69426e-01  1.05053e-02
   3026.52  6629.0625  1.04103e+00  1.06506e+00  1.02716e+00  1.16531e-02
   3055.07  6629.6875  1.08048e+00  1.14433e+00  1.06772e+00  1.05107e-02
   3083.63  6630.3125  1.05275e+00  1.00761e+00  1.04352e+00  8.69823e-03
   3112.18  6630.9375  1.08896e+00  1.01495e+00  1.08193e+00  8.89179e-03
   3140.73  6631.5625  1.21381e+00  1.26728e+00  1.20651e+00  1.01967e-02
   3169.28  6632.1875  1.25384e+00  1.35171e+00  1.24525e+00  1.09807e-02
   3197.83  6632.8125  1.13030e+00  1.14033e+00  1.12129e+00  1.11680e-02
   3226.38  6633.4375  9.94239e-01  8.91193e-01  9.85154e-01  1.13025e-02
   3254.93  6634.0625  9.81481e-01  9.91434e-01  9.73452e-01  1.14617e-02
   3283.48  6634.6875  1.02590e+00  1.00634e+00  1.02109e+00  1.07714e-02
   3312.03  6635.3125  1.03660e+00  1.14127e+00  1.03667e+00  7.66099e-03
   3340.58  6635.9375  1.03414e+00  8.40267e-01  1.03297e+00  5.61427e-03
   3369.14  6636.5625  1.17012e+00  1.25611e+00  1.16662e+00  4.87624e-03
   3397.69  6637.1875  1.21692e+00  1.37155e+00  1.21441e+00  5.62114e-03
   3426.24  6637.8125  1.10031e+00  9.47127e-01  1.09344e+00  7.33392e-03
   3454.79  6638.4375  1.02296e+00  1.14366e+00  1.01460e+00  6.99785e-03
   3483.34  6639.0625  9.64527e-01  8.10509e-01  9.61704e-01  5.21401e-03
   3511.89  6639.6875  1.00912e+00  1.06306e+00  1.00841e+00  4.09750e-03
   3540.44  6640.3125  1.04441e+00  1.09441e+00  1.04082e+00  4.81423e-03
   3568.99  6640.9375  1.04703e+00  9.38105e-01  1.04258e+00  5.14575e-03
   3597.54  6641.5625  1.08177e+00  1.21849e+00  1.07597e+00  5.62496e-03
   3626.10  6642.1875  1.04101e+00  9.72954e-01  1.03437e+00  5.07422e-03
   3654.65  6642.8125  1.02623e+00  9.98211e-01  1.02077e+00  4.07209e-03
   3683.20  6643.4375  1.05004e+00  1.11695e+00  1.04538e+00  3.41270e-03
   3711.75  6644.0625  1.08810e+00  9.40197e-01  1.08401e+00  2.90755e-03
   3740.30  6644.6875  1.18145e+00  1.35372e+00  1.17891e+00  2.34683e-03
   3768.85  6645.3125  1.17172e+00  1.10455e+00  1.16914e+00  2.78656e-03
   3797.40  6645.9375  1.12530e+00  1.16939e+00  1.11986e+00  3.30880e-03
   3825.95  6646.5625  1.05512e+00  1.05460e+00  1.04819e+00  3.90504e-03
   3854.50  6647.1875  9.66975e-01  9.62907e-01  9.61260e-01  4.14256e-03
   3883.05  6647.8125  9.37138e-01  8.45537e-01  9.33680e-01  3.07066e-03
   3911.61  6648.4375  1.00093e+00  1.04921e+00  9.98931e-01  2.35504e-03
   3940.16  6649.0625  1.02229e+00  1.07998e+00  1.02076e+00  2.78227e-03
   3968.71  6649.6875  9.74372e-01  9.24651e-01  9.72843e-01  3.71779e-03
   3997.26  6650.3125  1.01740e+00  9.07335e-01  1.01520e+00  3.77480e-03
   4025.81  6650.9375  1.13822e+00  1.30265e+00  1.13577e+00  2.53637e-03
   4054.36  6651.5625  1.14978e+00  1.08109e+00  1.14656e+00  1.40748e-03
   4082.91  6652.1875  1.15132e+00  1.15558e+00  1.14501e+00  2.15757e-03
   4111.46  6652.8125  1.13731e+00  1.21772e+00  1.13118e+00  3.58299e-03
   4140.01  6653.4375  1.06323e+00  9.81681e-01  1.05995e+00  3.45603e-03
   4168.56  6654.0625  1.00809e+00  1.07618e+00  1.00551e+00  2.65752e-03
   4197.12  6654.6875  9.27788e-01  9.03196e-01  9.25631e-01  1.61207e-03
   4225.67  6655.3125  9.03941e-01  7.93698e-01  9.02520e-01  7.35453e-04
   4254.22  6655.9375  9.58806e-01  1.09841e+00  9.58886e-01  8.54023e-04
   4282.77  6656.5625  9.62171e-01  8.49488e-01  9.61955e-01  1.87687e-03
   4311.32  6657.1875  1.00976e+00  1.05140e+00  1.00740e+00  2.42926e-03
   4339.87  6657.8125  1.06917e+00  1.06169e+00  1.06693e+00  1.62507e-03
   4368.42  6658.4375  1.10907e+00  1.12696e+00  1.10705e+00  9.76981e-04
   4396.97  6659.0625  1.16504e+00  1.09457e+00  1.16115e+00  1.10118e-03
   4425.52  6659.6875  1.20049e+00  1.37468e+00  1.19729e+00  1.22122e-03
   4454.08  6660.3125  1.07499e+00  1.02587e+00  1.07560e+00  1.11535e-03
   4482.63  6660.9375  9.09711e-01  9.16563e-01  9.10646e-01  7.19741e-04
   4511.18  6661.5625  8.02520e-01  7.32568e-01  8.00330e-01  1.01956e-03
   4539.73  6662.1875  8.01991e-01  7.77332e-01  7.99433e-01  1.59678e-03
   4568.28  6662.8125  8.81871e-01  8.70191e-01  8.78427e-01  1.30319e-03
   4596.83  6663.4375  9.61221e-01  1.01504e+00  9.56320e-01  8.10475e-04
   4625.38  6664.0625  9.67583e-01  9.85327e-01  9.63447e-01  1.02738e-03
   4653.93  6664.6875  9.54844e-01  8.94772e-01  9.51533e-01  1.29371e-03
   4682.48  6665.3125  1.01739e+00  1.00406e+00  1.01313e+00  9.26026e-04
   4711.03  6665.9375  1.12321e+00  1.13944e+00  1.11880e+00  1.02079e-03
   4739.59  6666.5625  1.19492e+00  1.22504e+00  1.19117e+00  1.37329e-03
   4768.14  6667.1875  1.15137e+00  1.26962e+00  1.14825e+00  1.56277e-03
   4796.69  6667.8125  1.03938e+00  8.54461e-01  1.03660e+00  1.14682e-03
   4825.24  6668.4375  1.03075e+00  1.15035e+00  1.03081e+00  4.70477e-04
   4853.79  6669.0625  1.00123e+00  9.49426e-01  1.00196e+00  3.84195e-04
   4882.34  6669.6875  9.60823e-01  9.88688e-01  9.58649e-01  5.37594e-04
   4910.89  6670.3125  9.65126e-01  8.70885e-01  9.61352e-01  2.90650e-04
   4939.44  6670.9375  1.03129e+00  1.10963e+00  1.02684e+00  2.66067e-04
   4967.99  6671.5625  1.02682e+00  1.06733e+00  1.02387e+00  7.70731e-04
   4996.54  6672.1875  9.64528e-01  8.94490e-01  9.63898e-01  1.22280e-03
   5025.10  6672.8125  9.35612e-01  9.90879e-01  9.34501e-01  1.01579e-03
   5053.65  6673.4375  8.88818e-01  8.65339e-01  8.85950e-01  5.18762e-04
   5082.20  6674.0625  8.46696e-01  8.38867e-01  8.43865e-01  2.63316e-04
   5110.75  6674.6875  8.29485e-01  8.30379e-01  8.28285e-01  2.49151e-04
   5139.30  6675.3125  8.65671e-01  7.83646e-01  8.65548e-01  2.79615e-04
   5167.85  6675.9375  9.95352e-01  1.02105e+00  9.94724e-01  1.30471e-04
   5196.40  6676.5625  1.12386e+00  1.14010e+00  1.12138e+00  1.79734e-05
   5224.95  6677.1875  1.11344e+00  1.30147e+00  1.11072e+00  6.90253e-07
   5253.50  6677.8125  1.01516e+00  7.21059e-01  1.01594e+00  5.20039e-07
   5282.06  6678.4375  1.11123e+00  1.24910e+00  1.11445e+00  1.33757e-05
   5310.61  6679.0625  1.18696e+00  1.19585e+00  1.18941e+00  9.51140e-05
   5339.16  6679.6875  1.13209e+00  1.21878e+00  1.13300e+00  1.95820e-04
   5367.71  6680.3125  1.07745e+00  8.56764e-01  1.07917e+00  2.02248e-04
   5396.26  6680.9375  1.12902e+00  1.35576e+00  1.13135e+00  2.67749e-04
   5424.81  6681.5625  1.04614e+00  9.88095e-01  1.04658e+00  2.24573e-04
   5453.36  6682.1875  9.49862e-01  8.87699e-01  9.48492e-01  7.93695e-05
   5481.91  6682.8125  9.84813e-01  9.42998e-01  9.84471e-01  9.79897e-06
   5510.46  6683.4375  1.03683e+00  1.17146e+00  1.03753e+00  1.56547e-06
   5539.01  6684.0625  9.87765e-01  9.01972e-01  9.87222e-01  3.14247e-05
   5567.57  6684.6875  9.61485e-01  9.80431e-01  9.58571e-01  2.23370e-04
   5596.12  6685.3125  9.56625e-01  9.54388e-01  9.52469e-01  4.57632e-04
   5624.67  6685.9375  9.14319e-01  9.74895e-01  9.12473e-01  4.42441e-04
   5653.22  6686.5625  8.77446e-01  7.33467e-01  8.79390e-01  4.54409e-04
   5681.77  6687.1875  9.62829e-01  1.01549e+00  9.64018e-01  2.26108e-04
   5710.32  6687.8125  1.03585e+00  1.07983e+00  1.03368e+00  6.44994e-05
   5738.87  6688.4375  1.02031e+00  1.03330e+00  1.01782e+00  6.89625e-05
   5767.42  6689.0625  1.04529e+00  8.94216e-01  1.04376e+00  4.25160e-05
   5795.97  6689.6875  1.16947e+00  1.32505e+00  1.16797e+00  9.75983e-06
   5824.52  6690.3125  1.18711e+00  1.16316e+00  1.18659e+00  9.04720e-07
   5853.08  6690.9375  1.07227e+00  1.20610e+00  1.07399e+00  2.97630e-08
   5881.63  6691.5625  9.05215e-01  7.11574e-01  9.07455e-01  2.90684e-10
   5910.18  6692.1875  9.07545e-01  9.19256e-01  9.08675e-01  5.74650e-09
   5938.73  6692.8125  9.74737e-01  1.03129e+00  9.74110e-01  5.51971e-07
   5967.28  6693.4375  9.96522e-01  9.44979e-01  9.94471e-01  1.43879e-05
   5995.83  6694.0625  1.03172e+00  1.05898e+00  1.02837e+00  1.01776e-04
   6024.38  6694.6875  1.00474e+00  1.10608e+00  1.00258e+00  1.95371e-04
   6052.93  6695.3125  9.37402e-01  7.51541e-01  9.35190e-01  1.01776e-04
   6081.48  6695.9375  9.97191e-01  1.09342e+00  9.95080e-01  1.43879e-05
   6110.04  6696.5625  1.03336e+00  1.03909e+00  1.03210e+00  5.52222e-07
   6138.59  6697.1875  9.88643e-01  1.02528e+00  9.88116e-01  2.99390e-08
   6167.14  6697.8125  9.11648e-01  8.73562e-01  9.12481e-01  6.30610e-07
   6195.69  6698.4375  8.80561e-01  8.57342e-01  8.81750e-01  4.46076e-06
   6224.24  6699.0625  9.52714e-01  8.63413e-01  9.52807e-01  8.56299e-06
   6252.79  6699.6875  1.08095e+00  1.20633e+00  1.07925e+00  4.46076e-06
   6281.34  6700.3125  1.06003e+00  1.12705e+00  1.05712e+00  6.30610e-07
   6309.89  6700.9375  9.48172e-01  8.26875e-01  9.45660e-01  2.41925e-08
   6338.44  6701.5625  9.20782e-01  9.75445e-01  9.18820e-01  1.16051e-08
   6366.99  6702.1875  9.07974e-01  8.84881e-01  9.06691e-01  1.09051e-06
   6395.55  6702.8125  9.25413e-01  8.74507e-01  9.25561e-01  2.84257e-05
   6424.10  6703.4375  9.81426e-01  1.05149e+00  9.82545e-01  2.01076e-04
   6452.65  6704.0625  9.98776e-01  9.61580e-01  9.99465e-01  3.85990e-04
   6481.20  6704.6875  1.02563e+00  1.01794e+00  1.02489e+00  2.01076e-04
   6509.75  6705.3125  1.01603e+00  1.13070e+00  1.01286e+00  2.84257e-05
   6538.30  6705.9375  9.13988e-01  8.27215e-01  9.10171e-01  1.09051e-06
   6566.85  6706.5625  8.88790e-01  8.34151e-01  8.86474e-01  1.13532e-08
   6595.40  6707.1875  9.45269e-01  1.01939e+00  9.42542e-01  0.00000e+00
   6623.95  6707.8125  1.01411e+00  8.79924e-01  1.01167e+00  0.00000e+00
   6652.50  6708.4375  1.09725e+00  1.29571e+00  1.09610e+00  0.00000e+00
   6681.06  6709.0625  9.89514e-01  1.00709e+00  9.87786e-01  0.00000e+00
   6709.61  6709.6875  8.48191e-01  6.71315e-01  8.46249e-01  0.00000e+00
   6738.16  6710.3125  8.92371e-01  9.43887e-01  8.92101e-01  0.00000e+00
   6766.71  6710.9375  9.46696e-01  9.99798e-01  9.47407e-01  0.00000e+00
   6795.26  6711.5625  9.65851e-01  8.56094e-01  9.66065e-01  0.00000e+00
   6823.81  6712.1875  9.98242e-01  1.16239e+00  9.95340e-01  0.00000e+00
   6852.36  6712.8125  8.94174e-01  8.69553e-01  8.91980e-01  0.00000e+00
   6880.91  6713.4375  7.79993e-01  6.94178e-01  7.81916e-01  0.00000e+00
   6909.46  6714.0625  8.06547e-01  7.78670e-01  8.07609e-01  0.00000e+00
   6938.02  6714.6875  9.15152e-01  9.24826e-01  9.12933e-01  0.00000e+00
   6966.57  6715.3125  9.83022e-01  1.06153e+00  9.79350e-01  0.00000e+00
   6995.12  6715.9375  9.42997e-01  9.38095e-01  9.40283e-01  0.00000e+00
   7023.67  6716.5625  8.53637e-01  8.73186e-01  8.52459e-01  0.00000e+00
   7052.22  6717.1875  8.09840e-01  6.89782e-01  8.08288e-01  0.00000e+00
   7080.77  6717.8125  8.82642e-01  9.35016e-01  8.79842e-01  0.00000e+00
   7109.32  6718.4375  9.49175e-01  9.62017e-01  9.45235e-01  0.00000e+00
   7137.87  6719.0625  9.60861e-01  9.80243e-01  9.56223e-01  0.00000e+00
   7166.42  6719.6875  9.72103e-01  9.13386e-01  9.67928e-01  0.00000e+00
   7194.97  6720.3125  1.03738e+00  1.05491e+00  1.03518e+00  0.00000e+00
   7223.53  6720.9375  1.08709e+00  1.13496e+00  1.08930e+00  0.00000e+00
   7252.08  6721.5625  1.09025e+00  1.04093e+00  1.09401e+00  0.00000e+00
   7280.63  6722.1875  1.06673e+00  1.17759e+00  1.06889e+00  0.00000e+00
   7309.18  6722.8125  1.00388e+00  8.68510e-01  1.00463e+00  0.00000e+00
   7337.73  6723.4375  1.01317e+00  1.07911e+00  1.01369e+00  0.00000e+00
   7366.28  6724.0625  9.65213e-01  1.04984e+00  9.64871e-01  0.00000e+00
   7394.83  6724.6875  8.40638e-01  7.24096e-01  8.39512e-01  0.00000e+00
   7423.38  6725.3125  8.33560e-01  8.05086e-01  8.32773e-01  0.00000e+00
   7451.93  6725.9375  9.02695e-01  9.51653e-01  9.03449e-01  0.00000e+00
   7480.48  6726.5625  9.27113e-01  9.31013e-01  9.26348e-01  0.00000e+00
   7509.04  6727.1875  9.42991e-01  8.94840e-01  9.40022e-01  0.00000e+00
   7537.59  6727.8125  9.58599e-01  1.06202e+00  9.56816e-01  0.00000e+00
   7566.14  6728.4375  9.15457e-01  8.39148e-01  9.17460e-01  0.00000e+00
   7594.69  6729.0625  9.74399e-01  8.66039e-01  9.77249e-01  0.00000e+00
   7623.24  6729.6875  1.13109e+00  1.27327e+00  1.13133e+00  0.00000e+00
   7651.79  6730.3125  1.10637e+00  1.20940e+00  1.10514e+00  0.00000e+00
   7680.34  6730.9375  9.09032e-01  8.31323e-01  9.08997e-01  0.00000e+00
   7708.89  6731.5625  7.66334e-01  7.39401e-01  7.67764e-01  0.00000e+00
   7737.44  6732.1875  7.37456e-01  6.80491e-01  7.39898e-01  0.00000e+00
   7765.99  6732.8125  7.86064e-01  8.14187e-01  7.88155e-01  0.00000e+00
   7794.55  6733.4375  8.26795e-01  8.39366e-01  8.27687e-01  0.00000e+00
   7823.10  6734.0625  8.67449e-01  8.10001e-01  8.68235e-01  0.00000e+00
   7851.65  6734.6875  9.24772e-01  1.01140e+00  9.27553e-01  0.00000e+00
   7880.20  6735.3125  9.24840e-01  8.86393e-01  9.29158e-01  0.00000e+00
   7908.75  6735.9375  9.34177e-01  9.19028e-01  9.38425e-01  0.00000e+00
   7937.30  6736.5625  9.70732e-01  9.90750e-01  9.74560e-01  0.00000e+00
   7965.85  6737.1875  9.74143e-01  1.00708e+00  9.77564e-01  0.00000e+00
   7994.40  6737.8125  9.79920e-01  8.86295e-01  9.81548e-01  0.00000e+00
   8022.95  6738.4375  1.10687e+00  1.07398e+00  1.10583e+00  0.00000e+00
   8051.51  6739.0625  1.26858e+00  1.37113e+00  1.26516e+00  0.00000e+00
   8080.06  6739.6875  1.26674e+00  1.34961e+00  1.26284e+00  0.00000e+00
   8108.61  6740.3125  1.10761e+00  1.08593e+00  1.10537e+00  0.00000e+00
   8137.16  6740.9375  9.59899e-01  9.05317e-01  9.59087e-01  0.00000e+00
   8165.71  6741.5625  9.57831e-01  8.59328e-01  9.56671e-01  0.00000e+00
   8194.26  6742.1875  1.13885e+00  1.09169e+00  1.13963e+00  0.00000e+00
   8222.81  6742.8125  1.25288e+00  1.57971e+00  1.25765e+00  0.00000e+00
   8251.36  6743.4375  1.08929e+00  8.77928e-01  1.09208e+00  0.00000e+00
   8279.91  6744.0625  9.87369e-01  1.02609e+00  9.87767e-01  0.00000e+00
   8308.46  6744.6875  9.59861e-01  9.51607e-01  9.60577e-01  0.00000e+00
   8337.02  6745.3125  9.84294e-01  8.84578e-01  9.82976e-01  0.00000e+00
   8365.57  6745.9375  1.07794e+00  1.18955e+00  1.07555e+00  0.00000e+00
   8394.12  6746.5625  1.09392e+00  1.07624e+00  1.09296e+00  0.00000e+00
   8422.67  6747.1875  1.06769e+00  1.07304e+00  1.06823e+00  0.00000e+00
   8451.22  6747.8125  1.06544e+00  1.01634e+00  1.06514e+00  0.00000e+00
   8479.77  6748.4375  1.03162e+00  1.19523e+00  1.03045e+00  0.00000e+00
   8508.32  6749.0625  8.95513e-01  7.53078e-01  8.95232e-01  0.00000e+00
   8536.87  6749.6875  8.53076e-01  8.50142e-01  8.52238e-01  0.00000e+00
   8565.42  6750.3125  8.86680e-01  9.02642e-01  8.86114e-01  0.00000e+00
   8593.97  6750.9375  9.19967e-01  8.96383e-01  9.20711e-01  0.00000e+00
   8622.53  6751.5625  9.74239e-01  9.75603e-01  9.74263e-01  0.00000e+00
   8651.08  6752.1875  1.03871e+00  1.03678e+00  1.03570e+00  0.00000e+00
   8679.63  6752.8125  1.05227e+00  1.14202e+00  1.04798e+00  0.00000e+00
   8708.18  6753.4375  9.68754e-01  9.34749e-01  9.67556e-01  0.00000e+00
   8736.73  6754.0625  8.98684e-01  8.63725e-01  8.99481e-01  0.00000e+00
   8765.28  6754.6875  9.05885e-01  8.77329e-01  9.07532e-01  0.00000e+00
   8793.83  6755.3125  9.04880e-01  1.02918e+00  9.07452e-01  0.00000e+00
   8822.38  6755.9375  8.73815e-01  6.75537e-01  8.76968e-01  0.00000e+00
   8850.93  6756.5625  9.74080e-01  1.06677e+00  9.76672e-01  0.00000e+00
   8879.49  6757.1875  1.02317e+00  1.09805e+00  1.02649e+00  0.00000e+00
   8908.04  6757.8125  9.54637e-01  9.01244e-01  9.58428e-01  0.00000e+00
   8936.59  6758.4375  9.07601e-01  9.15017e-01  9.09158e-01  0.00000e+00
   8965.14  6759.0625  9.37002e-01  8.36060e-01  9.36231e-01  0.00000e+00
   8993.69  6759.6875  1.00868e+00  1.16170e+00  1.00704e+00  0.00000e+00
   9022.24  6760.3125  1.00296e+00  9.00947e-01  1.00242e+00  0.00000e+00
   9050.79  6760.9375  1.09696e+00  9.92236e-01  1.09792e+00  0.00000e+00
   9079.34  6761.5625  1.20155e+00  1.51554e+00  1.20215e+00  0.00000e+00
   9107.89  6762.1875  1.05019e+00  8.99164e-01  1.05128e+00  0.00000e+00
   9136.44  6762.8125  9.82373e-01  8.58813e-01  9.83684e-01  0.00000e+00
   9165.00  6763.4375  1.05799e+00  1.22967e+00  1.05765e+00  0.00000e+00
   9193.55  6764.0625  1.01716e+00  9.68833e-01  1.01503e+00  0.00000e+00
   9222.10  6764.6875  9.84469e-01  9.04700e-01  9.82303e-01  0.00000e+00
   9250.65  6765.3125  1.01463e+00  1.13355e+00  1.01317e+00  0.00000e+00
   9279.20  6765.9375  1.01891e+00  8.74880e-01  1.01712e+00  0.00000e+00
   9307.75  6766.5625  1.05604e+00  1.20563e+00  1.05668e+00  0.00000e+00
   9336.30  6767.1875  9.99151e-01  9.63651e-01  1.00017e+00  0.00000e+00
   9364.85  6767.8125  9.18000e-01  8.94623e-01  9.18253e-01  0.00000e+00
   9393.40  6768.4375  8.84651e-01  8.84239e-01  8.86162e-01  0.00000e+00
   9421.95  6769.0625  8.70385e-01  8.68167e-01  8.70648e-01  0.00000e+00
   9450.51  6769.6875  8.86653e-01  8.41594e-01  8.85090e-01  0.00000e+00
   9479.06  6770.3125  9.44068e-01  9.72028e-01  9.43320e-01  0.00000e+00
   9507.61  6770.9375  9.38603e-01  1.03311e+00  9.38133e-01  0.00000e+00
   9536.16  6771.5625  8.73054e-01  7.38008e-01  8.72461e-01  0.00000e+00
   9564.71  6772.1875  9.20805e-01  9.33631e-01  9.20872e-01  0.00000e+00
   9593.26  6772.8125  1.00887e+00  1.04036e+00  1.00899e+00  0.00000e+00
   9621.81  6773.4375  1.01844e+00  1.08205e+00  1.01753e+00  0.00000e+00
   9650.36  6774.0625  1.01183e+00  8.56901e-01  1.01079e+00  0.00000e+00
   9678.91  6774.6875  1.07718e+00  1.23906e+00  1.07654e+00  0.00000e+00
   9707.47  6775.3125  1.06871e+00  9.82511e-01  1.06761e+00  0.00000e+00
   9736.02  6775.9375  1.04102e+00  1.10697e+00  1.03930e+00  0.00000e+00
   9764.57  6776.5625  9.56697e-01  9.86869e-01  9.54445e-01  0.00000e+00
   9793.12  6777.1875  8.58899e-01  7.59368e-01  8.57046e-01  0.00000e+00
   9821.67  6777.8125  9.20560e-01  8.32637e-01  9.19420e-01  0.00000e+00
   9850.22  6778.4375  1.04422e+00  1.23369e+00  1.04264e+00  0.00000e+00
   9878.77  6779.0625  9.81745e-01  9.72041e-01  9.78319e-01  0.00000e+00
   9907.32  6779.6875  8.96069e-01  7.67163e-01  8.92710e-01  0.00000e+00
   9935.87  6780.3125  9.45851e-01  1.00667e+00  9.44276e-01  0.00000e+00
   9964.42  6780.9375  9.99116e-01  9.84675e-01  9.98766e-01  0.00000e+00
   9992.98  6781.5625  9.81780e-01  1.07623e+00  9.83733e-01  0.00000e+00
  10021.53  6782.1875  8.64616e-01  8.42967e-01  8.67380e-01  0.00000e+00
  10050.08  6782.8125  8.23575e-01  6.37700e-01  8.24611e-01  0.00000e+00
  10078.63  6783.4375  8.93545e-01  1.15028e+00  8.94301e-01  0.00000e+00
  10107.18  6784.0625  8.85990e-01  6.28666e-01  8.87532e-01  0.00000e+00
  10135.73  6784.6875  9.86306e-01  1.12890e+00  9.88927e-01  0.00000e+00
  10164.28  6785.3125  1.05512e+00  1.03446e+00  1.05574e+00  0.00000e+00
  10192.83  6785.9375  1.04915e+00  1.08771e+00  1.04903e+00  0.00000e+00
  10221.38  6786.5625  9.77686e-01  1.01564e+00  9.78410e-01  0.00000e+00
  10249.93  6787.1875  8.67411e-01  8.12550e-01  8.68389e-01  0.00000e+00
  10278.49  6787.8125  8.23344e-01  7.94532e-01  8.24308e-01  0.00000e+00
  10307.04  6788.4375  8.51610e-01  8.52196e-01  8.52879e-01  0.00000e+00
  10335.59  6789.0625  9.37512e-01  8.73131e-01  9.38188e-01  0.00000e+00
  10364.14  6789.6875  1.09976e+00  1.10884e+00  1.09818e+00  0.00000e+00
  10392.69  6790.3125  1.20831e+00  1.34443e+00  1.20767e+00  0.00000e+00
  10421.24  6790.9375  1.17343e+00  1.10710e+00  1.17448e+00  0.00000e+00
  10449.79  6791.5625  1.16360e+00  1.12561e+00  1.16288e+00  0.00000e+00
  10478.34  6792.1875  1.18027e+00  1.28376e+00  1.17944e+00  0.00000e+00
  10506.89  6792.8125  1.13090e+00  1.05118e+00  1.13106e+00  0.00000e+00
  10535.45  6793.4375  1.10175e+00  1.14837e+00  1.10236e+00  0.00000e+00
  10564.00  6794.0625  1.11758e+00  1.00803e+00  1.11795e+00  0.00000e+00
  10592.55  6794.6875  1.17268e+00  1.30573e+00  1.17260e+00  0.00000e+00
  10621.10  6795.3125  1.10553e+00  1.12434e+00  1.10427e+00  0.00000e+00
  10649.65  6795.9375  9.76498e-01  9.11807e-01  9.75174e-01  0.00000e+00
  10678.20  6796.5625  9.32310e-01  9.04525e-01  9.32286e-01  0.00000e+00
  10706.75  6797.1875  9.34381e-01  9.94751e-01  9.34314e-01  0.00000e+00
  10735.30  6797.8125  9.90205e-01  7.90536e-01  9.89262e-01  0.00000e+00
  10763.85  6798.4375  1.16160e+00  1.34680e+00  1.15919e+00  0.00000e+00
  10792.40  6799.0625  1.16464e+00  1.23867e+00  1.15921e+00  0.00000e+00
  10820.96  6799.6875  1.04659e+00  9.06315e-01  1.04146e+00  0.00000e+00
  10849.51  6800.3125  1.03036e+00  1.08336e+00  1.02636e+00  0.00000e+00
  10878.06  6800.9375  9.96299e-01  1.05040e+00  9.94014e-01  0.00000e+00
  10906.61  6801.5625  9.05909e-01  8.31109e-01  9.04527e-01  0.00000e+00
  10935.16  6802.1875  8.48612e-01  9.05180e-01  8.46781e-01  0.00000e+00
  10963.71  6802.8125  8.09775e-01  7.30272e-01  8.08225e-01  0.00000e+00
  10992.26  6803.4375  8.70946e-01  8.20812e-01  8.70610e-01  0.00000e+00
  11020.81  6804.0625  9.58985e-01  1.10334e+00  9.58785e-01  0.00000e+00
  11049.36  6804.6875  9.18119e-01  8.72092e-01  9.17647e-01  0.00000e+00
  11077.91  6805.3125  8.94184e-01  8.18322e-01  8.93608e-01  0.00000e+00
  11106.47  6805.9375  9.20389e-01  1.04869e+00  9.18779e-01  0.00000e+00
  11135.02  6806.5625  8.88919e-01  7.79824e-01  8.86307e-01  0.00000e+00
  11163.57  6807.1875  9.16675e-01  9.32813e-01  9.14026e-01  0.00000e+00
  11192.12  6807.8125  9.68047e-01  9.98214e-01  9.66507e-01  0.00000e+00
  11220.67  6808.4375  9.96357e-01  9.53707e-01  9.97006e-01  0.00000e+00
  11249.22  6809.0625  1.01619e+00  1.09564e+00  1.01812e+00  0.00000e+00
  11277.77  6809.6875  9.92313e-01  9.31950e-01  9.94304e-01  0.00000e+00
  11306.32  6810.3125  1.01919e+00  9.93156e-01  1.02060e+00  0.00000e+00
  11334.87  6810.9375  1.12504e+00  1.09998e+00  1.12338e+00  0.00000e+00
  11363.43  6811.5625  1.19748e+00  1.34320e+00  1.19260e+00  0.00000e+00
  11391.98  6812.1875  1.15770e+00  1.04699e+00  1.15485e+00  0.00000e+00
  11420.53  6812.8125  1.16183e+00  1.18752e+00  1.15958e+00  0.00000e+00
  11449.08  6813.4375  1.17805e+00  1.20129e+00  1.17455e+00  0.00000e+00
  11477.63  6814.0625  1.12399e+00  1.17575e+00  1.12187e+00  0.00000e+00
  11506.18  6814.6875  1.05646e+00  9.38582e-01  1.05394e+00  0.00000e+00
  11534.73  6815.3125  1.09525e+00  1.12253e+00  1.09197e+00  0.00000e+00
  11563.28  6815.9375  1.12577e+00  1.19715e+00  1.12480e+00  0.00000e+00
  11591.83  6816.5625  1.07596e+00  1.02904e+00  1.07713e+00  0.00000e+00
  11620.38  6817.1875  1.03179e+00  1.05536e+00  1.03302e+00  0.00000e+00
  11648.94  6817.8125  1.01130e+00  9.60162e-01  1.01179e+00  0.00000e+00
  11677.49  6818.4375  1.01077e+00  1.07270e+00  1.01003e+00  0.00000e+00
  11706.04  6819.0625  9.92410e-01  9.34297e-01  9.91488e-01  0.00000e+00
  11734.59  6819.6875  1.00360e+00  1.02279e+00  1.00291e+00  0.00000e+00
  11763.14  6820.3125  1.02136e+00  1.02916e+00  1.02096e+00  0.00000e+00
  11791.69  6820.9375  1.07304e+00  9.72161e-01  1.07310e+00  0.00000e+00
  11820.24  6821.5625  1.13209e+00  1.34359e+00  1.13149e+00  0.00000e+00
  11848.79  6822.1875  1.08452e+00  8.89607e-01  1.08671e+00  0.00000e+00
  11877.34  6822.8125  1.10926e+00  1.21587e+00  1.11167e+00  0.00000e+00
  11905.89  6823.4375  1.13040e+00  1.07938e+00  1.12972e+00  0.00000e+00
  11934.45  6824.0625  1.09713e+00  1.20416e+00  1.09603e+00  0.00000e+00
  11963.00  6824.6875  9.69755e-01  9.44843e-01  9.69737e-01  0.00000e+00
  11991.55  6825.3125  9.29837e-01  7.31546e-01  9.30156e-01  0.00000e+00
  12020.10  6825.9375  1.10111e+00  1.20347e+00  1.10144e+00  0.00000e+00
  12048.65  6826.5625  1.19625e+00  1.29260e+00  1.19606e+00  0.00000e+00
  12077.20  6827.1875  1.07363e+00  1.13695e+00  1.07243e+00  0.00000e+00
  12105.75  6827.8125  9.05442e-01  7.42617e-01  9.02857e-01  0.00000e+00
  12134.30  6828.4375  9.47283e-01  8.83619e-01  9.44490e-01  0.00000e+00
  12162.85  6829.0625  1.07842e+00  1.22813e+00  1.07557e+00  0.00000e+00
  12191.40  6829.6875  1.02879e+00  1.07636e+00  1.02557e+00  0.00000e+00
  12219.96  6830.3125  9.08629e-01  7.78715e-01  9.06279e-01  0.00000e+00
  12248.51  6830.9375  9.75800e-01  8.86555e-01  9.74076e-01  0.00000e+00
  12277.06  6831.5625  1.11798e+00  1.31833e+00  1.11628e+00  0.00000e+00
  12305.61  6832.1875  1.05927e+00  1.05437e+00  1.05872e+00  0.00000e+00
  12334.16  6832.8125  9.76415e-01  8.24732e-01  9.74504e-01  0.00000e+00
  12362.71  6833.4375  1.02319e+00  1.13801e+00  1.02046e+00  0.00000e+00
  12391.26  6834.0625  1.02168e+00  1.00384e+00  1.01869e+00  0.00000e+00
  12419.81  6834.6875  1.00002e+00  9.60302e-01  9.97396e-01  0.00000e+00
  12448.36  6835.3125  9.82106e-01  1.07800e+00  9.80115e-01  0.00000e+00
  12476.92  6835.9375  9.04539e-01  8.35267e-01  9.02099e-01  0.00000e+00
  12505.47  6836.5625  8.89174e-01  8.45915e-01  8.85982e-01  0.00000e+00
  12534.02  6837.1875  9.67277e-01  9.64245e-01  9.65537e-01  0.00000e+00
  12562.57  6837.8125  9.93291e-01  1.13945e+00  9.93370e-01  0.00000e+00
  12591.12  6838.4375  9.04641e-01  7.80609e-01  9.06638e-01  0.00000e+00
  12619.67  6839.0625  9.24123e-01  8.66400e-01  9.26105e-01  0.00000e+00
  12648.22  6839.6875  1.02112e+00  1.13756e+00  1.02012e+00  0.00000e+00
  12676.77  6840.3125  1.02049e+00  9.95678e-01  1.01870e+00  0.00000e+00
  12705.32  6840.9375  1.03268e+00  9.41211e-01  1.03253e+00  0.00000e+00
  12733.87  6841.5625  1.06513e+00  1.26075e+00  1.06588e+00  0.00000e+00
  12762.43  6842.1875  1.00166e+00  8.24027e-01  1.00229e+00  0.00000e+00
  12790.98  6842.8125  1.06603e+00  1.04859e+00  1.06597e+00  0.00000e+00
  12819.53  6843.4375  1.17236e+00  1.30380e+00  1.17269e+00  0.00000e+00
  12848.08  6844.0625  1.07481e+00  1.15547e+00  1.07651e+00  0.00000e+00
  12876.63  6844.6875  8.63241e-01  7.44073e-01  8.67965e-01  0.00000e+00
  12905.18  6845.3125  7.77956e-01  7.45761e-01  7.83296e-01  0.00000e+00
  12933.73  6845.9375  8.16912e-01  7.94834e-01  8.19369e-01  0.00000e+00
  12962.28  6846.5625  8.77949e-01  9.35613e-01  8.79775e-01  0.00000e+00
  12990.83  6847.1875  9.42957e-01  8.25945e-01  9.44980e-01  0.00000e+00
  13019.38  6847.8125  1.04634e+00  1.18092e+00  1.04554e+00  0.00000e+00
  13047.94  6848.4375  1.00117e+00  1.06129e+00  9.99645e-01  0.00000e+00
  13076.49  6849.0625  7.88418e-01  8.17732e-01  7.86778e-01  0.00000e+00
  13105.04  6849.6875  6.41941e-01  3.94650e-01  6.40148e-01  0.00000e+00
  13133.59  6850.3125  7.43213e-01  8.49933e-01  7.41575e-01  0.00000e+00
  13162.14  6850.9375  8.74185e-01  8.28640e-01  8.72457e-01  0.00000e+00
  13190.69  6851.5625  9.31228e-01  1.06718e+00  9.29555e-01  0.00000e+00
  13219.24  6852.1875  9.11556e-01  7.75287e-01  9.11034e-01  0.00000e+00
  13247.79  6852.8125  9.59817e-01  1.01179e+00  9.61664e-01  0.00000e+00
  13276.34  6853.4375  9.92832e-01  1.03812e+00  9.94568e-01  0.00000e+00
  13304.90  6854.0625  9.91008e-01  8.96058e-01  9.89986e-01  0.00000e+00
  13333.45  6854.6875  9.97001e-01  1.15014e+00  9.93343e-01  0.00000e+00
  13362.00  6855.3125  9.13361e-01  8.12080e-01  9.10899e-01  0.00000e+00
  13390.55  6855.9375  8.35441e-01  9.12304e-01  8.36165e-01  0.00000e+00
  13419.10  6856.5625  8.26906e-01  6.25729e-01  8.26919e-01  0.00000e+00
  13447.65  6857.1875  9.27471e-01  1.12209e+00  9.25228e-01  0.00000e+00
  13476.20  6857.8125  9.21575e-01  8.67529e-01  9.20283e-01  0.00000e+00
  13504.75  6858.4375  9.07666e-01  8.62212e-01  9.07629e-01  0.00000e+00
  13533.30  6859.0625  1.03470e+00  9.34581e-01  1.03304e+00  0.00000e+00
  13561.85  6859.6875  1.20508e+00  1.40531e+00  1.20163e+00  0.00000e+00
  13590.41  6860.3125  1.19481e+00  1.15284e+00  1.19166e+00  0.00000e+00
  13618.96  6860.9375  1.10516e+00  1.13309e+00  1.10253e+00  0.00000e+00
  13647.51  6861.5625  1.00194e+00  9.98411e-01  9.98761e-01  0.00000e+00
  13676.06  6862.1875  9.34321e-01  8.53933e-01  9.32028e-01  0.00000e+00
  13704.61  6862.8125  9.31832e-01  1.00937e+00  9.31869e-01  0.00000e+00
  13733.16  6863.4375  9.39005e-01  8.28611e-01  9.38933e-01  0.00000e+00
  13761.71  6864.0625  9.94711e-01  1.08288e+00  9.93795e-01  0.00000e+00
  13790.26  6864.6875  9.83966e-01  1.00770e+00  9.84830e-01  0.00000e+00
  13818.81  6865.3125  9.17743e-01  8.75402e-01  9.18699e-01  0.00000e+00
  13847.36  6865.9375  8.94397e-01  8.87204e-01  8.93461e-01  0.00000e+00
  13875.92  6866.5625  9.00870e-01  9.12284e-01  8.99570e-01  0.00000e+00
  13904.47  6867.1875  9.34103e-01  8.73359e-01  9.34791e-01  0.00000e+00
  13933.02  6867.8125  1.02806e+00  1.04921e+00  1.02903e+00  0.00000e+00
  13961.57  6868.4375  1.11366e+00  1.13913e+00  1.11320e+00  0.00000e+00
  13990.12  6869.0625  1.13555e+00  1.16849e+00  1.13429e+00  0.00000e+00
  14018.67  6869.6875  1.11262e+00  1.08311e+00  1.11232e+00  0.00000e+00
  14047.22  6870.3125  1.07191e+00  1.13940e+00  1.07285e+00  0.00000e+00
  14075.77  6870.9375  1.03400e+00  9.02010e-01  1.03287e+00  0.00000e+00
  14104.32  6871.5625  1.05535e+00  1.18256e+00  1.05264e+00  0.00000e+00
  14132.88  6872.1875  9.94175e-01  9.82842e-01  9.90200e-01  0.00000e+00
  14161.43  6872.8125  9.23284e-01  8.44084e-01  9.17485e-01  0.00000e+00
  14189.98  6873.4375  9.55637e-01  9.61842e-01  9.50580e-01  0.00000e+00
  14218.53  6874.0625  1.00931e+00  1.04317e+00  1.00649e+00  0.00000e+00
  14247.08  6874.6875  1.03340e+00  9.98570e-01  1.03074e+00  0.00000e+00
  14275.63  6875.3125  1.01507e+00  1.13568e+00  1.01402e+00  0.00000e+00
  14304.18  6875.9375  9.43203e-01  7.91909e-01  9.43484e-01  0.00000e+00
  14332.73  6876.5625  9.30432e-01  1.05573e+00  9.30015e-01  0.00000e+00
  14361.28  6877.1875  9.30353e-01  7.75113e-01  9.30195e-01  0.00000e+00
  14389.83  6877.8125  1.02149e+00  1.09161e+00  1.02269e+00  0.00000e+00
  14418.39  6878.4375  1.06800e+00  1.14099e+00  1.06814e+00  0.00000e+00
  14446.94  6879.0625  1.03805e+00  9.37046e-01  1.03733e+00  0.00000e+00
  14475.49  6879.6875  1.03897e+00  1.13347e+00  1.04053e+00  0.00000e+00
  14504.04  6880.3125  9.81181e-01  9.69323e-01  9.82978e-01  0.00000e+00
  14532.59  6880.9375  9.09044e-01  8.71767e-01  9.08548e-01  0.00000e+00
  14561.14  6881.5625  9.16908e-01  8.77035e-01  9.16957e-01  0.00000e+00
  14589.69  6882.1875  1.02293e+00  9.74048e-01  1.02485e+00  0.00000e+00
  14618.24  6882.8125  1.07856e+00  1.31730e+00  1.08355e+00  0.00000e+00
  14646.79  6883.4375  9.21931e-01  7.99409e-01  9.24762e-01  0.00000e+00
  14675.34  6884.0625  8.06769e-01  7.70534e-01  8.05546e-01  0.00000e+00
  14703.90  6884.6875  7.99761e-01  8.15548e-01  7.97190e-01  0.00000e+00
  14732.45  6885.3125  8.40378e-01  7.63122e-01  8.39299e-01  0.00000e+00
  14761.00  6885.9375  8.95473e-01  1.03275e+00  8.96490e-01  0.00000e+00
  14789.55  6886.5625  8.77002e-01  7.72421e-01  8.79151e-01  0.00000e+00
  14818.10  6887.1875  9.15324e-01  9.18248e-01  9.18189e-01  0.00000e+00
  14846.65  6887.8125  9.94707e-01  1.01130e+00  9.97381e-01  0.00000e+00
  14875.20  6888.4375  9.90929e-01  1.10117e+00  9.93310e-01  0.00000e+00
  14903.75  6889.0625  9.04734e-01  7.81255e-01  9.06726e-01  0.00000e+00
  14932.30  6889.6875  9.19384e-01  9.13042e-01  9.20160e-01  0.00000e+00
  14960.86  6890.3125  1.00825e+00  1.01938e+00  1.00930e+00  0.00000e+00
  14989.41  6890.9375  1.10300e+00  1.07649e+00  1.10609e+00  0.00000e+00
  15017.96  6891.5625  1.16117e+00  1.26769e+00  1.16344e+00  0.00000e+00
  15046.51  6892.1875  1.08970e+00  1.09934e+00  1.09037e+00  0.00000e+00
  15075.06  6892.8125  9.91177e-01  9.09124e-01  9.93137e-01  0.00000e+00
  15103.61  6893.4375  9.84361e-01  9.95390e-01  9.87781e-01  0.00000e+00
  15132.16  6894.0625  9.82792e-01  1.03465e+00  9.85201e-01  0.00000e+00
  15160.71  6894.6875  9.41738e-01  8.87104e-01  9.44032e-01  0.00000e+00
  15189.26  6895.3125  9.52634e-01  9.33813e-01  9.54862e-01  0.00000e+00
  15217.81  6895.9375  1.01040e+00  1.02486e+00  1.01228e+00  0.00000e+00
  15246.37  6896.5625  1.04653e+00  1.07453e+00  1.04789e+00  0.00000e+00
  15274.92  6897.1875  1.05618e+00  1.01970e+00  1.05771e+00  0.00000e+00
  15303.47  6897.8125  1.05019e+00  1.13353e+00  1.05253e+00  0.00000e+00
  15332.02  6898.4375  1.01953e+00  9.08417e-01  1.02348e+00  0.00000e+00
  15360.57  6899.0625  1.05121e+00  1.11400e+00  1.05453e+00  0.00000e+00
  15389.12  6899.6875  1.08484e+00  1.04558e+00  1.08598e+00  0.00000e+00
  15417.67  6900.3125  1.09316e+00  1.16993e+00  1.09272e+00  0.00000e+00
  15446.22  6900.9375  1.08177e+00  9.81876e-01  1.08068e+00  0.00000e+00
  15474.77  6901.5625  1.15782e+00  1.15031e+00  1.15799e+00  0.00000e+00
  15503.32  6902.1875  1.20944e+00  1.36727e+00  1.21169e+00  0.00000e+00
  15531.88  6902.8125  1.11943e+00  1.01816e+00  1.12499e+00  0.00000e+00
  15560.43  6903.4375  1.06786e+00  1.07354e+00  1.07477e+00  0.00000e+00
  15588.98  6904.0625  1.10467e+00  1.03447e+00  1.10918e+00  0.00000e+00
  15617.53  6904.6875  1.17583e+00  1.27158e+00  1.17693e+00  0.00000e+00
  15646.08  6905.3125  1.14585e+00  1.17935e+00  1.14601e+00  0.00000e+00
  15674.63  6905.9375  1.09484e+00  9.55285e-01  1.09520e+00  0.00000e+00
  15703.18  6906.5625  1.11087e+00  1.26971e+00  1.11039e+00  0.00000e+00
  15731.73  6907.1875  1.01904e+00  9.90568e-01  1.01931e+00  0.00000e+00
  15760.28  6907.8125  9.25060e-01  8.35390e-01  9.26555e-01  0.00000e+00
  15788.84  6908.4375  9.16298e-01  9.96233e-01  9.17763e-01  0.00000e+00
  15817.39  6909.0625  8.94342e-01  8.29763e-01  8.95182e-01  0.00000e+00
  15845.94  6909.6875  8.88070e-01  9.29767e-01  8.87862e-01  0.00000e+00
  15874.49  6910.3125  8.75936e-01  8.56921e-01  8.76343e-01  0.00000e+00
  15903.04  6910.9375  8.96690e-01  8.43328e-01  8.98923e-01  0.00000e+00
  15931.59  6911.5625  9.68374e-01  1.02157e+00  9.69026e-01  0.00000e+00
  15960.14  6912.1875  1.03099e+00  9.78051e-01  1.03020e+00  0.00000e+00
  15988.69  6912.8125  1.07222e+00  1.17372e+00  1.07346e+00  0.00000e+00
  16017.24  6913.4375  1.01089e+00  1.00671e+00  1.01449e+00  0.00000e+00
  16045.79  6914.0625  9.05144e-01  8.94596e-01  9.08670e-01  0.00000e+00
  16074.35  6914.6875  8.73704e-01  7.71539e-01  8.74165e-01  0.00000e+00
  16102.90  6915.3125  9.64165e-01  9.96203e-01  9.61993e-01  0.00000e+00
  16131.45  6915.9375  1.03952e+00  1.09627e+00  1.03580e+00  0.00000e+00
  16160.00  6916.5625  1.02208e+00  1.02572e+00  1.01850e+00  0.00000e+00
  16188.55  6917.1875  9.86811e-01  9.47560e-01  9.83941e-01  0.00000e+00
  16217.10  6917.8125  9.83420e-01  1.01387e+00  9.82376e-01  0.00000e+00
  16245.65  6918.4375  1.00113e+00  9.40103e-01  1.00031e+00  0.00000e+00
  16274.20  6919.0625  1.08852e+00  1.07145e+00  1.08868e+00  0.00000e+00
  16302.75  6919.6875  1.15123e+00  1.29554e+00  1.15017e+00  0.00000e+00
  16331.30  6920.3125  1.11197e+00  9.83069e-01  1.10910e+00  0.00000e+00
  16359.86  6920.9375  1.14830e+00  1.15615e+00  1.14671e+00  0.00000e+00
  16388.41  6921.5625  1.17069e+00  1.30371e+00  1.17149e+00  0.00000e+00
  16416.96  6922.1875  1.08058e+00  9.69643e-01  1.08152e+00  0.00000e+00
  16445.51  6922.8125  1.02421e+00  1.08142e+00  1.02216e+00  0.00000e+00
  16474.06  6923.4375  9.83613e-01  9.34438e-01  9.77868e-01  0.00000e+00
  16502.61  6924.0625  9.61777e-01  9.87150e-01  9.56750e-01  0.00000e+00
  16531.16  6924.6875  9.29796e-01  9.42197e-01  9.27165e-01  0.00000e+00
  16559.71  6925.3125  9.21805e-01  8.23779e-01  9.20887e-01  0.00000e+00
  16588.26  6925.9375  9.40560e-01  1.10078e+00  9.40078e-01  0.00000e+00
  16616.81  6926.5625  8.39630e-01  7.85794e-01  8.37459e-01  0.00000e+00
  16645.37  6927.1875  7.65756e-01  6.87815e-01  7.61670e-01  0.00000e+00
  16673.92  6927.8125  8.46465e-01  7.98753e-01  8.42896e-01  0.00000e+00
  16702.47  6928.4375  9.43649e-01  1.11049e+00  9.40676e-01  0.00000e+00
  16731.02  6929.0625  9.29256e-01  7.92649e-01  9.24772e-01  0.00000e+00
  16759.57  6929.6875  9.33093e-01  1.03435e+00  9.27320e-01  0.00000e+00
  16788.12  6930.3125  8.46535e-01  9.14994e-01  8.42364e-01  0.00000e+00
  16816.67  6930.9375  7.62936e-01  5.02284e-01  7.61133e-01  0.00000e+00
  16845.22  6931.5625  8.55763e-01  1.07005e+00  8.56363e-01  0.00000e+00
  16873.77  6932.1875  8.85521e-01  7.74246e-01  8.86236e-01  0.00000e+00
  16902.33  6932.8125  9.22184e-01  9.50972e-01  9.21170e-01  0.00000e+00
  16930.88  6933.4375  9.35292e-01  1.01348e+00  9.33800e-01  0.00000e+00
  16959.43  6934.0625  8.75270e-01  8.02718e-01  8.73750e-01  0.00000e+00
  16987.98  6934.6875  8.75895e-01  8.56432e-01  8.75177e-01  0.00000e+00
  17016.53  6935.3125  9.52190e-01  9.36040e-01  9.54019e-01  0.00000e+00
  17045.08  6935.9375  1.02561e+00  1.08469e+00  1.02796e+00  0.00000e+00
  17073.63  6936.5625  9.88889e-01  1.06665e+00  9.90435e-01  0.00000e+00
  17102.18  6937.1875  9.16082e-01  7.43681e-01  9.16504e-01  0.00000e+00
  17130.73  6937.8125  9.87850e-01  1.04238e+00  9.87351e-01  0.00000e+00
  17159.28  6938.4375  1.02964e+00  1.13032e+00  1.03069e+00  0.00000e+00
  17187.84  6939.0625  9.41902e-01  8.89406e-01  9.44862e-01  0.00000e+00
  17216.39  6939.6875  8.76698e-01  8.56684e-01  8.78557e-01  0.00000e+00
  17244.94  6940.3125  9.18451e-01  8.22512e-01  9.19993e-01  0.00000e+00
  17273.49  6940.9375  9.96029e-01  1.18587e+00  9.97182e-01  0.00000e+00
  17302.04  6941.5625  1.02212e+00  7.68781e-01  1.02049e+00  0.00000e+00
  17330.59  6942.1875  1.08436e+00  1.40307e+00  1.08208e+00  0.00000e+00
  17359.14  6942.8125  9.41150e-01  8.26179e-01  9.41206e-01  0.00000e+00
  17387.69  6943.4375  8.18273e-01  7.31833e-01  8.20196e-01  0.00000e+00
  17416.24  6944.0625  8.52737e-01  8.79400e-01  8.56087e-01  0.00000e+00
  17444.79  6944.6875  8.97601e-01  9.18124e-01  9.01048e-01  0.00000e+00
  17473.35  6945.3125  9.23908e-01  8.82226e-01  9.25839e-01  0.00000e+00
  17501.90  6945.9375  9.44097e-01  1.02616e+00  9.43728e-01  0.00000e+00
  17530.45  6946.5625  9.10985e-01  8.61103e-01  9.08981e-01  0.00000e+00
  17559.00  6947.1875  9.16428e-01  8.80307e-01  9.14573e-01  0.00000e+00
  17587.55  6947.8125  9.65214e-01  1.01626e+00  9.64636e-01  0.00000e+00
  17616.10  6948.4375  9.45733e-01  9.87167e-01  9.46000e-01  0.00000e+00
  17644.65  6949.0625  8.66326e-01  8.25104e-01  8.64122e-01  0.00000e+00
  17673.20  6949.6875  8.21458e-01  8.11335e-01  8.17103e-01  0.00000e+00
