# day090  epoch=90.0d  L_Halpha=1.524e+41 erg/s  smooth_kms=25.0
# Columns:
#   1: Δv [km/s]      velocity offset from Hα (6562.81 Å), positive = redshift
#   2: lambda [Å]     observed wavelength
#   3: F_norm         total flux, smoothed, normalized to F_cont_baseline
#   4: F_norm_raw     total flux, RAW MC (no velocity smoothing)
#   5: F_cont_smooth  continuum-channel flux (continuum photons only)
#   6: F_vol_smooth   volumetric-channel flux (line emission contribution)
# Format: F_norm ≈ F_cont_smooth + F_vol_smooth (within MC noise)
# ----------------------------------------------------------------------------------------
 -16559.48  6200.3125  1.00000e+00  1.00000e+00  3.32925e-01  0.00000e+00
 -16530.93  6200.9375  1.00000e+00  1.00000e+00  3.18593e-01  0.00000e+00
 -16502.38  6201.5625  1.00000e+00  1.00000e+00  3.05801e-01  0.00000e+00
 -16473.83  6202.1875  1.00000e+00  1.00000e+00  2.96523e-01  0.00000e+00
 -16445.28  6202.8125  1.00000e+00  1.00000e+00  2.69111e-01  0.00000e+00
 -16416.73  6203.4375  1.00000e+00  1.00000e+00  2.78840e-01  0.00000e+00
 -16388.18  6204.0625  1.00000e+00  1.00000e+00  3.22222e-01  0.00000e+00
 -16359.63  6204.6875  1.00000e+00  1.00000e+00  3.20319e-01  0.00000e+00
 -16331.08  6205.3125  1.00000e+00  1.00000e+00  3.02778e-01  0.00000e+00
 -16302.53  6205.9375  1.00000e+00  1.00000e+00  2.97733e-01  0.00000e+00
 -16273.97  6206.5625  1.00000e+00  1.00000e+00  3.23598e-01  0.00000e+00
 -16245.42  6207.1875  1.00000e+00  1.00000e+00  3.38923e-01  0.00000e+00
 -16216.87  6207.8125  1.00000e+00  1.00000e+00  3.35433e-01  0.00000e+00
 -16188.32  6208.4375  1.00000e+00  1.00000e+00  3.34376e-01  0.00000e+00
 -16159.77  6209.0625  1.00000e+00  1.00000e+00  3.41554e-01  0.00000e+00
 -16131.22  6209.6875  1.00000e+00  1.00000e+00  3.21874e-01  0.00000e+00
 -16102.67  6210.3125  1.00000e+00  1.00000e+00  3.16568e-01  0.00000e+00
 -16074.12  6210.9375  1.00000e+00  1.00000e+00  3.21344e-01  0.00000e+00
 -16045.57  6211.5625  1.00000e+00  1.00000e+00  3.05669e-01  0.00000e+00
 -16017.01  6212.1875  1.00000e+00  1.00000e+00  2.80420e-01  0.00000e+00
 -15988.46  6212.8125  1.00000e+00  1.00000e+00  2.97022e-01  0.00000e+00
 -15959.91  6213.4375  1.00000e+00  1.00000e+00  3.29985e-01  0.00000e+00
 -15931.36  6214.0625  1.00000e+00  1.00000e+00  3.37971e-01  0.00000e+00
 -15902.81  6214.6875  1.00000e+00  1.00000e+00  3.28338e-01  0.00000e+00
 -15874.26  6215.3125  1.00000e+00  1.00000e+00  3.20491e-01  0.00000e+00
 -15845.71  6215.9375  1.00000e+00  1.00000e+00  3.17454e-01  0.00000e+00
 -15817.16  6216.5625  1.00000e+00  1.00000e+00  2.59398e-01  0.00000e+00
 -15788.61  6217.1875  1.00000e+00  1.00000e+00  2.24656e-01  0.00000e+00
 -15760.06  6217.8125  1.00000e+00  1.00000e+00  2.38764e-01  0.00000e+00
 -15731.50  6218.4375  1.00000e+00  1.00000e+00  2.55790e-01  0.00000e+00
 -15702.95  6219.0625  1.00000e+00  1.00000e+00  2.69453e-01  0.00000e+00
 -15674.40  6219.6875  1.00000e+00  1.00000e+00  2.91958e-01  0.00000e+00
 -15645.85  6220.3125  1.00000e+00  1.00000e+00  2.93682e-01  0.00000e+00
 -15617.30  6220.9375  1.00000e+00  1.00000e+00  3.00201e-01  0.00000e+00
 -15588.75  6221.5625  1.00000e+00  1.00000e+00  3.27852e-01  0.00000e+00
 -15560.20  6222.1875  1.00000e+00  1.00000e+00  3.18280e-01  0.00000e+00
 -15531.65  6222.8125  1.00000e+00  1.00000e+00  3.26709e-01  0.00000e+00
 -15503.10  6223.4375  1.00000e+00  1.00000e+00  3.50308e-01  0.00000e+00
 -15474.55  6224.0625  1.00000e+00  1.00000e+00  3.69450e-01  0.00000e+00
 -15445.99  6224.6875  1.00000e+00  1.00000e+00  3.73333e-01  0.00000e+00
 -15417.44  6225.3125  1.00000e+00  1.00000e+00  3.23272e-01  0.00000e+00
 -15388.89  6225.9375  1.00000e+00  1.00000e+00  3.12935e-01  0.00000e+00
 -15360.34  6226.5625  1.00000e+00  1.00000e+00  3.26052e-01  0.00000e+00
 -15331.79  6227.1875  1.00000e+00  1.00000e+00  3.42821e-01  0.00000e+00
 -15303.24  6227.8125  1.00000e+00  1.00000e+00  3.35042e-01  0.00000e+00
 -15274.69  6228.4375  1.00000e+00  1.00000e+00  3.23355e-01  0.00000e+00
 -15246.14  6229.0625  1.00000e+00  1.00000e+00  3.23178e-01  0.00000e+00
 -15217.59  6229.6875  1.00000e+00  1.00000e+00  3.00283e-01  0.00000e+00
 -15189.03  6230.3125  1.00000e+00  1.00000e+00  2.83287e-01  0.00000e+00
 -15160.48  6230.9375  1.00000e+00  1.00000e+00  2.76323e-01  0.00000e+00
 -15131.93  6231.5625  1.00000e+00  1.00000e+00  2.55782e-01  0.00000e+00
 -15103.38  6232.1875  1.00000e+00  1.00000e+00  2.44032e-01  0.00000e+00
 -15074.83  6232.8125  1.00000e+00  1.00000e+00  2.69413e-01  0.00000e+00
 -15046.28  6233.4375  1.00000e+00  1.00000e+00  2.91239e-01  0.00000e+00
 -15017.73  6234.0625  1.00000e+00  1.00000e+00  2.70654e-01  0.00000e+00
 -14989.18  6234.6875  1.00000e+00  1.00000e+00  2.68929e-01  0.00000e+00
 -14960.63  6235.3125  1.00000e+00  1.00000e+00  2.79929e-01  0.00000e+00
 -14932.08  6235.9375  1.00000e+00  1.00000e+00  2.79730e-01  0.00000e+00
 -14903.52  6236.5625  1.00000e+00  1.00000e+00  2.65544e-01  0.00000e+00
 -14874.97  6237.1875  1.00000e+00  1.00000e+00  2.76446e-01  0.00000e+00
 -14846.42  6237.8125  1.00000e+00  1.00000e+00  2.82887e-01  0.00000e+00
 -14817.87  6238.4375  1.00000e+00  1.00000e+00  2.67065e-01  0.00000e+00
 -14789.32  6239.0625  1.00000e+00  1.00000e+00  2.52561e-01  0.00000e+00
 -14760.77  6239.6875  1.00000e+00  1.00000e+00  2.81064e-01  0.00000e+00
 -14732.22  6240.3125  1.00000e+00  1.00000e+00  3.25658e-01  0.00000e+00
 -14703.67  6240.9375  1.00000e+00  1.00000e+00  3.34467e-01  0.00000e+00
 -14675.12  6241.5625  1.00000e+00  1.00000e+00  3.15211e-01  0.00000e+00
 -14646.57  6242.1875  1.00000e+00  1.00000e+00  2.84421e-01  0.00000e+00
 -14618.01  6242.8125  1.00000e+00  1.00000e+00  2.83273e-01  0.00000e+00
 -14589.46  6243.4375  1.00000e+00  1.00000e+00  3.00054e-01  0.00000e+00
 -14560.91  6244.0625  1.00000e+00  1.00000e+00  3.20772e-01  0.00000e+00
 -14532.36  6244.6875  1.00000e+00  1.00000e+00  3.39048e-01  0.00000e+00
 -14503.81  6245.3125  1.00000e+00  1.00000e+00  3.32202e-01  0.00000e+00
 -14475.26  6245.9375  1.00000e+00  1.00000e+00  2.92117e-01  0.00000e+00
 -14446.71  6246.5625  1.00000e+00  1.00000e+00  2.91514e-01  0.00000e+00
 -14418.16  6247.1875  1.00000e+00  1.00000e+00  3.15252e-01  0.00000e+00
 -14389.61  6247.8125  1.00000e+00  1.00000e+00  3.19091e-01  0.00000e+00
 -14361.06  6248.4375  1.00000e+00  1.00000e+00  3.03848e-01  0.00000e+00
 -14332.50  6249.0625  1.00000e+00  1.00000e+00  2.74691e-01  0.00000e+00
 -14303.95  6249.6875  1.00000e+00  1.00000e+00  2.50707e-01  0.00000e+00
 -14275.40  6250.3125  1.00000e+00  1.00000e+00  2.43633e-01  0.00000e+00
 -14246.85  6250.9375  1.00000e+00  1.00000e+00  2.67229e-01  0.00000e+00
 -14218.30  6251.5625  1.00000e+00  1.00000e+00  3.02344e-01  0.00000e+00
 -14189.75  6252.1875  1.00000e+00  1.00000e+00  3.02894e-01  0.00000e+00
 -14161.20  6252.8125  1.00000e+00  1.00000e+00  3.01697e-01  0.00000e+00
 -14132.65  6253.4375  1.00000e+00  1.00000e+00  2.94645e-01  0.00000e+00
 -14104.10  6254.0625  1.00000e+00  1.00000e+00  2.83517e-01  0.00000e+00
 -14075.54  6254.6875  1.00000e+00  1.00000e+00  3.12193e-01  0.00000e+00
 -14046.99  6255.3125  1.00000e+00  1.00000e+00  3.13241e-01  0.00000e+00
 -14018.44  6255.9375  1.00000e+00  1.00000e+00  2.89270e-01  0.00000e+00
 -13989.89  6256.5625  1.00000e+00  1.00000e+00  2.96553e-01  0.00000e+00
 -13961.34  6257.1875  1.00000e+00  1.00000e+00  3.10932e-01  0.00000e+00
 -13932.79  6257.8125  1.00000e+00  1.00000e+00  2.98980e-01  0.00000e+00
 -13904.24  6258.4375  1.00000e+00  1.00000e+00  3.05251e-01  0.00000e+00
 -13875.69  6259.0625  1.00000e+00  1.00000e+00  2.98643e-01  0.00000e+00
 -13847.14  6259.6875  1.00000e+00  1.00000e+00  2.97252e-01  0.00000e+00
 -13818.59  6260.3125  1.00000e+00  1.00000e+00  3.18380e-01  0.00000e+00
 -13790.03  6260.9375  1.00000e+00  1.00000e+00  3.29425e-01  0.00000e+00
 -13761.48  6261.5625  1.00000e+00  1.00000e+00  3.19297e-01  0.00000e+00
 -13732.93  6262.1875  1.00000e+00  1.00000e+00  2.90975e-01  0.00000e+00
 -13704.38  6262.8125  1.00000e+00  1.00000e+00  2.75769e-01  0.00000e+00
 -13675.83  6263.4375  1.00000e+00  1.00000e+00  2.83108e-01  0.00000e+00
 -13647.28  6264.0625  1.00000e+00  1.00000e+00  2.77050e-01  0.00000e+00
 -13618.73  6264.6875  1.00000e+00  1.00000e+00  2.56960e-01  0.00000e+00
 -13590.18  6265.3125  1.00000e+00  1.00000e+00  2.63403e-01  0.00000e+00
 -13561.63  6265.9375  1.00000e+00  1.00000e+00  2.77053e-01  0.00000e+00
 -13533.08  6266.5625  1.00000e+00  1.00000e+00  2.99630e-01  0.00000e+00
 -13504.52  6267.1875  1.00000e+00  1.00000e+00  3.20384e-01  0.00000e+00
 -13475.97  6267.8125  1.00000e+00  1.00000e+00  2.96008e-01  0.00000e+00
 -13447.42  6268.4375  1.00000e+00  1.00000e+00  2.79013e-01  0.00000e+00
 -13418.87  6269.0625  1.00000e+00  1.00000e+00  2.89388e-01  0.00000e+00
 -13390.32  6269.6875  1.00000e+00  1.00000e+00  2.90866e-01  0.00000e+00
 -13361.77  6270.3125  1.00000e+00  1.00000e+00  2.95487e-01  0.00000e+00
 -13333.22  6270.9375  1.00000e+00  1.00000e+00  2.74554e-01  0.00000e+00
 -13304.67  6271.5625  1.00000e+00  1.00000e+00  2.85813e-01  0.00000e+00
 -13276.12  6272.1875  1.00000e+00  1.00000e+00  3.33962e-01  0.00000e+00
 -13247.56  6272.8125  1.00000e+00  1.00000e+00  3.34145e-01  0.00000e+00
 -13219.01  6273.4375  1.00000e+00  1.00000e+00  3.09640e-01  0.00000e+00
 -13190.46  6274.0625  1.00000e+00  1.00000e+00  3.01748e-01  0.00000e+00
 -13161.91  6274.6875  1.00000e+00  1.00000e+00  3.04754e-01  0.00000e+00
 -13133.36  6275.3125  1.00000e+00  1.00000e+00  2.96684e-01  0.00000e+00
 -13104.81  6275.9375  1.00000e+00  1.00000e+00  2.85951e-01  0.00000e+00
 -13076.26  6276.5625  1.00000e+00  1.00000e+00  2.98734e-01  0.00000e+00
 -13047.71  6277.1875  1.00000e+00  1.00000e+00  3.04657e-01  0.00000e+00
 -13019.16  6277.8125  1.00000e+00  1.00000e+00  2.80373e-01  0.00000e+00
 -12990.61  6278.4375  1.00000e+00  1.00000e+00  2.75837e-01  0.00000e+00
 -12962.05  6279.0625  1.00000e+00  1.00000e+00  2.95352e-01  0.00000e+00
 -12933.50  6279.6875  1.00000e+00  1.00000e+00  2.98621e-01  0.00000e+00
 -12904.95  6280.3125  1.00000e+00  1.00000e+00  2.94230e-01  0.00000e+00
 -12876.40  6280.9375  1.00000e+00  1.00000e+00  2.84706e-01  0.00000e+00
 -12847.85  6281.5625  1.00000e+00  1.00000e+00  2.75565e-01  0.00000e+00
 -12819.30  6282.1875  1.00000e+00  1.00000e+00  3.03276e-01  0.00000e+00
 -12790.75  6282.8125  1.00000e+00  1.00000e+00  3.28130e-01  0.00000e+00
 -12762.20  6283.4375  1.00000e+00  1.00000e+00  3.40274e-01  0.00000e+00
 -12733.65  6284.0625  1.00000e+00  1.00000e+00  3.62862e-01  0.00000e+00
 -12705.10  6284.6875  1.00000e+00  1.00000e+00  3.71328e-01  0.00000e+00
 -12676.54  6285.3125  1.00000e+00  1.00000e+00  3.22428e-01  0.00000e+00
 -12647.99  6285.9375  1.00000e+00  1.00000e+00  2.83096e-01  0.00000e+00
 -12619.44  6286.5625  1.00000e+00  1.00000e+00  2.80507e-01  0.00000e+00
 -12590.89  6287.1875  1.00000e+00  1.00000e+00  3.03252e-01  0.00000e+00
 -12562.34  6287.8125  1.00000e+00  1.00000e+00  3.22694e-01  0.00000e+00
 -12533.79  6288.4375  1.00000e+00  1.00000e+00  3.16703e-01  0.00000e+00
 -12505.24  6289.0625  1.00000e+00  1.00000e+00  2.95884e-01  0.00000e+00
 -12476.69  6289.6875  1.00000e+00  1.00000e+00  2.84268e-01  0.00000e+00
 -12448.14  6290.3125  1.00000e+00  1.00000e+00  2.73927e-01  0.00000e+00
 -12419.58  6290.9375  1.00000e+00  1.00000e+00  2.73107e-01  0.00000e+00
 -12391.03  6291.5625  1.00000e+00  1.00000e+00  2.88301e-01  0.00000e+00
 -12362.48  6292.1875  1.00000e+00  1.00000e+00  2.85208e-01  0.00000e+00
 -12333.93  6292.8125  1.00000e+00  1.00000e+00  2.75077e-01  0.00000e+00
 -12305.38  6293.4375  1.00000e+00  1.00000e+00  2.79129e-01  0.00000e+00
 -12276.83  6294.0625  1.00000e+00  1.00000e+00  2.94810e-01  0.00000e+00
 -12248.28  6294.6875  1.00000e+00  1.00000e+00  3.12256e-01  0.00000e+00
 -12219.73  6295.3125  1.00000e+00  1.00000e+00  3.34799e-01  0.00000e+00
 -12191.18  6295.9375  1.00000e+00  1.00000e+00  3.23395e-01  0.00000e+00
 -12162.63  6296.5625  1.00000e+00  1.00000e+00  3.22003e-01  0.00000e+00
 -12134.07  6297.1875  1.00000e+00  1.00000e+00  3.35401e-01  0.00000e+00
 -12105.52  6297.8125  1.00000e+00  1.00000e+00  3.30592e-01  0.00000e+00
 -12076.97  6298.4375  1.00000e+00  1.00000e+00  2.94888e-01  0.00000e+00
 -12048.42  6299.0625  1.00000e+00  1.00000e+00  2.86093e-01  0.00000e+00
 -12019.87  6299.6875  1.00000e+00  1.00000e+00  2.90435e-01  0.00000e+00
 -11991.32  6300.3125  1.00000e+00  1.00000e+00  2.74562e-01  0.00000e+00
 -11962.77  6300.9375  1.00000e+00  1.00000e+00  2.58621e-01  0.00000e+00
 -11934.22  6301.5625  1.00000e+00  1.00000e+00  2.62209e-01  0.00000e+00
 -11905.67  6302.1875  1.00000e+00  1.00000e+00  2.93305e-01  0.00000e+00
 -11877.12  6302.8125  1.00000e+00  1.00000e+00  3.10544e-01  0.00000e+00
 -11848.56  6303.4375  1.00000e+00  1.00000e+00  3.06096e-01  0.00000e+00
 -11820.01  6304.0625  1.00000e+00  1.00000e+00  2.96327e-01  0.00000e+00
 -11791.46  6304.6875  1.00000e+00  1.00000e+00  2.73716e-01  0.00000e+00
 -11762.91  6305.3125  1.00000e+00  1.00000e+00  2.64151e-01  0.00000e+00
 -11734.36  6305.9375  1.00000e+00  1.00000e+00  2.87678e-01  0.00000e+00
 -11705.81  6306.5625  1.00000e+00  1.00000e+00  2.99150e-01  0.00000e+00
 -11677.26  6307.1875  1.00000e+00  1.00000e+00  2.92160e-01  0.00000e+00
 -11648.71  6307.8125  1.00000e+00  1.00000e+00  3.09964e-01  0.00000e+00
 -11620.16  6308.4375  1.00000e+00  1.00000e+00  3.12866e-01  0.00000e+00
 -11591.60  6309.0625  1.00000e+00  1.00000e+00  2.95301e-01  0.00000e+00
 -11563.05  6309.6875  1.00000e+00  1.00000e+00  2.94088e-01  0.00000e+00
 -11534.50  6310.3125  1.00000e+00  1.00000e+00  2.97871e-01  0.00000e+00
 -11505.95  6310.9375  1.00000e+00  1.00000e+00  3.02715e-01  0.00000e+00
 -11477.40  6311.5625  1.00000e+00  1.00000e+00  3.12166e-01  0.00000e+00
 -11448.85  6312.1875  1.00000e+00  1.00000e+00  3.17233e-01  0.00000e+00
 -11420.30  6312.8125  1.00000e+00  1.00000e+00  2.92371e-01  0.00000e+00
 -11391.75  6313.4375  1.00000e+00  1.00000e+00  2.81507e-01  0.00000e+00
 -11363.20  6314.0625  1.00000e+00  1.00000e+00  2.89054e-01  0.00000e+00
 -11334.65  6314.6875  1.00000e+00  1.00000e+00  2.81817e-01  0.00000e+00
 -11306.09  6315.3125  1.00000e+00  1.00000e+00  2.72535e-01  0.00000e+00
 -11277.54  6315.9375  1.00000e+00  1.00000e+00  2.88917e-01  0.00000e+00
 -11248.99  6316.5625  1.00000e+00  1.00000e+00  2.96160e-01  0.00000e+00
 -11220.44  6317.1875  1.00000e+00  1.00000e+00  2.88584e-01  0.00000e+00
 -11191.89  6317.8125  1.00000e+00  1.00000e+00  2.74706e-01  0.00000e+00
 -11163.34  6318.4375  1.00000e+00  1.00000e+00  2.78869e-01  0.00000e+00
 -11134.79  6319.0625  1.00000e+00  1.00000e+00  2.65349e-01  0.00000e+00
 -11106.24  6319.6875  1.00000e+00  1.00000e+00  2.84403e-01  0.00000e+00
 -11077.69  6320.3125  1.00000e+00  1.00000e+00  2.95305e-01  0.00000e+00
 -11049.14  6320.9375  1.00000e+00  1.00000e+00  3.06870e-01  0.00000e+00
 -11020.58  6321.5625  1.00000e+00  1.00000e+00  3.27114e-01  0.00000e+00
 -10992.03  6322.1875  1.00000e+00  1.00000e+00  3.13278e-01  0.00000e+00
 -10963.48  6322.8125  1.00000e+00  1.00000e+00  2.89283e-01  0.00000e+00
 -10934.93  6323.4375  1.00000e+00  1.00000e+00  2.87175e-01  0.00000e+00
 -10906.38  6324.0625  1.00000e+00  1.00000e+00  2.82847e-01  0.00000e+00
 -10877.83  6324.6875  1.00000e+00  1.00000e+00  2.54659e-01  0.00000e+00
 -10849.28  6325.3125  1.00000e+00  1.00000e+00  2.43831e-01  0.00000e+00
 -10820.73  6325.9375  1.00000e+00  1.00000e+00  2.62436e-01  0.00000e+00
 -10792.18  6326.5625  1.00000e+00  1.00000e+00  3.06751e-01  0.00000e+00
 -10763.62  6327.1875  1.00000e+00  1.00000e+00  3.10533e-01  0.00000e+00
 -10735.07  6327.8125  1.00000e+00  1.00000e+00  2.88276e-01  0.00000e+00
 -10706.52  6328.4375  1.00000e+00  1.00000e+00  2.95106e-01  0.00000e+00
 -10677.97  6329.0625  1.00000e+00  1.00000e+00  3.18881e-01  0.00000e+00
 -10649.42  6329.6875  1.00000e+00  1.00000e+00  3.09080e-01  0.00000e+00
 -10620.87  6330.3125  1.00000e+00  1.00000e+00  2.72529e-01  0.00000e+00
 -10592.32  6330.9375  1.00000e+00  1.00000e+00  2.56516e-01  0.00000e+00
 -10563.77  6331.5625  1.00000e+00  1.00000e+00  2.78797e-01  0.00000e+00
 -10535.22  6332.1875  1.00000e+00  1.00000e+00  2.96071e-01  0.00000e+00
 -10506.67  6332.8125  1.00000e+00  1.00000e+00  2.99418e-01  0.00000e+00
 -10478.11  6333.4375  1.00000e+00  1.00000e+00  2.98322e-01  0.00000e+00
 -10449.56  6334.0625  1.00000e+00  1.00000e+00  2.98156e-01  0.00000e+00
 -10421.01  6334.6875  1.00000e+00  1.00000e+00  3.24055e-01  0.00000e+00
 -10392.46  6335.3125  1.00000e+00  1.00000e+00  3.34403e-01  0.00000e+00
 -10363.91  6335.9375  1.00000e+00  1.00000e+00  3.02049e-01  0.00000e+00
 -10335.36  6336.5625  1.00000e+00  1.00000e+00  3.17524e-01  0.00000e+00
 -10306.81  6337.1875  1.00000e+00  1.00000e+00  3.71113e-01  0.00000e+00
 -10278.26  6337.8125  1.00000e+00  1.00000e+00  3.70835e-01  0.00000e+00
 -10249.71  6338.4375  1.00000e+00  1.00000e+00  3.36929e-01  0.00000e+00
 -10221.16  6339.0625  1.00000e+00  1.00000e+00  3.09645e-01  0.00000e+00
 -10192.60  6339.6875  1.00000e+00  1.00000e+00  2.92533e-01  0.00000e+00
 -10164.05  6340.3125  1.00000e+00  1.00000e+00  2.93542e-01  0.00000e+00
 -10135.50  6340.9375  1.00000e+00  1.00000e+00  3.15029e-01  0.00000e+00
 -10106.95  6341.5625  1.00000e+00  1.00000e+00  3.09120e-01  0.00000e+00
 -10078.40  6342.1875  1.00000e+00  1.00000e+00  3.09799e-01  0.00000e+00
 -10049.85  6342.8125  1.00000e+00  1.00000e+00  3.13331e-01  0.00000e+00
 -10021.30  6343.4375  1.00000e+00  1.00000e+00  2.96705e-01  0.00000e+00
  -9992.75  6344.0625  1.00000e+00  1.00000e+00  2.70153e-01  0.00000e+00
  -9964.20  6344.6875  1.00000e+00  1.00000e+00  2.45581e-01  0.00000e+00
  -9935.65  6345.3125  1.00000e+00  1.00000e+00  2.76378e-01  0.00000e+00
  -9907.09  6345.9375  1.00000e+00  1.00000e+00  3.31330e-01  0.00000e+00
  -9878.54  6346.5625  1.00000e+00  1.00000e+00  3.09932e-01  0.00000e+00
  -9849.99  6347.1875  1.00000e+00  1.00000e+00  2.79285e-01  0.00000e+00
  -9821.44  6347.8125  1.00000e+00  1.00000e+00  3.00419e-01  0.00000e+00
  -9792.89  6348.4375  1.00000e+00  1.00000e+00  3.23647e-01  0.00000e+00
  -9764.34  6349.0625  1.00000e+00  1.00000e+00  3.07004e-01  0.00000e+00
  -9735.79  6349.6875  1.00000e+00  1.00000e+00  2.87481e-01  0.00000e+00
  -9707.24  6350.3125  1.00000e+00  1.00000e+00  2.94282e-01  0.00000e+00
  -9678.69  6350.9375  1.00000e+00  1.00000e+00  3.00580e-01  0.00000e+00
  -9650.13  6351.5625  1.00000e+00  1.00000e+00  2.99101e-01  0.00000e+00
  -9621.58  6352.1875  1.00000e+00  1.00000e+00  3.00679e-01  0.00000e+00
  -9593.03  6352.8125  1.00000e+00  1.00000e+00  2.82212e-01  0.00000e+00
  -9564.48  6353.4375  1.00000e+00  1.00000e+00  2.65419e-01  0.00000e+00
  -9535.93  6354.0625  1.00000e+00  1.00000e+00  2.82839e-01  0.00000e+00
  -9507.38  6354.6875  1.00000e+00  1.00000e+00  3.05838e-01  0.00000e+00
  -9478.83  6355.3125  1.00000e+00  1.00000e+00  3.09652e-01  0.00000e+00
  -9450.28  6355.9375  1.00000e+00  1.00000e+00  3.39653e-01  0.00000e+00
  -9421.73  6356.5625  1.00000e+00  1.00000e+00  3.59358e-01  0.00000e+00
  -9393.18  6357.1875  1.00000e+00  1.00000e+00  3.56943e-01  0.00000e+00
  -9364.62  6357.8125  1.00000e+00  1.00000e+00  3.31438e-01  0.00000e+00
  -9336.07  6358.4375  1.00000e+00  1.00000e+00  3.18046e-01  0.00000e+00
  -9307.52  6359.0625  1.00000e+00  1.00000e+00  3.17536e-01  0.00000e+00
  -9278.97  6359.6875  1.00000e+00  1.00000e+00  3.10881e-01  0.00000e+00
  -9250.42  6360.3125  1.00000e+00  1.00000e+00  3.05153e-01  0.00000e+00
  -9221.87  6360.9375  1.00000e+00  1.00000e+00  2.90212e-01  0.00000e+00
  -9193.32  6361.5625  1.00000e+00  1.00000e+00  3.03630e-01  0.00000e+00
  -9164.77  6362.1875  1.00000e+00  1.00000e+00  3.45612e-01  0.00000e+00
  -9136.22  6362.8125  1.00000e+00  1.00000e+00  3.34468e-01  0.00000e+00
  -9107.67  6363.4375  1.00000e+00  1.00000e+00  3.09671e-01  0.00000e+00
  -9079.11  6364.0625  1.00000e+00  1.00000e+00  2.97629e-01  0.00000e+00
  -9050.56  6364.6875  1.00000e+00  1.00000e+00  3.11880e-01  0.00000e+00
  -9022.01  6365.3125  1.00000e+00  1.00000e+00  3.37727e-01  0.00000e+00
  -8993.46  6365.9375  1.00000e+00  1.00000e+00  3.23485e-01  0.00000e+00
  -8964.91  6366.5625  1.00000e+00  1.00000e+00  2.94301e-01  0.00000e+00
  -8936.36  6367.1875  1.00000e+00  1.00000e+00  2.59354e-01  0.00000e+00
  -8907.81  6367.8125  1.00000e+00  1.00000e+00  2.62292e-01  0.00000e+00
  -8879.26  6368.4375  1.00000e+00  1.00000e+00  3.10946e-01  0.00000e+00
  -8850.71  6369.0625  1.00000e+00  1.00000e+00  3.26532e-01  0.00000e+00
  -8822.15  6369.6875  1.00000e+00  1.00000e+00  3.36886e-01  0.00000e+00
  -8793.60  6370.3125  1.00000e+00  1.00000e+00  3.57270e-01  0.00000e+00
  -8765.05  6370.9375  1.00000e+00  1.00000e+00  3.68406e-01  0.00000e+00
  -8736.50  6371.5625  1.00000e+00  1.00000e+00  3.58631e-01  0.00000e+00
  -8707.95  6372.1875  1.00000e+00  1.00000e+00  3.13718e-01  0.00000e+00
  -8679.40  6372.8125  1.00000e+00  1.00000e+00  3.02892e-01  0.00000e+00
  -8650.85  6373.4375  1.00000e+00  1.00000e+00  3.00554e-01  0.00000e+00
  -8622.30  6374.0625  1.00000e+00  1.00000e+00  2.92271e-01  0.00000e+00
  -8593.75  6374.6875  1.00000e+00  1.00000e+00  2.78210e-01  0.00000e+00
  -8565.20  6375.3125  1.00000e+00  1.00000e+00  2.93048e-01  0.00000e+00
  -8536.64  6375.9375  1.00000e+00  1.00000e+00  2.91015e-01  0.00000e+00
  -8508.09  6376.5625  1.00000e+00  1.00000e+00  2.92809e-01  0.00000e+00
  -8479.54  6377.1875  1.00000e+00  1.00000e+00  3.14224e-01  0.00000e+00
  -8450.99  6377.8125  1.00000e+00  1.00000e+00  3.07558e-01  0.00000e+00
  -8422.44  6378.4375  1.00000e+00  1.00000e+00  2.89082e-01  0.00000e+00
  -8393.89  6379.0625  1.00000e+00  1.00000e+00  2.67396e-01  0.00000e+00
  -8365.34  6379.6875  1.00000e+00  1.00000e+00  2.43083e-01  0.00000e+00
  -8336.79  6380.3125  1.00000e+00  1.00000e+00  2.72122e-01  0.00000e+00
  -8308.24  6380.9375  1.00000e+00  1.00000e+00  3.01045e-01  0.00000e+00
  -8279.69  6381.5625  1.00000e+00  1.00000e+00  3.17017e-01  0.00000e+00
  -8251.13  6382.1875  1.00000e+00  1.00000e+00  3.25907e-01  0.00000e+00
  -8222.58  6382.8125  1.00000e+00  1.00000e+00  3.30445e-01  0.00000e+00
  -8194.03  6383.4375  1.00000e+00  1.00000e+00  3.26668e-01  0.00000e+00
  -8165.48  6384.0625  1.00000e+00  1.00000e+00  3.31391e-01  0.00000e+00
  -8136.93  6384.6875  1.00000e+00  1.00000e+00  3.20105e-01  0.00000e+00
  -8108.38  6385.3125  1.00000e+00  1.00000e+00  3.06159e-01  0.00000e+00
  -8079.83  6385.9375  1.00000e+00  1.00000e+00  3.08038e-01  0.00000e+00
  -8051.28  6386.5625  1.00000e+00  1.00000e+00  3.15627e-01  0.00000e+00
  -8022.73  6387.1875  1.00000e+00  1.00000e+00  3.16130e-01  0.00000e+00
  -7994.17  6387.8125  1.00000e+00  1.00000e+00  3.12910e-01  0.00000e+00
  -7965.62  6388.4375  1.00000e+00  1.00000e+00  3.00329e-01  0.00000e+00
  -7937.07  6389.0625  1.00000e+00  1.00000e+00  2.71913e-01  0.00000e+00
  -7908.52  6389.6875  1.00000e+00  1.00000e+00  2.66272e-01  0.00000e+00
  -7879.97  6390.3125  1.00000e+00  1.00000e+00  2.77064e-01  0.00000e+00
  -7851.42  6390.9375  1.00000e+00  1.00000e+00  2.89085e-01  0.00000e+00
  -7822.87  6391.5625  1.00000e+00  1.00000e+00  2.89199e-01  0.00000e+00
  -7794.32  6392.1875  1.00000e+00  1.00000e+00  2.90215e-01  0.00000e+00
  -7765.77  6392.8125  1.00000e+00  1.00000e+00  3.01866e-01  0.00000e+00
  -7737.22  6393.4375  1.00000e+00  1.00000e+00  2.73940e-01  0.00000e+00
  -7708.66  6394.0625  1.00000e+00  1.00000e+00  2.42549e-01  0.00000e+00
  -7680.11  6394.6875  1.00000e+00  1.00000e+00  2.43061e-01  0.00000e+00
  -7651.56  6395.3125  1.00000e+00  1.00000e+00  2.57661e-01  0.00000e+00
  -7623.01  6395.9375  1.00000e+00  1.00000e+00  2.67612e-01  0.00000e+00
  -7594.46  6396.5625  1.00000e+00  1.00000e+00  2.77913e-01  0.00000e+00
  -7565.91  6397.1875  1.00000e+00  1.00000e+00  3.06519e-01  0.00000e+00
  -7537.36  6397.8125  1.00000e+00  1.00000e+00  3.27712e-01  0.00000e+00
  -7508.81  6398.4375  1.00000e+00  1.00000e+00  3.39683e-01  0.00000e+00
  -7480.26  6399.0625  1.00000e+00  1.00000e+00  3.54326e-01  0.00000e+00
  -7451.71  6399.6875  1.00000e+00  1.00000e+00  3.39459e-01  0.00000e+00
  -7423.15  6400.3125  1.00000e+00  1.00000e+00  3.08813e-01  0.00000e+00
  -7394.60  6400.9375  1.00000e+00  1.00000e+00  3.04086e-01  0.00000e+00
  -7366.05  6401.5625  1.00000e+00  1.00000e+00  3.20582e-01  0.00000e+00
  -7337.50  6402.1875  1.00000e+00  1.00000e+00  3.41119e-01  0.00000e+00
  -7308.95  6402.8125  1.00000e+00  1.00000e+00  3.52990e-01  0.00000e+00
  -7280.40  6403.4375  1.00000e+00  1.00000e+00  3.36010e-01  0.00000e+00
  -7251.85  6404.0625  1.00000e+00  1.00000e+00  3.04502e-01  0.00000e+00
  -7223.30  6404.6875  9.99999e-01  9.99999e-01  2.92018e-01  0.00000e+00
  -7194.75  6405.3125  9.99999e-01  9.99999e-01  3.06044e-01  0.00000e+00
  -7166.19  6405.9375  9.99999e-01  9.99999e-01  3.02567e-01  0.00000e+00
  -7137.64  6406.5625  9.99999e-01  9.99999e-01  3.10894e-01  0.00000e+00
  -7109.09  6407.1875  9.99998e-01  9.99998e-01  3.14937e-01  0.00000e+00
  -7080.54  6407.8125  9.99998e-01  9.99998e-01  3.13666e-01  0.00000e+00
  -7051.99  6408.4375  9.99997e-01  9.99997e-01  3.19499e-01  0.00000e+00
  -7023.44  6409.0625  9.99996e-01  9.99996e-01  3.26530e-01  0.00000e+00
  -6994.89  6409.6875  9.99995e-01  9.99995e-01  3.15492e-01  0.00000e+00
  -6966.34  6410.3125  9.99994e-01  9.99994e-01  3.12749e-01  0.00000e+00
  -6937.79  6410.9375  9.99992e-01  9.99992e-01  2.92490e-01  0.00000e+00
  -6909.24  6411.5625  9.99990e-01  9.99990e-01  2.43773e-01  0.00000e+00
  -6880.68  6412.1875  9.99988e-01  9.99988e-01  2.35378e-01  0.00000e+00
  -6852.13  6412.8125  9.99985e-01  9.99985e-01  2.70873e-01  0.00000e+00
  -6823.58  6413.4375  9.99981e-01  9.99982e-01  2.95944e-01  0.00000e+00
  -6795.03  6414.0625  9.99977e-01  9.99978e-01  3.29823e-01  0.00000e+00
  -6766.48  6414.6875  9.99973e-01  9.99973e-01  3.29547e-01  0.00000e+00
  -6737.93  6415.3125  9.99968e-01  9.99968e-01  2.96959e-01  0.00000e+00
  -6709.38  6415.9375  9.99961e-01  9.99962e-01  2.52868e-01  0.00000e+00
  -6680.83  6416.5625  9.99955e-01  9.99955e-01  2.52371e-01  0.00000e+00
  -6652.28  6417.1875  9.99947e-01  9.99947e-01  2.66363e-01  0.00000e+00
  -6623.73  6417.8125  9.99938e-01  9.99938e-01  2.59476e-01  0.00000e+00
  -6595.17  6418.4375  9.99928e-01  9.99928e-01  2.77593e-01  0.00000e+00
  -6566.62  6419.0625  9.99917e-01  9.99917e-01  2.94388e-01  0.00000e+00
  -6538.07  6419.6875  9.99905e-01  9.99905e-01  2.81005e-01  0.00000e+00
  -6509.52  6420.3125  9.99891e-01  9.99892e-01  2.66721e-01  0.00000e+00
  -6480.97  6420.9375  9.99874e-01  9.99876e-01  2.63038e-01  0.00000e+00
  -6452.42  6421.5625  9.99851e-01  9.99854e-01  2.82790e-01  0.00000e+00
  -6423.87  6422.1875  9.99822e-01  9.99824e-01  3.01167e-01  0.00000e+00
  -6395.32  6422.8125  9.99785e-01  9.99787e-01  3.04392e-01  0.00000e+00
  -6366.77  6423.4375  9.99741e-01  9.99743e-01  3.18087e-01  0.00000e+00
  -6338.21  6424.0625  9.99693e-01  9.99694e-01  3.05754e-01  0.00000e+00
  -6309.66  6424.6875  9.99644e-01  9.99644e-01  3.07443e-01  0.00000e+00
  -6281.11  6425.3125  9.99593e-01  9.99593e-01  3.12276e-01  0.00000e+00
  -6252.56  6425.9375  9.99541e-01  9.99541e-01  2.95498e-01  0.00000e+00
  -6224.01  6426.5625  9.99488e-01  9.99488e-01  2.84169e-01  0.00000e+00
  -6195.46  6427.1875  9.99434e-01  9.99435e-01  2.98524e-01  0.00000e+00
  -6166.91  6427.8125  9.99380e-01  9.99380e-01  3.16657e-01  0.00000e+00
  -6138.36  6428.4375  9.99324e-01  9.99324e-01  3.33644e-01  0.00000e+00
  -6109.81  6429.0625  9.99267e-01  9.99268e-01  3.35175e-01  0.00000e+00
  -6081.26  6429.6875  9.99209e-01  9.99210e-01  3.37464e-01  0.00000e+00
  -6052.70  6430.3125  9.99150e-01  9.99151e-01  3.44727e-01  0.00000e+00
  -6024.15  6430.9375  9.99089e-01  9.99090e-01  3.78057e-01  0.00000e+00
  -5995.60  6431.5625  9.99026e-01  9.99027e-01  3.67592e-01  0.00000e+00
  -5967.05  6432.1875  9.98960e-01  9.98961e-01  3.00055e-01  0.00000e+00
  -5938.50  6432.8125  9.98891e-01  9.98893e-01  2.59229e-01  0.00000e+00
  -5909.95  6433.4375  9.98819e-01  9.98820e-01  2.80387e-01  0.00000e+00
  -5881.40  6434.0625  9.98741e-01  9.98744e-01  3.31363e-01  0.00000e+00
  -5852.85  6434.6875  9.98659e-01  9.98661e-01  3.39176e-01  0.00000e+00
  -5824.30  6435.3125  9.98574e-01  9.98572e-01  3.29688e-01  0.00000e+00
  -5795.75  6435.9375  9.98491e-01  9.98488e-01  3.10077e-01  0.00000e+00
  -5767.19  6436.5625  9.98416e-01  9.98413e-01  2.73973e-01  0.00000e+00
  -5738.64  6437.1875  9.98348e-01  9.98346e-01  2.59541e-01  0.00000e+00
  -5710.09  6437.8125  9.98281e-01  9.98283e-01  2.69839e-01  0.00000e+00
  -5681.54  6438.4375  9.98207e-01  9.98215e-01  2.80017e-01  0.00000e+00
  -5652.99  6439.0625  9.98111e-01  9.98126e-01  2.86460e-01  0.00000e+00
  -5624.44  6439.6875  9.97978e-01  9.97996e-01  3.02432e-01  0.00000e+00
  -5595.89  6440.3125  9.97800e-01  9.97817e-01  2.95432e-01  0.00000e+00
  -5567.34  6440.9375  9.97578e-01  9.97593e-01  2.97394e-01  0.00000e+00
  -5538.79  6441.5625  9.97316e-01  9.97331e-01  3.19876e-01  0.00000e+00
  -5510.24  6442.1875  9.97016e-01  9.97031e-01  3.24494e-01  0.00000e+00
  -5481.68  6442.8125  9.96675e-01  9.96691e-01  3.18803e-01  0.00000e+00
  -5453.13  6443.4375  9.96292e-01  9.96309e-01  3.06576e-01  0.00000e+00
  -5424.58  6444.0625  9.95852e-01  9.95890e-01  3.08189e-01  0.00000e+00
  -5396.03  6444.6875  9.95318e-01  9.95368e-01  2.96006e-01  0.00000e+00
  -5367.48  6445.3125  9.94650e-01  9.94718e-01  2.82647e-01  0.00000e+00
  -5338.93  6445.9375  9.93814e-01  9.93885e-01  2.80488e-01  0.00000e+00
  -5310.38  6446.5625  9.92796e-01  9.92868e-01  2.84478e-01  0.00000e+00
  -5281.83  6447.1875  9.91611e-01  9.91654e-01  2.94275e-01  0.00000e+00
  -5253.28  6447.8125  9.90311e-01  9.90329e-01  2.95874e-01  0.00000e+00
  -5224.72  6448.4375  9.88955e-01  9.88960e-01  2.84404e-01  0.00000e+00
  -5196.17  6449.0625  9.87583e-01  9.87575e-01  3.06313e-01  0.00000e+00
  -5167.62  6449.6875  9.86210e-01  9.86221e-01  3.08063e-01  7.05353e-08
  -5139.07  6450.3125  9.84795e-01  9.84845e-01  2.69318e-01  6.77516e-06
  -5110.52  6450.9375  9.83256e-01  9.83337e-01  2.60977e-01  1.76604e-04
  -5081.97  6451.5625  9.81517e-01  9.81612e-01  2.80472e-01  1.24925e-03
  -5053.42  6452.1875  9.79520e-01  9.79644e-01  2.97444e-01  2.39808e-03
  -5024.87  6452.8125  9.77204e-01  9.77353e-01  2.91758e-01  1.24925e-03
  -4996.32  6453.4375  9.74513e-01  9.74668e-01  2.64905e-01  1.76604e-04
  -4967.77  6454.0625  9.71420e-01  9.71577e-01  2.57307e-01  6.77516e-06
  -4939.21  6454.6875  9.67906e-01  9.68082e-01  2.83777e-01  7.05353e-08
  -4910.66  6455.3125  9.63931e-01  9.64127e-01  3.01720e-01  0.00000e+00
  -4882.11  6455.9375  9.59452e-01  9.59658e-01  3.09308e-01  0.00000e+00
  -4853.56  6456.5625  9.54430e-01  9.54653e-01  2.82075e-01  0.00000e+00
  -4825.01  6457.1875  9.48823e-01  9.49066e-01  2.65396e-01  0.00000e+00
  -4796.46  6457.8125  9.42580e-01  9.42849e-01  2.55529e-01  0.00000e+00
  -4767.91  6458.4375  9.35631e-01  9.35930e-01  2.23005e-01  0.00000e+00
  -4739.36  6459.0625  9.27895e-01  9.28236e-01  2.34813e-01  0.00000e+00
  -4710.81  6459.6875  9.19281e-01  9.19647e-01  2.65574e-01  0.00000e+00
  -4682.26  6460.3125  9.09722e-01  9.10099e-01  2.98566e-01  0.00000e+00
  -4653.70  6460.9375  8.99196e-01  8.99559e-01  3.35578e-01  0.00000e+00
  -4625.15  6461.5625  8.87711e-01  8.88073e-01  3.36766e-01  0.00000e+00
  -4596.60  6462.1875  8.75201e-01  8.75688e-01  3.00430e-01  0.00000e+00
  -4568.05  6462.8125  8.61467e-01  8.62007e-01  2.76277e-01  0.00000e+00
  -4539.50  6463.4375  8.46346e-01  8.46912e-01  2.65895e-01  0.00000e+00
  -4510.95  6464.0625  8.29799e-01  8.30317e-01  2.79647e-01  0.00000e+00
  -4482.40  6464.6875  8.11896e-01  8.12379e-01  2.71408e-01  0.00000e+00
  -4453.85  6465.3125  7.92755e-01  7.93142e-01  2.38070e-01  0.00000e+00
  -4425.30  6465.9375  7.72203e-01  7.73122e-01  2.28198e-01  0.00000e+00
  -4396.74  6466.5625  7.49552e-01  7.50530e-01  2.38285e-01  4.38040e-08
  -4368.19  6467.1875  7.24376e-01  7.25397e-01  2.49587e-01  4.20753e-06
  -4339.64  6467.8125  6.96535e-01  6.97610e-01  2.33466e-01  1.09675e-04
  -4311.09  6468.4375  6.65988e-01  6.66954e-01  2.18928e-01  7.75810e-04
  -4282.54  6469.0625  6.32656e-01  6.33891e-01  2.25215e-01  1.48926e-03
  -4253.99  6469.6875  5.95759e-01  5.97825e-01  2.01619e-01  7.75945e-04
  -4225.44  6470.3125  5.54375e-01  5.55831e-01  1.90500e-01  1.22549e-04
  -4196.89  6470.9375  5.08342e-01  5.10594e-01  1.90865e-01  3.39780e-04
  -4168.34  6471.5625  4.57521e-01  4.58926e-01  1.70978e-01  2.37379e-03
  -4139.79  6472.1875  4.03862e-01  4.03189e-01  1.35280e-01  4.55670e-03
  -4111.23  6472.8125  3.51013e-01  3.49724e-01  1.07862e-01  2.37375e-03
  -4082.68  6473.4375  3.01337e-01  2.99653e-01  9.01046e-02  3.35572e-04
  -4054.13  6474.0625  2.56054e-01  2.53977e-01  7.80079e-02  1.28738e-05
  -4025.58  6474.6875  2.16323e-01  2.13647e-01  6.24905e-02  1.34027e-07
  -3997.03  6475.3125  1.83500e-01  1.80332e-01  5.25419e-02  5.09616e-13
  -3968.48  6475.9375  1.58603e-01  1.55377e-01  6.23380e-02  3.60489e-12
  -3939.93  6476.5625  1.41057e-01  1.39372e-01  6.16241e-02  6.92012e-12
  -3911.38  6477.1875  1.28187e-01  1.27592e-01  4.20472e-02  3.60557e-12
  -3882.83  6477.8125  1.17479e-01  1.17089e-01  3.98500e-02  5.11309e-13
  -3854.28  6478.4375  1.07935e-01  1.07566e-01  4.13395e-02  2.30789e-14
  -3825.72  6479.0625  9.93662e-02  9.90019e-02  3.87652e-02  7.05012e-15
  -3797.17  6479.6875  9.17450e-02  9.13898e-02  3.72593e-02  3.66143e-14
  -3768.62  6480.3125  8.50488e-02  8.47049e-02  3.52737e-02  2.39271e-13
  -3740.07  6480.9375  7.92465e-02  7.89184e-02  2.37903e-02  4.58554e-13
  -3711.52  6481.5625  7.42983e-02  7.39885e-02  2.04579e-02  2.38869e-13
  -3682.97  6482.1875  7.01570e-02  6.98671e-02  2.08748e-02  1.81593e-09
  -3654.42  6482.8125  6.67702e-02  6.65025e-02  1.36845e-02  4.05526e-07
  -3625.87  6483.4375  6.40810e-02  6.38363e-02  1.72500e-02  2.67448e-05
  -3597.32  6484.0625  6.20303e-02  6.18085e-02  2.59322e-02  6.10804e-04
  -3568.76  6484.6875  6.05582e-02  6.03592e-02  2.82424e-02  4.15622e-03
  -3540.21  6485.3125  5.96056e-02  5.94285e-02  4.05847e-02  7.92646e-03
  -3511.66  6485.9375  5.91153e-02  5.89596e-02  5.75673e-02  4.36054e-03
  -3483.11  6486.5625  5.90322e-02  5.88963e-02  5.94228e-02  1.08433e-03
  -3454.56  6487.1875  5.93052e-02  5.91867e-02  6.27631e-02  3.14742e-04
  -3426.01  6487.8125  5.98878e-02  5.97862e-02  7.93343e-02  4.77378e-04
  -3397.46  6488.4375  6.07366e-02  6.06504e-02  7.45037e-02  2.47706e-03
  -3368.91  6489.0625  6.18122e-02  6.17382e-02  6.98285e-02  4.44270e-03
  -3340.36  6489.6875  6.30818e-02  6.30187e-02  6.92035e-02  2.69257e-03
  -3311.81  6490.3125  6.45163e-02  6.44638e-02  4.99435e-02  3.08639e-03
  -3283.25  6490.9375  6.60887e-02  6.60453e-02  3.78770e-02  5.16133e-03
  -3254.70  6491.5625  6.77768e-02  6.77387e-02  4.41086e-02  2.70976e-03
  -3226.15  6492.1875  6.95631e-02  6.95325e-02  5.34792e-02  9.75641e-04
  -3197.60  6492.8125  7.14318e-02  7.14047e-02  6.39564e-02  3.04075e-03
  -3169.05  6493.4375  7.33706e-02  7.33485e-02  8.34476e-02  6.77152e-03
  -3140.50  6494.0625  7.53689e-02  7.53488e-02  1.04292e-01  7.38263e-03
  -3111.95  6494.6875  7.74192e-02  7.74021e-02  9.74129e-02  7.54251e-03
  -3083.40  6495.3125  7.95149e-02  7.94994e-02  9.69421e-02  1.06704e-02
  -3054.85  6495.9375  8.16508e-02  8.16371e-02  9.21771e-02  9.43787e-03
  -3026.30  6496.5625  8.38234e-02  8.38101e-02  9.55013e-02  9.17533e-03
  -2997.74  6497.1875  8.60299e-02  8.60180e-02  1.23925e-01  1.14625e-02
  -2969.19  6497.8125  8.82679e-02  8.82565e-02  1.35813e-01  1.47297e-02
  -2940.64  6498.4375  9.05356e-02  9.05247e-02  1.31877e-01  1.67880e-02
  -2912.09  6499.0625  9.28321e-02  9.28212e-02  1.20345e-01  1.55909e-02
  -2883.54  6499.6875  9.51574e-02  9.51461e-02  9.40705e-02  1.26033e-02
  -2854.99  6500.3125  9.75121e-02  9.75006e-02  6.81662e-02  1.54855e-02
  -2826.44  6500.9375  9.98965e-02  9.98852e-02  7.60337e-02  1.71946e-02
  -2797.89  6501.5625  1.02310e-01  1.02299e-01  1.28855e-01  2.01123e-02
  -2769.34  6502.1875  1.04754e-01  1.04743e-01  1.52410e-01  2.55991e-02
  -2740.78  6502.8125  1.07228e-01  1.07216e-01  1.43900e-01  2.43506e-02
  -2712.23  6503.4375  1.09732e-01  1.09721e-01  1.26496e-01  1.49059e-02
  -2683.68  6504.0625  1.12267e-01  1.12256e-01  1.32787e-01  2.62768e-02
  -2655.13  6504.6875  1.14833e-01  1.14819e-01  1.40487e-01  5.14104e-02
  -2626.58  6505.3125  1.17433e-01  1.17419e-01  1.19334e-01  5.59259e-02
  -2598.03  6505.9375  1.20068e-01  1.20055e-01  1.10205e-01  5.24307e-02
  -2569.48  6506.5625  1.22737e-01  1.22724e-01  1.32920e-01  4.51253e-02
  -2540.93  6507.1875  1.25442e-01  1.25426e-01  1.62191e-01  4.48825e-02
  -2512.38  6507.8125  1.28185e-01  1.28171e-01  1.79426e-01  5.01873e-02
  -2483.83  6508.4375  1.30966e-01  1.30950e-01  1.41861e-01  5.61389e-02
  -2455.27  6509.0625  1.33787e-01  1.33771e-01  1.18396e-01  5.34290e-02
  -2426.72  6509.6875  1.36650e-01  1.36634e-01  1.25785e-01  4.80915e-02
  -2398.17  6510.3125  1.39555e-01  1.39538e-01  1.29510e-01  5.09307e-02
  -2369.62  6510.9375  1.42506e-01  1.42488e-01  1.32618e-01  7.66574e-02
  -2341.07  6511.5625  1.45503e-01  1.45484e-01  1.48890e-01  8.29452e-02
  -2312.52  6512.1875  1.48549e-01  1.48529e-01  1.62114e-01  8.32485e-02
  -2283.97  6512.8125  1.51648e-01  1.51629e-01  1.63436e-01  8.53536e-02
  -2255.42  6513.4375  1.54802e-01  1.54778e-01  1.83772e-01  8.85346e-02
  -2226.87  6514.0625  1.58014e-01  1.57992e-01  1.95411e-01  1.00277e-01
  -2198.32  6514.6875  1.61287e-01  1.61260e-01  1.79150e-01  1.06629e-01
  -2169.76  6515.3125  1.64627e-01  1.64598e-01  2.08527e-01  1.08019e-01
  -2141.21  6515.9375  1.68041e-01  1.68013e-01  2.45124e-01  1.03676e-01
  -2112.66  6516.5625  1.71533e-01  1.71500e-01  2.23752e-01  9.25035e-02
  -2084.11  6517.1875  1.75110e-01  1.75073e-01  2.13713e-01  1.06272e-01
  -2055.56  6517.8125  1.78783e-01  1.78742e-01  2.07381e-01  1.35071e-01
  -2027.01  6518.4375  1.82563e-01  1.82519e-01  1.91899e-01  1.77027e-01
  -1998.46  6519.0625  1.86458e-01  1.86410e-01  2.15146e-01  1.99097e-01
  -1969.91  6519.6875  1.90483e-01  1.90427e-01  2.57533e-01  2.14598e-01
  -1941.36  6520.3125  1.94654e-01  1.94591e-01  2.21401e-01  2.45220e-01
  -1912.80  6520.9375  1.98990e-01  1.98920e-01  1.95441e-01  2.54910e-01
  -1884.25  6521.5625  2.03511e-01  2.03432e-01  1.82378e-01  2.58986e-01
  -1855.70  6522.1875  2.08237e-01  2.08148e-01  1.56629e-01  2.58695e-01
  -1827.15  6522.8125  2.13193e-01  2.13094e-01  1.49646e-01  2.46324e-01
  -1798.60  6523.4375  2.18408e-01  2.18298e-01  1.68891e-01  3.10912e-01
  -1770.05  6524.0625  2.23910e-01  2.23787e-01  2.20394e-01  3.84132e-01
  -1741.50  6524.6875  2.29731e-01  2.29596e-01  2.65390e-01  4.13322e-01
  -1712.95  6525.3125  2.35905e-01  2.35757e-01  2.94814e-01  5.01217e-01
  -1684.40  6525.9375  2.42468e-01  2.42305e-01  2.79764e-01  5.88755e-01
  -1655.85  6526.5625  2.49455e-01  2.49278e-01  2.39059e-01  6.68570e-01
  -1627.29  6527.1875  2.56903e-01  2.56712e-01  2.35408e-01  7.41364e-01
  -1598.74  6527.8125  2.64850e-01  2.64645e-01  2.41757e-01  7.42851e-01
  -1570.19  6528.4375  2.73333e-01  2.73114e-01  2.31334e-01  7.72147e-01
  -1541.64  6529.0625  2.82386e-01  2.82154e-01  2.43044e-01  8.64880e-01
  -1513.09  6529.6875  2.92046e-01  2.91799e-01  2.99125e-01  1.03647e+00
  -1484.54  6530.3125  3.02346e-01  3.02089e-01  3.58967e-01  1.21024e+00
  -1455.99  6530.9375  3.13316e-01  3.13048e-01  3.60626e-01  1.26871e+00
  -1427.44  6531.5625  3.24986e-01  3.24707e-01  3.51823e-01  1.40493e+00
  -1398.89  6532.1875  3.37385e-01  3.37093e-01  3.37723e-01  1.71860e+00
  -1370.34  6532.8125  3.50570e-01  3.50236e-01  3.42032e-01  2.19023e+00
  -1341.78  6533.4375  3.65030e-01  3.64201e-01  3.78733e-01  3.11098e+00
  -1313.23  6534.0625  3.83543e-01  3.79099e-01  3.97044e-01  5.18613e+00
  -1284.68  6534.6875  4.09264e-01  4.08025e-01  4.01119e-01  8.84407e+00
  -1256.13  6535.3125  4.39545e-01  4.39215e-01  3.91781e-01  1.26853e+01
  -1227.58  6535.9375  4.70867e-01  4.71378e-01  4.14735e-01  1.44510e+01
  -1199.03  6536.5625  5.02038e-01  5.01523e-01  4.97343e-01  1.48347e+01
  -1170.48  6537.1875  5.33402e-01  5.33738e-01  5.40575e-01  1.51945e+01
  -1141.93  6537.8125  5.64748e-01  5.64483e-01  5.43532e-01  1.55858e+01
  -1113.38  6538.4375  5.95804e-01  5.96567e-01  4.83412e-01  1.57356e+01
  -1084.83  6539.0625  6.26094e-01  6.25936e-01  4.36279e-01  1.57429e+01
  -1056.27  6539.6875  6.56297e-01  6.56049e-01  4.75968e-01  1.58668e+01
  -1027.72  6540.3125  6.86907e-01  6.86833e-01  5.19513e-01  1.59542e+01
   -999.17  6540.9375  7.17147e-01  7.18251e-01  5.24934e-01  1.60249e+01
   -970.62  6541.5625  7.46682e-01  7.45436e-01  5.12293e-01  1.59568e+01
   -942.07  6542.1875  7.76441e-01  7.77703e-01  5.65129e-01  1.60028e+01
   -913.52  6542.8125  8.05146e-01  8.05292e-01  5.37629e-01  1.61216e+01
   -884.97  6543.4375  8.32918e-01  8.32937e-01  5.11189e-01  1.64400e+01
   -856.42  6544.0625  8.60350e-01  8.60561e-01  5.12343e-01  1.66307e+01
   -827.87  6544.6875  8.86582e-01  8.88149e-01  4.75293e-01  1.65335e+01
   -799.31  6545.3125  9.11467e-01  9.10033e-01  4.79349e-01  1.67003e+01
   -770.76  6545.9375  9.37193e-01  9.37282e-01  5.02070e-01  1.69911e+01
   -742.21  6546.5625  9.62460e-01  9.64358e-01  5.44878e-01  1.69183e+01
   -713.66  6547.1875  9.85145e-01  9.85301e-01  5.65781e-01  1.66263e+01
   -685.11  6547.8125  1.00731e+00  1.00582e+00  5.48268e-01  1.65363e+01
   -656.56  6548.4375  1.03019e+00  1.03200e+00  5.70395e-01  1.65484e+01
   -628.01  6549.0625  1.05132e+00  1.05171e+00  6.34614e-01  1.66425e+01
   -599.46  6549.6875  1.07074e+00  1.07094e+00  6.68360e-01  1.63157e+01
   -570.91  6550.3125  1.08949e+00  1.08968e+00  6.35447e-01  1.60909e+01
   -542.36  6550.9375  1.10774e+00  1.10793e+00  5.84843e-01  1.60668e+01
   -513.80  6551.5625  1.12551e+00  1.12570e+00  5.56974e-01  1.59567e+01
   -485.25  6552.1875  1.14276e+00  1.14297e+00  6.18479e-01  1.58664e+01
   -456.70  6552.8125  1.15930e+00  1.15973e+00  6.37451e-01  1.57854e+01
   -428.15  6553.4375  1.17395e+00  1.17597e+00  5.68531e-01  1.57013e+01
   -399.60  6554.0625  1.18662e+00  1.18500e+00  5.60395e-01  1.54953e+01
   -371.05  6554.6875  1.20001e+00  1.20021e+00  6.51130e-01  1.51752e+01
   -342.50  6555.3125  1.21284e+00  1.21490e+00  7.36194e-01  1.48954e+01
   -313.95  6555.9375  1.22367e+00  1.22224e+00  7.06247e-01  1.47589e+01
   -285.40  6556.5625  1.23407e+00  1.23591e+00  6.45146e-01  1.45387e+01
   -256.85  6557.1875  1.24362e+00  1.24217e+00  6.32329e-01  1.41964e+01
   -228.29  6557.8125  1.25276e+00  1.25485e+00  6.30717e-01  1.40858e+01
   -199.74  6558.4375  1.25988e+00  1.26008e+00  6.64845e-01  1.40635e+01
   -171.19  6559.0625  1.26649e+00  1.26478e+00  6.71766e-01  1.37722e+01
   -142.64  6559.6875  1.27393e+00  1.27601e+00  6.14595e-01  1.33982e+01
   -114.09  6560.3125  1.27935e+00  1.27977e+00  6.06126e-01  1.29498e+01
    -85.54  6560.9375  1.28289e+00  1.28307e+00  6.27434e-01  1.26141e+01
    -56.99  6561.5625  1.28575e+00  1.28591e+00  6.30476e-01  1.24075e+01
    -28.44  6562.1875  1.28818e+00  1.28834e+00  6.40463e-01  1.21019e+01
      0.11  6562.8125  1.29020e+00  1.29035e+00  6.78886e-01  1.16187e+01
     28.67  6563.4375  1.29184e+00  1.29198e+00  6.85571e-01  1.10350e+01
     57.22  6564.0625  1.29311e+00  1.29325e+00  6.50740e-01  1.06076e+01
     85.77  6564.6875  1.29403e+00  1.29417e+00  6.25689e-01  1.03944e+01
    114.32  6565.3125  1.29461e+00  1.29473e+00  6.30067e-01  1.01701e+01
    142.87  6565.9375  1.29487e+00  1.29498e+00  6.25447e-01  9.88880e+00
    171.42  6566.5625  1.29484e+00  1.29494e+00  6.05176e-01  9.56979e+00
    199.97  6567.1875  1.29454e+00  1.29463e+00  6.39120e-01  9.18175e+00
    228.52  6567.8125  1.29399e+00  1.29408e+00  6.28731e-01  9.00065e+00
    257.07  6568.4375  1.29322e+00  1.29330e+00  6.17362e-01  8.85404e+00
    285.62  6569.0625  1.29223e+00  1.29231e+00  6.09090e-01  8.63869e+00
    314.18  6569.6875  1.29106e+00  1.29113e+00  6.20904e-01  8.34129e+00
    342.73  6570.3125  1.28971e+00  1.28977e+00  6.18342e-01  8.14249e+00
    371.28  6570.9375  1.28820e+00  1.28826e+00  6.12445e-01  8.02252e+00
    399.83  6571.5625  1.28654e+00  1.28659e+00  6.25585e-01  7.97429e+00
    428.38  6572.1875  1.28474e+00  1.28479e+00  6.09783e-01  7.94315e+00
    456.93  6572.8125  1.28283e+00  1.28287e+00  6.27914e-01  7.85928e+00
    485.48  6573.4375  1.28081e+00  1.28085e+00  6.53031e-01  7.76187e+00
    514.03  6574.0625  1.27868e+00  1.27871e+00  6.12348e-01  7.71049e+00
    542.58  6574.6875  1.27646e+00  1.27649e+00  5.66416e-01  7.66881e+00
    571.13  6575.3125  1.27417e+00  1.27420e+00  5.87099e-01  7.62120e+00
    599.69  6575.9375  1.27180e+00  1.27183e+00  6.34638e-01  7.57425e+00
    628.24  6576.5625  1.26936e+00  1.26938e+00  6.23759e-01  7.47428e+00
    656.79  6577.1875  1.26686e+00  1.26689e+00  5.89762e-01  7.37437e+00
    685.34  6577.8125  1.26432e+00  1.26434e+00  6.03170e-01  7.18800e+00
    713.89  6578.4375  1.26172e+00  1.26173e+00  6.19734e-01  6.97283e+00
    742.44  6579.0625  1.25908e+00  1.25910e+00  6.34328e-01  6.94052e+00
    770.99  6579.6875  1.25641e+00  1.25642e+00  5.90217e-01  6.93371e+00
    799.54  6580.3125  1.25370e+00  1.25371e+00  5.60683e-01  6.83088e+00
    828.09  6580.9375  1.25096e+00  1.25097e+00  5.52482e-01  6.73506e+00
    856.65  6581.5625  1.24820e+00  1.24820e+00  5.62321e-01  6.75370e+00
    885.20  6582.1875  1.24541e+00  1.24542e+00  6.20921e-01  6.80799e+00
    913.75  6582.8125  1.24261e+00  1.24261e+00  6.39287e-01  6.75369e+00
    942.30  6583.4375  1.23980e+00  1.23980e+00  5.77509e-01  6.60892e+00
    970.85  6584.0625  1.23697e+00  1.23697e+00  5.28903e-01  6.47936e+00
    999.40  6584.6875  1.23413e+00  1.23413e+00  5.44503e-01  6.38495e+00
   1027.95  6585.3125  1.23128e+00  1.23128e+00  5.73876e-01  6.25662e+00
   1056.50  6585.9375  1.22843e+00  1.22844e+00  6.15224e-01  6.11537e+00
   1085.05  6586.5625  1.22558e+00  1.22558e+00  6.40532e-01  6.14056e+00
   1113.60  6587.1875  1.22273e+00  1.22273e+00  6.17375e-01  6.22646e+00
   1142.16  6587.8125  1.21988e+00  1.21988e+00  5.90189e-01  6.08849e+00
   1170.71  6588.4375  1.21703e+00  1.21702e+00  5.70380e-01  5.91059e+00
   1199.26  6589.0625  1.21418e+00  1.21418e+00  5.42770e-01  5.89205e+00
   1227.81  6589.6875  1.21134e+00  1.21134e+00  5.72927e-01  5.94951e+00
   1256.36  6590.3125  1.20851e+00  1.20850e+00  6.14276e-01  5.94457e+00
   1284.91  6590.9375  1.20568e+00  1.20568e+00  5.86255e-01  5.92208e+00
   1313.46  6591.5625  1.20287e+00  1.20287e+00  5.30039e-01  5.88304e+00
   1342.01  6592.1875  1.20006e+00  1.20006e+00  5.31613e-01  5.82132e+00
   1370.56  6592.8125  1.19727e+00  1.19726e+00  5.53349e-01  5.77021e+00
   1399.11  6593.4375  1.19449e+00  1.19448e+00  5.43606e-01  5.71439e+00
   1427.67  6594.0625  1.19172e+00  1.19172e+00  5.41308e-01  5.63137e+00
   1456.22  6594.6875  1.18896e+00  1.18896e+00  5.55716e-01  5.60972e+00
   1484.77  6595.3125  1.18622e+00  1.18622e+00  5.50831e-01  5.56924e+00
   1513.32  6595.9375  1.18350e+00  1.18349e+00  5.86930e-01  5.47223e+00
   1541.87  6596.5625  1.18079e+00  1.18078e+00  5.95704e-01  5.43417e+00
   1570.42  6597.1875  1.17809e+00  1.17809e+00  5.96297e-01  5.43896e+00
   1598.97  6597.8125  1.17541e+00  1.17541e+00  5.83612e-01  5.41282e+00
   1627.52  6598.4375  1.17275e+00  1.17275e+00  5.50001e-01  5.26930e+00
   1656.07  6599.0625  1.17011e+00  1.17010e+00  4.86614e-01  5.04229e+00
   1684.63  6599.6875  1.16748e+00  1.16747e+00  4.48320e-01  4.91318e+00
   1713.18  6600.3125  1.16487e+00  1.16486e+00  4.62931e-01  4.94604e+00
   1741.73  6600.9375  1.16227e+00  1.16227e+00  4.85806e-01  4.90720e+00
   1770.28  6601.5625  1.15970e+00  1.15969e+00  4.98852e-01  4.79524e+00
   1798.83  6602.1875  1.15714e+00  1.15713e+00  5.43557e-01  4.86806e+00
   1827.38  6602.8125  1.15460e+00  1.15460e+00  5.38209e-01  4.82628e+00
   1855.93  6603.4375  1.15208e+00  1.15207e+00  5.04884e-01  4.69936e+00
   1884.48  6604.0625  1.14958e+00  1.14957e+00  4.76090e-01  4.65422e+00
   1913.03  6604.6875  1.14709e+00  1.14708e+00  4.77829e-01  4.59379e+00
   1941.58  6605.3125  1.14462e+00  1.14462e+00  4.76718e-01  4.50560e+00
   1970.14  6605.9375  1.14218e+00  1.14217e+00  4.19596e-01  4.44480e+00
   1998.69  6606.5625  1.13975e+00  1.13974e+00  4.08926e-01  4.49143e+00
   2027.24  6607.1875  1.13733e+00  1.13733e+00  4.34963e-01  4.43080e+00
   2055.79  6607.8125  1.13494e+00  1.13493e+00  4.37044e-01  4.22701e+00
   2084.34  6608.4375  1.13256e+00  1.13255e+00  4.33606e-01  4.13018e+00
   2112.89  6609.0625  1.13020e+00  1.13020e+00  4.39077e-01  4.15502e+00
   2141.44  6609.6875  1.12786e+00  1.12786e+00  4.34573e-01  4.11166e+00
   2169.99  6610.3125  1.12554e+00  1.12553e+00  4.73113e-01  4.05789e+00
   2198.54  6610.9375  1.12324e+00  1.12323e+00  4.79556e-01  3.98362e+00
   2227.09  6611.5625  1.12095e+00  1.12095e+00  4.52033e-01  3.76741e+00
   2255.65  6612.1875  1.11868e+00  1.11867e+00  4.66203e-01  3.64794e+00
   2284.20  6612.8125  1.11643e+00  1.11642e+00  4.70940e-01  3.66550e+00
   2312.75  6613.4375  1.11419e+00  1.11418e+00  4.77761e-01  3.62269e+00
   2341.30  6614.0625  1.11197e+00  1.11197e+00  4.99286e-01  3.53397e+00
   2369.85  6614.6875  1.10977e+00  1.10977e+00  4.69817e-01  3.49231e+00
   2398.40  6615.3125  1.10759e+00  1.10758e+00  4.01499e-01  3.39962e+00
   2426.95  6615.9375  1.10542e+00  1.10542e+00  3.91024e-01  3.35948e+00
   2455.50  6616.5625  1.10327e+00  1.10326e+00  4.04525e-01  3.33428e+00
   2484.05  6617.1875  1.10114e+00  1.10113e+00  4.09233e-01  3.30654e+00
   2512.61  6617.8125  1.09902e+00  1.09901e+00  3.91426e-01  3.27975e+00
   2541.16  6618.4375  1.09692e+00  1.09691e+00  4.37709e-01  3.20551e+00
   2569.71  6619.0625  1.09483e+00  1.09482e+00  5.13417e-01  3.18373e+00
   2598.26  6619.6875  1.09276e+00  1.09275e+00  5.32239e-01  3.16403e+00
   2626.81  6620.3125  1.09070e+00  1.09070e+00  5.02792e-01  3.01993e+00
   2655.36  6620.9375  1.08866e+00  1.08866e+00  4.67906e-01  2.95867e+00
   2683.91  6621.5625  1.08664e+00  1.08664e+00  4.30176e-01  2.96962e+00
   2712.46  6622.1875  1.08463e+00  1.08463e+00  4.24772e-01  2.95313e+00
   2741.01  6622.8125  1.08264e+00  1.08263e+00  4.10297e-01  2.88421e+00
   2769.56  6623.4375  1.08066e+00  1.08065e+00  3.91980e-01  2.79495e+00
   2798.12  6624.0625  1.07869e+00  1.07869e+00  4.10380e-01  2.67626e+00
   2826.67  6624.6875  1.07674e+00  1.07674e+00  4.39817e-01  2.54541e+00
   2855.22  6625.3125  1.07481e+00  1.07480e+00  4.32288e-01  2.47358e+00
   2883.77  6625.9375  1.07288e+00  1.07288e+00  4.04107e-01  2.46094e+00
   2912.32  6626.5625  1.07098e+00  1.07097e+00  3.88986e-01  2.44308e+00
   2940.87  6627.1875  1.06909e+00  1.06908e+00  4.08402e-01  2.47370e+00
   2969.42  6627.8125  1.06721e+00  1.06720e+00  4.18105e-01  2.49701e+00
   2997.97  6628.4375  1.06534e+00  1.06534e+00  4.06911e-01  2.49399e+00
   3026.52  6629.0625  1.06349e+00  1.06348e+00  4.12615e-01  2.47232e+00
   3055.07  6629.6875  1.06165e+00  1.06164e+00  4.33352e-01  2.38166e+00
   3083.63  6630.3125  1.05982e+00  1.05982e+00  4.20153e-01  2.33331e+00
   3112.18  6630.9375  1.05801e+00  1.05800e+00  4.14702e-01  2.26295e+00
   3140.73  6631.5625  1.05621e+00  1.05620e+00  4.23027e-01  2.21043e+00
   3169.28  6632.1875  1.05442e+00  1.05442e+00  4.24040e-01  2.15239e+00
   3197.83  6632.8125  1.05265e+00  1.05264e+00  4.48233e-01  2.14038e+00
   3226.38  6633.4375  1.05089e+00  1.05088e+00  4.55400e-01  2.21209e+00
   3254.93  6634.0625  1.04914e+00  1.04913e+00  4.28295e-01  2.26019e+00
   3283.48  6634.6875  1.04741e+00  1.04740e+00  4.26303e-01  2.19192e+00
   3312.03  6635.3125  1.04568e+00  1.04568e+00  4.61449e-01  2.10615e+00
   3340.58  6635.9375  1.04398e+00  1.04397e+00  4.59354e-01  1.99583e+00
   3369.14  6636.5625  1.04228e+00  1.04227e+00  3.97891e-01  1.90129e+00
   3397.69  6637.1875  1.04060e+00  1.04060e+00  3.56720e-01  1.83187e+00
   3426.24  6637.8125  1.03893e+00  1.03893e+00  3.71682e-01  1.81186e+00
   3454.79  6638.4375  1.03728e+00  1.03728e+00  3.88071e-01  1.77700e+00
   3483.34  6639.0625  1.03564e+00  1.03564e+00  3.33825e-01  1.82531e+00
   3511.89  6639.6875  1.03402e+00  1.03402e+00  2.78554e-01  1.84111e+00
   3540.44  6640.3125  1.03242e+00  1.03241e+00  2.66684e-01  1.77568e+00
   3568.99  6640.9375  1.03083e+00  1.03082e+00  2.95237e-01  1.74112e+00
   3597.54  6641.5625  1.02926e+00  1.02925e+00  3.03513e-01  1.74425e+00
   3626.10  6642.1875  1.02771e+00  1.02770e+00  3.11891e-01  1.74518e+00
   3654.65  6642.8125  1.02618e+00  1.02617e+00  3.52957e-01  1.72793e+00
   3683.20  6643.4375  1.02467e+00  1.02466e+00  3.66855e-01  1.70662e+00
   3711.75  6644.0625  1.02318e+00  1.02317e+00  3.36459e-01  1.69651e+00
   3740.30  6644.6875  1.02171e+00  1.02171e+00  3.56777e-01  1.65453e+00
   3768.85  6645.3125  1.02027e+00  1.02026e+00  3.81528e-01  1.58067e+00
   3797.40  6645.9375  1.01886e+00  1.01885e+00  3.64943e-01  1.54542e+00
   3825.95  6646.5625  1.01747e+00  1.01746e+00  3.19498e-01  1.60031e+00
   3854.50  6647.1875  1.01611e+00  1.01610e+00  2.97535e-01  1.63506e+00
   3883.05  6647.8125  1.01478e+00  1.01477e+00  3.05195e-01  1.58405e+00
   3911.61  6648.4375  1.01348e+00  1.01346e+00  3.46975e-01  1.49123e+00
   3940.16  6649.0625  1.01222e+00  1.01220e+00  3.43895e-01  1.43623e+00
   3968.71  6649.6875  1.01104e+00  1.01100e+00  3.10497e-01  1.43233e+00
   3997.26  6650.3125  1.00997e+00  1.00992e+00  3.24332e-01  1.40661e+00
   4025.81  6650.9375  1.00900e+00  1.00896e+00  3.48024e-01  1.35036e+00
   4054.36  6651.5625  1.00813e+00  1.00809e+00  3.48338e-01  1.32548e+00
   4082.91  6652.1875  1.00734e+00  1.00731e+00  3.29257e-01  1.30967e+00
   4111.46  6652.8125  1.00662e+00  1.00659e+00  3.29060e-01  1.26016e+00
   4140.01  6653.4375  1.00596e+00  1.00594e+00  3.36247e-01  1.29553e+00
   4168.56  6654.0625  1.00537e+00  1.00535e+00  3.33814e-01  1.29879e+00
   4197.12  6654.6875  1.00483e+00  1.00481e+00  3.70089e-01  1.22877e+00
   4225.67  6655.3125  1.00435e+00  1.00433e+00  3.83392e-01  1.19621e+00
   4254.22  6655.9375  1.00392e+00  1.00391e+00  3.41654e-01  1.18222e+00
   4282.77  6656.5625  1.00352e+00  1.00351e+00  3.32372e-01  1.18378e+00
   4311.32  6657.1875  1.00316e+00  1.00315e+00  3.37588e-01  1.19195e+00
   4339.87  6657.8125  1.00283e+00  1.00282e+00  3.44932e-01  1.19402e+00
   4368.42  6658.4375  1.00253e+00  1.00252e+00  3.38491e-01  1.14203e+00
   4396.97  6659.0625  1.00226e+00  1.00225e+00  2.95694e-01  1.12162e+00
   4425.52  6659.6875  1.00202e+00  1.00201e+00  2.95286e-01  1.10800e+00
   4454.08  6660.3125  1.00181e+00  1.00180e+00  3.28070e-01  1.06932e+00
   4482.63  6660.9375  1.00161e+00  1.00160e+00  3.64983e-01  1.05066e+00
   4511.18  6661.5625  1.00143e+00  1.00143e+00  3.71003e-01  1.04345e+00
   4539.73  6662.1875  1.00128e+00  1.00127e+00  3.70255e-01  1.02360e+00
   4568.28  6662.8125  1.00114e+00  1.00113e+00  4.00696e-01  9.79519e-01
   4596.83  6663.4375  1.00101e+00  1.00101e+00  3.87654e-01  9.67866e-01
   4625.38  6664.0625  1.00090e+00  1.00090e+00  3.57357e-01  1.00116e+00
   4653.93  6664.6875  1.00080e+00  1.00080e+00  3.64937e-01  1.00391e+00
   4682.48  6665.3125  1.00071e+00  1.00071e+00  3.90579e-01  9.84397e-01
   4711.03  6665.9375  1.00064e+00  1.00063e+00  3.85656e-01  9.64160e-01
   4739.59  6666.5625  1.00057e+00  1.00056e+00  3.68835e-01  9.38487e-01
   4768.14  6667.1875  1.00050e+00  1.00050e+00  3.60056e-01  8.76791e-01
   4796.69  6667.8125  1.00045e+00  1.00045e+00  3.59835e-01  8.54339e-01
   4825.24  6668.4375  1.00040e+00  1.00040e+00  3.44837e-01  9.34219e-01
   4853.79  6669.0625  1.00036e+00  1.00036e+00  3.70455e-01  9.63995e-01
   4882.34  6669.6875  1.00032e+00  1.00032e+00  3.96116e-01  8.98710e-01
   4910.89  6670.3125  1.00029e+00  1.00029e+00  3.49238e-01  8.35590e-01
   4939.44  6670.9375  1.00026e+00  1.00026e+00  3.13597e-01  8.00220e-01
   4967.99  6671.5625  1.00023e+00  1.00023e+00  3.43378e-01  7.80677e-01
   4996.54  6672.1875  1.00021e+00  1.00020e+00  3.97264e-01  7.72302e-01
   5025.10  6672.8125  1.00018e+00  1.00018e+00  3.88451e-01  7.59449e-01
   5053.65  6673.4375  1.00016e+00  1.00016e+00  3.63353e-01  7.92051e-01
   5082.20  6674.0625  1.00015e+00  1.00015e+00  3.78462e-01  8.22892e-01
   5110.75  6674.6875  1.00013e+00  1.00013e+00  3.99192e-01  8.03634e-01
   5139.30  6675.3125  1.00011e+00  1.00011e+00  3.69362e-01  7.70184e-01
   5167.85  6675.9375  1.00010e+00  1.00010e+00  3.58663e-01  7.44452e-01
   5196.40  6676.5625  1.00009e+00  1.00009e+00  3.55542e-01  7.19504e-01
   5224.95  6677.1875  1.00008e+00  1.00008e+00  3.24714e-01  6.95647e-01
   5253.50  6677.8125  1.00007e+00  1.00007e+00  3.10287e-01  6.64726e-01
   5282.06  6678.4375  1.00007e+00  1.00007e+00  3.27541e-01  6.36550e-01
   5310.61  6679.0625  1.00006e+00  1.00006e+00  3.79096e-01  6.09050e-01
   5339.16  6679.6875  1.00006e+00  1.00006e+00  4.18876e-01  5.95172e-01
   5367.71  6680.3125  1.00005e+00  1.00005e+00  3.86656e-01  6.14300e-01
   5396.26  6680.9375  1.00005e+00  1.00005e+00  3.50314e-01  6.48504e-01
   5424.81  6681.5625  1.00004e+00  1.00004e+00  3.53914e-01  6.09221e-01
   5453.36  6682.1875  1.00004e+00  1.00004e+00  3.62357e-01  5.75316e-01
   5481.91  6682.8125  1.00004e+00  1.00004e+00  3.67374e-01  5.94340e-01
   5510.46  6683.4375  1.00003e+00  1.00003e+00  3.43626e-01  5.79375e-01
   5539.01  6684.0625  1.00003e+00  1.00003e+00  3.37839e-01  5.74917e-01
   5567.57  6684.6875  1.00003e+00  1.00003e+00  3.22375e-01  5.63052e-01
   5596.12  6685.3125  1.00003e+00  1.00003e+00  3.07120e-01  5.42066e-01
   5624.67  6685.9375  1.00003e+00  1.00003e+00  3.50866e-01  5.18525e-01
   5653.22  6686.5625  1.00002e+00  1.00002e+00  3.56036e-01  5.05481e-01
   5681.77  6687.1875  1.00002e+00  1.00002e+00  3.36924e-01  4.89532e-01
   5710.32  6687.8125  1.00002e+00  1.00002e+00  3.35200e-01  5.12965e-01
   5738.87  6688.4375  1.00002e+00  1.00002e+00  3.33936e-01  5.49011e-01
   5767.42  6689.0625  1.00002e+00  1.00002e+00  3.21670e-01  5.24180e-01
   5795.97  6689.6875  1.00002e+00  1.00002e+00  3.15153e-01  4.78427e-01
   5824.52  6690.3125  1.00001e+00  1.00001e+00  3.23470e-01  4.44927e-01
   5853.08  6690.9375  1.00001e+00  1.00001e+00  3.45984e-01  4.29183e-01
   5881.63  6691.5625  1.00001e+00  1.00001e+00  3.26239e-01  4.31794e-01
   5910.18  6692.1875  1.00001e+00  1.00001e+00  3.16787e-01  4.61814e-01
   5938.73  6692.8125  1.00001e+00  1.00001e+00  3.24145e-01  4.70882e-01
   5967.28  6693.4375  1.00001e+00  1.00001e+00  3.27622e-01  4.70238e-01
   5995.83  6694.0625  1.00001e+00  1.00001e+00  3.26702e-01  4.72476e-01
   6024.38  6694.6875  1.00001e+00  1.00001e+00  3.41103e-01  4.25121e-01
   6052.93  6695.3125  1.00001e+00  1.00001e+00  3.26589e-01  3.83720e-01
   6081.48  6695.9375  1.00001e+00  1.00001e+00  3.10930e-01  3.86877e-01
   6110.04  6696.5625  1.00000e+00  1.00000e+00  3.17235e-01  3.89317e-01
   6138.59  6697.1875  1.00000e+00  1.00000e+00  3.17910e-01  3.93857e-01
   6167.14  6697.8125  1.00000e+00  1.00000e+00  3.01352e-01  4.24963e-01
   6195.69  6698.4375  1.00000e+00  1.00000e+00  3.22063e-01  4.42307e-01
   6224.24  6699.0625  1.00000e+00  1.00000e+00  3.54151e-01  4.06000e-01
   6252.79  6699.6875  1.00000e+00  1.00000e+00  3.40855e-01  3.88429e-01
   6281.34  6700.3125  1.00000e+00  1.00000e+00  3.30216e-01  3.66728e-01
   6309.89  6700.9375  1.00000e+00  1.00000e+00  3.44828e-01  3.65536e-01
   6338.44  6701.5625  1.00000e+00  1.00000e+00  3.48279e-01  3.56153e-01
   6366.99  6702.1875  1.00000e+00  1.00000e+00  3.38323e-01  3.66863e-01
   6395.55  6702.8125  1.00000e+00  1.00000e+00  3.28307e-01  3.54005e-01
   6424.10  6703.4375  1.00000e+00  1.00000e+00  2.97278e-01  3.42549e-01
   6452.65  6704.0625  1.00000e+00  1.00000e+00  2.71605e-01  3.18478e-01
   6481.20  6704.6875  1.00000e+00  1.00000e+00  2.72559e-01  2.78396e-01
   6509.75  6705.3125  1.00000e+00  1.00000e+00  3.00667e-01  2.79780e-01
   6538.30  6705.9375  1.00000e+00  1.00000e+00  3.19098e-01  2.99921e-01
   6566.85  6706.5625  1.00000e+00  1.00000e+00  3.39011e-01  2.88239e-01
   6595.40  6707.1875  1.00000e+00  1.00000e+00  3.58096e-01  2.95346e-01
   6623.95  6707.8125  1.00000e+00  1.00000e+00  3.42807e-01  3.09874e-01
   6652.50  6708.4375  1.00000e+00  1.00000e+00  3.19247e-01  3.26099e-01
   6681.06  6709.0625  1.00000e+00  1.00000e+00  3.09499e-01  3.40231e-01
   6709.61  6709.6875  1.00000e+00  1.00000e+00  3.30836e-01  3.12333e-01
   6738.16  6710.3125  1.00000e+00  1.00000e+00  3.33535e-01  2.96666e-01
   6766.71  6710.9375  1.00000e+00  1.00000e+00  3.29585e-01  3.12784e-01
   6795.26  6711.5625  1.00000e+00  1.00000e+00  3.32413e-01  3.07446e-01
   6823.81  6712.1875  1.00000e+00  1.00000e+00  3.18678e-01  2.69072e-01
   6852.36  6712.8125  1.00000e+00  1.00000e+00  3.01818e-01  2.68616e-01
   6880.91  6713.4375  1.00000e+00  1.00000e+00  3.45874e-01  2.62826e-01
   6909.46  6714.0625  1.00000e+00  1.00000e+00  3.80900e-01  2.45412e-01
   6938.02  6714.6875  1.00000e+00  1.00000e+00  3.77984e-01  2.38687e-01
   6966.57  6715.3125  1.00000e+00  1.00000e+00  3.59592e-01  2.55220e-01
   6995.12  6715.9375  1.00000e+00  1.00000e+00  3.08839e-01  2.58377e-01
   7023.67  6716.5625  1.00000e+00  1.00000e+00  3.06868e-01  2.24206e-01
   7052.22  6717.1875  1.00000e+00  1.00000e+00  3.41620e-01  2.06706e-01
   7080.77  6717.8125  1.00000e+00  1.00000e+00  3.59952e-01  2.07185e-01
   7109.32  6718.4375  1.00000e+00  1.00000e+00  3.44946e-01  2.08161e-01
   7137.87  6719.0625  1.00000e+00  1.00000e+00  3.19737e-01  1.93965e-01
   7166.42  6719.6875  1.00000e+00  1.00000e+00  3.20366e-01  1.90735e-01
   7194.97  6720.3125  1.00000e+00  1.00000e+00  3.07354e-01  2.07793e-01
   7223.53  6720.9375  1.00000e+00  1.00000e+00  3.10462e-01  2.07125e-01
   7252.08  6721.5625  1.00000e+00  1.00000e+00  3.07828e-01  1.94103e-01
   7280.63  6722.1875  1.00000e+00  1.00000e+00  2.98657e-01  1.81638e-01
   7309.18  6722.8125  1.00000e+00  1.00000e+00  3.24029e-01  1.82177e-01
   7337.73  6723.4375  1.00000e+00  1.00000e+00  3.65060e-01  2.13582e-01
   7366.28  6724.0625  1.00000e+00  1.00000e+00  3.69490e-01  2.29512e-01
   7394.83  6724.6875  1.00000e+00  1.00000e+00  3.43928e-01  2.19663e-01
   7423.38  6725.3125  1.00000e+00  1.00000e+00  3.28654e-01  1.95784e-01
   7451.93  6725.9375  1.00000e+00  1.00000e+00  3.24676e-01  1.81582e-01
   7480.48  6726.5625  1.00000e+00  1.00000e+00  3.09773e-01  1.92570e-01
   7509.04  6727.1875  1.00000e+00  1.00000e+00  3.24981e-01  1.95751e-01
   7537.59  6727.8125  1.00000e+00  1.00000e+00  3.55130e-01  1.97007e-01
   7566.14  6728.4375  1.00000e+00  1.00000e+00  3.57124e-01  1.97298e-01
   7594.69  6729.0625  1.00000e+00  1.00000e+00  3.69619e-01  1.99741e-01
   7623.24  6729.6875  1.00000e+00  1.00000e+00  3.83239e-01  1.90890e-01
   7651.79  6730.3125  1.00000e+00  1.00000e+00  3.67870e-01  1.62400e-01
   7680.34  6730.9375  1.00000e+00  1.00000e+00  3.26432e-01  1.59529e-01
   7708.89  6731.5625  1.00000e+00  1.00000e+00  3.04351e-01  1.72849e-01
   7737.44  6732.1875  1.00000e+00  1.00000e+00  2.87327e-01  1.64143e-01
   7765.99  6732.8125  1.00000e+00  1.00000e+00  2.95633e-01  1.73436e-01
   7794.55  6733.4375  1.00000e+00  1.00000e+00  3.34793e-01  1.85119e-01
   7823.10  6734.0625  1.00000e+00  1.00000e+00  3.71053e-01  1.74108e-01
   7851.65  6734.6875  1.00000e+00  1.00000e+00  3.71129e-01  1.44785e-01
   7880.20  6735.3125  1.00000e+00  1.00000e+00  3.68014e-01  1.29332e-01
   7908.75  6735.9375  1.00000e+00  1.00000e+00  3.54136e-01  1.27678e-01
   7937.30  6736.5625  1.00000e+00  1.00000e+00  3.30268e-01  1.24411e-01
   7965.85  6737.1875  1.00000e+00  1.00000e+00  3.45146e-01  1.19967e-01
   7994.40  6737.8125  1.00000e+00  1.00000e+00  3.83384e-01  1.20614e-01
   8022.95  6738.4375  1.00000e+00  1.00000e+00  3.77262e-01  1.31646e-01
   8051.51  6739.0625  1.00000e+00  1.00000e+00  3.84420e-01  1.34104e-01
   8080.06  6739.6875  1.00000e+00  1.00000e+00  4.21363e-01  1.25486e-01
   8108.61  6740.3125  1.00000e+00  1.00000e+00  3.89503e-01  1.14565e-01
   8137.16  6740.9375  1.00000e+00  1.00000e+00  3.56608e-01  1.26852e-01
   8165.71  6741.5625  1.00000e+00  1.00000e+00  3.65611e-01  1.41968e-01
   8194.26  6742.1875  1.00000e+00  1.00000e+00  3.55246e-01  1.25328e-01
   8222.81  6742.8125  1.00000e+00  1.00000e+00  3.86970e-01  9.73680e-02
   8251.36  6743.4375  1.00000e+00  1.00000e+00  4.09596e-01  8.62271e-02
   8279.91  6744.0625  1.00000e+00  1.00000e+00  3.66195e-01  8.68997e-02
   8308.46  6744.6875  1.00000e+00  1.00000e+00  3.32310e-01  8.62353e-02
   8337.02  6745.3125  1.00000e+00  1.00000e+00  3.24360e-01  9.54862e-02
   8365.57  6745.9375  1.00000e+00  1.00000e+00  3.27209e-01  1.00402e-01
   8394.12  6746.5625  1.00000e+00  1.00000e+00  3.58233e-01  9.83242e-02
   8422.67  6747.1875  1.00000e+00  1.00000e+00  4.02555e-01  8.83189e-02
   8451.22  6747.8125  1.00000e+00  1.00000e+00  3.78362e-01  9.13094e-02
   8479.77  6748.4375  1.00000e+00  1.00000e+00  3.40487e-01  9.35518e-02
   8508.32  6749.0625  1.00000e+00  1.00000e+00  3.41598e-01  8.41961e-02
   8536.87  6749.6875  1.00000e+00  1.00000e+00  3.36403e-01  7.70231e-02
   8565.42  6750.3125  1.00000e+00  1.00000e+00  3.34537e-01  8.25311e-02
   8593.97  6750.9375  1.00000e+00  1.00000e+00  3.56911e-01  9.12518e-02
   8622.53  6751.5625  1.00000e+00  1.00000e+00  3.84548e-01  8.45027e-02
   8651.08  6752.1875  1.00000e+00  1.00000e+00  4.09640e-01  7.36500e-02
   8679.63  6752.8125  1.00000e+00  1.00000e+00  3.81970e-01  7.74083e-02
   8708.18  6753.4375  1.00000e+00  1.00000e+00  3.26543e-01  7.97523e-02
   8736.73  6754.0625  1.00000e+00  1.00000e+00  3.27452e-01  6.68822e-02
   8765.28  6754.6875  1.00000e+00  1.00000e+00  3.59189e-01  5.01732e-02
   8793.83  6755.3125  1.00000e+00  1.00000e+00  3.18804e-01  5.02661e-02
   8822.38  6755.9375  1.00000e+00  1.00000e+00  3.20067e-01  6.10898e-02
   8850.93  6756.5625  1.00000e+00  1.00000e+00  3.69277e-01  6.80854e-02
   8879.49  6757.1875  1.00000e+00  1.00000e+00  3.58386e-01  7.26664e-02
   8908.04  6757.8125  1.00000e+00  1.00000e+00  3.20993e-01  8.05712e-02
   8936.59  6758.4375  1.00000e+00  1.00000e+00  3.11488e-01  8.58258e-02
   8965.14  6759.0625  1.00000e+00  1.00000e+00  3.49222e-01  8.36295e-02
   8993.69  6759.6875  1.00000e+00  1.00000e+00  3.66516e-01  7.53491e-02
   9022.24  6760.3125  1.00000e+00  1.00000e+00  3.48985e-01  6.86276e-02
   9050.79  6760.9375  1.00000e+00  1.00000e+00  3.48927e-01  5.88856e-02
   9079.34  6761.5625  1.00000e+00  1.00000e+00  3.47693e-01  4.46694e-02
   9107.89  6762.1875  1.00000e+00  1.00000e+00  3.40199e-01  4.96786e-02
   9136.44  6762.8125  1.00000e+00  1.00000e+00  3.20075e-01  5.29125e-02
   9165.00  6763.4375  1.00000e+00  1.00000e+00  3.08305e-01  6.15797e-02
   9193.55  6764.0625  1.00000e+00  1.00000e+00  3.44335e-01  7.22900e-02
   9222.10  6764.6875  1.00000e+00  1.00000e+00  3.75477e-01  6.69873e-02
   9250.65  6765.3125  1.00000e+00  1.00000e+00  3.76447e-01  6.18235e-02
   9279.20  6765.9375  1.00000e+00  1.00000e+00  3.56742e-01  5.83941e-02
   9307.75  6766.5625  1.00000e+00  1.00000e+00  3.49635e-01  5.96126e-02
   9336.30  6767.1875  1.00000e+00  1.00000e+00  3.34411e-01  6.46603e-02
   9364.85  6767.8125  1.00000e+00  1.00000e+00  3.37624e-01  6.98601e-02
   9393.40  6768.4375  1.00000e+00  1.00000e+00  3.44375e-01  7.98430e-02
   9421.95  6769.0625  1.00000e+00  1.00000e+00  3.13089e-01  6.89829e-02
   9450.51  6769.6875  1.00000e+00  1.00000e+00  2.74197e-01  5.60631e-02
   9479.06  6770.3125  1.00000e+00  1.00000e+00  2.78111e-01  5.55961e-02
   9507.61  6770.9375  1.00000e+00  1.00000e+00  2.94459e-01  5.76004e-02
   9536.16  6771.5625  1.00000e+00  1.00000e+00  2.86236e-01  6.75494e-02
   9564.71  6772.1875  1.00000e+00  1.00000e+00  2.90357e-01  7.60320e-02
   9593.26  6772.8125  1.00000e+00  1.00000e+00  3.27428e-01  7.21421e-02
   9621.81  6773.4375  1.00000e+00  1.00000e+00  3.70447e-01  7.75216e-02
   9650.36  6774.0625  1.00000e+00  1.00000e+00  3.57737e-01  8.56424e-02
   9678.91  6774.6875  1.00000e+00  1.00000e+00  3.10945e-01  7.83781e-02
   9707.47  6775.3125  1.00000e+00  1.00000e+00  3.02325e-01  8.59688e-02
   9736.02  6775.9375  1.00000e+00  1.00000e+00  3.06990e-01  1.04221e-01
   9764.57  6776.5625  1.00000e+00  1.00000e+00  3.11887e-01  8.54174e-02
   9793.12  6777.1875  1.00000e+00  1.00000e+00  3.36735e-01  6.90245e-02
   9821.67  6777.8125  1.00000e+00  1.00000e+00  3.74126e-01  7.98879e-02
   9850.22  6778.4375  1.00000e+00  1.00000e+00  3.78777e-01  8.29013e-02
   9878.77  6779.0625  1.00000e+00  1.00000e+00  3.60702e-01  7.07337e-02
   9907.32  6779.6875  1.00000e+00  1.00000e+00  3.38073e-01  5.56306e-02
   9935.87  6780.3125  1.00000e+00  1.00000e+00  3.31535e-01  5.08442e-02
   9964.42  6780.9375  1.00000e+00  1.00000e+00  3.04213e-01  4.91006e-02
   9992.98  6781.5625  1.00000e+00  1.00000e+00  2.86787e-01  4.51361e-02
  10021.53  6782.1875  1.00000e+00  1.00000e+00  3.44382e-01  3.94379e-02
  10050.08  6782.8125  1.00000e+00  1.00000e+00  3.85130e-01  3.93871e-02
  10078.63  6783.4375  1.00000e+00  1.00000e+00  3.68082e-01  5.05564e-02
  10107.18  6784.0625  1.00000e+00  1.00000e+00  3.39835e-01  6.24314e-02
  10135.73  6784.6875  1.00000e+00  1.00000e+00  3.29641e-01  6.85480e-02
  10164.28  6785.3125  1.00000e+00  1.00000e+00  3.15385e-01  5.24532e-02
  10192.83  6785.9375  1.00000e+00  1.00000e+00  3.04382e-01  3.65868e-02
  10221.38  6786.5625  1.00000e+00  1.00000e+00  2.97835e-01  2.99841e-02
  10249.93  6787.1875  1.00000e+00  1.00000e+00  2.83368e-01  2.41886e-02
  10278.49  6787.8125  1.00000e+00  1.00000e+00  2.88824e-01  2.73315e-02
  10307.04  6788.4375  1.00000e+00  1.00000e+00  3.21577e-01  2.82451e-02
  10335.59  6789.0625  1.00000e+00  1.00000e+00  3.13645e-01  3.33978e-02
  10364.14  6789.6875  1.00000e+00  1.00000e+00  2.85861e-01  5.50301e-02
  10392.69  6790.3125  1.00000e+00  1.00000e+00  3.01157e-01  6.10903e-02
  10421.24  6790.9375  1.00000e+00  1.00000e+00  3.22111e-01  4.04405e-02
  10449.79  6791.5625  1.00000e+00  1.00000e+00  2.88871e-01  2.51568e-02
  10478.34  6792.1875  1.00000e+00  1.00000e+00  3.04882e-01  2.17148e-02
  10506.89  6792.8125  1.00000e+00  1.00000e+00  3.40175e-01  2.21690e-02
  10535.45  6793.4375  1.00000e+00  1.00000e+00  3.77469e-01  2.24279e-02
  10564.00  6794.0625  1.00000e+00  1.00000e+00  3.90329e-01  2.93392e-02
  10592.55  6794.6875  1.00000e+00  1.00000e+00  3.74110e-01  4.01072e-02
  10621.10  6795.3125  1.00000e+00  1.00000e+00  3.67838e-01  4.09681e-02
  10649.65  6795.9375  1.00000e+00  1.00000e+00  3.46502e-01  3.08005e-02
  10678.20  6796.5625  1.00000e+00  1.00000e+00  3.37421e-01  3.17468e-02
  10706.75  6797.1875  1.00000e+00  1.00000e+00  3.58776e-01  4.52890e-02
  10735.30  6797.8125  1.00000e+00  1.00000e+00  3.88512e-01  4.69950e-02
  10763.85  6798.4375  1.00000e+00  1.00000e+00  3.90323e-01  4.29204e-02
  10792.40  6799.0625  1.00000e+00  1.00000e+00  3.29858e-01  3.71342e-02
  10820.96  6799.6875  1.00000e+00  1.00000e+00  2.83283e-01  3.09346e-02
  10849.51  6800.3125  1.00000e+00  1.00000e+00  2.95050e-01  1.97935e-02
  10878.06  6800.9375  1.00000e+00  1.00000e+00  3.33355e-01  1.10850e-02
  10906.61  6801.5625  1.00000e+00  1.00000e+00  3.91594e-01  9.38709e-03
  10935.16  6802.1875  1.00000e+00  1.00000e+00  3.76714e-01  1.58611e-02
  10963.71  6802.8125  1.00000e+00  1.00000e+00  3.61755e-01  2.24855e-02
  10992.26  6803.4375  1.00000e+00  1.00000e+00  3.67312e-01  2.21919e-02
  11020.81  6804.0625  1.00000e+00  1.00000e+00  3.82714e-01  1.79500e-02
  11049.36  6804.6875  1.00000e+00  1.00000e+00  3.90666e-01  1.45281e-02
  11077.91  6805.3125  1.00000e+00  1.00000e+00  3.87805e-01  1.23107e-02
  11106.47  6805.9375  1.00000e+00  1.00000e+00  3.95284e-01  1.14413e-02
  11135.02  6806.5625  1.00000e+00  1.00000e+00  3.76420e-01  1.27105e-02
  11163.57  6807.1875  1.00000e+00  1.00000e+00  3.64378e-01  1.12342e-02
  11192.12  6807.8125  1.00000e+00  1.00000e+00  3.51182e-01  1.11834e-02
  11220.67  6808.4375  1.00000e+00  1.00000e+00  3.37717e-01  1.29201e-02
  11249.22  6809.0625  1.00000e+00  1.00000e+00  3.35194e-01  1.37849e-02
  11277.77  6809.6875  1.00000e+00  1.00000e+00  3.48994e-01  1.26257e-02
  11306.32  6810.3125  1.00000e+00  1.00000e+00  3.84939e-01  8.84253e-03
  11334.87  6810.9375  1.00000e+00  1.00000e+00  3.86270e-01  9.58190e-03
  11363.43  6811.5625  1.00000e+00  1.00000e+00  3.57881e-01  1.34980e-02
  11391.98  6812.1875  1.00000e+00  1.00000e+00  3.39302e-01  1.68521e-02
  11420.53  6812.8125  1.00000e+00  1.00000e+00  3.51656e-01  1.19947e-02
  11449.08  6813.4375  1.00000e+00  1.00000e+00  4.07481e-01  1.09357e-02
  11477.63  6814.0625  1.00000e+00  1.00000e+00  4.31813e-01  1.55527e-02
  11506.18  6814.6875  1.00000e+00  1.00000e+00  3.67893e-01  2.02208e-02
  11534.73  6815.3125  1.00000e+00  1.00000e+00  3.29115e-01  1.78537e-02
  11563.28  6815.9375  1.00000e+00  1.00000e+00  3.29108e-01  1.16124e-02
  11591.83  6816.5625  1.00000e+00  1.00000e+00  3.53405e-01  1.60899e-02
  11620.38  6817.1875  1.00000e+00  1.00000e+00  3.55309e-01  2.09390e-02
  11648.94  6817.8125  1.00000e+00  1.00000e+00  3.31198e-01  1.61886e-02
  11677.49  6818.4375  1.00000e+00  1.00000e+00  3.31523e-01  1.43497e-02
  11706.04  6819.0625  1.00000e+00  1.00000e+00  3.46637e-01  1.48564e-02
  11734.59  6819.6875  1.00000e+00  1.00000e+00  3.28935e-01  1.13150e-02
  11763.14  6820.3125  1.00000e+00  1.00000e+00  3.22144e-01  8.10776e-03
  11791.69  6820.9375  1.00000e+00  1.00000e+00  3.70589e-01  9.60535e-03
  11820.24  6821.5625  1.00000e+00  1.00000e+00  4.31739e-01  1.16838e-02
  11848.79  6822.1875  1.00000e+00  1.00000e+00  4.32208e-01  6.15364e-03
  11877.34  6822.8125  1.00000e+00  1.00000e+00  4.02161e-01  4.92741e-03
  11905.89  6823.4375  1.00000e+00  1.00000e+00  3.92260e-01  8.08396e-03
  11934.45  6824.0625  1.00000e+00  1.00000e+00  3.74166e-01  6.33391e-03
  11963.00  6824.6875  1.00000e+00  1.00000e+00  3.33020e-01  6.55261e-03
  11991.55  6825.3125  1.00000e+00  1.00000e+00  2.85839e-01  9.03493e-03
  12020.10  6825.9375  1.00000e+00  1.00000e+00  2.99845e-01  1.39812e-02
  12048.65  6826.5625  1.00000e+00  1.00000e+00  3.31488e-01  1.61566e-02
  12077.20  6827.1875  1.00000e+00  1.00000e+00  3.30371e-01  1.18308e-02
  12105.75  6827.8125  1.00000e+00  1.00000e+00  2.94937e-01  1.13515e-02
  12134.30  6828.4375  1.00000e+00  1.00000e+00  2.86807e-01  1.19594e-02
  12162.85  6829.0625  1.00000e+00  1.00000e+00  2.99716e-01  6.32654e-03
  12191.40  6829.6875  1.00000e+00  1.00000e+00  2.96752e-01  3.18507e-03
  12219.96  6830.3125  1.00000e+00  1.00000e+00  2.97003e-01  4.34784e-03
  12248.51  6830.9375  1.00000e+00  1.00000e+00  3.22352e-01  1.08139e-02
  12277.06  6831.5625  1.00000e+00  1.00000e+00  3.51539e-01  1.58366e-02
  12305.61  6832.1875  1.00000e+00  1.00000e+00  3.43432e-01  1.11513e-02
  12334.16  6832.8125  1.00000e+00  1.00000e+00  3.35458e-01  6.79993e-03
  12362.71  6833.4375  1.00000e+00  1.00000e+00  3.67802e-01  1.15860e-02
  12391.26  6834.0625  1.00000e+00  1.00000e+00  3.66291e-01  1.50871e-02
  12419.81  6834.6875  1.00000e+00  1.00000e+00  3.37117e-01  1.10880e-02
  12448.36  6835.3125  1.00000e+00  1.00000e+00  3.38180e-01  1.13884e-02
  12476.92  6835.9375  1.00000e+00  1.00000e+00  3.54758e-01  1.10924e-02
  12505.47  6836.5625  1.00000e+00  1.00000e+00  3.46263e-01  5.77094e-03
  12534.02  6837.1875  1.00000e+00  1.00000e+00  3.10184e-01  1.60139e-03
  12562.57  6837.8125  1.00000e+00  1.00000e+00  2.76832e-01  1.47591e-03
  12591.12  6838.4375  1.00000e+00  1.00000e+00  2.83275e-01  4.19659e-03
  12619.67  6839.0625  1.00000e+00  1.00000e+00  2.84659e-01  5.61671e-03
  12648.22  6839.6875  1.00000e+00  1.00000e+00  3.12763e-01  4.50972e-03
  12676.77  6840.3125  1.00000e+00  1.00000e+00  3.44122e-01  5.08995e-03
  12705.32  6840.9375  1.00000e+00  1.00000e+00  3.12488e-01  7.47587e-03
  12733.87  6841.5625  1.00000e+00  1.00000e+00  2.78583e-01  1.10552e-02
  12762.43  6842.1875  1.00000e+00  1.00000e+00  2.88339e-01  7.07071e-03
  12790.98  6842.8125  1.00000e+00  1.00000e+00  2.89166e-01  2.96792e-03
  12819.53  6843.4375  1.00000e+00  1.00000e+00  2.70615e-01  1.83764e-03
  12848.08  6844.0625  1.00000e+00  1.00000e+00  2.78279e-01  4.45887e-03
  12876.63  6844.6875  1.00000e+00  1.00000e+00  2.84170e-01  8.50934e-03
  12905.18  6845.3125  1.00000e+00  1.00000e+00  2.61687e-01  7.83377e-03
  12933.73  6845.9375  1.00000e+00  1.00000e+00  2.40891e-01  6.77806e-03
  12962.28  6846.5625  1.00000e+00  1.00000e+00  2.37455e-01  7.69470e-03
  12990.83  6847.1875  1.00000e+00  1.00000e+00  2.43429e-01  7.48540e-03
  13019.38  6847.8125  1.00000e+00  1.00000e+00  2.62235e-01  3.21839e-03
  13047.94  6848.4375  1.00000e+00  1.00000e+00  2.97535e-01  7.12277e-04
  13076.49  6849.0625  1.00000e+00  1.00000e+00  3.07794e-01  2.02561e-03
  13105.04  6849.6875  1.00000e+00  1.00000e+00  2.91999e-01  4.06122e-03
  13133.59  6850.3125  1.00000e+00  1.00000e+00  2.98050e-01  3.55312e-03
  13162.14  6850.9375  1.00000e+00  1.00000e+00  3.09532e-01  5.41903e-03
  13190.69  6851.5625  1.00000e+00  1.00000e+00  2.93172e-01  1.03611e-02
  13219.24  6852.1875  1.00000e+00  1.00000e+00  3.04127e-01  1.27573e-02
  13247.79  6852.8125  1.00000e+00  1.00000e+00  3.56759e-01  8.33764e-03
  13276.34  6853.4375  1.00000e+00  1.00000e+00  3.90089e-01  5.45164e-03
  13304.90  6854.0625  1.00000e+00  1.00000e+00  3.76654e-01  1.01051e-02
  13333.45  6854.6875  1.00000e+00  1.00000e+00  3.51709e-01  1.33772e-02
  13362.00  6855.3125  1.00000e+00  1.00000e+00  3.32935e-01  8.46824e-03
  13390.55  6855.9375  1.00000e+00  1.00000e+00  3.30261e-01  3.40471e-03
  13419.10  6856.5625  1.00000e+00  1.00000e+00  3.26484e-01  2.43283e-03
  13447.65  6857.1875  1.00000e+00  1.00000e+00  3.35201e-01  5.08653e-03
  13476.20  6857.8125  1.00000e+00  1.00000e+00  3.31814e-01  8.96302e-03
  13504.75  6858.4375  1.00000e+00  1.00000e+00  3.15210e-01  1.21976e-02
  13533.30  6859.0625  1.00000e+00  1.00000e+00  2.82328e-01  1.29395e-02
  13561.85  6859.6875  1.00000e+00  1.00000e+00  2.79133e-01  1.04698e-02
  13590.41  6860.3125  1.00000e+00  1.00000e+00  2.99692e-01  5.84690e-03
  13618.96  6860.9375  1.00000e+00  1.00000e+00  2.95361e-01  7.24220e-03
  13647.51  6861.5625  1.00000e+00  1.00000e+00  2.84782e-01  1.18710e-02
  13676.06  6862.1875  1.00000e+00  1.00000e+00  2.94701e-01  1.11760e-02
  13704.61  6862.8125  1.00000e+00  1.00000e+00  3.45723e-01  6.03749e-03
  13733.16  6863.4375  1.00000e+00  1.00000e+00  3.47141e-01  2.66934e-03
  13761.71  6864.0625  1.00000e+00  1.00000e+00  2.90365e-01  2.24131e-03
  13790.26  6864.6875  1.00000e+00  1.00000e+00  3.06543e-01  1.38371e-03
  13818.81  6865.3125  1.00000e+00  1.00000e+00  3.73939e-01  2.57592e-03
  13847.36  6865.9375  1.00000e+00  1.00000e+00  4.01411e-01  6.80800e-03
  13875.92  6866.5625  1.00000e+00  1.00000e+00  3.78714e-01  1.04980e-02
  13904.47  6867.1875  1.00000e+00  1.00000e+00  3.40149e-01  1.14513e-02
  13933.02  6867.8125  1.00000e+00  1.00000e+00  3.44898e-01  7.18318e-03
  13961.57  6868.4375  1.00000e+00  1.00000e+00  3.54972e-01  4.49654e-03
  13990.12  6869.0625  1.00000e+00  1.00000e+00  3.69149e-01  8.05117e-03
  14018.67  6869.6875  1.00000e+00  1.00000e+00  3.73068e-01  1.12070e-02
  14047.22  6870.3125  1.00000e+00  1.00000e+00  3.65611e-01  8.24263e-03
  14075.77  6870.9375  1.00000e+00  1.00000e+00  3.75700e-01  3.14314e-03
  14104.32  6871.5625  1.00000e+00  1.00000e+00  3.49970e-01  3.25844e-03
  14132.88  6872.1875  1.00000e+00  1.00000e+00  3.05639e-01  8.50699e-03
  14161.43  6872.8125  1.00000e+00  1.00000e+00  3.26229e-01  1.00036e-02
  14189.98  6873.4375  1.00000e+00  1.00000e+00  3.92375e-01  4.46839e-03
  14218.53  6874.0625  1.00000e+00  1.00000e+00  4.10218e-01  1.04465e-03
  14247.08  6874.6875  1.00000e+00  1.00000e+00  3.74852e-01  1.41256e-03
  14275.63  6875.3125  1.00000e+00  1.00000e+00  3.41145e-01  2.88641e-03
  14304.18  6875.9375  1.00000e+00  1.00000e+00  3.37258e-01  4.52664e-03
  14332.73  6876.5625  1.00000e+00  1.00000e+00  3.08512e-01  6.45834e-03
  14361.28  6877.1875  1.00000e+00  1.00000e+00  2.58416e-01  4.94027e-03
  14389.83  6877.8125  1.00000e+00  1.00000e+00  2.45749e-01  4.10205e-03
  14418.39  6878.4375  1.00000e+00  1.00000e+00  2.66335e-01  2.87732e-03
  14446.94  6879.0625  1.00000e+00  1.00000e+00  3.11915e-01  2.34445e-03
  14475.49  6879.6875  1.00000e+00  1.00000e+00  3.53867e-01  1.94822e-03
  14504.04  6880.3125  1.00000e+00  1.00000e+00  3.63412e-01  2.37680e-03
  14532.59  6880.9375  1.00000e+00  1.00000e+00  3.79146e-01  3.75772e-03
  14561.14  6881.5625  1.00000e+00  1.00000e+00  3.68995e-01  5.68985e-03
  14589.69  6882.1875  1.00000e+00  1.00000e+00  3.12521e-01  4.05299e-03
  14618.24  6882.8125  1.00000e+00  1.00000e+00  2.72748e-01  1.47941e-03
  14646.79  6883.4375  1.00000e+00  1.00000e+00  2.72858e-01  2.24966e-03
  14675.34  6884.0625  1.00000e+00  1.00000e+00  2.85841e-01  5.58403e-03
  14703.90  6884.6875  1.00000e+00  1.00000e+00  3.03637e-01  8.10884e-03
  14732.45  6885.3125  1.00000e+00  1.00000e+00  3.19431e-01  8.37499e-03
  14761.00  6885.9375  1.00000e+00  1.00000e+00  3.35419e-01  5.01267e-03
  14789.55  6886.5625  1.00000e+00  1.00000e+00  3.54101e-01  5.52854e-03
  14818.10  6887.1875  1.00000e+00  1.00000e+00  3.42371e-01  7.08824e-03
  14846.65  6887.8125  1.00000e+00  1.00000e+00  3.48534e-01  3.32092e-03
  14875.20  6888.4375  1.00000e+00  1.00000e+00  3.98935e-01  5.07624e-04
  14903.75  6889.0625  1.00000e+00  1.00000e+00  4.07113e-01  1.67384e-04
  14932.30  6889.6875  1.00000e+00  1.00000e+00  3.61824e-01  4.21206e-04
  14960.86  6890.3125  1.00000e+00  1.00000e+00  3.45861e-01  8.71739e-04
  14989.41  6890.9375  1.00000e+00  1.00000e+00  3.25338e-01  1.58446e-03
  15017.96  6891.5625  1.00000e+00  1.00000e+00  3.29957e-01  2.66801e-03
  15046.51  6892.1875  1.00000e+00  1.00000e+00  3.23038e-01  1.88915e-03
  15075.06  6892.8125  1.00000e+00  1.00000e+00  2.70162e-01  5.49668e-04
  15103.61  6893.4375  1.00000e+00  1.00000e+00  2.47838e-01  3.22721e-04
  15132.16  6894.0625  1.00000e+00  1.00000e+00  2.75160e-01  1.99314e-03
  15160.71  6894.6875  1.00000e+00  1.00000e+00  3.08759e-01  4.72753e-03
  15189.26  6895.3125  1.00000e+00  1.00000e+00  3.22745e-01  4.21992e-03
  15217.81  6895.9375  1.00000e+00  1.00000e+00  3.07917e-01  1.55099e-03
  15246.37  6896.5625  1.00000e+00  1.00000e+00  2.79049e-01  2.83791e-04
  15274.92  6897.1875  1.00000e+00  1.00000e+00  2.54494e-01  6.29178e-04
  15303.47  6897.8125  1.00000e+00  1.00000e+00  2.50757e-01  2.01891e-03
  15332.02  6898.4375  1.00000e+00  1.00000e+00  2.72194e-01  2.64802e-03
  15360.57  6899.0625  1.00000e+00  1.00000e+00  2.92859e-01  1.20610e-03
  15389.12  6899.6875  1.00000e+00  1.00000e+00  3.04252e-01  1.76301e-04
  15417.67  6900.3125  1.00000e+00  1.00000e+00  3.61015e-01  3.36569e-04
  15446.22  6900.9375  1.00000e+00  1.00000e+00  4.30183e-01  2.47572e-03
  15474.77  6901.5625  1.00000e+00  1.00000e+00  3.98089e-01  5.74237e-03
  15503.32  6902.1875  1.00000e+00  1.00000e+00  3.35057e-01  5.10034e-03
  15531.88  6902.8125  1.00000e+00  1.00000e+00  2.87502e-01  3.29414e-03
  15560.43  6903.4375  1.00000e+00  1.00000e+00  2.90798e-01  3.32806e-03
  15588.98  6904.0625  1.00000e+00  1.00000e+00  3.53101e-01  1.83041e-03
  15617.53  6904.6875  1.00000e+00  1.00000e+00  3.88913e-01  1.63656e-03
  15646.08  6905.3125  1.00000e+00  1.00000e+00  3.89827e-01  2.70951e-03
  15674.63  6905.9375  1.00000e+00  1.00000e+00  3.81174e-01  1.40709e-03
  15703.18  6906.5625  1.00000e+00  1.00000e+00  4.07284e-01  2.09422e-04
  15731.73  6907.1875  1.00000e+00  1.00000e+00  4.02322e-01  2.88196e-04
  15760.28  6907.8125  1.00000e+00  1.00000e+00  3.83567e-01  2.14182e-03
  15788.84  6908.4375  1.00000e+00  1.00000e+00  3.62424e-01  5.22258e-03
  15817.39  6909.0625  1.00000e+00  1.00000e+00  3.67438e-01  4.85390e-03
  15845.94  6909.6875  1.00000e+00  1.00000e+00  3.58149e-01  1.80647e-03
  15874.49  6910.3125  1.00000e+00  1.00000e+00  3.16080e-01  4.66982e-04
  15903.04  6910.9375  1.00000e+00  1.00000e+00  2.72514e-01  1.84262e-03
  15931.59  6911.5625  1.00000e+00  1.00000e+00  2.41356e-01  4.44040e-03
  15960.14  6912.1875  1.00000e+00  1.00000e+00  2.94993e-01  4.07775e-03
  15988.69  6912.8125  1.00000e+00  1.00000e+00  3.54681e-01  1.49573e-03
  16017.24  6913.4375  1.00000e+00  1.00000e+00  3.47985e-01  1.87336e-04
  16045.79  6914.0625  1.00000e+00  1.00000e+00  3.36279e-01  6.93584e-06
  16074.35  6914.6875  1.00000e+00  1.00000e+00  3.18408e-01  7.12349e-08
  16102.90  6915.3125  1.00000e+00  1.00000e+00  3.10240e-01  5.83634e-14
  16131.45  6915.9375  1.00000e+00  1.00000e+00  3.25586e-01  1.12036e-13
  16160.00  6916.5625  1.00000e+00  1.00000e+00  3.33631e-01  5.83634e-14
  16188.55  6917.1875  1.00000e+00  1.00000e+00  3.60826e-01  8.25073e-15
  16217.10  6917.8125  1.00000e+00  1.00000e+00  3.53137e-01  1.04777e-07
  16245.65  6918.4375  1.00000e+00  1.00000e+00  3.32239e-01  1.01703e-05
  16274.20  6919.0625  1.00000e+00  1.00000e+00  3.32127e-01  2.72534e-04
  16302.75  6919.6875  1.00000e+00  1.00000e+00  3.65670e-01  2.12152e-03
  16331.30  6920.3125  1.00000e+00  1.00000e+00  3.73934e-01  5.44273e-03
  16359.86  6920.9375  1.00000e+00  1.00000e+00  3.49088e-01  5.47587e-03
  16388.41  6921.5625  1.00000e+00  1.00000e+00  3.13108e-01  2.41762e-03
  16416.96  6922.1875  1.00000e+00  1.00000e+00  2.99600e-01  2.22968e-03
  16445.51  6922.8125  1.00000e+00  1.00000e+00  3.28171e-01  4.00210e-03
  16474.06  6923.4375  1.00000e+00  1.00000e+00  3.57525e-01  3.78616e-03
  16502.61  6924.0625  1.00000e+00  1.00000e+00  3.53456e-01  3.81124e-03
  16531.16  6924.6875  1.00000e+00  1.00000e+00  3.48601e-01  1.85280e-03
  16559.71  6925.3125  1.00000e+00  1.00000e+00  3.38000e-01  2.60547e-04
  16588.26  6925.9375  1.00000e+00  1.00000e+00  3.47531e-01  9.99131e-06
  16616.81  6926.5625  1.00000e+00  1.00000e+00  3.58764e-01  1.04018e-07
  16645.37  6927.1875  1.00000e+00  1.00000e+00  2.98842e-01  4.72271e-08
  16673.92  6927.8125  1.00000e+00  1.00000e+00  2.60219e-01  4.53633e-06
  16702.47  6928.4375  1.00000e+00  1.00000e+00  2.64089e-01  1.18246e-04
  16731.02  6929.0625  1.00000e+00  1.00000e+00  2.76147e-01  8.36437e-04
  16759.57  6929.6875  1.00000e+00  1.00000e+00  2.82956e-01  1.60564e-03
  16788.12  6930.3125  1.00000e+00  1.00000e+00  2.84447e-01  8.36569e-04
  16816.67  6930.9375  1.00000e+00  1.00000e+00  2.88810e-01  1.31071e-04
  16845.22  6931.5625  1.00000e+00  1.00000e+00  2.95039e-01  3.46515e-04
  16873.77  6932.1875  1.00000e+00  1.00000e+00  3.22550e-01  2.61893e-03
  16902.33  6932.8125  1.00000e+00  1.00000e+00  3.45382e-01  6.44073e-03
  16930.88  6933.4375  1.00000e+00  1.00000e+00  3.71823e-01  6.06852e-03
  16959.43  6934.0625  1.00000e+00  1.00000e+00  3.69898e-01  2.27136e-03
  16987.98  6934.6875  1.00000e+00  1.00000e+00  3.23713e-01  2.86956e-04
  17016.53  6935.3125  1.00000e+00  1.00000e+00  2.75379e-01  1.06532e-05
  17045.08  6935.9375  1.00000e+00  1.00000e+00  2.82243e-01  1.09531e-07
  17073.63  6936.5625  1.00000e+00  1.00000e+00  2.85091e-01  0.00000e+00
  17102.18  6937.1875  1.00000e+00  1.00000e+00  2.65910e-01  0.00000e+00
  17130.73  6937.8125  1.00000e+00  1.00000e+00  2.70852e-01  0.00000e+00
  17159.28  6938.4375  1.00000e+00  1.00000e+00  2.82675e-01  0.00000e+00
  17187.84  6939.0625  1.00000e+00  1.00000e+00  2.92014e-01  0.00000e+00
  17216.39  6939.6875  1.00000e+00  1.00000e+00  2.95167e-01  0.00000e+00
  17244.94  6940.3125  1.00000e+00  1.00000e+00  2.90392e-01  0.00000e+00
  17273.49  6940.9375  1.00000e+00  1.00000e+00  2.88238e-01  0.00000e+00
  17302.04  6941.5625  1.00000e+00  1.00000e+00  3.00606e-01  0.00000e+00
  17330.59  6942.1875  1.00000e+00  1.00000e+00  3.35106e-01  0.00000e+00
  17359.14  6942.8125  1.00000e+00  1.00000e+00  3.63450e-01  0.00000e+00
  17387.69  6943.4375  1.00000e+00  1.00000e+00  3.56776e-01  0.00000e+00
  17416.24  6944.0625  1.00000e+00  1.00000e+00  3.34115e-01  1.00308e-07
  17444.79  6944.6875  1.00000e+00  1.00000e+00  3.18108e-01  9.63495e-06
  17473.35  6945.3125  1.00000e+00  1.00000e+00  2.88267e-01  2.51148e-04
  17501.90  6945.9375  1.00000e+00  1.00000e+00  2.76305e-01  1.77655e-03
  17530.45  6946.5625  1.00000e+00  1.00000e+00  2.84800e-01  3.41031e-03
  17559.00  6947.1875  1.00000e+00  1.00000e+00  3.35202e-01  1.77655e-03
  17587.55  6947.8125  1.00000e+00  1.00000e+00  3.65178e-01  2.51148e-04
  17616.10  6948.4375  1.00000e+00  1.00000e+00  3.62579e-01  9.63495e-06
  17644.65  6949.0625  1.00000e+00  1.00000e+00  3.48311e-01  1.00308e-07
  17673.20  6949.6875  1.00000e+00  1.00000e+00  3.09987e-01  0.00000e+00
