# day050  epoch=50.0d  L_Halpha=5.317e+40 erg/s  smooth_kms=25.0
# Columns:
#   1: Δv [km/s]      velocity offset from Hα (6562.81 Å), positive = redshift
#   2: lambda [Å]     observed wavelength
#   3: F_norm         total flux, smoothed, normalized to F_cont_baseline
#   4: F_norm_raw     total flux, RAW MC (no velocity smoothing)
#   5: F_cont_smooth  continuum-channel flux (continuum photons only)
#   6: F_vol_smooth   volumetric-channel flux (line emission contribution)
# Format: F_norm ≈ F_cont_smooth + F_vol_smooth (within MC noise)
# ----------------------------------------------------------------------------------------
 -16559.48  6200.3125  1.00000e+00  1.00000e+00  3.71981e-01  0.00000e+00
 -16530.93  6200.9375  1.00000e+00  1.00000e+00  3.59898e-01  0.00000e+00
 -16502.38  6201.5625  1.00000e+00  1.00000e+00  3.53691e-01  0.00000e+00
 -16473.83  6202.1875  1.00000e+00  1.00000e+00  3.94090e-01  0.00000e+00
 -16445.28  6202.8125  1.00000e+00  1.00000e+00  4.20342e-01  0.00000e+00
 -16416.73  6203.4375  1.00000e+00  1.00000e+00  4.18418e-01  0.00000e+00
 -16388.18  6204.0625  1.00000e+00  1.00000e+00  3.98307e-01  0.00000e+00
 -16359.63  6204.6875  1.00000e+00  1.00000e+00  3.96181e-01  0.00000e+00
 -16331.08  6205.3125  1.00000e+00  1.00000e+00  3.94017e-01  0.00000e+00
 -16302.53  6205.9375  1.00000e+00  1.00000e+00  3.58543e-01  0.00000e+00
 -16273.97  6206.5625  1.00000e+00  1.00000e+00  3.37403e-01  0.00000e+00
 -16245.42  6207.1875  1.00000e+00  1.00000e+00  3.74010e-01  0.00000e+00
 -16216.87  6207.8125  1.00000e+00  1.00000e+00  4.11344e-01  0.00000e+00
 -16188.32  6208.4375  1.00000e+00  1.00000e+00  4.21934e-01  0.00000e+00
 -16159.77  6209.0625  1.00000e+00  1.00000e+00  3.86009e-01  0.00000e+00
 -16131.22  6209.6875  1.00000e+00  1.00000e+00  3.64424e-01  0.00000e+00
 -16102.67  6210.3125  1.00000e+00  1.00000e+00  3.86575e-01  0.00000e+00
 -16074.12  6210.9375  1.00000e+00  1.00000e+00  3.97038e-01  0.00000e+00
 -16045.57  6211.5625  1.00000e+00  1.00000e+00  3.66595e-01  0.00000e+00
 -16017.01  6212.1875  1.00000e+00  1.00000e+00  3.19213e-01  0.00000e+00
 -15988.46  6212.8125  1.00000e+00  1.00000e+00  3.43692e-01  0.00000e+00
 -15959.91  6213.4375  1.00000e+00  1.00000e+00  3.76659e-01  0.00000e+00
 -15931.36  6214.0625  1.00000e+00  1.00000e+00  3.55124e-01  0.00000e+00
 -15902.81  6214.6875  1.00000e+00  1.00000e+00  3.50701e-01  0.00000e+00
 -15874.26  6215.3125  1.00000e+00  1.00000e+00  3.69079e-01  0.00000e+00
 -15845.71  6215.9375  1.00000e+00  1.00000e+00  3.49955e-01  0.00000e+00
 -15817.16  6216.5625  1.00000e+00  1.00000e+00  3.49682e-01  0.00000e+00
 -15788.61  6217.1875  1.00000e+00  1.00000e+00  3.95708e-01  0.00000e+00
 -15760.06  6217.8125  1.00000e+00  1.00000e+00  4.29452e-01  0.00000e+00
 -15731.50  6218.4375  1.00000e+00  1.00000e+00  3.85601e-01  0.00000e+00
 -15702.95  6219.0625  1.00000e+00  1.00000e+00  3.52786e-01  0.00000e+00
 -15674.40  6219.6875  1.00000e+00  1.00000e+00  3.62313e-01  0.00000e+00
 -15645.85  6220.3125  1.00000e+00  1.00000e+00  3.96314e-01  0.00000e+00
 -15617.30  6220.9375  1.00000e+00  1.00000e+00  3.74864e-01  0.00000e+00
 -15588.75  6221.5625  1.00000e+00  1.00000e+00  3.45098e-01  0.00000e+00
 -15560.20  6222.1875  1.00000e+00  1.00000e+00  3.61206e-01  0.00000e+00
 -15531.65  6222.8125  1.00000e+00  1.00000e+00  3.62780e-01  0.00000e+00
 -15503.10  6223.4375  1.00000e+00  1.00000e+00  3.88890e-01  0.00000e+00
 -15474.55  6224.0625  1.00000e+00  1.00000e+00  4.04080e-01  0.00000e+00
 -15445.99  6224.6875  1.00000e+00  1.00000e+00  3.88945e-01  0.00000e+00
 -15417.44  6225.3125  1.00000e+00  1.00000e+00  3.83958e-01  0.00000e+00
 -15388.89  6225.9375  1.00000e+00  1.00000e+00  3.65535e-01  0.00000e+00
 -15360.34  6226.5625  1.00000e+00  1.00000e+00  3.35828e-01  0.00000e+00
 -15331.79  6227.1875  1.00000e+00  1.00000e+00  3.19502e-01  0.00000e+00
 -15303.24  6227.8125  1.00000e+00  1.00000e+00  3.16524e-01  0.00000e+00
 -15274.69  6228.4375  1.00000e+00  1.00000e+00  3.06470e-01  0.00000e+00
 -15246.14  6229.0625  1.00000e+00  1.00000e+00  3.32942e-01  0.00000e+00
 -15217.59  6229.6875  1.00000e+00  1.00000e+00  3.52926e-01  0.00000e+00
 -15189.03  6230.3125  1.00000e+00  1.00000e+00  3.62093e-01  0.00000e+00
 -15160.48  6230.9375  1.00000e+00  1.00000e+00  3.97987e-01  0.00000e+00
 -15131.93  6231.5625  1.00000e+00  1.00000e+00  3.96747e-01  0.00000e+00
 -15103.38  6232.1875  1.00000e+00  1.00000e+00  3.55693e-01  0.00000e+00
 -15074.83  6232.8125  1.00000e+00  1.00000e+00  3.41495e-01  0.00000e+00
 -15046.28  6233.4375  1.00000e+00  1.00000e+00  3.65119e-01  0.00000e+00
 -15017.73  6234.0625  1.00000e+00  1.00000e+00  3.88616e-01  0.00000e+00
 -14989.18  6234.6875  1.00000e+00  1.00000e+00  3.68620e-01  0.00000e+00
 -14960.63  6235.3125  1.00000e+00  1.00000e+00  3.47662e-01  0.00000e+00
 -14932.08  6235.9375  1.00000e+00  1.00000e+00  3.54768e-01  0.00000e+00
 -14903.52  6236.5625  1.00000e+00  1.00000e+00  3.59452e-01  0.00000e+00
 -14874.97  6237.1875  1.00000e+00  1.00000e+00  3.51000e-01  0.00000e+00
 -14846.42  6237.8125  1.00000e+00  1.00000e+00  3.48186e-01  0.00000e+00
 -14817.87  6238.4375  1.00000e+00  1.00000e+00  3.48537e-01  0.00000e+00
 -14789.32  6239.0625  1.00000e+00  1.00000e+00  3.37517e-01  0.00000e+00
 -14760.77  6239.6875  1.00000e+00  1.00000e+00  3.20831e-01  0.00000e+00
 -14732.22  6240.3125  1.00000e+00  1.00000e+00  3.48118e-01  0.00000e+00
 -14703.67  6240.9375  1.00000e+00  1.00000e+00  3.96698e-01  0.00000e+00
 -14675.12  6241.5625  1.00000e+00  1.00000e+00  3.90164e-01  0.00000e+00
 -14646.57  6242.1875  1.00000e+00  1.00000e+00  3.49678e-01  0.00000e+00
 -14618.01  6242.8125  1.00000e+00  1.00000e+00  3.38967e-01  0.00000e+00
 -14589.46  6243.4375  1.00000e+00  1.00000e+00  3.40355e-01  0.00000e+00
 -14560.91  6244.0625  1.00000e+00  1.00000e+00  3.24157e-01  0.00000e+00
 -14532.36  6244.6875  1.00000e+00  1.00000e+00  3.32728e-01  0.00000e+00
 -14503.81  6245.3125  1.00000e+00  1.00000e+00  3.15878e-01  0.00000e+00
 -14475.26  6245.9375  1.00000e+00  1.00000e+00  3.04733e-01  0.00000e+00
 -14446.71  6246.5625  1.00000e+00  1.00000e+00  3.14704e-01  0.00000e+00
 -14418.16  6247.1875  1.00000e+00  1.00000e+00  3.38406e-01  0.00000e+00
 -14389.61  6247.8125  1.00000e+00  1.00000e+00  3.71499e-01  0.00000e+00
 -14361.06  6248.4375  1.00000e+00  1.00000e+00  3.53684e-01  0.00000e+00
 -14332.50  6249.0625  1.00000e+00  1.00000e+00  3.25845e-01  0.00000e+00
 -14303.95  6249.6875  1.00000e+00  1.00000e+00  3.20610e-01  0.00000e+00
 -14275.40  6250.3125  1.00000e+00  1.00000e+00  3.44977e-01  0.00000e+00
 -14246.85  6250.9375  1.00000e+00  1.00000e+00  3.82511e-01  0.00000e+00
 -14218.30  6251.5625  1.00000e+00  1.00000e+00  4.03174e-01  0.00000e+00
 -14189.75  6252.1875  1.00000e+00  1.00000e+00  3.97961e-01  0.00000e+00
 -14161.20  6252.8125  1.00000e+00  1.00000e+00  3.59826e-01  0.00000e+00
 -14132.65  6253.4375  1.00000e+00  1.00000e+00  3.54223e-01  0.00000e+00
 -14104.10  6254.0625  1.00000e+00  1.00000e+00  3.34273e-01  0.00000e+00
 -14075.54  6254.6875  1.00000e+00  1.00000e+00  3.27128e-01  0.00000e+00
 -14046.99  6255.3125  1.00000e+00  1.00000e+00  3.75831e-01  0.00000e+00
 -14018.44  6255.9375  1.00000e+00  1.00000e+00  3.76243e-01  0.00000e+00
 -13989.89  6256.5625  1.00000e+00  1.00000e+00  3.74237e-01  0.00000e+00
 -13961.34  6257.1875  1.00000e+00  1.00000e+00  4.09344e-01  0.00000e+00
 -13932.79  6257.8125  1.00000e+00  1.00000e+00  3.99449e-01  0.00000e+00
 -13904.24  6258.4375  1.00000e+00  1.00000e+00  3.66611e-01  0.00000e+00
 -13875.69  6259.0625  1.00000e+00  1.00000e+00  3.50743e-01  0.00000e+00
 -13847.14  6259.6875  1.00000e+00  1.00000e+00  3.49903e-01  0.00000e+00
 -13818.59  6260.3125  1.00000e+00  1.00000e+00  3.25080e-01  0.00000e+00
 -13790.03  6260.9375  1.00000e+00  1.00000e+00  2.96716e-01  0.00000e+00
 -13761.48  6261.5625  1.00000e+00  1.00000e+00  3.30643e-01  0.00000e+00
 -13732.93  6262.1875  1.00000e+00  1.00000e+00  3.87234e-01  0.00000e+00
 -13704.38  6262.8125  1.00000e+00  1.00000e+00  3.57645e-01  0.00000e+00
 -13675.83  6263.4375  1.00000e+00  1.00000e+00  3.47586e-01  0.00000e+00
 -13647.28  6264.0625  1.00000e+00  1.00000e+00  3.83006e-01  0.00000e+00
 -13618.73  6264.6875  1.00000e+00  1.00000e+00  3.65160e-01  0.00000e+00
 -13590.18  6265.3125  1.00000e+00  1.00000e+00  3.48887e-01  0.00000e+00
 -13561.63  6265.9375  1.00000e+00  1.00000e+00  3.41595e-01  0.00000e+00
 -13533.08  6266.5625  1.00000e+00  1.00000e+00  3.36102e-01  0.00000e+00
 -13504.52  6267.1875  1.00000e+00  1.00000e+00  3.44655e-01  0.00000e+00
 -13475.97  6267.8125  1.00000e+00  1.00000e+00  3.45307e-01  0.00000e+00
 -13447.42  6268.4375  1.00000e+00  1.00000e+00  3.23379e-01  0.00000e+00
 -13418.87  6269.0625  1.00000e+00  1.00000e+00  3.16599e-01  0.00000e+00
 -13390.32  6269.6875  1.00000e+00  1.00000e+00  3.31335e-01  0.00000e+00
 -13361.77  6270.3125  1.00000e+00  1.00000e+00  3.55407e-01  0.00000e+00
 -13333.22  6270.9375  1.00000e+00  1.00000e+00  3.52200e-01  0.00000e+00
 -13304.67  6271.5625  1.00000e+00  1.00000e+00  3.59993e-01  0.00000e+00
 -13276.12  6272.1875  1.00000e+00  1.00000e+00  3.79262e-01  0.00000e+00
 -13247.56  6272.8125  1.00000e+00  1.00000e+00  3.51648e-01  0.00000e+00
 -13219.01  6273.4375  1.00000e+00  1.00000e+00  3.27391e-01  0.00000e+00
 -13190.46  6274.0625  1.00000e+00  1.00000e+00  3.30315e-01  0.00000e+00
 -13161.91  6274.6875  1.00000e+00  1.00000e+00  3.25927e-01  0.00000e+00
 -13133.36  6275.3125  1.00000e+00  1.00000e+00  3.05616e-01  0.00000e+00
 -13104.81  6275.9375  1.00000e+00  1.00000e+00  3.16296e-01  0.00000e+00
 -13076.26  6276.5625  1.00000e+00  1.00000e+00  3.41336e-01  0.00000e+00
 -13047.71  6277.1875  1.00000e+00  1.00000e+00  3.51234e-01  0.00000e+00
 -13019.16  6277.8125  1.00000e+00  1.00000e+00  3.34486e-01  0.00000e+00
 -12990.61  6278.4375  1.00000e+00  1.00000e+00  3.31611e-01  0.00000e+00
 -12962.05  6279.0625  1.00000e+00  1.00000e+00  3.01511e-01  0.00000e+00
 -12933.50  6279.6875  1.00000e+00  1.00000e+00  2.70925e-01  0.00000e+00
 -12904.95  6280.3125  1.00000e+00  1.00000e+00  2.74647e-01  0.00000e+00
 -12876.40  6280.9375  1.00000e+00  1.00000e+00  3.04031e-01  0.00000e+00
 -12847.85  6281.5625  1.00000e+00  1.00000e+00  3.52718e-01  0.00000e+00
 -12819.30  6282.1875  1.00000e+00  1.00000e+00  3.72303e-01  0.00000e+00
 -12790.75  6282.8125  1.00000e+00  1.00000e+00  3.53979e-01  0.00000e+00
 -12762.20  6283.4375  1.00000e+00  1.00000e+00  3.74131e-01  0.00000e+00
 -12733.65  6284.0625  1.00000e+00  1.00000e+00  4.06357e-01  0.00000e+00
 -12705.10  6284.6875  1.00000e+00  1.00000e+00  3.69351e-01  0.00000e+00
 -12676.54  6285.3125  1.00000e+00  1.00000e+00  3.47006e-01  0.00000e+00
 -12647.99  6285.9375  1.00000e+00  1.00000e+00  3.60225e-01  0.00000e+00
 -12619.44  6286.5625  1.00000e+00  1.00000e+00  3.82246e-01  0.00000e+00
 -12590.89  6287.1875  1.00000e+00  1.00000e+00  4.28646e-01  0.00000e+00
 -12562.34  6287.8125  1.00000e+00  1.00000e+00  4.47606e-01  0.00000e+00
 -12533.79  6288.4375  1.00000e+00  1.00000e+00  3.57076e-01  0.00000e+00
 -12505.24  6289.0625  1.00000e+00  1.00000e+00  3.03519e-01  0.00000e+00
 -12476.69  6289.6875  1.00000e+00  1.00000e+00  3.22306e-01  0.00000e+00
 -12448.14  6290.3125  1.00000e+00  1.00000e+00  3.20449e-01  0.00000e+00
 -12419.58  6290.9375  1.00000e+00  1.00000e+00  3.45045e-01  0.00000e+00
 -12391.03  6291.5625  1.00000e+00  1.00000e+00  3.78772e-01  0.00000e+00
 -12362.48  6292.1875  1.00000e+00  1.00000e+00  3.57442e-01  0.00000e+00
 -12333.93  6292.8125  1.00000e+00  1.00000e+00  3.66895e-01  0.00000e+00
 -12305.38  6293.4375  1.00000e+00  1.00000e+00  4.12301e-01  0.00000e+00
 -12276.83  6294.0625  1.00000e+00  1.00000e+00  4.26709e-01  0.00000e+00
 -12248.28  6294.6875  1.00000e+00  1.00000e+00  4.01304e-01  0.00000e+00
 -12219.73  6295.3125  1.00000e+00  1.00000e+00  3.64715e-01  0.00000e+00
 -12191.18  6295.9375  1.00000e+00  1.00000e+00  3.59104e-01  0.00000e+00
 -12162.63  6296.5625  1.00000e+00  1.00000e+00  3.55993e-01  0.00000e+00
 -12134.07  6297.1875  1.00000e+00  1.00000e+00  3.65098e-01  0.00000e+00
 -12105.52  6297.8125  1.00000e+00  1.00000e+00  3.66627e-01  0.00000e+00
 -12076.97  6298.4375  1.00000e+00  1.00000e+00  3.57239e-01  0.00000e+00
 -12048.42  6299.0625  1.00000e+00  1.00000e+00  3.49608e-01  0.00000e+00
 -12019.87  6299.6875  1.00000e+00  1.00000e+00  3.77655e-01  0.00000e+00
 -11991.32  6300.3125  1.00000e+00  1.00000e+00  3.76622e-01  0.00000e+00
 -11962.77  6300.9375  1.00000e+00  1.00000e+00  3.44320e-01  0.00000e+00
 -11934.22  6301.5625  1.00000e+00  1.00000e+00  3.43452e-01  0.00000e+00
 -11905.67  6302.1875  1.00000e+00  1.00000e+00  3.62016e-01  0.00000e+00
 -11877.12  6302.8125  1.00000e+00  1.00000e+00  3.82279e-01  0.00000e+00
 -11848.56  6303.4375  1.00000e+00  1.00000e+00  4.25033e-01  0.00000e+00
 -11820.01  6304.0625  1.00000e+00  1.00000e+00  4.58103e-01  0.00000e+00
 -11791.46  6304.6875  1.00000e+00  1.00000e+00  4.60318e-01  0.00000e+00
 -11762.91  6305.3125  1.00000e+00  1.00000e+00  4.19313e-01  0.00000e+00
 -11734.36  6305.9375  1.00000e+00  1.00000e+00  3.89773e-01  0.00000e+00
 -11705.81  6306.5625  1.00000e+00  1.00000e+00  3.75180e-01  0.00000e+00
 -11677.26  6307.1875  1.00000e+00  1.00000e+00  3.85551e-01  0.00000e+00
 -11648.71  6307.8125  1.00000e+00  1.00000e+00  3.93330e-01  0.00000e+00
 -11620.16  6308.4375  1.00000e+00  1.00000e+00  4.03539e-01  0.00000e+00
 -11591.60  6309.0625  1.00000e+00  1.00000e+00  3.87701e-01  0.00000e+00
 -11563.05  6309.6875  1.00000e+00  1.00000e+00  3.60571e-01  0.00000e+00
 -11534.50  6310.3125  1.00000e+00  1.00000e+00  3.55688e-01  0.00000e+00
 -11505.95  6310.9375  1.00000e+00  1.00000e+00  3.76588e-01  0.00000e+00
 -11477.40  6311.5625  1.00000e+00  1.00000e+00  3.89274e-01  0.00000e+00
 -11448.85  6312.1875  1.00000e+00  1.00000e+00  3.57812e-01  0.00000e+00
 -11420.30  6312.8125  1.00000e+00  1.00000e+00  3.23638e-01  0.00000e+00
 -11391.75  6313.4375  1.00000e+00  1.00000e+00  3.17749e-01  0.00000e+00
 -11363.20  6314.0625  1.00000e+00  1.00000e+00  3.12699e-01  0.00000e+00
 -11334.65  6314.6875  1.00000e+00  1.00000e+00  3.10757e-01  0.00000e+00
 -11306.09  6315.3125  1.00000e+00  1.00000e+00  3.29794e-01  0.00000e+00
 -11277.54  6315.9375  1.00000e+00  1.00000e+00  3.65977e-01  0.00000e+00
 -11248.99  6316.5625  1.00000e+00  1.00000e+00  4.03734e-01  0.00000e+00
 -11220.44  6317.1875  1.00000e+00  1.00000e+00  4.20903e-01  0.00000e+00
 -11191.89  6317.8125  1.00000e+00  1.00000e+00  4.00340e-01  0.00000e+00
 -11163.34  6318.4375  1.00000e+00  1.00000e+00  3.92434e-01  0.00000e+00
 -11134.79  6319.0625  1.00000e+00  1.00000e+00  3.85945e-01  0.00000e+00
 -11106.24  6319.6875  1.00000e+00  1.00000e+00  3.46851e-01  0.00000e+00
 -11077.69  6320.3125  1.00000e+00  1.00000e+00  3.35593e-01  0.00000e+00
 -11049.14  6320.9375  1.00000e+00  1.00000e+00  3.42477e-01  0.00000e+00
 -11020.58  6321.5625  1.00000e+00  1.00000e+00  3.50047e-01  0.00000e+00
 -10992.03  6322.1875  1.00000e+00  1.00000e+00  3.61894e-01  0.00000e+00
 -10963.48  6322.8125  1.00000e+00  1.00000e+00  3.50186e-01  0.00000e+00
 -10934.93  6323.4375  1.00000e+00  1.00000e+00  3.37642e-01  0.00000e+00
 -10906.38  6324.0625  1.00000e+00  1.00000e+00  3.12055e-01  0.00000e+00
 -10877.83  6324.6875  1.00000e+00  1.00000e+00  3.08693e-01  0.00000e+00
 -10849.28  6325.3125  1.00000e+00  1.00000e+00  3.23563e-01  0.00000e+00
 -10820.73  6325.9375  1.00000e+00  1.00000e+00  3.17570e-01  0.00000e+00
 -10792.18  6326.5625  1.00000e+00  1.00000e+00  3.02685e-01  0.00000e+00
 -10763.62  6327.1875  1.00000e+00  1.00000e+00  3.09684e-01  0.00000e+00
 -10735.07  6327.8125  1.00000e+00  1.00000e+00  3.49306e-01  0.00000e+00
 -10706.52  6328.4375  1.00000e+00  1.00000e+00  3.82590e-01  0.00000e+00
 -10677.97  6329.0625  1.00000e+00  1.00000e+00  3.87218e-01  0.00000e+00
 -10649.42  6329.6875  1.00000e+00  1.00000e+00  3.69935e-01  0.00000e+00
 -10620.87  6330.3125  1.00000e+00  1.00000e+00  3.34632e-01  0.00000e+00
 -10592.32  6330.9375  1.00000e+00  1.00000e+00  3.06049e-01  0.00000e+00
 -10563.77  6331.5625  1.00000e+00  1.00000e+00  3.27832e-01  0.00000e+00
 -10535.22  6332.1875  1.00000e+00  1.00000e+00  3.86012e-01  0.00000e+00
 -10506.67  6332.8125  1.00000e+00  1.00000e+00  4.18607e-01  0.00000e+00
 -10478.11  6333.4375  1.00000e+00  1.00000e+00  3.93364e-01  0.00000e+00
 -10449.56  6334.0625  1.00000e+00  1.00000e+00  3.34758e-01  0.00000e+00
 -10421.01  6334.6875  1.00000e+00  1.00000e+00  3.06533e-01  0.00000e+00
 -10392.46  6335.3125  1.00000e+00  1.00000e+00  3.25190e-01  0.00000e+00
 -10363.91  6335.9375  1.00000e+00  1.00000e+00  3.43273e-01  0.00000e+00
 -10335.36  6336.5625  1.00000e+00  1.00000e+00  3.65890e-01  0.00000e+00
 -10306.81  6337.1875  1.00000e+00  1.00000e+00  3.92815e-01  0.00000e+00
 -10278.26  6337.8125  1.00000e+00  1.00000e+00  4.04762e-01  0.00000e+00
 -10249.71  6338.4375  1.00000e+00  1.00000e+00  4.30793e-01  0.00000e+00
 -10221.16  6339.0625  1.00000e+00  1.00000e+00  4.50500e-01  0.00000e+00
 -10192.60  6339.6875  1.00000e+00  1.00000e+00  4.64704e-01  0.00000e+00
 -10164.05  6340.3125  1.00000e+00  1.00000e+00  4.40815e-01  0.00000e+00
 -10135.50  6340.9375  1.00000e+00  1.00000e+00  4.31825e-01  0.00000e+00
 -10106.95  6341.5625  1.00000e+00  1.00000e+00  4.40873e-01  0.00000e+00
 -10078.40  6342.1875  1.00000e+00  1.00000e+00  4.09541e-01  0.00000e+00
 -10049.85  6342.8125  1.00000e+00  1.00000e+00  3.85620e-01  0.00000e+00
 -10021.30  6343.4375  1.00000e+00  1.00000e+00  3.66636e-01  0.00000e+00
  -9992.75  6344.0625  1.00000e+00  1.00000e+00  3.84278e-01  0.00000e+00
  -9964.20  6344.6875  1.00000e+00  1.00000e+00  4.15494e-01  0.00000e+00
  -9935.65  6345.3125  1.00000e+00  1.00000e+00  4.10960e-01  0.00000e+00
  -9907.09  6345.9375  1.00000e+00  1.00000e+00  3.74433e-01  0.00000e+00
  -9878.54  6346.5625  1.00000e+00  1.00000e+00  3.40331e-01  0.00000e+00
  -9849.99  6347.1875  1.00000e+00  1.00000e+00  3.43887e-01  0.00000e+00
  -9821.44  6347.8125  1.00000e+00  1.00000e+00  4.23503e-01  0.00000e+00
  -9792.89  6348.4375  1.00000e+00  1.00000e+00  4.97878e-01  0.00000e+00
  -9764.34  6349.0625  1.00000e+00  1.00000e+00  5.14563e-01  0.00000e+00
  -9735.79  6349.6875  1.00000e+00  1.00000e+00  4.77416e-01  0.00000e+00
  -9707.24  6350.3125  1.00000e+00  1.00000e+00  4.20806e-01  0.00000e+00
  -9678.69  6350.9375  1.00000e+00  1.00000e+00  3.68982e-01  0.00000e+00
  -9650.13  6351.5625  1.00000e+00  1.00000e+00  3.56981e-01  0.00000e+00
  -9621.58  6352.1875  1.00000e+00  1.00000e+00  3.63561e-01  0.00000e+00
  -9593.03  6352.8125  1.00000e+00  1.00000e+00  3.68854e-01  0.00000e+00
  -9564.48  6353.4375  1.00000e+00  1.00000e+00  4.09195e-01  0.00000e+00
  -9535.93  6354.0625  1.00000e+00  1.00000e+00  4.35815e-01  0.00000e+00
  -9507.38  6354.6875  1.00000e+00  1.00000e+00  4.04413e-01  0.00000e+00
  -9478.83  6355.3125  1.00000e+00  1.00000e+00  3.89121e-01  0.00000e+00
  -9450.28  6355.9375  1.00000e+00  1.00000e+00  3.98913e-01  0.00000e+00
  -9421.73  6356.5625  1.00000e+00  1.00000e+00  3.87909e-01  0.00000e+00
  -9393.18  6357.1875  1.00000e+00  1.00000e+00  3.90019e-01  0.00000e+00
  -9364.62  6357.8125  1.00000e+00  1.00000e+00  3.69324e-01  0.00000e+00
  -9336.07  6358.4375  1.00000e+00  1.00000e+00  3.32145e-01  0.00000e+00
  -9307.52  6359.0625  1.00000e+00  1.00000e+00  3.35728e-01  0.00000e+00
  -9278.97  6359.6875  1.00000e+00  1.00000e+00  3.67908e-01  0.00000e+00
  -9250.42  6360.3125  1.00000e+00  1.00000e+00  4.10088e-01  0.00000e+00
  -9221.87  6360.9375  1.00000e+00  1.00000e+00  4.11354e-01  0.00000e+00
  -9193.32  6361.5625  1.00000e+00  1.00000e+00  3.73686e-01  0.00000e+00
  -9164.77  6362.1875  1.00000e+00  1.00000e+00  3.16905e-01  0.00000e+00
  -9136.22  6362.8125  1.00000e+00  1.00000e+00  3.04909e-01  0.00000e+00
  -9107.67  6363.4375  1.00000e+00  1.00000e+00  3.37168e-01  0.00000e+00
  -9079.11  6364.0625  1.00000e+00  1.00000e+00  3.71900e-01  0.00000e+00
  -9050.56  6364.6875  1.00000e+00  1.00000e+00  3.93240e-01  0.00000e+00
  -9022.01  6365.3125  1.00000e+00  1.00000e+00  3.68990e-01  0.00000e+00
  -8993.46  6365.9375  1.00000e+00  1.00000e+00  3.44747e-01  0.00000e+00
  -8964.91  6366.5625  1.00000e+00  1.00000e+00  3.72183e-01  0.00000e+00
  -8936.36  6367.1875  1.00000e+00  1.00000e+00  4.01923e-01  0.00000e+00
  -8907.81  6367.8125  1.00000e+00  1.00000e+00  3.81847e-01  0.00000e+00
  -8879.26  6368.4375  1.00000e+00  1.00000e+00  3.87564e-01  0.00000e+00
  -8850.71  6369.0625  1.00000e+00  1.00000e+00  4.07757e-01  0.00000e+00
  -8822.15  6369.6875  1.00000e+00  1.00000e+00  3.89527e-01  0.00000e+00
  -8793.60  6370.3125  1.00000e+00  1.00000e+00  3.74393e-01  0.00000e+00
  -8765.05  6370.9375  1.00000e+00  1.00000e+00  3.29239e-01  0.00000e+00
  -8736.50  6371.5625  1.00000e+00  1.00000e+00  3.25263e-01  0.00000e+00
  -8707.95  6372.1875  1.00000e+00  1.00000e+00  4.08802e-01  0.00000e+00
  -8679.40  6372.8125  1.00000e+00  1.00000e+00  4.48615e-01  0.00000e+00
  -8650.85  6373.4375  1.00000e+00  1.00000e+00  4.36409e-01  0.00000e+00
  -8622.30  6374.0625  1.00000e+00  1.00000e+00  4.25646e-01  0.00000e+00
  -8593.75  6374.6875  1.00000e+00  1.00000e+00  4.47391e-01  0.00000e+00
  -8565.20  6375.3125  1.00000e+00  1.00000e+00  4.41412e-01  0.00000e+00
  -8536.64  6375.9375  1.00000e+00  1.00000e+00  4.08438e-01  0.00000e+00
  -8508.09  6376.5625  1.00000e+00  1.00000e+00  3.53399e-01  0.00000e+00
  -8479.54  6377.1875  1.00000e+00  1.00000e+00  3.08129e-01  0.00000e+00
  -8450.99  6377.8125  1.00000e+00  1.00000e+00  3.29749e-01  0.00000e+00
  -8422.44  6378.4375  1.00000e+00  1.00000e+00  3.79489e-01  0.00000e+00
  -8393.89  6379.0625  1.00000e+00  1.00000e+00  4.11795e-01  0.00000e+00
  -8365.34  6379.6875  1.00000e+00  1.00000e+00  4.47033e-01  0.00000e+00
  -8336.79  6380.3125  1.00000e+00  1.00000e+00  4.20801e-01  0.00000e+00
  -8308.24  6380.9375  1.00000e+00  1.00000e+00  3.65622e-01  0.00000e+00
  -8279.69  6381.5625  1.00000e+00  1.00000e+00  3.70989e-01  0.00000e+00
  -8251.13  6382.1875  1.00000e+00  1.00000e+00  3.71440e-01  0.00000e+00
  -8222.58  6382.8125  1.00000e+00  1.00000e+00  3.77543e-01  0.00000e+00
  -8194.03  6383.4375  1.00000e+00  1.00000e+00  4.03794e-01  0.00000e+00
  -8165.48  6384.0625  1.00000e+00  1.00000e+00  4.01099e-01  0.00000e+00
  -8136.93  6384.6875  1.00000e+00  1.00000e+00  3.79580e-01  0.00000e+00
  -8108.38  6385.3125  1.00000e+00  1.00000e+00  3.71735e-01  0.00000e+00
  -8079.83  6385.9375  1.00000e+00  1.00000e+00  3.75952e-01  0.00000e+00
  -8051.28  6386.5625  1.00000e+00  1.00000e+00  3.58422e-01  0.00000e+00
  -8022.73  6387.1875  1.00000e+00  1.00000e+00  3.37460e-01  0.00000e+00
  -7994.17  6387.8125  1.00000e+00  1.00000e+00  3.55754e-01  0.00000e+00
  -7965.62  6388.4375  1.00000e+00  1.00000e+00  3.68452e-01  0.00000e+00
  -7937.07  6389.0625  1.00000e+00  1.00000e+00  3.57166e-01  0.00000e+00
  -7908.52  6389.6875  1.00000e+00  1.00000e+00  3.58885e-01  0.00000e+00
  -7879.97  6390.3125  1.00000e+00  1.00000e+00  3.81651e-01  0.00000e+00
  -7851.42  6390.9375  1.00000e+00  1.00000e+00  3.96522e-01  0.00000e+00
  -7822.87  6391.5625  1.00000e+00  1.00000e+00  4.23322e-01  0.00000e+00
  -7794.32  6392.1875  1.00000e+00  1.00000e+00  3.91062e-01  0.00000e+00
  -7765.77  6392.8125  1.00000e+00  1.00000e+00  3.63759e-01  0.00000e+00
  -7737.22  6393.4375  1.00000e+00  1.00000e+00  3.87972e-01  0.00000e+00
  -7708.66  6394.0625  1.00000e+00  1.00000e+00  4.31299e-01  0.00000e+00
  -7680.11  6394.6875  1.00000e+00  1.00000e+00  4.28466e-01  0.00000e+00
  -7651.56  6395.3125  1.00000e+00  1.00000e+00  4.06048e-01  0.00000e+00
  -7623.01  6395.9375  1.00000e+00  1.00000e+00  3.91355e-01  0.00000e+00
  -7594.46  6396.5625  1.00000e+00  1.00000e+00  3.85716e-01  0.00000e+00
  -7565.91  6397.1875  9.99999e-01  9.99999e-01  3.85800e-01  0.00000e+00
  -7537.36  6397.8125  9.99999e-01  9.99999e-01  3.87620e-01  0.00000e+00
  -7508.81  6398.4375  9.99999e-01  9.99999e-01  3.72099e-01  0.00000e+00
  -7480.26  6399.0625  9.99998e-01  9.99998e-01  3.59499e-01  0.00000e+00
  -7451.71  6399.6875  9.99997e-01  9.99997e-01  3.65330e-01  0.00000e+00
  -7423.15  6400.3125  9.99996e-01  9.99996e-01  3.91275e-01  0.00000e+00
  -7394.60  6400.9375  9.99994e-01  9.99994e-01  3.92717e-01  0.00000e+00
  -7366.05  6401.5625  9.99991e-01  9.99991e-01  3.94451e-01  0.00000e+00
  -7337.50  6402.1875  9.99987e-01  9.99988e-01  4.01439e-01  0.00000e+00
  -7308.95  6402.8125  9.99982e-01  9.99983e-01  4.35663e-01  0.00000e+00
  -7280.40  6403.4375  9.99976e-01  9.99977e-01  4.21601e-01  0.00000e+00
  -7251.85  6404.0625  9.99967e-01  9.99968e-01  3.90477e-01  0.00000e+00
  -7223.30  6404.6875  9.99954e-01  9.99956e-01  4.14191e-01  0.00000e+00
  -7194.75  6405.3125  9.99938e-01  9.99940e-01  4.14091e-01  0.00000e+00
  -7166.19  6405.9375  9.99917e-01  9.99919e-01  4.17818e-01  0.00000e+00
  -7137.64  6406.5625  9.99888e-01  9.99892e-01  4.27533e-01  0.00000e+00
  -7109.09  6407.1875  9.99852e-01  9.99856e-01  4.13184e-01  0.00000e+00
  -7080.54  6407.8125  9.99805e-01  9.99810e-01  3.99243e-01  0.00000e+00
  -7051.99  6408.4375  9.99745e-01  9.99751e-01  4.17608e-01  0.00000e+00
  -7023.44  6409.0625  9.99668e-01  9.99676e-01  4.50683e-01  0.00000e+00
  -6994.89  6409.6875  9.99572e-01  9.99581e-01  4.63093e-01  0.00000e+00
  -6966.34  6410.3125  9.99452e-01  9.99463e-01  4.51941e-01  0.00000e+00
  -6937.79  6410.9375  9.99303e-01  9.99316e-01  4.27763e-01  0.00000e+00
  -6909.24  6411.5625  9.99119e-01  9.99134e-01  4.05464e-01  0.00000e+00
  -6880.68  6412.1875  9.98893e-01  9.98912e-01  4.10325e-01  0.00000e+00
  -6852.13  6412.8125  9.98620e-01  9.98641e-01  4.43643e-01  0.00000e+00
  -6823.58  6413.4375  9.98290e-01  9.98315e-01  4.68671e-01  0.00000e+00
  -6795.03  6414.0625  9.97896e-01  9.97924e-01  4.41144e-01  0.00000e+00
  -6766.48  6414.6875  9.97426e-01  9.97459e-01  4.35368e-01  0.00000e+00
  -6737.93  6415.3125  9.96872e-01  9.96909e-01  4.43178e-01  0.00000e+00
  -6709.38  6415.9375  9.96223e-01  9.96264e-01  4.30921e-01  0.00000e+00
  -6680.83  6416.5625  9.95468e-01  9.95513e-01  3.90555e-01  0.00000e+00
  -6652.28  6417.1875  9.94594e-01  9.94644e-01  3.78269e-01  0.00000e+00
  -6623.73  6417.8125  9.93591e-01  9.93645e-01  4.27085e-01  0.00000e+00
  -6595.17  6418.4375  9.92447e-01  9.92505e-01  4.09179e-01  0.00000e+00
  -6566.62  6419.0625  9.91151e-01  9.91214e-01  3.61568e-01  0.00000e+00
  -6538.07  6419.6875  9.89693e-01  9.89759e-01  3.68488e-01  0.00000e+00
  -6509.52  6420.3125  9.88053e-01  9.88133e-01  3.90570e-01  0.00000e+00
  -6480.97  6420.9375  9.86165e-01  9.86319e-01  3.85639e-01  0.00000e+00
  -6452.42  6421.5625  9.83910e-01  9.84087e-01  4.07563e-01  0.00000e+00
  -6423.87  6422.1875  9.81209e-01  9.81386e-01  4.02646e-01  0.00000e+00
  -6395.32  6422.8125  9.78045e-01  9.78224e-01  3.71486e-01  0.00000e+00
  -6366.77  6423.4375  9.74421e-01  9.74592e-01  3.55627e-01  0.00000e+00
  -6338.21  6424.0625  9.70344e-01  9.70516e-01  3.34898e-01  0.00000e+00
  -6309.66  6424.6875  9.65821e-01  9.65987e-01  3.51049e-01  0.00000e+00
  -6281.11  6425.3125  9.60864e-01  9.61025e-01  4.03798e-01  0.00000e+00
  -6252.56  6425.9375  9.55486e-01  9.55644e-01  4.17342e-01  0.00000e+00
  -6224.01  6426.5625  9.49701e-01  9.49851e-01  4.10922e-01  0.00000e+00
  -6195.46  6427.1875  9.43527e-01  9.43665e-01  3.88811e-01  0.00000e+00
  -6166.91  6427.8125  9.36985e-01  9.37124e-01  3.39661e-01  0.00000e+00
  -6138.36  6428.4375  9.30092e-01  9.30216e-01  3.10925e-01  0.00000e+00
  -6109.81  6429.0625  9.22879e-01  9.22985e-01  3.22176e-01  0.00000e+00
  -6081.26  6429.6875  9.15427e-01  9.15457e-01  3.52793e-01  0.00000e+00
  -6052.70  6430.3125  9.07858e-01  9.07871e-01  3.51990e-01  0.00000e+00
  -6024.15  6430.9375  9.00243e-01  9.00253e-01  3.30261e-01  0.00000e+00
  -5995.60  6431.5625  8.92604e-01  8.92610e-01  3.47818e-01  0.00000e+00
  -5967.05  6432.1875  8.84945e-01  8.84951e-01  3.86892e-01  0.00000e+00
  -5938.50  6432.8125  8.77271e-01  8.77277e-01  3.78261e-01  0.00000e+00
  -5909.95  6433.4375  8.69579e-01  8.69587e-01  3.57213e-01  0.00000e+00
  -5881.40  6434.0625  8.61863e-01  8.61876e-01  3.47120e-01  0.00000e+00
  -5852.85  6434.6875  8.54126e-01  8.54130e-01  3.34472e-01  0.00000e+00
  -5824.30  6435.3125  8.46451e-01  8.46335e-01  3.50158e-01  0.00000e+00
  -5795.75  6435.9375  8.39062e-01  8.38851e-01  3.76078e-01  0.00000e+00
  -5767.19  6436.5625  8.32155e-01  8.31947e-01  3.84585e-01  0.00000e+00
  -5738.64  6437.1875  8.25765e-01  8.25593e-01  3.52077e-01  0.00000e+00
  -5710.09  6437.8125  8.19794e-01  8.19697e-01  3.31641e-01  0.00000e+00
  -5681.54  6438.4375  8.14036e-01  8.14073e-01  3.70557e-01  0.00000e+00
  -5652.99  6439.0625  8.08184e-01  8.08352e-01  3.78443e-01  0.00000e+00
  -5624.44  6439.6875  8.01949e-01  8.02168e-01  3.37132e-01  0.00000e+00
  -5595.89  6440.3125  7.95192e-01  7.95390e-01  3.31109e-01  0.00000e+00
  -5567.34  6440.9375  7.87913e-01  7.88099e-01  3.18731e-01  0.00000e+00
  -5538.79  6441.5625  7.80123e-01  7.80334e-01  3.09859e-01  0.00000e+00
  -5510.24  6442.1875  7.71748e-01  7.72034e-01  3.55686e-01  0.00000e+00
  -5481.68  6442.8125  7.62638e-01  7.62985e-01  3.73951e-01  0.00000e+00
  -5453.13  6443.4375  7.52662e-01  7.52993e-01  3.37405e-01  0.00000e+00
  -5424.58  6444.0625  7.41523e-01  7.42303e-01  3.10460e-01  0.00000e+00
  -5396.03  6444.6875  7.28518e-01  7.29469e-01  3.04524e-01  0.00000e+00
  -5367.48  6445.3125  7.12984e-01  7.14209e-01  3.05701e-01  0.00000e+00
  -5338.93  6445.9375  6.94509e-01  6.95625e-01  2.97668e-01  0.00000e+00
  -5310.38  6446.5625  6.73202e-01  6.74117e-01  2.73315e-01  0.00000e+00
  -5281.83  6447.1875  6.49619e-01  6.50164e-01  2.56166e-01  0.00000e+00
  -5253.28  6447.8125  6.24516e-01  6.24844e-01  2.87399e-01  0.00000e+00
  -5224.72  6448.4375  5.98519e-01  5.98681e-01  2.91299e-01  0.00000e+00
  -5196.17  6449.0625  5.72093e-01  5.72088e-01  3.05680e-01  0.00000e+00
  -5167.62  6449.6875  5.45530e-01  5.45578e-01  2.99004e-01  0.00000e+00
  -5139.07  6450.3125  5.18765e-01  5.18980e-01  2.76987e-01  0.00000e+00
  -5110.52  6450.9375  4.91583e-01  4.91746e-01  2.50459e-01  0.00000e+00
  -5081.97  6451.5625  4.63992e-01  4.64088e-01  2.12024e-01  0.00000e+00
  -5053.42  6452.1875  4.36133e-01  4.36194e-01  1.97972e-01  0.00000e+00
  -5024.87  6452.8125  4.08156e-01  4.08112e-01  1.82418e-01  0.00000e+00
  -4996.32  6453.4375  3.80226e-01  3.80190e-01  1.56871e-01  0.00000e+00
  -4967.77  6454.0625  3.52516e-01  3.52301e-01  1.53465e-01  7.57373e-09
  -4939.21  6454.6875  3.25502e-01  3.24901e-01  1.75516e-01  7.27482e-07
  -4910.66  6455.3125  2.99895e-01  2.99159e-01  1.71422e-01  1.89628e-05
  -4882.11  6455.9375  2.76197e-01  2.75320e-01  1.32609e-01  1.34138e-04
  -4853.56  6456.5625  2.54641e-01  2.53842e-01  1.10424e-01  2.57494e-04
  -4825.01  6457.1875  2.35141e-01  2.34450e-01  1.08374e-01  1.34138e-04
  -4796.46  6457.8125  2.17375e-01  2.16897e-01  1.28523e-01  1.89628e-05
  -4767.91  6458.4375  2.00888e-01  2.00576e-01  1.38306e-01  7.27482e-07
  -4739.36  6459.0625  1.85317e-01  1.85019e-01  1.34368e-01  7.86261e-09
  -4710.81  6459.6875  1.70512e-01  1.70253e-01  1.26305e-01  2.79239e-08
  -4682.26  6460.3125  1.56406e-01  1.56156e-01  1.16621e-01  7.84755e-07
  -4653.70  6460.9375  1.43061e-01  1.42655e-01  1.17869e-01  9.84028e-06
  -4625.15  6461.5625  1.30725e-01  1.30242e-01  9.88697e-02  1.24617e-04
  -4596.60  6462.1875  1.19553e-01  1.19133e-01  8.86750e-02  8.01138e-04
  -4568.05  6462.8125  1.09492e-01  1.09107e-01  8.74005e-02  1.52045e-03
  -4539.50  6463.4375  1.00473e-01  1.00067e-01  7.95156e-02  7.90527e-04
  -4510.95  6464.0625  9.24941e-02  9.20985e-02  8.11705e-02  1.11712e-04
  -4482.40  6464.6875  8.55388e-02  8.51643e-02  6.86631e-02  4.32084e-06
  -4453.85  6465.3125  7.95577e-02  7.92072e-02  5.41852e-02  1.14024e-07
  -4425.30  6465.9375  7.44790e-02  7.41702e-02  6.58322e-02  5.07484e-08
  -4396.74  6466.5625  7.02075e-02  6.99372e-02  8.60217e-02  1.08536e-07
  -4368.19  6467.1875  6.66462e-02  6.64071e-02  1.00693e-01  1.98300e-07
  -4339.64  6467.8125  6.37124e-02  6.34995e-02  1.13609e-01  1.04616e-07
  -4311.09  6468.4375  6.13346e-02  6.11471e-02  9.99889e-02  1.91519e-08
  -4282.54  6469.0625  5.94475e-02  5.92830e-02  8.76095e-02  8.17366e-09
  -4253.99  6469.6875  5.79922e-02  5.78467e-02  7.79446e-02  3.92399e-09
  -4225.44  6470.3125  5.69175e-02  5.67897e-02  5.94382e-02  5.53413e-10
  -4196.89  6470.9375  5.61770e-02  5.60657e-02  5.67869e-02  2.12709e-11
  -4168.34  6471.5625  5.57283e-02  5.56313e-02  8.11328e-02  2.43045e-13
  -4139.79  6472.1875  5.55342e-02  5.54495e-02  9.78413e-02  3.11442e-15
  -4111.23  6472.8125  5.55622e-02  5.54881e-02  7.66454e-02  1.19477e-16
  -4082.68  6473.4375  5.57844e-02  5.57195e-02  8.90029e-02  1.24386e-18
  -4054.13  6474.0625  5.61769e-02  5.61198e-02  1.14538e-01  0.00000e+00
  -4025.58  6474.6875  5.67188e-02  5.66689e-02  1.42221e-01  0.00000e+00
  -3997.03  6475.3125  5.73917e-02  5.73478e-02  1.33745e-01  5.51666e-08
  -3968.48  6475.9375  5.81794e-02  5.81414e-02  1.15799e-01  5.31593e-06
  -3939.93  6476.5625  5.90671e-02  5.90339e-02  9.70850e-02  1.39809e-04
  -3911.38  6477.1875  6.00419e-02  6.00127e-02  8.65413e-02  1.02469e-03
  -3882.83  6477.8125  6.10927e-02  6.10675e-02  8.94153e-02  2.30942e-03
  -3854.28  6478.4375  6.22096e-02  6.21878e-02  1.16794e-01  2.49501e-03
  -3825.72  6479.0625  6.33839e-02  6.33648e-02  1.09203e-01  2.24417e-03
  -3797.17  6479.6875  6.46085e-02  6.45915e-02  1.02918e-01  9.94887e-04
  -3768.62  6480.3125  6.58773e-02  6.58626e-02  1.25740e-01  2.87033e-04
  -3740.07  6480.9375  6.71849e-02  6.71717e-02  1.46950e-01  1.07923e-03
  -3711.52  6481.5625  6.85269e-02  6.85153e-02  1.49552e-01  2.35038e-03
  -3682.97  6482.1875  6.98997e-02  6.98891e-02  1.24987e-01  1.82291e-03
  -3654.42  6482.8125  7.13003e-02  7.12907e-02  1.23491e-01  5.71281e-04
  -3625.87  6483.4375  7.27264e-02  7.27174e-02  1.43539e-01  7.22840e-05
  -3597.32  6484.0625  7.41760e-02  7.41675e-02  1.73020e-01  1.63110e-04
  -3568.76  6484.6875  7.56478e-02  7.56397e-02  1.65421e-01  1.22877e-03
  -3540.21  6485.3125  7.71408e-02  7.71331e-02  1.22634e-01  3.00858e-03
  -3511.66  6485.9375  7.86543e-02  7.86466e-02  1.24176e-01  2.81476e-03
  -3483.11  6486.5625  8.01876e-02  8.01801e-02  1.44824e-01  1.04943e-03
  -3454.56  6487.1875  8.17407e-02  8.17333e-02  1.44864e-01  1.79684e-04
  -3426.01  6487.8125  8.33133e-02  8.33059e-02  1.28718e-01  4.61899e-04
  -3397.46  6488.4375  8.49053e-02  8.48977e-02  1.54372e-01  2.01499e-03
  -3368.91  6489.0625  8.65173e-02  8.65094e-02  1.71157e-01  5.37861e-03
  -3340.36  6489.6875  8.81496e-02  8.81416e-02  1.43848e-01  8.08811e-03
  -3311.81  6490.3125  8.98029e-02  8.97946e-02  1.27251e-01  7.31461e-03
  -3283.25  6490.9375  9.14779e-02  9.14692e-02  1.65468e-01  7.64034e-03
  -3254.70  6491.5625  9.31752e-02  9.31665e-02  1.86919e-01  1.02885e-02
  -3226.15  6492.1875  9.48959e-02  9.48862e-02  1.93225e-01  1.36725e-02
  -3197.60  6492.8125  9.66415e-02  9.66315e-02  2.01413e-01  1.41112e-02
  -3169.05  6493.4375  9.84135e-02  9.84029e-02  2.06793e-01  1.44149e-02
  -3140.50  6494.0625  1.00213e-01  1.00202e-01  2.43823e-01  1.81129e-02
  -3111.95  6494.6875  1.02044e-01  1.02031e-01  2.26903e-01  1.81547e-02
  -3083.40  6495.3125  1.03907e-01  1.03893e-01  1.82825e-01  1.72566e-02
  -3054.85  6495.9375  1.05807e-01  1.05792e-01  1.74803e-01  1.63230e-02
  -3026.30  6496.5625  1.07747e-01  1.07729e-01  1.82202e-01  1.57942e-02
  -2997.74  6497.1875  1.09732e-01  1.09713e-01  1.63080e-01  2.33136e-02
  -2969.19  6497.8125  1.11767e-01  1.11744e-01  1.61828e-01  3.27174e-02
  -2940.64  6498.4375  1.13859e-01  1.13835e-01  1.85528e-01  4.40619e-02
  -2912.09  6499.0625  1.16016e-01  1.15988e-01  1.78510e-01  4.81486e-02
  -2883.54  6499.6875  1.18247e-01  1.18215e-01  1.32281e-01  4.05551e-02
  -2854.99  6500.3125  1.20563e-01  1.20526e-01  1.12942e-01  4.71277e-02
  -2826.44  6500.9375  1.22976e-01  1.22934e-01  1.34063e-01  5.78463e-02
  -2797.89  6501.5625  1.25500e-01  1.25452e-01  1.47740e-01  5.36726e-02
  -2769.34  6502.1875  1.28152e-01  1.28097e-01  1.68176e-01  5.65469e-02
  -2740.78  6502.8125  1.30948e-01  1.30885e-01  1.93328e-01  6.40471e-02
  -2712.23  6503.4375  1.33910e-01  1.33838e-01  2.41044e-01  7.00393e-02
  -2683.68  6504.0625  1.37058e-01  1.36978e-01  2.64247e-01  8.76274e-02
  -2655.13  6504.6875  1.40417e-01  1.40327e-01  2.35272e-01  1.08357e-01
  -2626.58  6505.3125  1.44011e-01  1.43910e-01  2.32739e-01  1.25568e-01
  -2598.03  6505.9375  1.47867e-01  1.47756e-01  2.71670e-01  1.39103e-01
  -2569.48  6506.5625  1.52014e-01  1.51892e-01  3.28601e-01  1.57220e-01
  -2540.93  6507.1875  1.56480e-01  1.56347e-01  3.35607e-01  1.89841e-01
  -2512.38  6507.8125  1.61293e-01  1.61148e-01  2.51957e-01  2.12782e-01
  -2483.83  6508.4375  1.66481e-01  1.66326e-01  2.06473e-01  2.37176e-01
  -2455.27  6509.0625  1.72073e-01  1.71908e-01  2.29886e-01  2.93205e-01
  -2426.72  6509.6875  1.78096e-01  1.77921e-01  3.02875e-01  3.56546e-01
  -2398.17  6510.3125  1.84573e-01  1.84390e-01  3.54541e-01  4.18380e-01
  -2369.62  6510.9375  1.91529e-01  1.91338e-01  3.37069e-01  5.07233e-01
  -2341.07  6511.5625  1.98983e-01  1.98785e-01  3.00796e-01  6.36036e-01
  -2312.52  6512.1875  2.06953e-01  2.06748e-01  2.66380e-01  8.31225e-01
  -2283.97  6512.8125  2.15474e-01  2.15244e-01  2.64151e-01  1.18569e+00
  -2255.42  6513.4375  2.24836e-01  2.24291e-01  3.03865e-01  1.78104e+00
  -2226.87  6514.0625  2.36452e-01  2.34198e-01  3.80938e-01  2.64188e+00
  -2198.32  6514.6875  2.51685e-01  2.51256e-01  4.36813e-01  3.68805e+00
  -2169.76  6515.3125  2.69053e-01  2.68759e-01  4.02715e-01  4.44178e+00
  -2141.21  6515.9375  2.87138e-01  2.87151e-01  3.67081e-01  4.68063e+00
  -2112.66  6516.5625  3.05452e-01  3.05374e-01  3.56723e-01  4.75461e+00
  -2084.11  6517.1875  3.24058e-01  3.23747e-01  3.66458e-01  4.90425e+00
  -2055.56  6517.8125  3.43059e-01  3.43159e-01  3.73621e-01  5.03771e+00
  -2027.01  6518.4375  3.62044e-01  3.62197e-01  3.30374e-01  5.05479e+00
  -1998.46  6519.0625  3.81118e-01  3.80538e-01  3.64788e-01  5.07981e+00
  -1969.91  6519.6875  4.00702e-01  4.00960e-01  4.29263e-01  5.18811e+00
  -1941.36  6520.3125  4.20104e-01  4.20437e-01  4.47657e-01  5.30889e+00
  -1912.80  6520.9375  4.39237e-01  4.38700e-01  4.53054e-01  5.42873e+00
  -1884.25  6521.5625  4.58715e-01  4.59008e-01  4.57967e-01  5.49389e+00
  -1855.70  6522.1875  4.78431e-01  4.77891e-01  4.54286e-01  5.51656e+00
  -1827.15  6522.8125  4.98451e-01  4.98875e-01  4.36876e-01  5.57655e+00
  -1798.60  6523.4375  5.18160e-01  5.18233e-01  4.16446e-01  5.64397e+00
  -1770.05  6524.0625  5.37238e-01  5.37750e-01  3.92884e-01  5.67959e+00
  -1741.50  6524.6875  5.55926e-01  5.55349e-01  4.22207e-01  5.66933e+00
  -1712.95  6525.3125  5.75065e-01  5.75043e-01  4.59657e-01  5.76393e+00
  -1684.40  6525.9375  5.94234e-01  5.94813e-01  4.84115e-01  5.85996e+00
  -1655.85  6526.5625  6.12953e-01  6.12441e-01  5.02050e-01  5.88824e+00
  -1627.29  6527.1875  6.31619e-01  6.32249e-01  4.99437e-01  5.91771e+00
  -1598.74  6527.8125  6.49669e-01  6.49780e-01  5.10998e-01  5.93285e+00
  -1570.19  6528.4375  6.67181e-01  6.67223e-01  5.17155e-01  5.90472e+00
  -1541.64  6529.0625  6.84522e-01  6.84565e-01  5.68277e-01  5.93923e+00
  -1513.09  6529.6875  7.01748e-01  7.01795e-01  5.72992e-01  6.02718e+00
  -1484.54  6530.3125  7.18854e-01  7.18903e-01  5.39133e-01  6.16787e+00
  -1455.99  6530.9375  7.35832e-01  7.35883e-01  5.33585e-01  6.15017e+00
  -1427.44  6531.5625  7.52672e-01  7.52729e-01  5.14653e-01  6.06314e+00
  -1398.89  6532.1875  7.69291e-01  7.69437e-01  5.07000e-01  6.10106e+00
  -1370.34  6532.8125  7.85230e-01  7.86002e-01  5.28297e-01  6.21502e+00
  -1341.78  6533.4375  8.00438e-01  7.99796e-01  5.87288e-01  6.20836e+00
  -1313.23  6534.0625  8.15964e-01  8.16026e-01  6.36448e-01  6.19979e+00
  -1284.68  6534.6875  8.31305e-01  8.32106e-01  6.00652e-01  6.21179e+00
  -1256.13  6535.3125  8.45881e-01  8.45312e-01  6.16317e-01  6.19037e+00
  -1227.58  6535.9375  8.60224e-01  8.61045e-01  6.18314e-01  6.10885e+00
  -1199.03  6536.5625  8.73766e-01  8.73845e-01  5.53646e-01  6.08598e+00
  -1170.48  6537.1875  8.87110e-01  8.86430e-01  5.36568e-01  6.09582e+00
  -1141.93  6537.8125  9.00771e-01  9.01614e-01  5.93285e-01  6.12830e+00
  -1113.38  6538.4375  9.13609e-01  9.13786e-01  6.35654e-01  6.08073e+00
  -1084.83  6539.0625  9.25755e-01  9.25741e-01  6.57814e-01  6.00571e+00
  -1056.27  6539.6875  9.38188e-01  9.37480e-01  6.54074e-01  5.94419e+00
  -1027.72  6540.3125  9.51038e-01  9.51908e-01  6.35063e-01  5.91054e+00
   -999.17  6540.9375  9.63043e-01  9.63228e-01  5.99138e-01  5.91114e+00
   -970.62  6541.5625  9.74240e-01  9.74328e-01  5.79976e-01  5.90365e+00
   -942.07  6542.1875  9.85126e-01  9.85210e-01  5.51657e-01  5.87195e+00
   -913.52  6542.8125  9.95789e-01  9.95873e-01  5.29107e-01  5.81537e+00
   -884.97  6543.4375  1.00623e+00  1.00632e+00  5.89039e-01  5.75970e+00
   -856.42  6544.0625  1.01645e+00  1.01654e+00  6.57688e-01  5.75444e+00
   -827.87  6544.6875  1.02636e+00  1.02655e+00  6.94237e-01  5.70617e+00
   -799.31  6545.3125  1.03541e+00  1.03634e+00  7.20540e-01  5.63683e+00
   -770.76  6545.9375  1.04357e+00  1.04282e+00  7.66952e-01  5.59003e+00
   -742.21  6546.5625  1.05218e+00  1.05216e+00  6.83179e-01  5.51155e+00
   -713.66  6547.1875  1.06109e+00  1.06127e+00  5.89107e-01  5.46327e+00
   -685.11  6547.8125  1.06924e+00  1.07018e+00  6.00332e-01  5.44682e+00
   -656.56  6548.4375  1.07648e+00  1.07572e+00  6.52500e-01  5.33346e+00
   -628.01  6549.0625  1.08409e+00  1.08417e+00  7.56647e-01  5.21060e+00
   -599.46  6549.6875  1.09147e+00  1.09241e+00  7.78699e-01  5.20538e+00
   -570.91  6550.3125  1.09793e+00  1.09726e+00  7.35808e-01  5.18718e+00
   -542.36  6550.9375  1.10421e+00  1.10506e+00  7.36874e-01  5.11232e+00
   -513.80  6551.5625  1.11013e+00  1.10945e+00  7.73099e-01  5.06444e+00
   -485.25  6552.1875  1.11596e+00  1.11681e+00  7.78789e-01  4.99475e+00
   -456.70  6552.8125  1.12143e+00  1.12075e+00  7.01201e-01  4.88016e+00
   -428.15  6553.4375  1.12683e+00  1.12769e+00  7.15447e-01  4.76652e+00
   -399.60  6554.0625  1.13187e+00  1.13118e+00  8.24235e-01  4.69396e+00
   -371.05  6554.6875  1.13674e+00  1.13770e+00  8.04967e-01  4.69000e+00
   -342.50  6555.3125  1.14068e+00  1.14076e+00  7.42864e-01  4.69144e+00
   -313.95  6555.9375  1.14442e+00  1.14362e+00  8.08704e-01  4.57407e+00
   -285.40  6556.5625  1.14856e+00  1.14952e+00  8.43229e-01  4.42972e+00
   -256.85  6557.1875  1.15177e+00  1.15196e+00  7.75570e-01  4.35894e+00
   -228.29  6557.8125  1.15413e+00  1.15421e+00  7.25924e-01  4.26302e+00
   -199.74  6558.4375  1.15630e+00  1.15626e+00  7.30891e-01  4.19712e+00
   -171.19  6559.0625  1.15894e+00  1.15812e+00  7.64293e-01  4.06578e+00
   -142.64  6559.6875  1.16212e+00  1.16308e+00  7.09112e-01  3.90466e+00
   -114.09  6560.3125  1.16441e+00  1.16459e+00  6.53197e-01  3.81074e+00
    -85.54  6560.9375  1.16585e+00  1.16592e+00  6.73788e-01  3.74161e+00
    -56.99  6561.5625  1.16703e+00  1.16709e+00  7.35716e-01  3.69666e+00
    -28.44  6562.1875  1.16805e+00  1.16811e+00  7.74493e-01  3.64754e+00
      0.11  6562.8125  1.16892e+00  1.16898e+00  7.85006e-01  3.53418e+00
     28.67  6563.4375  1.16966e+00  1.16971e+00  8.09000e-01  3.39211e+00
     57.22  6564.0625  1.17025e+00  1.17030e+00  7.63613e-01  3.29298e+00
     85.77  6564.6875  1.17072e+00  1.17077e+00  6.78359e-01  3.18343e+00
    114.32  6565.3125  1.17108e+00  1.17112e+00  6.93842e-01  3.09536e+00
    142.87  6565.9375  1.17132e+00  1.17136e+00  7.35292e-01  3.03045e+00
    171.42  6566.5625  1.17145e+00  1.17149e+00  7.86180e-01  2.92326e+00
    199.97  6567.1875  1.17149e+00  1.17152e+00  8.11468e-01  2.80412e+00
    228.52  6567.8125  1.17143e+00  1.17146e+00  7.89775e-01  2.70473e+00
    257.07  6568.4375  1.17129e+00  1.17132e+00  7.68619e-01  2.62292e+00
    285.62  6569.0625  1.17107e+00  1.17110e+00  7.56830e-01  2.57038e+00
    314.18  6569.6875  1.17079e+00  1.17081e+00  7.44135e-01  2.53814e+00
    342.73  6570.3125  1.17043e+00  1.17045e+00  7.22697e-01  2.47614e+00
    371.28  6570.9375  1.17001e+00  1.17004e+00  6.79686e-01  2.40651e+00
    399.83  6571.5625  1.16954e+00  1.16956e+00  6.47587e-01  2.33465e+00
    428.38  6572.1875  1.16902e+00  1.16903e+00  6.92504e-01  2.24688e+00
    456.93  6572.8125  1.16844e+00  1.16846e+00  7.58910e-01  2.18074e+00
    485.48  6573.4375  1.16782e+00  1.16784e+00  7.82590e-01  2.14226e+00
    514.03  6574.0625  1.16716e+00  1.16718e+00  8.02546e-01  2.13915e+00
    542.58  6574.6875  1.16646e+00  1.16647e+00  8.02155e-01  2.09863e+00
    571.13  6575.3125  1.16572e+00  1.16574e+00  7.24401e-01  2.03085e+00
    599.69  6575.9375  1.16495e+00  1.16496e+00  7.01562e-01  1.96104e+00
    628.24  6576.5625  1.16415e+00  1.16416e+00  6.99606e-01  1.87349e+00
    656.79  6577.1875  1.16332e+00  1.16333e+00  6.90366e-01  1.81849e+00
    685.34  6577.8125  1.16246e+00  1.16247e+00  7.14657e-01  1.78079e+00
    713.89  6578.4375  1.16157e+00  1.16158e+00  7.45601e-01  1.74481e+00
    742.44  6579.0625  1.16065e+00  1.16066e+00  7.61367e-01  1.72769e+00
    770.99  6579.6875  1.15972e+00  1.15973e+00  7.61460e-01  1.73016e+00
    799.54  6580.3125  1.15876e+00  1.15877e+00  7.63040e-01  1.70489e+00
    828.09  6580.9375  1.15778e+00  1.15779e+00  7.51016e-01  1.65296e+00
    856.65  6581.5625  1.15678e+00  1.15679e+00  7.64470e-01  1.57734e+00
    885.20  6582.1875  1.15576e+00  1.15577e+00  7.73425e-01  1.56378e+00
    913.75  6582.8125  1.15472e+00  1.15473e+00  7.21083e-01  1.57800e+00
    942.30  6583.4375  1.15367e+00  1.15367e+00  7.62353e-01  1.55735e+00
    970.85  6584.0625  1.15260e+00  1.15260e+00  8.23378e-01  1.54473e+00
    999.40  6584.6875  1.15151e+00  1.15151e+00  8.02827e-01  1.50200e+00
   1027.95  6585.3125  1.15041e+00  1.15041e+00  7.43314e-01  1.45608e+00
   1056.50  6585.9375  1.14929e+00  1.14930e+00  7.12888e-01  1.42932e+00
   1085.05  6586.5625  1.14816e+00  1.14817e+00  6.71169e-01  1.42177e+00
   1113.60  6587.1875  1.14702e+00  1.14703e+00  6.03199e-01  1.42821e+00
   1142.16  6587.8125  1.14587e+00  1.14588e+00  5.33276e-01  1.41989e+00
   1170.71  6588.4375  1.14471e+00  1.14471e+00  5.76000e-01  1.39292e+00
   1199.26  6589.0625  1.14354e+00  1.14354e+00  6.63828e-01  1.35070e+00
   1227.81  6589.6875  1.14236e+00  1.14236e+00  6.65765e-01  1.32605e+00
   1256.36  6590.3125  1.14117e+00  1.14117e+00  6.47828e-01  1.32172e+00
   1284.91  6590.9375  1.13997e+00  1.13997e+00  7.19295e-01  1.35462e+00
   1313.46  6591.5625  1.13876e+00  1.13876e+00  7.05280e-01  1.41669e+00
   1342.01  6592.1875  1.13755e+00  1.13755e+00  6.12395e-01  1.43859e+00
   1370.56  6592.8125  1.13633e+00  1.13633e+00  6.14307e-01  1.38612e+00
   1399.11  6593.4375  1.13510e+00  1.13511e+00  6.59851e-01  1.32569e+00
   1427.67  6594.0625  1.13387e+00  1.13387e+00  7.20882e-01  1.28318e+00
   1456.22  6594.6875  1.13264e+00  1.13264e+00  7.64421e-01  1.26800e+00
   1484.77  6595.3125  1.13140e+00  1.13140e+00  7.54182e-01  1.24162e+00
   1513.32  6595.9375  1.13015e+00  1.13015e+00  7.16796e-01  1.22917e+00
   1541.87  6596.5625  1.12890e+00  1.12890e+00  7.35168e-01  1.25438e+00
   1570.42  6597.1875  1.12765e+00  1.12765e+00  7.42743e-01  1.27544e+00
   1598.97  6597.8125  1.12640e+00  1.12640e+00  7.56449e-01  1.27147e+00
   1627.52  6598.4375  1.12514e+00  1.12514e+00  7.34303e-01  1.25511e+00
   1656.07  6599.0625  1.12388e+00  1.12388e+00  6.29009e-01  1.23890e+00
   1684.63  6599.6875  1.12262e+00  1.12262e+00  6.23800e-01  1.23640e+00
   1713.18  6600.3125  1.12136e+00  1.12136e+00  6.99443e-01  1.23832e+00
   1741.73  6600.9375  1.12010e+00  1.12010e+00  7.27163e-01  1.23409e+00
   1770.28  6601.5625  1.11884e+00  1.11884e+00  6.84208e-01  1.22059e+00
   1798.83  6602.1875  1.11757e+00  1.11757e+00  6.80293e-01  1.25130e+00
   1827.38  6602.8125  1.11631e+00  1.11631e+00  7.03672e-01  1.26340e+00
   1855.93  6603.4375  1.11505e+00  1.11505e+00  6.82188e-01  1.23696e+00
   1884.48  6604.0625  1.11379e+00  1.11379e+00  6.93313e-01  1.22752e+00
   1913.03  6604.6875  1.11252e+00  1.11252e+00  6.72992e-01  1.24751e+00
   1941.58  6605.3125  1.11126e+00  1.11126e+00  6.26161e-01  1.23949e+00
   1970.14  6605.9375  1.11000e+00  1.11000e+00  6.42993e-01  1.17949e+00
   1998.69  6606.5625  1.10875e+00  1.10875e+00  6.83806e-01  1.16375e+00
   2027.24  6607.1875  1.10749e+00  1.10749e+00  6.62363e-01  1.20707e+00
   2055.79  6607.8125  1.10624e+00  1.10624e+00  6.30148e-01  1.21077e+00
   2084.34  6608.4375  1.10498e+00  1.10498e+00  6.08026e-01  1.18875e+00
   2112.89  6609.0625  1.10373e+00  1.10373e+00  6.21526e-01  1.17624e+00
   2141.44  6609.6875  1.10249e+00  1.10249e+00  6.27493e-01  1.16379e+00
   2169.99  6610.3125  1.10124e+00  1.10124e+00  5.83986e-01  1.17380e+00
   2198.54  6610.9375  1.10000e+00  1.10000e+00  5.48082e-01  1.18357e+00
   2227.09  6611.5625  1.09876e+00  1.09876e+00  5.53932e-01  1.18810e+00
   2255.65  6612.1875  1.09752e+00  1.09752e+00  5.44678e-01  1.18049e+00
   2284.20  6612.8125  1.09629e+00  1.09629e+00  5.44152e-01  1.18077e+00
   2312.75  6613.4375  1.09506e+00  1.09506e+00  5.75477e-01  1.20239e+00
   2341.30  6614.0625  1.09383e+00  1.09383e+00  5.86649e-01  1.19330e+00
   2369.85  6614.6875  1.09261e+00  1.09261e+00  5.37970e-01  1.16288e+00
   2398.40  6615.3125  1.09139e+00  1.09139e+00  5.25212e-01  1.16290e+00
   2426.95  6615.9375  1.09018e+00  1.09017e+00  5.40126e-01  1.16544e+00
   2455.50  6616.5625  1.08896e+00  1.08896e+00  5.37874e-01  1.15920e+00
   2484.05  6617.1875  1.08776e+00  1.08775e+00  5.24460e-01  1.13906e+00
   2512.61  6617.8125  1.08655e+00  1.08655e+00  4.95119e-01  1.15068e+00
   2541.16  6618.4375  1.08535e+00  1.08535e+00  4.92973e-01  1.17427e+00
   2569.71  6619.0625  1.08416e+00  1.08415e+00  5.22210e-01  1.16473e+00
   2598.26  6619.6875  1.08296e+00  1.08296e+00  5.31625e-01  1.17267e+00
   2626.81  6620.3125  1.08178e+00  1.08177e+00  5.40431e-01  1.16227e+00
   2655.36  6620.9375  1.08059e+00  1.08059e+00  5.28498e-01  1.11426e+00
   2683.91  6621.5625  1.07941e+00  1.07941e+00  5.00297e-01  1.10246e+00
   2712.46  6622.1875  1.07824e+00  1.07824e+00  5.38016e-01  1.10582e+00
   2741.01  6622.8125  1.07707e+00  1.07707e+00  5.99013e-01  1.09738e+00
   2769.56  6623.4375  1.07590e+00  1.07590e+00  6.04562e-01  1.07325e+00
   2798.12  6624.0625  1.07474e+00  1.07474e+00  6.02098e-01  1.04944e+00
   2826.67  6624.6875  1.07359e+00  1.07358e+00  6.50433e-01  1.06948e+00
   2855.22  6625.3125  1.07243e+00  1.07243e+00  6.49627e-01  1.06338e+00
   2883.77  6625.9375  1.07129e+00  1.07128e+00  5.87542e-01  1.04707e+00
   2912.32  6626.5625  1.07014e+00  1.07014e+00  5.51662e-01  1.04366e+00
   2940.87  6627.1875  1.06900e+00  1.06900e+00  5.37152e-01  1.02653e+00
   2969.42  6627.8125  1.06787e+00  1.06787e+00  5.73051e-01  1.02272e+00
   2997.97  6628.4375  1.06674e+00  1.06674e+00  5.82392e-01  1.01540e+00
   3026.52  6629.0625  1.06562e+00  1.06562e+00  5.92979e-01  1.00047e+00
   3055.07  6629.6875  1.06450e+00  1.06450e+00  6.30684e-01  9.82291e-01
   3083.63  6630.3125  1.06338e+00  1.06338e+00  6.21769e-01  9.50249e-01
   3112.18  6630.9375  1.06227e+00  1.06227e+00  5.67593e-01  9.38347e-01
   3140.73  6631.5625  1.06117e+00  1.06117e+00  5.06750e-01  9.56510e-01
   3169.28  6632.1875  1.06007e+00  1.06007e+00  5.18268e-01  9.89070e-01
   3197.83  6632.8125  1.05897e+00  1.05897e+00  5.23942e-01  1.00073e+00
   3226.38  6633.4375  1.05788e+00  1.05788e+00  4.88658e-01  9.73793e-01
   3254.93  6634.0625  1.05680e+00  1.05679e+00  4.68182e-01  9.61961e-01
   3283.48  6634.6875  1.05571e+00  1.05571e+00  4.84208e-01  9.61791e-01
   3312.03  6635.3125  1.05464e+00  1.05464e+00  4.79375e-01  9.33274e-01
   3340.58  6635.9375  1.05357e+00  1.05356e+00  4.75373e-01  9.23623e-01
   3369.14  6636.5625  1.05250e+00  1.05250e+00  5.02103e-01  9.57476e-01
   3397.69  6637.1875  1.05144e+00  1.05143e+00  5.51249e-01  9.37905e-01
   3426.24  6637.8125  1.05038e+00  1.05038e+00  5.98420e-01  8.74236e-01
   3454.79  6638.4375  1.04933e+00  1.04932e+00  6.04137e-01  8.50420e-01
   3483.34  6639.0625  1.04828e+00  1.04828e+00  5.04600e-01  8.70878e-01
   3511.89  6639.6875  1.04723e+00  1.04723e+00  4.26863e-01  8.69408e-01
   3540.44  6640.3125  1.04620e+00  1.04619e+00  4.58623e-01  8.43193e-01
   3568.99  6640.9375  1.04516e+00  1.04516e+00  5.11301e-01  8.21618e-01
   3597.54  6641.5625  1.04413e+00  1.04413e+00  5.55696e-01  7.79862e-01
   3626.10  6642.1875  1.04311e+00  1.04311e+00  5.88798e-01  7.51485e-01
   3654.65  6642.8125  1.04209e+00  1.04209e+00  5.46127e-01  7.78599e-01
   3683.20  6643.4375  1.04107e+00  1.04107e+00  5.29221e-01  8.16339e-01
   3711.75  6644.0625  1.04006e+00  1.04006e+00  6.10450e-01  8.10033e-01
   3740.30  6644.6875  1.03906e+00  1.03906e+00  6.25441e-01  7.88088e-01
   3768.85  6645.3125  1.03806e+00  1.03806e+00  5.86287e-01  7.69621e-01
   3797.40  6645.9375  1.03706e+00  1.03706e+00  5.33163e-01  7.78398e-01
   3825.95  6646.5625  1.03607e+00  1.03607e+00  4.85185e-01  7.89655e-01
   3854.50  6647.1875  1.03509e+00  1.03509e+00  4.57394e-01  7.55521e-01
   3883.05  6647.8125  1.03411e+00  1.03411e+00  4.86958e-01  7.28902e-01
   3911.61  6648.4375  1.03314e+00  1.03313e+00  5.06762e-01  7.10868e-01
   3940.16  6649.0625  1.03217e+00  1.03216e+00  4.89543e-01  6.75378e-01
   3968.71  6649.6875  1.03120e+00  1.03120e+00  5.16199e-01  6.59201e-01
   3997.26  6650.3125  1.03025e+00  1.03024e+00  5.52197e-01  6.67056e-01
   4025.81  6650.9375  1.02929e+00  1.02929e+00  5.18661e-01  6.57021e-01
   4054.36  6651.5625  1.02835e+00  1.02835e+00  4.90776e-01  6.50098e-01
   4082.91  6652.1875  1.02741e+00  1.02741e+00  4.74455e-01  6.22755e-01
   4111.46  6652.8125  1.02648e+00  1.02648e+00  4.97261e-01  6.09627e-01
   4140.01  6653.4375  1.02556e+00  1.02555e+00  5.08736e-01  6.07724e-01
   4168.56  6654.0625  1.02464e+00  1.02464e+00  4.72073e-01  6.04862e-01
   4197.12  6654.6875  1.02373e+00  1.02373e+00  4.40114e-01  6.18753e-01
   4225.67  6655.3125  1.02283e+00  1.02283e+00  4.30398e-01  6.22765e-01
   4254.22  6655.9375  1.02194e+00  1.02194e+00  4.23879e-01  6.21376e-01
   4282.77  6656.5625  1.02107e+00  1.02106e+00  4.16729e-01  6.12101e-01
   4311.32  6657.1875  1.02020e+00  1.02019e+00  4.03464e-01  6.12012e-01
   4339.87  6657.8125  1.01934e+00  1.01934e+00  3.73486e-01  6.25528e-01
   4368.42  6658.4375  1.01850e+00  1.01849e+00  3.91410e-01  6.19102e-01
   4396.97  6659.0625  1.01767e+00  1.01767e+00  3.97773e-01  6.03080e-01
   4425.52  6659.6875  1.01686e+00  1.01685e+00  3.96638e-01  5.81231e-01
   4454.08  6660.3125  1.01607e+00  1.01606e+00  4.53019e-01  5.75016e-01
   4482.63  6660.9375  1.01529e+00  1.01528e+00  5.17428e-01  5.74958e-01
   4511.18  6661.5625  1.01454e+00  1.01453e+00  5.26932e-01  5.75998e-01
   4539.73  6662.1875  1.01380e+00  1.01379e+00  4.81240e-01  5.59888e-01
   4568.28  6662.8125  1.01309e+00  1.01308e+00  4.72578e-01  5.42000e-01
   4596.83  6663.4375  1.01240e+00  1.01239e+00  4.82253e-01  5.32740e-01
   4625.38  6664.0625  1.01173e+00  1.01172e+00  4.93230e-01  4.97641e-01
   4653.93  6664.6875  1.01108e+00  1.01107e+00  4.84488e-01  4.82388e-01
   4682.48  6665.3125  1.01045e+00  1.01045e+00  4.39225e-01  5.08111e-01
   4711.03  6665.9375  1.00985e+00  1.00984e+00  4.06934e-01  5.17663e-01
   4739.59  6666.5625  1.00925e+00  1.00925e+00  4.18977e-01  5.14731e-01
   4768.14  6667.1875  1.00868e+00  1.00867e+00  4.19389e-01  5.10851e-01
   4796.69  6667.8125  1.00813e+00  1.00812e+00  4.44851e-01  4.98340e-01
   4825.24  6668.4375  1.00761e+00  1.00759e+00  4.72602e-01  5.03874e-01
   4853.79  6669.0625  1.00712e+00  1.00710e+00  4.44913e-01  5.02793e-01
   4882.34  6669.6875  1.00667e+00  1.00665e+00  4.02566e-01  4.83461e-01
   4910.89  6670.3125  1.00626e+00  1.00625e+00  4.01462e-01  4.65459e-01
   4939.44  6670.9375  1.00590e+00  1.00588e+00  4.31464e-01  4.46112e-01
   4967.99  6671.5625  1.00556e+00  1.00556e+00  4.15466e-01  4.36346e-01
   4996.54  6672.1875  1.00526e+00  1.00525e+00  3.79320e-01  4.38333e-01
   5025.10  6672.8125  1.00497e+00  1.00496e+00  4.42455e-01  4.52137e-01
   5053.65  6673.4375  1.00470e+00  1.00470e+00  4.92623e-01  4.54686e-01
   5082.20  6674.0625  1.00445e+00  1.00444e+00  4.43279e-01  4.60586e-01
   5110.75  6674.6875  1.00421e+00  1.00421e+00  3.93847e-01  4.52176e-01
   5139.30  6675.3125  1.00399e+00  1.00398e+00  4.20936e-01  4.33215e-01
   5167.85  6675.9375  1.00378e+00  1.00377e+00  4.82448e-01  4.30445e-01
   5196.40  6676.5625  1.00358e+00  1.00357e+00  5.15344e-01  4.27594e-01
   5224.95  6677.1875  1.00339e+00  1.00339e+00  5.04473e-01  4.09041e-01
   5253.50  6677.8125  1.00322e+00  1.00321e+00  5.17619e-01  3.95806e-01
   5282.06  6678.4375  1.00304e+00  1.00304e+00  5.17089e-01  3.96683e-01
   5310.61  6679.0625  1.00287e+00  1.00287e+00  4.73466e-01  3.94962e-01
   5339.16  6679.6875  1.00270e+00  1.00270e+00  4.59772e-01  4.08273e-01
   5367.71  6680.3125  1.00253e+00  1.00253e+00  4.71331e-01  4.05727e-01
   5396.26  6680.9375  1.00237e+00  1.00236e+00  5.00141e-01  3.98535e-01
   5424.81  6681.5625  1.00220e+00  1.00220e+00  4.56670e-01  4.00254e-01
   5453.36  6682.1875  1.00205e+00  1.00205e+00  4.19738e-01  3.83666e-01
   5481.91  6682.8125  1.00190e+00  1.00190e+00  4.38832e-01  3.86935e-01
   5510.46  6683.4375  1.00176e+00  1.00175e+00  4.86121e-01  4.00074e-01
   5539.01  6684.0625  1.00162e+00  1.00162e+00  5.26825e-01  4.00463e-01
   5567.57  6684.6875  1.00149e+00  1.00149e+00  4.97419e-01  3.74348e-01
   5596.12  6685.3125  1.00137e+00  1.00136e+00  4.52810e-01  3.48837e-01
   5624.67  6685.9375  1.00125e+00  1.00124e+00  4.36688e-01  3.35510e-01
   5653.22  6686.5625  1.00113e+00  1.00113e+00  4.21814e-01  3.45128e-01
   5681.77  6687.1875  1.00103e+00  1.00103e+00  3.76571e-01  3.64472e-01
   5710.32  6687.8125  1.00093e+00  1.00092e+00  3.98940e-01  3.48170e-01
   5738.87  6688.4375  1.00083e+00  1.00083e+00  4.89022e-01  3.38807e-01
   5767.42  6689.0625  1.00074e+00  1.00074e+00  5.07140e-01  3.49937e-01
   5795.97  6689.6875  1.00066e+00  1.00066e+00  5.13699e-01  3.47201e-01
   5824.52  6690.3125  1.00058e+00  1.00058e+00  5.01808e-01  3.23282e-01
   5853.08  6690.9375  1.00051e+00  1.00051e+00  4.51025e-01  3.05084e-01
   5881.63  6691.5625  1.00045e+00  1.00045e+00  4.25415e-01  3.03408e-01
   5910.18  6692.1875  1.00039e+00  1.00039e+00  4.41755e-01  3.29641e-01
   5938.73  6692.8125  1.00034e+00  1.00033e+00  4.73054e-01  3.56859e-01
   5967.28  6693.4375  1.00029e+00  1.00029e+00  4.75000e-01  3.54094e-01
   5995.83  6694.0625  1.00025e+00  1.00024e+00  4.53024e-01  3.45464e-01
   6024.38  6694.6875  1.00021e+00  1.00021e+00  4.44345e-01  3.28238e-01
   6052.93  6695.3125  1.00018e+00  1.00018e+00  4.68360e-01  3.29650e-01
   6081.48  6695.9375  1.00015e+00  1.00015e+00  4.48873e-01  3.48125e-01
   6110.04  6696.5625  1.00013e+00  1.00013e+00  3.83181e-01  3.52894e-01
   6138.59  6697.1875  1.00011e+00  1.00011e+00  3.60748e-01  3.42753e-01
   6167.14  6697.8125  1.00010e+00  1.00009e+00  3.87206e-01  3.27061e-01
   6195.69  6698.4375  1.00008e+00  1.00008e+00  3.83612e-01  3.17017e-01
   6224.24  6699.0625  1.00007e+00  1.00007e+00  3.67317e-01  3.06170e-01
   6252.79  6699.6875  1.00006e+00  1.00006e+00  3.75560e-01  2.81246e-01
   6281.34  6700.3125  1.00005e+00  1.00005e+00  3.81783e-01  2.81952e-01
   6309.89  6700.9375  1.00004e+00  1.00004e+00  3.96591e-01  3.20037e-01
   6338.44  6701.5625  1.00003e+00  1.00003e+00  3.96521e-01  3.29963e-01
   6366.99  6702.1875  1.00003e+00  1.00003e+00  4.04384e-01  3.18966e-01
   6395.55  6702.8125  1.00002e+00  1.00002e+00  4.19430e-01  3.04538e-01
   6424.10  6703.4375  1.00002e+00  1.00002e+00  4.23073e-01  2.88405e-01
   6452.65  6704.0625  1.00001e+00  1.00001e+00  3.43784e-01  2.86702e-01
   6481.20  6704.6875  1.00001e+00  1.00001e+00  3.04864e-01  2.78861e-01
   6509.75  6705.3125  1.00001e+00  1.00001e+00  3.17445e-01  2.58968e-01
   6538.30  6705.9375  1.00001e+00  1.00001e+00  3.24178e-01  2.50554e-01
   6566.85  6706.5625  1.00001e+00  1.00001e+00  3.54775e-01  2.49005e-01
   6595.40  6707.1875  1.00000e+00  1.00000e+00  3.92558e-01  2.43045e-01
   6623.95  6707.8125  1.00000e+00  1.00000e+00  4.06223e-01  2.37622e-01
   6652.50  6708.4375  1.00000e+00  1.00000e+00  3.72089e-01  2.35869e-01
   6681.06  6709.0625  1.00000e+00  1.00000e+00  3.70570e-01  2.52789e-01
   6709.61  6709.6875  1.00000e+00  1.00000e+00  3.97784e-01  2.70134e-01
   6738.16  6710.3125  1.00000e+00  1.00000e+00  3.67165e-01  2.66372e-01
   6766.71  6710.9375  1.00000e+00  1.00000e+00  3.31370e-01  2.52092e-01
   6795.26  6711.5625  1.00000e+00  1.00000e+00  3.20143e-01  2.27847e-01
   6823.81  6712.1875  1.00000e+00  1.00000e+00  3.26685e-01  2.12403e-01
   6852.36  6712.8125  1.00000e+00  1.00000e+00  3.79237e-01  2.35271e-01
   6880.91  6713.4375  1.00000e+00  1.00000e+00  4.11768e-01  2.50775e-01
   6909.46  6714.0625  1.00000e+00  1.00000e+00  3.91567e-01  2.47161e-01
   6938.02  6714.6875  1.00000e+00  1.00000e+00  3.68928e-01  2.49337e-01
   6966.57  6715.3125  1.00000e+00  1.00000e+00  3.83917e-01  2.40644e-01
   6995.12  6715.9375  1.00000e+00  1.00000e+00  4.25864e-01  2.17203e-01
   7023.67  6716.5625  1.00000e+00  1.00000e+00  4.38647e-01  1.98693e-01
   7052.22  6717.1875  1.00000e+00  1.00000e+00  4.59667e-01  2.07520e-01
   7080.77  6717.8125  1.00000e+00  1.00000e+00  4.49160e-01  2.42523e-01
   7109.32  6718.4375  1.00000e+00  1.00000e+00  4.07747e-01  2.55190e-01
   7137.87  6719.0625  1.00000e+00  1.00000e+00  3.75850e-01  2.43332e-01
   7166.42  6719.6875  1.00000e+00  1.00000e+00  3.87916e-01  2.44404e-01
   7194.97  6720.3125  1.00000e+00  1.00000e+00  4.47334e-01  2.58953e-01
   7223.53  6720.9375  1.00000e+00  1.00000e+00  5.17042e-01  2.62370e-01
   7252.08  6721.5625  1.00000e+00  1.00000e+00  4.82750e-01  2.52547e-01
   7280.63  6722.1875  1.00000e+00  1.00000e+00  3.78604e-01  2.26971e-01
   7309.18  6722.8125  1.00000e+00  1.00000e+00  3.38644e-01  2.20180e-01
   7337.73  6723.4375  1.00000e+00  1.00000e+00  3.60116e-01  2.21217e-01
   7366.28  6724.0625  1.00000e+00  1.00000e+00  3.94463e-01  2.25888e-01
   7394.83  6724.6875  1.00000e+00  1.00000e+00  4.06160e-01  2.43751e-01
   7423.38  6725.3125  1.00000e+00  1.00000e+00  4.18538e-01  2.35798e-01
   7451.93  6725.9375  1.00000e+00  1.00000e+00  4.47332e-01  2.11878e-01
   7480.48  6726.5625  1.00000e+00  1.00000e+00  4.67946e-01  2.05431e-01
   7509.04  6727.1875  1.00000e+00  1.00000e+00  4.57482e-01  1.99692e-01
   7537.59  6727.8125  1.00000e+00  1.00000e+00  4.18215e-01  1.97351e-01
   7566.14  6728.4375  1.00000e+00  1.00000e+00  3.85059e-01  2.03641e-01
   7594.69  6729.0625  1.00000e+00  1.00000e+00  3.75429e-01  1.97717e-01
   7623.24  6729.6875  1.00000e+00  1.00000e+00  3.81322e-01  2.00081e-01
   7651.79  6730.3125  1.00000e+00  1.00000e+00  4.13350e-01  2.14394e-01
   7680.34  6730.9375  1.00000e+00  1.00000e+00  4.43674e-01  2.16585e-01
   7708.89  6731.5625  1.00000e+00  1.00000e+00  4.54457e-01  2.04360e-01
   7737.44  6732.1875  1.00000e+00  1.00000e+00  4.05338e-01  1.97583e-01
   7765.99  6732.8125  1.00000e+00  1.00000e+00  3.85542e-01  1.87181e-01
   7794.55  6733.4375  1.00000e+00  1.00000e+00  4.46712e-01  1.83007e-01
   7823.10  6734.0625  1.00000e+00  1.00000e+00  4.57812e-01  1.94909e-01
   7851.65  6734.6875  1.00000e+00  1.00000e+00  4.35792e-01  1.96660e-01
   7880.20  6735.3125  1.00000e+00  1.00000e+00  4.18449e-01  1.84205e-01
   7908.75  6735.9375  1.00000e+00  1.00000e+00  3.95217e-01  1.75786e-01
   7937.30  6736.5625  1.00000e+00  1.00000e+00  3.67488e-01  1.72744e-01
   7965.85  6737.1875  1.00000e+00  1.00000e+00  3.78355e-01  1.65961e-01
   7994.40  6737.8125  1.00000e+00  1.00000e+00  4.15218e-01  1.60974e-01
   8022.95  6738.4375  1.00000e+00  1.00000e+00  4.04422e-01  1.66199e-01
   8051.51  6739.0625  1.00000e+00  1.00000e+00  3.94741e-01  1.68377e-01
   8080.06  6739.6875  1.00000e+00  1.00000e+00  3.83085e-01  1.63557e-01
   8108.61  6740.3125  1.00000e+00  1.00000e+00  3.86732e-01  1.63265e-01
   8137.16  6740.9375  1.00000e+00  1.00000e+00  4.06663e-01  1.71313e-01
   8165.71  6741.5625  1.00000e+00  1.00000e+00  3.90235e-01  1.73276e-01
   8194.26  6742.1875  1.00000e+00  1.00000e+00  3.61446e-01  1.75293e-01
   8222.81  6742.8125  1.00000e+00  1.00000e+00  3.75716e-01  1.85396e-01
   8251.36  6743.4375  1.00000e+00  1.00000e+00  4.03681e-01  1.84792e-01
   8279.91  6744.0625  1.00000e+00  1.00000e+00  4.07491e-01  1.60392e-01
   8308.46  6744.6875  1.00000e+00  1.00000e+00  3.97894e-01  1.44530e-01
   8337.02  6745.3125  1.00000e+00  1.00000e+00  3.89003e-01  1.44972e-01
   8365.57  6745.9375  1.00000e+00  1.00000e+00  3.95787e-01  1.44113e-01
   8394.12  6746.5625  1.00000e+00  1.00000e+00  3.93345e-01  1.54104e-01
   8422.67  6747.1875  1.00000e+00  1.00000e+00  3.78977e-01  1.65005e-01
   8451.22  6747.8125  1.00000e+00  1.00000e+00  3.58897e-01  1.66086e-01
   8479.77  6748.4375  1.00000e+00  1.00000e+00  3.43634e-01  1.52309e-01
   8508.32  6749.0625  1.00000e+00  1.00000e+00  3.45643e-01  1.39537e-01
   8536.87  6749.6875  1.00000e+00  1.00000e+00  3.69078e-01  1.39795e-01
   8565.42  6750.3125  1.00000e+00  1.00000e+00  4.14319e-01  1.28963e-01
   8593.97  6750.9375  1.00000e+00  1.00000e+00  4.11266e-01  1.18734e-01
   8622.53  6751.5625  1.00000e+00  1.00000e+00  3.75856e-01  1.16368e-01
   8651.08  6752.1875  1.00000e+00  1.00000e+00  3.59078e-01  1.15283e-01
   8679.63  6752.8125  1.00000e+00  1.00000e+00  3.60564e-01  1.22525e-01
   8708.18  6753.4375  1.00000e+00  1.00000e+00  3.91846e-01  1.35394e-01
   8736.73  6754.0625  1.00000e+00  1.00000e+00  4.45268e-01  1.35999e-01
   8765.28  6754.6875  1.00000e+00  1.00000e+00  4.19368e-01  1.31743e-01
   8793.83  6755.3125  1.00000e+00  1.00000e+00  3.64461e-01  1.27879e-01
   8822.38  6755.9375  1.00000e+00  1.00000e+00  3.98446e-01  1.25822e-01
   8850.93  6756.5625  1.00000e+00  1.00000e+00  4.21601e-01  1.23757e-01
   8879.49  6757.1875  1.00000e+00  1.00000e+00  4.00439e-01  1.19906e-01
   8908.04  6757.8125  1.00000e+00  1.00000e+00  3.99730e-01  1.27099e-01
   8936.59  6758.4375  1.00000e+00  1.00000e+00  4.15658e-01  1.42486e-01
   8965.14  6759.0625  1.00000e+00  1.00000e+00  4.40561e-01  1.51245e-01
   8993.69  6759.6875  1.00000e+00  1.00000e+00  4.21546e-01  1.54382e-01
   9022.24  6760.3125  1.00000e+00  1.00000e+00  4.00343e-01  1.48215e-01
   9050.79  6760.9375  1.00000e+00  1.00000e+00  3.94818e-01  1.35098e-01
   9079.34  6761.5625  1.00000e+00  1.00000e+00  4.27213e-01  1.19676e-01
   9107.89  6762.1875  1.00000e+00  1.00000e+00  4.04333e-01  1.10103e-01
   9136.44  6762.8125  1.00000e+00  1.00000e+00  3.80831e-01  1.12383e-01
   9165.00  6763.4375  1.00000e+00  1.00000e+00  3.89105e-01  1.10638e-01
   9193.55  6764.0625  1.00000e+00  1.00000e+00  4.27721e-01  9.87394e-02
   9222.10  6764.6875  1.00000e+00  1.00000e+00  4.57697e-01  1.06117e-01
   9250.65  6765.3125  1.00000e+00  1.00000e+00  4.51726e-01  1.20832e-01
   9279.20  6765.9375  1.00000e+00  1.00000e+00  4.30063e-01  1.18692e-01
   9307.75  6766.5625  1.00000e+00  1.00000e+00  4.25785e-01  1.15256e-01
   9336.30  6767.1875  1.00000e+00  1.00000e+00  4.34486e-01  1.10331e-01
   9364.85  6767.8125  1.00000e+00  1.00000e+00  4.45892e-01  1.03147e-01
   9393.40  6768.4375  1.00000e+00  1.00000e+00  4.72232e-01  1.04669e-01
   9421.95  6769.0625  1.00000e+00  1.00000e+00  4.88523e-01  1.09296e-01
   9450.51  6769.6875  1.00000e+00  1.00000e+00  4.48621e-01  1.05629e-01
   9479.06  6770.3125  1.00000e+00  1.00000e+00  3.92867e-01  1.06490e-01
   9507.61  6770.9375  1.00000e+00  1.00000e+00  3.67335e-01  1.08555e-01
   9536.16  6771.5625  1.00000e+00  1.00000e+00  3.62319e-01  9.92432e-02
   9564.71  6772.1875  1.00000e+00  1.00000e+00  3.47393e-01  9.65556e-02
   9593.26  6772.8125  1.00000e+00  1.00000e+00  3.90644e-01  1.02461e-01
   9621.81  6773.4375  1.00000e+00  1.00000e+00  4.42523e-01  1.01634e-01
   9650.36  6774.0625  1.00000e+00  1.00000e+00  4.56236e-01  9.25070e-02
   9678.91  6774.6875  1.00000e+00  1.00000e+00  4.57916e-01  8.59041e-02
   9707.47  6775.3125  1.00000e+00  1.00000e+00  4.36335e-01  9.02492e-02
   9736.02  6775.9375  1.00000e+00  1.00000e+00  4.03048e-01  9.22107e-02
   9764.57  6776.5625  1.00000e+00  1.00000e+00  3.94362e-01  9.94184e-02
   9793.12  6777.1875  1.00000e+00  1.00000e+00  3.77923e-01  1.06209e-01
   9821.67  6777.8125  1.00000e+00  1.00000e+00  3.52622e-01  1.06705e-01
   9850.22  6778.4375  1.00000e+00  1.00000e+00  3.49498e-01  9.72552e-02
   9878.77  6779.0625  1.00000e+00  1.00000e+00  3.69934e-01  9.17227e-02
   9907.32  6779.6875  1.00000e+00  1.00000e+00  3.73978e-01  8.90012e-02
   9935.87  6780.3125  1.00000e+00  1.00000e+00  3.70647e-01  8.93486e-02
   9964.42  6780.9375  1.00000e+00  1.00000e+00  3.84280e-01  8.92570e-02
   9992.98  6781.5625  1.00000e+00  1.00000e+00  3.94858e-01  9.14385e-02
  10021.53  6782.1875  1.00000e+00  1.00000e+00  3.91257e-01  8.66076e-02
  10050.08  6782.8125  1.00000e+00  1.00000e+00  3.84897e-01  7.16344e-02
  10078.63  6783.4375  1.00000e+00  1.00000e+00  4.05749e-01  6.93255e-02
  10107.18  6784.0625  1.00000e+00  1.00000e+00  4.17947e-01  7.72906e-02
  10135.73  6784.6875  1.00000e+00  1.00000e+00  3.69392e-01  7.73419e-02
  10164.28  6785.3125  1.00000e+00  1.00000e+00  3.37815e-01  7.79274e-02
  10192.83  6785.9375  1.00000e+00  1.00000e+00  3.09404e-01  7.72060e-02
  10221.38  6786.5625  1.00000e+00  1.00000e+00  3.30240e-01  8.47142e-02
  10249.93  6787.1875  1.00000e+00  1.00000e+00  3.87500e-01  8.66810e-02
  10278.49  6787.8125  1.00000e+00  1.00000e+00  3.72238e-01  7.81855e-02
  10307.04  6788.4375  1.00000e+00  1.00000e+00  3.35294e-01  7.56438e-02
  10335.59  6789.0625  1.00000e+00  1.00000e+00  3.36024e-01  8.37893e-02
  10364.14  6789.6875  1.00000e+00  1.00000e+00  3.50674e-01  8.66288e-02
  10392.69  6790.3125  1.00000e+00  1.00000e+00  3.73385e-01  8.34642e-02
  10421.24  6790.9375  1.00000e+00  1.00000e+00  3.95015e-01  7.79933e-02
  10449.79  6791.5625  1.00000e+00  1.00000e+00  3.73840e-01  7.58132e-02
  10478.34  6792.1875  1.00000e+00  1.00000e+00  3.89203e-01  8.02210e-02
  10506.89  6792.8125  1.00000e+00  1.00000e+00  4.21707e-01  8.30440e-02
  10535.45  6793.4375  1.00000e+00  1.00000e+00  4.09563e-01  8.22501e-02
  10564.00  6794.0625  1.00000e+00  1.00000e+00  3.66719e-01  8.40767e-02
  10592.55  6794.6875  1.00000e+00  1.00000e+00  3.68880e-01  7.86192e-02
  10621.10  6795.3125  1.00000e+00  1.00000e+00  3.95153e-01  7.16420e-02
  10649.65  6795.9375  1.00000e+00  1.00000e+00  4.03687e-01  6.93147e-02
  10678.20  6796.5625  1.00000e+00  1.00000e+00  4.40061e-01  6.70264e-02
  10706.75  6797.1875  1.00000e+00  1.00000e+00  4.39145e-01  6.62022e-02
  10735.30  6797.8125  1.00000e+00  1.00000e+00  4.23644e-01  6.50860e-02
  10763.85  6798.4375  1.00000e+00  1.00000e+00  4.37959e-01  7.02953e-02
  10792.40  6799.0625  1.00000e+00  1.00000e+00  4.23287e-01  7.19262e-02
  10820.96  6799.6875  1.00000e+00  1.00000e+00  3.84031e-01  6.78361e-02
  10849.51  6800.3125  1.00000e+00  1.00000e+00  3.76629e-01  7.31856e-02
  10878.06  6800.9375  1.00000e+00  1.00000e+00  4.18305e-01  7.86409e-02
  10906.61  6801.5625  1.00000e+00  1.00000e+00  4.23390e-01  6.82095e-02
  10935.16  6802.1875  1.00000e+00  1.00000e+00  3.93733e-01  6.21441e-02
  10963.71  6802.8125  1.00000e+00  1.00000e+00  3.75135e-01  5.85579e-02
  10992.26  6803.4375  1.00000e+00  1.00000e+00  3.92673e-01  5.63592e-02
  11020.81  6804.0625  1.00000e+00  1.00000e+00  4.31406e-01  5.26534e-02
  11049.36  6804.6875  1.00000e+00  1.00000e+00  4.64453e-01  5.42925e-02
  11077.91  6805.3125  1.00000e+00  1.00000e+00  4.57322e-01  6.15837e-02
  11106.47  6805.9375  1.00000e+00  1.00000e+00  3.86242e-01  6.31140e-02
  11135.02  6806.5625  1.00000e+00  1.00000e+00  3.66162e-01  6.04040e-02
  11163.57  6807.1875  1.00000e+00  1.00000e+00  4.46706e-01  6.22813e-02
  11192.12  6807.8125  1.00000e+00  1.00000e+00  4.99999e-01  5.73395e-02
  11220.67  6808.4375  1.00000e+00  1.00000e+00  4.55075e-01  5.29190e-02
  11249.22  6809.0625  1.00000e+00  1.00000e+00  4.17503e-01  5.55117e-02
  11277.77  6809.6875  1.00000e+00  1.00000e+00  4.12316e-01  5.87033e-02
  11306.32  6810.3125  1.00000e+00  1.00000e+00  4.26025e-01  6.94210e-02
  11334.87  6810.9375  1.00000e+00  1.00000e+00  4.23091e-01  7.25992e-02
  11363.43  6811.5625  1.00000e+00  1.00000e+00  4.37208e-01  5.96011e-02
  11391.98  6812.1875  1.00000e+00  1.00000e+00  4.22771e-01  4.98163e-02
  11420.53  6812.8125  1.00000e+00  1.00000e+00  4.04327e-01  4.89854e-02
  11449.08  6813.4375  1.00000e+00  1.00000e+00  4.08388e-01  4.93671e-02
  11477.63  6814.0625  1.00000e+00  1.00000e+00  4.22321e-01  4.77119e-02
  11506.18  6814.6875  1.00000e+00  1.00000e+00  4.37182e-01  5.04674e-02
  11534.73  6815.3125  1.00000e+00  1.00000e+00  4.29297e-01  5.04157e-02
  11563.28  6815.9375  1.00000e+00  1.00000e+00  4.13439e-01  4.83171e-02
  11591.83  6816.5625  1.00000e+00  1.00000e+00  4.21019e-01  4.80477e-02
  11620.38  6817.1875  1.00000e+00  1.00000e+00  4.42650e-01  4.54753e-02
  11648.94  6817.8125  1.00000e+00  1.00000e+00  4.74088e-01  3.83496e-02
  11677.49  6818.4375  1.00000e+00  1.00000e+00  4.79620e-01  3.65438e-02
  11706.04  6819.0625  1.00000e+00  1.00000e+00  4.78802e-01  4.17402e-02
  11734.59  6819.6875  1.00000e+00  1.00000e+00  4.55693e-01  4.53245e-02
  11763.14  6820.3125  1.00000e+00  1.00000e+00  4.02004e-01  4.68654e-02
  11791.69  6820.9375  1.00000e+00  1.00000e+00  3.51354e-01  4.62672e-02
  11820.24  6821.5625  1.00000e+00  1.00000e+00  3.52259e-01  4.70765e-02
  11848.79  6822.1875  1.00000e+00  1.00000e+00  4.22914e-01  4.41522e-02
  11877.34  6822.8125  1.00000e+00  1.00000e+00  4.69048e-01  4.42208e-02
  11905.89  6823.4375  1.00000e+00  1.00000e+00  4.72099e-01  4.64103e-02
  11934.45  6824.0625  1.00000e+00  1.00000e+00  4.54240e-01  4.94638e-02
  11963.00  6824.6875  1.00000e+00  1.00000e+00  4.45879e-01  4.49509e-02
  11991.55  6825.3125  1.00000e+00  1.00000e+00  4.70930e-01  3.91565e-02
  12020.10  6825.9375  1.00000e+00  1.00000e+00  4.48106e-01  3.63894e-02
  12048.65  6826.5625  1.00000e+00  1.00000e+00  4.30644e-01  3.68216e-02
  12077.20  6827.1875  1.00000e+00  1.00000e+00  4.29388e-01  3.93717e-02
  12105.75  6827.8125  1.00000e+00  1.00000e+00  4.16247e-01  4.84380e-02
  12134.30  6828.4375  1.00000e+00  1.00000e+00  4.39620e-01  5.70774e-02
  12162.85  6829.0625  1.00000e+00  1.00000e+00  4.60617e-01  4.91324e-02
  12191.40  6829.6875  1.00000e+00  1.00000e+00  4.23448e-01  4.04295e-02
  12219.96  6830.3125  1.00000e+00  1.00000e+00  4.02234e-01  4.27675e-02
  12248.51  6830.9375  1.00000e+00  1.00000e+00  4.22401e-01  4.45268e-02
  12277.06  6831.5625  1.00000e+00  1.00000e+00  4.13564e-01  4.21537e-02
  12305.61  6832.1875  1.00000e+00  1.00000e+00  3.86830e-01  3.94975e-02
  12334.16  6832.8125  1.00000e+00  1.00000e+00  3.89093e-01  3.69790e-02
  12362.71  6833.4375  1.00000e+00  1.00000e+00  4.24815e-01  3.41566e-02
  12391.26  6834.0625  1.00000e+00  1.00000e+00  4.65147e-01  3.82090e-02
  12419.81  6834.6875  1.00000e+00  1.00000e+00  4.80977e-01  4.72265e-02
  12448.36  6835.3125  1.00000e+00  1.00000e+00  4.75887e-01  4.22846e-02
  12476.92  6835.9375  1.00000e+00  1.00000e+00  4.27812e-01  3.23296e-02
  12505.47  6836.5625  1.00000e+00  1.00000e+00  4.02127e-01  2.73692e-02
  12534.02  6837.1875  1.00000e+00  1.00000e+00  4.15987e-01  3.09420e-02
  12562.57  6837.8125  1.00000e+00  1.00000e+00  4.10587e-01  3.64628e-02
  12591.12  6838.4375  1.00000e+00  1.00000e+00  3.67227e-01  4.00454e-02
  12619.67  6839.0625  1.00000e+00  1.00000e+00  3.42157e-01  3.71170e-02
  12648.22  6839.6875  1.00000e+00  1.00000e+00  3.41510e-01  3.45868e-02
  12676.77  6840.3125  1.00000e+00  1.00000e+00  3.72939e-01  3.91489e-02
  12705.32  6840.9375  1.00000e+00  1.00000e+00  4.15456e-01  4.22550e-02
  12733.87  6841.5625  1.00000e+00  1.00000e+00  4.05012e-01  4.15823e-02
  12762.43  6842.1875  1.00000e+00  1.00000e+00  3.73524e-01  3.76861e-02
  12790.98  6842.8125  1.00000e+00  1.00000e+00  3.65296e-01  4.07833e-02
  12819.53  6843.4375  1.00000e+00  1.00000e+00  3.88769e-01  4.28126e-02
  12848.08  6844.0625  1.00000e+00  1.00000e+00  4.07763e-01  3.90038e-02
  12876.63  6844.6875  1.00000e+00  1.00000e+00  3.90075e-01  3.79893e-02
  12905.18  6845.3125  1.00000e+00  1.00000e+00  3.56685e-01  3.61344e-02
  12933.73  6845.9375  1.00000e+00  1.00000e+00  3.46503e-01  2.99471e-02
  12962.28  6846.5625  1.00000e+00  1.00000e+00  3.33728e-01  2.70533e-02
  12990.83  6847.1875  1.00000e+00  1.00000e+00  3.19944e-01  3.39999e-02
  13019.38  6847.8125  1.00000e+00  1.00000e+00  3.26016e-01  3.70601e-02
  13047.94  6848.4375  1.00000e+00  1.00000e+00  3.45284e-01  2.95106e-02
  13076.49  6849.0625  1.00000e+00  1.00000e+00  3.43348e-01  2.62862e-02
  13105.04  6849.6875  1.00000e+00  1.00000e+00  3.37673e-01  3.13770e-02
  13133.59  6850.3125  1.00000e+00  1.00000e+00  3.41937e-01  3.04476e-02
  13162.14  6850.9375  1.00000e+00  1.00000e+00  3.80813e-01  2.52438e-02
  13190.69  6851.5625  1.00000e+00  1.00000e+00  4.03348e-01  2.68591e-02
  13219.24  6852.1875  1.00000e+00  1.00000e+00  3.64525e-01  3.16157e-02
  13247.79  6852.8125  1.00000e+00  1.00000e+00  3.48716e-01  3.12534e-02
  13276.34  6853.4375  1.00000e+00  1.00000e+00  3.77075e-01  3.18078e-02
  13304.90  6854.0625  1.00000e+00  1.00000e+00  3.46086e-01  3.20079e-02
  13333.45  6854.6875  1.00000e+00  1.00000e+00  3.48403e-01  3.07908e-02
  13362.00  6855.3125  1.00000e+00  1.00000e+00  4.02420e-01  3.30722e-02
  13390.55  6855.9375  1.00000e+00  1.00000e+00  4.30701e-01  3.10881e-02
  13419.10  6856.5625  1.00000e+00  1.00000e+00  4.11810e-01  2.71933e-02
  13447.65  6857.1875  1.00000e+00  1.00000e+00  3.66733e-01  2.65373e-02
  13476.20  6857.8125  1.00000e+00  1.00000e+00  3.53901e-01  2.41816e-02
  13504.75  6858.4375  1.00000e+00  1.00000e+00  3.59641e-01  2.31889e-02
  13533.30  6859.0625  1.00000e+00  1.00000e+00  3.55222e-01  2.15974e-02
  13561.85  6859.6875  1.00000e+00  1.00000e+00  4.08086e-01  2.81147e-02
  13590.41  6860.3125  1.00000e+00  1.00000e+00  4.72388e-01  3.40491e-02
  13618.96  6860.9375  1.00000e+00  1.00000e+00  4.78192e-01  3.07425e-02
  13647.51  6861.5625  1.00000e+00  1.00000e+00  4.78600e-01  2.38569e-02
  13676.06  6862.1875  1.00000e+00  1.00000e+00  4.49884e-01  2.28200e-02
  13704.61  6862.8125  1.00000e+00  1.00000e+00  3.90845e-01  2.77607e-02
  13733.16  6863.4375  1.00000e+00  1.00000e+00  3.88241e-01  2.86015e-02
  13761.71  6864.0625  1.00000e+00  1.00000e+00  4.11284e-01  2.43688e-02
  13790.26  6864.6875  1.00000e+00  1.00000e+00  4.09085e-01  2.25556e-02
  13818.81  6865.3125  1.00000e+00  1.00000e+00  3.67826e-01  1.99002e-02
  13847.36  6865.9375  1.00000e+00  1.00000e+00  3.72565e-01  1.92352e-02
  13875.92  6866.5625  1.00000e+00  1.00000e+00  4.01462e-01  2.00667e-02
  13904.47  6867.1875  1.00000e+00  1.00000e+00  4.17508e-01  2.00861e-02
  13933.02  6867.8125  1.00000e+00  1.00000e+00  4.39498e-01  2.22886e-02
  13961.57  6868.4375  1.00000e+00  1.00000e+00  4.51433e-01  2.02338e-02
  13990.12  6869.0625  1.00000e+00  1.00000e+00  4.61783e-01  1.79839e-02
  14018.67  6869.6875  1.00000e+00  1.00000e+00  4.73064e-01  1.98524e-02
  14047.22  6870.3125  1.00000e+00  1.00000e+00  4.59804e-01  1.99871e-02
  14075.77  6870.9375  1.00000e+00  1.00000e+00  4.31676e-01  1.98696e-02
  14104.32  6871.5625  1.00000e+00  1.00000e+00  3.83216e-01  2.27046e-02
  14132.88  6872.1875  1.00000e+00  1.00000e+00  3.96686e-01  2.41346e-02
  14161.43  6872.8125  1.00000e+00  1.00000e+00  4.22038e-01  2.67795e-02
  14189.98  6873.4375  1.00000e+00  1.00000e+00  3.67347e-01  2.34986e-02
  14218.53  6874.0625  1.00000e+00  1.00000e+00  3.29938e-01  1.88094e-02
  14247.08  6874.6875  1.00000e+00  1.00000e+00  3.56055e-01  1.80447e-02
  14275.63  6875.3125  1.00000e+00  1.00000e+00  3.95385e-01  2.01036e-02
  14304.18  6875.9375  1.00000e+00  1.00000e+00  4.35007e-01  1.56334e-02
  14332.73  6876.5625  1.00000e+00  1.00000e+00  4.06467e-01  1.32584e-02
  14361.28  6877.1875  1.00000e+00  1.00000e+00  3.88848e-01  1.53443e-02
  14389.83  6877.8125  1.00000e+00  1.00000e+00  4.19842e-01  1.72966e-02
  14418.39  6878.4375  1.00000e+00  1.00000e+00  4.22426e-01  1.90792e-02
  14446.94  6879.0625  1.00000e+00  1.00000e+00  3.82189e-01  1.79249e-02
  14475.49  6879.6875  1.00000e+00  1.00000e+00  3.86905e-01  1.69022e-02
  14504.04  6880.3125  1.00000e+00  1.00000e+00  3.95588e-01  2.18818e-02
  14532.59  6880.9375  1.00000e+00  1.00000e+00  3.91477e-01  2.19211e-02
  14561.14  6881.5625  1.00000e+00  1.00000e+00  4.10263e-01  1.82645e-02
  14589.69  6882.1875  1.00000e+00  1.00000e+00  3.96809e-01  1.55566e-02
  14618.24  6882.8125  1.00000e+00  1.00000e+00  3.65009e-01  1.57260e-02
  14646.79  6883.4375  1.00000e+00  1.00000e+00  3.68705e-01  1.98253e-02
  14675.34  6884.0625  1.00000e+00  1.00000e+00  4.06583e-01  2.18839e-02
  14703.90  6884.6875  1.00000e+00  1.00000e+00  4.42094e-01  1.83783e-02
  14732.45  6885.3125  1.00000e+00  1.00000e+00  4.63794e-01  1.64514e-02
  14761.00  6885.9375  1.00000e+00  1.00000e+00  4.24206e-01  1.90998e-02
  14789.55  6886.5625  1.00000e+00  1.00000e+00  3.90258e-01  1.99791e-02
  14818.10  6887.1875  1.00000e+00  1.00000e+00  3.75317e-01  1.80272e-02
  14846.65  6887.8125  1.00000e+00  1.00000e+00  4.00806e-01  1.85005e-02
  14875.20  6888.4375  1.00000e+00  1.00000e+00  4.45269e-01  2.19123e-02
  14903.75  6889.0625  1.00000e+00  1.00000e+00  4.33003e-01  2.20023e-02
  14932.30  6889.6875  1.00000e+00  1.00000e+00  3.86803e-01  2.00111e-02
  14960.86  6890.3125  1.00000e+00  1.00000e+00  3.98282e-01  1.92008e-02
  14989.41  6890.9375  1.00000e+00  1.00000e+00  4.35676e-01  1.69446e-02
  15017.96  6891.5625  1.00000e+00  1.00000e+00  4.46776e-01  1.55155e-02
  15046.51  6892.1875  1.00000e+00  1.00000e+00  4.75955e-01  1.77436e-02
  15075.06  6892.8125  1.00000e+00  1.00000e+00  4.24661e-01  2.07791e-02
  15103.61  6893.4375  1.00000e+00  1.00000e+00  3.52456e-01  1.79536e-02
  15132.16  6894.0625  1.00000e+00  1.00000e+00  3.57075e-01  1.34375e-02
  15160.71  6894.6875  1.00000e+00  1.00000e+00  4.13187e-01  1.47504e-02
  15189.26  6895.3125  1.00000e+00  1.00000e+00  4.41063e-01  1.29674e-02
  15217.81  6895.9375  1.00000e+00  1.00000e+00  4.30063e-01  1.30124e-02
  15246.37  6896.5625  1.00000e+00  1.00000e+00  4.54338e-01  1.68807e-02
  15274.92  6897.1875  1.00000e+00  1.00000e+00  4.88768e-01  1.68997e-02
  15303.47  6897.8125  1.00000e+00  1.00000e+00  5.00411e-01  1.29498e-02
  15332.02  6898.4375  1.00000e+00  1.00000e+00  4.53436e-01  1.14635e-02
  15360.57  6899.0625  1.00000e+00  1.00000e+00  3.89255e-01  1.18265e-02
  15389.12  6899.6875  1.00000e+00  1.00000e+00  3.79097e-01  1.41926e-02
  15417.67  6900.3125  1.00000e+00  1.00000e+00  4.09080e-01  1.71675e-02
  15446.22  6900.9375  1.00000e+00  1.00000e+00  4.41652e-01  2.22735e-02
  15474.77  6901.5625  1.00000e+00  1.00000e+00  4.57109e-01  2.04030e-02
  15503.32  6902.1875  1.00000e+00  1.00000e+00  4.12949e-01  1.22772e-02
  15531.88  6902.8125  1.00000e+00  1.00000e+00  3.88714e-01  9.43337e-03
  15560.43  6903.4375  1.00000e+00  1.00000e+00  3.74689e-01  8.75983e-03
  15588.98  6904.0625  1.00000e+00  1.00000e+00  3.66251e-01  8.52707e-03
  15617.53  6904.6875  1.00000e+00  1.00000e+00  4.06334e-01  1.01923e-02
  15646.08  6905.3125  1.00000e+00  1.00000e+00  4.18947e-01  1.22145e-02
  15674.63  6905.9375  1.00000e+00  1.00000e+00  4.18998e-01  1.33670e-02
  15703.18  6906.5625  1.00000e+00  1.00000e+00  4.30803e-01  1.08957e-02
  15731.73  6907.1875  1.00000e+00  1.00000e+00  4.19628e-01  8.06238e-03
  15760.28  6907.8125  1.00000e+00  1.00000e+00  4.03786e-01  1.12099e-02
  15788.84  6908.4375  1.00000e+00  1.00000e+00  4.27972e-01  1.54558e-02
  15817.39  6909.0625  1.00000e+00  1.00000e+00  4.40930e-01  1.52583e-02
  15845.94  6909.6875  1.00000e+00  1.00000e+00  4.23071e-01  1.28539e-02
  15874.49  6910.3125  1.00000e+00  1.00000e+00  4.29223e-01  1.04157e-02
  15903.04  6910.9375  1.00000e+00  1.00000e+00  4.63227e-01  9.62802e-03
  15931.59  6911.5625  1.00000e+00  1.00000e+00  4.65762e-01  8.19262e-03
  15960.14  6912.1875  1.00000e+00  1.00000e+00  4.63861e-01  8.49014e-03
  15988.69  6912.8125  1.00000e+00  1.00000e+00  4.87307e-01  1.06698e-02
  16017.24  6913.4375  1.00000e+00  1.00000e+00  4.95988e-01  1.21425e-02
  16045.79  6914.0625  1.00000e+00  1.00000e+00  4.61215e-01  1.15329e-02
  16074.35  6914.6875  1.00000e+00  1.00000e+00  4.26224e-01  1.29289e-02
  16102.90  6915.3125  1.00000e+00  1.00000e+00  4.16339e-01  1.35856e-02
  16131.45  6915.9375  1.00000e+00  1.00000e+00  4.11102e-01  1.06799e-02
  16160.00  6916.5625  1.00000e+00  1.00000e+00  3.97958e-01  8.68664e-03
  16188.55  6917.1875  1.00000e+00  1.00000e+00  3.84244e-01  1.13756e-02
  16217.10  6917.8125  1.00000e+00  1.00000e+00  4.32500e-01  1.49188e-02
  16245.65  6918.4375  1.00000e+00  1.00000e+00  5.18219e-01  1.16711e-02
  16274.20  6919.0625  1.00000e+00  1.00000e+00  5.19124e-01  7.57204e-03
  16302.75  6919.6875  1.00000e+00  1.00000e+00  4.69887e-01  7.86789e-03
  16331.30  6920.3125  1.00000e+00  1.00000e+00  4.57154e-01  1.24843e-02
  16359.86  6920.9375  1.00000e+00  1.00000e+00  3.87722e-01  1.42988e-02
  16388.41  6921.5625  1.00000e+00  1.00000e+00  3.60938e-01  1.38742e-02
  16416.96  6922.1875  1.00000e+00  1.00000e+00  3.94513e-01  1.01986e-02
  16445.51  6922.8125  1.00000e+00  1.00000e+00  4.00023e-01  7.74736e-03
  16474.06  6923.4375  1.00000e+00  1.00000e+00  4.10199e-01  1.04590e-02
  16502.61  6924.0625  1.00000e+00  1.00000e+00  4.38634e-01  1.36106e-02
  16531.16  6924.6875  1.00000e+00  1.00000e+00  4.41892e-01  1.38009e-02
  16559.71  6925.3125  1.00000e+00  1.00000e+00  3.95577e-01  1.11132e-02
  16588.26  6925.9375  1.00000e+00  1.00000e+00  3.76132e-01  8.11516e-03
  16616.81  6926.5625  1.00000e+00  1.00000e+00  4.00470e-01  8.33677e-03
  16645.37  6927.1875  1.00000e+00  1.00000e+00  3.93032e-01  1.21483e-02
  16673.92  6927.8125  1.00000e+00  1.00000e+00  3.88675e-01  1.65483e-02
  16702.47  6928.4375  1.00000e+00  1.00000e+00  4.32640e-01  1.80105e-02
  16731.02  6929.0625  1.00000e+00  1.00000e+00  4.99868e-01  1.55715e-02
  16759.57  6929.6875  1.00000e+00  1.00000e+00  4.93312e-01  1.05670e-02
  16788.12  6930.3125  1.00000e+00  1.00000e+00  4.03260e-01  6.34874e-03
  16816.67  6930.9375  1.00000e+00  1.00000e+00  3.71288e-01  6.83862e-03
  16845.22  6931.5625  1.00000e+00  1.00000e+00  3.49605e-01  9.05625e-03
  16873.77  6932.1875  1.00000e+00  1.00000e+00  2.99764e-01  7.53664e-03
  16902.33  6932.8125  1.00000e+00  1.00000e+00  3.51128e-01  6.53995e-03
  16930.88  6933.4375  1.00000e+00  1.00000e+00  4.48348e-01  7.57948e-03
  16959.43  6934.0625  1.00000e+00  1.00000e+00  4.82857e-01  9.78436e-03
  16987.98  6934.6875  1.00000e+00  1.00000e+00  4.77786e-01  9.52523e-03
  17016.53  6935.3125  1.00000e+00  1.00000e+00  4.73510e-01  6.02515e-03
  17045.08  6935.9375  1.00000e+00  1.00000e+00  4.62309e-01  4.48776e-03
  17073.63  6936.5625  1.00000e+00  1.00000e+00  4.59439e-01  5.97738e-03
  17102.18  6937.1875  1.00000e+00  1.00000e+00  4.58001e-01  7.76233e-03
  17130.73  6937.8125  1.00000e+00  1.00000e+00  4.68725e-01  9.07610e-03
  17159.28  6938.4375  1.00000e+00  1.00000e+00  4.89544e-01  1.07202e-02
  17187.84  6939.0625  1.00000e+00  1.00000e+00  4.56504e-01  1.12849e-02
  17216.39  6939.6875  1.00000e+00  1.00000e+00  4.35131e-01  1.10138e-02
  17244.94  6940.3125  1.00000e+00  1.00000e+00  4.65042e-01  9.32915e-03
  17273.49  6940.9375  1.00000e+00  1.00000e+00  4.67605e-01  7.44376e-03
  17302.04  6941.5625  1.00000e+00  1.00000e+00  4.16504e-01  6.95678e-03
  17330.59  6942.1875  1.00000e+00  1.00000e+00  3.98825e-01  5.71393e-03
  17359.14  6942.8125  1.00000e+00  1.00000e+00  3.84870e-01  3.39067e-03
  17387.69  6943.4375  1.00000e+00  1.00000e+00  3.96125e-01  3.09427e-03
  17416.24  6944.0625  1.00000e+00  1.00000e+00  4.35890e-01  5.26374e-03
  17444.79  6944.6875  1.00000e+00  1.00000e+00  4.42348e-01  6.28632e-03
  17473.35  6945.3125  1.00000e+00  1.00000e+00  4.40000e-01  6.19695e-03
  17501.90  6945.9375  1.00000e+00  1.00000e+00  4.16310e-01  5.34144e-03
  17530.45  6946.5625  1.00000e+00  1.00000e+00  3.76834e-01  6.99440e-03
  17559.00  6947.1875  1.00000e+00  1.00000e+00  3.57565e-01  1.08344e-02
  17587.55  6947.8125  1.00000e+00  1.00000e+00  4.04042e-01  1.01943e-02
  17616.10  6948.4375  1.00000e+00  1.00000e+00  4.36953e-01  7.30444e-03
  17644.65  6949.0625  1.00000e+00  1.00000e+00  4.28539e-01  6.50779e-03
  17673.20  6949.6875  1.00000e+00  1.00000e+00  4.35270e-01  5.77936e-03
