# day004  epoch=4.0d  L_Halpha=8.487e+40 erg/s  smooth_kms=25.0
# Columns:
#   1: Δv [km/s]      velocity offset from Hα (6562.81 Å), positive = redshift
#   2: lambda [Å]     observed wavelength
#   3: F_norm         total flux, smoothed, normalized to F_cont_baseline
#   4: F_norm_raw     total flux, RAW MC (no velocity smoothing)
#   5: F_cont_smooth  continuum-channel flux (continuum photons only)
#   6: F_vol_smooth   volumetric-channel flux (line emission contribution)
# Format: F_norm ≈ F_cont_smooth + F_vol_smooth (within MC noise)
# ----------------------------------------------------------------------------------------
 -16559.48  6200.3125  1.19246e+00  1.22584e+00  1.19321e+00  0.00000e+00
 -16530.93  6200.9375  1.11557e+00  1.13466e+00  1.11699e+00  0.00000e+00
 -16502.38  6201.5625  9.99570e-01  9.90848e-01  1.00057e+00  0.00000e+00
 -16473.83  6202.1875  9.31515e-01  8.54184e-01  9.31312e-01  0.00000e+00
 -16445.28  6202.8125  1.00306e+00  9.47147e-01  1.00238e+00  0.00000e+00
 -16416.73  6203.4375  1.14903e+00  1.22440e+00  1.14865e+00  0.00000e+00
 -16388.18  6204.0625  1.19599e+00  1.25144e+00  1.19612e+00  0.00000e+00
 -16359.63  6204.6875  1.10803e+00  1.13924e+00  1.10850e+00  0.00000e+00
 -16331.08  6205.3125  9.83173e-01  9.16028e-01  9.83986e-01  0.00000e+00
 -16302.53  6205.9375  9.35252e-01  9.25209e-01  9.36708e-01  0.00000e+00
 -16273.97  6206.5625  9.64717e-01  9.18584e-01  9.65831e-01  0.00000e+00
 -16245.42  6207.1875  9.99124e-01  1.11178e+00  1.00032e+00  0.00000e+00
 -16216.87  6207.8125  9.71815e-01  8.69660e-01  9.72440e-01  0.00000e+00
 -16188.32  6208.4375  9.87107e-01  1.03212e+00  9.86940e-01  0.00000e+00
 -16159.77  6209.0625  1.01094e+00  9.95512e-01  1.00979e+00  0.00000e+00
 -16131.22  6209.6875  1.05005e+00  1.01926e+00  1.04790e+00  0.00000e+00
 -16102.67  6210.3125  1.12371e+00  1.14044e+00  1.12161e+00  0.00000e+00
 -16074.12  6210.9375  1.12405e+00  1.24454e+00  1.12336e+00  0.00000e+00
 -16045.57  6211.5625  1.00335e+00  9.19620e-01  1.00439e+00  0.00000e+00
 -16017.01  6212.1875  8.94534e-01  9.43226e-01  8.95896e-01  0.00000e+00
 -15988.46  6212.8125  8.30408e-01  7.26355e-01  8.31081e-01  0.00000e+00
 -15959.91  6213.4375  8.68374e-01  8.83560e-01  8.68869e-01  0.00000e+00
 -15931.36  6214.0625  9.23940e-01  9.59521e-01  9.23811e-01  0.00000e+00
 -15902.81  6214.6875  8.99815e-01  9.50051e-01  8.99409e-01  0.00000e+00
 -15874.26  6215.3125  8.58314e-01  7.36883e-01  8.58629e-01  0.00000e+00
 -15845.71  6215.9375  9.16587e-01  9.67827e-01  9.17143e-01  0.00000e+00
 -15817.16  6216.5625  9.79668e-01  9.74053e-01  9.80054e-01  0.00000e+00
 -15788.61  6217.1875  9.86408e-01  1.05219e+00  9.85995e-01  0.00000e+00
 -15760.06  6217.8125  9.59913e-01  8.67908e-01  9.58600e-01  0.00000e+00
 -15731.50  6218.4375  9.69800e-01  1.05018e+00  9.68644e-01  0.00000e+00
 -15702.95  6219.0625  9.54704e-01  9.01894e-01  9.54404e-01  0.00000e+00
 -15674.40  6219.6875  9.16629e-01  1.00720e+00  9.16811e-01  0.00000e+00
 -15645.85  6220.3125  9.12192e-01  6.99141e-01  9.11877e-01  0.00000e+00
 -15617.30  6220.9375  1.05976e+00  1.18730e+00  1.05863e+00  0.00000e+00
 -15588.75  6221.5625  1.12155e+00  1.18681e+00  1.12007e+00  0.00000e+00
 -15560.20  6222.1875  9.99769e-01  1.05284e+00  9.99154e-01  0.00000e+00
 -15531.65  6222.8125  8.69721e-01  6.88428e-01  8.69641e-01  0.00000e+00
 -15503.10  6223.4375  8.92832e-01  9.87485e-01  8.92792e-01  0.00000e+00
 -15474.55  6224.0625  9.41197e-01  8.66404e-01  9.41655e-01  0.00000e+00
 -15445.99  6224.6875  9.94142e-01  1.06457e+00  9.94644e-01  0.00000e+00
 -15417.44  6225.3125  9.80374e-01  1.00801e+00  9.80787e-01  0.00000e+00
 -15388.89  6225.9375  9.32548e-01  8.63413e-01  9.32965e-01  0.00000e+00
 -15360.34  6226.5625  9.65944e-01  9.45302e-01  9.66037e-01  0.00000e+00
 -15331.79  6227.1875  9.95678e-01  1.12215e+00  9.95246e-01  0.00000e+00
 -15303.24  6227.8125  9.45176e-01  8.18540e-01  9.45320e-01  0.00000e+00
 -15274.69  6228.4375  9.37839e-01  1.02526e+00  9.38363e-01  0.00000e+00
 -15246.14  6229.0625  9.44132e-01  8.44662e-01  9.44365e-01  0.00000e+00
 -15217.59  6229.6875  9.79158e-01  1.06794e+00  9.78682e-01  0.00000e+00
 -15189.03  6230.3125  9.33228e-01  9.71718e-01  9.31949e-01  0.00000e+00
 -15160.48  6230.9375  8.56884e-01  7.40657e-01  8.55893e-01  0.00000e+00
 -15131.93  6231.5625  9.22303e-01  8.98114e-01  9.21736e-01  0.00000e+00
 -15103.38  6232.1875  1.05313e+00  1.10882e+00  1.05244e+00  0.00000e+00
 -15074.83  6232.8125  1.08454e+00  1.16005e+00  1.08401e+00  0.00000e+00
 -15046.28  6233.4375  1.01803e+00  9.54071e-01  1.01751e+00  0.00000e+00
 -15017.73  6234.0625  9.45983e-01  1.02219e+00  9.45506e-01  0.00000e+00
 -14989.18  6234.6875  8.65908e-01  7.72356e-01  8.65681e-01  0.00000e+00
 -14960.63  6235.3125  8.77715e-01  8.61584e-01  8.77222e-01  0.00000e+00
 -14932.08  6235.9375  9.76733e-01  9.49410e-01  9.76400e-01  0.00000e+00
 -14903.52  6236.5625  1.04082e+00  1.18766e+00  1.04130e+00  0.00000e+00
 -14874.97  6237.1875  1.00890e+00  8.67913e-01  1.00922e+00  0.00000e+00
 -14846.42  6237.8125  1.02978e+00  1.10657e+00  1.02929e+00  0.00000e+00
 -14817.87  6238.4375  1.02513e+00  1.03607e+00  1.02467e+00  0.00000e+00
 -14789.32  6239.0625  1.01144e+00  9.28866e-01  1.01109e+00  0.00000e+00
 -14760.77  6239.6875  1.04524e+00  1.13305e+00  1.04519e+00  0.00000e+00
 -14732.22  6240.3125  1.01675e+00  1.01208e+00  1.01732e+00  0.00000e+00
 -14703.67  6240.9375  9.74470e-01  9.16970e-01  9.74416e-01  0.00000e+00
 -14675.12  6241.5625  9.43031e-01  1.06213e+00  9.42416e-01  0.00000e+00
 -14646.57  6242.1875  9.07302e-01  7.07867e-01  9.07476e-01  0.00000e+00
 -14618.01  6242.8125  1.02700e+00  1.08577e+00  1.02776e+00  0.00000e+00
 -14589.46  6243.4375  1.09801e+00  1.24280e+00  1.09799e+00  0.00000e+00
 -14560.91  6244.0625  9.71619e-01  9.41006e-01  9.70538e-01  0.00000e+00
 -14532.36  6244.6875  8.99409e-01  7.18376e-01  8.98046e-01  0.00000e+00
 -14503.81  6245.3125  9.67303e-01  1.16029e+00  9.66345e-01  0.00000e+00
 -14475.26  6245.9375  9.21696e-01  8.71137e-01  9.21430e-01  0.00000e+00
 -14446.71  6246.5625  8.75159e-01  8.04168e-01  8.74801e-01  0.00000e+00
 -14418.16  6247.1875  9.41675e-01  9.48907e-01  9.41553e-01  0.00000e+00
 -14389.61  6247.8125  1.01913e+00  1.06074e+00  1.01912e+00  0.00000e+00
 -14361.06  6248.4375  1.04866e+00  1.03041e+00  1.04810e+00  0.00000e+00
 -14332.50  6249.0625  1.05043e+00  1.09142e+00  1.04965e+00  0.00000e+00
 -14303.95  6249.6875  9.91799e-01  1.02789e+00  9.90741e-01  0.00000e+00
 -14275.40  6250.3125  9.71297e-01  7.81269e-01  9.69958e-01  0.00000e+00
 -14246.85  6250.9375  1.09186e+00  1.24006e+00  1.09123e+00  0.00000e+00
 -14218.30  6251.5625  1.13401e+00  1.12130e+00  1.13480e+00  0.00000e+00
 -14189.75  6252.1875  1.07391e+00  1.14115e+00  1.07465e+00  0.00000e+00
 -14161.20  6252.8125  1.02378e+00  8.61477e-01  1.02390e+00  0.00000e+00
 -14132.65  6253.4375  1.11769e+00  1.16519e+00  1.11860e+00  0.00000e+00
 -14104.10  6254.0625  1.17152e+00  1.29019e+00  1.17284e+00  0.00000e+00
 -14075.54  6254.6875  1.03812e+00  1.05565e+00  1.03803e+00  0.00000e+00
 -14046.99  6255.3125  9.01108e-01  7.42697e-01  9.00366e-01  0.00000e+00
 -14018.44  6255.9375  9.17084e-01  9.90932e-01  9.17513e-01  0.00000e+00
 -13989.89  6256.5625  9.44730e-01  9.22400e-01  9.45444e-01  0.00000e+00
 -13961.34  6257.1875  9.74978e-01  9.51430e-01  9.75290e-01  0.00000e+00
 -13932.79  6257.8125  1.00978e+00  1.06932e+00  1.00963e+00  0.00000e+00
 -13904.24  6258.4375  9.57499e-01  9.99848e-01  9.57229e-01  0.00000e+00
 -13875.69  6259.0625  8.64783e-01  7.77781e-01  8.64792e-01  0.00000e+00
 -13847.14  6259.6875  8.44141e-01  8.76459e-01  8.44083e-01  0.00000e+00
 -13818.59  6260.3125  8.82088e-01  7.92127e-01  8.81567e-01  0.00000e+00
 -13790.03  6260.9375  9.49995e-01  1.07800e+00  9.49212e-01  0.00000e+00
 -13761.48  6261.5625  9.75508e-01  8.48018e-01  9.74921e-01  0.00000e+00
 -13732.93  6262.1875  1.06004e+00  1.12406e+00  1.05985e+00  0.00000e+00
 -13704.38  6262.8125  1.16128e+00  1.10235e+00  1.16162e+00  0.00000e+00
 -13675.83  6263.4375  1.18706e+00  1.38764e+00  1.18765e+00  0.00000e+00
 -13647.28  6264.0625  1.02371e+00  9.54503e-01  1.02400e+00  0.00000e+00
 -13618.73  6264.6875  8.95911e-01  7.93424e-01  8.96030e-01  0.00000e+00
 -13590.18  6265.3125  9.50087e-01  9.32562e-01  9.50318e-01  0.00000e+00
 -13561.63  6265.9375  1.07192e+00  1.10276e+00  1.07212e+00  0.00000e+00
 -13533.08  6266.5625  1.13685e+00  1.19000e+00  1.13686e+00  0.00000e+00
 -13504.52  6267.1875  1.14960e+00  1.07775e+00  1.14876e+00  0.00000e+00
 -13475.97  6267.8125  1.11641e+00  1.30476e+00  1.11557e+00  0.00000e+00
 -13447.42  6268.4375  9.77663e-01  8.03700e-01  9.78061e-01  0.00000e+00
 -13418.87  6269.0625  9.32945e-01  9.79631e-01  9.33733e-01  0.00000e+00
 -13390.32  6269.6875  9.56044e-01  9.00523e-01  9.56219e-01  0.00000e+00
 -13361.77  6270.3125  9.77181e-01  1.06606e+00  9.76315e-01  0.00000e+00
 -13333.22  6270.9375  9.15870e-01  9.09799e-01  9.15358e-01  0.00000e+00
 -13304.67  6271.5625  8.25526e-01  8.01526e-01  8.25651e-01  0.00000e+00
 -13276.12  6272.1875  7.80302e-01  7.64537e-01  7.80430e-01  0.00000e+00
 -13247.56  6272.8125  8.19836e-01  7.36266e-01  8.20601e-01  0.00000e+00
 -13219.01  6273.4375  9.38437e-01  1.00483e+00  9.39740e-01  0.00000e+00
 -13190.46  6274.0625  9.76101e-01  1.05052e+00  9.77623e-01  0.00000e+00
 -13161.91  6274.6875  9.10998e-01  8.56383e-01  9.11478e-01  0.00000e+00
 -13133.36  6275.3125  8.89094e-01  8.58228e-01  8.88821e-01  0.00000e+00
 -13104.81  6275.9375  9.31621e-01  9.51671e-01  9.30970e-01  0.00000e+00
 -13076.26  6276.5625  1.03574e+00  9.12172e-01  1.03516e+00  0.00000e+00
 -13047.71  6277.1875  1.15904e+00  1.38238e+00  1.15896e+00  0.00000e+00
 -13019.16  6277.8125  1.08876e+00  1.04631e+00  1.08846e+00  0.00000e+00
 -12990.61  6278.4375  1.01957e+00  8.87544e-01  1.01944e+00  0.00000e+00
 -12962.05  6279.0625  1.06515e+00  1.19631e+00  1.06539e+00  0.00000e+00
 -12933.50  6279.6875  1.02394e+00  1.02028e+00  1.02458e+00  0.00000e+00
 -12904.95  6280.3125  9.75316e-01  8.61401e-01  9.75771e-01  0.00000e+00
 -12876.40  6280.9375  9.82123e-01  1.15045e+00  9.82434e-01  0.00000e+00
 -12847.85  6281.5625  9.64725e-01  7.37588e-01  9.64516e-01  0.00000e+00
 -12819.30  6282.1875  1.03061e+00  1.23661e+00  1.03061e+00  0.00000e+00
 -12790.75  6282.8125  1.02044e+00  9.10068e-01  1.02042e+00  0.00000e+00
 -12762.20  6283.4375  1.03731e+00  1.04272e+00  1.03633e+00  0.00000e+00
 -12733.65  6284.0625  1.10546e+00  1.10319e+00  1.10476e+00  0.00000e+00
 -12705.10  6284.6875  1.13241e+00  1.21035e+00  1.13291e+00  0.00000e+00
 -12676.54  6285.3125  1.10097e+00  1.02852e+00  1.10197e+00  0.00000e+00
 -12647.99  6285.9375  1.12254e+00  1.10892e+00  1.12309e+00  0.00000e+00
 -12619.44  6286.5625  1.12844e+00  1.26330e+00  1.12886e+00  0.00000e+00
 -12590.89  6287.1875  1.07090e+00  8.84130e-01  1.07084e+00  0.00000e+00
 -12562.34  6287.8125  1.05549e+00  1.27408e+00  1.05545e+00  0.00000e+00
 -12533.79  6288.4375  9.88663e-01  7.71425e-01  9.88499e-01  0.00000e+00
 -12505.24  6289.0625  1.07140e+00  1.09017e+00  1.07041e+00  0.00000e+00
 -12476.69  6289.6875  1.20612e+00  1.28687e+00  1.20453e+00  0.00000e+00
 -12448.14  6290.3125  1.24824e+00  1.20763e+00  1.24729e+00  0.00000e+00
 -12419.58  6290.9375  1.20069e+00  1.36301e+00  1.19995e+00  0.00000e+00
 -12391.03  6291.5625  1.04870e+00  9.00968e-01  1.04798e+00  0.00000e+00
 -12362.48  6292.1875  1.00397e+00  9.90815e-01  1.00419e+00  0.00000e+00
 -12333.93  6292.8125  1.04085e+00  1.07201e+00  1.04199e+00  0.00000e+00
 -12305.38  6293.4375  1.02749e+00  1.06607e+00  1.02862e+00  0.00000e+00
 -12276.83  6294.0625  9.82305e-01  9.24202e-01  9.83380e-01  0.00000e+00
 -12248.28  6294.6875  1.04009e+00  9.49674e-01  1.04084e+00  0.00000e+00
 -12219.73  6295.3125  1.15839e+00  1.31420e+00  1.15869e+00  0.00000e+00
 -12191.18  6295.9375  1.13625e+00  1.12254e+00  1.13607e+00  0.00000e+00
 -12162.63  6296.5625  1.07749e+00  1.01047e+00  1.07718e+00  0.00000e+00
 -12134.07  6297.1875  1.05989e+00  1.15915e+00  1.05938e+00  0.00000e+00
 -12105.52  6297.8125  1.09275e+00  8.41953e-01  1.09208e+00  0.00000e+00
 -12076.97  6298.4375  1.21286e+00  1.53369e+00  1.21306e+00  0.00000e+00
 -12048.42  6299.0625  1.14971e+00  9.89155e-01  1.14988e+00  0.00000e+00
 -12019.87  6299.6875  1.09662e+00  1.13003e+00  1.09570e+00  0.00000e+00
 -11991.32  6300.3125  1.12085e+00  1.05613e+00  1.11927e+00  0.00000e+00
 -11962.77  6300.9375  1.14950e+00  1.26448e+00  1.14873e+00  0.00000e+00
 -11934.22  6301.5625  1.10066e+00  1.03635e+00  1.10144e+00  0.00000e+00
 -11905.67  6302.1875  1.05722e+00  1.07996e+00  1.05764e+00  0.00000e+00
 -11877.12  6302.8125  1.04433e+00  1.00770e+00  1.04309e+00  0.00000e+00
 -11848.56  6303.4375  1.12042e+00  1.02518e+00  1.11809e+00  0.00000e+00
 -11820.01  6304.0625  1.22790e+00  1.42128e+00  1.22583e+00  0.00000e+00
 -11791.46  6304.6875  1.15221e+00  1.13395e+00  1.15223e+00  0.00000e+00
 -11762.91  6305.3125  1.06737e+00  9.26604e-01  1.06834e+00  0.00000e+00
 -11734.36  6305.9375  1.09327e+00  1.23127e+00  1.09347e+00  0.00000e+00
 -11705.81  6306.5625  1.05948e+00  9.98132e-01  1.05899e+00  0.00000e+00
 -11677.26  6307.1875  1.04276e+00  1.01785e+00  1.04304e+00  0.00000e+00
 -11648.71  6307.8125  1.08440e+00  1.10039e+00  1.08492e+00  0.00000e+00
 -11620.16  6308.4375  1.15003e+00  1.09243e+00  1.15101e+00  0.00000e+00
 -11591.60  6309.0625  1.16440e+00  1.37038e+00  1.16602e+00  0.00000e+00
 -11563.05  6309.6875  1.04970e+00  8.66391e-01  1.05116e+00  0.00000e+00
 -11534.50  6310.3125  1.05675e+00  1.05303e+00  1.05809e+00  0.00000e+00
 -11505.95  6310.9375  1.13994e+00  1.19948e+00  1.14133e+00  0.00000e+00
 -11477.40  6311.5625  1.19859e+00  1.11706e+00  1.19956e+00  0.00000e+00
 -11448.85  6312.1875  1.27116e+00  1.36828e+00  1.27082e+00  0.00000e+00
 -11420.30  6312.8125  1.26521e+00  1.25556e+00  1.26428e+00  0.00000e+00
 -11391.75  6313.4375  1.18495e+00  1.24485e+00  1.18433e+00  0.00000e+00
 -11363.20  6314.0625  1.11924e+00  9.61596e-01  1.11916e+00  0.00000e+00
 -11334.65  6314.6875  1.16407e+00  1.27346e+00  1.16512e+00  0.00000e+00
 -11306.09  6315.3125  1.19862e+00  1.12850e+00  1.19959e+00  0.00000e+00
 -11277.54  6315.9375  1.25117e+00  1.27142e+00  1.25161e+00  0.00000e+00
 -11248.99  6316.5625  1.27672e+00  1.34197e+00  1.27719e+00  0.00000e+00
 -11220.44  6317.1875  1.22159e+00  1.19335e+00  1.22121e+00  0.00000e+00
 -11191.89  6317.8125  1.15152e+00  1.17561e+00  1.15068e+00  0.00000e+00
 -11163.34  6318.4375  1.11309e+00  1.03518e+00  1.11267e+00  0.00000e+00
 -11134.79  6319.0625  1.17922e+00  1.14659e+00  1.17859e+00  0.00000e+00
 -11106.24  6319.6875  1.23211e+00  1.40484e+00  1.23090e+00  0.00000e+00
 -11077.69  6320.3125  1.12070e+00  1.05817e+00  1.11870e+00  0.00000e+00
 -11049.14  6320.9375  1.09014e+00  9.15208e-01  1.08744e+00  0.00000e+00
 -11020.58  6321.5625  1.24035e+00  1.38487e+00  1.23726e+00  0.00000e+00
 -10992.03  6322.1875  1.34223e+00  1.27335e+00  1.33970e+00  0.00000e+00
 -10963.48  6322.8125  1.34814e+00  1.52445e+00  1.34688e+00  0.00000e+00
 -10934.93  6323.4375  1.18806e+00  1.14045e+00  1.18729e+00  0.00000e+00
 -10906.38  6324.0625  1.04959e+00  9.41308e-01  1.04911e+00  0.00000e+00
 -10877.83  6324.6875  1.02279e+00  1.11841e+00  1.02216e+00  0.00000e+00
 -10849.28  6325.3125  9.76753e-01  9.10111e-01  9.76245e-01  0.00000e+00
 -10820.73  6325.9375  9.66737e-01  9.60794e-01  9.66907e-01  0.00000e+00
 -10792.18  6326.5625  9.71852e-01  1.02510e+00  9.72126e-01  0.00000e+00
 -10763.62  6327.1875  9.55245e-01  8.82606e-01  9.55335e-01  0.00000e+00
 -10735.07  6327.8125  9.88012e-01  1.01168e+00  9.87613e-01  0.00000e+00
 -10706.52  6328.4375  1.01752e+00  1.04337e+00  1.01705e+00  0.00000e+00
 -10677.97  6329.0625  1.03041e+00  9.80353e-01  1.02999e+00  0.00000e+00
 -10649.42  6329.6875  1.07682e+00  1.10051e+00  1.07565e+00  0.00000e+00
 -10620.87  6330.3125  1.07843e+00  1.14966e+00  1.07666e+00  0.00000e+00
 -10592.32  6330.9375  9.84581e-01  9.67009e-01  9.83812e-01  0.00000e+00
 -10563.77  6331.5625  9.02423e-01  8.49602e-01  9.02409e-01  0.00000e+00
 -10535.22  6332.1875  9.00338e-01  8.95502e-01  8.99943e-01  0.00000e+00
 -10506.67  6332.8125  9.15984e-01  9.60288e-01  9.15060e-01  0.00000e+00
 -10478.11  6333.4375  9.66417e-01  8.10564e-01  9.64852e-01  0.00000e+00
 -10449.56  6334.0625  1.10009e+00  1.26188e+00  1.09872e+00  0.00000e+00
 -10421.01  6334.6875  1.11840e+00  1.10866e+00  1.11730e+00  0.00000e+00
 -10392.46  6335.3125  1.08090e+00  1.03724e+00  1.08011e+00  0.00000e+00
 -10363.91  6335.9375  1.06064e+00  1.12941e+00  1.06032e+00  0.00000e+00
 -10335.36  6336.5625  9.80351e-01  9.71461e-01  9.80235e-01  0.00000e+00
 -10306.81  6337.1875  8.61892e-01  8.81940e-01  8.61834e-01  0.00000e+00
 -10278.26  6337.8125  7.73200e-01  6.89709e-01  7.73818e-01  0.00000e+00
 -10249.71  6338.4375  8.26743e-01  7.49633e-01  8.27222e-01  0.00000e+00
 -10221.16  6339.0625  9.56032e-01  1.08580e+00  9.56635e-01  0.00000e+00
 -10192.60  6339.6875  9.85627e-01  9.42095e-01  9.86545e-01  0.00000e+00
 -10164.05  6340.3125  9.62704e-01  1.02695e+00  9.63191e-01  0.00000e+00
 -10135.50  6340.9375  9.56114e-01  8.16837e-01  9.56045e-01  0.00000e+00
 -10106.95  6341.5625  1.01265e+00  1.15294e+00  1.01232e+00  0.00000e+00
 -10078.40  6342.1875  9.66164e-01  9.69661e-01  9.66381e-01  0.00000e+00
 -10049.85  6342.8125  9.01651e-01  7.84468e-01  9.01299e-01  0.00000e+00
 -10021.30  6343.4375  9.17791e-01  1.03553e+00  9.16477e-01  0.00000e+00
  -9992.75  6344.0625  8.89422e-01  8.15392e-01  8.88357e-01  0.00000e+00
  -9964.20  6344.6875  8.37813e-01  9.36745e-01  8.37691e-01  0.00000e+00
  -9935.65  6345.3125  7.94300e-01  6.25565e-01  7.94592e-01  0.00000e+00
  -9907.09  6345.9375  8.58945e-01  9.56260e-01  8.59221e-01  0.00000e+00
  -9878.54  6346.5625  8.93282e-01  9.01796e-01  8.93874e-01  0.00000e+00
  -9849.99  6347.1875  9.60862e-01  7.91976e-01  9.61808e-01  0.00000e+00
  -9821.44  6347.8125  1.15569e+00  1.29967e+00  1.15625e+00  0.00000e+00
  -9792.89  6348.4375  1.22475e+00  1.28718e+00  1.22487e+00  0.00000e+00
  -9764.34  6349.0625  1.16069e+00  1.10540e+00  1.16138e+00  0.00000e+00
  -9735.79  6349.6875  1.10447e+00  1.14507e+00  1.10663e+00  0.00000e+00
  -9707.24  6350.3125  1.06028e+00  1.00719e+00  1.06254e+00  0.00000e+00
  -9678.69  6350.9375  1.08854e+00  1.03724e+00  1.08922e+00  0.00000e+00
  -9650.13  6351.5625  1.10149e+00  1.30023e+00  1.10068e+00  0.00000e+00
  -9621.58  6352.1875  9.90122e-01  8.08115e-01  9.89432e-01  0.00000e+00
  -9593.03  6352.8125  9.63279e-01  1.03230e+00  9.63487e-01  0.00000e+00
  -9564.48  6353.4375  9.87824e-01  9.17106e-01  9.88213e-01  0.00000e+00
  -9535.93  6354.0625  1.00924e+00  1.11167e+00  1.00904e+00  0.00000e+00
  -9507.38  6354.6875  9.46401e-01  9.32454e-01  9.46801e-01  0.00000e+00
  -9478.83  6355.3125  9.09915e-01  7.96419e-01  9.11904e-01  0.00000e+00
  -9450.28  6355.9375  1.00220e+00  1.04751e+00  1.00488e+00  0.00000e+00
  -9421.73  6356.5625  1.09467e+00  1.10613e+00  1.09718e+00  0.00000e+00
  -9393.18  6357.1875  1.11288e+00  1.17146e+00  1.11520e+00  0.00000e+00
  -9364.62  6357.8125  1.05093e+00  1.03859e+00  1.05269e+00  0.00000e+00
  -9336.07  6358.4375  9.65887e-01  9.80044e-01  9.66368e-01  0.00000e+00
  -9307.52  6359.0625  9.48422e-01  8.08232e-01  9.48691e-01  0.00000e+00
  -9278.97  6359.6875  1.02999e+00  1.16139e+00  1.03053e+00  0.00000e+00
  -9250.42  6360.3125  1.02057e+00  1.02495e+00  1.02061e+00  0.00000e+00
  -9221.87  6360.9375  9.75920e-01  8.99373e-01  9.75517e-01  0.00000e+00
  -9193.32  6361.5625  1.01197e+00  1.03424e+00  1.01037e+00  0.00000e+00
  -9164.77  6362.1875  1.05201e+00  1.07431e+00  1.04979e+00  0.00000e+00
  -9136.22  6362.8125  1.06069e+00  1.04320e+00  1.05927e+00  0.00000e+00
  -9107.67  6363.4375  1.05793e+00  1.09204e+00  1.05765e+00  0.00000e+00
  -9079.11  6364.0625  1.02932e+00  1.01584e+00  1.02949e+00  0.00000e+00
  -9050.56  6364.6875  1.01471e+00  9.78972e-01  1.01518e+00  0.00000e+00
  -9022.01  6365.3125  9.64777e-01  1.12415e+00  9.65000e-01  0.00000e+00
  -8993.46  6365.9375  8.46880e-01  6.42918e-01  8.46745e-01  0.00000e+00
  -8964.91  6366.5625  8.81599e-01  9.19799e-01  8.81314e-01  0.00000e+00
  -8936.36  6367.1875  9.73851e-01  9.95109e-01  9.73573e-01  0.00000e+00
  -8907.81  6367.8125  1.06922e+00  9.85985e-01  1.06907e+00  0.00000e+00
  -8879.26  6368.4375  1.19745e+00  1.29409e+00  1.19670e+00  0.00000e+00
  -8850.71  6369.0625  1.16245e+00  1.30836e+00  1.16169e+00  0.00000e+00
  -8822.15  6369.6875  9.65732e-01  8.23639e-01  9.66047e-01  0.00000e+00
  -8793.60  6370.3125  9.11689e-01  8.32994e-01  9.12142e-01  0.00000e+00
  -8765.05  6370.9375  9.85834e-01  1.07989e+00  9.86280e-01  0.00000e+00
  -8736.50  6371.5625  9.57750e-01  1.00587e+00  9.59614e-01  0.00000e+00
  -8707.95  6372.1875  8.18527e-01  8.12534e-01  8.20431e-01  0.00000e+00
  -8679.40  6372.8125  7.35130e-01  6.01883e-01  7.36135e-01  0.00000e+00
  -8650.85  6373.4375  8.13574e-01  8.39356e-01  8.13885e-01  0.00000e+00
  -8622.30  6374.0625  8.94152e-01  9.72045e-01  8.94129e-01  0.00000e+00
  -8593.75  6374.6875  9.06566e-01  8.26511e-01  9.06807e-01  0.00000e+00
  -8565.20  6375.3125  9.43518e-01  9.93840e-01  9.44452e-01  0.00000e+00
  -8536.64  6375.9375  9.15449e-01  1.00229e+00  9.16295e-01  0.00000e+00
  -8508.09  6376.5625  8.87752e-01  6.36162e-01  8.87354e-01  0.00000e+00
  -8479.54  6377.1875  9.88965e-01  1.24676e+00  9.88067e-01  0.00000e+00
  -8450.99  6377.8125  9.76558e-01  8.47730e-01  9.75816e-01  0.00000e+00
  -8422.44  6378.4375  1.02035e+00  9.58502e-01  1.01978e+00  0.00000e+00
  -8393.89  6379.0625  1.12371e+00  1.27944e+00  1.12369e+00  0.00000e+00
  -8365.34  6379.6875  1.10483e+00  1.03443e+00  1.10542e+00  0.00000e+00
  -8336.79  6380.3125  1.09193e+00  1.07880e+00  1.09231e+00  0.00000e+00
  -8308.24  6380.9375  1.07283e+00  1.17231e+00  1.07262e+00  0.00000e+00
  -8279.69  6381.5625  9.28734e-01  9.44262e-01  9.27788e-01  0.00000e+00
  -8251.13  6382.1875  8.19346e-01  6.22476e-01  8.18455e-01  0.00000e+00
  -8222.58  6382.8125  8.84872e-01  1.00761e+00  8.84182e-01  0.00000e+00
  -8194.03  6383.4375  8.94358e-01  9.15414e-01  8.94492e-01  0.00000e+00
  -8165.48  6384.0625  8.34920e-01  7.90616e-01  8.35404e-01  0.00000e+00
  -8136.93  6384.6875  8.33872e-01  8.12931e-01  8.33633e-01  0.00000e+00
  -8108.38  6385.3125  9.47573e-01  8.41299e-01  9.46705e-01  0.00000e+00
  -8079.83  6385.9375  1.13384e+00  1.26835e+00  1.13281e+00  0.00000e+00
  -8051.28  6386.5625  1.17461e+00  1.22832e+00  1.17402e+00  0.00000e+00
  -8022.73  6387.1875  1.10115e+00  1.04641e+00  1.10105e+00  0.00000e+00
  -7994.17  6387.8125  1.09607e+00  1.03251e+00  1.09623e+00  0.00000e+00
  -7965.62  6388.4375  1.10139e+00  1.28258e+00  1.10208e+00  0.00000e+00
  -7937.07  6389.0625  9.79351e-01  8.60471e-01  9.80056e-01  0.00000e+00
  -7908.52  6389.6875  9.36203e-01  8.83657e-01  9.36641e-01  0.00000e+00
  -7879.97  6390.3125  9.64065e-01  1.07434e+00  9.64121e-01  0.00000e+00
  -7851.42  6390.9375  9.16600e-01  8.61445e-01  9.16737e-01  0.00000e+00
  -7822.87  6391.5625  9.15429e-01  8.48989e-01  9.16592e-01  0.00000e+00
  -7794.32  6392.1875  9.95388e-01  1.05900e+00  9.96910e-01  0.00000e+00
  -7765.77  6392.8125  1.04425e+00  1.01716e+00  1.04491e+00  0.00000e+00
  -7737.22  6393.4375  1.01369e+00  1.15423e+00  1.01419e+00  0.00000e+00
  -7708.66  6394.0625  9.24945e-01  7.32886e-01  9.25766e-01  0.00000e+00
  -7680.11  6394.6875  9.72257e-01  1.02447e+00  9.73067e-01  0.00000e+00
  -7651.56  6395.3125  9.94552e-01  1.11638e+00  9.95545e-01  0.00000e+00
  -7623.01  6395.9375  9.48626e-01  7.47296e-01  9.48548e-01  0.00000e+00
  -7594.46  6396.5625  1.04172e+00  1.12659e+00  1.04055e+00  0.00000e+00
  -7565.91  6397.1875  1.10338e+00  1.16683e+00  1.10238e+00  0.00000e+00
  -7537.36  6397.8125  1.07332e+00  1.01148e+00  1.07326e+00  0.00000e+00
  -7508.81  6398.4375  1.08349e+00  1.08150e+00  1.08374e+00  0.00000e+00
  -7480.26  6399.0625  1.09743e+00  1.15440e+00  1.09755e+00  0.00000e+00
  -7451.71  6399.6875  1.04414e+00  1.03911e+00  1.04389e+00  0.00000e+00
  -7423.15  6400.3125  1.00420e+00  9.32604e-01  1.00420e+00  0.00000e+00
  -7394.60  6400.9375  1.02876e+00  1.08812e+00  1.02900e+00  0.00000e+00
  -7366.05  6401.5625  1.08156e+00  9.71807e-01  1.08197e+00  0.00000e+00
  -7337.50  6402.1875  1.19211e+00  1.28167e+00  1.19312e+00  0.00000e+00
  -7308.95  6402.8125  1.22703e+00  1.25562e+00  1.22778e+00  0.00000e+00
  -7280.40  6403.4375  1.12979e+00  1.21394e+00  1.12943e+00  0.00000e+00
  -7251.85  6404.0625  1.02541e+00  8.04016e-01  1.02497e+00  0.00000e+00
  -7223.30  6404.6875  1.01887e+00  1.27180e+00  1.01818e+00  0.00000e+00
  -7194.75  6405.3125  9.35429e-01  7.13377e-01  9.34401e-01  0.00000e+00
  -7166.19  6405.9375  9.03252e-01  1.07210e+00  9.02138e-01  0.00000e+00
  -7137.64  6406.5625  8.40332e-01  7.29820e-01  8.39181e-01  0.00000e+00
  -7109.09  6407.1875  8.49709e-01  8.11199e-01  8.48649e-01  0.00000e+00
  -7080.54  6407.8125  9.06879e-01  1.01974e+00  9.05762e-01  0.00000e+00
  -7051.99  6408.4375  9.02624e-01  7.93872e-01  9.01755e-01  0.00000e+00
  -7023.44  6409.0625  9.18044e-01  1.02733e+00  9.17624e-01  0.00000e+00
  -6994.89  6409.6875  9.82907e-01  7.46626e-01  9.82455e-01  0.00000e+00
  -6966.34  6410.3125  1.11776e+00  1.42742e+00  1.11700e+00  0.00000e+00
  -6937.79  6410.9375  1.06846e+00  9.17227e-01  1.06783e+00  0.00000e+00
  -6909.24  6411.5625  1.00415e+00  1.06740e+00  1.00382e+00  0.00000e+00
  -6880.68  6412.1875  9.69213e-01  9.18578e-01  9.68765e-01  0.00000e+00
  -6852.13  6412.8125  9.95316e-01  9.46320e-01  9.94467e-01  0.00000e+00
  -6823.58  6413.4375  1.04891e+00  1.15795e+00  1.04826e+00  0.00000e+00
  -6795.03  6414.0625  9.90786e-01  9.89319e-01  9.90526e-01  0.00000e+00
  -6766.48  6414.6875  9.02144e-01  8.53030e-01  9.02219e-01  0.00000e+00
  -6737.93  6415.3125  9.14203e-01  8.46160e-01  9.14285e-01  0.00000e+00
  -6709.38  6415.9375  9.84831e-01  1.08913e+00  9.83983e-01  0.00000e+00
  -6680.83  6416.5625  9.82027e-01  9.48184e-01  9.80483e-01  0.00000e+00
  -6652.28  6417.1875  9.98816e-01  9.33093e-01  9.97418e-01  0.00000e+00
  -6623.73  6417.8125  1.04216e+00  1.17251e+00  1.04131e+00  0.00000e+00
  -6595.17  6418.4375  9.75642e-01  9.42351e-01  9.74893e-01  0.00000e+00
  -6566.62  6419.0625  9.24485e-01  8.42815e-01  9.23854e-01  0.00000e+00
  -6538.07  6419.6875  9.72262e-01  1.01759e+00  9.72712e-01  0.00000e+00
  -6509.52  6420.3125  1.03158e+00  9.90886e-01  1.03310e+00  0.00000e+00
  -6480.97  6420.9375  1.06292e+00  1.16444e+00  1.06502e+00  0.00000e+00
  -6452.42  6421.5625  1.04870e+00  9.28999e-01  1.05059e+00  0.00000e+00
  -6423.87  6422.1875  1.03269e+00  1.20437e+00  1.03379e+00  0.00000e+00
  -6395.32  6422.8125  9.14850e-01  8.23218e-01  9.15645e-01  0.00000e+00
  -6366.77  6423.4375  8.60746e-01  7.88516e-01  8.61950e-01  0.00000e+00
  -6338.21  6424.0625  9.11479e-01  9.81481e-01  9.13122e-01  0.00000e+00
  -6309.66  6424.6875  9.26453e-01  9.01769e-01  9.28432e-01  0.00000e+00
  -6281.11  6425.3125  8.64124e-01  9.89528e-01  8.65495e-01  0.00000e+00
  -6252.56  6425.9375  7.59770e-01  5.70701e-01  7.59812e-01  0.00000e+00
  -6224.01  6426.5625  7.97312e-01  8.56191e-01  7.96933e-01  0.00000e+00
  -6195.46  6427.1875  8.70326e-01  8.62240e-01  8.70708e-01  0.00000e+00
  -6166.91  6427.8125  9.01525e-01  9.42791e-01  9.02186e-01  0.00000e+00
  -6138.36  6428.4375  9.11375e-01  8.58305e-01  9.12058e-01  0.00000e+00
  -6109.81  6429.0625  9.44277e-01  9.79792e-01  9.44347e-01  0.00000e+00
  -6081.26  6429.6875  9.35243e-01  9.80785e-01  9.34586e-01  0.00000e+00
  -6052.70  6430.3125  8.92257e-01  8.18276e-01  8.91125e-01  0.00000e+00
  -6024.15  6430.9375  9.42893e-01  8.97853e-01  9.41467e-01  0.00000e+00
  -5995.60  6431.5625  1.03667e+00  1.14109e+00  1.03574e+00  0.00000e+00
  -5967.05  6432.1875  1.06903e+00  9.85504e-01  1.06927e+00  0.00000e+00
  -5938.50  6432.8125  1.10614e+00  1.18144e+00  1.10687e+00  0.00000e+00
  -5909.95  6433.4375  1.10756e+00  1.07727e+00  1.10830e+00  0.00000e+00
  -5881.40  6434.0625  1.09125e+00  1.11602e+00  1.09166e+00  0.00000e+00
  -5852.85  6434.6875  1.05262e+00  1.06217e+00  1.05317e+00  0.00000e+00
  -5824.30  6435.3125  1.00885e+00  9.77867e-01  1.00919e+00  0.00000e+00
  -5795.75  6435.9375  1.04848e+00  9.66752e-01  1.04807e+00  0.00000e+00
  -5767.19  6436.5625  1.18837e+00  1.22587e+00  1.18802e+00  0.00000e+00
  -5738.64  6437.1875  1.24175e+00  1.38552e+00  1.24181e+00  0.00000e+00
  -5710.09  6437.8125  1.09529e+00  1.08136e+00  1.09499e+00  0.00000e+00
  -5681.54  6438.4375  9.42856e-01  8.31673e-01  9.41815e-01  0.00000e+00
  -5652.99  6439.0625  8.90653e-01  9.85359e-01  8.90269e-01  0.00000e+00
  -5624.44  6439.6875  8.76608e-01  7.14581e-01  8.77256e-01  0.00000e+00
  -5595.89  6440.3125  9.84233e-01  1.04862e+00  9.85211e-01  0.00000e+00
  -5567.34  6440.9375  1.06861e+00  1.12056e+00  1.06951e+00  0.00000e+00
  -5538.79  6441.5625  1.03845e+00  1.05996e+00  1.03833e+00  0.00000e+00
  -5510.24  6442.1875  9.74405e-01  9.27634e-01  9.73137e-01  0.00000e+00
  -5481.68  6442.8125  9.60474e-01  9.52624e-01  9.59380e-01  0.00000e+00
  -5453.13  6443.4375  9.42916e-01  1.01609e+00  9.43119e-01  0.00000e+00
  -5424.58  6444.0625  8.81419e-01  8.03458e-01  8.81037e-01  0.00000e+00
  -5396.03  6444.6875  8.86781e-01  8.78534e-01  8.85031e-01  0.00000e+00
  -5367.48  6445.3125  9.75022e-01  9.22457e-01  9.73480e-01  0.00000e+00
  -5338.93  6445.9375  1.04837e+00  1.20174e+00  1.04763e+00  0.00000e+00
  -5310.38  6446.5625  9.66437e-01  9.45799e-01  9.65957e-01  0.00000e+00
  -5281.83  6447.1875  9.07691e-01  7.59864e-01  9.07125e-01  0.00000e+00
  -5253.28  6447.8125  1.00009e+00  1.08639e+00  9.99341e-01  0.00000e+00
  -5224.72  6448.4375  1.04021e+00  1.08357e+00  1.04005e+00  0.00000e+00
  -5196.17  6449.0625  9.54297e-01  9.93130e-01  9.54341e-01  0.00000e+00
  -5167.62  6449.6875  8.50035e-01  7.49958e-01  8.49533e-01  0.00000e+00
  -5139.07  6450.3125  8.82471e-01  8.27075e-01  8.81353e-01  0.00000e+00
  -5110.52  6450.9375  9.54648e-01  1.11976e+00  9.53078e-01  0.00000e+00
  -5081.97  6451.5625  9.51690e-01  7.64098e-01  9.50191e-01  0.00000e+00
  -5053.42  6452.1875  1.00751e+00  1.16786e+00  1.00657e+00  0.00000e+00
  -5024.87  6452.8125  1.02525e+00  9.04392e-01  1.02586e+00  0.00000e+00
  -4996.32  6453.4375  1.02176e+00  1.18494e+00  1.02247e+00  0.00000e+00
  -4967.77  6454.0625  9.86439e-01  7.77637e-01  9.86135e-01  0.00000e+00
  -4939.21  6454.6875  9.93132e-01  1.23873e+00  9.92192e-01  0.00000e+00
  -4910.66  6455.3125  9.24304e-01  7.07130e-01  9.23191e-01  0.00000e+00
  -4882.11  6455.9375  9.77555e-01  1.00966e+00  9.76622e-01  0.00000e+00
  -4853.56  6456.5625  1.00433e+00  1.19084e+00  1.00331e+00  0.00000e+00
  -4825.01  6457.1875  8.84742e-01  6.94695e-01  8.83400e-01  0.00000e+00
  -4796.46  6457.8125  8.86037e-01  9.13763e-01  8.84076e-01  0.00000e+00
  -4767.91  6458.4375  9.35872e-01  9.75058e-01  9.34078e-01  0.00000e+00
  -4739.36  6459.0625  9.22449e-01  9.24253e-01  9.21388e-01  0.00000e+00
  -4710.81  6459.6875  8.92491e-01  8.76383e-01  8.91975e-01  0.00000e+00
  -4682.26  6460.3125  8.93663e-01  8.66090e-01  8.92549e-01  0.00000e+00
  -4653.70  6460.9375  8.66161e-01  1.00150e+00  8.64955e-01  0.00000e+00
  -4625.15  6461.5625  8.00467e-01  5.91498e-01  7.99756e-01  0.00000e+00
  -4596.60  6462.1875  8.98999e-01  9.51456e-01  8.98873e-01  0.00000e+00
  -4568.05  6462.8125  1.01365e+00  1.06945e+00  1.01469e+00  0.00000e+00
  -4539.50  6463.4375  9.91265e-01  1.05849e+00  9.93387e-01  0.00000e+00
  -4510.95  6464.0625  9.01685e-01  8.06043e-01  9.03761e-01  0.00000e+00
  -4482.40  6464.6875  8.97779e-01  8.90033e-01  8.98728e-01  0.00000e+00
  -4453.85  6465.3125  8.88514e-01  1.01281e+00  8.88579e-01  0.00000e+00
  -4425.30  6465.9375  7.94417e-01  6.75841e-01  7.94048e-01  0.00000e+00
  -4396.74  6466.5625  8.00215e-01  7.68000e-01  7.99656e-01  0.00000e+00
  -4368.19  6467.1875  8.72982e-01  9.48298e-01  8.71858e-01  3.06475e-11
  -4339.64  6467.8125  8.99338e-01  8.47740e-01  8.98294e-01  2.94380e-09
  -4311.09  6468.4375  9.33146e-01  9.59624e-01  9.33556e-01  7.67341e-08
  -4282.54  6469.0625  9.55427e-01  9.65646e-01  9.56699e-01  5.42796e-07
  -4253.99  6469.6875  9.68673e-01  9.35101e-01  9.70168e-01  1.04196e-06
  -4225.44  6470.3125  9.90059e-01  1.03824e+00  9.91515e-01  5.42796e-07
  -4196.89  6470.9375  9.68511e-01  9.70795e-01  9.69288e-01  7.67341e-08
  -4168.34  6471.5625  9.58282e-01  8.82736e-01  9.58007e-01  2.94380e-09
  -4139.79  6472.1875  9.94155e-01  1.08735e+00  9.93466e-01  3.06475e-11
  -4111.23  6472.8125  1.02279e+00  8.91475e-01  1.02290e+00  0.00000e+00
  -4082.68  6473.4375  1.03772e+00  1.27662e+00  1.03846e+00  1.57481e-09
  -4054.13  6474.0625  9.80426e-01  6.85860e-01  9.80295e-01  1.51266e-07
  -4025.58  6474.6875  1.02177e+00  1.28083e+00  1.02099e+00  3.94295e-06
  -3997.03  6475.3125  9.47689e-01  8.49972e-01  9.47716e-01  2.78914e-05
  -3968.48  6475.9375  8.66019e-01  8.52272e-01  8.66858e-01  5.35429e-05
  -3939.93  6476.5625  8.71285e-01  8.43755e-01  8.72161e-01  2.80806e-05
  -3911.38  6477.1875  9.48497e-01  9.04975e-01  9.49656e-01  8.87488e-06
  -3882.83  6477.8125  1.03927e+00  1.14143e+00  1.04007e+00  3.50384e-05
  -3854.28  6478.4375  1.03349e+00  1.01413e+00  1.03358e+00  6.69857e-05
  -3825.72  6479.0625  1.00459e+00  9.82845e-01  1.00521e+00  3.62350e-05
  -3797.17  6479.6875  9.85325e-01  1.03164e+00  9.86261e-01  4.06149e-05
  -3768.62  6480.3125  9.30456e-01  9.14564e-01  9.30387e-01  2.66939e-04
  -3740.07  6480.9375  9.13274e-01  8.38249e-01  9.12388e-01  6.14420e-04
  -3711.52  6481.5625  9.71137e-01  1.02352e+00  9.70834e-01  5.42449e-04
  -3682.97  6482.1875  9.83227e-01  1.02299e+00  9.83293e-01  4.14690e-04
  -3654.42  6482.8125  9.57520e-01  8.87088e-01  9.57016e-01  8.02283e-04
  -3625.87  6483.4375  1.02603e+00  9.75333e-01  1.02562e+00  1.29766e-03
  -3597.32  6484.0625  1.12009e+00  1.26000e+00  1.12044e+00  1.33050e-03
  -3568.76  6484.6875  1.08491e+00  1.04619e+00  1.08563e+00  8.91050e-04
  -3540.21  6485.3125  1.03223e+00  1.00662e+00  1.03280e+00  3.78845e-04
  -3511.66  6485.9375  1.01161e+00  1.04861e+00  1.01113e+00  2.27385e-04
  -3483.11  6486.5625  9.83694e-01  9.41021e-01  9.82495e-01  4.75267e-04
  -3454.56  6487.1875  9.80393e-01  1.00269e+00  9.79815e-01  6.88295e-04
  -3426.01  6487.8125  1.01677e+00  9.35758e-01  1.01690e+00  8.22616e-04
  -3397.46  6488.4375  1.06879e+00  1.20260e+00  1.06897e+00  1.18117e-03
  -3368.91  6489.0625  1.01374e+00  9.81804e-01  1.01390e+00  1.10548e-03
  -3340.36  6489.6875  9.83905e-01  8.75303e-01  9.84348e-01  6.77116e-04
  -3311.81  6490.3125  1.02502e+00  1.17247e+00  1.02488e+00  4.96118e-04
  -3283.25  6490.9375  9.50123e-01  9.29893e-01  9.48659e-01  1.25724e-03
  -3254.70  6491.5625  8.44863e-01  8.00386e-01  8.42115e-01  2.69190e-03
  -3226.15  6492.1875  8.36407e-01  7.85323e-01  8.33599e-01  3.32908e-03
  -3197.60  6492.8125  9.05182e-01  9.34347e-01  9.02320e-01  2.91273e-03
  -3169.05  6493.4375  9.48601e-01  9.82989e-01  9.45720e-01  2.59513e-03
  -3140.50  6494.0625  9.60174e-01  9.03936e-01  9.57841e-01  2.19393e-03
  -3111.95  6494.6875  9.68748e-01  1.07387e+00  9.67166e-01  1.91199e-03
  -3083.40  6495.3125  9.93646e-01  7.75667e-01  9.91797e-01  2.37569e-03
  -3054.85  6495.9375  1.09675e+00  1.35469e+00  1.09490e+00  2.77818e-03
  -3026.30  6496.5625  1.08913e+00  9.15336e-01  1.08817e+00  2.25359e-03
  -2997.74  6497.1875  1.13862e+00  1.17077e+00  1.13845e+00  2.08947e-03
  -2969.19  6497.8125  1.13405e+00  1.31706e+00  1.13372e+00  2.15931e-03
  -2940.64  6498.4375  9.43035e-01  8.32763e-01  9.42457e-01  2.28355e-03
  -2912.09  6499.0625  8.59623e-01  7.34573e-01  8.59239e-01  1.76391e-03
  -2883.54  6499.6875  9.53235e-01  1.04077e+00  9.52334e-01  1.88202e-03
  -2854.99  6500.3125  1.04053e+00  9.83753e-01  1.03786e+00  3.60012e-03
  -2826.44  6500.9375  1.08987e+00  1.20044e+00  1.08519e+00  5.97347e-03
  -2797.89  6501.5625  1.07340e+00  9.90108e-01  1.06924e+00  5.64192e-03
  -2769.34  6502.1875  1.09626e+00  1.10425e+00  1.09259e+00  4.97253e-03
  -2740.78  6502.8125  1.11745e+00  1.17936e+00  1.11248e+00  5.51006e-03
  -2712.23  6503.4375  1.05415e+00  1.05794e+00  1.04805e+00  6.45248e-03
  -2683.68  6504.0625  9.89045e-01  9.18783e-01  9.83051e-01  7.43259e-03
  -2655.13  6504.6875  9.93534e-01  1.03034e+00  9.87310e-01  8.26663e-03
  -2626.58  6505.3125  1.02737e+00  9.61752e-01  1.02127e+00  8.79970e-03
  -2598.03  6505.9375  1.05206e+00  1.17728e+00  1.04702e+00  7.26751e-03
  -2569.48  6506.5625  9.46792e-01  9.57256e-01  9.42243e-01  6.20638e-03
  -2540.93  6507.1875  8.50073e-01  6.91836e-01  8.45264e-01  6.60035e-03
  -2512.38  6507.8125  9.44264e-01  9.49782e-01  9.38349e-01  7.76712e-03
  -2483.83  6508.4375  1.01694e+00  1.20638e+00  1.00930e+00  9.48956e-03
  -2455.27  6509.0625  9.31707e-01  7.79709e-01  9.22432e-01  1.18857e-02
  -2426.72  6509.6875  9.40941e-01  9.20935e-01  9.29052e-01  1.49485e-02
  -2398.17  6510.3125  9.75925e-01  1.12581e+00  9.63770e-01  1.44842e-02
  -2369.62  6510.9375  8.97703e-01  7.81424e-01  8.86308e-01  1.34169e-02
  -2341.07  6511.5625  8.70747e-01  8.98502e-01  8.61330e-01  1.18377e-02
  -2312.52  6512.1875  9.23646e-01  8.28012e-01  9.14442e-01  1.26854e-02
  -2283.97  6512.8125  9.76557e-01  1.17575e+00  9.65991e-01  1.43683e-02
  -2255.42  6513.4375  9.29503e-01  7.47291e-01  9.18946e-01  1.37959e-02
  -2226.87  6514.0625  9.70304e-01  1.02530e+00  9.59193e-01  1.39522e-02
  -2198.32  6514.6875  9.78368e-01  1.09532e+00  9.64270e-01  1.81358e-02
  -2169.76  6515.3125  9.37361e-01  7.08382e-01  9.18806e-01  2.39885e-02
  -2141.21  6515.9375  1.03624e+00  1.18800e+00  1.01601e+00  2.52213e-02
  -2112.66  6516.5625  1.06197e+00  1.07450e+00  1.04016e+00  2.65021e-02
  -2084.11  6517.1875  1.01476e+00  9.65399e-01  9.93290e-01  2.68510e-02
  -2055.56  6517.8125  9.88834e-01  1.04134e+00  9.67710e-01  2.68183e-02
  -2027.01  6518.4375  9.33967e-01  9.19842e-01  9.10940e-01  2.94064e-02
  -1998.46  6519.0625  9.06998e-01  8.34648e-01  8.80425e-01  3.31408e-02
  -1969.91  6519.6875  9.13064e-01  1.04046e+00  8.82108e-01  3.81456e-02
  -1941.36  6520.3125  9.19414e-01  7.07939e-01  8.88427e-01  3.84897e-02
  -1912.80  6520.9375  1.07225e+00  1.16210e+00  1.04237e+00  3.65218e-02
  -1884.25  6521.5625  1.12493e+00  1.30683e+00  1.09188e+00  4.06063e-02
  -1855.70  6522.1875  9.97947e-01  8.12623e-01  9.60297e-01  4.72805e-02
  -1827.15  6522.8125  9.74650e-01  1.02786e+00  9.30130e-01  5.61974e-02
  -1798.60  6523.4375  1.02145e+00  9.57871e-01  9.71342e-01  6.39909e-02
  -1770.05  6524.0625  1.05365e+00  1.17985e+00  9.99752e-01  6.95154e-02
  -1741.50  6524.6875  1.01124e+00  9.16887e-01  9.56231e-01  7.05217e-02
  -1712.95  6525.3125  1.02503e+00  1.01849e+00  9.71447e-01  6.80829e-02
  -1684.40  6525.9375  1.10769e+00  1.09218e+00  1.05106e+00  7.19009e-02
  -1655.85  6526.5625  1.16976e+00  1.24636e+00  1.10669e+00  7.96345e-02
  -1627.29  6527.1875  1.11118e+00  1.16536e+00  1.03902e+00  9.05622e-02
  -1598.74  6527.8125  1.02329e+00  8.71885e-01  9.45428e-01  9.80915e-02
  -1570.19  6528.4375  1.04878e+00  1.13744e+00  9.69193e-01  1.01212e-01
  -1541.64  6529.0625  1.06140e+00  1.04129e+00  9.77319e-01  1.06487e-01
  -1513.09  6529.6875  1.09697e+00  1.01484e+00  1.00248e+00  1.18827e-01
  -1484.54  6530.3125  1.16286e+00  1.31115e+00  1.05629e+00  1.34436e-01
  -1455.99  6530.9375  1.11237e+00  1.06112e+00  9.94675e-01  1.48090e-01
  -1427.44  6531.5625  1.04752e+00  1.04621e+00  9.18778e-01  1.61554e-01
  -1398.89  6532.1875  1.07042e+00  9.62972e-01  9.33343e-01  1.72654e-01
  -1370.34  6532.8125  1.14857e+00  1.30523e+00  1.00290e+00  1.84052e-01
  -1341.78  6533.4375  1.14847e+00  1.03199e+00  9.87021e-01  2.03512e-01
  -1313.23  6534.0625  1.12933e+00  1.27270e+00  9.56428e-01  2.17853e-01
  -1284.68  6534.6875  1.06045e+00  9.34759e-01  8.78135e-01  2.28770e-01
  -1256.13  6535.3125  1.07976e+00  1.07661e+00  8.85258e-01  2.43307e-01
  -1227.58  6535.9375  1.19599e+00  1.15763e+00  9.85617e-01  2.64237e-01
  -1199.03  6536.5625  1.33051e+00  1.39288e+00  1.10126e+00  2.87920e-01
  -1170.48  6537.1875  1.38184e+00  1.42152e+00  1.13368e+00  3.10696e-01
  -1141.93  6537.8125  1.36024e+00  1.33019e+00  1.09040e+00  3.37920e-01
  -1113.38  6538.4375  1.32948e+00  1.37276e+00  1.03401e+00  3.70264e-01
  -1084.83  6539.0625  1.31299e+00  1.21906e+00  9.81556e-01  4.15038e-01
  -1056.27  6539.6875  1.35397e+00  1.42175e+00  9.92027e-01  4.53823e-01
  -1027.72  6540.3125  1.33775e+00  1.37980e+00  9.56953e-01  4.77890e-01
   -999.17  6540.9375  1.28741e+00  1.18728e+00  8.78247e-01  5.13156e-01
   -970.62  6541.5625  1.32758e+00  1.35165e+00  8.78307e-01  5.62794e-01
   -942.07  6542.1875  1.39038e+00  1.40313e+00  9.08117e-01  6.03296e-01
   -913.52  6542.8125  1.47254e+00  1.38863e+00  9.54510e-01  6.48265e-01
   -884.97  6543.4375  1.59887e+00  1.69761e+00  1.03770e+00  7.03156e-01
   -856.42  6544.0625  1.65961e+00  1.63384e+00  1.05626e+00  7.56796e-01
   -827.87  6544.6875  1.69555e+00  1.69712e+00  1.04531e+00  8.16805e-01
   -799.31  6545.3125  1.72247e+00  1.75471e+00  1.02129e+00  8.80757e-01
   -770.76  6545.9375  1.72009e+00  1.70227e+00  9.62636e-01  9.51140e-01
   -742.21  6546.5625  1.76753e+00  1.68729e+00  9.52608e-01  1.02341e+00
   -713.66  6547.1875  1.88033e+00  1.96840e+00  1.01124e+00  1.09098e+00
   -685.11  6547.8125  1.95649e+00  1.90152e+00  1.04406e+00  1.14398e+00
   -656.56  6548.4375  2.02275e+00  2.07686e+00  1.04825e+00  1.22109e+00
   -628.01  6549.0625  2.05781e+00  2.04184e+00  1.01767e+00  1.30395e+00
   -599.46  6549.6875  2.10304e+00  2.07100e+00  1.00005e+00  1.38372e+00
   -570.91  6550.3125  2.19595e+00  2.19518e+00  1.02303e+00  1.47263e+00
   -542.36  6550.9375  2.25086e+00  2.35121e+00  1.00723e+00  1.56048e+00
   -513.80  6551.5625  2.21072e+00  2.15190e+00  9.03800e-01  1.63912e+00
   -485.25  6552.1875  2.22249e+00  2.16657e+00  8.46431e-01  1.72625e+00
   -456.70  6552.8125  2.34201e+00  2.33616e+00  9.04514e-01  1.80281e+00
   -428.15  6553.4375  2.45753e+00  2.54145e+00  9.59876e-01  1.87678e+00
   -399.60  6554.0625  2.51640e+00  2.42844e+00  9.42135e-01  1.97270e+00
   -371.05  6554.6875  2.59010e+00  2.68136e+00  9.10707e-01  2.10535e+00
   -342.50  6555.3125  2.67353e+00  2.54869e+00  8.91031e-01  2.23531e+00
   -313.95  6555.9375  3.19605e+00  2.82283e+00  9.67138e-01  2.79479e+00
   -285.40  6556.5625  5.91386e+00  3.07477e+00  1.21116e+00  5.89601e+00
   -256.85  6557.1875  1.05587e+01  1.38363e+01  1.51021e+00  1.13454e+01
   -228.29  6557.8125  1.07249e+01  1.38514e+01  1.32122e+00  1.17912e+01
   -199.74  6558.4375  6.09715e+00  4.10379e+00  7.68845e-01  6.68148e+00
   -171.19  6559.0625  3.43096e+00  1.28605e+00  3.63192e-01  3.84678e+00
   -142.64  6559.6875  4.83299e+00  4.64188e+00  3.51620e-01  5.61900e+00
   -114.09  6560.3125  7.31962e+00  8.19863e+00  6.68621e-01  8.33936e+00
    -85.54  6560.9375  8.63385e+00  8.92724e+00  9.15419e-01  9.67765e+00
    -56.99  6561.5625  8.99694e+00  9.03713e+00  9.85987e-01  1.00444e+01
    -28.44  6562.1875  9.02386e+00  9.14029e+00  1.11287e+00  9.92002e+00
      0.11  6562.8125  8.75003e+00  8.92895e+00  1.22208e+00  9.43939e+00
     28.67  6563.4375  8.05857e+00  8.22530e+00  1.25152e+00  8.53414e+00
     57.22  6564.0625  6.92690e+00  7.10883e+00  1.18366e+00  7.20027e+00
     85.77  6564.6875  5.55646e+00  5.38564e+00  1.03099e+00  5.67403e+00
    114.32  6565.3125  4.43172e+00  4.21152e+00  1.03506e+00  4.25811e+00
    142.87  6565.9375  3.70461e+00  3.70723e+00  1.09769e+00  3.26730e+00
    171.42  6566.5625  3.24372e+00  3.02630e+00  1.04783e+00  2.75205e+00
    199.97  6567.1875  3.05887e+00  3.09959e+00  1.04598e+00  2.52403e+00
    228.52  6567.8125  3.03528e+00  2.88370e+00  1.09355e+00  2.43642e+00
    257.07  6568.4375  3.05222e+00  3.29094e+00  1.15044e+00  2.38703e+00
    285.62  6569.0625  2.86675e+00  2.83271e+00  1.02591e+00  2.31012e+00
    314.18  6569.6875  2.68638e+00  2.52036e+00  9.12301e-01  2.22540e+00
    342.73  6570.3125  2.71788e+00  2.75521e+00  1.00159e+00  2.15242e+00
    371.28  6570.9375  2.79894e+00  2.79787e+00  1.12932e+00  2.09373e+00
    399.83  6571.5625  2.80530e+00  2.90919e+00  1.18534e+00  2.03076e+00
    428.38  6572.1875  2.73237e+00  2.61794e+00  1.18296e+00  1.94183e+00
    456.93  6572.8125  2.60756e+00  2.86277e+00  1.13208e+00  1.84906e+00
    485.48  6573.4375  2.43556e+00  2.04689e+00  1.03112e+00  1.76031e+00
    514.03  6574.0625  2.47527e+00  2.73423e+00  1.12211e+00  1.69691e+00
    542.58  6574.6875  2.42769e+00  2.38594e+00  1.11515e+00  1.64639e+00
    571.13  6575.3125  2.37599e+00  2.22032e+00  1.11727e+00  1.57770e+00
    599.69  6575.9375  2.37024e+00  2.67463e+00  1.19796e+00  1.46748e+00
    628.24  6576.5625  2.18258e+00  1.97219e+00  1.07632e+00  1.38485e+00
    656.79  6577.1875  2.09477e+00  2.09168e+00  1.01402e+00  1.35392e+00
    685.34  6577.8125  2.07480e+00  2.16617e+00  1.02764e+00  1.31278e+00
    713.89  6578.4375  1.96881e+00  1.92178e+00  9.76177e-01  1.24416e+00
    742.44  6579.0625  1.83953e+00  1.89385e+00  9.01901e-01  1.17548e+00
    770.99  6579.6875  1.71756e+00  1.62989e+00  8.18015e-01  1.12792e+00
    799.54  6580.3125  1.69436e+00  1.66888e+00  8.44072e-01  1.06493e+00
    828.09  6580.9375  1.71503e+00  1.78711e+00  9.20199e-01  9.95343e-01
    856.65  6581.5625  1.69519e+00  1.62978e+00  9.27245e-01  9.62363e-01
    885.20  6582.1875  1.67287e+00  1.74852e+00  9.39086e-01  9.19138e-01
    913.75  6582.8125  1.58470e+00  1.59727e+00  9.05056e-01  8.50855e-01
    942.30  6583.4375  1.52290e+00  1.36874e+00  8.88834e-01  7.93932e-01
    970.85  6584.0625  1.54232e+00  1.74029e+00  9.44050e-01  7.49189e-01
    999.40  6584.6875  1.49119e+00  1.31954e+00  9.19825e-01  7.17059e-01
   1027.95  6585.3125  1.48923e+00  1.60014e+00  9.52924e-01  6.74253e-01
   1056.50  6585.9375  1.48888e+00  1.40672e+00  9.85789e-01  6.31390e-01
   1085.05  6586.5625  1.56541e+00  1.50666e+00  1.08697e+00  5.99874e-01
   1113.60  6587.1875  1.63968e+00  1.85413e+00  1.18921e+00  5.65480e-01
   1142.16  6587.8125  1.53528e+00  1.42278e+00  1.10861e+00  5.34093e-01
   1170.71  6588.4375  1.46156e+00  1.44294e+00  1.05631e+00  5.05197e-01
   1199.26  6589.0625  1.43841e+00  1.50329e+00  1.05659e+00  4.75699e-01
   1227.81  6589.6875  1.40603e+00  1.29672e+00  1.04496e+00  4.50597e-01
   1256.36  6590.3125  1.40726e+00  1.53445e+00  1.05958e+00  4.34322e-01
   1284.91  6590.9375  1.36944e+00  1.25446e+00  1.03487e+00  4.18371e-01
   1313.46  6591.5625  1.34903e+00  1.45107e+00  1.03514e+00  3.92532e-01
   1342.01  6592.1875  1.26126e+00  1.26679e+00  9.73252e-01  3.60042e-01
   1370.56  6592.8125  1.22176e+00  1.02405e+00  9.54686e-01  3.33411e-01
   1399.11  6593.4375  1.32381e+00  1.51790e+00  1.06293e+00  3.25375e-01
   1427.67  6594.0625  1.31805e+00  1.25755e+00  1.07014e+00  3.09755e-01
   1456.22  6594.6875  1.20017e+00  1.34969e+00  9.67117e-01  2.91023e-01
   1484.77  6595.3125  1.07596e+00  7.99028e-01  8.48892e-01  2.83273e-01
   1513.32  6595.9375  1.14747e+00  1.29169e+00  9.32257e-01  2.69552e-01
   1541.87  6596.5625  1.21858e+00  1.16624e+00  1.02107e+00  2.48980e-01
   1570.42  6597.1875  1.23640e+00  1.31437e+00  1.05118e+00  2.33185e-01
   1598.97  6597.8125  1.21715e+00  1.14688e+00  1.03941e+00  2.22051e-01
   1627.52  6598.4375  1.21025e+00  1.27241e+00  1.04503e+00  2.05882e-01
   1656.07  6599.0625  1.18546e+00  1.14151e+00  1.02977e+00  1.93766e-01
   1684.63  6599.6875  1.15472e+00  1.20304e+00  1.00159e+00  1.89945e-01
   1713.18  6600.3125  1.08752e+00  1.08469e+00  9.43470e-01  1.79143e-01
   1741.73  6600.9375  1.03340e+00  9.74186e-01  9.03629e-01  1.62854e-01
   1770.28  6601.5625  1.07752e+00  1.04451e+00  9.55432e-01  1.54058e-01
   1798.83  6602.1875  1.17581e+00  1.21198e+00  1.06193e+00  1.44049e-01
   1827.38  6602.8125  1.18206e+00  1.29838e+00  1.07572e+00  1.33963e-01
   1855.93  6603.4375  1.09848e+00  9.51983e-01  9.95698e-01  1.27840e-01
   1884.48  6604.0625  1.09248e+00  1.16841e+00  9.89926e-01  1.27408e-01
   1913.03  6604.6875  1.07678e+00  1.07211e+00  9.78230e-01  1.22750e-01
   1941.58  6605.3125  1.08807e+00  9.82031e-01  1.00034e+00  1.09987e-01
   1970.14  6605.9375  1.19238e+00  1.27112e+00  1.10830e+00  1.05581e-01
   1998.69  6606.5625  1.23430e+00  1.26556e+00  1.15028e+00  1.05579e-01
   2027.24  6607.1875  1.14167e+00  1.22726e+00  1.06190e+00  1.01259e-01
   2055.79  6607.8125  9.81567e-01  8.70571e-01  9.12353e-01  8.86910e-02
   2084.34  6608.4375  9.37234e-01  9.02401e-01  8.72228e-01  8.31022e-02
   2112.89  6609.0625  9.86549e-01  1.01355e+00  9.19816e-01  8.48639e-02
   2141.44  6609.6875  1.00439e+00  1.03842e+00  9.35672e-01  8.63308e-02
   2169.99  6610.3125  9.69431e-01  9.57491e-01  9.01347e-01  8.43742e-02
   2198.54  6610.9375  9.46640e-01  9.17946e-01  8.85342e-01  7.62476e-02
   2227.09  6611.5625  9.78393e-01  9.63682e-01  9.24508e-01  6.75805e-02
   2255.65  6612.1875  1.06561e+00  1.03409e+00  1.01359e+00  6.44286e-02
   2284.20  6612.8125  1.17722e+00  1.21864e+00  1.12678e+00  6.13469e-02
   2312.75  6613.4375  1.21165e+00  1.28233e+00  1.16486e+00  5.74229e-02
   2341.30  6614.0625  1.14904e+00  1.10956e+00  1.10218e+00  5.83365e-02
   2369.85  6614.6875  1.05942e+00  1.12629e+00  1.01350e+00  5.71550e-02
   2398.40  6615.3125  9.93280e-01  8.38810e-01  9.52549e-01  5.10308e-02
   2426.95  6615.9375  1.04431e+00  1.12815e+00  1.00850e+00  4.50266e-02
   2455.50  6616.5625  1.08219e+00  1.06207e+00  1.04738e+00  4.27635e-02
   2484.05  6617.1875  1.01719e+00  1.16151e+00  9.82863e-01  4.11000e-02
   2512.61  6617.8125  8.38714e-01  7.25258e-01  8.06771e-01  3.91549e-02
   2541.16  6618.4375  7.45573e-01  7.10527e-01  7.16900e-01  3.67371e-02
   2569.71  6619.0625  7.51710e-01  7.71661e-01  7.23429e-01  3.64938e-02
   2598.26  6619.6875  7.69515e-01  7.51068e-01  7.41165e-01  3.65470e-02
   2626.81  6620.3125  8.27208e-01  7.77431e-01  7.98294e-01  3.78776e-02
   2655.36  6620.9375  9.02440e-01  1.00750e+00  8.75778e-01  3.42901e-02
   2683.91  6621.5625  9.39831e-01  8.14496e-01  9.18571e-01  2.61439e-02
   2712.46  6622.1875  1.00384e+00  1.13754e+00  9.85904e-01  2.20378e-02
   2741.01  6622.8125  1.00902e+00  9.29799e-01  9.90901e-01  2.28908e-02
   2769.56  6623.4375  1.01774e+00  1.05444e+00  1.00062e+00  2.18467e-02
   2798.12  6624.0625  9.79846e-01  1.06008e+00  9.64464e-01  1.92571e-02
   2826.67  6624.6875  9.39176e-01  7.21667e-01  9.24145e-01  1.83990e-02
   2855.22  6625.3125  1.00121e+00  1.24069e+00  9.85602e-01  1.99424e-02
   2883.77  6625.9375  1.01136e+00  7.78248e-01  9.94800e-01  2.19361e-02
   2912.32  6626.5625  1.13141e+00  1.23234e+00  1.11405e+00  2.28977e-02
   2940.87  6627.1875  1.20943e+00  1.27277e+00  1.19300e+00  2.12404e-02
   2969.42  6627.8125  1.12183e+00  1.17617e+00  1.10733e+00  1.76008e-02
   2997.97  6628.4375  1.00983e+00  8.57144e-01  9.96780e-01  1.55701e-02
   3026.52  6629.0625  1.02238e+00  1.09433e+00  1.01018e+00  1.47428e-02
   3055.07  6629.6875  1.01543e+00  1.04076e+00  1.00486e+00  1.28984e-02
   3083.63  6630.3125  9.60971e-01  9.25806e-01  9.49912e-01  1.29273e-02
   3112.18  6630.9375  9.93664e-01  8.90878e-01  9.81314e-01  1.31505e-02
   3140.73  6631.5625  1.10631e+00  1.23462e+00  1.09457e+00  1.20085e-02
   3169.28  6632.1875  1.10749e+00  1.11245e+00  1.09730e+00  1.03921e-02
   3197.83  6632.8125  1.01371e+00  1.03627e+00  1.00591e+00  8.46752e-03
   3226.38  6633.4375  8.89564e-01  8.83072e-01  8.83466e-01  8.00035e-03
   3254.93  6634.0625  8.25442e-01  7.22102e-01  8.19217e-01  8.10618e-03
   3283.48  6634.6875  9.32547e-01  8.74929e-01  9.25409e-01  8.80456e-03
   3312.03  6635.3125  1.09028e+00  1.23938e+00  1.08434e+00  8.04699e-03
   3340.58  6635.9375  1.10968e+00  1.07232e+00  1.10508e+00  6.20228e-03
   3369.14  6636.5625  1.07944e+00  1.09244e+00  1.07369e+00  6.72953e-03
   3397.69  6637.1875  1.00512e+00  1.08389e+00  9.98296e-01  7.29734e-03
   3426.24  6637.8125  8.82876e-01  7.78960e-01  8.76344e-01  6.22049e-03
   3454.79  6638.4375  8.63548e-01  8.45026e-01  8.58282e-01  4.86252e-03
   3483.34  6639.0625  9.46868e-01  9.13451e-01  9.41532e-01  5.58721e-03
   3511.89  6639.6875  1.03276e+00  1.12490e+00  1.02607e+00  8.00931e-03
   3540.44  6640.3125  1.00798e+00  1.02762e+00  1.00257e+00  7.23718e-03
   3568.99  6640.9375  9.68609e-01  8.58025e-01  9.63840e-01  5.69401e-03
   3597.54  6641.5625  1.04473e+00  1.06918e+00  1.03802e+00  6.32181e-03
   3626.10  6642.1875  1.11531e+00  1.18365e+00  1.10767e+00  6.54008e-03
   3654.65  6642.8125  1.11270e+00  1.06013e+00  1.10688e+00  5.26882e-03
   3683.20  6643.4375  1.08634e+00  1.16930e+00  1.08215e+00  4.00327e-03
   3711.75  6644.0625  9.72454e-01  9.93118e-01  9.68874e-01  3.83406e-03
   3740.30  6644.6875  8.86092e-01  7.08816e-01  8.83165e-01  3.61839e-03
   3768.85  6645.3125  9.47789e-01  1.06947e+00  9.45970e-01  3.28326e-03
   3797.40  6645.9375  9.67885e-01  9.47162e-01  9.66114e-01  2.79412e-03
   3825.95  6646.5625  9.69195e-01  9.33276e-01  9.66512e-01  1.95871e-03
   3854.50  6647.1875  1.01832e+00  1.02821e+00  1.01410e+00  2.14209e-03
   3883.05  6647.8125  1.03492e+00  1.10632e+00  1.02972e+00  3.43551e-03
   3911.61  6648.4375  9.76770e-01  9.36389e-01  9.72400e-01  3.44333e-03
   3940.16  6649.0625  9.42544e-01  9.16515e-01  9.39301e-01  2.48335e-03
   3968.71  6649.6875  9.34877e-01  9.90943e-01  9.32408e-01  1.61749e-03
   3997.26  6650.3125  9.27199e-01  8.24998e-01  9.25656e-01  1.56708e-03
   4025.81  6650.9375  9.45716e-01  1.07721e+00  9.44947e-01  1.66760e-03
   4054.36  6651.5625  9.00240e-01  8.14111e-01  8.99837e-01  1.31371e-03
   4082.91  6652.1875  8.78060e-01  9.04164e-01  8.76937e-01  1.42125e-03
   4111.46  6652.8125  8.81462e-01  8.62556e-01  8.79722e-01  1.95975e-03
   4140.01  6653.4375  9.16175e-01  8.82865e-01  9.14571e-01  1.21752e-03
   4168.56  6654.0625  9.82962e-01  1.02291e+00  9.81099e-01  1.10053e-03
   4197.12  6654.6875  1.03741e+00  9.99372e-01  1.03551e+00  1.72859e-03
   4225.67  6655.3125  1.06737e+00  1.15612e+00  1.06538e+00  1.76611e-03
   4254.22  6655.9375  1.03312e+00  9.78306e-01  1.03084e+00  1.70956e-03
   4282.77  6656.5625  1.01106e+00  1.02869e+00  1.00880e+00  1.55615e-03
   4311.32  6657.1875  1.03017e+00  9.67763e-01  1.02849e+00  1.02653e-03
   4339.87  6657.8125  1.06920e+00  1.16685e+00  1.06912e+00  3.90890e-04
   4368.42  6658.4375  1.09103e+00  9.58406e-01  1.09076e+00  3.72557e-04
   4396.97  6659.0625  1.15203e+00  1.28780e+00  1.15053e+00  1.06012e-03
   4425.52  6659.6875  1.13806e+00  1.08783e+00  1.13606e+00  1.56697e-03
   4454.08  6660.3125  1.09062e+00  1.13016e+00  1.08897e+00  1.18032e-03
   4482.63  6660.9375  1.04670e+00  1.00001e+00  1.04604e+00  6.01014e-04
   4511.18  6661.5625  1.07324e+00  1.01591e+00  1.07240e+00  3.63500e-04
   4539.73  6662.1875  1.12325e+00  1.25990e+00  1.12164e+00  5.30784e-04
   4568.28  6662.8125  1.07667e+00  9.90900e-01  1.07558e+00  5.98067e-04
   4596.83  6663.4375  1.02630e+00  1.09573e+00  1.02569e+00  4.17901e-04
   4625.38  6664.0625  1.02036e+00  8.69145e-01  1.01995e+00  4.07820e-04
   4653.93  6664.6875  1.12617e+00  1.20308e+00  1.12606e+00  4.53377e-04
   4682.48  6665.3125  1.14146e+00  1.27243e+00  1.14097e+00  5.45751e-04
   4711.03  6665.9375  9.85198e-01  9.12040e-01  9.84454e-01  3.93735e-04
   4739.59  6666.5625  8.54929e-01  8.37885e-01  8.53475e-01  4.23446e-04
   4768.14  6667.1875  8.07963e-01  7.85173e-01  8.06389e-01  5.14111e-04
   4796.69  6667.8125  9.03912e-01  7.25547e-01  9.03031e-01  6.22608e-04
   4825.24  6668.4375  1.09681e+00  1.35918e+00  1.09655e+00  8.27562e-04
   4853.79  6669.0625  1.10778e+00  1.00052e+00  1.10860e+00  5.58754e-04
   4882.34  6669.6875  1.01749e+00  1.17907e+00  1.01858e+00  5.00551e-04
   4910.89  6670.3125  8.89795e-01  6.80132e-01  8.89397e-01  5.24200e-04
   4939.44  6670.9375  8.57868e-01  1.01166e+00  8.57256e-01  3.51837e-04
   4967.99  6671.5625  8.03536e-01  7.03690e-01  8.03997e-01  3.02458e-04
   4996.54  6672.1875  8.08131e-01  7.89269e-01  8.08941e-01  1.78268e-04
   5025.10  6672.8125  8.95099e-01  8.88024e-01  8.95332e-01  9.23355e-05
   5053.65  6673.4375  9.71736e-01  1.03427e+00  9.71869e-01  5.47442e-05
   5082.20  6674.0625  1.01707e+00  9.30601e-01  1.01753e+00  2.00567e-05
   5110.75  6674.6875  1.05515e+00  1.20093e+00  1.05580e+00  2.60440e-05
   5139.30  6675.3125  1.01149e+00  9.05663e-01  1.01152e+00  4.64449e-05
   5167.85  6675.9375  9.92995e-01  1.04565e+00  9.92047e-01  2.43664e-05
   5196.40  6676.5625  9.86156e-01  9.46477e-01  9.84310e-01  4.20824e-06
   5224.95  6677.1875  9.84323e-01  1.02215e+00  9.82682e-01  5.12288e-06
   5253.50  6677.8125  1.00363e+00  9.14485e-01  1.00294e+00  2.81982e-05
   5282.06  6678.4375  1.04062e+00  1.17672e+00  1.04011e+00  5.31388e-05
   5310.61  6679.0625  1.00362e+00  9.14759e-01  1.00347e+00  2.77860e-05
   5339.16  6679.6875  1.02358e+00  9.93459e-01  1.02326e+00  4.93398e-06
   5367.71  6680.3125  1.11604e+00  1.13641e+00  1.11597e+00  2.12103e-06
   5396.26  6680.9375  1.12939e+00  1.26086e+00  1.12999e+00  1.02968e-06
   5424.81  6681.5625  1.06126e+00  8.76543e-01  1.06192e+00  2.68484e-07
   5453.36  6682.1875  1.05020e+00  1.23904e+00  1.05013e+00  3.22012e-06
   5481.91  6682.8125  9.93312e-01  8.26934e-01  9.92469e-01  2.27389e-05
   5510.46  6683.4375  1.00466e+00  1.08236e+00  1.00262e+00  4.36501e-05
   5539.01  6684.0625  1.03210e+00  9.86563e-01  1.03016e+00  2.27389e-05
   5567.57  6684.6875  1.04400e+00  1.10684e+00  1.04248e+00  3.21455e-06
   5596.12  6685.3125  1.05063e+00  9.58139e-01  1.04909e+00  1.23322e-07
   5624.67  6685.9375  1.09694e+00  1.17103e+00  1.09515e+00  1.28389e-09
   5653.22  6686.5625  1.06809e+00  1.12845e+00  1.06613e+00  0.00000e+00
   5681.77  6687.1875  1.01650e+00  8.37574e-01  1.01380e+00  0.00000e+00
   5710.32  6687.8125  1.01190e+00  1.27443e+00  1.00930e+00  0.00000e+00
   5738.87  6688.4375  8.89741e-01  6.82196e-01  8.88730e-01  0.00000e+00
   5767.42  6689.0625  8.92779e-01  8.89227e-01  8.92934e-01  0.00000e+00
   5795.97  6689.6875  1.00335e+00  1.02482e+00  1.00366e+00  0.00000e+00
   5824.52  6690.3125  1.06968e+00  1.10983e+00  1.06918e+00  1.89259e-08
   5853.08  6690.9375  1.06028e+00  1.07738e+00  1.05927e+00  1.82474e-06
   5881.63  6691.5625  1.03014e+00  9.82336e-01  1.03020e+00  4.80432e-05
   5910.18  6692.1875  1.01377e+00  1.07525e+00  1.01393e+00  3.52326e-04
   5938.73  6692.8125  9.34168e-01  9.58203e-01  9.33108e-01  7.64624e-04
   5967.28  6693.4375  8.73049e-01  7.26818e-01  8.72201e-01  5.67803e-04
   5995.83  6694.0625  9.45551e-01  1.02018e+00  9.45368e-01  1.68559e-04
   6024.38  6694.6875  1.01262e+00  1.00194e+00  1.01315e+00  1.89479e-05
   6052.93  6695.3125  1.04070e+00  1.05786e+00  1.04152e+00  6.76095e-07
   6081.48  6695.9375  1.01730e+00  1.07856e+00  1.01729e+00  1.94089e-08
   6110.04  6696.5625  9.87251e-01  8.42423e-01  9.86066e-01  1.20712e-06
   6138.59  6697.1875  1.04995e+00  1.14737e+00  1.04839e+00  3.14652e-05
   6167.14  6697.8125  1.01634e+00  1.11497e+00  1.01503e+00  2.22576e-04
   6195.69  6698.4375  9.30595e-01  7.02931e-01  9.30459e-01  4.27263e-04
   6224.24  6699.0625  9.97860e-01  1.13755e+00  9.98925e-01  2.22576e-04
   6252.79  6699.6875  9.80368e-01  1.04956e+00  9.81348e-01  3.14797e-05
   6281.34  6700.3125  9.38908e-01  6.88677e-01  9.39989e-01  2.59875e-06
   6309.89  6700.9375  1.06690e+00  1.26023e+00  1.06820e+00  3.62878e-05
   6338.44  6701.5625  1.09179e+00  1.09065e+00  1.09228e+00  2.56639e-04
   6366.99  6702.1875  1.07778e+00  9.55438e-01  1.07732e+00  4.93666e-04
   6395.55  6702.8125  1.11806e+00  1.28867e+00  1.11788e+00  2.65642e-04
   6424.10  6703.4375  1.01921e+00  9.98247e-01  1.01989e+00  8.75475e-05
   6452.65  6704.0625  8.71384e-01  8.34616e-01  8.72469e-01  2.67977e-04
   6481.20  6704.6875  7.90602e-01  7.75681e-01  7.91034e-01  4.98172e-04
   6509.75  6705.3125  7.89380e-01  7.29195e-01  7.89597e-01  2.58987e-04
   6538.30  6705.9375  8.73094e-01  8.81872e-01  8.73157e-01  3.66071e-05
   6566.85  6706.5625  9.72264e-01  9.84667e-01  9.72842e-01  1.40436e-06
   6595.40  6707.1875  1.01207e+00  1.07876e+00  1.01403e+00  1.46207e-08
   6623.95  6707.8125  9.68732e-01  9.41392e-01  9.70603e-01  0.00000e+00
   6652.50  6708.4375  8.76733e-01  9.55141e-01  8.77692e-01  0.00000e+00
   6681.06  6709.0625  7.58167e-01  6.54937e-01  7.58624e-01  0.00000e+00
   6709.61  6709.6875  7.59212e-01  7.19364e-01  7.59375e-01  0.00000e+00
   6738.16  6710.3125  9.29447e-01  8.21058e-01  9.29359e-01  0.00000e+00
   6766.71  6710.9375  1.10379e+00  1.39293e+00  1.10351e+00  0.00000e+00
   6795.26  6711.5625  1.08525e+00  8.70748e-01  1.08473e+00  0.00000e+00
   6823.81  6712.1875  1.10920e+00  1.22831e+00  1.10935e+00  0.00000e+00
   6852.36  6712.8125  1.10214e+00  1.08923e+00  1.10340e+00  0.00000e+00
   6880.91  6713.4375  1.04545e+00  1.05326e+00  1.04644e+00  0.00000e+00
   6909.46  6714.0625  1.03231e+00  9.50702e-01  1.03283e+00  0.00000e+00
   6938.02  6714.6875  1.13279e+00  1.11149e+00  1.13417e+00  0.00000e+00
   6966.57  6715.3125  1.22297e+00  1.36199e+00  1.22505e+00  0.00000e+00
   6995.12  6715.9375  1.09561e+00  1.18832e+00  1.09665e+00  0.00000e+00
   7023.67  6716.5625  9.14813e-01  6.53681e-01  9.15215e-01  0.00000e+00
   7052.22  6717.1875  9.41999e-01  1.07407e+00  9.43329e-01  0.00000e+00
   7080.77  6717.8125  9.52510e-01  9.44871e-01  9.54421e-01  0.00000e+00
   7109.32  6718.4375  8.98035e-01  9.12030e-01  9.00276e-01  0.00000e+00
   7137.87  6719.0625  9.06999e-01  7.64953e-01  9.09372e-01  0.00000e+00
   7166.42  6719.6875  1.02000e+00  1.14434e+00  1.02222e+00  0.00000e+00
   7194.97  6720.3125  1.01864e+00  1.08042e+00  1.02011e+00  0.00000e+00
   7223.53  6720.9375  9.21590e-01  8.21901e-01  9.21560e-01  0.00000e+00
   7252.08  6721.5625  8.70655e-01  9.51225e-01  8.70607e-01  2.69014e-09
   7280.63  6722.1875  8.38693e-01  7.25147e-01  8.39345e-01  2.58397e-07
   7309.18  6722.8125  8.91404e-01  9.27103e-01  8.92446e-01  6.73548e-06
   7337.73  6723.4375  9.64745e-01  9.58368e-01  9.65624e-01  4.76449e-05
   7366.28  6724.0625  9.99719e-01  1.04910e+00  1.00058e+00  9.14604e-05
   7394.83  6724.6875  9.86857e-01  9.60256e-01  9.87343e-01  4.76449e-05
   7423.38  6725.3125  9.73663e-01  9.86281e-01  9.73684e-01  6.73548e-06
   7451.93  6725.9375  9.75551e-01  9.39455e-01  9.75699e-01  2.58397e-07
   7480.48  6726.5625  9.52741e-01  1.07518e+00  9.53321e-01  2.69014e-09
   7509.04  6727.1875  9.23298e-01  6.87951e-01  9.23753e-01  0.00000e+00
   7537.59  6727.8125  1.00274e+00  1.22598e+00  1.00319e+00  0.00000e+00
   7566.14  6728.4375  9.81985e-01  8.82787e-01  9.82897e-01  0.00000e+00
   7594.69  6729.0625  9.46547e-01  9.80483e-01  9.46932e-01  0.00000e+00
   7623.24  6729.6875  9.35409e-01  9.04801e-01  9.35156e-01  0.00000e+00
   7651.79  6730.3125  9.27917e-01  9.66058e-01  9.28247e-01  0.00000e+00
   7680.34  6730.9375  9.38908e-01  8.52672e-01  9.39359e-01  0.00000e+00
   7708.89  6731.5625  1.03731e+00  1.04462e+00  1.03752e+00  0.00000e+00
   7737.44  6732.1875  1.14810e+00  1.19136e+00  1.14906e+00  0.00000e+00
   7765.99  6732.8125  1.14804e+00  1.23156e+00  1.14902e+00  0.00000e+00
   7794.55  6733.4375  1.00597e+00  1.02097e+00  1.00661e+00  0.00000e+00
   7823.10  6734.0625  8.88874e-01  7.27336e-01  8.89060e-01  0.00000e+00
   7851.65  6734.6875  9.54683e-01  9.87306e-01  9.54608e-01  0.00000e+00
   7880.20  6735.3125  1.05316e+00  1.08997e+00  1.05339e+00  0.00000e+00
   7908.75  6735.9375  1.09711e+00  1.07733e+00  1.09728e+00  0.00000e+00
   7937.30  6736.5625  1.09910e+00  1.17892e+00  1.09950e+00  0.00000e+00
   7965.85  6737.1875  1.07393e+00  9.58730e-01  1.07432e+00  0.00000e+00
   7994.40  6737.8125  1.11936e+00  1.17151e+00  1.11929e+00  0.00000e+00
   8022.95  6738.4375  1.09912e+00  1.20958e+00  1.09848e+00  0.00000e+00
   8051.51  6739.0625  9.75731e-01  8.58623e-01  9.75521e-01  0.00000e+00
   8080.06  6739.6875  9.59940e-01  9.27402e-01  9.60245e-01  0.00000e+00
   8108.61  6740.3125  1.05947e+00  1.04876e+00  1.05897e+00  0.00000e+00
   8137.16  6740.9375  1.14489e+00  1.22384e+00  1.14285e+00  0.00000e+00
   8165.71  6741.5625  1.07644e+00  1.18578e+00  1.07392e+00  0.00000e+00
   8194.26  6742.1875  9.91474e-01  6.83400e-01  9.89796e-01  0.00000e+00
   8222.81  6742.8125  1.07200e+00  1.37011e+00  1.07134e+00  0.00000e+00
   8251.36  6743.4375  1.01656e+00  8.89051e-01  1.01566e+00  0.00000e+00
   8279.91  6744.0625  9.79313e-01  9.48284e-01  9.78124e-01  0.00000e+00
   8308.46  6744.6875  1.03643e+00  1.05102e+00  1.03574e+00  0.00000e+00
   8337.02  6745.3125  1.01323e+00  1.16289e+00  1.01319e+00  0.00000e+00
   8365.57  6745.9375  8.98552e-01  7.04676e-01  8.98882e-01  0.00000e+00
   8394.12  6746.5625  9.21234e-01  9.64952e-01  9.21777e-01  0.00000e+00
   8422.67  6747.1875  9.39126e-01  1.04280e+00  9.39556e-01  0.00000e+00
   8451.22  6747.8125  8.64401e-01  7.54345e-01  8.64108e-01  0.00000e+00
   8479.77  6748.4375  8.48708e-01  8.84417e-01  8.48005e-01  0.00000e+00
   8508.32  6749.0625  8.29783e-01  8.67001e-01  8.29084e-01  0.00000e+00
   8536.87  6749.6875  8.09587e-01  7.01271e-01  8.09362e-01  0.00000e+00
   8565.42  6750.3125  9.07223e-01  9.01947e-01  9.06847e-01  0.00000e+00
   8593.97  6750.9375  9.79268e-01  1.15033e+00  9.78180e-01  0.00000e+00
   8622.53  6751.5625  9.46009e-01  7.49381e-01  9.44439e-01  0.00000e+00
   8651.08  6752.1875  1.01628e+00  1.10839e+00  1.01510e+00  0.00000e+00
   8679.63  6752.8125  1.08682e+00  1.06710e+00  1.08596e+00  0.00000e+00
   8708.18  6753.4375  1.09034e+00  1.16578e+00  1.08961e+00  0.00000e+00
   8736.73  6754.0625  1.03113e+00  9.82001e-01  1.03091e+00  0.00000e+00
   8765.28  6754.6875  9.84338e-01  9.97096e-01  9.84233e-01  0.00000e+00
   8793.83  6755.3125  9.44976e-01  9.54646e-01  9.44801e-01  0.00000e+00
   8822.38  6755.9375  9.33375e-01  8.49354e-01  9.33430e-01  0.00000e+00
   8850.93  6756.5625  9.63062e-01  1.08144e+00  9.63210e-01  0.00000e+00
   8879.49  6757.1875  1.00570e+00  7.94414e-01  1.00556e+00  0.00000e+00
   8908.04  6757.8125  1.11725e+00  1.35844e+00  1.11638e+00  0.00000e+00
   8936.59  6758.4375  1.07670e+00  1.00293e+00  1.07488e+00  0.00000e+00
   8965.14  6759.0625  1.01129e+00  9.84309e-01  1.00945e+00  0.00000e+00
   8993.69  6759.6875  1.01109e+00  1.02390e+00  1.01002e+00  0.00000e+00
   9022.24  6760.3125  1.01324e+00  1.00677e+00  1.01277e+00  0.00000e+00
   9050.79  6760.9375  9.56550e-01  1.06397e+00  9.56588e-01  0.00000e+00
   9079.34  6761.5625  8.52080e-01  7.01352e-01  8.51941e-01  0.00000e+00
   9107.89  6762.1875  8.84321e-01  8.74535e-01  8.84204e-01  0.00000e+00
   9136.44  6762.8125  9.29452e-01  1.08565e+00  9.29069e-01  0.00000e+00
   9165.00  6763.4375  9.01447e-01  6.96214e-01  9.01186e-01  0.00000e+00
   9193.55  6764.0625  1.03842e+00  1.05420e+00  1.03900e+00  0.00000e+00
   9222.10  6764.6875  1.18784e+00  1.32999e+00  1.18869e+00  0.00000e+00
   9250.65  6765.3125  1.14723e+00  1.14131e+00  1.14788e+00  0.00000e+00
   9279.20  6765.9375  1.01612e+00  1.04340e+00  1.01620e+00  0.00000e+00
   9307.75  6766.5625  9.39377e-01  7.81075e-01  9.39663e-01  0.00000e+00
   9336.30  6767.1875  9.80229e-01  1.11106e+00  9.81111e-01  0.00000e+00
   9364.85  6767.8125  9.73131e-01  9.20643e-01  9.73981e-01  0.00000e+00
   9393.40  6768.4375  9.55748e-01  9.65292e-01  9.56274e-01  0.00000e+00
   9421.95  6769.0625  9.53844e-01  9.57431e-01  9.53888e-01  0.00000e+00
   9450.51  6769.6875  9.92639e-01  9.04660e-01  9.92784e-01  0.00000e+00
   9479.06  6770.3125  1.07408e+00  1.19685e+00  1.07336e+00  0.00000e+00
   9507.61  6770.9375  1.08074e+00  1.01611e+00  1.08008e+00  0.00000e+00
   9536.16  6771.5625  1.04278e+00  1.14364e+00  1.04334e+00  0.00000e+00
   9564.71  6772.1875  9.52971e-01  8.81732e-01  9.54255e-01  0.00000e+00
   9593.26  6772.8125  9.68438e-01  8.43457e-01  9.70211e-01  0.00000e+00
   9621.81  6773.4375  1.06836e+00  1.27432e+00  1.07053e+00  0.00000e+00
   9650.36  6774.0625  1.03195e+00  9.38346e-01  1.03394e+00  0.00000e+00
   9678.91  6774.6875  1.05220e+00  9.56536e-01  1.05319e+00  0.00000e+00
   9707.47  6775.3125  1.15585e+00  1.31422e+00  1.15623e+00  0.00000e+00
   9736.02  6775.9375  1.14256e+00  1.08635e+00  1.14307e+00  0.00000e+00
   9764.57  6776.5625  1.09140e+00  1.12589e+00  1.09286e+00  0.00000e+00
   9793.12  6777.1875  1.04637e+00  1.00747e+00  1.04840e+00  0.00000e+00
   9821.67  6777.8125  1.02743e+00  1.03746e+00  1.02831e+00  0.00000e+00
   9850.22  6778.4375  1.00495e+00  1.03014e+00  1.00396e+00  0.00000e+00
   9878.77  6779.0625  9.89282e-01  9.09476e-01  9.88753e-01  0.00000e+00
   9907.32  6779.6875  1.01216e+00  1.10478e+00  1.01244e+00  0.00000e+00
   9935.87  6780.3125  1.02253e+00  9.10604e-01  1.02243e+00  0.00000e+00
   9964.42  6780.9375  1.05017e+00  1.18280e+00  1.05008e+00  0.00000e+00
   9992.98  6781.5625  1.00669e+00  9.42467e-01  1.00702e+00  0.00000e+00
  10021.53  6782.1875  1.00794e+00  9.44624e-01  1.00846e+00  0.00000e+00
  10050.08  6782.8125  1.06960e+00  1.16167e+00  1.06993e+00  0.00000e+00
  10078.63  6783.4375  1.01143e+00  1.08265e+00  1.01147e+00  0.00000e+00
  10107.18  6784.0625  9.01650e-01  7.36765e-01  9.01398e-01  0.00000e+00
  10135.73  6784.6875  9.16729e-01  9.97332e-01  9.17008e-01  0.00000e+00
  10164.28  6785.3125  9.18115e-01  9.22295e-01  9.19299e-01  0.00000e+00
  10192.83  6785.9375  8.45419e-01  8.89380e-01  8.46521e-01  0.00000e+00
  10221.38  6786.5625  7.44820e-01  6.89029e-01  7.44723e-01  0.00000e+00
  10249.93  6787.1875  7.33422e-01  6.61987e-01  7.33208e-01  0.00000e+00
  10278.49  6787.8125  8.09848e-01  8.74284e-01  8.10561e-01  0.00000e+00
  10307.04  6788.4375  8.36282e-01  8.56563e-01  8.37260e-01  0.00000e+00
  10335.59  6789.0625  8.53703e-01  7.60813e-01  8.54206e-01  0.00000e+00
  10364.14  6789.6875  9.49027e-01  9.96980e-01  9.49241e-01  0.00000e+00
  10392.69  6790.3125  9.97333e-01  1.06684e+00  9.96911e-01  0.00000e+00
  10421.24  6790.9375  9.80644e-01  8.85852e-01  9.79750e-01  0.00000e+00
  10449.79  6791.5625  9.88478e-01  1.09185e+00  9.88472e-01  0.00000e+00
  10478.34  6792.1875  9.93530e-01  8.56604e-01  9.93656e-01  0.00000e+00
  10506.89  6792.8125  1.06279e+00  1.16204e+00  1.06190e+00  0.00000e+00
  10535.45  6793.4375  1.09921e+00  1.06474e+00  1.09762e+00  0.00000e+00
  10564.00  6794.0625  1.11272e+00  1.13589e+00  1.11145e+00  0.00000e+00
  10592.55  6794.6875  1.11854e+00  1.10387e+00  1.11765e+00  0.00000e+00
  10621.10  6795.3125  1.07990e+00  1.16893e+00  1.07974e+00  0.00000e+00
  10649.65  6795.9375  9.78241e-01  8.97595e-01  9.78318e-01  0.00000e+00
  10678.20  6796.5625  9.14048e-01  9.45356e-01  9.14230e-01  0.00000e+00
  10706.75  6797.1875  8.95655e-01  8.25873e-01  8.96632e-01  0.00000e+00
  10735.30  6797.8125  9.38150e-01  9.63622e-01  9.39601e-01  0.00000e+00
  10763.85  6798.4375  9.76503e-01  9.95254e-01  9.77714e-01  0.00000e+00
  10792.40  6799.0625  9.76219e-01  9.75323e-01  9.77363e-01  0.00000e+00
  10820.96  6799.6875  9.43129e-01  9.77114e-01  9.43475e-01  0.00000e+00
  10849.51  6800.3125  8.59622e-01  8.78027e-01  8.59828e-01  0.00000e+00
  10878.06  6800.9375  8.39333e-01  6.55964e-01  8.40076e-01  0.00000e+00
  10906.61  6801.5625  9.91673e-01  1.08692e+00  9.92763e-01  0.00000e+00
  10935.16  6802.1875  1.08884e+00  1.15319e+00  1.08946e+00  0.00000e+00
  10963.71  6802.8125  1.06037e+00  1.04533e+00  1.06074e+00  0.00000e+00
  10992.26  6803.4375  1.05442e+00  9.72371e-01  1.05512e+00  0.00000e+00
  11020.81  6804.0625  1.07733e+00  1.22412e+00  1.07769e+00  0.00000e+00
  11049.36  6804.6875  9.82157e-01  9.41660e-01  9.82033e-01  0.00000e+00
  11077.91  6805.3125  9.11377e-01  8.19494e-01  9.11210e-01  0.00000e+00
  11106.47  6805.9375  9.93488e-01  9.69520e-01  9.94284e-01  0.00000e+00
  11135.02  6806.5625  1.09298e+00  1.21364e+00  1.09343e+00  0.00000e+00
  11163.57  6807.1875  1.07418e+00  1.03425e+00  1.07361e+00  0.00000e+00
  11192.12  6807.8125  1.05716e+00  1.02180e+00  1.05684e+00  0.00000e+00
  11220.67  6808.4375  1.09480e+00  1.11150e+00  1.09501e+00  0.00000e+00
  11249.22  6809.0625  1.08653e+00  1.16665e+00  1.08710e+00  0.00000e+00
  11277.77  6809.6875  9.99356e-01  9.38005e-01  1.00004e+00  0.00000e+00
  11306.32  6810.3125  9.53253e-01  9.46636e-01  9.53502e-01  0.00000e+00
  11334.87  6810.9375  1.01657e+00  8.96049e-01  1.01688e+00  0.00000e+00
  11363.43  6811.5625  1.11437e+00  1.33547e+00  1.11496e+00  0.00000e+00
  11391.98  6812.1875  1.03056e+00  9.71529e-01  1.03059e+00  0.00000e+00
  11420.53  6812.8125  9.69762e-01  8.39203e-01  9.69331e-01  0.00000e+00
  11449.08  6813.4375  1.02215e+00  1.16924e+00  1.02167e+00  0.00000e+00
  11477.63  6814.0625  9.72319e-01  9.64301e-01  9.72518e-01  0.00000e+00
  11506.18  6814.6875  9.72492e-01  7.53380e-01  9.72658e-01  0.00000e+00
  11534.73  6815.3125  1.11488e+00  1.36856e+00  1.11501e+00  0.00000e+00
  11563.28  6815.9375  1.11929e+00  1.00545e+00  1.11866e+00  0.00000e+00
  11591.83  6816.5625  1.09369e+00  1.15320e+00  1.09300e+00  0.00000e+00
  11620.38  6817.1875  1.07216e+00  1.03637e+00  1.07198e+00  0.00000e+00
  11648.94  6817.8125  1.08474e+00  1.04924e+00  1.08439e+00  0.00000e+00
  11677.49  6818.4375  1.10283e+00  1.20550e+00  1.10267e+00  0.00000e+00
  11706.04  6819.0625  1.03293e+00  9.95994e-01  1.03353e+00  0.00000e+00
  11734.59  6819.6875  1.01232e+00  9.03898e-01  1.01346e+00  0.00000e+00
  11763.14  6820.3125  1.07265e+00  1.21113e+00  1.07351e+00  0.00000e+00
  11791.69  6820.9375  1.04952e+00  1.00153e+00  1.05003e+00  0.00000e+00
  11820.24  6821.5625  1.07573e+00  9.46051e-01  1.07581e+00  0.00000e+00
  11848.79  6822.1875  1.08756e+00  1.45724e+00  1.08818e+00  0.00000e+00
  11877.34  6822.8125  9.13270e-01  5.34468e-01  9.13987e-01  0.00000e+00
  11905.89  6823.4375  9.61906e-01  1.06109e+00  9.62397e-01  0.00000e+00
  11934.45  6824.0625  1.05742e+00  1.12403e+00  1.05764e+00  0.00000e+00
  11963.00  6824.6875  1.04743e+00  9.91444e-01  1.04733e+00  0.00000e+00
  11991.55  6825.3125  1.00946e+00  1.10964e+00  1.00968e+00  0.00000e+00
  12020.10  6825.9375  9.19669e-01  8.38079e-01  9.20071e-01  0.00000e+00
  12048.65  6826.5625  8.97049e-01  8.76943e-01  8.96681e-01  0.00000e+00
  12077.20  6827.1875  1.01945e+00  8.86172e-01  1.01853e+00  0.00000e+00
  12105.75  6827.8125  1.18275e+00  1.44361e+00  1.18291e+00  0.00000e+00
  12134.30  6828.4375  1.17906e+00  1.00203e+00  1.17979e+00  0.00000e+00
  12162.85  6829.0625  1.13258e+00  1.35012e+00  1.13319e+00  0.00000e+00
  12191.40  6829.6875  1.02496e+00  8.09950e-01  1.02498e+00  0.00000e+00
  12219.96  6830.3125  1.07055e+00  1.07698e+00  1.07078e+00  0.00000e+00
  12248.51  6830.9375  1.15433e+00  1.28218e+00  1.15435e+00  0.00000e+00
  12277.06  6831.5625  1.10106e+00  1.05494e+00  1.10069e+00  0.00000e+00
  12305.61  6832.1875  1.07078e+00  1.00549e+00  1.07071e+00  0.00000e+00
  12334.16  6832.8125  1.14025e+00  1.14963e+00  1.14085e+00  0.00000e+00
  12362.71  6833.4375  1.14680e+00  1.30810e+00  1.14742e+00  0.00000e+00
  12391.26  6834.0625  1.04519e+00  8.59711e-01  1.04549e+00  0.00000e+00
  12419.81  6834.6875  1.06905e+00  1.11387e+00  1.06960e+00  0.00000e+00
  12448.36  6835.3125  1.18638e+00  1.09788e+00  1.18707e+00  0.00000e+00
  12476.92  6835.9375  1.25759e+00  1.49641e+00  1.25813e+00  0.00000e+00
  12505.47  6836.5625  1.10248e+00  1.04425e+00  1.10265e+00  0.00000e+00
  12534.02  6837.1875  9.73275e-01  8.17290e-01  9.73144e-01  0.00000e+00
  12562.57  6837.8125  1.00499e+00  1.13601e+00  1.00512e+00  0.00000e+00
  12591.12  6838.4375  1.03659e+00  9.00062e-01  1.03700e+00  0.00000e+00
  12619.67  6839.0625  1.08279e+00  1.23892e+00  1.08386e+00  0.00000e+00
  12648.22  6839.6875  1.03786e+00  9.78286e-01  1.03920e+00  0.00000e+00
  12676.77  6840.3125  1.02809e+00  9.47190e-01  1.02956e+00  0.00000e+00
  12705.32  6840.9375  1.09729e+00  1.19941e+00  1.09883e+00  0.00000e+00
  12733.87  6841.5625  1.10947e+00  1.05454e+00  1.11022e+00  0.00000e+00
  12762.43  6842.1875  1.04755e+00  1.20250e+00  1.04786e+00  0.00000e+00
  12790.98  6842.8125  9.16051e-01  7.33767e-01  9.16601e-01  0.00000e+00
  12819.53  6843.4375  8.79101e-01  9.75544e-01  8.80017e-01  0.00000e+00
  12848.08  6844.0625  8.51250e-01  7.97536e-01  8.52241e-01  0.00000e+00
  12876.63  6844.6875  8.50601e-01  8.46336e-01  8.50737e-01  0.00000e+00
  12905.18  6845.3125  9.62049e-01  8.19893e-01  9.61282e-01  0.00000e+00
  12933.73  6845.9375  1.11128e+00  1.37728e+00  1.10912e+00  0.00000e+00
  12962.28  6846.5625  1.07905e+00  9.32113e-01  1.07684e+00  0.00000e+00
  12990.83  6847.1875  1.04865e+00  1.10777e+00  1.04713e+00  0.00000e+00
  13019.38  6847.8125  9.95625e-01  1.03980e+00  9.93837e-01  0.00000e+00
  13047.94  6848.4375  9.10521e-01  8.18897e-01  9.08766e-01  0.00000e+00
  13076.49  6849.0625  9.45069e-01  8.95917e-01  9.44022e-01  0.00000e+00
  13105.04  6849.6875  1.03816e+00  1.14123e+00  1.03752e+00  0.00000e+00
  13133.59  6850.3125  1.04868e+00  1.01264e+00  1.04801e+00  0.00000e+00
  13162.14  6850.9375  1.04395e+00  1.04186e+00  1.04379e+00  0.00000e+00
  13190.69  6851.5625  1.00599e+00  1.10356e+00  1.00636e+00  0.00000e+00
  13219.24  6852.1875  9.23905e-01  7.82348e-01  9.23902e-01  0.00000e+00
  13247.79  6852.8125  9.22545e-01  1.00095e+00  9.22542e-01  0.00000e+00
  13276.34  6853.4375  8.82151e-01  9.17416e-01  8.82546e-01  0.00000e+00
  13304.90  6854.0625  8.25851e-01  6.99281e-01  8.25836e-01  0.00000e+00
  13333.45  6854.6875  8.63980e-01  9.49092e-01  8.63813e-01  0.00000e+00
  13362.00  6855.3125  8.90520e-01  8.47650e-01  8.90525e-01  0.00000e+00
  13390.55  6855.9375  9.32099e-01  9.25107e-01  9.32151e-01  0.00000e+00
  13419.10  6856.5625  1.01233e+00  9.92020e-01  1.01301e+00  0.00000e+00
  13447.65  6857.1875  1.02645e+00  1.19948e+00  1.02722e+00  0.00000e+00
  13476.20  6857.8125  9.27480e-01  7.49311e-01  9.27732e-01  0.00000e+00
  13504.75  6858.4375  9.13963e-01  9.94628e-01  9.13586e-01  0.00000e+00
  13533.30  6859.0625  9.12384e-01  8.84245e-01  9.11898e-01  0.00000e+00
  13561.85  6859.6875  9.11984e-01  9.05242e-01  9.12152e-01  0.00000e+00
  13590.41  6860.3125  9.73817e-01  9.05736e-01  9.74948e-01  0.00000e+00
  13618.96  6860.9375  1.09232e+00  1.15773e+00  1.09362e+00  0.00000e+00
  13647.51  6861.5625  1.16539e+00  1.16140e+00  1.16577e+00  0.00000e+00
  13676.06  6862.1875  1.16809e+00  1.23059e+00  1.16794e+00  0.00000e+00
  13704.61  6862.8125  1.08820e+00  1.09120e+00  1.08830e+00  0.00000e+00
  13733.16  6863.4375  1.01193e+00  9.36114e-01  1.01209e+00  0.00000e+00
  13761.71  6864.0625  1.02045e+00  1.04229e+00  1.02018e+00  0.00000e+00
  13790.26  6864.6875  1.05449e+00  1.03734e+00  1.05460e+00  0.00000e+00
  13818.81  6865.3125  1.06721e+00  1.12223e+00  1.06786e+00  0.00000e+00
  13847.36  6865.9375  1.02279e+00  1.01667e+00  1.02311e+00  0.00000e+00
  13875.92  6866.5625  1.00925e+00  9.16143e-01  1.00954e+00  0.00000e+00
  13904.47  6867.1875  1.09238e+00  1.13389e+00  1.09190e+00  0.00000e+00
  13933.02  6867.8125  1.10444e+00  1.23025e+00  1.10325e+00  0.00000e+00
  13961.57  6868.4375  9.97160e-01  8.78915e-01  9.95878e-01  0.00000e+00
  13990.12  6869.0625  9.56024e-01  9.81454e-01  9.55263e-01  0.00000e+00
  14018.67  6869.6875  9.72489e-01  9.28627e-01  9.72963e-01  0.00000e+00
  14047.22  6870.3125  9.91156e-01  1.07177e+00  9.92522e-01  0.00000e+00
  14075.77  6870.9375  1.00423e+00  8.80148e-01  1.00533e+00  0.00000e+00
  14104.32  6871.5625  1.13773e+00  1.11921e+00  1.13784e+00  0.00000e+00
  14132.88  6872.1875  1.22111e+00  1.48008e+00  1.22020e+00  0.00000e+00
  14161.43  6872.8125  1.14181e+00  8.54664e-01  1.14077e+00  0.00000e+00
  14189.98  6873.4375  1.17182e+00  1.37050e+00  1.17119e+00  0.00000e+00
  14218.53  6874.0625  1.15144e+00  1.06031e+00  1.15099e+00  0.00000e+00
  14247.08  6874.6875  1.04085e+00  1.22059e+00  1.04021e+00  0.00000e+00
  14275.63  6875.3125  8.82488e-01  6.41460e-01  8.82049e-01  0.00000e+00
  14304.18  6875.9375  8.97233e-01  9.68531e-01  8.96953e-01  0.00000e+00
  14332.73  6876.5625  9.61555e-01  9.53945e-01  9.60977e-01  0.00000e+00
  14361.28  6877.1875  1.00172e+00  1.00217e+00  1.00098e+00  0.00000e+00
  14389.83  6877.8125  1.05533e+00  1.02999e+00  1.05509e+00  0.00000e+00
  14418.39  6878.4375  1.08539e+00  1.18056e+00  1.08496e+00  0.00000e+00
  14446.94  6879.0625  1.01507e+00  1.00190e+00  1.01399e+00  0.00000e+00
  14475.49  6879.6875  9.65003e-01  8.64399e-01  9.63740e-01  0.00000e+00
  14504.04  6880.3125  1.02187e+00  1.07131e+00  1.02085e+00  0.00000e+00
  14532.59  6880.9375  1.03137e+00  1.10154e+00  1.03020e+00  0.00000e+00
  14561.14  6881.5625  9.20851e-01  9.26964e-01  9.19770e-01  0.00000e+00
  14589.69  6882.1875  8.29926e-01  7.06419e-01  8.29705e-01  0.00000e+00
  14618.24  6882.8125  8.50907e-01  9.32484e-01  8.50859e-01  0.00000e+00
  14646.79  6883.4375  8.84589e-01  8.09003e-01  8.83859e-01  0.00000e+00
  14675.34  6884.0625  9.77787e-01  9.62618e-01  9.77040e-01  0.00000e+00
  14703.90  6884.6875  1.05115e+00  1.19691e+00  1.05113e+00  0.00000e+00
  14732.45  6885.3125  1.03033e+00  8.74938e-01  1.03006e+00  0.00000e+00
  14761.00  6885.9375  1.03074e+00  1.19943e+00  1.03034e+00  0.00000e+00
  14789.55  6886.5625  9.75070e-01  8.42924e-01  9.75409e-01  0.00000e+00
  14818.10  6887.1875  9.80593e-01  1.00647e+00  9.80996e-01  0.00000e+00
  14846.65  6887.8125  9.83050e-01  1.05645e+00  9.82267e-01  0.00000e+00
  14875.20  6888.4375  9.11878e-01  8.56714e-01  9.10896e-01  0.00000e+00
  14903.75  6889.0625  9.00831e-01  8.44911e-01  9.00302e-01  0.00000e+00
  14932.30  6889.6875  9.58686e-01  1.01675e+00  9.58801e-01  0.00000e+00
  14960.86  6890.3125  9.43887e-01  9.95728e-01  9.44702e-01  0.00000e+00
  14989.41  6890.9375  8.39007e-01  8.21068e-01  8.39653e-01  0.00000e+00
  15017.96  6891.5625  7.69945e-01  7.03333e-01  7.70184e-01  0.00000e+00
  15046.51  6892.1875  8.72316e-01  7.38180e-01  8.73438e-01  0.00000e+00
  15075.06  6892.8125  1.04392e+00  1.29561e+00  1.04510e+00  0.00000e+00
  15103.61  6893.4375  1.00066e+00  9.41420e-01  1.00084e+00  0.00000e+00
  15132.16  6894.0625  9.18433e-01  8.67053e-01  9.18382e-01  0.00000e+00
  15160.71  6894.6875  9.24258e-01  9.40768e-01  9.23712e-01  0.00000e+00
  15189.26  6895.3125  9.73451e-01  9.17831e-01  9.72375e-01  0.00000e+00
  15217.81  6895.9375  1.04765e+00  1.11274e+00  1.04710e+00  0.00000e+00
  15246.37  6896.5625  1.04401e+00  1.08274e+00  1.04496e+00  0.00000e+00
  15274.92  6897.1875  9.49105e-01  9.58147e-01  9.50466e-01  0.00000e+00
  15303.47  6897.8125  8.80750e-01  7.72346e-01  8.81448e-01  0.00000e+00
  15332.02  6898.4375  9.18537e-01  9.67689e-01  9.19205e-01  0.00000e+00
  15360.57  6899.0625  9.23181e-01  9.83182e-01  9.24218e-01  0.00000e+00
  15389.12  6899.6875  8.89651e-01  7.81285e-01  8.91074e-01  0.00000e+00
  15417.67  6900.3125  9.98378e-01  9.31492e-01  1.00020e+00  0.00000e+00
  15446.22  6900.9375  1.16970e+00  1.31828e+00  1.17110e+00  0.00000e+00
  15474.77  6901.5625  1.17772e+00  1.19275e+00  1.17790e+00  0.00000e+00
  15503.32  6902.1875  1.08322e+00  1.07846e+00  1.08262e+00  0.00000e+00
  15531.88  6902.8125  1.02897e+00  9.44972e-01  1.02843e+00  0.00000e+00
  15560.43  6903.4375  1.03299e+00  1.12693e+00  1.03221e+00  0.00000e+00
  15588.98  6904.0625  9.71092e-01  9.58000e-01  9.70344e-01  0.00000e+00
  15617.53  6904.6875  8.85076e-01  8.67870e-01  8.84416e-01  0.00000e+00
  15646.08  6905.3125  8.63262e-01  7.98565e-01  8.63011e-01  0.00000e+00
  15674.63  6905.9375  8.89540e-01  9.72686e-01  8.90036e-01  0.00000e+00
  15703.18  6906.5625  8.63680e-01  8.31163e-01  8.64174e-01  0.00000e+00
  15731.73  6907.1875  8.22707e-01  8.40795e-01  8.22372e-01  0.00000e+00
  15760.28  6907.8125  7.92615e-01  7.64112e-01  7.92639e-01  0.00000e+00
  15788.84  6908.4375  8.09171e-01  7.80983e-01  8.09666e-01  0.00000e+00
  15817.39  6909.0625  8.97405e-01  8.64656e-01  8.96518e-01  0.00000e+00
  15845.94  6909.6875  1.00045e+00  1.07726e+00  9.98823e-01  0.00000e+00
  15874.49  6910.3125  1.01984e+00  1.02644e+00  1.01918e+00  0.00000e+00
  15903.04  6910.9375  1.01846e+00  9.57745e-01  1.01883e+00  0.00000e+00
  15931.59  6911.5625  1.04060e+00  1.13104e+00  1.04105e+00  0.00000e+00
  15960.14  6912.1875  1.04697e+00  9.30900e-01  1.04700e+00  0.00000e+00
  15988.69  6912.8125  1.10768e+00  1.18300e+00  1.10687e+00  0.00000e+00
  16017.24  6913.4375  1.10199e+00  1.15973e+00  1.10006e+00  0.00000e+00
  16045.79  6914.0625  1.01461e+00  9.55378e-01  1.01274e+00  0.00000e+00
  16074.35  6914.6875  9.84053e-01  9.53394e-01  9.83563e-01  0.00000e+00
  16102.90  6915.3125  9.79472e-01  1.06740e+00  9.80380e-01  0.00000e+00
  16131.45  6915.9375  9.57731e-01  8.27830e-01  9.59289e-01  0.00000e+00
  16160.00  6916.5625  1.05820e+00  1.04675e+00  1.06058e+00  0.00000e+00
  16188.55  6917.1875  1.14766e+00  1.31895e+00  1.14995e+00  0.00000e+00
  16217.10  6917.8125  1.05615e+00  9.99251e-01  1.05664e+00  0.00000e+00
  16245.65  6918.4375  9.68127e-01  9.14198e-01  9.67325e-01  0.00000e+00
  16274.20  6919.0625  9.55138e-01  9.96949e-01  9.54629e-01  0.00000e+00
  16302.75  6919.6875  9.16315e-01  9.28866e-01  9.17203e-01  0.00000e+00
  16331.30  6920.3125  8.83518e-01  8.04331e-01  8.84619e-01  0.00000e+00
  16359.86  6920.9375  9.22271e-01  9.65612e-01  9.23535e-01  0.00000e+00
  16388.41  6921.5625  9.70615e-01  9.35871e-01  9.72351e-01  0.00000e+00
  16416.96  6922.1875  1.01799e+00  1.05862e+00  1.02001e+00  0.00000e+00
  16445.51  6922.8125  1.04420e+00  1.01769e+00  1.04617e+00  0.00000e+00
  16474.06  6923.4375  1.03406e+00  1.11325e+00  1.03512e+00  0.00000e+00
  16502.61  6924.0625  9.39585e-01  9.36936e-01  9.39444e-01  0.00000e+00
  16531.16  6924.6875  8.84887e-01  7.38824e-01  8.84920e-01  0.00000e+00
  16559.71  6925.3125  9.28123e-01  1.08888e+00  9.28943e-01  0.00000e+00
  16588.26  6925.9375  8.82059e-01  8.27797e-01  8.82802e-01  0.00000e+00
  16616.81  6926.5625  8.77192e-01  7.72905e-01  8.77915e-01  0.00000e+00
  16645.37  6927.1875  1.00311e+00  1.05892e+00  1.00362e+00  0.00000e+00
  16673.92  6927.8125  1.08558e+00  1.14435e+00  1.08616e+00  0.00000e+00
  16702.47  6928.4375  1.07953e+00  1.04273e+00  1.08003e+00  0.00000e+00
  16731.02  6929.0625  1.05643e+00  1.10672e+00  1.05694e+00  0.00000e+00
  16759.57  6929.6875  1.02470e+00  9.62250e-01  1.02503e+00  0.00000e+00
  16788.12  6930.3125  1.04632e+00  1.04675e+00  1.04626e+00  0.00000e+00
  16816.67  6930.9375  1.09150e+00  1.11014e+00  1.09140e+00  0.00000e+00
  16845.22  6931.5625  1.09863e+00  1.12244e+00  1.09873e+00  0.00000e+00
  16873.77  6932.1875  1.05505e+00  1.06996e+00  1.05533e+00  0.00000e+00
  16902.33  6932.8125  1.00210e+00  9.56585e-01  1.00256e+00  0.00000e+00
  16930.88  6933.4375  9.63255e-01  1.02523e+00  9.63394e-01  0.00000e+00
  16959.43  6934.0625  8.90677e-01  8.60700e-01  8.90767e-01  0.00000e+00
  16987.98  6934.6875  8.82327e-01  7.77333e-01  8.82565e-01  0.00000e+00
  17016.53  6935.3125  9.68545e-01  1.07172e+00  9.68826e-01  0.00000e+00
  17045.08  6935.9375  9.95397e-01  9.70262e-01  9.95360e-01  0.00000e+00
  17073.63  6936.5625  9.66299e-01  1.01739e+00  9.66526e-01  0.00000e+00
  17102.18  6937.1875  8.98969e-01  8.71096e-01  8.99515e-01  0.00000e+00
  17130.73  6937.8125  8.61078e-01  8.22020e-01  8.61145e-01  0.00000e+00
  17159.28  6938.4375  8.72141e-01  9.09805e-01  8.71559e-01  0.00000e+00
  17187.84  6939.0625  9.31228e-01  8.02339e-01  9.30642e-01  0.00000e+00
  17216.39  6939.6875  1.05009e+00  1.19690e+00  1.04951e+00  0.00000e+00
  17244.94  6940.3125  1.03137e+00  1.06929e+00  1.03052e+00  0.00000e+00
  17273.49  6940.9375  9.57720e-01  8.21926e-01  9.57322e-01  0.00000e+00
  17302.04  6941.5625  9.92744e-01  1.05978e+00  9.92951e-01  0.00000e+00
  17330.59  6942.1875  9.59905e-01  1.06818e+00  9.60272e-01  0.00000e+00
  17359.14  6942.8125  8.56140e-01  6.75665e-01  8.56307e-01  0.00000e+00
  17387.69  6943.4375  9.14789e-01  9.19876e-01  9.14130e-01  0.00000e+00
  17416.24  6944.0625  9.51896e-01  1.16234e+00  9.50905e-01  0.00000e+00
  17444.79  6944.6875  8.36768e-01  6.28511e-01  8.35914e-01  0.00000e+00
  17473.35  6945.3125  8.56604e-01  8.78845e-01  8.56218e-01  0.00000e+00
  17501.90  6945.9375  9.43401e-01  9.81861e-01  9.43374e-01  0.00000e+00
  17530.45  6946.5625  9.80529e-01  9.68256e-01  9.80288e-01  0.00000e+00
  17559.00  6947.1875  1.01706e+00  1.00274e+00  1.01727e+00  0.00000e+00
  17587.55  6947.8125  1.05066e+00  1.09209e+00  1.05233e+00  0.00000e+00
  17616.10  6948.4375  9.87917e-01  1.07759e+00  9.90222e-01  0.00000e+00
  17644.65  6949.0625  8.58085e-01  7.29418e-01  8.59692e-01  0.00000e+00
  17673.20  6949.6875  8.27722e-01  8.53090e-01  8.28788e-01  0.00000e+00
