# day150  epoch=150.0d  L_Halpha=2.539e+40 erg/s  smooth_kms=25.0
# Columns:
#   1: Δv [km/s]      velocity offset from Hα (6562.81 Å), positive = redshift
#   2: lambda [Å]     observed wavelength
#   3: F_norm         total flux, smoothed, normalized to F_cont_baseline
#   4: F_norm_raw     total flux, RAW MC (no velocity smoothing)
#   5: F_cont_smooth  continuum-channel flux (continuum photons only)
#   6: F_vol_smooth   volumetric-channel flux (line emission contribution)
# Format: F_norm ≈ F_cont_smooth + F_vol_smooth (within MC noise)
# ----------------------------------------------------------------------------------------
 -16559.48  6200.3125  1.66508e-01  1.70583e-01  1.66508e-01  0.00000e+00
 -16530.93  6200.9375  1.65381e-01  1.54677e-01  1.65381e-01  0.00000e+00
 -16502.38  6201.5625  1.73977e-01  1.76579e-01  1.73977e-01  0.00000e+00
 -16473.83  6202.1875  1.79163e-01  1.89909e-01  1.79163e-01  0.00000e+00
 -16445.28  6202.8125  1.73123e-01  1.66260e-01  1.73123e-01  0.00000e+00
 -16416.73  6203.4375  1.71371e-01  1.67304e-01  1.71371e-01  0.00000e+00
 -16388.18  6204.0625  1.67439e-01  1.87689e-01  1.67439e-01  0.00000e+00
 -16359.63  6204.6875  1.54489e-01  1.28759e-01  1.54489e-01  0.00000e+00
 -16331.08  6205.3125  1.57995e-01  1.67524e-01  1.57995e-01  0.00000e+00
 -16302.53  6205.9375  1.64074e-01  1.62913e-01  1.64074e-01  0.00000e+00
 -16273.97  6206.5625  1.60926e-01  1.71285e-01  1.60926e-01  0.00000e+00
 -16245.42  6207.1875  1.51618e-01  1.39211e-01  1.51618e-01  0.00000e+00
 -16216.87  6207.8125  1.49369e-01  1.55086e-01  1.49369e-01  0.00000e+00
 -16188.32  6208.4375  1.49773e-01  1.44352e-01  1.49773e-01  0.00000e+00
 -16159.77  6209.0625  1.50488e-01  1.56708e-01  1.50488e-01  0.00000e+00
 -16131.22  6209.6875  1.44752e-01  1.47325e-01  1.44752e-01  0.00000e+00
 -16102.67  6210.3125  1.38586e-01  1.27885e-01  1.38586e-01  0.00000e+00
 -16074.12  6210.9375  1.45918e-01  1.43677e-01  1.45918e-01  0.00000e+00
 -16045.57  6211.5625  1.57242e-01  1.67303e-01  1.57242e-01  0.00000e+00
 -16017.01  6212.1875  1.67860e-01  1.48457e-01  1.67860e-01  0.00000e+00
 -15988.46  6212.8125  1.83959e-01  2.07578e-01  1.83959e-01  0.00000e+00
 -15959.91  6213.4375  1.79788e-01  1.80400e-01  1.79788e-01  0.00000e+00
 -15931.36  6214.0625  1.64655e-01  1.58888e-01  1.64655e-01  0.00000e+00
 -15902.81  6214.6875  1.57496e-01  1.55601e-01  1.57496e-01  0.00000e+00
 -15874.26  6215.3125  1.60828e-01  1.52618e-01  1.60828e-01  0.00000e+00
 -15845.71  6215.9375  1.66714e-01  1.83283e-01  1.66714e-01  0.00000e+00
 -15817.16  6216.5625  1.61930e-01  1.51672e-01  1.61930e-01  0.00000e+00
 -15788.61  6217.1875  1.64118e-01  1.58646e-01  1.64118e-01  0.00000e+00
 -15760.06  6217.8125  1.73621e-01  1.82272e-01  1.73621e-01  0.00000e+00
 -15731.50  6218.4375  1.69333e-01  1.80423e-01  1.69333e-01  0.00000e+00
 -15702.95  6219.0625  1.58565e-01  1.35310e-01  1.58565e-01  0.00000e+00
 -15674.40  6219.6875  1.60140e-01  1.80321e-01  1.60140e-01  0.00000e+00
 -15645.85  6220.3125  1.59083e-01  1.41681e-01  1.59083e-01  0.00000e+00
 -15617.30  6220.9375  1.68242e-01  1.69991e-01  1.68242e-01  0.00000e+00
 -15588.75  6221.5625  1.77430e-01  1.90855e-01  1.77430e-01  0.00000e+00
 -15560.20  6222.1875  1.79070e-01  1.60157e-01  1.79070e-01  0.00000e+00
 -15531.65  6222.8125  1.85762e-01  2.05694e-01  1.85762e-01  0.00000e+00
 -15503.10  6223.4375  1.79662e-01  1.75162e-01  1.79662e-01  0.00000e+00
 -15474.55  6224.0625  1.69020e-01  1.67690e-01  1.69020e-01  0.00000e+00
 -15445.99  6224.6875  1.64818e-01  1.61017e-01  1.64818e-01  0.00000e+00
 -15417.44  6225.3125  1.71170e-01  1.62750e-01  1.71170e-01  0.00000e+00
 -15388.89  6225.9375  1.79291e-01  1.98797e-01  1.79291e-01  0.00000e+00
 -15360.34  6226.5625  1.67693e-01  1.66271e-01  1.67693e-01  0.00000e+00
 -15331.79  6227.1875  1.51364e-01  1.43710e-01  1.51364e-01  0.00000e+00
 -15303.24  6227.8125  1.50688e-01  1.41792e-01  1.50688e-01  0.00000e+00
 -15274.69  6228.4375  1.63139e-01  1.68823e-01  1.63139e-01  0.00000e+00
 -15246.14  6229.0625  1.72209e-01  1.74021e-01  1.72209e-01  0.00000e+00
 -15217.59  6229.6875  1.70160e-01  1.79780e-01  1.70160e-01  0.00000e+00
 -15189.03  6230.3125  1.60241e-01  1.50111e-01  1.60241e-01  0.00000e+00
 -15160.48  6230.9375  1.59974e-01  1.56376e-01  1.59974e-01  0.00000e+00
 -15131.93  6231.5625  1.66782e-01  1.72451e-01  1.66782e-01  0.00000e+00
 -15103.38  6232.1875  1.66412e-01  1.70111e-01  1.66412e-01  0.00000e+00
 -15074.83  6232.8125  1.59837e-01  1.56512e-01  1.59837e-01  0.00000e+00
 -15046.28  6233.4375  1.56436e-01  1.54467e-01  1.56436e-01  0.00000e+00
 -15017.73  6234.0625  1.57563e-01  1.57905e-01  1.57563e-01  0.00000e+00
 -14989.18  6234.6875  1.62895e-01  1.57137e-01  1.62895e-01  0.00000e+00
 -14960.63  6235.3125  1.72707e-01  1.77479e-01  1.72707e-01  0.00000e+00
 -14932.08  6235.9375  1.76649e-01  1.81565e-01  1.76649e-01  0.00000e+00
 -14903.52  6236.5625  1.71706e-01  1.71303e-01  1.71706e-01  0.00000e+00
 -14874.97  6237.1875  1.66315e-01  1.62380e-01  1.66315e-01  0.00000e+00
 -14846.42  6237.8125  1.63674e-01  1.69109e-01  1.63674e-01  0.00000e+00
 -14817.87  6238.4375  1.67319e-01  1.47523e-01  1.67319e-01  0.00000e+00
 -14789.32  6239.0625  1.79023e-01  2.05073e-01  1.79023e-01  0.00000e+00
 -14760.77  6239.6875  1.78200e-01  1.60246e-01  1.78200e-01  0.00000e+00
 -14732.22  6240.3125  1.78403e-01  1.92039e-01  1.78403e-01  0.00000e+00
 -14703.67  6240.9375  1.78012e-01  1.64345e-01  1.78012e-01  0.00000e+00
 -14675.12  6241.5625  1.77002e-01  1.96814e-01  1.77002e-01  0.00000e+00
 -14646.57  6242.1875  1.71069e-01  1.47601e-01  1.71069e-01  0.00000e+00
 -14618.01  6242.8125  1.75032e-01  1.91326e-01  1.75032e-01  0.00000e+00
 -14589.46  6243.4375  1.71896e-01  1.70840e-01  1.71896e-01  0.00000e+00
 -14560.91  6244.0625  1.68644e-01  1.55640e-01  1.68644e-01  0.00000e+00
 -14532.36  6244.6875  1.76745e-01  1.86857e-01  1.76745e-01  0.00000e+00
 -14503.81  6245.3125  1.80263e-01  1.78457e-01  1.80263e-01  0.00000e+00
 -14475.26  6245.9375  1.78018e-01  1.82276e-01  1.78018e-01  0.00000e+00
 -14446.71  6246.5625  1.72937e-01  1.69189e-01  1.72937e-01  0.00000e+00
 -14418.16  6247.1875  1.67370e-01  1.72380e-01  1.67370e-01  0.00000e+00
 -14389.61  6247.8125  1.59671e-01  1.56723e-01  1.59671e-01  0.00000e+00
 -14361.06  6248.4375  1.63198e-01  1.45133e-01  1.63198e-01  0.00000e+00
 -14332.50  6249.0625  1.78704e-01  2.01782e-01  1.78704e-01  0.00000e+00
 -14303.95  6249.6875  1.79790e-01  1.71473e-01  1.79790e-01  0.00000e+00
 -14275.40  6250.3125  1.81931e-01  1.75110e-01  1.81931e-01  0.00000e+00
 -14246.85  6250.9375  1.83761e-01  2.06725e-01  1.83761e-01  0.00000e+00
 -14218.30  6251.5625  1.64184e-01  1.56270e-01  1.64184e-01  0.00000e+00
 -14189.75  6252.1875  1.42329e-01  1.41697e-01  1.42329e-01  0.00000e+00
 -14161.20  6252.8125  1.35033e-01  1.19131e-01  1.35033e-01  0.00000e+00
 -14132.65  6253.4375  1.49021e-01  1.49391e-01  1.49021e-01  0.00000e+00
 -14104.10  6254.0625  1.64483e-01  1.77162e-01  1.64483e-01  0.00000e+00
 -14075.54  6254.6875  1.64980e-01  1.63239e-01  1.64980e-01  0.00000e+00
 -14046.99  6255.3125  1.69227e-01  1.52357e-01  1.69227e-01  0.00000e+00
 -14018.44  6255.9375  1.78541e-01  2.09837e-01  1.78541e-01  0.00000e+00
 -13989.89  6256.5625  1.71778e-01  1.45513e-01  1.71778e-01  0.00000e+00
 -13961.34  6257.1875  1.71476e-01  1.88472e-01  1.71476e-01  0.00000e+00
 -13932.79  6257.8125  1.67453e-01  1.61408e-01  1.67453e-01  0.00000e+00
 -13904.24  6258.4375  1.67915e-01  1.56999e-01  1.67915e-01  0.00000e+00
 -13875.69  6259.0625  1.71942e-01  1.96012e-01  1.71942e-01  0.00000e+00
 -13847.14  6259.6875  1.61357e-01  1.44112e-01  1.61357e-01  0.00000e+00
 -13818.59  6260.3125  1.61894e-01  1.57046e-01  1.61894e-01  0.00000e+00
 -13790.03  6260.9375  1.68246e-01  1.85580e-01  1.68246e-01  0.00000e+00
 -13761.48  6261.5625  1.59739e-01  1.52690e-01  1.59739e-01  0.00000e+00
 -13732.93  6262.1875  1.57476e-01  1.44644e-01  1.57476e-01  0.00000e+00
 -13704.38  6262.8125  1.66125e-01  1.82777e-01  1.66125e-01  0.00000e+00
 -13675.83  6263.4375  1.64180e-01  1.58494e-01  1.64180e-01  0.00000e+00
 -13647.28  6264.0625  1.62734e-01  1.58509e-01  1.62734e-01  0.00000e+00
 -13618.73  6264.6875  1.69946e-01  1.69093e-01  1.69946e-01  0.00000e+00
 -13590.18  6265.3125  1.74908e-01  1.85849e-01  1.74908e-01  0.00000e+00
 -13561.63  6265.9375  1.73963e-01  1.60208e-01  1.73963e-01  0.00000e+00
 -13533.08  6266.5625  1.79416e-01  1.88243e-01  1.79416e-01  0.00000e+00
 -13504.52  6267.1875  1.80622e-01  1.80885e-01  1.80622e-01  0.00000e+00
 -13475.97  6267.8125  1.71621e-01  1.80273e-01  1.71621e-01  0.00000e+00
 -13447.42  6268.4375  1.56029e-01  1.47168e-01  1.56029e-01  0.00000e+00
 -13418.87  6269.0625  1.48883e-01  1.46355e-01  1.48883e-01  0.00000e+00
 -13390.32  6269.6875  1.54944e-01  1.46207e-01  1.54944e-01  0.00000e+00
 -13361.77  6270.3125  1.64161e-01  1.81414e-01  1.64161e-01  0.00000e+00
 -13333.22  6270.9375  1.58842e-01  1.54271e-01  1.58842e-01  0.00000e+00
 -13304.67  6271.5625  1.55262e-01  1.44993e-01  1.55262e-01  0.00000e+00
 -13276.12  6272.1875  1.60409e-01  1.72523e-01  1.60409e-01  0.00000e+00
 -13247.56  6272.8125  1.58836e-01  1.53695e-01  1.58836e-01  0.00000e+00
 -13219.01  6273.4375  1.54993e-01  1.58140e-01  1.54993e-01  0.00000e+00
 -13190.46  6274.0625  1.46708e-01  1.52043e-01  1.46708e-01  0.00000e+00
 -13161.91  6274.6875  1.35214e-01  1.26049e-01  1.35214e-01  0.00000e+00
 -13133.36  6275.3125  1.34799e-01  1.31827e-01  1.34799e-01  0.00000e+00
 -13104.81  6275.9375  1.49257e-01  1.38842e-01  1.49257e-01  0.00000e+00
 -13076.26  6276.5625  1.64894e-01  1.89653e-01  1.64894e-01  0.00000e+00
 -13047.71  6277.1875  1.57242e-01  1.51567e-01  1.57242e-01  0.00000e+00
 -13019.16  6277.8125  1.42729e-01  1.43511e-01  1.42729e-01  0.00000e+00
 -12990.61  6278.4375  1.42350e-01  1.20797e-01  1.42350e-01  0.00000e+00
 -12962.05  6279.0625  1.60166e-01  1.76865e-01  1.60166e-01  0.00000e+00
 -12933.50  6279.6875  1.64638e-01  1.71256e-01  1.64638e-01  0.00000e+00
 -12904.95  6280.3125  1.50737e-01  1.51803e-01  1.50737e-01  0.00000e+00
 -12876.40  6280.9375  1.40019e-01  1.24120e-01  1.40019e-01  0.00000e+00
 -12847.85  6281.5625  1.42788e-01  1.55154e-01  1.42788e-01  0.00000e+00
 -12819.30  6282.1875  1.48144e-01  1.31432e-01  1.48144e-01  0.00000e+00
 -12790.75  6282.8125  1.57104e-01  1.77050e-01  1.57104e-01  0.00000e+00
 -12762.20  6283.4375  1.56416e-01  1.44391e-01  1.56416e-01  0.00000e+00
 -12733.65  6284.0625  1.59297e-01  1.60531e-01  1.59297e-01  0.00000e+00
 -12705.10  6284.6875  1.64423e-01  1.69670e-01  1.64423e-01  0.00000e+00
 -12676.54  6285.3125  1.68971e-01  1.56481e-01  1.68971e-01  0.00000e+00
 -12647.99  6285.9375  1.72581e-01  1.97279e-01  1.72581e-01  0.00000e+00
 -12619.44  6286.5625  1.61640e-01  1.42888e-01  1.61640e-01  0.00000e+00
 -12590.89  6287.1875  1.55444e-01  1.65821e-01  1.55444e-01  0.00000e+00
 -12562.34  6287.8125  1.55697e-01  1.38774e-01  1.55697e-01  0.00000e+00
 -12533.79  6288.4375  1.63514e-01  1.79318e-01  1.63514e-01  0.00000e+00
 -12505.24  6289.0625  1.63228e-01  1.57656e-01  1.63228e-01  0.00000e+00
 -12476.69  6289.6875  1.57146e-01  1.64799e-01  1.57146e-01  0.00000e+00
 -12448.14  6290.3125  1.51262e-01  1.38428e-01  1.51262e-01  0.00000e+00
 -12419.58  6290.9375  1.54811e-01  1.60609e-01  1.54811e-01  0.00000e+00
 -12391.03  6291.5625  1.61252e-01  1.55069e-01  1.61252e-01  0.00000e+00
 -12362.48  6292.1875  1.63437e-01  1.80908e-01  1.63437e-01  0.00000e+00
 -12333.93  6292.8125  1.64623e-01  1.31254e-01  1.64623e-01  0.00000e+00
 -12305.38  6293.4375  1.74688e-01  2.17925e-01  1.74688e-01  0.00000e+00
 -12276.83  6294.0625  1.64058e-01  1.34964e-01  1.64058e-01  0.00000e+00
 -12248.28  6294.6875  1.60963e-01  1.70776e-01  1.60963e-01  0.00000e+00
 -12219.73  6295.3125  1.58007e-01  1.63805e-01  1.58007e-01  0.00000e+00
 -12191.18  6295.9375  1.52408e-01  1.35353e-01  1.52408e-01  0.00000e+00
 -12162.63  6296.5625  1.59466e-01  1.69811e-01  1.59466e-01  0.00000e+00
 -12134.07  6297.1875  1.64831e-01  1.62015e-01  1.64831e-01  0.00000e+00
 -12105.52  6297.8125  1.70625e-01  1.65454e-01  1.70625e-01  0.00000e+00
 -12076.97  6298.4375  1.72131e-01  1.93927e-01  1.72131e-01  0.00000e+00
 -12048.42  6299.0625  1.61149e-01  1.39284e-01  1.61149e-01  0.00000e+00
 -12019.87  6299.6875  1.67077e-01  1.65187e-01  1.67077e-01  0.00000e+00
 -11991.32  6300.3125  1.80882e-01  1.92441e-01  1.80882e-01  0.00000e+00
 -11962.77  6300.9375  1.77853e-01  1.83440e-01  1.77853e-01  0.00000e+00
 -11934.22  6301.5625  1.61909e-01  1.59312e-01  1.61909e-01  0.00000e+00
 -11905.67  6302.1875  1.46373e-01  1.46081e-01  1.46373e-01  0.00000e+00
 -11877.12  6302.8125  1.41989e-01  1.26193e-01  1.41989e-01  0.00000e+00
 -11848.56  6303.4375  1.54316e-01  1.61939e-01  1.54316e-01  0.00000e+00
 -11820.01  6304.0625  1.65411e-01  1.66289e-01  1.65411e-01  0.00000e+00
 -11791.46  6304.6875  1.69234e-01  1.72574e-01  1.69234e-01  0.00000e+00
 -11762.91  6305.3125  1.68132e-01  1.67244e-01  1.68132e-01  0.00000e+00
 -11734.36  6305.9375  1.63382e-01  1.68594e-01  1.63382e-01  0.00000e+00
 -11705.81  6306.5625  1.59014e-01  1.47668e-01  1.59014e-01  0.00000e+00
 -11677.26  6307.1875  1.67327e-01  1.66391e-01  1.67327e-01  0.00000e+00
 -11648.71  6307.8125  1.83256e-01  1.82330e-01  1.83256e-01  0.00000e+00
 -11620.16  6308.4375  1.86493e-01  2.12615e-01  1.86493e-01  0.00000e+00
 -11591.60  6309.0625  1.72283e-01  1.43411e-01  1.72283e-01  0.00000e+00
 -11563.05  6309.6875  1.69461e-01  1.88960e-01  1.69461e-01  0.00000e+00
 -11534.50  6310.3125  1.66910e-01  1.51216e-01  1.66910e-01  0.00000e+00
 -11505.95  6310.9375  1.75413e-01  1.73169e-01  1.75413e-01  0.00000e+00
 -11477.40  6311.5625  1.88025e-01  2.00827e-01  1.88025e-01  0.00000e+00
 -11448.85  6312.1875  1.86523e-01  1.84776e-01  1.86523e-01  0.00000e+00
 -11420.30  6312.8125  1.79604e-01  1.79604e-01  1.79604e-01  0.00000e+00
 -11391.75  6313.4375  1.73525e-01  1.73529e-01  1.73525e-01  0.00000e+00
 -11363.20  6314.0625  1.70962e-01  1.65099e-01  1.70962e-01  0.00000e+00
 -11334.65  6314.6875  1.74008e-01  1.77718e-01  1.74008e-01  0.00000e+00
 -11306.09  6315.3125  1.77221e-01  1.75187e-01  1.77221e-01  0.00000e+00
 -11277.54  6315.9375  1.86507e-01  1.77033e-01  1.86507e-01  0.00000e+00
 -11248.99  6316.5625  2.01761e-01  2.13447e-01  2.01761e-01  0.00000e+00
 -11220.44  6317.1875  1.96810e-01  2.15804e-01  1.96810e-01  0.00000e+00
 -11191.89  6317.8125  1.79202e-01  1.46260e-01  1.79202e-01  0.00000e+00
 -11163.34  6318.4375  1.83872e-01  1.99717e-01  1.83872e-01  0.00000e+00
 -11134.79  6319.0625  1.83938e-01  1.88768e-01  1.83938e-01  0.00000e+00
 -11106.24  6319.6875  1.70382e-01  1.68156e-01  1.70382e-01  0.00000e+00
 -11077.69  6320.3125  1.57048e-01  1.56492e-01  1.57048e-01  0.00000e+00
 -11049.14  6320.9375  1.53001e-01  1.40374e-01  1.53001e-01  0.00000e+00
 -11020.58  6321.5625  1.59231e-01  1.70534e-01  1.59231e-01  0.00000e+00
 -10992.03  6322.1875  1.57422e-01  1.59878e-01  1.57422e-01  0.00000e+00
 -10963.48  6322.8125  1.59484e-01  1.35133e-01  1.59484e-01  0.00000e+00
 -10934.93  6323.4375  1.72311e-01  2.06634e-01  1.72311e-01  0.00000e+00
 -10906.38  6324.0625  1.70650e-01  1.42120e-01  1.70650e-01  0.00000e+00
 -10877.83  6324.6875  1.75060e-01  1.95705e-01  1.75060e-01  0.00000e+00
 -10849.28  6325.3125  1.77485e-01  1.61255e-01  1.77485e-01  0.00000e+00
 -10820.73  6325.9375  1.82005e-01  1.95238e-01  1.82005e-01  0.00000e+00
 -10792.18  6326.5625  1.77739e-01  1.78153e-01  1.77739e-01  0.00000e+00
 -10763.62  6327.1875  1.66701e-01  1.65320e-01  1.66701e-01  0.00000e+00
 -10735.07  6327.8125  1.63398e-01  1.51869e-01  1.63398e-01  0.00000e+00
 -10706.52  6328.4375  1.69103e-01  1.81042e-01  1.69103e-01  0.00000e+00
 -10677.97  6329.0625  1.66769e-01  1.65891e-01  1.66769e-01  0.00000e+00
 -10649.42  6329.6875  1.64172e-01  1.54714e-01  1.64172e-01  0.00000e+00
 -10620.87  6330.3125  1.69763e-01  1.78023e-01  1.69763e-01  0.00000e+00
 -10592.32  6330.9375  1.78109e-01  1.64556e-01  1.78109e-01  0.00000e+00
 -10563.77  6331.5625  1.93326e-01  2.02626e-01  1.93326e-01  0.00000e+00
 -10535.22  6332.1875  1.89800e-01  2.14751e-01  1.89800e-01  0.00000e+00
 -10506.67  6332.8125  1.63688e-01  1.37065e-01  1.63688e-01  0.00000e+00
 -10478.11  6333.4375  1.53117e-01  1.60680e-01  1.53117e-01  0.00000e+00
 -10449.56  6334.0625  1.50351e-01  1.47147e-01  1.50351e-01  0.00000e+00
 -10421.01  6334.6875  1.57743e-01  1.40991e-01  1.57743e-01  0.00000e+00
 -10392.46  6335.3125  1.77312e-01  1.96516e-01  1.77312e-01  0.00000e+00
 -10363.91  6335.9375  1.79013e-01  1.83630e-01  1.79013e-01  0.00000e+00
 -10335.36  6336.5625  1.68327e-01  1.59994e-01  1.68327e-01  0.00000e+00
 -10306.81  6337.1875  1.63116e-01  1.67284e-01  1.63116e-01  0.00000e+00
 -10278.26  6337.8125  1.63258e-01  1.53166e-01  1.63258e-01  0.00000e+00
 -10249.71  6338.4375  1.72068e-01  1.76614e-01  1.72068e-01  0.00000e+00
 -10221.16  6339.0625  1.83452e-01  1.78159e-01  1.83452e-01  0.00000e+00
 -10192.60  6339.6875  1.89968e-01  2.06097e-01  1.89968e-01  0.00000e+00
 -10164.05  6340.3125  1.82520e-01  1.74558e-01  1.82520e-01  0.00000e+00
 -10135.50  6340.9375  1.71552e-01  1.79925e-01  1.71552e-01  0.00000e+00
 -10106.95  6341.5625  1.63672e-01  1.47161e-01  1.63672e-01  0.00000e+00
 -10078.40  6342.1875  1.70686e-01  1.73587e-01  1.70686e-01  0.00000e+00
 -10049.85  6342.8125  1.73452e-01  1.90963e-01  1.73452e-01  0.00000e+00
 -10021.30  6343.4375  1.61925e-01  1.45274e-01  1.61925e-01  0.00000e+00
  -9992.75  6344.0625  1.64963e-01  1.59537e-01  1.64963e-01  0.00000e+00
  -9964.20  6344.6875  1.79916e-01  1.87119e-01  1.79916e-01  0.00000e+00
  -9935.65  6345.3125  1.80613e-01  1.95356e-01  1.80613e-01  0.00000e+00
  -9907.09  6345.9375  1.64807e-01  1.51969e-01  1.64807e-01  0.00000e+00
  -9878.54  6346.5625  1.51982e-01  1.61678e-01  1.51982e-01  0.00000e+00
  -9849.99  6347.1875  1.49297e-01  1.22284e-01  1.49297e-01  0.00000e+00
  -9821.44  6347.8125  1.65894e-01  1.85094e-01  1.65894e-01  0.00000e+00
  -9792.89  6348.4375  1.77500e-01  1.69049e-01  1.77500e-01  0.00000e+00
  -9764.34  6349.0625  1.80995e-01  1.96249e-01  1.80995e-01  0.00000e+00
  -9735.79  6349.6875  1.78570e-01  1.60874e-01  1.78570e-01  0.00000e+00
  -9707.24  6350.3125  1.78328e-01  1.99991e-01  1.78328e-01  0.00000e+00
  -9678.69  6350.9375  1.71395e-01  1.51550e-01  1.71395e-01  0.00000e+00
  -9650.13  6351.5625  1.76776e-01  1.78797e-01  1.76776e-01  0.00000e+00
  -9621.58  6352.1875  1.83993e-01  1.95865e-01  1.83993e-01  0.00000e+00
  -9593.03  6352.8125  1.82700e-01  1.69485e-01  1.82700e-01  0.00000e+00
  -9564.48  6353.4375  1.87526e-01  1.93415e-01  1.87526e-01  0.00000e+00
  -9535.93  6354.0625  1.82355e-01  1.99973e-01  1.82355e-01  0.00000e+00
  -9507.38  6354.6875  1.66861e-01  1.39371e-01  1.66861e-01  0.00000e+00
  -9478.83  6355.3125  1.70315e-01  1.81616e-01  1.70315e-01  0.00000e+00
  -9450.28  6355.9375  1.74525e-01  1.74546e-01  1.74525e-01  0.00000e+00
  -9421.73  6356.5625  1.68310e-01  1.76165e-01  1.68310e-01  0.00000e+00
  -9393.18  6357.1875  1.57287e-01  1.47515e-01  1.57287e-01  0.00000e+00
  -9364.62  6357.8125  1.57605e-01  1.52193e-01  1.57605e-01  0.00000e+00
  -9336.07  6358.4375  1.66129e-01  1.73894e-01  1.66129e-01  0.00000e+00
  -9307.52  6359.0625  1.68132e-01  1.67644e-01  1.68132e-01  0.00000e+00
  -9278.97  6359.6875  1.64812e-01  1.67061e-01  1.64812e-01  0.00000e+00
  -9250.42  6360.3125  1.58415e-01  1.59175e-01  1.58415e-01  0.00000e+00
  -9221.87  6360.9375  1.55805e-01  1.45339e-01  1.55805e-01  0.00000e+00
  -9193.32  6361.5625  1.62039e-01  1.69287e-01  1.62039e-01  0.00000e+00
  -9164.77  6362.1875  1.62795e-01  1.67400e-01  1.62795e-01  0.00000e+00
  -9136.22  6362.8125  1.63981e-01  1.45157e-01  1.63981e-01  0.00000e+00
  -9107.67  6363.4375  1.73344e-01  1.96911e-01  1.73344e-01  0.00000e+00
  -9079.11  6364.0625  1.69369e-01  1.57612e-01  1.69369e-01  0.00000e+00
  -9050.56  6364.6875  1.63210e-01  1.71228e-01  1.63210e-01  0.00000e+00
  -9022.01  6365.3125  1.63046e-01  1.44351e-01  1.63046e-01  0.00000e+00
  -8993.46  6365.9375  1.66807e-01  1.95441e-01  1.66807e-01  0.00000e+00
  -8964.91  6366.5625  1.57603e-01  1.33933e-01  1.57603e-01  0.00000e+00
  -8936.36  6367.1875  1.59607e-01  1.65135e-01  1.59607e-01  0.00000e+00
  -8907.81  6367.8125  1.62574e-01  1.71116e-01  1.62574e-01  0.00000e+00
  -8879.26  6368.4375  1.54798e-01  1.50073e-01  1.54798e-01  0.00000e+00
  -8850.71  6369.0625  1.53214e-01  1.44012e-01  1.53214e-01  0.00000e+00
  -8822.15  6369.6875  1.61275e-01  1.69953e-01  1.61275e-01  0.00000e+00
  -8793.60  6370.3125  1.63857e-01  1.63274e-01  1.63857e-01  0.00000e+00
  -8765.05  6370.9375  1.62288e-01  1.62253e-01  1.62288e-01  0.00000e+00
  -8736.50  6371.5625  1.61638e-01  1.60478e-01  1.61638e-01  0.00000e+00
  -8707.95  6372.1875  1.63276e-01  1.61103e-01  1.63276e-01  0.00000e+00
  -8679.40  6372.8125  1.58144e-01  1.76454e-01  1.58144e-01  0.00000e+00
  -8650.85  6373.4375  1.42808e-01  1.20878e-01  1.42808e-01  0.00000e+00
  -8622.30  6374.0625  1.39719e-01  1.51011e-01  1.39719e-01  0.00000e+00
  -8593.75  6374.6875  1.49493e-01  1.23613e-01  1.49493e-01  0.00000e+00
  -8565.20  6375.3125  1.77550e-01  1.93489e-01  1.77550e-01  0.00000e+00
  -8536.64  6375.9375  1.91261e-01  2.05641e-01  1.91261e-01  0.00000e+00
  -8508.09  6376.5625  1.83961e-01  1.72449e-01  1.83961e-01  0.00000e+00
  -8479.54  6377.1875  1.81893e-01  1.82559e-01  1.81893e-01  0.00000e+00
  -8450.99  6377.8125  1.78631e-01  1.90852e-01  1.78631e-01  0.00000e+00
  -8422.44  6378.4375  1.69103e-01  1.52350e-01  1.69103e-01  0.00000e+00
  -8393.89  6379.0625  1.72240e-01  1.75871e-01  1.72240e-01  0.00000e+00
  -8365.34  6379.6875  1.79287e-01  1.80654e-01  1.79287e-01  0.00000e+00
  -8336.79  6380.3125  1.79538e-01  1.85173e-01  1.79538e-01  0.00000e+00
  -8308.24  6380.9375  1.72754e-01  1.70255e-01  1.72754e-01  0.00000e+00
  -8279.69  6381.5625  1.65926e-01  1.66416e-01  1.65926e-01  0.00000e+00
  -8251.13  6382.1875  1.66164e-01  1.55214e-01  1.66164e-01  0.00000e+00
  -8222.58  6382.8125  1.75597e-01  1.84006e-01  1.75597e-01  0.00000e+00
  -8194.03  6383.4375  1.77760e-01  1.81791e-01  1.77760e-01  0.00000e+00
  -8165.48  6384.0625  1.66048e-01  1.72503e-01  1.66048e-01  0.00000e+00
  -8136.93  6384.6875  1.47197e-01  1.40972e-01  1.47197e-01  0.00000e+00
  -8108.38  6385.3125  1.39658e-01  1.27146e-01  1.39658e-01  0.00000e+00
  -8079.83  6385.9375  1.42886e-01  1.59353e-01  1.42886e-01  0.00000e+00
  -8051.28  6386.5625  1.41054e-01  1.26084e-01  1.41054e-01  0.00000e+00
  -8022.73  6387.1875  1.49871e-01  1.49196e-01  1.49871e-01  0.00000e+00
  -7994.17  6387.8125  1.64949e-01  1.69820e-01  1.64949e-01  0.00000e+00
  -7965.62  6388.4375  1.71311e-01  1.77078e-01  1.71311e-01  0.00000e+00
  -7937.07  6389.0625  1.73001e-01  1.62629e-01  1.73001e-01  0.00000e+00
  -7908.52  6389.6875  1.78448e-01  1.88436e-01  1.78448e-01  0.00000e+00
  -7879.97  6390.3125  1.70899e-01  1.81334e-01  1.70899e-01  0.00000e+00
  -7851.42  6390.9375  1.54594e-01  1.37014e-01  1.54594e-01  0.00000e+00
  -7822.87  6391.5625  1.58091e-01  1.52306e-01  1.58091e-01  0.00000e+00
  -7794.32  6392.1875  1.70058e-01  1.85743e-01  1.70058e-01  0.00000e+00
  -7765.77  6392.8125  1.63874e-01  1.66307e-01  1.63874e-01  0.00000e+00
  -7737.22  6393.4375  1.48961e-01  1.43101e-01  1.48961e-01  0.00000e+00
  -7708.66  6394.0625  1.44804e-01  1.35709e-01  1.44804e-01  0.00000e+00
  -7680.11  6394.6875  1.46579e-01  1.63618e-01  1.46579e-01  0.00000e+00
  -7651.56  6395.3125  1.42578e-01  1.23762e-01  1.42578e-01  0.00000e+00
  -7623.01  6395.9375  1.50420e-01  1.55567e-01  1.50420e-01  0.00000e+00
  -7594.46  6396.5625  1.61199e-01  1.63429e-01  1.61199e-01  0.00000e+00
  -7565.91  6397.1875  1.71276e-01  1.62651e-01  1.71276e-01  0.00000e+00
  -7537.36  6397.8125  1.82634e-01  1.97199e-01  1.82634e-01  0.00000e+00
  -7508.81  6398.4375  1.82577e-01  1.77647e-01  1.82577e-01  0.00000e+00
  -7480.26  6399.0625  1.78150e-01  1.82284e-01  1.78150e-01  0.00000e+00
  -7451.71  6399.6875  1.73056e-01  1.69365e-01  1.73056e-01  0.00000e+00
  -7423.15  6400.3125  1.72030e-01  1.69193e-01  1.72030e-01  0.00000e+00
  -7394.60  6400.9375  1.71732e-01  1.80134e-01  1.71732e-01  0.00000e+00
  -7366.05  6401.5625  1.61555e-01  1.62757e-01  1.61555e-01  0.00000e+00
  -7337.50  6402.1875  1.49386e-01  1.42150e-01  1.49386e-01  0.00000e+00
  -7308.95  6402.8125  1.49689e-01  1.42935e-01  1.49689e-01  0.00000e+00
  -7280.40  6403.4375  1.58362e-01  1.66830e-01  1.58362e-01  0.00000e+00
  -7251.85  6404.0625  1.62637e-01  1.58579e-01  1.62637e-01  0.00000e+00
  -7223.30  6404.6875  1.68954e-01  1.65987e-01  1.68954e-01  0.00000e+00
  -7194.75  6405.3125  1.77088e-01  1.84323e-01  1.77088e-01  0.00000e+00
  -7166.19  6405.9375  1.78480e-01  1.76621e-01  1.78480e-01  0.00000e+00
  -7137.64  6406.5625  1.74812e-01  1.80029e-01  1.74812e-01  0.00000e+00
  -7109.09  6407.1875  1.65263e-01  1.66055e-01  1.65263e-01  0.00000e+00
  -7080.54  6407.8125  1.62199e-01  1.43199e-01  1.62199e-01  0.00000e+00
  -7051.99  6408.4375  1.68678e-01  1.94906e-01  1.68678e-01  0.00000e+00
  -7023.44  6409.0625  1.64879e-01  1.42468e-01  1.64879e-01  0.00000e+00
  -6994.89  6409.6875  1.68262e-01  1.80305e-01  1.68262e-01  0.00000e+00
  -6966.34  6410.3125  1.66088e-01  1.69846e-01  1.66088e-01  0.00000e+00
  -6937.79  6410.9375  1.54241e-01  1.51313e-01  1.54241e-01  0.00000e+00
  -6909.24  6411.5625  1.45481e-01  1.42500e-01  1.45481e-01  0.00000e+00
  -6880.68  6412.1875  1.43756e-01  1.41242e-01  1.43756e-01  0.00000e+00
  -6852.13  6412.8125  1.44392e-01  1.49198e-01  1.44392e-01  0.00000e+00
  -6823.58  6413.4375  1.41122e-01  1.40123e-01  1.41122e-01  0.00000e+00
  -6795.03  6414.0625  1.41234e-01  1.32782e-01  1.41234e-01  0.00000e+00
  -6766.48  6414.6875  1.49137e-01  1.56025e-01  1.49137e-01  0.00000e+00
  -6737.93  6415.3125  1.57108e-01  1.50047e-01  1.57108e-01  0.00000e+00
  -6709.38  6415.9375  1.67405e-01  1.73003e-01  1.67405e-01  0.00000e+00
  -6680.83  6416.5625  1.76676e-01  1.71661e-01  1.76676e-01  0.00000e+00
  -6652.28  6417.1875  1.79498e-01  1.97409e-01  1.79498e-01  0.00000e+00
  -6623.73  6417.8125  1.76013e-01  1.50458e-01  1.76013e-01  0.00000e+00
  -6595.17  6418.4375  1.82322e-01  2.05145e-01  1.82322e-01  0.00000e+00
  -6566.62  6419.0625  1.77334e-01  1.70385e-01  1.77334e-01  0.00000e+00
  -6538.07  6419.6875  1.69566e-01  1.68189e-01  1.69566e-01  0.00000e+00
  -6509.52  6420.3125  1.68098e-01  1.65896e-01  1.68098e-01  0.00000e+00
  -6480.97  6420.9375  1.66000e-01  1.74333e-01  1.66000e-01  0.00000e+00
  -6452.42  6421.5625  1.60541e-01  1.49556e-01  1.60541e-01  0.00000e+00
  -6423.87  6422.1875  1.60150e-01  1.67973e-01  1.60150e-01  0.00000e+00
  -6395.32  6422.8125  1.58785e-01  1.54066e-01  1.58785e-01  0.00000e+00
  -6366.77  6423.4375  1.62304e-01  1.56670e-01  1.62304e-01  0.00000e+00
  -6338.21  6424.0625  1.67981e-01  1.81604e-01  1.67981e-01  0.00000e+00
  -6309.66  6424.6875  1.64843e-01  1.55190e-01  1.64843e-01  0.00000e+00
  -6281.11  6425.3125  1.64645e-01  1.67432e-01  1.64645e-01  0.00000e+00
  -6252.56  6425.9375  1.64112e-01  1.68109e-01  1.64112e-01  0.00000e+00
  -6224.01  6426.5625  1.63982e-01  1.51945e-01  1.63982e-01  0.00000e+00
  -6195.46  6427.1875  1.72946e-01  1.80006e-01  1.72946e-01  0.00000e+00
  -6166.91  6427.8125  1.76504e-01  1.81499e-01  1.76504e-01  0.00000e+00
  -6138.36  6428.4375  1.68552e-01  1.71220e-01  1.68552e-01  0.00000e+00
  -6109.81  6429.0625  1.65360e-01  1.45558e-01  1.65360e-01  0.00000e+00
  -6081.26  6429.6875  1.77802e-01  1.91722e-01  1.77802e-01  0.00000e+00
  -6052.70  6430.3125  1.73710e-01  1.90927e-01  1.73710e-01  0.00000e+00
  -6024.15  6430.9375  1.50028e-01  1.32082e-01  1.50028e-01  0.00000e+00
  -5995.60  6431.5625  1.44239e-01  1.35539e-01  1.44239e-01  0.00000e+00
  -5967.05  6432.1875  1.52982e-01  1.65363e-01  1.52982e-01  0.00000e+00
  -5938.50  6432.8125  1.53303e-01  1.50393e-01  1.53303e-01  0.00000e+00
  -5909.95  6433.4375  1.58023e-01  1.44739e-01  1.58023e-01  0.00000e+00
  -5881.40  6434.0625  1.75754e-01  1.85074e-01  1.75754e-01  0.00000e+00
  -5852.85  6434.6875  1.81995e-01  1.94378e-01  1.81995e-01  0.00000e+00
  -5824.30  6435.3125  1.72484e-01  1.63071e-01  1.72484e-01  0.00000e+00
  -5795.75  6435.9375  1.71322e-01  1.63876e-01  1.71322e-01  0.00000e+00
  -5767.19  6436.5625  1.70567e-01  1.96438e-01  1.70567e-01  0.00000e+00
  -5738.64  6437.1875  1.54695e-01  1.29929e-01  1.54695e-01  0.00000e+00
  -5710.09  6437.8125  1.48365e-01  1.62016e-01  1.48365e-01  0.00000e+00
  -5681.54  6438.4375  1.43204e-01  1.35035e-01  1.43204e-01  0.00000e+00
  -5652.99  6439.0625  1.46355e-01  1.38398e-01  1.46355e-01  0.00000e+00
  -5624.44  6439.6875  1.63857e-01  1.64477e-01  1.63857e-01  0.00000e+00
  -5595.89  6440.3125  1.79152e-01  1.89952e-01  1.79152e-01  0.00000e+00
  -5567.34  6440.9375  1.80605e-01  1.79291e-01  1.80605e-01  0.00000e+00
  -5538.79  6441.5625  1.75434e-01  1.78186e-01  1.75434e-01  0.00000e+00
  -5510.24  6442.1875  1.66919e-01  1.68634e-01  1.66919e-01  0.00000e+00
  -5481.68  6442.8125  1.69726e-01  1.43175e-01  1.69726e-01  0.00000e+00
  -5453.13  6443.4375  1.90415e-01  2.17799e-01  1.90415e-01  0.00000e+00
  -5424.58  6444.0625  1.93448e-01  1.88279e-01  1.93448e-01  0.00000e+00
  -5396.03  6444.6875  1.82888e-01  1.91306e-01  1.82888e-01  0.00000e+00
  -5367.48  6445.3125  1.70070e-01  1.58719e-01  1.70070e-01  0.00000e+00
  -5338.93  6445.9375  1.64882e-01  1.68737e-01  1.64882e-01  0.00000e+00
  -5310.38  6446.5625  1.56910e-01  1.64995e-01  1.56910e-01  0.00000e+00
  -5281.83  6447.1875  1.49326e-01  1.28088e-01  1.49326e-01  0.00000e+00
  -5253.28  6447.8125  1.67128e-01  1.61851e-01  1.67128e-01  0.00000e+00
  -5224.72  6448.4375  1.85549e-01  2.18264e-01  1.85549e-01  0.00000e+00
  -5196.17  6449.0625  1.78258e-01  1.54523e-01  1.78258e-01  0.00000e+00
  -5167.62  6449.6875  1.77756e-01  1.87229e-01  1.77756e-01  0.00000e+00
  -5139.07  6450.3125  1.85824e-01  1.70634e-01  1.85824e-01  0.00000e+00
  -5110.52  6450.9375  1.86673e-01  2.25811e-01  1.86673e-01  0.00000e+00
  -5081.97  6451.5625  1.64957e-01  1.29879e-01  1.64957e-01  0.00000e+00
  -5053.42  6452.1875  1.59228e-01  1.72485e-01  1.59228e-01  0.00000e+00
  -5024.87  6452.8125  1.62624e-01  1.50352e-01  1.62624e-01  0.00000e+00
  -4996.32  6453.4375  1.64496e-01  1.83079e-01  1.64496e-01  0.00000e+00
  -4967.77  6454.0625  1.53545e-01  1.46206e-01  1.53545e-01  0.00000e+00
  -4939.21  6454.6875  1.51911e-01  1.34228e-01  1.51911e-01  0.00000e+00
  -4910.66  6455.3125  1.69959e-01  1.82097e-01  1.69957e-01  1.70937e-06
  -4882.11  6455.9375  1.76268e-01  1.87502e-01  1.76104e-01  1.64191e-04
  -4853.56  6456.5625  1.69301e-01  1.57679e-01  1.65021e-01  4.27986e-03
  -4825.01  6457.1875  1.92494e-01  1.52092e-01  1.62220e-01  3.02746e-02
  -4796.46  6457.8125  2.28764e-01  3.08490e-01  1.70648e-01  5.81158e-02
  -4767.91  6458.4375  2.00235e-01  1.73888e-01  1.69958e-01  3.02763e-02
  -4739.36  6459.0625  1.72457e-01  1.50788e-01  1.68013e-01  4.44399e-03
  -4710.81  6459.6875  1.81770e-01  1.92837e-01  1.77328e-01  4.44228e-03
  -4682.26  6460.3125  2.13039e-01  1.71165e-01  1.82775e-01  3.02638e-02
  -4653.70  6460.9375  2.42529e-01  3.29214e-01  1.84437e-01  5.80918e-02
  -4625.15  6461.5625  2.00852e-01  1.69010e-01  1.70590e-01  3.02621e-02
  -4596.60  6462.1875  1.56179e-01  1.47830e-01  1.51901e-01  4.27809e-03
  -4568.05  6462.8125  1.50155e-01  1.31011e-01  1.49990e-01  1.65836e-04
  -4539.50  6463.4375  1.66347e-01  1.82650e-01  1.66181e-01  1.66242e-04
  -4510.95  6464.0625  1.79103e-01  1.69535e-01  1.74814e-01  4.28878e-03
  -4482.40  6464.6875  2.03594e-01  1.86197e-01  1.73257e-01  3.03377e-02
  -4453.85  6465.3125  2.15933e-01  2.84848e-01  1.57691e-01  5.82420e-02
  -4425.30  6465.9375  1.71938e-01  1.32628e-01  1.41106e-01  3.08320e-02
  -4396.74  6466.5625  1.61769e-01  1.28442e-01  1.44475e-01  1.72937e-02
  -4368.19  6467.1875  2.51467e-01  1.87549e-01  1.56191e-01  9.52752e-02
  -4339.64  6467.8125  3.54954e-01  5.09256e-01  1.50322e-01  2.04632e-01
  -4311.09  6468.4375  3.04608e-01  2.87019e-01  1.55674e-01  1.48935e-01
  -4282.54  6469.0625  2.16139e-01  1.64976e-01  1.72865e-01  4.32736e-02
  -4253.99  6469.6875  1.87864e-01  2.14227e-01  1.78642e-01  9.22190e-03
  -4225.44  6470.3125  1.97092e-01  1.27733e-01  1.62010e-01  3.50816e-02
  -4196.89  6470.9375  2.60330e-01  3.01180e-01  1.63142e-01  9.71877e-02
  -4168.34  6471.5625  3.18227e-01  3.02354e-01  1.65117e-01  1.53110e-01
  -4139.79  6472.1875  3.42886e-01  3.93787e-01  1.62261e-01  1.80625e-01
  -4111.23  6472.8125  2.91596e-01  3.20860e-01  1.68725e-01  1.22871e-01
  -4082.68  6473.4375  2.01422e-01  1.51442e-01  1.62123e-01  3.92991e-02
  -4054.13  6474.0625  1.66800e-01  1.57388e-01  1.53682e-01  1.31174e-02
  -4025.58  6474.6875  2.12291e-01  1.42333e-01  1.51792e-01  6.04991e-02
  -3997.03  6475.3125  2.82026e-01  4.12714e-01  1.62239e-01  1.19786e-01
  -3968.48  6475.9375  2.67185e-01  1.85709e-01  1.76690e-01  9.04946e-02
  -3939.93  6476.5625  2.45453e-01  3.10941e-01  1.78407e-01  6.70456e-02
  -3911.38  6477.1875  2.08749e-01  1.67784e-01  1.69409e-01  3.93399e-02
  -3882.83  6477.8125  2.29856e-01  1.58669e-01  1.60818e-01  6.90373e-02
  -3854.28  6478.4375  3.08708e-01  4.08433e-01  1.57999e-01  1.50709e-01
  -3825.72  6479.0625  3.13000e-01  2.90806e-01  1.59536e-01  1.53463e-01
  -3797.17  6479.6875  2.98424e-01  2.83557e-01  1.62576e-01  1.35848e-01
  -3768.62  6480.3125  3.24629e-01  3.03692e-01  1.67284e-01  1.57346e-01
  -3740.07  6480.9375  3.50892e-01  4.11412e-01  1.70133e-01  1.80759e-01
  -3711.52  6481.5625  2.92524e-01  3.23679e-01  1.69232e-01  1.23292e-01
  -3682.97  6482.1875  1.99217e-01  1.33128e-01  1.51149e-01  4.80680e-02
  -3654.42  6482.8125  2.20417e-01  1.41021e-01  1.41964e-01  7.84531e-02
  -3625.87  6483.4375  3.62352e-01  3.98624e-01  1.46324e-01  2.16029e-01
  -3597.32  6484.0625  4.58896e-01  5.36477e-01  1.59599e-01  2.99297e-01
  -3568.76  6484.6875  4.28772e-01  4.35561e-01  1.79487e-01  2.49284e-01
  -3540.21  6485.3125  3.56820e-01  3.33852e-01  1.87007e-01  1.69812e-01
  -3511.66  6485.9375  3.35764e-01  2.87769e-01  1.73953e-01  1.61811e-01
  -3483.11  6486.5625  3.50652e-01  4.21655e-01  1.65524e-01  1.85128e-01
  -3454.56  6487.1875  3.18525e-01  2.87413e-01  1.65577e-01  1.52947e-01
  -3426.01  6487.8125  2.76453e-01  2.98808e-01  1.70852e-01  1.05601e-01
  -3397.46  6488.4375  2.84653e-01  1.75744e-01  1.80339e-01  1.04315e-01
  -3368.91  6489.0625  3.81683e-01  4.55925e-01  1.87123e-01  1.94560e-01
  -3340.36  6489.6875  4.65752e-01  4.34290e-01  1.76256e-01  2.89496e-01
  -3311.81  6490.3125  5.75313e-01  5.28134e-01  1.63230e-01  4.12082e-01
  -3283.25  6490.9375  6.99468e-01  8.09112e-01  1.68203e-01  5.31265e-01
  -3254.70  6491.5625  7.27743e-01  6.85693e-01  1.72714e-01  5.55029e-01
  -3226.15  6492.1875  6.64350e-01  8.06730e-01  1.63813e-01  5.00537e-01
  -3197.60  6492.8125  5.75760e-01  3.92114e-01  1.47637e-01  4.28123e-01
  -3169.05  6493.4375  1.30538e+00  2.66049e-01  1.34804e-01  1.17058e+00
  -3140.50  6494.0625  4.01167e+00  3.19463e+00  1.12778e-01  3.89889e+00
  -3111.95  6494.6875  8.28442e+00  8.61297e+00  7.81875e-02  8.20624e+00
  -3083.40  6495.3125  1.31319e+01  1.21650e+01  5.33751e-02  1.30786e+01
  -3054.85  6495.9375  1.72116e+01  2.03451e+01  3.63882e-02  1.71753e+01
  -3026.30  6496.5625  1.80402e+01  1.74632e+01  2.49448e-02  1.80153e+01
  -2997.74  6497.1875  1.80000e+01  1.76878e+01  1.86534e-02  1.79814e+01
  -2969.19  6497.8125  1.92078e+01  1.81134e+01  1.49636e-02  1.91928e+01
  -2940.64  6498.4375  2.07245e+01  2.30750e+01  1.33507e-02  2.07111e+01
  -2912.09  6499.0625  2.09068e+01  1.90559e+01  8.98175e-03  2.08978e+01
  -2883.54  6499.6875  2.21634e+01  2.20602e+01  1.31960e-02  2.21502e+01
  -2854.99  6500.3125  2.34480e+01  2.54360e+01  2.48201e-02  2.34231e+01
  -2826.44  6500.9375  2.31584e+01  2.15752e+01  1.94608e-02  2.31389e+01
  -2797.89  6501.5625  2.35347e+01  2.38751e+01  7.91729e-03  2.35268e+01
  -2769.34  6502.1875  2.37268e+01  2.47634e+01  2.13843e-03  2.37246e+01
  -2740.78  6502.8125  2.24797e+01  2.23576e+01  1.91094e-03  2.24778e+01
  -2712.23  6503.4375  2.11467e+01  2.04872e+01  5.26632e-03  2.11414e+01
  -2683.68  6504.0625  2.05879e+01  2.07979e+01  7.69703e-03  2.05802e+01
  -2655.13  6504.6875  1.99394e+01  2.04132e+01  7.14120e-03  1.99323e+01
  -2626.58  6505.3125  1.97653e+01  1.76669e+01  8.49660e-03  1.97568e+01
  -2598.03  6505.9375  2.10954e+01  2.28336e+01  1.20391e-02  2.10833e+01
  -2569.48  6506.5625  2.22333e+01  2.07040e+01  1.32026e-02  2.22201e+01
  -2540.93  6507.1875  2.34159e+01  2.51422e+01  1.21787e-02  2.34038e+01
  -2512.38  6507.8125  2.36331e+01  2.26988e+01  8.85294e-03  2.36243e+01
  -2483.83  6508.4375  2.25173e+01  2.52761e+01  1.03237e-02  2.25069e+01
  -2455.27  6509.0625  1.99701e+01  1.71618e+01  1.03002e-02  1.99598e+01
  -2426.72  6509.6875  2.00887e+01  1.90333e+01  8.40207e-03  2.00803e+01
  -2398.17  6510.3125  2.16607e+01  2.42522e+01  8.13097e-03  2.16526e+01
  -2369.62  6510.9375  2.07139e+01  2.04657e+01  6.43811e-03  2.07074e+01
  -2341.07  6511.5625  1.94469e+01  1.79012e+01  5.69993e-03  1.94412e+01
  -2312.52  6512.1875  1.94759e+01  2.08460e+01  1.12804e-02  1.94646e+01
  -2283.97  6512.8125  1.87034e+01  1.86479e+01  2.17013e-02  1.86817e+01
  -2255.42  6513.4375  1.79714e+01  1.67090e+01  2.25870e-02  1.79488e+01
  -2226.87  6514.0625  1.85531e+01  1.91165e+01  1.16229e-02  1.85415e+01
  -2198.32  6514.6875  1.89008e+01  1.93465e+01  3.19853e-03  1.88976e+01
  -2169.76  6515.3125  1.85902e+01  1.81327e+01  3.07320e-03  1.85872e+01
  -2141.21  6515.9375  1.79022e+01  1.90824e+01  6.14019e-03  1.78961e+01
  -2112.66  6516.5625  1.63401e+01  1.56737e+01  4.89430e-03  1.63352e+01
  -2084.11  6517.1875  1.55430e+01  1.45715e+01  3.33365e-03  1.55397e+01
  -2055.56  6517.8125  1.61329e+01  1.65738e+01  6.92027e-03  1.61260e+01
  -2027.01  6518.4375  1.66605e+01  1.68459e+01  1.00613e-02  1.66504e+01
  -1998.46  6519.0625  1.71260e+01  1.63910e+01  8.01606e-03  1.71179e+01
  -1969.91  6519.6875  1.80358e+01  1.87196e+01  1.09771e-02  1.80248e+01
  -1941.36  6520.3125  1.85375e+01  1.83845e+01  1.64857e-02  1.85211e+01
  -1912.80  6520.9375  1.83445e+01  1.92122e+01  1.57067e-02  1.83288e+01
  -1884.25  6521.5625  1.74381e+01  1.68410e+01  1.12432e-02  1.74269e+01
  -1855.70  6522.1875  1.70189e+01  1.66423e+01  8.74556e-03  1.70102e+01
  -1827.15  6522.8125  1.71179e+01  1.76625e+01  8.89427e-03  1.71090e+01
  -1798.60  6523.4375  1.69988e+01  1.65970e+01  8.25453e-03  1.69906e+01
  -1770.05  6524.0625  1.73824e+01  1.69098e+01  7.09916e-03  1.73753e+01
  -1741.50  6524.6875  1.86398e+01  1.86326e+01  5.28540e-03  1.86345e+01
  -1712.95  6525.3125  2.03483e+01  2.00418e+01  9.71025e-03  2.03386e+01
  -1684.40  6525.9375  2.16932e+01  2.30435e+01  1.56706e-02  2.16775e+01
  -1655.85  6526.5625  2.19296e+01  2.10786e+01  1.18195e-02  2.19177e+01
  -1627.29  6527.1875  2.24192e+01  2.25869e+01  7.91513e-03  2.24113e+01
  -1598.74  6527.8125  2.37207e+01  2.28093e+01  1.16156e-02  2.37091e+01
  -1570.19  6528.4375  2.65446e+01  2.60505e+01  1.33790e-02  2.65313e+01
  -1541.64  6529.0625  3.18197e+01  2.96160e+01  1.12159e-02  3.18085e+01
  -1513.09  6529.6875  3.85980e+01  4.14760e+01  7.74777e-03  3.85902e+01
  -1484.54  6530.3125  4.24092e+01  4.31483e+01  7.26502e-03  4.24019e+01
  -1455.99  6530.9375  4.31111e+01  4.38989e+01  1.08117e-02  4.31003e+01
  -1427.44  6531.5625  4.27220e+01  4.18220e+01  1.39806e-02  4.27081e+01
  -1398.89  6532.1875  4.24431e+01  4.35297e+01  1.40926e-02  4.24290e+01
  -1370.34  6532.8125  4.22748e+01  4.04574e+01  1.55711e-02  4.22593e+01
  -1341.78  6533.4375  4.28755e+01  4.46916e+01  1.59208e-02  4.28596e+01
  -1313.23  6534.0625  4.33999e+01  4.12143e+01  1.69133e-02  4.33830e+01
  -1284.68  6534.6875  4.49283e+01  4.63302e+01  1.99867e-02  4.49083e+01
  -1256.13  6535.3125  4.56761e+01  4.61322e+01  1.90527e-02  4.56570e+01
  -1227.58  6535.9375  4.67454e+01  4.37523e+01  1.38918e-02  4.67315e+01
  -1199.03  6536.5625  4.94578e+01  5.28251e+01  1.34409e-02  4.94444e+01
  -1170.48  6537.1875  5.00455e+01  4.92760e+01  1.87877e-02  5.00267e+01
  -1141.93  6537.8125  5.14025e+01  4.85021e+01  2.06449e-02  5.13818e+01
  -1113.38  6538.4375  5.56310e+01  5.78587e+01  1.44812e-02  5.56165e+01
  -1084.83  6539.0625  5.89674e+01  5.86987e+01  1.09321e-02  5.89564e+01
  -1056.27  6539.6875  6.39028e+01  5.98708e+01  1.20991e-02  6.38907e+01
  -1027.72  6540.3125  7.51870e+01  7.36307e+01  2.26111e-02  7.51644e+01
   -999.17  6540.9375  8.97017e+01  9.17694e+01  2.79652e-02  8.96737e+01
   -970.62  6541.5625  1.01350e+02  1.03168e+02  2.07483e-02  1.01330e+02
   -942.07  6542.1875  1.07812e+02  1.10287e+02  1.87246e-02  1.07793e+02
   -913.52  6542.8125  1.08949e+02  1.10359e+02  2.95124e-02  1.08920e+02
   -884.97  6543.4375  1.06945e+02  1.06555e+02  2.90086e-02  1.06916e+02
   -856.42  6544.0625  1.05635e+02  1.03810e+02  2.07495e-02  1.05614e+02
   -827.87  6544.6875  1.06921e+02  1.06978e+02  1.84020e-02  1.06902e+02
   -799.31  6545.3125  1.09249e+02  1.09299e+02  2.63581e-02  1.09222e+02
   -770.76  6545.9375  1.11891e+02  1.11219e+02  3.78343e-02  1.11853e+02
   -742.21  6546.5625  1.14446e+02  1.16000e+02  3.93880e-02  1.14406e+02
   -713.66  6547.1875  1.15305e+02  1.15409e+02  3.27322e-02  1.15272e+02
   -685.11  6547.8125  1.15875e+02  1.14674e+02  3.02050e-02  1.15845e+02
   -656.56  6548.4375  1.18653e+02  1.17407e+02  4.06675e-02  1.18613e+02
   -628.01  6549.0625  1.23144e+02  1.24250e+02  5.48762e-02  1.23089e+02
   -599.46  6549.6875  1.27442e+02  1.27108e+02  6.06992e-02  1.27381e+02
   -570.91  6550.3125  1.36404e+02  1.28041e+02  5.81786e-02  1.36346e+02
   -542.36  6550.9375  1.52380e+02  1.59409e+02  5.24543e-02  1.52327e+02
   -513.80  6551.5625  1.63140e+02  1.64670e+02  5.77650e-02  1.63082e+02
   -485.25  6552.1875  1.67903e+02  1.67763e+02  5.07897e-02  1.67852e+02
   -456.70  6552.8125  1.70824e+02  1.72203e+02  4.63521e-02  1.70778e+02
   -428.15  6553.4375  1.71485e+02  1.72192e+02  5.38257e-02  1.71431e+02
   -399.60  6554.0625  1.69852e+02  1.70932e+02  5.80111e-02  1.69794e+02
   -371.05  6554.6875  1.68749e+02  1.64616e+02  5.90857e-02  1.68690e+02
   -342.50  6555.3125  1.71797e+02  1.73248e+02  6.32007e-02  1.71734e+02
   -313.95  6555.9375  1.78657e+02  1.73066e+02  7.49714e-02  1.78582e+02
   -285.40  6556.5625  1.90062e+02  1.93673e+02  8.45894e-02  1.89977e+02
   -256.85  6557.1875  1.99548e+02  1.99739e+02  1.13444e-01  1.99435e+02
   -228.29  6557.8125  2.02839e+02  2.10791e+02  1.57456e-01  2.02682e+02
   -199.74  6558.4375  2.11384e+02  1.84342e+02  2.14285e-01  2.11170e+02
   -171.19  6559.0625  2.43833e+02  2.54691e+02  2.98316e-01  2.43535e+02
   -142.64  6559.6875  2.64213e+02  2.87597e+02  3.56809e-01  2.63856e+02
   -114.09  6560.3125  2.56952e+02  2.42069e+02  4.01112e-01  2.56551e+02
    -85.54  6560.9375  2.68044e+02  2.52495e+02  4.45757e-01  2.67598e+02
    -56.99  6561.5625  3.72997e+02  2.63375e+02  5.77119e-01  3.72420e+02
    -28.44  6562.1875  5.96889e+02  6.54884e+02  7.88817e-01  5.96100e+02
      0.11  6562.8125  7.68404e+02  8.36789e+02  8.96661e-01  7.67508e+02
     28.67  6563.4375  8.07141e+02  8.22279e+02  9.47527e-01  8.06194e+02
     57.22  6564.0625  7.70254e+02  7.89557e+02  9.57964e-01  7.69296e+02
     85.77  6564.6875  6.94828e+02  6.97586e+02  8.43898e-01  6.93984e+02
    114.32  6565.3125  6.06944e+02  6.01985e+02  7.36477e-01  6.06208e+02
    142.87  6565.9375  5.28825e+02  5.20136e+02  7.24426e-01  5.28101e+02
    171.42  6566.5625  4.67959e+02  4.63528e+02  6.81631e-01  4.67278e+02
    199.97  6567.1875  4.19239e+02  4.18459e+02  6.01697e-01  4.18637e+02
    228.52  6567.8125  3.80285e+02  3.70560e+02  5.40036e-01  3.79745e+02
    257.07  6568.4375  3.52405e+02  3.56523e+02  4.95223e-01  3.51910e+02
    285.62  6569.0625  3.25294e+02  3.25051e+02  4.65792e-01  3.24828e+02
    314.18  6569.6875  2.99898e+02  2.93844e+02  4.47708e-01  2.99450e+02
    342.73  6570.3125  2.81165e+02  2.83782e+02  4.16503e-01  2.80749e+02
    371.28  6570.9375  2.65840e+02  2.60458e+02  3.89422e-01  2.65451e+02
    399.83  6571.5625  2.55334e+02  2.57011e+02  3.87275e-01  2.54947e+02
    428.38  6572.1875  2.46501e+02  2.45205e+02  3.83744e-01  2.46117e+02
    456.93  6572.8125  2.37869e+02  2.39103e+02  3.66155e-01  2.37503e+02
    485.48  6573.4375  2.29227e+02  2.27610e+02  3.63192e-01  2.28864e+02
    514.03  6574.0625  2.21010e+02  2.22828e+02  3.74517e-01  2.20636e+02
    542.58  6574.6875  2.12820e+02  2.10423e+02  3.73370e-01  2.12447e+02
    571.13  6575.3125  2.07760e+02  2.06026e+02  3.61820e-01  2.07398e+02
    599.69  6575.9375  2.05163e+02  2.07311e+02  3.33041e-01  2.04830e+02
    628.24  6576.5625  2.02036e+02  2.00129e+02  3.16548e-01  2.01719e+02
    656.79  6577.1875  2.01003e+02  1.99647e+02  3.26639e-01  2.00677e+02
    685.34  6577.8125  2.02221e+02  2.03103e+02  3.34179e-01  2.01887e+02
    713.89  6578.4375  2.01252e+02  2.04506e+02  3.20374e-01  2.00932e+02
    742.44  6579.0625  1.96548e+02  1.94513e+02  3.22035e-01  1.96226e+02
    770.99  6579.6875  1.90632e+02  1.94188e+02  3.24114e-01  1.90308e+02
    799.54  6580.3125  1.85218e+02  1.78204e+02  3.10478e-01  1.84908e+02
    828.09  6580.9375  1.84416e+02  1.88801e+02  2.98798e-01  1.84117e+02
    856.65  6581.5625  1.81961e+02  1.81987e+02  2.89306e-01  1.81672e+02
    885.20  6582.1875  1.78430e+02  1.76060e+02  2.84565e-01  1.78146e+02
    913.75  6582.8125  1.76969e+02  1.78546e+02  2.89536e-01  1.76679e+02
    942.30  6583.4375  1.75342e+02  1.74401e+02  2.85119e-01  1.75057e+02
    970.85  6584.0625  1.72644e+02  1.75060e+02  3.01280e-01  1.72343e+02
    999.40  6584.6875  1.67779e+02  1.66988e+02  3.02909e-01  1.67476e+02
   1027.95  6585.3125  1.63627e+02  1.61771e+02  3.03505e-01  1.63324e+02
   1056.50  6585.9375  1.61461e+02  1.62784e+02  3.00887e-01  1.61160e+02
   1085.05  6586.5625  1.57480e+02  1.59802e+02  2.91754e-01  1.57189e+02
   1113.60  6587.1875  1.53262e+02  1.47181e+02  2.98798e-01  1.52963e+02
   1142.16  6587.8125  1.53836e+02  1.56713e+02  3.14350e-01  1.53522e+02
   1170.71  6588.4375  1.52155e+02  1.55737e+02  3.15173e-01  1.51840e+02
   1199.26  6589.0625  1.46721e+02  1.42434e+02  3.09264e-01  1.46412e+02
   1227.81  6589.6875  1.44235e+02  1.45048e+02  2.74324e-01  1.43961e+02
   1256.36  6590.3125  1.43122e+02  1.43172e+02  2.56040e-01  1.42866e+02
   1284.91  6590.9375  1.41534e+02  1.41644e+02  2.59468e-01  1.41274e+02
   1313.46  6591.5625  1.39804e+02  1.39668e+02  2.76405e-01  1.39528e+02
   1342.01  6592.1875  1.37920e+02  1.38316e+02  2.73151e-01  1.37647e+02
   1370.56  6592.8125  1.35031e+02  1.35954e+02  2.54304e-01  1.34776e+02
   1399.11  6593.4375  1.30908e+02  1.30645e+02  2.56802e-01  1.30651e+02
   1427.67  6594.0625  1.27746e+02  1.25625e+02  2.50089e-01  1.27496e+02
   1456.22  6594.6875  1.25671e+02  1.28825e+02  2.42149e-01  1.25429e+02
   1484.77  6595.3125  1.21428e+02  1.20204e+02  2.39096e-01  1.21189e+02
   1513.32  6595.9375  1.17099e+02  1.16959e+02  2.41651e-01  1.16857e+02
   1541.87  6596.5625  1.14554e+02  1.13095e+02  2.44841e-01  1.14309e+02
   1570.42  6597.1875  1.15171e+02  1.13153e+02  2.47064e-01  1.14924e+02
   1598.97  6597.8125  1.16661e+02  1.21088e+02  2.60048e-01  1.16401e+02
   1627.52  6598.4375  1.13240e+02  1.13800e+02  2.76807e-01  1.12963e+02
   1656.07  6599.0625  1.07736e+02  1.05603e+02  2.64668e-01  1.07472e+02
   1684.63  6599.6875  1.04433e+02  1.04648e+02  2.46856e-01  1.04186e+02
   1713.18  6600.3125  1.01572e+02  1.02504e+02  2.48403e-01  1.01323e+02
   1741.73  6600.9375  9.76579e+01  9.73135e+01  2.25382e-01  9.74325e+01
   1770.28  6601.5625  9.44006e+01  9.30674e+01  1.99392e-01  9.42012e+01
   1798.83  6602.1875  9.24766e+01  9.35246e+01  1.97690e-01  9.22789e+01
   1827.38  6602.8125  9.02936e+01  8.98648e+01  2.10439e-01  9.00831e+01
   1855.93  6603.4375  8.89334e+01  8.73666e+01  2.16582e-01  8.87168e+01
   1884.48  6604.0625  8.78968e+01  9.11868e+01  2.23991e-01  8.76729e+01
   1913.03  6604.6875  8.38075e+01  8.33935e+01  2.42866e-01  8.35647e+01
   1941.58  6605.3125  8.03988e+01  7.68353e+01  2.50950e-01  8.01479e+01
   1970.14  6605.9375  8.02810e+01  8.29576e+01  2.43821e-01  8.00371e+01
   1998.69  6606.5625  7.89781e+01  7.85675e+01  2.42906e-01  7.87352e+01
   2027.24  6607.1875  7.59535e+01  7.72566e+01  2.23565e-01  7.57299e+01
   2055.79  6607.8125  7.20165e+01  7.09611e+01  2.05646e-01  7.18109e+01
   2084.34  6608.4375  6.93431e+01  6.83294e+01  2.14331e-01  6.91288e+01
   2112.89  6609.0625  6.86523e+01  6.84809e+01  2.21683e-01  6.84307e+01
   2141.44  6609.6875  6.75326e+01  6.97208e+01  2.05553e-01  6.73270e+01
   2169.99  6610.3125  6.40714e+01  6.34155e+01  1.92104e-01  6.38793e+01
   2198.54  6610.9375  6.09611e+01  5.95740e+01  2.13039e-01  6.07481e+01
   2227.09  6611.5625  5.93070e+01  6.05459e+01  2.10630e-01  5.90963e+01
   2255.65  6612.1875  5.73181e+01  5.65069e+01  1.96762e-01  5.71213e+01
   2284.20  6612.8125  5.50395e+01  5.62081e+01  1.96712e-01  5.48428e+01
   2312.75  6613.4375  5.24345e+01  5.10912e+01  2.09596e-01  5.22249e+01
   2341.30  6614.0625  5.03973e+01  5.13231e+01  2.14614e-01  5.01827e+01
   2369.85  6614.6875  4.83135e+01  4.77095e+01  2.11306e-01  4.81022e+01
   2398.40  6615.3125  4.72552e+01  4.59346e+01  2.12736e-01  4.70425e+01
   2426.95  6615.9375  4.71135e+01  4.91079e+01  2.07548e-01  4.69060e+01
   2455.50  6616.5625  4.56356e+01  4.47592e+01  2.04349e-01  4.54313e+01
   2484.05  6617.1875  4.37004e+01  4.45162e+01  2.17607e-01  4.34828e+01
   2512.61  6617.8125  4.17786e+01  4.06891e+01  2.32094e-01  4.15465e+01
   2541.16  6618.4375  4.03760e+01  4.11304e+01  2.44082e-01  4.01319e+01
   2569.71  6619.0625  3.83900e+01  3.87936e+01  2.39148e-01  3.81508e+01
   2598.26  6619.6875  3.60683e+01  3.50014e+01  2.21636e-01  3.58467e+01
   2626.81  6620.3125  3.44922e+01  3.51905e+01  2.04008e-01  3.42882e+01
   2655.36  6620.9375  3.28878e+01  3.24120e+01  1.84169e-01  3.27036e+01
   2683.91  6621.5625  3.11737e+01  3.17885e+01  1.75634e-01  3.09981e+01
   2712.46  6622.1875  2.92489e+01  2.86978e+01  1.83425e-01  2.90655e+01
   2741.01  6622.8125  2.78721e+01  2.75567e+01  1.96185e-01  2.76759e+01
   2769.56  6623.4375  2.67659e+01  2.75092e+01  2.05990e-01  2.65599e+01
   2798.12  6624.0625  2.47021e+01  2.50391e+01  1.98632e-01  2.45035e+01
   2826.67  6624.6875  2.23152e+01  2.13985e+01  1.90687e-01  2.21245e+01
   2855.22  6625.3125  2.11175e+01  2.07658e+01  1.84979e-01  2.09325e+01
   2883.77  6625.9375  2.06569e+01  2.11719e+01  1.70077e-01  2.04868e+01
   2912.32  6626.5625  2.02378e+01  1.93410e+01  1.69229e-01  2.00685e+01
   2940.87  6627.1875  1.96715e+01  2.14339e+01  1.90717e-01  1.94808e+01
   2969.42  6627.8125  1.78116e+01  1.69334e+01  1.96865e-01  1.76147e+01
   2997.97  6628.4375  1.60775e+01  1.60944e+01  1.86667e-01  1.58909e+01
   3026.52  6629.0625  1.48874e+01  1.47582e+01  1.83813e-01  1.47036e+01
   3055.07  6629.6875  1.41062e+01  1.37175e+01  1.87546e-01  1.39186e+01
   3083.63  6630.3125  1.35334e+01  1.41831e+01  1.87229e-01  1.33461e+01
   3112.18  6630.9375  1.24837e+01  1.22311e+01  1.79173e-01  1.23045e+01
   3140.73  6631.5625  1.13654e+01  1.14276e+01  1.60993e-01  1.12044e+01
   3169.28  6632.1875  1.05648e+01  1.01259e+01  1.61922e-01  1.04029e+01
   3197.83  6632.8125  1.04129e+01  1.02871e+01  1.81735e-01  1.02312e+01
   3226.38  6633.4375  1.09150e+01  1.05145e+01  1.88260e-01  1.07268e+01
   3254.93  6634.0625  1.15977e+01  1.22895e+01  1.92123e-01  1.14056e+01
   3283.48  6634.6875  1.11963e+01  1.19122e+01  1.90636e-01  1.10056e+01
   3312.03  6635.3125  9.96266e+00  9.09508e+00  1.72882e-01  9.78978e+00
   3340.58  6635.9375  9.47874e+00  9.37701e+00  1.68686e-01  9.31006e+00
   3369.14  6636.5625  9.41430e+00  9.79061e+00  1.73499e-01  9.24080e+00
   3397.69  6637.1875  9.07550e+00  8.85326e+00  1.67007e-01  8.90850e+00
   3426.24  6637.8125  8.82514e+00  8.78116e+00  1.54840e-01  8.67030e+00
   3454.79  6638.4375  8.63847e+00  8.85328e+00  1.62427e-01  8.47604e+00
   3483.34  6639.0625  8.44458e+00  8.04526e+00  1.78857e-01  8.26572e+00
   3511.89  6639.6875  8.64848e+00  8.61991e+00  1.86621e-01  8.46186e+00
   3540.44  6640.3125  8.72716e+00  9.41036e+00  1.70992e-01  8.55617e+00
   3568.99  6640.9375  8.20796e+00  7.72980e+00  1.50887e-01  8.05707e+00
   3597.54  6641.5625  7.78630e+00  7.99416e+00  1.50204e-01  7.63609e+00
   3626.10  6642.1875  7.40741e+00  7.35953e+00  1.53118e-01  7.25429e+00
   3654.65  6642.8125  7.33668e+00  6.69637e+00  1.68001e-01  7.16868e+00
   3683.20  6643.4375  7.54452e+00  8.57435e+00  1.88285e-01  7.35624e+00
   3711.75  6644.0625  7.24680e+00  6.42993e+00  1.79774e-01  7.06702e+00
   3740.30  6644.6875  7.11013e+00  7.64376e+00  1.69563e-01  6.94056e+00
   3768.85  6645.3125  6.71271e+00  6.73761e+00  1.70374e-01  6.54234e+00
   3797.40  6645.9375  6.12497e+00  5.91981e+00  1.76417e-01  5.94855e+00
   3825.95  6646.5625  5.98849e+00  5.60938e+00  1.79074e-01  5.80942e+00
   3854.50  6647.1875  6.16187e+00  6.70861e+00  1.67077e-01  5.99479e+00
   3883.05  6647.8125  6.00928e+00  5.71185e+00  1.69322e-01  5.83996e+00
   3911.61  6648.4375  5.70415e+00  6.09584e+00  1.69215e-01  5.53494e+00
   3940.16  6649.0625  5.23029e+00  4.94201e+00  1.58372e-01  5.07192e+00
   3968.71  6649.6875  5.19946e+00  4.70232e+00  1.65356e-01  5.03410e+00
   3997.26  6650.3125  5.67550e+00  6.19687e+00  1.82117e-01  5.49338e+00
   4025.81  6650.9375  5.74162e+00  5.79207e+00  1.79955e-01  5.56167e+00
   4054.36  6651.5625  5.51952e+00  5.37997e+00  1.71984e-01  5.34754e+00
   4082.91  6652.1875  5.34447e+00  5.48969e+00  1.70886e-01  5.17359e+00
   4111.46  6652.8125  5.04454e+00  5.09434e+00  1.74421e-01  4.87012e+00
   4140.01  6653.4375  4.86267e+00  4.41202e+00  1.74806e-01  4.68786e+00
   4168.56  6654.0625  5.10771e+00  5.30949e+00  1.76675e-01  4.93104e+00
   4197.12  6654.6875  5.06838e+00  5.56533e+00  1.83746e-01  4.88464e+00
   4225.67  6655.3125  4.54178e+00  4.08379e+00  1.76352e-01  4.36543e+00
   4254.22  6655.9375  4.41805e+00  4.24296e+00  1.73865e-01  4.24418e+00
   4282.77  6656.5625  4.64484e+00  4.85757e+00  1.67991e-01  4.47685e+00
   4311.32  6657.1875  4.46951e+00  4.91617e+00  1.56858e-01  4.31265e+00
   4339.87  6657.8125  4.11039e+00  3.19450e+00  1.57368e-01  3.95303e+00
   4368.42  6658.4375  4.33823e+00  4.92403e+00  1.58530e-01  4.17970e+00
   4396.97  6659.0625  4.30337e+00  4.35199e+00  1.61502e-01  4.14187e+00
   4425.52  6659.6875  3.99958e+00  3.79318e+00  1.62361e-01  3.83722e+00
   4454.08  6660.3125  3.83546e+00  3.97304e+00  1.62507e-01  3.67295e+00
   4482.63  6660.9375  3.57799e+00  3.63586e+00  1.67625e-01  3.41036e+00
   4511.18  6661.5625  3.19765e+00  3.16454e+00  1.64451e-01  3.03319e+00
   4539.73  6662.1875  3.00515e+00  2.68413e+00  1.48653e-01  2.85650e+00
   4568.28  6662.8125  3.06110e+00  3.39621e+00  1.52271e-01  2.90883e+00
   4596.83  6663.4375  2.98399e+00  2.81040e+00  1.64959e-01  2.81903e+00
   4625.38  6664.0625  3.15016e+00  2.78458e+00  1.65887e-01  2.98427e+00
   4653.93  6664.6875  3.57435e+00  4.10810e+00  1.66933e-01  3.40741e+00
   4682.48  6665.3125  3.50779e+00  3.51319e+00  1.76666e-01  3.33113e+00
   4711.03  6665.9375  3.07889e+00  3.16133e+00  1.74301e-01  2.90459e+00
   4739.59  6666.5625  2.65033e+00  2.42765e+00  1.57023e-01  2.49331e+00
   4768.14  6667.1875  2.42088e+00  2.51323e+00  1.63350e-01  2.25753e+00
   4796.69  6667.8125  2.33016e+00  2.11745e+00  1.77775e-01  2.15238e+00
   4825.24  6668.4375  2.47403e+00  2.46720e+00  1.76802e-01  2.29723e+00
   4853.79  6669.0625  2.66711e+00  2.81179e+00  1.77842e-01  2.48927e+00
   4882.34  6669.6875  2.71487e+00  2.64968e+00  1.70142e-01  2.54472e+00
   4910.89  6670.3125  2.71054e+00  2.79825e+00  1.66302e-01  2.54424e+00
   4939.44  6670.9375  2.67227e+00  2.59776e+00  1.76060e-01  2.49621e+00
   4967.99  6671.5625  2.72305e+00  2.64464e+00  1.74589e-01  2.54846e+00
   4996.54  6672.1875  2.79770e+00  3.00927e+00  1.78405e-01  2.61929e+00
   5025.10  6672.8125  2.71431e+00  2.57286e+00  1.76004e-01  2.53831e+00
   5053.65  6673.4375  2.50069e+00  2.83714e+00  1.65007e-01  2.33568e+00
   5082.20  6674.0625  2.12314e+00  1.78064e+00  1.56252e-01  1.96688e+00
   5110.75  6674.6875  1.96462e+00  2.02088e+00  1.59470e-01  1.80515e+00
   5139.30  6675.3125  1.86305e+00  1.98942e+00  1.56084e-01  1.70697e+00
   5167.85  6675.9375  1.77335e+00  1.42131e+00  1.60381e-01  1.61297e+00
   5196.40  6676.5625  1.87697e+00  2.20552e+00  1.61636e-01  1.71533e+00
   5224.95  6677.1875  1.79985e+00  1.72754e+00  1.50228e-01  1.64962e+00
   5253.50  6677.8125  1.69344e+00  1.57819e+00  1.48972e-01  1.54447e+00
   5282.06  6678.4375  1.66439e+00  1.87368e+00  1.51877e-01  1.51251e+00
   5310.61  6679.0625  1.72375e+00  1.20606e+00  1.50676e-01  1.57308e+00
   5339.16  6679.6875  2.01431e+00  2.58910e+00  1.57626e-01  1.85668e+00
   5367.71  6680.3125  2.04135e+00  1.69114e+00  1.58093e-01  1.88326e+00
   5396.26  6680.9375  1.93465e+00  2.39989e+00  1.55442e-01  1.77921e+00
   5424.81  6681.5625  1.61766e+00  1.24386e+00  1.62217e-01  1.45544e+00
   5453.36  6682.1875  1.39516e+00  1.63986e+00  1.69959e-01  1.22520e+00
   5481.91  6682.8125  1.29154e+00  8.89001e-01  1.62123e-01  1.12942e+00
   5510.46  6683.4375  1.41642e+00  1.70860e+00  1.47728e-01  1.26869e+00
   5539.01  6684.0625  1.46047e+00  1.34098e+00  1.52473e-01  1.30800e+00
   5567.57  6684.6875  1.50614e+00  1.48390e+00  1.68476e-01  1.33767e+00
   5596.12  6685.3125  1.50004e+00  1.73728e+00  1.74134e-01  1.32591e+00
   5624.67  6685.9375  1.22158e+00  1.19236e+00  1.61676e-01  1.05990e+00
   5653.22  6686.5625  9.97042e-01  7.34170e-01  1.54636e-01  8.42406e-01
   5681.77  6687.1875  1.11967e+00  1.14649e+00  1.58650e-01  9.61018e-01
   5710.32  6687.8125  1.38559e+00  1.33555e+00  1.60850e-01  1.22474e+00
   5738.87  6688.4375  1.49202e+00  1.86066e+00  1.73308e-01  1.31871e+00
   5767.42  6689.0625  1.25343e+00  1.07154e+00  1.74115e-01  1.07931e+00
   5795.97  6689.6875  1.15669e+00  9.38786e-01  1.64094e-01  9.92598e-01
   5824.52  6690.3125  1.25489e+00  1.58699e+00  1.65153e-01  1.08974e+00
   5853.08  6690.9375  1.17307e+00  9.60209e-01  1.57282e-01  1.01579e+00
   5881.63  6691.5625  1.09633e+00  1.23914e+00  1.46204e-01  9.50125e-01
   5910.18  6692.1875  9.97573e-01  9.16230e-01  1.42707e-01  8.54866e-01
   5938.73  6692.8125  9.49249e-01  9.12763e-01  1.55817e-01  7.93432e-01
   5967.28  6693.4375  9.73256e-01  1.00959e+00  1.74790e-01  7.98466e-01
   5995.83  6694.0625  1.00575e+00  9.56624e-01  1.74563e-01  8.31187e-01
   6024.38  6694.6875  1.09821e+00  1.05609e+00  1.65074e-01  9.33140e-01
   6052.93  6695.3125  1.10674e+00  1.40002e+00  1.75576e-01  9.31159e-01
   6081.48  6695.9375  9.25786e-01  6.38524e-01  1.85642e-01  7.40143e-01
   6110.04  6696.5625  9.46818e-01  9.44418e-01  1.77084e-01  7.69734e-01
   6138.59  6697.1875  1.02990e+00  1.21254e+00  1.75669e-01  8.54235e-01
   6167.14  6697.8125  9.68461e-01  8.20535e-01  1.78429e-01  7.90032e-01
   6195.69  6698.4375  9.51333e-01  1.01531e+00  1.61141e-01  7.90192e-01
   6224.24  6699.0625  8.86792e-01  9.68665e-01  1.54354e-01  7.32438e-01
   6252.79  6699.6875  7.52063e-01  6.33609e-01  1.66794e-01  5.85269e-01
   6281.34  6700.3125  7.36176e-01  7.12414e-01  1.75339e-01  5.60837e-01
   6309.89  6700.9375  7.87920e-01  8.40766e-01  1.74653e-01  6.13267e-01
   6338.44  6701.5625  7.65617e-01  8.05293e-01  1.62665e-01  6.02953e-01
   6366.99  6702.1875  6.97227e-01  6.32204e-01  1.58275e-01  5.38952e-01
   6395.55  6702.8125  6.71751e-01  7.02089e-01  1.71228e-01  5.00523e-01
   6424.10  6703.4375  6.47151e-01  6.39764e-01  1.92094e-01  4.55057e-01
   6452.65  6704.0625  6.03129e-01  6.34210e-01  1.87601e-01  4.15528e-01
   6481.20  6704.6875  6.19603e-01  4.49359e-01  1.64600e-01  4.55003e-01
   6509.75  6705.3125  7.50666e-01  9.01364e-01  1.49757e-01  6.00909e-01
   6538.30  6705.9375  7.38554e-01  8.16109e-01  1.50362e-01  5.88192e-01
   6566.85  6706.5625  5.85988e-01  5.02921e-01  1.50326e-01  4.35662e-01
   6595.40  6707.1875  4.79278e-01  5.10541e-01  1.51847e-01  3.27431e-01
   6623.95  6707.8125  4.80949e-01  3.01966e-01  1.58313e-01  3.22636e-01
   6652.50  6708.4375  5.80220e-01  7.88079e-01  1.62596e-01  4.17624e-01
   6681.06  6709.0625  5.34054e-01  4.98344e-01  1.64575e-01  3.69479e-01
   6709.61  6709.6875  4.72952e-01  3.79123e-01  1.53729e-01  3.19223e-01
   6738.16  6710.3125  5.53856e-01  5.41880e-01  1.55541e-01  3.98315e-01
   6766.71  6710.9375  6.24686e-01  7.72058e-01  1.69063e-01  4.55623e-01
   6795.26  6711.5625  5.87924e-01  4.49876e-01  1.65779e-01  4.22145e-01
   6823.81  6712.1875  5.62477e-01  7.05244e-01  1.66587e-01  3.95890e-01
   6852.36  6712.8125  4.80344e-01  3.90012e-01  1.73816e-01  3.06528e-01
   6880.91  6713.4375  4.39484e-01  4.36052e-01  1.81974e-01  2.57510e-01
   6909.46  6714.0625  4.59221e-01  4.47377e-01  1.75067e-01  2.84154e-01
   6938.02  6714.6875  4.85360e-01  5.13285e-01  1.56253e-01  3.29107e-01
   6966.57  6715.3125  5.11498e-01  4.53706e-01  1.44973e-01  3.66525e-01
   6995.12  6715.9375  5.16894e-01  6.58246e-01  1.45541e-01  3.71353e-01
   7023.67  6716.5625  4.48722e-01  3.13405e-01  1.54586e-01  2.94136e-01
   7052.22  6717.1875  4.50737e-01  4.90677e-01  1.61928e-01  2.88809e-01
   7080.77  6717.8125  4.43198e-01  5.06501e-01  1.68628e-01  2.74570e-01
   7109.32  6718.4375  4.06528e-01  2.72636e-01  1.72970e-01  2.33558e-01
   7137.87  6719.0625  4.02639e-01  5.86571e-01  1.64488e-01  2.38151e-01
   7166.42  6719.6875  3.40323e-01  1.63270e-01  1.58108e-01  1.82215e-01
   7194.97  6720.3125  4.05569e-01  4.02290e-01  1.58375e-01  2.47194e-01
   7223.53  6720.9375  5.09083e-01  6.20656e-01  1.68264e-01  3.40819e-01
   7252.08  6721.5625  4.80134e-01  4.67039e-01  1.72065e-01  3.08069e-01
   7280.63  6722.1875  4.07860e-01  3.95697e-01  1.60531e-01  2.47329e-01
   7309.18  6722.8125  3.53942e-01  3.58226e-01  1.52209e-01  2.01733e-01
   7337.73  6723.4375  3.12310e-01  2.98346e-01  1.61988e-01  1.50322e-01
   7366.28  6724.0625  3.13038e-01  2.68906e-01  1.71972e-01  1.41067e-01
   7394.83  6724.6875  3.60188e-01  3.90454e-01  1.73909e-01  1.86279e-01
   7423.38  6725.3125  3.54798e-01  4.24353e-01  1.78111e-01  1.76687e-01
   7451.93  6725.9375  2.92716e-01  2.05056e-01  1.87763e-01  1.04954e-01
   7480.48  6726.5625  2.98064e-01  3.04741e-01  1.85320e-01  1.12743e-01
   7509.04  6727.1875  3.11226e-01  3.73682e-01  1.76637e-01  1.34589e-01
   7537.59  6727.8125  3.00112e-01  1.95502e-01  1.68067e-01  1.32045e-01
   7566.14  6728.4375  3.32230e-01  4.30889e-01  1.69643e-01  1.62587e-01
   7594.69  6729.0625  3.24142e-01  2.72329e-01  1.70863e-01  1.53279e-01
   7623.24  6729.6875  3.02844e-01  3.46460e-01  1.65201e-01  1.37643e-01
   7651.79  6730.3125  2.61927e-01  2.46041e-01  1.70320e-01  9.16078e-02
   7680.34  6730.9375  2.39471e-01  2.06310e-01  1.69947e-01  6.95244e-02
   7708.89  6731.5625  2.96741e-01  2.48468e-01  1.57004e-01  1.39737e-01
   7737.44  6732.1875  3.97704e-01  4.62492e-01  1.56836e-01  2.40868e-01
   7765.99  6732.8125  4.04816e-01  4.69266e-01  1.64682e-01  2.40134e-01
   7794.55  6733.4375  3.14071e-01  2.70586e-01  1.67149e-01  1.46922e-01
   7823.10  6734.0625  2.44719e-01  2.45464e-01  1.57976e-01  8.67432e-02
   7851.65  6734.6875  2.79824e-01  1.35691e-01  1.50775e-01  1.29049e-01
   7880.20  6735.3125  3.92291e-01  5.87761e-01  1.60657e-01  2.31634e-01
   7908.75  6735.9375  3.77648e-01  3.00847e-01  1.65568e-01  2.12079e-01
   7937.30  6736.5625  3.54365e-01  3.53093e-01  1.57106e-01  1.97260e-01
   7965.85  6737.1875  4.02795e-01  3.47554e-01  1.64325e-01  2.38470e-01
   7994.40  6737.8125  4.61343e-01  5.71146e-01  1.68582e-01  2.92761e-01
   8022.95  6738.4375  3.98951e-01  4.15640e-01  1.59308e-01  2.39643e-01
   8051.51  6739.0625  2.93666e-01  2.19983e-01  1.57748e-01  1.35918e-01
   8080.06  6739.6875  2.67360e-01  2.79123e-01  1.57187e-01  1.10173e-01
   8108.61  6740.3125  2.94244e-01  2.50642e-01  1.55379e-01  1.38866e-01
   8137.16  6740.9375  3.35528e-01  3.98815e-01  1.65035e-01  1.70493e-01
   8165.71  6741.5625  3.10238e-01  3.26572e-01  1.86119e-01  1.24119e-01
   8194.26  6742.1875  2.59934e-01  2.02736e-01  1.89413e-01  7.05213e-02
   8222.81  6742.8125  2.54654e-01  2.85535e-01  1.70807e-01  8.38469e-02
   8251.36  6743.4375  2.34589e-01  2.49248e-01  1.57824e-01  7.67645e-02
   8279.91  6744.0625  1.98995e-01  1.65956e-01  1.59522e-01  3.94732e-02
   8308.46  6744.6875  2.08483e-01  1.86639e-01  1.63769e-01  4.47148e-02
   8337.02  6745.3125  2.27709e-01  2.94526e-01  1.67644e-01  6.00655e-02
   8365.57  6745.9375  2.01017e-01  1.54254e-01  1.67833e-01  3.31831e-02
   8394.12  6746.5625  2.05526e-01  1.89937e-01  1.65235e-01  4.02914e-02
   8422.67  6747.1875  2.40893e-01  2.66240e-01  1.51488e-01  8.94047e-02
   8451.22  6747.8125  2.48626e-01  2.63297e-01  1.54647e-01  9.39793e-02
   8479.77  6748.4375  2.87665e-01  1.72544e-01  1.72037e-01  1.15628e-01
   8508.32  6749.0625  3.91198e-01  5.18775e-01  1.84303e-01  2.06895e-01
   8536.87  6749.6875  3.64412e-01  4.19119e-01  1.77982e-01  1.86430e-01
   8565.42  6750.3125  2.63838e-01  1.45414e-01  1.61693e-01  1.02145e-01
   8593.97  6750.9375  2.95089e-01  2.70309e-01  1.57412e-01  1.37677e-01
   8622.53  6751.5625  3.60037e-01  4.75390e-01  1.54702e-01  2.05335e-01
   8651.08  6752.1875  2.99272e-01  2.87723e-01  1.50709e-01  1.48563e-01
   8679.63  6752.8125  2.23648e-01  1.55952e-01  1.55142e-01  6.85058e-02
   8708.18  6753.4375  2.08720e-01  2.64789e-01  1.58882e-01  4.98389e-02
   8736.73  6754.0625  1.81757e-01  1.47319e-01  1.57608e-01  2.41488e-02
   8765.28  6754.6875  1.72996e-01  1.66408e-01  1.62378e-01  1.06188e-02
   8793.83  6755.3125  1.93114e-01  1.90440e-01  1.63334e-01  2.97804e-02
   8822.38  6755.9375  2.11283e-01  2.27793e-01  1.52656e-01  5.86268e-02
   8850.93  6756.5625  1.98003e-01  2.18424e-01  1.41705e-01  5.62981e-02
   8879.49  6757.1875  1.70424e-01  1.32443e-01  1.48027e-01  2.23971e-02
   8908.04  6757.8125  1.79144e-01  1.82443e-01  1.72137e-01  7.00706e-03
   8936.59  6758.4375  2.11485e-01  1.99186e-01  1.82091e-01  2.93944e-02
   8965.14  6759.0625  2.27953e-01  2.82484e-01  1.69138e-01  5.88154e-02
   8993.69  6759.6875  2.06114e-01  1.60089e-01  1.56975e-01  4.91388e-02
   9022.24  6760.3125  2.01972e-01  2.21839e-01  1.55759e-01  4.62127e-02
   9050.79  6760.9375  2.13050e-01  1.85154e-01  1.64280e-01  4.87700e-02
   9079.34  6761.5625  2.27164e-01  2.67214e-01  1.69061e-01  5.81023e-02
   9107.89  6762.1875  2.13191e-01  1.97238e-01  1.84275e-01  2.89157e-02
   9136.44  6762.8125  1.89465e-01  2.03086e-01  1.85392e-01  4.07370e-03
   9165.00  6763.4375  1.66384e-01  1.48945e-01  1.66227e-01  1.56832e-04
   9193.55  6764.0625  1.57604e-01  1.59899e-01  1.57545e-01  5.86413e-05
   9222.10  6764.6875  1.58401e-01  1.55073e-01  1.56915e-01  1.48617e-03
   9250.65  6765.3125  1.70569e-01  1.56366e-01  1.60057e-01  1.05127e-02
   9279.20  6765.9375  1.87252e-01  2.14539e-01  1.67070e-01  2.01819e-02
   9307.75  6766.5625  1.80471e-01  1.73732e-01  1.69827e-01  1.06441e-02
   9336.30  6767.1875  1.71214e-01  1.65004e-01  1.66304e-01  4.91010e-03
   9364.85  6767.8125  1.85904e-01  1.62605e-01  1.61626e-01  2.42783e-02
   9393.40  6768.4375  2.05476e-01  2.56053e-01  1.58860e-01  4.66160e-02
   9421.95  6769.0625  1.83264e-01  1.66943e-01  1.55862e-01  2.74021e-02
   9450.51  6769.6875  1.76783e-01  1.34137e-01  1.50850e-01  2.59334e-02
   9479.06  6770.3125  1.99906e-01  2.59766e-01  1.56565e-01  4.33410e-02
   9507.61  6770.9375  1.85352e-01  1.60258e-01  1.62841e-01  2.25108e-02
   9536.16  6771.5625  1.76187e-01  1.63260e-01  1.73005e-01  3.18212e-03
   9564.71  6772.1875  1.80194e-01  2.09229e-01  1.80072e-01  1.22078e-04
   9593.26  6772.8125  1.61633e-01  1.50305e-01  1.61631e-01  2.39347e-06
   9621.81  6773.4375  1.50008e-01  1.34464e-01  1.49900e-01  1.07823e-04
   9650.36  6774.0625  1.60378e-01  1.69452e-01  1.57567e-01  2.81055e-03
   9678.91  6774.6875  1.81199e-01  1.58090e-01  1.61317e-01  1.98811e-02
   9707.47  6775.3125  2.03410e-01  2.44000e-01  1.65246e-01  3.81642e-02
   9736.02  6775.9375  1.90456e-01  1.82687e-01  1.70575e-01  1.98811e-02
   9764.57  6776.5625  1.73475e-01  1.56435e-01  1.70665e-01  2.81055e-03
   9793.12  6777.1875  1.67926e-01  1.93389e-01  1.67818e-01  1.07823e-04
   9821.67  6777.8125  1.52777e-01  1.29476e-01  1.52775e-01  1.12253e-06
   9850.22  6778.4375  1.46664e-01  1.59130e-01  1.46662e-01  1.59940e-06
   9878.77  6779.0625  1.45320e-01  1.32039e-01  1.45166e-01  1.53628e-04
   9907.32  6779.6875  1.59127e-01  1.54293e-01  1.55122e-01  4.00452e-03
   9935.87  6780.3125  2.04202e-01  1.71436e-01  1.75875e-01  2.83269e-02
   9964.42  6780.9375  2.48189e-01  3.29094e-01  1.93812e-01  5.43769e-02
   9992.98  6781.5625  2.20179e-01  1.93516e-01  1.91852e-01  2.83269e-02
  10021.53  6782.1875  1.77065e-01  1.81973e-01  1.73061e-01  4.00452e-03
  10050.08  6782.8125  1.48124e-01  1.36979e-01  1.47969e-01  1.55021e-04
  10078.63  6783.4375  1.40763e-01  1.26502e-01  1.40628e-01  1.35418e-04
  10107.18  6784.0625  1.59640e-01  1.59274e-01  1.56152e-01  3.48817e-03
  10135.73  6784.6875  1.92261e-01  1.82318e-01  1.67587e-01  2.46743e-02
  10164.28  6785.3125  2.07062e-01  2.61002e-01  1.59697e-01  4.73654e-02
  10192.83  6785.9375  1.75409e-01  1.43948e-01  1.50733e-01  2.46759e-02
  10221.38  6786.5625  1.61153e-01  1.47849e-01  1.57515e-01  3.63818e-03
  10249.93  6787.1875  1.78852e-01  1.85330e-01  1.74808e-01  4.04405e-03
  10278.49  6787.8125  2.07675e-01  1.87119e-01  1.80014e-01  2.76613e-02
  10307.04  6788.4375  2.26636e-01  2.83828e-01  1.73540e-01  5.30967e-02
  10335.59  6789.0625  1.99696e-01  1.69502e-01  1.72034e-01  2.76614e-02
  10364.14  6789.6875  1.77730e-01  1.80512e-01  1.73681e-01  4.04876e-03
  10392.69  6790.3125  1.77106e-01  1.63923e-01  1.73345e-01  3.76071e-03
  10421.24  6790.9375  2.01305e-01  1.85628e-01  1.75762e-01  2.55427e-02
  10449.79  6791.5625  2.23747e-01  2.75175e-01  1.74718e-01  4.90293e-02
  10478.34  6792.1875  2.00588e-01  1.79079e-01  1.75046e-01  2.55411e-02
  10506.89  6792.8125  1.75876e-01  1.74756e-01  1.72265e-01  3.61070e-03
  10535.45  6793.4375  1.61345e-01  1.66714e-01  1.61207e-01  1.38520e-04
  10564.00  6794.0625  1.51941e-01  1.34027e-01  1.51939e-01  1.44211e-06
  10592.55  6794.6875  1.61268e-01  1.63945e-01  1.61268e-01  0.00000e+00
  10621.10  6795.3125  1.72503e-01  1.81126e-01  1.72503e-01  0.00000e+00
  10649.65  6795.9375  1.71688e-01  1.71020e-01  1.71688e-01  0.00000e+00
  10678.20  6796.5625  1.68187e-01  1.65303e-01  1.68187e-01  0.00000e+00
  10706.75  6797.1875  1.69026e-01  1.68254e-01  1.69026e-01  0.00000e+00
  10735.30  6797.8125  1.70242e-01  1.74054e-01  1.70242e-01  0.00000e+00
  10763.85  6798.4375  1.65372e-01  1.68594e-01  1.65370e-01  1.56504e-06
  10792.40  6799.0625  1.60392e-01  1.48982e-01  1.60242e-01  1.50328e-04
  10820.96  6799.6875  1.63890e-01  1.74125e-01  1.59972e-01  3.91850e-03
  10849.51  6800.3125  1.83888e-01  1.41443e-01  1.56169e-01  2.77184e-02
  10878.06  6800.9375  2.10902e-01  2.84390e-01  1.57693e-01  5.32088e-02
  10906.61  6801.5625  1.80949e-01  1.55710e-01  1.53230e-01  2.77184e-02
  10935.16  6802.1875  1.49247e-01  1.36361e-01  1.45328e-01  3.91850e-03
  10963.71  6802.8125  1.47513e-01  1.48396e-01  1.47362e-01  1.50328e-04
  10992.26  6803.4375  1.60590e-01  1.47811e-01  1.60589e-01  1.56504e-06
  11020.81  6804.0625  1.79105e-01  1.97412e-01  1.79105e-01  0.00000e+00
  11049.36  6804.6875  1.75460e-01  1.84887e-01  1.75460e-01  0.00000e+00
  11077.91  6805.3125  1.54519e-01  1.44905e-01  1.54519e-01  0.00000e+00
  11106.47  6805.9375  1.43946e-01  1.38358e-01  1.43946e-01  0.00000e+00
  11135.02  6806.5625  1.53530e-01  1.40381e-01  1.53530e-01  0.00000e+00
  11163.57  6807.1875  1.68946e-01  1.94837e-01  1.68946e-01  0.00000e+00
  11192.12  6807.8125  1.63970e-01  1.54691e-01  1.63970e-01  0.00000e+00
  11220.67  6808.4375  1.62698e-01  1.51068e-01  1.62698e-01  0.00000e+00
  11249.22  6809.0625  1.73458e-01  1.87097e-01  1.73458e-01  0.00000e+00
  11277.77  6809.6875  1.74131e-01  1.73274e-01  1.74131e-01  0.00000e+00
  11306.32  6810.3125  1.70617e-01  1.65701e-01  1.70617e-01  0.00000e+00
  11334.87  6810.9375  1.68578e-01  1.78600e-01  1.68578e-01  0.00000e+00
  11363.43  6811.5625  1.71029e-01  1.44580e-01  1.71029e-01  0.00000e+00
  11391.98  6812.1875  1.81336e-01  2.17872e-01  1.81336e-01  0.00000e+00
  11420.53  6812.8125  1.70487e-01  1.50710e-01  1.70485e-01  1.32943e-06
  11449.08  6813.4375  1.63470e-01  1.65969e-01  1.63342e-01  1.27696e-04
  11477.63  6814.0625  1.69944e-01  1.61015e-01  1.66615e-01  3.32857e-03
  11506.18  6814.6875  1.96745e-01  1.79448e-01  1.73200e-01  2.35454e-02
  11534.73  6815.3125  2.26731e-01  2.67667e-01  1.81533e-01  4.51982e-02
  11563.28  6815.9375  2.08701e-01  2.17333e-01  1.85156e-01  2.35454e-02
  11591.83  6816.5625  1.74424e-01  1.41673e-01  1.71096e-01  3.32857e-03
  11620.38  6817.1875  1.71774e-01  1.80870e-01  1.71646e-01  1.27696e-04
  11648.94  6817.8125  1.76778e-01  1.76417e-01  1.76776e-01  1.32943e-06
  11677.49  6818.4375  1.76254e-01  1.79214e-01  1.76254e-01  0.00000e+00
  11706.04  6819.0625  1.75741e-01  1.68681e-01  1.75741e-01  0.00000e+00
  11734.59  6819.6875  1.79647e-01  1.85001e-01  1.79647e-01  0.00000e+00
  11763.14  6820.3125  1.79809e-01  1.80540e-01  1.79809e-01  0.00000e+00
  11791.69  6820.9375  1.70148e-01  1.80180e-01  1.70148e-01  0.00000e+00
  11820.24  6821.5625  1.52373e-01  1.43399e-01  1.52373e-01  0.00000e+00
  11848.79  6822.1875  1.47985e-01  1.34735e-01  1.47985e-01  0.00000e+00
  11877.34  6822.8125  1.57072e-01  1.72949e-01  1.57072e-01  0.00000e+00
  11905.89  6823.4375  1.59549e-01  1.49692e-01  1.59549e-01  0.00000e+00
  11934.45  6824.0625  1.69392e-01  1.62792e-01  1.69392e-01  0.00000e+00
  11963.00  6824.6875  1.83105e-01  2.00433e-01  1.83105e-01  0.00000e+00
  11991.55  6825.3125  1.82238e-01  1.76526e-01  1.82238e-01  0.00000e+00
  12020.10  6825.9375  1.89376e-01  1.69614e-01  1.89376e-01  0.00000e+00
  12048.65  6826.5625  2.03319e-01  2.41594e-01  2.03319e-01  0.00000e+00
  12077.20  6827.1875  1.91750e-01  1.69129e-01  1.91750e-01  0.00000e+00
  12105.75  6827.8125  1.81231e-01  1.92163e-01  1.81231e-01  0.00000e+00
  12134.30  6828.4375  1.70559e-01  1.67504e-01  1.70559e-01  0.00000e+00
  12162.85  6829.0625  1.60634e-01  1.56465e-01  1.60634e-01  0.00000e+00
  12191.40  6829.6875  1.57269e-01  1.58318e-01  1.57269e-01  0.00000e+00
  12219.96  6830.3125  1.59638e-01  1.52922e-01  1.59638e-01  0.00000e+00
  12248.51  6830.9375  1.74879e-01  1.65346e-01  1.74879e-01  0.00000e+00
  12277.06  6831.5625  1.82638e-01  2.23655e-01  1.82638e-01  0.00000e+00
  12305.61  6832.1875  1.55146e-01  1.33816e-01  1.55146e-01  0.00000e+00
  12334.16  6832.8125  1.40847e-01  1.24662e-01  1.40847e-01  0.00000e+00
  12362.71  6833.4375  1.50439e-01  1.65917e-01  1.50439e-01  0.00000e+00
  12391.26  6834.0625  1.52662e-01  1.49110e-01  1.52662e-01  0.00000e+00
  12419.81  6834.6875  1.59506e-01  1.44059e-01  1.59506e-01  0.00000e+00
  12448.36  6835.3125  1.77243e-01  1.95476e-01  1.77243e-01  0.00000e+00
  12476.92  6835.9375  1.75521e-01  1.83738e-01  1.75521e-01  0.00000e+00
  12505.47  6836.5625  1.59730e-01  1.48128e-01  1.59730e-01  0.00000e+00
  12534.02  6837.1875  1.60942e-01  1.48409e-01  1.60942e-01  0.00000e+00
  12562.57  6837.8125  1.76508e-01  1.91588e-01  1.76508e-01  0.00000e+00
  12591.12  6838.4375  1.79361e-01  1.80495e-01  1.79361e-01  0.00000e+00
  12619.67  6839.0625  1.72774e-01  1.70489e-01  1.72772e-01  1.40388e-06
  12648.22  6839.6875  1.59796e-01  1.74741e-01  1.59661e-01  1.34847e-04
  12676.77  6840.3125  1.45104e-01  1.18228e-01  1.41589e-01  3.51497e-03
  12705.32  6840.9375  1.63375e-01  1.50397e-01  1.38511e-01  2.48639e-02
  12733.87  6841.5625  1.83765e-01  2.36878e-01  1.36035e-01  4.77294e-02
  12762.43  6842.1875  1.63839e-01  1.27324e-01  1.38975e-01  2.48639e-02
  12790.98  6842.8125  1.55593e-01  1.65067e-01  1.52078e-01  3.51497e-03
  12819.53  6843.4375  1.64016e-01  1.48235e-01  1.63881e-01  1.34847e-04
  12848.08  6844.0625  1.75966e-01  1.97346e-01  1.75965e-01  1.40388e-06
  12876.63  6844.6875  1.67940e-01  1.70051e-01  1.67940e-01  8.00712e-07
  12905.18  6845.3125  1.56617e-01  1.36513e-01  1.56540e-01  7.69111e-05
  12933.73  6845.9375  1.66809e-01  1.73158e-01  1.64804e-01  2.00479e-03
  12962.28  6846.5625  1.88793e-01  1.74018e-01  1.74612e-01  1.41814e-02
  12990.83  6847.1875  2.10251e-01  2.37999e-01  1.83028e-01  2.72229e-02
  13019.38  6847.8125  2.00981e-01  2.06040e-01  1.86800e-01  1.41814e-02
  13047.94  6848.4375  1.80082e-01  1.60405e-01  1.78077e-01  2.00479e-03
  13076.49  6849.0625  1.72918e-01  1.87241e-01  1.72841e-01  7.69111e-05
  13105.04  6849.6875  1.61263e-01  1.56565e-01  1.61262e-01  8.00712e-07
  13133.59  6850.3125  1.47471e-01  1.48664e-01  1.47471e-01  0.00000e+00
  13162.14  6850.9375  1.40351e-01  1.29908e-01  1.40351e-01  0.00000e+00
  13190.69  6851.5625  1.39453e-01  1.51764e-01  1.39453e-01  0.00000e+00
  13219.24  6852.1875  1.34517e-01  1.24899e-01  1.34517e-01  0.00000e+00
  13247.79  6852.8125  1.39955e-01  1.31896e-01  1.39955e-01  0.00000e+00
  13276.34  6853.4375  1.56933e-01  1.64272e-01  1.56933e-01  0.00000e+00
  13304.90  6854.0625  1.65899e-01  1.71536e-01  1.65899e-01  0.00000e+00
  13333.45  6854.6875  1.63301e-01  1.63430e-01  1.63301e-01  0.00000e+00
  13362.00  6855.3125  1.61838e-01  1.53755e-01  1.61838e-01  0.00000e+00
  13390.55  6855.9375  1.71219e-01  1.69936e-01  1.71219e-01  0.00000e+00
  13419.10  6856.5625  1.78756e-01  1.93140e-01  1.78756e-01  0.00000e+00
  13447.65  6857.1875  1.72410e-01  1.64943e-01  1.72410e-01  0.00000e+00
  13476.20  6857.8125  1.62528e-01  1.70395e-01  1.62528e-01  0.00000e+00
  13504.75  6858.4375  1.46134e-01  1.46569e-01  1.46134e-01  0.00000e+00
  13533.30  6859.0625  1.29548e-01  1.22454e-01  1.29548e-01  0.00000e+00
  13561.85  6859.6875  1.31048e-01  1.14652e-01  1.31048e-01  0.00000e+00
  13590.41  6860.3125  1.44565e-01  1.68523e-01  1.44565e-01  0.00000e+00
  13618.96  6860.9375  1.42292e-01  1.31866e-01  1.42292e-01  0.00000e+00
  13647.51  6861.5625  1.35239e-01  1.43813e-01  1.35239e-01  0.00000e+00
  13676.06  6862.1875  1.32027e-01  1.15771e-01  1.32027e-01  0.00000e+00
  13704.61  6862.8125  1.43903e-01  1.46868e-01  1.43903e-01  0.00000e+00
  13733.16  6863.4375  1.61301e-01  1.61425e-01  1.61301e-01  0.00000e+00
  13761.71  6864.0625  1.76447e-01  1.77315e-01  1.76447e-01  0.00000e+00
  13790.26  6864.6875  1.84387e-01  1.93947e-01  1.84387e-01  0.00000e+00
  13818.81  6865.3125  1.78694e-01  1.79530e-01  1.78694e-01  0.00000e+00
  13847.36  6865.9375  1.68387e-01  1.64084e-01  1.68387e-01  0.00000e+00
  13875.92  6866.5625  1.57868e-01  1.66443e-01  1.57868e-01  0.00000e+00
  13904.47  6867.1875  1.40948e-01  1.37857e-01  1.40948e-01  0.00000e+00
  13933.02  6867.8125  1.33950e-01  1.16241e-01  1.33950e-01  0.00000e+00
  13961.57  6868.4375  1.52344e-01  1.50634e-01  1.52344e-01  0.00000e+00
  13990.12  6869.0625  1.68564e-01  1.94624e-01  1.68564e-01  0.00000e+00
  14018.67  6869.6875  1.60419e-01  1.45580e-01  1.60419e-01  0.00000e+00
  14047.22  6870.3125  1.52653e-01  1.58497e-01  1.52653e-01  0.00000e+00
  14075.77  6870.9375  1.44804e-01  1.46398e-01  1.44804e-01  0.00000e+00
  14104.32  6871.5625  1.40404e-01  1.25391e-01  1.40404e-01  0.00000e+00
  14132.88  6872.1875  1.45650e-01  1.61284e-01  1.45650e-01  0.00000e+00
  14161.43  6872.8125  1.44725e-01  1.35655e-01  1.44725e-01  0.00000e+00
  14189.98  6873.4375  1.48312e-01  1.45353e-01  1.48312e-01  0.00000e+00
  14218.53  6874.0625  1.54497e-01  1.65637e-01  1.54497e-01  0.00000e+00
  14247.08  6874.6875  1.55740e-01  1.42527e-01  1.55740e-01  0.00000e+00
  14275.63  6875.3125  1.63365e-01  1.70513e-01  1.63365e-01  0.00000e+00
  14304.18  6875.9375  1.65586e-01  1.71959e-01  1.65586e-01  0.00000e+00
  14332.73  6876.5625  1.61509e-01  1.51088e-01  1.61509e-01  0.00000e+00
  14361.28  6877.1875  1.64014e-01  1.70068e-01  1.64014e-01  0.00000e+00
  14389.83  6877.8125  1.71742e-01  1.58661e-01  1.71742e-01  0.00000e+00
  14418.39  6878.4375  1.79569e-01  2.03026e-01  1.79569e-01  0.00000e+00
  14446.94  6879.0625  1.68733e-01  1.61507e-01  1.68733e-01  0.00000e+00
  14475.49  6879.6875  1.62899e-01  1.46988e-01  1.62899e-01  0.00000e+00
  14504.04  6880.3125  1.72568e-01  1.88032e-01  1.72568e-01  0.00000e+00
  14532.59  6880.9375  1.72660e-01  1.70973e-01  1.72660e-01  0.00000e+00
  14561.14  6881.5625  1.68006e-01  1.64907e-01  1.68006e-01  0.00000e+00
  14589.69  6882.1875  1.67792e-01  1.67809e-01  1.67792e-01  0.00000e+00
  14618.24  6882.8125  1.67022e-01  1.71759e-01  1.67022e-01  0.00000e+00
  14646.79  6883.4375  1.65315e-01  1.55397e-01  1.65315e-01  0.00000e+00
  14675.34  6884.0625  1.61919e-01  1.82806e-01  1.61919e-01  0.00000e+00
  14703.90  6884.6875  1.48545e-01  1.28893e-01  1.48545e-01  0.00000e+00
  14732.45  6885.3125  1.51149e-01  1.47662e-01  1.51149e-01  0.00000e+00
  14761.00  6885.9375  1.67586e-01  1.69872e-01  1.67586e-01  0.00000e+00
  14789.55  6886.5625  1.71907e-01  1.91927e-01  1.71907e-01  0.00000e+00
  14818.10  6887.1875  1.54907e-01  1.44774e-01  1.54907e-01  0.00000e+00
  14846.65  6887.8125  1.49157e-01  1.32106e-01  1.49157e-01  0.00000e+00
  14875.20  6888.4375  1.64436e-01  1.76558e-01  1.64436e-01  0.00000e+00
  14903.75  6889.0625  1.75523e-01  1.72792e-01  1.75523e-01  0.00000e+00
  14932.30  6889.6875  1.77532e-01  1.88215e-01  1.77532e-01  0.00000e+00
  14960.86  6890.3125  1.76282e-01  1.59241e-01  1.76282e-01  0.00000e+00
  14989.41  6890.9375  1.81715e-01  1.98433e-01  1.81715e-01  0.00000e+00
  15017.96  6891.5625  1.81828e-01  1.69333e-01  1.81828e-01  0.00000e+00
  15046.51  6892.1875  1.79194e-01  1.96095e-01  1.79194e-01  0.00000e+00
  15075.06  6892.8125  1.68065e-01  1.56094e-01  1.68065e-01  0.00000e+00
  15103.61  6893.4375  1.59414e-01  1.65564e-01  1.59414e-01  0.00000e+00
  15132.16  6894.0625  1.50460e-01  1.48771e-01  1.50460e-01  0.00000e+00
  15160.71  6894.6875  1.44068e-01  1.38086e-01  1.44068e-01  0.00000e+00
  15189.26  6895.3125  1.46091e-01  1.46656e-01  1.46091e-01  0.00000e+00
  15217.81  6895.9375  1.51141e-01  1.51381e-01  1.51141e-01  0.00000e+00
  15246.37  6896.5625  1.60136e-01  1.52979e-01  1.60136e-01  0.00000e+00
  15274.92  6897.1875  1.77990e-01  1.77453e-01  1.77990e-01  0.00000e+00
  15303.47  6897.8125  1.86202e-01  2.11271e-01  1.86202e-01  0.00000e+00
  15332.02  6898.4375  1.71856e-01  1.55239e-01  1.71856e-01  0.00000e+00
  15360.57  6899.0625  1.68365e-01  1.61169e-01  1.68365e-01  0.00000e+00
  15389.12  6899.6875  1.74887e-01  1.89669e-01  1.74887e-01  0.00000e+00
  15417.67  6900.3125  1.68376e-01  1.65393e-01  1.68376e-01  0.00000e+00
  15446.22  6900.9375  1.56577e-01  1.57947e-01  1.56577e-01  0.00000e+00
  15474.77  6901.5625  1.49696e-01  1.40064e-01  1.49696e-01  0.00000e+00
  15503.32  6902.1875  1.48418e-01  1.60166e-01  1.48418e-01  0.00000e+00
  15531.88  6902.8125  1.47644e-01  1.30212e-01  1.47644e-01  0.00000e+00
  15560.43  6903.4375  1.59143e-01  1.65490e-01  1.59143e-01  0.00000e+00
  15588.98  6904.0625  1.66491e-01  1.76424e-01  1.66491e-01  0.00000e+00
  15617.53  6904.6875  1.61418e-01  1.55252e-01  1.61418e-01  0.00000e+00
  15646.08  6905.3125  1.63774e-01  1.53821e-01  1.63774e-01  0.00000e+00
  15674.63  6905.9375  1.72755e-01  1.89862e-01  1.72755e-01  0.00000e+00
  15703.18  6906.5625  1.70634e-01  1.61726e-01  1.70634e-01  0.00000e+00
  15731.73  6907.1875  1.70493e-01  1.69422e-01  1.70493e-01  0.00000e+00
  15760.28  6907.8125  1.69108e-01  1.82657e-01  1.69108e-01  0.00000e+00
  15788.84  6908.4375  1.62428e-01  1.41771e-01  1.62428e-01  0.00000e+00
  15817.39  6909.0625  1.63103e-01  1.83969e-01  1.63103e-01  0.00000e+00
  15845.94  6909.6875  1.59047e-01  1.40014e-01  1.59047e-01  0.00000e+00
  15874.49  6910.3125  1.60288e-01  1.74923e-01  1.60288e-01  0.00000e+00
  15903.04  6910.9375  1.65077e-01  1.43766e-01  1.65077e-01  0.00000e+00
  15931.59  6911.5625  1.77029e-01  1.98309e-01  1.77029e-01  0.00000e+00
  15960.14  6912.1875  1.70314e-01  1.74926e-01  1.70314e-01  0.00000e+00
  15988.69  6912.8125  1.48323e-01  1.43758e-01  1.48323e-01  0.00000e+00
  16017.24  6913.4375  1.35072e-01  1.25273e-01  1.35072e-01  0.00000e+00
  16045.79  6914.0625  1.40841e-01  1.34605e-01  1.40841e-01  0.00000e+00
  16074.35  6914.6875  1.53149e-01  1.67478e-01  1.53149e-01  0.00000e+00
  16102.90  6915.3125  1.63494e-01  1.40381e-01  1.63494e-01  0.00000e+00
  16131.45  6915.9375  1.78545e-01  2.07786e-01  1.78545e-01  0.00000e+00
  16160.00  6916.5625  1.70972e-01  1.66817e-01  1.70972e-01  0.00000e+00
  16188.55  6917.1875  1.57970e-01  1.47846e-01  1.57970e-01  0.00000e+00
  16217.10  6917.8125  1.56950e-01  1.61887e-01  1.56950e-01  0.00000e+00
  16245.65  6918.4375  1.54901e-01  1.56459e-01  1.54901e-01  0.00000e+00
  16274.20  6919.0625  1.50124e-01  1.46060e-01  1.50124e-01  0.00000e+00
  16302.75  6919.6875  1.42989e-01  1.55000e-01  1.42989e-01  0.00000e+00
  16331.30  6920.3125  1.33887e-01  1.14547e-01  1.33887e-01  0.00000e+00
  16359.86  6920.9375  1.41875e-01  1.44665e-01  1.41875e-01  0.00000e+00
  16388.41  6921.5625  1.58523e-01  1.55945e-01  1.58523e-01  0.00000e+00
  16416.96  6922.1875  1.69149e-01  1.83974e-01  1.69149e-01  0.00000e+00
  16445.51  6922.8125  1.71841e-01  1.54382e-01  1.71841e-01  0.00000e+00
  16474.06  6923.4375  1.83968e-01  1.90877e-01  1.83968e-01  0.00000e+00
  16502.61  6924.0625  1.84537e-01  2.06588e-01  1.84537e-01  0.00000e+00
  16531.16  6924.6875  1.68772e-01  1.40617e-01  1.68772e-01  0.00000e+00
  16559.71  6925.3125  1.69499e-01  1.81652e-01  1.69499e-01  0.00000e+00
  16588.26  6925.9375  1.69562e-01  1.71338e-01  1.69562e-01  0.00000e+00
  16616.81  6926.5625  1.64672e-01  1.57793e-01  1.64672e-01  0.00000e+00
  16645.37  6927.1875  1.61983e-01  1.71581e-01  1.61983e-01  0.00000e+00
  16673.92  6927.8125  1.57201e-01  1.45974e-01  1.57201e-01  0.00000e+00
  16702.47  6928.4375  1.57515e-01  1.64757e-01  1.57515e-01  0.00000e+00
  16731.02  6929.0625  1.57706e-01  1.53435e-01  1.57706e-01  0.00000e+00
  16759.57  6929.6875  1.66723e-01  1.53812e-01  1.66723e-01  0.00000e+00
  16788.12  6930.3125  1.82411e-01  2.03850e-01  1.82411e-01  0.00000e+00
  16816.67  6930.9375  1.79883e-01  1.76099e-01  1.79883e-01  0.00000e+00
  16845.22  6931.5625  1.72495e-01  1.68394e-01  1.72495e-01  0.00000e+00
  16873.77  6932.1875  1.74405e-01  1.69564e-01  1.74405e-01  0.00000e+00
  16902.33  6932.8125  1.74064e-01  1.93996e-01  1.74064e-01  0.00000e+00
  16930.88  6933.4375  1.63540e-01  1.41347e-01  1.63540e-01  0.00000e+00
  16959.43  6934.0625  1.69276e-01  1.71922e-01  1.69276e-01  0.00000e+00
  16987.98  6934.6875  1.86327e-01  1.81938e-01  1.86327e-01  0.00000e+00
  17016.53  6935.3125  1.96921e-01  2.16118e-01  1.96921e-01  0.00000e+00
  17045.08  6935.9375  1.88209e-01  1.82281e-01  1.88209e-01  0.00000e+00
  17073.63  6936.5625  1.79453e-01  1.73488e-01  1.79453e-01  0.00000e+00
  17102.18  6937.1875  1.79000e-01  1.82511e-01  1.79000e-01  0.00000e+00
  17130.73  6937.8125  1.70307e-01  1.83898e-01  1.70307e-01  0.00000e+00
  17159.28  6938.4375  1.56692e-01  1.31228e-01  1.56692e-01  0.00000e+00
  17187.84  6939.0625  1.63440e-01  1.72056e-01  1.63440e-01  0.00000e+00
  17216.39  6939.6875  1.73296e-01  1.74045e-01  1.73296e-01  0.00000e+00
  17244.94  6940.3125  1.78699e-01  1.77256e-01  1.78699e-01  0.00000e+00
  17273.49  6940.9375  1.85958e-01  1.84619e-01  1.85958e-01  0.00000e+00
  17302.04  6941.5625  1.93060e-01  1.96913e-01  1.93060e-01  0.00000e+00
  17330.59  6942.1875  1.89066e-01  2.01910e-01  1.89066e-01  0.00000e+00
  17359.14  6942.8125  1.82124e-01  1.53517e-01  1.82124e-01  0.00000e+00
  17387.69  6943.4375  1.90869e-01  2.16074e-01  1.90869e-01  0.00000e+00
  17416.24  6944.0625  1.94551e-01  1.74110e-01  1.94551e-01  0.00000e+00
  17444.79  6944.6875  1.97074e-01  2.20633e-01  1.97074e-01  0.00000e+00
  17473.35  6945.3125  1.83709e-01  1.77338e-01  1.83709e-01  0.00000e+00
  17501.90  6945.9375  1.68885e-01  1.63211e-01  1.68885e-01  0.00000e+00
  17530.45  6946.5625  1.67458e-01  1.62592e-01  1.67458e-01  0.00000e+00
  17559.00  6947.1875  1.72672e-01  1.78520e-01  1.72672e-01  0.00000e+00
  17587.55  6947.8125  1.72933e-01  1.73340e-01  1.72933e-01  0.00000e+00
  17616.10  6948.4375  1.70142e-01  1.69546e-01  1.70142e-01  0.00000e+00
  17644.65  6949.0625  1.76731e-01  1.61133e-01  1.76731e-01  0.00000e+00
  17673.20  6949.6875  1.95130e-01  2.09747e-01  1.95130e-01  0.00000e+00
