# day060  epoch=60.0d  L_Halpha=6.275e+40 erg/s  smooth_kms=25.0
# Columns:
#   1: Δv [km/s]      velocity offset from Hα (6562.81 Å), positive = redshift
#   2: lambda [Å]     observed wavelength
#   3: F_norm         total flux, smoothed, normalized to F_cont_baseline
#   4: F_norm_raw     total flux, RAW MC (no velocity smoothing)
#   5: F_cont_smooth  continuum-channel flux (continuum photons only)
#   6: F_vol_smooth   volumetric-channel flux (line emission contribution)
# Format: F_norm ≈ F_cont_smooth + F_vol_smooth (within MC noise)
# ----------------------------------------------------------------------------------------
 -16559.48  6200.3125  4.97520e-01  5.00023e-01  4.97520e-01  0.00000e+00
 -16530.93  6200.9375  4.73214e-01  5.06139e-01  4.73214e-01  0.00000e+00
 -16502.38  6201.5625  4.33710e-01  3.82426e-01  4.33710e-01  0.00000e+00
 -16473.83  6202.1875  4.29080e-01  4.53089e-01  4.29080e-01  0.00000e+00
 -16445.28  6202.8125  4.40587e-01  4.09660e-01  4.40587e-01  0.00000e+00
 -16416.73  6203.4375  4.67375e-01  4.88303e-01  4.67375e-01  0.00000e+00
 -16388.18  6204.0625  4.75580e-01  4.89770e-01  4.75580e-01  0.00000e+00
 -16359.63  6204.6875  4.57559e-01  4.52255e-01  4.57559e-01  0.00000e+00
 -16331.08  6205.3125  4.57367e-01  4.23265e-01  4.57367e-01  0.00000e+00
 -16302.53  6205.9375  4.92182e-01  5.12526e-01  4.92182e-01  0.00000e+00
 -16273.97  6206.5625  5.05273e-01  5.32944e-01  5.05273e-01  0.00000e+00
 -16245.42  6207.1875  4.93939e-01  4.53828e-01  4.93939e-01  0.00000e+00
 -16216.87  6207.8125  5.06949e-01  5.25454e-01  5.06949e-01  0.00000e+00
 -16188.32  6208.4375  5.12291e-01  5.24402e-01  5.12291e-01  0.00000e+00
 -16159.77  6209.0625  5.05619e-01  4.80635e-01  5.05619e-01  0.00000e+00
 -16131.22  6209.6875  5.04499e-01  5.38132e-01  5.04499e-01  0.00000e+00
 -16102.67  6210.3125  4.89308e-01  4.65637e-01  4.89308e-01  0.00000e+00
 -16074.12  6210.9375  5.09312e-01  4.65537e-01  5.09312e-01  0.00000e+00
 -16045.57  6211.5625  5.44015e-01  6.42745e-01  5.44015e-01  0.00000e+00
 -16017.01  6212.1875  5.26867e-01  4.38129e-01  5.26867e-01  0.00000e+00
 -15988.46  6212.8125  5.43275e-01  5.85393e-01  5.43275e-01  0.00000e+00
 -15959.91  6213.4375  5.43311e-01  5.63921e-01  5.43311e-01  0.00000e+00
 -15931.36  6214.0625  5.21784e-01  4.71215e-01  5.21784e-01  0.00000e+00
 -15902.81  6214.6875  5.16313e-01  5.81691e-01  5.16313e-01  0.00000e+00
 -15874.26  6215.3125  4.93032e-01  4.25405e-01  4.93032e-01  0.00000e+00
 -15845.71  6215.9375  4.92597e-01  5.42917e-01  4.92597e-01  0.00000e+00
 -15817.16  6216.5625  4.85041e-01  4.50320e-01  4.85041e-01  0.00000e+00
 -15788.61  6217.1875  4.99036e-01  4.93563e-01  4.99036e-01  0.00000e+00
 -15760.06  6217.8125  5.40140e-01  5.38589e-01  5.40140e-01  0.00000e+00
 -15731.50  6218.4375  5.77229e-01  5.92855e-01  5.77229e-01  0.00000e+00
 -15702.95  6219.0625  5.76443e-01  6.09022e-01  5.76443e-01  0.00000e+00
 -15674.40  6219.6875  5.52394e-01  5.01531e-01  5.52394e-01  0.00000e+00
 -15645.85  6220.3125  5.54984e-01  5.90706e-01  5.54984e-01  0.00000e+00
 -15617.30  6220.9375  5.51340e-01  5.31218e-01  5.51340e-01  0.00000e+00
 -15588.75  6221.5625  5.42537e-01  5.61941e-01  5.42537e-01  0.00000e+00
 -15560.20  6222.1875  5.17670e-01  5.22432e-01  5.17670e-01  0.00000e+00
 -15531.65  6222.8125  5.06066e-01  4.53403e-01  5.06066e-01  0.00000e+00
 -15503.10  6223.4375  5.35596e-01  5.76962e-01  5.35596e-01  0.00000e+00
 -15474.55  6224.0625  5.32930e-01  5.47932e-01  5.32930e-01  0.00000e+00
 -15445.99  6224.6875  4.96237e-01  4.83706e-01  4.96237e-01  0.00000e+00
 -15417.44  6225.3125  4.93217e-01  4.43440e-01  4.93217e-01  0.00000e+00
 -15388.89  6225.9375  5.17355e-01  5.97190e-01  5.17355e-01  0.00000e+00
 -15360.34  6226.5625  4.98563e-01  4.41768e-01  4.98563e-01  0.00000e+00
 -15331.79  6227.1875  4.83444e-01  5.26578e-01  4.83444e-01  0.00000e+00
 -15303.24  6227.8125  4.61946e-01  4.31695e-01  4.61946e-01  0.00000e+00
 -15274.69  6228.4375  4.72910e-01  4.43432e-01  4.72910e-01  0.00000e+00
 -15246.14  6229.0625  5.10766e-01  5.60323e-01  5.10766e-01  0.00000e+00
 -15217.59  6229.6875  5.16663e-01  4.91900e-01  5.16663e-01  0.00000e+00
 -15189.03  6230.3125  5.27691e-01  5.23809e-01  5.27691e-01  0.00000e+00
 -15160.48  6230.9375  5.35771e-01  5.70453e-01  5.35771e-01  0.00000e+00
 -15131.93  6231.5625  4.96938e-01  5.06652e-01  4.96938e-01  0.00000e+00
 -15103.38  6232.1875  4.59249e-01  3.99436e-01  4.59249e-01  0.00000e+00
 -15074.83  6232.8125  4.75897e-01  5.09298e-01  4.75897e-01  0.00000e+00
 -15046.28  6233.4375  5.13326e-01  4.62073e-01  5.13326e-01  0.00000e+00
 -15017.73  6234.0625  5.65404e-01  6.22597e-01  5.65404e-01  0.00000e+00
 -14989.18  6234.6875  5.57535e-01  5.80100e-01  5.57535e-01  0.00000e+00
 -14960.63  6235.3125  4.96543e-01  4.84451e-01  4.96543e-01  0.00000e+00
 -14932.08  6235.9375  4.82338e-01  4.03701e-01  4.82338e-01  0.00000e+00
 -14903.52  6236.5625  5.49579e-01  5.96902e-01  5.49579e-01  0.00000e+00
 -14874.97  6237.1875  5.77705e-01  6.21211e-01  5.77705e-01  0.00000e+00
 -14846.42  6237.8125  5.60031e-01  4.93028e-01  5.60031e-01  0.00000e+00
 -14817.87  6238.4375  5.67746e-01  6.30458e-01  5.67746e-01  0.00000e+00
 -14789.32  6239.0625  5.68359e-01  5.05423e-01  5.68359e-01  0.00000e+00
 -14760.77  6239.6875  5.96643e-01  6.28575e-01  5.96643e-01  0.00000e+00
 -14732.22  6240.3125  6.01108e-01  6.32802e-01  6.01108e-01  0.00000e+00
 -14703.67  6240.9375  5.79105e-01  5.20996e-01  5.79105e-01  0.00000e+00
 -14675.12  6241.5625  5.75620e-01  6.41607e-01  5.75620e-01  0.00000e+00
 -14646.57  6242.1875  5.45036e-01  5.01314e-01  5.45036e-01  0.00000e+00
 -14618.01  6242.8125  5.36083e-01  5.32964e-01  5.36083e-01  0.00000e+00
 -14589.46  6243.4375  5.46195e-01  5.62024e-01  5.46195e-01  0.00000e+00
 -14560.91  6244.0625  5.40671e-01  5.35583e-01  5.40671e-01  0.00000e+00
 -14532.36  6244.6875  5.17013e-01  5.45447e-01  5.17013e-01  0.00000e+00
 -14503.81  6245.3125  4.94537e-01  4.34299e-01  4.94537e-01  0.00000e+00
 -14475.26  6245.9375  5.29419e-01  5.34892e-01  5.29419e-01  0.00000e+00
 -14446.71  6246.5625  5.47410e-01  6.25651e-01  5.47410e-01  0.00000e+00
 -14418.16  6247.1875  5.00491e-01  4.31805e-01  5.00491e-01  0.00000e+00
 -14389.61  6247.8125  4.83331e-01  5.07657e-01  4.83331e-01  0.00000e+00
 -14361.06  6248.4375  4.84797e-01  4.65312e-01  4.84797e-01  0.00000e+00
 -14332.50  6249.0625  4.98512e-01  4.98525e-01  4.98512e-01  0.00000e+00
 -14303.95  6249.6875  4.99600e-01  5.40105e-01  4.99600e-01  0.00000e+00
 -14275.40  6250.3125  4.67390e-01  4.33895e-01  4.67390e-01  0.00000e+00
 -14246.85  6250.9375  4.52130e-01  4.58240e-01  4.52130e-01  0.00000e+00
 -14218.30  6251.5625  4.58797e-01  4.40788e-01  4.58797e-01  0.00000e+00
 -14189.75  6252.1875  4.88318e-01  4.85291e-01  4.88318e-01  0.00000e+00
 -14161.20  6252.8125  5.23144e-01  5.38460e-01  5.23144e-01  0.00000e+00
 -14132.65  6253.4375  5.38156e-01  5.41085e-01  5.38156e-01  0.00000e+00
 -14104.10  6254.0625  5.38081e-01  5.40243e-01  5.38081e-01  0.00000e+00
 -14075.54  6254.6875  5.23529e-01  5.40675e-01  5.23529e-01  0.00000e+00
 -14046.99  6255.3125  5.03271e-01  4.71306e-01  5.03271e-01  0.00000e+00
 -14018.44  6255.9375  5.02113e-01  5.25692e-01  5.02113e-01  0.00000e+00
 -13989.89  6256.5625  5.09319e-01  4.73488e-01  5.09319e-01  0.00000e+00
 -13961.34  6257.1875  5.36331e-01  5.60227e-01  5.36331e-01  0.00000e+00
 -13932.79  6257.8125  5.46714e-01  5.55857e-01  5.46714e-01  0.00000e+00
 -13904.24  6258.4375  5.30187e-01  5.32709e-01  5.30187e-01  0.00000e+00
 -13875.69  6259.0625  5.06281e-01  5.02526e-01  5.06281e-01  0.00000e+00
 -13847.14  6259.6875  4.89228e-01  4.84345e-01  4.89228e-01  0.00000e+00
 -13818.59  6260.3125  4.91167e-01  4.72939e-01  4.91167e-01  0.00000e+00
 -13790.03  6260.9375  5.10109e-01  5.30592e-01  5.10109e-01  0.00000e+00
 -13761.48  6261.5625  5.44690e-01  4.87953e-01  5.44690e-01  0.00000e+00
 -13732.93  6262.1875  5.95131e-01  6.75694e-01  5.95131e-01  0.00000e+00
 -13704.38  6262.8125  5.88543e-01  5.61326e-01  5.88543e-01  0.00000e+00
 -13675.83  6263.4375  5.73374e-01  5.67717e-01  5.73374e-01  0.00000e+00
 -13647.28  6264.0625  5.56920e-01  5.96028e-01  5.56920e-01  0.00000e+00
 -13618.73  6264.6875  5.15700e-01  4.79432e-01  5.15700e-01  0.00000e+00
 -13590.18  6265.3125  5.11506e-01  4.87526e-01  5.11506e-01  0.00000e+00
 -13561.63  6265.9375  5.18640e-01  5.88503e-01  5.18640e-01  0.00000e+00
 -13533.08  6266.5625  4.69882e-01  4.36693e-01  4.69882e-01  0.00000e+00
 -13504.52  6267.1875  4.51572e-01  4.06398e-01  4.51572e-01  0.00000e+00
 -13475.97  6267.8125  5.15870e-01  5.05805e-01  5.15870e-01  0.00000e+00
 -13447.42  6268.4375  5.90074e-01  6.42195e-01  5.90074e-01  0.00000e+00
 -13418.87  6269.0625  5.94515e-01  6.08996e-01  5.94515e-01  0.00000e+00
 -13390.32  6269.6875  5.67150e-01  5.34346e-01  5.67150e-01  0.00000e+00
 -13361.77  6270.3125  5.53486e-01  5.85002e-01  5.53486e-01  0.00000e+00
 -13333.22  6270.9375  5.12279e-01  5.23492e-01  5.12279e-01  0.00000e+00
 -13304.67  6271.5625  4.71219e-01  4.16387e-01  4.71219e-01  0.00000e+00
 -13276.12  6272.1875  4.90795e-01  4.96686e-01  4.90795e-01  0.00000e+00
 -13247.56  6272.8125  5.16783e-01  5.48935e-01  5.16783e-01  0.00000e+00
 -13219.01  6273.4375  5.12608e-01  4.88289e-01  5.12608e-01  0.00000e+00
 -13190.46  6274.0625  5.14034e-01  5.23458e-01  5.14034e-01  0.00000e+00
 -13161.91  6274.6875  4.95224e-01  5.32935e-01  4.95224e-01  0.00000e+00
 -13133.36  6275.3125  4.52658e-01  4.03299e-01  4.52658e-01  0.00000e+00
 -13104.81  6275.9375  4.76717e-01  4.34170e-01  4.76717e-01  0.00000e+00
 -13076.26  6276.5625  5.53706e-01  6.08889e-01  5.53706e-01  0.00000e+00
 -13047.71  6277.1875  5.95466e-01  5.73727e-01  5.95466e-01  0.00000e+00
 -13019.16  6277.8125  5.97154e-01  6.61754e-01  5.97154e-01  0.00000e+00
 -12990.61  6278.4375  5.67056e-01  4.95383e-01  5.67056e-01  0.00000e+00
 -12962.05  6279.0625  5.82193e-01  5.98405e-01  5.82193e-01  0.00000e+00
 -12933.50  6279.6875  5.78604e-01  6.44623e-01  5.78604e-01  0.00000e+00
 -12904.95  6280.3125  5.10623e-01  4.59754e-01  5.10623e-01  0.00000e+00
 -12876.40  6280.9375  4.73452e-01  4.66662e-01  4.73452e-01  0.00000e+00
 -12847.85  6281.5625  4.65603e-01  4.79785e-01  4.65603e-01  0.00000e+00
 -12819.30  6282.1875  4.46622e-01  4.43818e-01  4.46622e-01  0.00000e+00
 -12790.75  6282.8125  4.26811e-01  4.20532e-01  4.26811e-01  0.00000e+00
 -12762.20  6283.4375  4.21055e-01  4.15171e-01  4.21055e-01  0.00000e+00
 -12733.65  6284.0625  4.42091e-01  4.16471e-01  4.42091e-01  0.00000e+00
 -12705.10  6284.6875  4.88143e-01  5.07502e-01  4.88143e-01  0.00000e+00
 -12676.54  6285.3125  5.05058e-01  5.38976e-01  5.05058e-01  0.00000e+00
 -12647.99  6285.9375  4.92829e-01  4.46500e-01  4.92829e-01  0.00000e+00
 -12619.44  6286.5625  5.02033e-01  5.33955e-01  5.02033e-01  0.00000e+00
 -12590.89  6287.1875  5.01141e-01  4.93102e-01  5.01141e-01  0.00000e+00
 -12562.34  6287.8125  5.02489e-01  4.86099e-01  5.02489e-01  0.00000e+00
 -12533.79  6288.4375  5.16830e-01  5.37151e-01  5.16830e-01  0.00000e+00
 -12505.24  6289.0625  5.10290e-01  5.18034e-01  5.10290e-01  0.00000e+00
 -12476.69  6289.6875  4.94690e-01  4.73573e-01  4.94690e-01  0.00000e+00
 -12448.14  6290.3125  5.05265e-01  4.98224e-01  5.05265e-01  0.00000e+00
 -12419.58  6290.9375  5.22915e-01  5.48915e-01  5.22915e-01  0.00000e+00
 -12391.03  6291.5625  5.25912e-01  5.00541e-01  5.25912e-01  0.00000e+00
 -12362.48  6292.1875  5.39832e-01  5.50823e-01  5.39832e-01  0.00000e+00
 -12333.93  6292.8125  5.42220e-01  5.61984e-01  5.42220e-01  0.00000e+00
 -12305.38  6293.4375  5.23249e-01  5.05254e-01  5.23249e-01  0.00000e+00
 -12276.83  6294.0625  5.15260e-01  5.17230e-01  5.15260e-01  0.00000e+00
 -12248.28  6294.6875  5.23007e-01  5.07940e-01  5.23007e-01  0.00000e+00
 -12219.73  6295.3125  5.29603e-01  5.63564e-01  5.29603e-01  0.00000e+00
 -12191.18  6295.9375  5.01648e-01  5.01143e-01  5.01648e-01  0.00000e+00
 -12162.63  6296.5625  4.78947e-01  4.36478e-01  4.78947e-01  0.00000e+00
 -12134.07  6297.1875  4.93241e-01  5.25314e-01  4.93241e-01  0.00000e+00
 -12105.52  6297.8125  4.98245e-01  4.83210e-01  4.98245e-01  0.00000e+00
 -12076.97  6298.4375  4.83697e-01  5.23461e-01  4.83697e-01  0.00000e+00
 -12048.42  6299.0625  4.68650e-01  3.91974e-01  4.68650e-01  0.00000e+00
 -12019.87  6299.6875  4.96830e-01  5.56097e-01  4.96830e-01  0.00000e+00
 -11991.32  6300.3125  5.00362e-01  4.86349e-01  5.00362e-01  0.00000e+00
 -11962.77  6300.9375  4.99959e-01  4.79723e-01  4.99959e-01  0.00000e+00
 -11934.22  6301.5625  5.06976e-01  5.51710e-01  5.06976e-01  0.00000e+00
 -11905.67  6302.1875  4.90574e-01  4.53398e-01  4.90574e-01  0.00000e+00
 -11877.12  6302.8125  5.10746e-01  4.86525e-01  5.10746e-01  0.00000e+00
 -11848.56  6303.4375  5.60762e-01  5.99161e-01  5.60762e-01  0.00000e+00
 -11820.01  6304.0625  5.71755e-01  5.78831e-01  5.71755e-01  0.00000e+00
 -11791.46  6304.6875  5.56740e-01  5.43954e-01  5.56740e-01  0.00000e+00
 -11762.91  6305.3125  5.28473e-01  5.74590e-01  5.28473e-01  0.00000e+00
 -11734.36  6305.9375  5.00062e-01  4.06222e-01  5.00062e-01  0.00000e+00
 -11705.81  6306.5625  5.14679e-01  6.07998e-01  5.14679e-01  0.00000e+00
 -11677.26  6307.1875  5.00631e-01  4.36649e-01  5.00631e-01  0.00000e+00
 -11648.71  6307.8125  5.41980e-01  4.97760e-01  5.41980e-01  0.00000e+00
 -11620.16  6308.4375  6.14490e-01  7.18852e-01  6.14490e-01  0.00000e+00
 -11591.60  6309.0625  5.76844e-01  5.78748e-01  5.76844e-01  0.00000e+00
 -11563.05  6309.6875  4.96867e-01  4.59980e-01  4.96867e-01  0.00000e+00
 -11534.50  6310.3125  4.60142e-01  4.62937e-01  4.60142e-01  0.00000e+00
 -11505.95  6310.9375  4.50101e-01  4.38577e-01  4.50101e-01  0.00000e+00
 -11477.40  6311.5625  4.69751e-01  4.44319e-01  4.69751e-01  0.00000e+00
 -11448.85  6312.1875  5.17061e-01  5.37428e-01  5.17061e-01  0.00000e+00
 -11420.30  6312.8125  5.42956e-01  5.62458e-01  5.42956e-01  0.00000e+00
 -11391.75  6313.4375  5.58499e-01  5.08937e-01  5.58499e-01  0.00000e+00
 -11363.20  6314.0625  5.77562e-01  6.62381e-01  5.77562e-01  0.00000e+00
 -11334.65  6314.6875  5.41171e-01  4.96321e-01  5.41171e-01  0.00000e+00
 -11306.09  6315.3125  5.28938e-01  5.01463e-01  5.28938e-01  0.00000e+00
 -11277.54  6315.9375  5.36679e-01  6.09417e-01  5.36679e-01  0.00000e+00
 -11248.99  6316.5625  5.17196e-01  4.27833e-01  5.17196e-01  0.00000e+00
 -11220.44  6317.1875  5.28611e-01  6.06466e-01  5.28611e-01  0.00000e+00
 -11191.89  6317.8125  5.26615e-01  4.60747e-01  5.26615e-01  0.00000e+00
 -11163.34  6318.4375  5.41003e-01  5.83705e-01  5.41003e-01  0.00000e+00
 -11134.79  6319.0625  5.17622e-01  5.53754e-01  5.17622e-01  0.00000e+00
 -11106.24  6319.6875  4.94103e-01  3.74533e-01  4.94103e-01  0.00000e+00
 -11077.69  6320.3125  5.81948e-01  6.16649e-01  5.81948e-01  0.00000e+00
 -11049.14  6320.9375  6.29254e-01  7.40865e-01  6.29254e-01  0.00000e+00
 -11020.58  6321.5625  5.50430e-01  4.86035e-01  5.50430e-01  0.00000e+00
 -10992.03  6322.1875  5.04420e-01  4.77141e-01  5.04420e-01  0.00000e+00
 -10963.48  6322.8125  5.20404e-01  5.37625e-01  5.20404e-01  0.00000e+00
 -10934.93  6323.4375  5.38606e-01  5.26592e-01  5.38606e-01  0.00000e+00
 -10906.38  6324.0625  5.48119e-01  5.74961e-01  5.48119e-01  0.00000e+00
 -10877.83  6324.6875  5.49165e-01  5.12466e-01  5.49165e-01  0.00000e+00
 -10849.28  6325.3125  5.54676e-01  6.02797e-01  5.54676e-01  0.00000e+00
 -10820.73  6325.9375  5.28609e-01  5.10902e-01  5.28609e-01  0.00000e+00
 -10792.18  6326.5625  5.09059e-01  4.91660e-01  5.09059e-01  0.00000e+00
 -10763.62  6327.1875  5.26470e-01  5.18448e-01  5.26470e-01  0.00000e+00
 -10735.07  6327.8125  5.57643e-01  5.68522e-01  5.57643e-01  0.00000e+00
 -10706.52  6328.4375  5.53403e-01  5.99279e-01  5.53403e-01  0.00000e+00
 -10677.97  6329.0625  5.10902e-01  4.62425e-01  5.10902e-01  0.00000e+00
 -10649.42  6329.6875  5.03241e-01  5.05589e-01  5.03241e-01  0.00000e+00
 -10620.87  6330.3125  5.13034e-01  5.23210e-01  5.13034e-01  0.00000e+00
 -10592.32  6330.9375  4.92251e-01  5.24470e-01  4.92251e-01  0.00000e+00
 -10563.77  6331.5625  4.63793e-01  3.93649e-01  4.63793e-01  0.00000e+00
 -10535.22  6332.1875  4.92473e-01  5.19596e-01  4.92473e-01  0.00000e+00
 -10506.67  6332.8125  5.21048e-01  5.28480e-01  5.21048e-01  0.00000e+00
 -10478.11  6333.4375  5.11952e-01  5.37247e-01  5.11952e-01  0.00000e+00
 -10449.56  6334.0625  4.93796e-01  4.42327e-01  4.93796e-01  0.00000e+00
 -10421.01  6334.6875  5.12276e-01  5.40888e-01  5.12276e-01  0.00000e+00
 -10392.46  6335.3125  5.34617e-01  5.12905e-01  5.34617e-01  0.00000e+00
 -10363.91  6335.9375  5.41720e-01  5.89211e-01  5.41720e-01  0.00000e+00
 -10335.36  6336.5625  5.05055e-01  4.94779e-01  5.05055e-01  0.00000e+00
 -10306.81  6337.1875  4.76217e-01  4.38577e-01  4.76217e-01  0.00000e+00
 -10278.26  6337.8125  4.88078e-01  5.10547e-01  4.88078e-01  0.00000e+00
 -10249.71  6338.4375  4.84213e-01  5.00242e-01  4.84213e-01  0.00000e+00
 -10221.16  6339.0625  4.59992e-01  4.37791e-01  4.59992e-01  0.00000e+00
 -10192.60  6339.6875  4.55971e-01  4.54637e-01  4.55971e-01  0.00000e+00
 -10164.05  6340.3125  4.71934e-01  4.63218e-01  4.71934e-01  0.00000e+00
 -10135.50  6340.9375  4.96475e-01  5.02103e-01  4.96475e-01  0.00000e+00
 -10106.95  6341.5625  4.97510e-01  5.33512e-01  4.97510e-01  0.00000e+00
 -10078.40  6342.1875  4.59781e-01  4.40465e-01  4.59781e-01  0.00000e+00
 -10049.85  6342.8125  4.40312e-01  4.17233e-01  4.40312e-01  0.00000e+00
 -10021.30  6343.4375  4.69079e-01  4.55753e-01  4.69079e-01  0.00000e+00
  -9992.75  6344.0625  5.06324e-01  5.45349e-01  5.06324e-01  0.00000e+00
  -9964.20  6344.6875  4.94919e-01  5.04426e-01  4.94919e-01  0.00000e+00
  -9935.65  6345.3125  4.57408e-01  4.42338e-01  4.57408e-01  0.00000e+00
  -9907.09  6345.9375  4.46335e-01  4.23914e-01  4.46335e-01  0.00000e+00
  -9878.54  6346.5625  4.69450e-01  4.76919e-01  4.69450e-01  0.00000e+00
  -9849.99  6347.1875  4.92313e-01  4.98291e-01  4.92313e-01  0.00000e+00
  -9821.44  6347.8125  4.91156e-01  5.12739e-01  4.91156e-01  0.00000e+00
  -9792.89  6348.4375  4.74505e-01  4.46268e-01  4.74505e-01  0.00000e+00
  -9764.34  6349.0625  4.84164e-01  4.81071e-01  4.84164e-01  0.00000e+00
  -9735.79  6349.6875  5.12297e-01  5.14171e-01  5.12297e-01  0.00000e+00
  -9707.24  6350.3125  5.23632e-01  5.52672e-01  5.23632e-01  0.00000e+00
  -9678.69  6350.9375  5.05190e-01  4.89158e-01  5.05190e-01  0.00000e+00
  -9650.13  6351.5625  4.96768e-01  4.85953e-01  4.96768e-01  0.00000e+00
  -9621.58  6352.1875  5.05341e-01  5.14681e-01  5.05341e-01  0.00000e+00
  -9593.03  6352.8125  5.01393e-01  5.15807e-01  5.01393e-01  0.00000e+00
  -9564.48  6353.4375  4.98613e-01  4.53689e-01  4.98613e-01  0.00000e+00
  -9535.93  6354.0625  5.19905e-01  5.65016e-01  5.19905e-01  0.00000e+00
  -9507.38  6354.6875  5.17571e-01  5.01124e-01  5.17571e-01  0.00000e+00
  -9478.83  6355.3125  5.06091e-01  5.13704e-01  5.06091e-01  0.00000e+00
  -9450.28  6355.9375  4.86878e-01  5.00353e-01  4.86878e-01  0.00000e+00
  -9421.73  6356.5625  4.81130e-01  4.18695e-01  4.81130e-01  0.00000e+00
  -9393.18  6357.1875  5.04578e-01  5.80194e-01  5.04578e-01  0.00000e+00
  -9364.62  6357.8125  4.72008e-01  4.62387e-01  4.72008e-01  0.00000e+00
  -9336.07  6358.4375  4.39645e-01  3.88789e-01  4.39645e-01  0.00000e+00
  -9307.52  6359.0625  4.82784e-01  4.74058e-01  4.82784e-01  0.00000e+00
  -9278.97  6359.6875  5.52028e-01  5.80499e-01  5.52028e-01  0.00000e+00
  -9250.42  6360.3125  5.92169e-01  5.85150e-01  5.92169e-01  0.00000e+00
  -9221.87  6360.9375  5.87361e-01  6.52427e-01  5.87361e-01  0.00000e+00
  -9193.32  6361.5625  5.41463e-01  4.71296e-01  5.41463e-01  0.00000e+00
  -9164.77  6362.1875  5.42912e-01  5.51449e-01  5.42912e-01  0.00000e+00
  -9136.22  6362.8125  5.40837e-01  5.97489e-01  5.40837e-01  0.00000e+00
  -9107.67  6363.4375  4.95436e-01  4.38653e-01  4.95436e-01  0.00000e+00
  -9079.11  6364.0625  4.99401e-01  4.83272e-01  4.99401e-01  0.00000e+00
  -9050.56  6364.6875  5.35197e-01  5.74956e-01  5.35197e-01  0.00000e+00
  -9022.01  6365.3125  5.57542e-01  5.07768e-01  5.57542e-01  0.00000e+00
  -8993.46  6365.9375  5.81665e-01  6.51085e-01  5.81665e-01  0.00000e+00
  -8964.91  6366.5625  5.63443e-01  5.27319e-01  5.63443e-01  0.00000e+00
  -8936.36  6367.1875  5.45750e-01  5.59104e-01  5.45750e-01  0.00000e+00
  -8907.81  6367.8125  5.45937e-01  5.19586e-01  5.45937e-01  0.00000e+00
  -8879.26  6368.4375  5.73983e-01  5.72455e-01  5.73983e-01  0.00000e+00
  -8850.71  6369.0625  5.93364e-01  6.37586e-01  5.93364e-01  0.00000e+00
  -8822.15  6369.6875  5.65712e-01  5.47304e-01  5.65712e-01  0.00000e+00
  -8793.60  6370.3125  5.19740e-01  5.47948e-01  5.19740e-01  0.00000e+00
  -8765.05  6370.9375  4.67848e-01  4.32924e-01  4.67848e-01  0.00000e+00
  -8736.50  6371.5625  4.60283e-01  4.36340e-01  4.60283e-01  0.00000e+00
  -8707.95  6372.1875  4.93974e-01  5.09549e-01  4.93974e-01  0.00000e+00
  -8679.40  6372.8125  4.99571e-01  5.41089e-01  4.99571e-01  0.00000e+00
  -8650.85  6373.4375  4.82868e-01  4.14567e-01  4.82868e-01  0.00000e+00
  -8622.30  6374.0625  5.33367e-01  5.25764e-01  5.33367e-01  0.00000e+00
  -8593.75  6374.6875  5.83318e-01  6.69098e-01  5.83318e-01  0.00000e+00
  -8565.20  6375.3125  5.47705e-01  5.10876e-01  5.47705e-01  0.00000e+00
  -8536.64  6375.9375  5.08284e-01  5.13330e-01  5.08284e-01  0.00000e+00
  -8508.09  6376.5625  5.12901e-01  4.56149e-01  5.12901e-01  0.00000e+00
  -8479.54  6377.1875  5.37446e-01  6.31588e-01  5.37446e-01  0.00000e+00
  -8450.99  6377.8125  5.22428e-01  4.33927e-01  5.22428e-01  0.00000e+00
  -8422.44  6378.4375  5.38755e-01  5.92001e-01  5.38755e-01  0.00000e+00
  -8393.89  6379.0625  5.47376e-01  5.24761e-01  5.47376e-01  0.00000e+00
  -8365.34  6379.6875  5.41739e-01  5.67866e-01  5.41739e-01  0.00000e+00
  -8336.79  6380.3125  5.26099e-01  5.05204e-01  5.26099e-01  0.00000e+00
  -8308.24  6380.9375  5.29836e-01  5.18378e-01  5.29836e-01  0.00000e+00
  -8279.69  6381.5625  5.52302e-01  5.66498e-01  5.52302e-01  0.00000e+00
  -8251.13  6382.1875  5.68447e-01  5.60212e-01  5.68447e-01  0.00000e+00
  -8222.58  6382.8125  5.84884e-01  5.87869e-01  5.84884e-01  0.00000e+00
  -8194.03  6383.4375  5.89066e-01  6.09001e-01  5.89066e-01  0.00000e+00
  -8165.48  6384.0625  5.54549e-01  5.73721e-01  5.54549e-01  0.00000e+00
  -8136.93  6384.6875  5.02714e-01  4.69351e-01  5.02714e-01  0.00000e+00
  -8108.38  6385.3125  4.87606e-01  4.80162e-01  4.87606e-01  0.00000e+00
  -8079.83  6385.9375  5.02725e-01  5.02943e-01  5.02725e-01  0.00000e+00
  -8051.28  6386.5625  5.32390e-01  5.13676e-01  5.32390e-01  0.00000e+00
  -8022.73  6387.1875  5.49660e-01  6.13493e-01  5.49660e-01  0.00000e+00
  -7994.17  6387.8125  5.19092e-01  4.76937e-01  5.19092e-01  0.00000e+00
  -7965.62  6388.4375  5.14954e-01  5.01048e-01  5.14954e-01  0.00000e+00
  -7937.07  6389.0625  5.47378e-01  5.54532e-01  5.47378e-01  0.00000e+00
  -7908.52  6389.6875  5.58868e-01  5.94140e-01  5.58868e-01  0.00000e+00
  -7879.97  6390.3125  5.23045e-01  5.18468e-01  5.23045e-01  0.00000e+00
  -7851.42  6390.9375  4.90762e-01  4.59601e-01  4.90762e-01  0.00000e+00
  -7822.87  6391.5625  5.01671e-01  4.99347e-01  5.01671e-01  0.00000e+00
  -7794.32  6392.1875  5.09956e-01  5.52987e-01  5.09956e-01  0.00000e+00
  -7765.77  6392.8125  4.88604e-01  4.48046e-01  4.88604e-01  0.00000e+00
  -7737.22  6393.4375  5.05283e-01  4.85227e-01  5.05283e-01  0.00000e+00
  -7708.66  6394.0625  5.32270e-01  5.98610e-01  5.32270e-01  0.00000e+00
  -7680.11  6394.6875  4.98591e-01  4.77586e-01  4.98591e-01  0.00000e+00
  -7651.56  6395.3125  4.81086e-01  4.33918e-01  4.81086e-01  0.00000e+00
  -7623.01  6395.9375  5.20583e-01  5.46542e-01  5.20583e-01  0.00000e+00
  -7594.46  6396.5625  5.42649e-01  5.64562e-01  5.42649e-01  0.00000e+00
  -7565.91  6397.1875  5.39582e-01  5.08019e-01  5.39582e-01  0.00000e+00
  -7537.36  6397.8125  5.51729e-01  5.73586e-01  5.51729e-01  0.00000e+00
  -7508.81  6398.4375  5.59856e-01  5.45906e-01  5.59856e-01  0.00000e+00
  -7480.26  6399.0625  5.48174e-01  5.97140e-01  5.48174e-01  0.00000e+00
  -7451.71  6399.6875  5.35466e-01  4.35771e-01  5.35466e-01  0.00000e+00
  -7423.15  6400.3125  5.58315e-01  6.73753e-01  5.58315e-01  0.00000e+00
  -7394.60  6400.9375  5.19249e-01  4.64911e-01  5.19249e-01  0.00000e+00
  -7366.05  6401.5625  4.90972e-01  4.81859e-01  4.90972e-01  0.00000e+00
  -7337.50  6402.1875  4.94626e-01  5.10727e-01  4.94626e-01  0.00000e+00
  -7308.95  6402.8125  4.93843e-01  4.78076e-01  4.93843e-01  0.00000e+00
  -7280.40  6403.4375  5.01933e-01  5.05194e-01  5.01933e-01  0.00000e+00
  -7251.85  6404.0625  5.05087e-01  5.21865e-01  5.05087e-01  0.00000e+00
  -7223.30  6404.6875  4.94452e-01  4.77519e-01  4.94452e-01  0.00000e+00
  -7194.75  6405.3125  4.90251e-01  4.98850e-01  4.90251e-01  0.00000e+00
  -7166.19  6405.9375  4.75769e-01  4.92226e-01  4.75769e-01  0.00000e+00
  -7137.64  6406.5625  4.62557e-01  4.17169e-01  4.62557e-01  0.00000e+00
  -7109.09  6407.1875  5.03719e-01  4.95401e-01  5.03719e-01  0.00000e+00
  -7080.54  6407.8125  5.62163e-01  5.94559e-01  5.62163e-01  0.00000e+00
  -7051.99  6408.4375  5.63460e-01  5.98661e-01  5.63460e-01  5.17272e-08
  -7023.44  6409.0625  5.16973e-01  4.87226e-01  5.16968e-01  4.96857e-06
  -6994.89  6409.6875  4.98174e-01  4.79712e-01  4.98044e-01  1.29513e-04
  -6966.34  6410.3125  5.06176e-01  5.30929e-01  5.05260e-01  9.16137e-04
  -6937.79  6410.9375  5.00645e-01  4.91336e-01  4.98886e-01  1.75864e-03
  -6909.24  6411.5625  5.17790e-01  4.72797e-01  5.16874e-01  9.16137e-04
  -6880.68  6412.1875  5.53853e-01  6.31116e-01  5.53724e-01  1.29513e-04
  -6852.13  6412.8125  5.30775e-01  5.03076e-01  5.30770e-01  4.96857e-06
  -6823.58  6413.4375  4.93064e-01  5.05098e-01  4.93064e-01  5.17272e-08
  -6795.03  6414.0625  4.72041e-01  4.39247e-01  4.72041e-01  0.00000e+00
  -6766.48  6414.6875  4.66909e-01  5.05487e-01  4.66909e-01  0.00000e+00
  -6737.93  6415.3125  4.62410e-01  4.08306e-01  4.62410e-01  0.00000e+00
  -6709.38  6415.9375  5.03166e-01  5.09335e-01  5.03166e-01  0.00000e+00
  -6680.83  6416.5625  5.51270e-01  5.78337e-01  5.51270e-01  0.00000e+00
  -6652.28  6417.1875  5.69004e-01  5.55176e-01  5.69004e-01  0.00000e+00
  -6623.73  6417.8125  5.73234e-01  5.97132e-01  5.73234e-01  0.00000e+00
  -6595.17  6418.4375  5.42882e-01  5.62007e-01  5.42882e-01  0.00000e+00
  -6566.62  6419.0625  4.98057e-01  4.56033e-01  4.98057e-01  0.00000e+00
  -6538.07  6419.6875  4.88216e-01  5.02369e-01  4.88216e-01  0.00000e+00
  -6509.52  6420.3125  4.83081e-01  4.85936e-01  4.83081e-01  5.40887e-08
  -6480.97  6420.9375  4.75570e-01  4.62243e-01  4.75565e-01  5.19541e-06
  -6452.42  6421.5625  4.93078e-01  4.76866e-01  4.92943e-01  1.35425e-04
  -6423.87  6422.1875  5.31513e-01  5.44061e-01  5.30555e-01  9.57962e-04
  -6395.32  6422.8125  5.40978e-01  5.77244e-01  5.39139e-01  1.83893e-03
  -6366.77  6423.4375  4.90785e-01  5.01109e-01  4.89828e-01  9.57962e-04
  -6338.21  6424.0625  4.44118e-01  3.78187e-01  4.43983e-01  1.35425e-04
  -6309.66  6424.6875  4.72527e-01  4.81137e-01  4.72522e-01  5.21772e-06
  -6281.11  6425.3125  5.21676e-01  5.32885e-01  5.21673e-01  2.24270e-06
  -6252.56  6425.9375  5.39139e-01  5.61536e-01  5.39078e-01  6.02852e-05
  -6224.01  6426.5625  5.21992e-01  5.20274e-01  5.21478e-01  5.14677e-04
  -6195.46  6427.1875  5.17783e-01  4.74997e-01  5.16065e-01  1.71775e-03
  -6166.91  6427.8125  5.45426e-01  5.88124e-01  5.42346e-01  3.07976e-03
  -6138.36  6428.4375  5.50388e-01  5.38632e-01  5.47048e-01  3.34047e-03
  -6109.81  6429.0625  5.64437e-01  5.32645e-01  5.62474e-01  1.96290e-03
  -6081.26  6429.6875  6.01393e-01  6.43225e-01  6.00810e-01  5.82545e-04
  -6052.70  6430.3125  6.06783e-01  6.00053e-01  6.06516e-01  2.67370e-04
  -6024.15  6430.9375  6.02988e-01  5.91510e-01  6.02547e-01  4.41029e-04
  -5995.60  6431.5625  6.01454e-01  6.26127e-01  6.00789e-01  6.64159e-04
  -5967.05  6432.1875  5.64841e-01  5.83795e-01  5.62957e-01  1.88450e-03
  -5938.50  6432.8125  5.27721e-01  4.62948e-01  5.24217e-01  3.50419e-03
  -5909.95  6433.4375  5.60800e-01  5.62969e-01  5.57573e-01  3.22609e-03
  -5881.40  6434.0625  5.85523e-01  6.62202e-01  5.83369e-01  2.15359e-03
  -5852.85  6434.6875  5.48384e-01  4.80132e-01  5.46005e-01  2.37877e-03
  -5824.30  6435.3125  5.26394e-01  5.76884e-01  5.24562e-01  1.83195e-03
  -5795.75  6435.9375  5.01001e-01  4.58498e-01  5.00038e-01  9.62629e-04
  -5767.19  6436.5625  4.93268e-01  5.13495e-01  4.91681e-01  1.58716e-03
  -5738.64  6437.1875  5.07647e-01  4.64511e-01  5.04839e-01  2.80808e-03
  -5710.09  6437.8125  5.48414e-01  5.81734e-01  5.45976e-01  2.43811e-03
  -5681.54  6438.4375  5.67060e-01  5.72567e-01  5.65084e-01  1.97644e-03
  -5652.99  6439.0625  5.61104e-01  5.55920e-01  5.58979e-01  2.12532e-03
  -5624.44  6439.6875  5.33054e-01  5.77703e-01  5.29999e-01  3.05461e-03
  -5595.89  6440.3125  4.96672e-01  4.16756e-01  4.92566e-01  4.10543e-03
  -5567.34  6440.9375  5.33058e-01  5.43239e-01  5.26223e-01  6.83475e-03
  -5538.79  6441.5625  5.85524e-01  6.12735e-01  5.79426e-01  6.09752e-03
  -5510.24  6442.1875  5.85888e-01  6.08903e-01  5.83169e-01  2.71821e-03
  -5481.68  6442.8125  5.65707e-01  5.17565e-01  5.62495e-01  3.21259e-03
  -5453.13  6443.4375  5.60791e-01  6.19717e-01  5.54645e-01  6.14527e-03
  -5424.58  6444.0625  5.34279e-01  4.86651e-01  5.28169e-01  6.11006e-03
  -5396.03  6444.6875  5.29197e-01  5.41537e-01  5.22987e-01  6.20950e-03
  -5367.48  6445.3125  5.28435e-01  5.40896e-01  5.20251e-01  8.18367e-03
  -5338.93  6445.9375  5.29435e-01  4.87133e-01  5.20280e-01  9.15433e-03
  -5310.38  6446.5625  5.49960e-01  5.96517e-01  5.44609e-01  5.35108e-03
  -5281.83  6447.1875  5.27109e-01  5.41500e-01  5.21904e-01  5.20490e-03
  -5253.28  6447.8125  4.98443e-01  4.31205e-01  4.88731e-01  9.71273e-03
  -5224.72  6448.4375  5.36160e-01  5.55645e-01  5.26032e-01  1.01286e-02
  -5196.17  6449.0625  5.66403e-01  6.03340e-01  5.57955e-01  8.44823e-03
  -5167.62  6449.6875  5.47454e-01  5.31603e-01  5.39081e-01  8.37307e-03
  -5139.07  6450.3125  5.28481e-01  5.24847e-01  5.20191e-01  8.29049e-03
  -5110.52  6450.9375  5.22995e-01  5.25467e-01  5.16335e-01  6.65960e-03
  -5081.97  6451.5625  5.40989e-01  4.96374e-01  5.32469e-01  8.52013e-03
  -5053.42  6452.1875  5.63114e-01  6.55055e-01  5.48246e-01  1.48684e-02
  -5024.87  6452.8125  5.23611e-01  4.67701e-01  5.01833e-01  2.17776e-02
  -4996.32  6453.4375  5.09755e-01  5.02170e-01  4.87088e-01  2.26662e-02
  -4967.77  6454.0625  5.45283e-01  5.27292e-01  5.22540e-01  2.27428e-02
  -4939.21  6454.6875  5.66105e-01  6.42335e-01  5.48384e-01  1.77211e-02
  -4910.66  6455.3125  5.16828e-01  4.85238e-01  5.03482e-01  1.33454e-02
  -4882.11  6455.9375  4.89635e-01  4.45959e-01  4.74263e-01  1.53722e-02
  -4853.56  6456.5625  5.15494e-01  5.48149e-01  5.00652e-01  1.48419e-02
  -4825.01  6457.1875  4.92602e-01  5.51676e-01  4.79049e-01  1.35534e-02
  -4796.46  6457.8125  4.27723e-01  3.35734e-01  4.13314e-01  1.44089e-02
  -4767.91  6458.4375  4.42276e-01  4.54344e-01  4.27603e-01  1.46725e-02
  -4739.36  6459.0625  5.05942e-01  4.82749e-01  4.90751e-01  1.51908e-02
  -4710.81  6459.6875  5.44445e-01  6.31171e-01  5.27878e-01  1.65667e-02
  -4682.26  6460.3125  4.96158e-01  4.71795e-01  4.76991e-01  1.91666e-02
  -4653.70  6460.9375  4.44173e-01  4.19760e-01  4.25030e-01  1.91423e-02
  -4625.15  6461.5625  4.49403e-01  4.26774e-01  4.30551e-01  1.88522e-02
  -4596.60  6462.1875  4.79758e-01  5.13232e-01  4.59264e-01  2.04933e-02
  -4568.05  6462.8125  4.73884e-01  4.87115e-01  4.55276e-01  1.86080e-02
  -4539.50  6463.4375  4.66047e-01  4.05656e-01  4.49628e-01  1.64198e-02
  -4510.95  6464.0625  5.05288e-01  5.45704e-01  4.83802e-01  2.14861e-02
  -4482.40  6464.6875  5.29570e-01  5.25207e-01  5.02743e-01  2.68276e-02
  -4453.85  6465.3125  5.37297e-01  5.36484e-01  5.10761e-01  2.65364e-02
  -4425.30  6465.9375  5.42442e-01  5.51303e-01  5.16560e-01  2.58827e-02
  -4396.74  6466.5625  5.44879e-01  5.30319e-01  5.18626e-01  2.62528e-02
  -4368.19  6467.1875  5.51516e-01  5.66795e-01  5.22385e-01  2.91304e-02
  -4339.64  6467.8125  5.37056e-01  5.53725e-01  5.02952e-01  3.41033e-02
  -4311.09  6468.4375  5.08199e-01  4.81021e-01  4.71069e-01  3.71301e-02
  -4282.54  6469.0625  5.04784e-01  5.03000e-01  4.66779e-01  3.80047e-02
  -4253.99  6469.6875  5.01052e-01  5.35699e-01  4.68316e-01  3.27358e-02
  -4225.44  6470.3125  4.94944e-01  4.24429e-01  4.67437e-01  2.75068e-02
  -4196.89  6470.9375  5.42195e-01  5.72795e-01  5.12394e-01  2.98012e-02
  -4168.34  6471.5625  5.74000e-01  6.04988e-01  5.39641e-01  3.43588e-02
  -4139.79  6472.1875  5.88183e-01  5.16799e-01  5.50000e-01  3.81829e-02
  -4111.23  6472.8125  6.18535e-01  7.18880e-01  5.79584e-01  3.89506e-02
  -4082.68  6473.4375  5.91002e-01  5.36471e-01  5.57323e-01  3.36789e-02
  -4054.13  6474.0625  5.85444e-01  5.70426e-01  5.50241e-01  3.52027e-02
  -4025.58  6474.6875  6.02561e-01  6.46781e-01  5.64120e-01  3.84405e-02
  -3997.03  6475.3125  5.71392e-01  5.74853e-01  5.32107e-01  3.92859e-02
  -3968.48  6475.9375  5.39302e-01  4.87723e-01  4.93211e-01  4.60910e-02
  -3939.93  6476.5625  5.53154e-01  5.86206e-01  4.96945e-01  5.62091e-02
  -3911.38  6477.1875  5.67075e-01  5.45710e-01  4.96963e-01  7.01127e-02
  -3882.83  6477.8125  5.89874e-01  5.91844e-01  5.12899e-01  7.69749e-02
  -3854.28  6478.4375  6.18712e-01  6.22391e-01  5.45121e-01  7.35909e-02
  -3825.72  6479.0625  6.25005e-01  6.52957e-01  5.53650e-01  7.13546e-02
  -3797.17  6479.6875  5.88947e-01  5.94795e-01  5.18172e-01  7.07751e-02
  -3768.62  6480.3125  5.44476e-01  5.17524e-01  4.71272e-01  7.32037e-02
  -3740.07  6480.9375  5.34718e-01  5.30248e-01  4.57449e-01  7.72686e-02
  -3711.52  6481.5625  5.56382e-01  5.41543e-01  4.75524e-01  8.08580e-02
  -3682.97  6482.1875  6.01738e-01  5.98473e-01  5.28522e-01  7.32161e-02
  -3654.42  6482.8125  6.32830e-01  6.81418e-01  5.61674e-01  7.11565e-02
  -3625.87  6483.4375  6.32333e-01  5.79721e-01  5.48720e-01  8.36132e-02
  -3597.32  6484.0625  6.48548e-01  6.85962e-01  5.54885e-01  9.36636e-02
  -3568.76  6484.6875  6.22571e-01  6.62637e-01  5.24534e-01  9.80368e-02
  -3540.21  6485.3125  5.58798e-01  5.01620e-01  4.49523e-01  1.09275e-01
  -3511.66  6485.9375  5.82226e-01  5.22678e-01  4.56640e-01  1.25586e-01
  -3483.11  6486.5625  7.20696e-01  7.13638e-01  5.23422e-01  1.97274e-01
  -3454.56  6487.1875  8.62030e-01  9.33677e-01  5.33513e-01  3.28517e-01
  -3426.01  6487.8125  9.03376e-01  9.28434e-01  4.66628e-01  4.36747e-01
  -3397.46  6488.4375  9.52961e-01  8.09017e-01  4.40053e-01  5.12907e-01
  -3368.91  6489.0625  1.12623e+00  1.20452e+00  4.85897e-01  6.40328e-01
  -3340.36  6489.6875  1.22010e+00  1.32398e+00  4.74873e-01  7.45231e-01
  -3311.81  6490.3125  1.16799e+00  1.11524e+00  4.22984e-01  7.45004e-01
  -3283.25  6490.9375  1.17530e+00  1.07717e+00  4.61446e-01  7.13859e-01
  -3254.70  6491.5625  1.25403e+00  1.39919e+00  4.96307e-01  7.57728e-01
  -3226.15  6492.1875  1.20085e+00  1.20554e+00  4.15291e-01  7.85557e-01
  -3197.60  6492.8125  1.10405e+00  1.01605e+00  3.38761e-01  7.65294e-01
  -3169.05  6493.4375  1.02068e+00  1.18718e+00  3.13580e-01  7.07095e-01
  -3140.50  6494.0625  8.56446e-01  7.11222e-01  2.46418e-01  6.10029e-01
  -3111.95  6494.6875  7.84385e-01  7.91602e-01  1.93499e-01  5.90886e-01
  -3083.40  6495.3125  7.95883e-01  7.73946e-01  1.69983e-01  6.25900e-01
  -3054.85  6495.9375  7.91446e-01  8.70302e-01  1.52258e-01  6.39187e-01
  -3026.30  6496.5625  7.34525e-01  6.70962e-01  1.53535e-01  5.80990e-01
  -2997.74  6497.1875  7.39352e-01  6.96922e-01  1.76285e-01  5.63066e-01
  -2969.19  6497.8125  7.97716e-01  8.57744e-01  1.78950e-01  6.18766e-01
  -2940.64  6498.4375  7.60956e-01  8.36795e-01  1.40266e-01  6.20691e-01
  -2912.09  6499.0625  6.43646e-01  5.50384e-01  1.00579e-01  5.43067e-01
  -2883.54  6499.6875  5.89474e-01  6.11184e-01  9.40436e-02  4.95430e-01
  -2854.99  6500.3125  5.58842e-01  5.62478e-01  8.26327e-02  4.76209e-01
  -2826.44  6500.9375  5.22612e-01  5.08047e-01  6.77446e-02  4.54868e-01
  -2797.89  6501.5625  5.07368e-01  4.97242e-01  6.08997e-02  4.46468e-01
  -2769.34  6502.1875  4.94557e-01  5.32942e-01  4.72847e-02  4.47272e-01
  -2740.78  6502.8125  4.94908e-01  3.94911e-01  4.62901e-02  4.48618e-01
  -2712.23  6503.4375  5.50716e-01  6.41019e-01  6.77740e-02  4.82942e-01
  -2683.68  6504.0625  5.40769e-01  5.48276e-01  8.21504e-02  4.58618e-01
  -2655.13  6504.6875  4.71813e-01  4.70416e-01  7.82636e-02  3.93550e-01
  -2626.58  6505.3125  4.27733e-01  3.76835e-01  7.27690e-02  3.54964e-01
  -2598.03  6505.9375  4.50832e-01  4.54720e-01  7.82818e-02  3.72550e-01
  -2569.48  6506.5625  5.08611e-01  4.89907e-01  8.59770e-02  4.22634e-01
  -2540.93  6507.1875  5.48756e-01  6.20293e-01  1.05055e-01  4.43701e-01
  -2512.38  6507.8125  5.31075e-01  4.85710e-01  8.87748e-02  4.42301e-01
  -2483.83  6508.4375  5.12660e-01  5.42935e-01  4.14620e-02  4.71198e-01
  -2455.27  6509.0625  4.79514e-01  4.80850e-01  1.98906e-02  4.59624e-01
  -2426.72  6509.6875  4.51149e-01  4.11695e-01  2.70341e-02  4.24115e-01
  -2398.17  6510.3125  4.62003e-01  4.81265e-01  3.75220e-02  4.24481e-01
  -2369.62  6510.9375  4.76539e-01  4.69623e-01  2.65584e-02  4.49980e-01
  -2341.07  6511.5625  5.08249e-01  4.74602e-01  2.42016e-02  4.84047e-01
  -2312.52  6512.1875  5.52471e-01  6.13649e-01  3.55053e-02  5.16965e-01
  -2283.97  6512.8125  5.53658e-01  5.20366e-01  3.79876e-02  5.15671e-01
  -2255.42  6513.4375  5.28459e-01  5.91251e-01  3.68413e-02  4.91617e-01
  -2226.87  6514.0625  4.96611e-01  3.96720e-01  3.33150e-02  4.63296e-01
  -2198.32  6514.6875  5.28413e-01  5.80509e-01  3.19867e-02  4.96426e-01
  -2169.76  6515.3125  5.30117e-01  5.64043e-01  1.52304e-02  5.14886e-01
  -2141.21  6515.9375  4.87395e-01  4.39677e-01  7.73531e-03  4.79660e-01
  -2112.66  6516.5625  4.85770e-01  4.83762e-01  2.16556e-02  4.64114e-01
  -2084.11  6517.1875  4.93393e-01  5.31181e-01  3.75615e-02  4.55832e-01
  -2055.56  6517.8125  4.83898e-01  4.35167e-01  3.69616e-02  4.46936e-01
  -2027.01  6518.4375  5.33716e-01  5.05060e-01  3.12712e-02  5.02444e-01
  -1998.46  6519.0625  6.44931e-01  6.51803e-01  2.91239e-02  6.15807e-01
  -1969.91  6519.6875  7.44975e-01  7.78617e-01  3.69325e-02  7.08043e-01
  -1941.36  6520.3125  7.85703e-01  8.04450e-01  3.51546e-02  7.50549e-01
  -1912.80  6520.9375  7.86082e-01  7.76611e-01  2.68442e-02  7.59238e-01
  -1884.25  6521.5625  7.83003e-01  7.91519e-01  3.54803e-02  7.47523e-01
  -1855.70  6522.1875  7.99764e-01  7.55257e-01  4.55386e-02  7.54225e-01
  -1827.15  6522.8125  8.52651e-01  8.83584e-01  3.76034e-02  8.15047e-01
  -1798.60  6523.4375  8.93620e-01  8.87007e-01  2.79782e-02  8.65641e-01
  -1770.05  6524.0625  9.02882e-01  9.42656e-01  3.41684e-02  8.68713e-01
  -1741.50  6524.6875  8.81392e-01  8.50933e-01  3.20220e-02  8.49370e-01
  -1712.95  6525.3125  8.92580e-01  8.65045e-01  3.26355e-02  8.59944e-01
  -1684.40  6525.9375  9.41621e-01  9.68033e-01  3.91000e-02  9.02521e-01
  -1655.85  6526.5625  9.71357e-01  9.73863e-01  5.51431e-02  9.16214e-01
  -1627.29  6527.1875  9.76866e-01  9.86309e-01  5.08305e-02  9.26035e-01
  -1598.74  6527.8125  9.66392e-01  9.66431e-01  3.14957e-02  9.34896e-01
  -1570.19  6528.4375  9.41508e-01  9.61971e-01  2.30496e-02  9.18459e-01
  -1541.64  6529.0625  9.52813e-01  8.42008e-01  1.82060e-02  9.34607e-01
  -1513.09  6529.6875  1.04076e+00  1.14153e+00  2.30562e-02  1.01771e+00
  -1484.54  6530.3125  1.10015e+00  1.03288e+00  4.34266e-02  1.05673e+00
  -1455.99  6530.9375  1.17143e+00  1.20990e+00  5.69361e-02  1.11449e+00
  -1427.44  6531.5625  1.29018e+00  1.19287e+00  6.50025e-02  1.22518e+00
  -1398.89  6532.1875  1.55485e+00  1.48716e+00  7.19409e-02  1.48291e+00
  -1370.34  6532.8125  1.88561e+00  2.01751e+00  5.74405e-02  1.82817e+00
  -1341.78  6533.4375  2.04973e+00  2.10731e+00  2.87971e-02  2.02093e+00
  -1313.23  6534.0625  2.06266e+00  2.05821e+00  1.92743e-02  2.04338e+00
  -1284.68  6534.6875  2.06083e+00  2.02923e+00  1.89571e-02  2.04188e+00
  -1256.13  6535.3125  2.09363e+00  2.10894e+00  2.38847e-02  2.06974e+00
  -1227.58  6535.9375  2.13750e+00  2.11852e+00  2.41583e-02  2.11334e+00
  -1199.03  6536.5625  2.20737e+00  2.19133e+00  3.26113e-02  2.17476e+00
  -1170.48  6537.1875  2.29016e+00  2.31890e+00  3.72469e-02  2.25291e+00
  -1141.93  6537.8125  2.31304e+00  2.36992e+00  5.08740e-02  2.26216e+00
  -1113.38  6538.4375  2.29181e+00  2.21124e+00  6.97133e-02  2.22210e+00
  -1084.83  6539.0625  2.33625e+00  2.34354e+00  6.99074e-02  2.26635e+00
  -1056.27  6539.6875  2.38314e+00  2.44277e+00  6.00547e-02  2.32309e+00
  -1027.72  6540.3125  2.37688e+00  2.33400e+00  5.36478e-02  2.32323e+00
   -999.17  6540.9375  2.42777e+00  2.36501e+00  5.88487e-02  2.36892e+00
   -970.62  6541.5625  2.55203e+00  2.60534e+00  9.19964e-02  2.46003e+00
   -942.07  6542.1875  2.60348e+00  2.67130e+00  1.12758e-01  2.49072e+00
   -913.52  6542.8125  2.54471e+00  2.53587e+00  9.24123e-02  2.45230e+00
   -884.97  6543.4375  2.54341e+00  2.38840e+00  7.15672e-02  2.47185e+00
   -856.42  6544.0625  2.66555e+00  2.81892e+00  6.71662e-02  2.59838e+00
   -827.87  6544.6875  2.81328e+00  2.60219e+00  6.43371e-02  2.74894e+00
   -799.31  6545.3125  3.27920e+00  3.05862e+00  9.39325e-02  3.18527e+00
   -770.76  6545.9375  3.98056e+00  4.27586e+00  1.42364e-01  3.83819e+00
   -742.21  6546.5625  4.38083e+00  4.46118e+00  1.50753e-01  4.23008e+00
   -713.66  6547.1875  4.51552e+00  4.49058e+00  1.48341e-01  4.36718e+00
   -685.11  6547.8125  4.60264e+00  4.63543e+00  1.27727e-01  4.47491e+00
   -656.56  6548.4375  4.62750e+00  4.68710e+00  1.26219e-01  4.50128e+00
   -628.01  6549.0625  4.62873e+00  4.49901e+00  1.54062e-01  4.47467e+00
   -599.46  6549.6875  4.70164e+00  4.81302e+00  2.17976e-01  4.48367e+00
   -570.91  6550.3125  4.75356e+00  4.66065e+00  2.27510e-01  4.52605e+00
   -542.36  6550.9375  4.76761e+00  4.93444e+00  2.28222e-01  4.53939e+00
   -513.80  6551.5625  4.66338e+00  4.57997e+00  2.16778e-01  4.44660e+00
   -485.25  6552.1875  4.60099e+00  4.55642e+00  1.78444e-01  4.42254e+00
   -456.70  6552.8125  4.67565e+00  4.62601e+00  1.64373e-01  4.51128e+00
   -428.15  6553.4375  4.88680e+00  4.81663e+00  1.44715e-01  4.74209e+00
   -399.60  6554.0625  5.17522e+00  5.25330e+00  1.55135e-01  5.02009e+00
   -371.05  6554.6875  5.39370e+00  5.40789e+00  2.11133e-01  5.18257e+00
   -342.50  6555.3125  5.52132e+00  5.56240e+00  2.45626e-01  5.27569e+00
   -313.95  6555.9375  5.57433e+00  5.60614e+00  2.35257e-01  5.33907e+00
   -285.40  6556.5625  5.71396e+00  5.42460e+00  2.74853e-01  5.43911e+00
   -256.85  6557.1875  5.72756e+00  6.47336e+00  2.96783e-01  5.43077e+00
   -228.29  6557.8125  4.35088e+00  5.40911e+00  2.22817e-01  4.12806e+00
   -199.74  6558.4375  2.52172e+00  2.31875e-01  1.81450e-01  2.34027e+00
   -171.19  6559.0625  3.29035e+00  2.90939e+00  3.49454e-01  2.94089e+00
   -142.64  6559.6875  5.48580e+00  6.20905e+00  5.74270e-01  4.91153e+00
   -114.09  6560.3125  7.11908e+00  7.02700e+00  7.54609e-01  6.36447e+00
    -85.54  6560.9375  9.59923e+00  7.97632e+00  1.07734e+00  8.52189e+00
    -56.99  6561.5625  1.71663e+01  1.21672e+01  1.81292e+00  1.53534e+01
    -28.44  6562.1875  2.95219e+01  3.41565e+01  2.96485e+00  2.65571e+01
      0.11  6562.8125  3.75619e+01  3.95313e+01  3.69716e+00  3.38648e+01
     28.67  6563.4375  3.98880e+01  4.05474e+01  3.98645e+00  3.59015e+01
     57.22  6564.0625  3.93467e+01  4.03420e+01  3.95919e+00  3.53875e+01
     85.77  6564.6875  3.64977e+01  3.73644e+01  3.50239e+00  3.29953e+01
    114.32  6565.3125  3.18871e+01  3.18822e+01  2.83258e+00  2.90546e+01
    142.87  6565.9375  2.69689e+01  2.65558e+01  2.37588e+00  2.45930e+01
    171.42  6566.5625  2.24904e+01  2.26846e+01  2.25640e+00  2.02340e+01
    199.97  6567.1875  1.85597e+01  1.76519e+01  2.03981e+00  1.65199e+01
    228.52  6567.8125  1.58133e+01  1.56941e+01  1.84679e+00  1.39665e+01
    257.07  6568.4375  1.38675e+01  1.37096e+01  1.57496e+00  1.22925e+01
    285.62  6569.0625  1.22887e+01  1.22098e+01  1.38053e+00  1.09082e+01
    314.18  6569.6875  1.10390e+01  1.08351e+01  1.31243e+00  9.72659e+00
    342.73  6570.3125  1.01514e+01  1.00842e+01  1.27949e+00  8.87193e+00
    371.28  6570.9375  9.41909e+00  9.52683e+00  1.23347e+00  8.18561e+00
    399.83  6571.5625  8.68175e+00  8.52962e+00  1.12638e+00  7.55536e+00
    428.38  6572.1875  8.07621e+00  8.09274e+00  1.08489e+00  6.99133e+00
    456.93  6572.8125  7.57991e+00  7.50754e+00  1.04099e+00  6.53892e+00
    485.48  6573.4375  7.14938e+00  7.19144e+00  9.47203e-01  6.20218e+00
    514.03  6574.0625  6.70372e+00  6.71150e+00  8.94599e-01  5.80912e+00
    542.58  6574.6875  6.27466e+00  6.19138e+00  9.12963e-01  5.36170e+00
    571.13  6575.3125  5.94967e+00  5.95603e+00  9.07737e-01  5.04193e+00
    599.69  6575.9375  5.71942e+00  5.62985e+00  8.16813e-01  4.90260e+00
    628.24  6576.5625  5.57485e+00  5.62557e+00  8.12225e-01  4.76263e+00
    656.79  6577.1875  5.39292e+00  5.44096e+00  8.49212e-01  4.54371e+00
    685.34  6577.8125  5.21611e+00  5.05090e+00  8.56711e-01  4.35940e+00
    713.89  6578.4375  5.16398e+00  5.26689e+00  8.81623e-01  4.28236e+00
    742.44  6579.0625  5.03834e+00  5.10362e+00  9.06245e-01  4.13210e+00
    770.99  6579.6875  4.84524e+00  4.71097e+00  8.58315e-01  3.98693e+00
    799.54  6580.3125  4.70187e+00  4.84669e+00  8.06941e-01  3.89493e+00
    828.09  6580.9375  4.48231e+00  4.42487e+00  7.56528e-01  3.72578e+00
    856.65  6581.5625  4.30783e+00  4.22366e+00  7.77821e-01  3.53001e+00
    885.20  6582.1875  4.28142e+00  4.26575e+00  8.39930e-01  3.44149e+00
    913.75  6582.8125  4.26806e+00  4.37459e+00  8.29538e-01  3.43852e+00
    942.30  6583.4375  4.18286e+00  4.08113e+00  8.32919e-01  3.34994e+00
    970.85  6584.0625  4.10917e+00  4.21146e+00  8.59221e-01  3.24995e+00
    999.40  6584.6875  3.99400e+00  3.93133e+00  8.12362e-01  3.18164e+00
   1027.95  6585.3125  3.88488e+00  3.91912e+00  7.75329e-01  3.10955e+00
   1056.50  6585.9375  3.79705e+00  3.74348e+00  7.53338e-01  3.04371e+00
   1085.05  6586.5625  3.75804e+00  3.76199e+00  7.86039e-01  2.97200e+00
   1113.60  6587.1875  3.71314e+00  3.76680e+00  7.92798e-01  2.92034e+00
   1142.16  6587.8125  3.61171e+00  3.58762e+00  7.34811e-01  2.87690e+00
   1170.71  6588.4375  3.53058e+00  3.49646e+00  7.04544e-01  2.82603e+00
   1199.26  6589.0625  3.51368e+00  3.50485e+00  7.03457e-01  2.81022e+00
   1227.81  6589.6875  3.52745e+00  3.52419e+00  7.02377e-01  2.82508e+00
   1256.36  6590.3125  3.47501e+00  3.60995e+00  7.30364e-01  2.74465e+00
   1284.91  6590.9375  3.33560e+00  3.18453e+00  7.29415e-01  2.60619e+00
   1313.46  6591.5625  3.30377e+00  3.32454e+00  7.45682e-01  2.55809e+00
   1342.01  6592.1875  3.33409e+00  3.32785e+00  7.56586e-01  2.57751e+00
   1370.56  6592.8125  3.34345e+00  3.38039e+00  7.47002e-01  2.59645e+00
   1399.11  6593.4375  3.31836e+00  3.29976e+00  7.61453e-01  2.55690e+00
   1427.67  6594.0625  3.30266e+00  3.28531e+00  8.13868e-01  2.48879e+00
   1456.22  6594.6875  3.25422e+00  3.36719e+00  8.21172e-01  2.43305e+00
   1484.77  6595.3125  3.11562e+00  3.03501e+00  7.45286e-01  2.37034e+00
   1513.32  6595.9375  3.02623e+00  3.01031e+00  7.16767e-01  2.30946e+00
   1541.87  6596.5625  3.00429e+00  3.00375e+00  7.32355e-01  2.27194e+00
   1570.42  6597.1875  3.00374e+00  2.98764e+00  7.11753e-01  2.29198e+00
   1598.97  6597.8125  2.99500e+00  3.04524e+00  6.71111e-01  2.32389e+00
   1627.52  6598.4375  2.93506e+00  2.92704e+00  6.65966e-01  2.26909e+00
   1656.07  6599.0625  2.87680e+00  2.84072e+00  6.84978e-01  2.19182e+00
   1684.63  6599.6875  2.85363e+00  2.88153e+00  6.75342e-01  2.17828e+00
   1713.18  6600.3125  2.82795e+00  2.80786e+00  6.62619e-01  2.16533e+00
   1741.73  6600.9375  2.81524e+00  2.80961e+00  6.81474e-01  2.13377e+00
   1770.28  6601.5625  2.79845e+00  2.83942e+00  6.79394e-01  2.11906e+00
   1798.83  6602.1875  2.76948e+00  2.70611e+00  6.85498e-01  2.08398e+00
   1827.38  6602.8125  2.79662e+00  2.80133e+00  7.23436e-01  2.07318e+00
   1855.93  6603.4375  2.83284e+00  2.86520e+00  7.63816e-01  2.06903e+00
   1884.48  6604.0625  2.78550e+00  2.85111e+00  7.48649e-01  2.03685e+00
   1913.03  6604.6875  2.64014e+00  2.62912e+00  6.97240e-01  1.94290e+00
   1941.58  6605.3125  2.51761e+00  2.43385e+00  6.67298e-01  1.85031e+00
   1970.14  6605.9375  2.47488e+00  2.53433e+00  6.17103e-01  1.85778e+00
   1998.69  6606.5625  2.40104e+00  2.41181e+00  5.77857e-01  1.82318e+00
   2027.24  6607.1875  2.34136e+00  2.23683e+00  5.79792e-01  1.76157e+00
   2055.79  6607.8125  2.38444e+00  2.43045e+00  6.08336e-01  1.77611e+00
   2084.34  6608.4375  2.42223e+00  2.43200e+00  6.22208e-01  1.80002e+00
   2112.89  6609.0625  2.40386e+00  2.43708e+00  6.11608e-01  1.79226e+00
   2141.44  6609.6875  2.35976e+00  2.31409e+00  6.00249e-01  1.75951e+00
   2169.99  6610.3125  2.32913e+00  2.37420e+00  6.11050e-01  1.71808e+00
   2198.54  6610.9375  2.26967e+00  2.26246e+00  5.96919e-01  1.67276e+00
   2227.09  6611.5625  2.20179e+00  2.19041e+00  5.64454e-01  1.63733e+00
   2255.65  6612.1875  2.16584e+00  2.14164e+00  5.59470e-01  1.60637e+00
   2284.20  6612.8125  2.15724e+00  2.17867e+00  5.79255e-01  1.57798e+00
   2312.75  6613.4375  2.14677e+00  2.12527e+00  6.02097e-01  1.54467e+00
   2341.30  6614.0625  2.13198e+00  2.16938e+00  6.11196e-01  1.52079e+00
   2369.85  6614.6875  2.11056e+00  2.05588e+00  6.12281e-01  1.49828e+00
   2398.40  6615.3125  2.10144e+00  2.16712e+00  6.36417e-01  1.46502e+00
   2426.95  6615.9375  2.05930e+00  2.02310e+00  6.49559e-01  1.40974e+00
   2455.50  6616.5625  2.03816e+00  2.01775e+00  6.60211e-01  1.37794e+00
   2484.05  6617.1875  2.03269e+00  2.08480e+00  6.37191e-01  1.39549e+00
   2512.61  6617.8125  1.98013e+00  1.96730e+00  6.01218e-01  1.37891e+00
   2541.16  6618.4375  1.93320e+00  1.90151e+00  5.98926e-01  1.33428e+00
   2569.71  6619.0625  1.94039e+00  1.93060e+00  6.36289e-01  1.30410e+00
   2598.26  6619.6875  1.97030e+00  1.98264e+00  6.67989e-01  1.30231e+00
   2626.81  6620.3125  1.94637e+00  2.02319e+00  6.19389e-01  1.32698e+00
   2655.36  6620.9375  1.85902e+00  1.78439e+00  5.58715e-01  1.30031e+00
   2683.91  6621.5625  1.84169e+00  1.81071e+00  5.77957e-01  1.26373e+00
   2712.46  6622.1875  1.87758e+00  1.92518e+00  6.29846e-01  1.24773e+00
   2741.01  6622.8125  1.83614e+00  1.89703e+00  6.16047e-01  1.22009e+00
   2769.56  6623.4375  1.72571e+00  1.66380e+00  5.68132e-01  1.15757e+00
   2798.12  6624.0625  1.70324e+00  1.62473e+00  5.77223e-01  1.12601e+00
   2826.67  6624.6875  1.75196e+00  1.86748e+00  5.97290e-01  1.15467e+00
   2855.22  6625.3125  1.71433e+00  1.68694e+00  5.74455e-01  1.13987e+00
   2883.77  6625.9375  1.66726e+00  1.62690e+00  5.54262e-01  1.11300e+00
   2912.32  6626.5625  1.64422e+00  1.72127e+00  5.39285e-01  1.10493e+00
   2940.87  6627.1875  1.61546e+00  1.49250e+00  5.46012e-01  1.06945e+00
   2969.42  6627.8125  1.64668e+00  1.74333e+00  5.78824e-01  1.06786e+00
   2997.97  6628.4375  1.62295e+00  1.62095e+00  5.73366e-01  1.04958e+00
   3026.52  6629.0625  1.56214e+00  1.53756e+00  5.68396e-01  9.93743e-01
   3055.07  6629.6875  1.52485e+00  1.53362e+00  5.57774e-01  9.67080e-01
   3083.63  6630.3125  1.46600e+00  1.51334e+00  5.43373e-01  9.22626e-01
   3112.18  6630.9375  1.40627e+00  1.29480e+00  5.35599e-01  8.70671e-01
   3140.73  6631.5625  1.45072e+00  1.47564e+00  5.71637e-01  8.79079e-01
   3169.28  6632.1875  1.51713e+00  1.53331e+00  5.96678e-01  9.20456e-01
   3197.83  6632.8125  1.53159e+00  1.56369e+00  5.92943e-01  9.38643e-01
   3226.38  6633.4375  1.49970e+00  1.48542e+00  5.68818e-01  9.30883e-01
   3254.93  6634.0625  1.44820e+00  1.48271e+00  5.53741e-01  8.94457e-01
   3283.48  6634.6875  1.39860e+00  1.33146e+00  5.44944e-01  8.53659e-01
   3312.03  6635.3125  1.41031e+00  1.42355e+00  5.70388e-01  8.39923e-01
   3340.58  6635.9375  1.44151e+00  1.44227e+00  5.95008e-01  8.46499e-01
   3369.14  6636.5625  1.43269e+00  1.49014e+00  6.05049e-01  8.27642e-01
   3397.69  6637.1875  1.37959e+00  1.32599e+00  5.83316e-01  7.96271e-01
   3426.24  6637.8125  1.37269e+00  1.35139e+00  5.87561e-01  7.85126e-01
   3454.79  6638.4375  1.36551e+00  1.46707e+00  5.63384e-01  8.02131e-01
   3483.34  6639.0625  1.28617e+00  1.21053e+00  4.92953e-01  7.93216e-01
   3511.89  6639.6875  1.29259e+00  1.21316e+00  5.11177e-01  7.81409e-01
   3540.44  6640.3125  1.40099e+00  1.47604e+00  5.85472e-01  8.15518e-01
   3568.99  6640.9375  1.44022e+00  1.47353e+00  6.22531e-01  8.17693e-01
   3597.54  6641.5625  1.39759e+00  1.38742e+00  6.32115e-01  7.65472e-01
   3626.10  6642.1875  1.33864e+00  1.35081e+00  6.08238e-01  7.30400e-01
   3654.65  6642.8125  1.27957e+00  1.26547e+00  5.51230e-01  7.28341e-01
   3683.20  6643.4375  1.27074e+00  1.20407e+00  5.34082e-01  7.36654e-01
   3711.75  6644.0625  1.32212e+00  1.38428e+00  5.93289e-01  7.28836e-01
   3740.30  6644.6875  1.34672e+00  1.32162e+00  6.24852e-01  7.21866e-01
   3768.85  6645.3125  1.36780e+00  1.36886e+00  6.40566e-01  7.27238e-01
   3797.40  6645.9375  1.38236e+00  1.40962e+00  6.76333e-01  7.06025e-01
   3825.95  6646.5625  1.33734e+00  1.38154e+00  6.70466e-01  6.66873e-01
   3854.50  6647.1875  1.27543e+00  1.17585e+00  6.09500e-01  6.65934e-01
   3883.05  6647.8125  1.28665e+00  1.33900e+00  6.02678e-01  6.83968e-01
   3911.61  6648.4375  1.28322e+00  1.29166e+00  6.02669e-01  6.80550e-01
   3940.16  6649.0625  1.26546e+00  1.22413e+00  6.04725e-01  6.60739e-01
   3968.71  6649.6875  1.30010e+00  1.29170e+00  6.35042e-01  6.65055e-01
   3997.26  6650.3125  1.34872e+00  1.38064e+00  6.56585e-01  6.92131e-01
   4025.81  6650.9375  1.31873e+00  1.39577e+00  6.42887e-01  6.75839e-01
   4054.36  6651.5625  1.24196e+00  1.11346e+00  5.81262e-01  6.60703e-01
   4082.91  6652.1875  1.24214e+00  1.32223e+00  5.84736e-01  6.57399e-01
   4111.46  6652.8125  1.24258e+00  1.18926e+00  6.08373e-01  6.34209e-01
   4140.01  6653.4375  1.25241e+00  1.27860e+00  6.27660e-01  6.24746e-01
   4168.56  6654.0625  1.23293e+00  1.27689e+00  6.03034e-01  6.29891e-01
   4197.12  6654.6875  1.19317e+00  1.10570e+00  5.85030e-01  6.08142e-01
   4225.67  6655.3125  1.22506e+00  1.25054e+00  6.14234e-01  6.10830e-01
   4254.22  6655.9375  1.24131e+00  1.29956e+00  6.14509e-01  6.26802e-01
   4282.77  6656.5625  1.20184e+00  1.14301e+00  5.77523e-01  6.24316e-01
   4311.32  6657.1875  1.18518e+00  1.21831e+00  5.60073e-01  6.25110e-01
   4339.87  6657.8125  1.16955e+00  1.14889e+00  5.59272e-01  6.10275e-01
   4368.42  6658.4375  1.14719e+00  1.17835e+00  5.70921e-01  5.76266e-01
   4396.97  6659.0625  1.13814e+00  1.06130e+00  5.80775e-01  5.57369e-01
   4425.52  6659.6875  1.16005e+00  1.25075e+00  6.04828e-01  5.55219e-01
   4454.08  6660.3125  1.13543e+00  1.08723e+00  5.83762e-01  5.51664e-01
   4482.63  6660.9375  1.11925e+00  1.12587e+00  5.53571e-01  5.65676e-01
   4511.18  6661.5625  1.12998e+00  1.11276e+00  5.52490e-01  5.77488e-01
   4539.73  6662.1875  1.14600e+00  1.17178e+00  5.82068e-01  5.63932e-01
   4568.28  6662.8125  1.14036e+00  1.13522e+00  6.03534e-01  5.36827e-01
   4596.83  6663.4375  1.11588e+00  1.13228e+00  5.84500e-01  5.31379e-01
   4625.38  6664.0625  1.06145e+00  1.08036e+00  5.32698e-01  5.28755e-01
   4653.93  6664.6875  9.96550e-01  9.57936e-01  4.85676e-01  5.10874e-01
   4682.48  6665.3125  9.89961e-01  9.58301e-01  4.76759e-01  5.13202e-01
   4711.03  6665.9375  1.03879e+00  1.05362e+00  5.19638e-01  5.19154e-01
   4739.59  6666.5625  1.07477e+00  1.09685e+00  5.58283e-01  5.16490e-01
   4768.14  6667.1875  1.07056e+00  1.07501e+00  5.57244e-01  5.13320e-01
   4796.69  6667.8125  1.04867e+00  1.04589e+00  5.46299e-01  5.02371e-01
   4825.24  6668.4375  1.03811e+00  1.02105e+00  5.46799e-01  4.91314e-01
   4853.79  6669.0625  1.05990e+00  1.04392e+00  5.71758e-01  4.88141e-01
   4882.34  6669.6875  1.08074e+00  1.13457e+00  6.00521e-01  4.80216e-01
   4910.89  6670.3125  1.04168e+00  1.04098e+00  5.88775e-01  4.52909e-01
   4939.44  6670.9375  9.93973e-01  9.55319e-01  5.53334e-01  4.40639e-01
   4967.99  6671.5625  9.81278e-01  1.00711e+00  5.21992e-01  4.59286e-01
   4996.54  6672.1875  9.65398e-01  9.52390e-01  5.13509e-01  4.51889e-01
   5025.10  6672.8125  9.52434e-01  9.55013e-01  5.38622e-01  4.13812e-01
   5053.65  6673.4375  9.69403e-01  9.23810e-01  5.59383e-01  4.10020e-01
   5082.20  6674.0625  1.02201e+00  1.06156e+00  5.99165e-01  4.22849e-01
   5110.75  6674.6875  1.04407e+00  1.05096e+00  6.15644e-01  4.28421e-01
   5139.30  6675.3125  1.01843e+00  1.04863e+00  5.81406e-01  4.37023e-01
   5167.85  6675.9375  9.89724e-01  9.18058e-01  5.35206e-01  4.54518e-01
   5196.40  6676.5625  1.02291e+00  1.04642e+00  5.63777e-01  4.59138e-01
   5224.95  6677.1875  1.04510e+00  1.08009e+00  6.16241e-01  4.28863e-01
   5253.50  6677.8125  9.95537e-01  1.02025e+00  5.81751e-01  4.13786e-01
   5282.06  6678.4375  9.23008e-01  8.68457e-01  5.23117e-01  3.99891e-01
   5310.61  6679.0625  8.90276e-01  9.18603e-01  4.90748e-01  3.99528e-01
   5339.16  6679.6875  8.58390e-01  8.49563e-01  4.57769e-01  4.00621e-01
   5367.71  6680.3125  8.39133e-01  8.11539e-01  4.57333e-01  3.81800e-01
   5396.26  6680.9375  8.51686e-01  8.67350e-01  4.79200e-01  3.72486e-01
   5424.81  6681.5625  8.62177e-01  8.58348e-01  4.76943e-01  3.85235e-01
   5453.36  6682.1875  8.59234e-01  8.76215e-01  4.79208e-01  3.80026e-01
   5481.91  6682.8125  8.42375e-01  8.30497e-01  4.78227e-01  3.64148e-01
   5510.46  6683.4375  8.28234e-01  8.33879e-01  4.67907e-01  3.60327e-01
   5539.01  6684.0625  8.17886e-01  8.07755e-01  4.53434e-01  3.64452e-01
   5567.57  6684.6875  7.94857e-01  8.36238e-01  4.40699e-01  3.54159e-01
   5596.12  6685.3125  7.59670e-01  6.99298e-01  4.23532e-01  3.36139e-01
   5624.67  6685.9375  7.87298e-01  7.73886e-01  4.38428e-01  3.48870e-01
   5653.22  6686.5625  8.44969e-01  8.82026e-01  4.69992e-01  3.74977e-01
   5681.77  6687.1875  8.54083e-01  8.71510e-01  4.73903e-01  3.80180e-01
   5710.32  6687.8125  8.42278e-01  8.01785e-01  4.54678e-01  3.87600e-01
   5738.87  6688.4375  8.68972e-01  8.72909e-01  4.73850e-01  3.95122e-01
   5767.42  6689.0625  8.89057e-01  9.31382e-01  5.08648e-01  3.80409e-01
   5795.97  6689.6875  8.55014e-01  8.48655e-01  5.11592e-01  3.43421e-01
   5824.52  6690.3125  7.98969e-01  8.09109e-01  4.81281e-01  3.17688e-01
   5853.08  6690.9375  7.61125e-01  7.12747e-01  4.44964e-01  3.16161e-01
   5881.63  6691.5625  7.83304e-01  7.83801e-01  4.60839e-01  3.22465e-01
   5910.18  6692.1875  8.54064e-01  8.13699e-01  5.19798e-01  3.34265e-01
   5938.73  6692.8125  9.06135e-01  1.03235e+00  5.83632e-01  3.22503e-01
   5967.28  6693.4375  8.63373e-01  7.80642e-01  5.59145e-01  3.04228e-01
   5995.83  6694.0625  8.39047e-01  8.67035e-01  5.43622e-01  2.95424e-01
   6024.38  6694.6875  8.27795e-01  8.20283e-01  5.39004e-01  2.88791e-01
   6052.93  6695.3125  8.10262e-01  8.14622e-01  5.26484e-01  2.83778e-01
   6081.48  6695.9375  7.96039e-01  7.85841e-01  5.04791e-01  2.91249e-01
   6110.04  6696.5625  7.82667e-01  7.99238e-01  4.83564e-01  2.99103e-01
   6138.59  6697.1875  7.52419e-01  7.58267e-01  4.51065e-01  3.01354e-01
   6167.14  6697.8125  7.52483e-01  6.70585e-01  4.57497e-01  2.94986e-01
   6195.69  6698.4375  8.21260e-01  8.80389e-01  5.28949e-01  2.92312e-01
   6224.24  6699.0625  8.53453e-01  8.68628e-01  5.64759e-01  2.88694e-01
   6252.79  6699.6875  8.65669e-01  8.07344e-01  5.59666e-01  3.06004e-01
   6281.34  6700.3125  9.07292e-01  9.67296e-01  5.90099e-01  3.17194e-01
   6309.89  6700.9375  8.91759e-01  9.13091e-01  5.89601e-01  3.02158e-01
   6338.44  6701.5625  8.31696e-01  8.03154e-01  5.42426e-01  2.89269e-01
   6366.99  6702.1875  8.13982e-01  7.80754e-01  5.31199e-01  2.82783e-01
   6395.55  6702.8125  8.40114e-01  8.68436e-01  5.47694e-01  2.92420e-01
   6424.10  6703.4375  8.48899e-01  8.50884e-01  5.46745e-01  3.02154e-01
   6452.65  6704.0625  8.47243e-01  8.32099e-01  5.49186e-01  2.98057e-01
   6481.20  6704.6875  8.46826e-01  8.73254e-01  5.55665e-01  2.91161e-01
   6509.75  6705.3125  8.08824e-01  8.29694e-01  5.33679e-01  2.75145e-01
   6538.30  6705.9375  7.52378e-01  7.13384e-01  4.88769e-01  2.63609e-01
   6566.85  6706.5625  7.57187e-01  7.18391e-01  4.83970e-01  2.73217e-01
   6595.40  6707.1875  8.19635e-01  8.46354e-01  5.29393e-01  2.90242e-01
   6623.95  6707.8125  8.52569e-01  8.83313e-01  5.71071e-01  2.81498e-01
   6652.50  6708.4375  8.28645e-01  8.29740e-01  5.68817e-01  2.59829e-01
   6681.06  6709.0625  7.85619e-01  7.85104e-01  5.31111e-01  2.54507e-01
   6709.61  6709.6875  7.69463e-01  7.21429e-01  5.17691e-01  2.51773e-01
   6738.16  6710.3125  7.92001e-01  8.34537e-01  5.32619e-01  2.59382e-01
   6766.71  6710.9375  7.89470e-01  7.86547e-01  5.16711e-01  2.72760e-01
   6795.26  6711.5625  7.78710e-01  7.56880e-01  5.17352e-01  2.61357e-01
   6823.81  6712.1875  7.78999e-01  8.11155e-01  5.43732e-01  2.35267e-01
   6852.36  6712.8125  7.70200e-01  7.36023e-01  5.41492e-01  2.28708e-01
   6880.91  6713.4375  7.79858e-01  7.92290e-01  5.39803e-01  2.40055e-01
   6909.46  6714.0625  7.81294e-01  8.02595e-01  5.35114e-01  2.46179e-01
   6938.02  6714.6875  7.76455e-01  7.27696e-01  5.22519e-01  2.53937e-01
   6966.57  6715.3125  8.00692e-01  8.36045e-01  5.38318e-01  2.62374e-01
   6995.12  6715.9375  7.89434e-01  8.21064e-01  5.39308e-01  2.50126e-01
   7023.67  6716.5625  7.51397e-01  6.92126e-01  5.23424e-01  2.27973e-01
   7052.22  6717.1875  7.58310e-01  7.80356e-01  5.34963e-01  2.23347e-01
   7080.77  6717.8125  7.65725e-01  7.75210e-01  5.29775e-01  2.35950e-01
   7109.32  6718.4375  7.61842e-01  7.41115e-01  5.26758e-01  2.35084e-01
   7137.87  6719.0625  7.79155e-01  7.76484e-01  5.56925e-01  2.22230e-01
   7166.42  6719.6875  7.86064e-01  8.30677e-01  5.68636e-01  2.17427e-01
   7194.97  6720.3125  7.48375e-01  7.26209e-01  5.37041e-01  2.11334e-01
   7223.53  6720.9375  7.01507e-01  7.23206e-01  4.95196e-01  2.06311e-01
   7252.08  6721.5625  6.63549e-01  6.20145e-01  4.59156e-01  2.04392e-01
   7280.63  6722.1875  6.65420e-01  6.77133e-01  4.67690e-01  1.97730e-01
   7309.18  6722.8125  6.95810e-01  6.60337e-01  5.07583e-01  1.88228e-01
   7337.73  6723.4375  7.15860e-01  8.04147e-01  5.10940e-01  2.04920e-01
   7366.28  6724.0625  6.69922e-01  6.20480e-01  4.57757e-01  2.12166e-01
   7394.83  6724.6875  6.53776e-01  6.27605e-01  4.41084e-01  2.12692e-01
   7423.38  6725.3125  7.03601e-01  6.95798e-01  4.88048e-01  2.15552e-01
   7451.93  6725.9375  7.67231e-01  7.90990e-01  5.64117e-01  2.03114e-01
   7480.48  6726.5625  8.05936e-01  8.02946e-01  6.07812e-01  1.98123e-01
   7509.04  6727.1875  8.21846e-01  8.40004e-01  6.13732e-01  2.08113e-01
   7537.59  6727.8125  7.88238e-01  8.33691e-01  5.68858e-01  2.19380e-01
   7566.14  6728.4375  7.07778e-01  6.67659e-01  5.00715e-01  2.07063e-01
   7594.69  6729.0625  6.61419e-01  6.48621e-01  4.70509e-01  1.90910e-01
   7623.24  6729.6875  6.71236e-01  6.43283e-01  4.84717e-01  1.86518e-01
   7651.79  6730.3125  7.11900e-01  7.37130e-01  5.30666e-01  1.81234e-01
   7680.34  6730.9375  7.30483e-01  7.40026e-01  5.50892e-01  1.79591e-01
   7708.89  6731.5625  7.23454e-01  7.20463e-01  5.43276e-01  1.80178e-01
   7737.44  6732.1875  7.12329e-01  7.17114e-01  5.30943e-01  1.81386e-01
   7765.99  6732.8125  7.21185e-01  6.78140e-01  5.39436e-01  1.81749e-01
   7794.55  6733.4375  7.58122e-01  8.00682e-01  5.84200e-01  1.73922e-01
   7823.10  6734.0625  7.54076e-01  7.73809e-01  5.75409e-01  1.78668e-01
   7851.65  6734.6875  7.30436e-01  6.76451e-01  5.44818e-01  1.85617e-01
   7880.20  6735.3125  7.39785e-01  7.85018e-01  5.60179e-01  1.79606e-01
   7908.75  6735.9375  7.51739e-01  6.98624e-01  5.76178e-01  1.75561e-01
   7937.30  6736.5625  7.79554e-01  8.26683e-01  5.94361e-01  1.85193e-01
   7965.85  6737.1875  7.66388e-01  7.84954e-01  5.72861e-01  1.93527e-01
   7994.40  6737.8125  7.43438e-01  6.70119e-01  5.62434e-01  1.81004e-01
   8022.95  6738.4375  7.58077e-01  8.38807e-01  5.88815e-01  1.69262e-01
   8051.51  6739.0625  7.40834e-01  6.89403e-01  5.73984e-01  1.66850e-01
   8080.06  6739.6875  7.52073e-01  7.37038e-01  5.92191e-01  1.59882e-01
   8108.61  6740.3125  7.63149e-01  8.45025e-01  6.00947e-01  1.62202e-01
   8137.16  6740.9375  6.97583e-01  6.63773e-01  5.47484e-01  1.50099e-01
   8165.71  6741.5625  6.51122e-01  6.13662e-01  5.17123e-01  1.33999e-01
   8194.26  6742.1875  6.79009e-01  6.65360e-01  5.47979e-01  1.31029e-01
   8222.81  6742.8125  7.16413e-01  7.71064e-01  5.77059e-01  1.39354e-01
   8251.36  6743.4375  7.01950e-01  6.84929e-01  5.62929e-01  1.39021e-01
   8279.91  6744.0625  6.98381e-01  6.60524e-01  5.66380e-01  1.32001e-01
   8308.46  6744.6875  7.20918e-01  7.78589e-01  5.76085e-01  1.44834e-01
   8337.02  6745.3125  7.25382e-01  6.65270e-01  5.61334e-01  1.64048e-01
   8365.57  6745.9375  7.52456e-01  7.90945e-01  5.83745e-01  1.68710e-01
   8394.12  6746.5625  7.52976e-01  7.68229e-01  5.92664e-01  1.60312e-01
   8422.67  6747.1875  7.07022e-01  7.17622e-01  5.60141e-01  1.46881e-01
   8451.22  6747.8125  6.66697e-01  6.16720e-01  5.27241e-01  1.39455e-01
   8479.77  6748.4375  6.87503e-01  6.85106e-01  5.47371e-01  1.40132e-01
   8508.32  6749.0625  7.32804e-01  7.43784e-01  5.83262e-01  1.49542e-01
   8536.87  6749.6875  7.31418e-01  7.91850e-01  5.68050e-01  1.63368e-01
   8565.42  6750.3125  6.68570e-01  6.23462e-01  5.12016e-01  1.56554e-01
   8593.97  6750.9375  6.06698e-01  6.47080e-01  4.68492e-01  1.38205e-01
   8622.53  6751.5625  5.59493e-01  4.88482e-01  4.34548e-01  1.24945e-01
   8651.08  6752.1875  5.83547e-01  5.83614e-01  4.63518e-01  1.20029e-01
   8679.63  6752.8125  6.39690e-01  6.56350e-01  5.06357e-01  1.33333e-01
   8708.18  6753.4375  6.82058e-01  6.68160e-01  5.33262e-01  1.48796e-01
   8736.73  6754.0625  6.91255e-01  7.61091e-01  5.40262e-01  1.50992e-01
   8765.28  6754.6875  6.35374e-01  6.03959e-01  4.97455e-01  1.37920e-01
   8793.83  6755.3125  6.03097e-01  5.65222e-01  4.69051e-01  1.34046e-01
   8822.38  6755.9375  6.47782e-01  6.31052e-01  5.06949e-01  1.40832e-01
   8850.93  6756.5625  7.26479e-01  7.45249e-01  5.84686e-01  1.41793e-01
   8879.49  6757.1875  7.70028e-01  8.04592e-01  6.38609e-01  1.31419e-01
   8908.04  6757.8125  7.46273e-01  7.61350e-01  6.21709e-01  1.24564e-01
   8936.59  6758.4375  6.67990e-01  6.94522e-01  5.52933e-01  1.15057e-01
   8965.14  6759.0625  6.03895e-01  5.03520e-01  4.99786e-01  1.04109e-01
   8993.69  6759.6875  6.37284e-01  6.70519e-01  5.34479e-01  1.02805e-01
   9022.24  6760.3125  6.87530e-01  6.84206e-01  5.78963e-01  1.08567e-01
   9050.79  6760.9375  7.10776e-01  7.36141e-01  5.99758e-01  1.11018e-01
   9079.34  6761.5625  7.13943e-01  6.90585e-01  6.09101e-01  1.04842e-01
   9107.89  6762.1875  7.13348e-01  7.46698e-01  6.04131e-01  1.09217e-01
   9136.44  6762.8125  6.93084e-01  6.75789e-01  5.78001e-01  1.15083e-01
   9165.00  6763.4375  6.89787e-01  6.63741e-01  5.78152e-01  1.11635e-01
   9193.55  6764.0625  6.91054e-01  7.61627e-01  5.83353e-01  1.07701e-01
   9222.10  6764.6875  6.70838e-01  5.74511e-01  5.69424e-01  1.01414e-01
   9250.65  6765.3125  6.98072e-01  7.63712e-01  5.92909e-01  1.05164e-01
   9279.20  6765.9375  7.06366e-01  6.84986e-01  5.92389e-01  1.13978e-01
   9307.75  6766.5625  6.97482e-01  7.11570e-01  5.80585e-01  1.16897e-01
   9336.30  6767.1875  6.71422e-01  6.87996e-01  5.58364e-01  1.13059e-01
   9364.85  6767.8125  6.34843e-01  6.02621e-01  5.25006e-01  1.09837e-01
   9393.40  6768.4375  6.27032e-01  6.33831e-01  5.15886e-01  1.11146e-01
   9421.95  6769.0625  6.36018e-01  6.23599e-01  5.22013e-01  1.14005e-01
   9450.51  6769.6875  6.45701e-01  6.67324e-01  5.42883e-01  1.02818e-01
   9479.06  6770.3125  6.38279e-01  6.30111e-01  5.52646e-01  8.56327e-02
   9507.61  6770.9375  6.23558e-01  6.34586e-01  5.41136e-01  8.24213e-02
   9536.16  6771.5625  6.19995e-01  5.83788e-01  5.25241e-01  9.47541e-02
   9564.71  6772.1875  6.50074e-01  6.62144e-01  5.39680e-01  1.10393e-01
   9593.26  6772.8125  6.68516e-01  6.97796e-01  5.55186e-01  1.13330e-01
   9621.81  6773.4375  6.53664e-01  6.33786e-01  5.40727e-01  1.12937e-01
   9650.36  6774.0625  6.45252e-01  6.48861e-01  5.38414e-01  1.06838e-01
   9678.91  6774.6875  6.48729e-01  6.39073e-01  5.45175e-01  1.03554e-01
   9707.47  6775.3125  6.56657e-01  6.67231e-01  5.47783e-01  1.08875e-01
   9736.02  6775.9375  6.48290e-01  6.62853e-01  5.45960e-01  1.02330e-01
   9764.57  6776.5625  6.31422e-01  6.02576e-01  5.26107e-01  1.05314e-01
   9793.12  6777.1875  6.36775e-01  6.49707e-01  5.26648e-01  1.10127e-01
   9821.67  6777.8125  6.55249e-01  6.32552e-01  5.54762e-01  1.00488e-01
   9850.22  6778.4375  6.86212e-01  7.02455e-01  5.90603e-01  9.56081e-02
   9878.77  6779.0625  6.88766e-01  7.21823e-01  5.96603e-01  9.21637e-02
   9907.32  6779.6875  6.43730e-01  6.37849e-01  5.46313e-01  9.74172e-02
   9935.87  6780.3125  6.22252e-01  5.60612e-01  5.27498e-01  9.47539e-02
   9964.42  6780.9375  6.63872e-01  6.98453e-01  5.63924e-01  9.99479e-02
   9992.98  6781.5625  6.83681e-01  7.06152e-01  5.71875e-01  1.11806e-01
  10021.53  6782.1875  6.62844e-01  6.50658e-01  5.63207e-01  9.96368e-02
  10050.08  6782.8125  6.56927e-01  6.31217e-01  5.69254e-01  8.76724e-02
  10078.63  6783.4375  6.54860e-01  7.17330e-01  5.67207e-01  8.76527e-02
  10107.18  6784.0625  6.04761e-01  5.77593e-01  5.18001e-01  8.67599e-02
  10135.73  6784.6875  5.99695e-01  5.18693e-01  5.16374e-01  8.33206e-02
  10164.28  6785.3125  6.57365e-01  7.57310e-01  5.74961e-01  8.24039e-02
  10192.83  6785.9375  6.47064e-01  6.21588e-01  5.62776e-01  8.42881e-02
  10221.38  6786.5625  6.12734e-01  6.15090e-01  5.21108e-01  9.16254e-02
  10249.93  6787.1875  6.12242e-01  5.68852e-01  5.27586e-01  8.46567e-02
  10278.49  6787.8125  6.40878e-01  6.86356e-01  5.72978e-01  6.78999e-02
  10307.04  6788.4375  6.21393e-01  6.45218e-01  5.57765e-01  6.36280e-02
  10335.59  6789.0625  5.61411e-01  5.33439e-01  4.89405e-01  7.20062e-02
  10364.14  6789.6875  5.33132e-01  5.16427e-01  4.56534e-01  7.65980e-02
  10392.69  6790.3125  5.48075e-01  5.40455e-01  4.69433e-01  7.86417e-02
  10421.24  6790.9375  5.83231e-01  5.84414e-01  5.01511e-01  8.17197e-02
  10449.79  6791.5625  6.15351e-01  6.25857e-01  5.39526e-01  7.58246e-02
  10478.34  6792.1875  6.30380e-01  6.35164e-01  5.58396e-01  7.19841e-02
  10506.89  6792.8125  6.37950e-01  6.28345e-01  5.58342e-01  7.96086e-02
  10535.45  6793.4375  6.50478e-01  6.61160e-01  5.70576e-01  7.99023e-02
  10564.00  6794.0625  6.80926e-01  6.31275e-01  6.06759e-01  7.41662e-02
  10592.55  6794.6875  7.05432e-01  8.16187e-01  6.29213e-01  7.62185e-02
  10621.10  6795.3125  6.34673e-01  5.97931e-01  5.58824e-01  7.58496e-02
  10649.65  6795.9375  5.58985e-01  5.41022e-01  4.83225e-01  7.57599e-02
  10678.20  6796.5625  5.38511e-01  5.17272e-01  4.71615e-01  6.68964e-02
  10706.75  6797.1875  5.55993e-01  5.62117e-01  5.01644e-01  5.43490e-02
  10735.30  6797.8125  5.94630e-01  5.66538e-01  5.38164e-01  5.64658e-02
  10763.85  6798.4375  6.46100e-01  6.80814e-01  5.75695e-01  7.04051e-02
  10792.40  6799.0625  6.58553e-01  6.74637e-01  5.79333e-01  7.92203e-02
  10820.96  6799.6875  6.36993e-01  6.26127e-01  5.65953e-01  7.10396e-02
  10849.51  6800.3125  6.35725e-01  6.06574e-01  5.74358e-01  6.13668e-02
  10878.06  6800.9375  6.59725e-01  6.91121e-01  5.92279e-01  6.74455e-02
  10906.61  6801.5625  6.52210e-01  6.69506e-01  5.80415e-01  7.17946e-02
  10935.16  6802.1875  6.49132e-01  5.68525e-01  5.78107e-01  7.10252e-02
  10963.71  6802.8125  6.83767e-01  7.81900e-01  6.15224e-01  6.85435e-02
  10992.26  6803.4375  6.62397e-01  6.21137e-01  5.93579e-01  6.88179e-02
  11020.81  6804.0625  6.60905e-01  6.20085e-01  5.89804e-01  7.11004e-02
  11049.36  6804.6875  6.80073e-01  7.73007e-01  6.09385e-01  7.06888e-02
  11077.91  6805.3125  6.22475e-01  5.91202e-01  5.46371e-01  7.61040e-02
  11106.47  6805.9375  5.85266e-01  5.26966e-01  5.09448e-01  7.58180e-02
  11135.02  6806.5625  6.13671e-01  6.60739e-01  5.46568e-01  6.71032e-02
  11163.57  6807.1875  6.25222e-01  6.10419e-01  5.64071e-01  6.11511e-02
  11192.12  6807.8125  6.35168e-01  6.24766e-01  5.70414e-01  6.47544e-02
  11220.67  6808.4375  6.49182e-01  6.77447e-01  5.84230e-01  6.49517e-02
  11249.22  6809.0625  6.34051e-01  6.32593e-01  5.71647e-01  6.24037e-02
  11277.77  6809.6875  6.15198e-01  5.94021e-01  5.54383e-01  6.08151e-02
  11306.32  6810.3125  6.00241e-01  6.45296e-01  5.43285e-01  5.69557e-02
  11334.87  6810.9375  5.88976e-01  5.00966e-01  5.38794e-01  5.01819e-02
  11363.43  6811.5625  6.24447e-01  6.99617e-01  5.79297e-01  4.51496e-02
  11391.98  6812.1875  6.37375e-01  5.92658e-01  5.94082e-01  4.32931e-02
  11420.53  6812.8125  6.47548e-01  6.82639e-01  6.00410e-01  4.71381e-02
  11449.08  6813.4375  6.59360e-01  6.16599e-01  6.00285e-01  5.90758e-02
  11477.63  6814.0625  6.73119e-01  7.32763e-01  6.05867e-01  6.72527e-02
  11506.18  6814.6875  6.45434e-01  6.23126e-01  5.75749e-01  6.96846e-02
  11534.73  6815.3125  6.12354e-01  6.13654e-01  5.45399e-01  6.69541e-02
  11563.28  6815.9375  5.97651e-01  5.85009e-01  5.35279e-01  6.23713e-02
  11591.83  6816.5625  6.12059e-01  5.88197e-01  5.48571e-01  6.34872e-02
  11620.38  6817.1875  6.27555e-01  6.94472e-01  5.62751e-01  6.48045e-02
  11648.94  6817.8125  6.09049e-01  5.40747e-01  5.48466e-01  6.05827e-02
  11677.49  6818.4375  6.19566e-01  6.53994e-01  5.61089e-01  5.84766e-02
  11706.04  6819.0625  6.03911e-01  6.40891e-01  5.45874e-01  5.80369e-02
  11734.59  6819.6875  5.72431e-01  4.83615e-01  5.15132e-01  5.72988e-02
  11763.14  6820.3125  5.98788e-01  6.57766e-01  5.45780e-01  5.30076e-02
  11791.69  6820.9375  5.81295e-01  6.14506e-01  5.33380e-01  4.79145e-02
  11820.24  6821.5625  5.27229e-01  4.59105e-01  4.83461e-01  4.37677e-02
  11848.79  6822.1875  5.27175e-01  5.50624e-01  4.81902e-01  4.52736e-02
  11877.34  6822.8125  5.33320e-01  5.41968e-01  4.85140e-01  4.81803e-02
  11905.89  6823.4375  5.54719e-01  4.87113e-01  5.05290e-01  4.94295e-02
  11934.45  6824.0625  6.17083e-01  6.87706e-01  5.73333e-01  4.37502e-02
  11963.00  6824.6875  6.21527e-01  6.29325e-01  5.82420e-01  3.91066e-02
  11991.55  6825.3125  5.79856e-01  5.71444e-01  5.34790e-01  4.50655e-02
  12020.10  6825.9375  5.42936e-01  5.44302e-01  4.91192e-01  5.17438e-02
  12048.65  6826.5625  5.33976e-01  4.90538e-01  4.81772e-01  5.22042e-02
  12077.20  6827.1875  5.55473e-01  6.02143e-01  5.03945e-01  5.15277e-02
  12105.75  6827.8125  5.63790e-01  5.24426e-01  5.21200e-01  4.25900e-02
  12134.30  6828.4375  5.78853e-01  6.10719e-01  5.42378e-01  3.64750e-02
  12162.85  6829.0625  5.84134e-01  5.68300e-01  5.37939e-01  4.61952e-02
  12191.40  6829.6875  6.04641e-01  5.81775e-01  5.51308e-01  5.33336e-02
  12219.96  6830.3125  6.30111e-01  6.86548e-01  5.81364e-01  4.87467e-02
  12248.51  6830.9375  5.98860e-01  5.92324e-01  5.54611e-01  4.42488e-02
  12277.06  6831.5625  5.49422e-01  5.40671e-01  5.11046e-01  3.83755e-02
  12305.61  6832.1875  5.34267e-01  4.97275e-01  5.00499e-01  3.37676e-02
  12334.16  6832.8125  5.43603e-01  5.98274e-01  5.09264e-01  3.43388e-02
  12362.71  6833.4375  5.45601e-01  4.70092e-01  5.11447e-01  3.41532e-02
  12391.26  6834.0625  5.68938e-01  6.51969e-01  5.33047e-01  3.58906e-02
  12419.81  6834.6875  5.76559e-01  4.89449e-01  5.37985e-01  3.85742e-02
  12448.36  6835.3125  6.21544e-01  6.73541e-01  5.86138e-01  3.54060e-02
  12476.92  6835.9375  6.51151e-01  6.41316e-01  6.14445e-01  3.67063e-02
  12505.47  6836.5625  6.33599e-01  6.89295e-01  5.91684e-01  4.19144e-02
  12534.02  6837.1875  5.83255e-01  5.20626e-01  5.35960e-01  4.72954e-02
  12562.57  6837.8125  5.78477e-01  5.89965e-01  5.27014e-01  5.14627e-02
  12591.12  6838.4375  6.29775e-01  5.66247e-01  5.77286e-01  5.24885e-02
  12619.67  6839.0625  6.98672e-01  8.01515e-01  6.49454e-01  4.92182e-02
  12648.22  6839.6875  6.73579e-01  6.68302e-01  6.32614e-01  4.09649e-02
  12676.77  6840.3125  6.32079e-01  5.69861e-01  5.96104e-01  3.59748e-02
  12705.32  6840.9375  6.54765e-01  6.84035e-01  6.15529e-01  3.92360e-02
  12733.87  6841.5625  6.61787e-01  6.87039e-01  6.17176e-01  4.46107e-02
  12762.43  6842.1875  6.29391e-01  6.12351e-01  5.85119e-01  4.42718e-02
  12790.98  6842.8125  5.99017e-01  6.06571e-01  5.59152e-01  3.98642e-02
  12819.53  6843.4375  5.74661e-01  5.65046e-01  5.33438e-01  4.12226e-02
  12848.08  6844.0625  5.69031e-01  5.50826e-01  5.28887e-01  4.01436e-02
  12876.63  6844.6875  5.74152e-01  6.07756e-01  5.37013e-01  3.71395e-02
  12905.18  6845.3125  5.68918e-01  5.29936e-01  5.30918e-01  3.80003e-02
  12933.73  6845.9375  5.84535e-01  6.02212e-01  5.40726e-01  4.38085e-02
  12962.28  6846.5625  5.93378e-01  6.07242e-01  5.45758e-01  4.76208e-02
  12990.83  6847.1875  6.16730e-01  5.40748e-01  5.73300e-01  4.34298e-02
  13019.38  6847.8125  6.68518e-01  7.77949e-01  6.27899e-01  4.06188e-02
  13047.94  6848.4375  6.63054e-01  5.89419e-01  6.25764e-01  3.72900e-02
  13076.49  6849.0625  6.62798e-01  7.10960e-01  6.27246e-01  3.55521e-02
  13105.04  6849.6875  6.38541e-01  6.38386e-01  5.98631e-01  3.99091e-02
  13133.59  6850.3125  5.77467e-01  5.97790e-01  5.34894e-01  4.25731e-02
  13162.14  6850.9375  5.23906e-01  4.64409e-01  4.86963e-01  3.69437e-02
  13190.69  6851.5625  5.41122e-01  5.35376e-01  5.08493e-01  3.26286e-02
  13219.24  6852.1875  6.00176e-01  6.00397e-01  5.64706e-01  3.54697e-02
  13247.79  6852.8125  6.43828e-01  6.78299e-01  6.04831e-01  3.89974e-02
  13276.34  6853.4375  6.48585e-01  6.36999e-01  6.11442e-01  3.71429e-02
  13304.90  6854.0625  6.47770e-01  6.45512e-01  6.18669e-01  2.91019e-02
  13333.45  6854.6875  6.29358e-01  6.74057e-01  6.03646e-01  2.57121e-02
  13362.00  6855.3125  5.69175e-01  5.46228e-01  5.38062e-01  3.11132e-02
  13390.55  6855.9375  5.46126e-01  4.85813e-01  5.04904e-01  4.12225e-02
  13419.10  6856.5625  5.63985e-01  6.53153e-01  5.24202e-01  3.97835e-02
  13447.65  6857.1875  5.40088e-01  4.75728e-01  5.10849e-01  2.92389e-02
  13476.20  6857.8125  5.60616e-01  5.40027e-01  5.39155e-01  2.14613e-02
  13504.75  6858.4375  6.11068e-01  6.66143e-01  5.90571e-01  2.04967e-02
  13533.30  6859.0625  6.03106e-01  6.05355e-01  5.77927e-01  2.51791e-02
  13561.85  6859.6875  5.88176e-01  5.38321e-01  5.59470e-01  2.87055e-02
  13590.41  6860.3125  6.11742e-01  6.52502e-01  5.84686e-01  2.70555e-02
  13618.96  6860.9375  6.09057e-01  6.13060e-01  5.82762e-01  2.62951e-02
  13647.51  6861.5625  5.82976e-01  5.74415e-01  5.58138e-01  2.48381e-02
  13676.06  6862.1875  5.60107e-01  5.65776e-01  5.34033e-01  2.60742e-02
  13704.61  6862.8125  5.24107e-01  5.46530e-01  4.93908e-01  3.01994e-02
  13733.16  6863.4375  5.05678e-01  4.19649e-01  4.75631e-01  3.00475e-02
  13761.71  6864.0625  5.59028e-01  6.07009e-01  5.28717e-01  3.03109e-02
  13790.26  6864.6875  5.97940e-01  6.01585e-01  5.67462e-01  3.04771e-02
  13818.81  6865.3125  6.12290e-01  6.01683e-01  5.83092e-01  2.91980e-02
  13847.36  6865.9375  6.35660e-01  6.34584e-01  6.05164e-01  3.04961e-02
  13875.92  6866.5625  6.36364e-01  6.89617e-01  6.03340e-01  3.30240e-02
  13904.47  6867.1875  6.00618e-01  5.45365e-01  5.66765e-01  3.38535e-02
  13933.02  6867.8125  6.06244e-01  6.04740e-01  5.75418e-01  3.08267e-02
  13961.57  6868.4375  6.31182e-01  6.58147e-01  5.99340e-01  3.18419e-02
  13990.12  6869.0625  6.50669e-01  5.99829e-01  6.15594e-01  3.50750e-02
  14018.67  6869.6875  6.66674e-01  7.59830e-01  6.30001e-01  3.66727e-02
  14047.22  6870.3125  6.19471e-01  5.68530e-01  5.82116e-01  3.73557e-02
  14075.77  6870.9375  5.90976e-01  5.82428e-01  5.55404e-01  3.55718e-02
  14104.32  6871.5625  6.03594e-01  5.97169e-01  5.73601e-01  2.99930e-02
  14132.88  6872.1875  5.98647e-01  6.56368e-01  5.75141e-01  2.35066e-02
  14161.43  6872.8125  5.55562e-01  4.98300e-01  5.35239e-01  2.03229e-02
  14189.98  6873.4375  5.53641e-01  5.52389e-01  5.31897e-01  2.17433e-02
  14218.53  6874.0625  5.66221e-01  6.01190e-01  5.42993e-01  2.32274e-02
  14247.08  6874.6875  5.55977e-01  5.20422e-01  5.32554e-01  2.34233e-02
  14275.63  6875.3125  5.67048e-01  5.77643e-01  5.42285e-01  2.47626e-02
  14304.18  6875.9375  6.05168e-01  5.64335e-01  5.78149e-01  2.70188e-02
  14332.73  6876.5625  6.23742e-01  7.42335e-01  5.95242e-01  2.85000e-02
  14361.28  6877.1875  5.66717e-01  4.70373e-01  5.38607e-01  2.81103e-02
  14389.83  6877.8125  5.62455e-01  5.68659e-01  5.34227e-01  2.82279e-02
  14418.39  6878.4375  5.80073e-01  6.22598e-01  5.50865e-01  2.92083e-02
  14446.94  6879.0625  5.67940e-01  5.23227e-01  5.36579e-01  3.13602e-02
  14475.49  6879.6875  5.90841e-01  5.85690e-01  5.58826e-01  3.20145e-02
  14504.04  6880.3125  6.18660e-01  6.65263e-01  5.89792e-01  2.88681e-02
  14532.59  6880.9375  6.02307e-01  5.82677e-01  5.75407e-01  2.68999e-02
  14561.14  6881.5625  6.06994e-01  5.65724e-01  5.81412e-01  2.55821e-02
  14589.69  6882.1875  6.38291e-01  7.01365e-01  6.10967e-01  2.73239e-02
  14618.24  6882.8125  6.06098e-01  6.19096e-01  5.79156e-01  2.69426e-02
  14646.79  6883.4375  5.69472e-01  4.84962e-01  5.43019e-01  2.64529e-02
  14675.34  6884.0625  6.08205e-01  6.52239e-01  5.82626e-01  2.55793e-02
  14703.90  6884.6875  6.26806e-01  6.48135e-01  6.04427e-01  2.23788e-02
  14732.45  6885.3125  6.02914e-01  5.85784e-01  5.81192e-01  2.17226e-02
  14761.00  6885.9375  5.79421e-01  5.92658e-01  5.54945e-01  2.44761e-02
  14789.55  6886.5625  5.53294e-01  5.46870e-01  5.26971e-01  2.63230e-02
  14818.10  6887.1875  5.51590e-01  5.12108e-01  5.26868e-01  2.47220e-02
  14846.65  6887.8125  5.92429e-01  6.14160e-01  5.69675e-01  2.27547e-02
  14875.20  6888.4375  6.21253e-01  6.33444e-01  5.97880e-01  2.33731e-02
  14903.75  6889.0625  6.24931e-01  6.19456e-01  6.02490e-01  2.24406e-02
  14932.30  6889.6875  6.23031e-01  6.30936e-01  6.03442e-01  1.95892e-02
  14960.86  6890.3125  6.14611e-01  6.12338e-01  5.95017e-01  1.95943e-02
  14989.41  6890.9375  6.01580e-01  6.08894e-01  5.81062e-01  2.05177e-02
  15017.96  6891.5625  6.00473e-01  5.62583e-01  5.79768e-01  2.07049e-02
  15046.51  6892.1875  6.03873e-01  6.75277e-01  5.84648e-01  1.92243e-02
  15075.06  6892.8125  5.65789e-01  5.15218e-01  5.48419e-01  1.73699e-02
  15103.61  6893.4375  5.58724e-01  5.48098e-01  5.40976e-01  1.77484e-02
  15132.16  6894.0625  5.79910e-01  6.04607e-01  5.61903e-01  1.80068e-02
  15160.71  6894.6875  5.88703e-01  5.67077e-01  5.67731e-01  2.09727e-02
  15189.26  6895.3125  5.96514e-01  6.21232e-01  5.73112e-01  2.34024e-02
  15217.81  6895.9375  5.82991e-01  5.84746e-01  5.56062e-01  2.69294e-02
  15246.37  6896.5625  5.60250e-01  5.47779e-01  5.35070e-01  2.51799e-02
  15274.92  6897.1875  5.47482e-01  5.54578e-01  5.28162e-01  1.93197e-02
  15303.47  6897.8125  5.26217e-01  5.38491e-01  5.09282e-01  1.69352e-02
  15332.02  6898.4375  5.02638e-01  4.74362e-01  4.85499e-01  1.71389e-02
  15360.57  6899.0625  5.21750e-01  4.98958e-01  5.02123e-01  1.96275e-02
  15389.12  6899.6875  5.65106e-01  6.02453e-01  5.42032e-01  2.30736e-02
  15417.67  6900.3125  5.67624e-01  5.77052e-01  5.44030e-01  2.35944e-02
  15446.22  6900.9375  5.36504e-01  5.35979e-01  5.18737e-01  1.77661e-02
  15474.77  6901.5625  5.12916e-01  4.91677e-01  4.95917e-01  1.69988e-02
  15503.32  6902.1875  5.31372e-01  5.06369e-01  5.10537e-01  2.08344e-02
  15531.88  6902.8125  5.65415e-01  6.15375e-01  5.44553e-01  2.08616e-02
  15560.43  6903.4375  5.42412e-01  5.53487e-01  5.25328e-01  1.70848e-02
  15588.98  6904.0625  4.87985e-01  4.68990e-01  4.69888e-01  1.80968e-02
  15617.53  6904.6875  4.76742e-01  4.33570e-01  4.58363e-01  1.83786e-02
  15646.08  6905.3125  5.29767e-01  5.33929e-01  5.10986e-01  1.87805e-02
  15674.63  6905.9375  5.67470e-01  6.30197e-01  5.46824e-01  2.06463e-02
  15703.18  6906.5625  5.45136e-01  5.02095e-01  5.26468e-01  1.86679e-02
  15731.73  6907.1875  5.22422e-01  5.57331e-01  5.07564e-01  1.48578e-02
  15760.28  6907.8125  5.05203e-01  4.57089e-01  4.91802e-01  1.34011e-02
  15788.84  6908.4375  5.10475e-01  5.47413e-01  4.95672e-01  1.48032e-02
  15817.39  6909.0625  4.99247e-01  4.90252e-01  4.80129e-01  1.91184e-02
  15845.94  6909.6875  4.71519e-01  4.86963e-01  4.49145e-01  2.23746e-02
  15874.49  6910.3125  4.57844e-01  4.07254e-01  4.40672e-01  1.71725e-02
  15903.04  6910.9375  4.97261e-01  5.04807e-01  4.84937e-01  1.23245e-02
  15931.59  6911.5625  5.43467e-01  5.67622e-01  5.29211e-01  1.42565e-02
  15960.14  6912.1875  5.73375e-01  5.37673e-01  5.58527e-01  1.48481e-02
  15988.69  6912.8125  5.90322e-01  6.70644e-01  5.75936e-01  1.43858e-02
  16017.24  6913.4375  5.70841e-01  4.82099e-01  5.58749e-01  1.20914e-02
  16045.79  6914.0625  5.54581e-01  6.71091e-01  5.43816e-01  1.07651e-02
  16074.35  6914.6875  4.91678e-01  3.97557e-01  4.79859e-01  1.18192e-02
  16102.90  6915.3125  4.93607e-01  4.79158e-01  4.83634e-01  9.97268e-03
  16131.45  6915.9375  5.35258e-01  5.91724e-01  5.27371e-01  7.88641e-03
  16160.00  6916.5625  5.40210e-01  4.94520e-01  5.31247e-01  8.96325e-03
  16188.55  6917.1875  5.51239e-01  5.85810e-01  5.40619e-01  1.06197e-02
  16217.10  6917.8125  5.44504e-01  5.40956e-01  5.28574e-01  1.59295e-02
  16245.65  6918.4375  5.28335e-01  5.18799e-01  5.07168e-01  2.11677e-02
  16274.20  6919.0625  5.21282e-01  5.33280e-01  5.01874e-01  1.94073e-02
  16302.75  6919.6875  5.49875e-01  4.70406e-01  5.31956e-01  1.79191e-02
  16331.30  6920.3125  6.28798e-01  7.08550e-01  6.12575e-01  1.62226e-02
  16359.86  6920.9375  6.41460e-01  6.53633e-01  6.25924e-01  1.55354e-02
  16388.41  6921.5625  5.89780e-01  5.94934e-01  5.76269e-01  1.35104e-02
  16416.96  6922.1875  5.38343e-01  5.10922e-01  5.28440e-01  9.90223e-03
  16445.51  6922.8125  5.30201e-01  5.12502e-01  5.20393e-01  9.80847e-03
  16474.06  6923.4375  5.48291e-01  5.70956e-01  5.36286e-01  1.20050e-02
  16502.61  6924.0625  5.46237e-01  5.49399e-01  5.34139e-01  1.20975e-02
  16531.16  6924.6875  5.33941e-01  5.21858e-01  5.20954e-01  1.29870e-02
  16559.71  6925.3125  5.31297e-01  5.36282e-01  5.20583e-01  1.07142e-02
  16588.26  6925.9375  5.17285e-01  5.38812e-01  5.08163e-01  9.12201e-03
  16616.81  6926.5625  4.93223e-01  4.58986e-01  4.85203e-01  8.02038e-03
  16645.37  6927.1875  5.09469e-01  4.94796e-01  5.00083e-01  9.38606e-03
  16673.92  6927.8125  5.47899e-01  5.78365e-01  5.36019e-01  1.18803e-02
  16702.47  6928.4375  5.70909e-01  5.43453e-01  5.59087e-01  1.18215e-02
  16731.02  6929.0625  5.83204e-01  6.30233e-01  5.71430e-01  1.17739e-02
  16759.57  6929.6875  5.39927e-01  5.57703e-01  5.29736e-01  1.01914e-02
  16788.12  6930.3125  4.86291e-01  4.16516e-01  4.78712e-01  7.57934e-03
  16816.67  6930.9375  4.90780e-01  5.30589e-01  4.81779e-01  9.00066e-03
  16845.22  6931.5625  5.08509e-01  4.65416e-01  4.97806e-01  1.07023e-02
  16873.77  6932.1875  5.31120e-01  5.81952e-01  5.23246e-01  7.87449e-03
  16902.33  6932.8125  5.15557e-01  5.09859e-01  5.09055e-01  6.50151e-03
  16930.88  6933.4375  5.04772e-01  4.59580e-01  4.96101e-01  8.67070e-03
  16959.43  6934.0625  5.39388e-01  5.66951e-01  5.29529e-01  9.85936e-03
  16987.98  6934.6875  5.65710e-01  5.63877e-01  5.54241e-01  1.14693e-02
  17016.53  6935.3125  5.72483e-01  5.83301e-01  5.58720e-01  1.37630e-02
  17045.08  6935.9375  5.63497e-01  5.66749e-01  5.51014e-01  1.24826e-02
  17073.63  6936.5625  5.52094e-01  5.37148e-01  5.40646e-01  1.14485e-02
  17102.18  6937.1875  5.47845e-01  5.67149e-01  5.38314e-01  9.53164e-03
  17130.73  6937.8125  5.46442e-01  5.11379e-01  5.35559e-01  1.08836e-02
  17159.28  6938.4375  5.51299e-01  6.00875e-01  5.37041e-01  1.42587e-02
  17187.84  6939.0625  5.26660e-01  5.01416e-01  5.10908e-01  1.57520e-02
  17216.39  6939.6875  5.18300e-01  4.97569e-01  5.04417e-01  1.38833e-02
  17244.94  6940.3125  5.30546e-01  5.64568e-01  5.19070e-01  1.14761e-02
  17273.49  6940.9375  5.10940e-01  5.11755e-01  5.00637e-01  1.03032e-02
  17302.04  6941.5625  4.81795e-01  4.63579e-01  4.71997e-01  9.79803e-03
  17330.59  6942.1875  4.84390e-01  4.68730e-01  4.72657e-01  1.17330e-02
  17359.14  6942.8125  5.09450e-01  5.24367e-01  4.96585e-01  1.28657e-02
  17387.69  6943.4375  5.16160e-01  5.30775e-01  5.03114e-01  1.30463e-02
  17416.24  6944.0625  5.02366e-01  4.90634e-01  4.92041e-01  1.03247e-02
  17444.79  6944.6875  5.05247e-01  4.89135e-01  4.97490e-01  7.75674e-03
  17473.35  6945.3125  5.45948e-01  5.28622e-01  5.35422e-01  1.05257e-02
  17501.90  6945.9375  6.01529e-01  6.30664e-01  5.87245e-01  1.42845e-02
  17530.45  6946.5625  6.12083e-01  6.38236e-01  5.98752e-01  1.33312e-02
  17559.00  6947.1875  5.54871e-01  5.86610e-01  5.45810e-01  9.06119e-03
  17587.55  6947.8125  5.00100e-01  3.94669e-01  4.94138e-01  5.96220e-03
  17616.10  6948.4375  5.23722e-01  5.94463e-01  5.18189e-01  5.53231e-03
  17644.65  6949.0625  5.27424e-01  5.08476e-01  5.19996e-01  7.42830e-03
  17673.20  6949.6875  5.17093e-01  5.16800e-01  5.08409e-01  8.68350e-03
