# day000.5  epoch=0.5d  L_Halpha=1.012e+40 erg/s  smooth_kms=25.0
# Columns:
#   1: Δv [km/s]      velocity offset from Hα (6562.81 Å), positive = redshift
#   2: lambda [Å]     observed wavelength
#   3: F_norm         total flux, smoothed, normalized to F_cont_baseline
#   4: F_norm_raw     total flux, RAW MC (no velocity smoothing)
#   5: F_cont_smooth  continuum-channel flux (continuum photons only)
#   6: F_vol_smooth   volumetric-channel flux (line emission contribution)
# Format: F_norm ≈ F_cont_smooth + F_vol_smooth (within MC noise)
# ----------------------------------------------------------------------------------------
 -16559.48  6200.3125  1.08897e+00  1.08062e+00  1.08865e+00  0.00000e+00
 -16530.93  6200.9375  1.05621e+00  1.14001e+00  1.05601e+00  0.00000e+00
 -16502.38  6201.5625  1.00400e+00  8.56797e-01  1.00387e+00  0.00000e+00
 -16473.83  6202.1875  1.05361e+00  1.12755e+00  1.05333e+00  0.00000e+00
 -16445.28  6202.8125  1.09968e+00  1.08089e+00  1.09957e+00  0.00000e+00
 -16416.73  6203.4375  1.08061e+00  1.16576e+00  1.08095e+00  0.00000e+00
 -16388.18  6204.0625  9.83618e-01  9.39902e-01  9.84224e-01  0.00000e+00
 -16359.63  6204.6875  9.07577e-01  8.87733e-01  9.08157e-01  0.00000e+00
 -16331.08  6205.3125  9.11401e-01  8.64522e-01  9.11693e-01  0.00000e+00
 -16302.53  6205.9375  1.00542e+00  9.76213e-01  1.00545e+00  0.00000e+00
 -16273.97  6206.5625  1.09882e+00  1.21335e+00  1.09882e+00  0.00000e+00
 -16245.42  6207.1875  1.07445e+00  1.04709e+00  1.07454e+00  0.00000e+00
 -16216.87  6207.8125  1.00573e+00  1.02615e+00  1.00546e+00  0.00000e+00
 -16188.32  6208.4375  9.31854e-01  9.20906e-01  9.31281e-01  0.00000e+00
 -16159.77  6209.0625  9.11197e-01  8.29799e-01  9.10744e-01  0.00000e+00
 -16131.22  6209.6875  1.01022e+00  9.99268e-01  1.00990e+00  0.00000e+00
 -16102.67  6210.3125  1.13777e+00  1.19190e+00  1.13788e+00  0.00000e+00
 -16074.12  6210.9375  1.15565e+00  1.24002e+00  1.15599e+00  0.00000e+00
 -16045.57  6211.5625  1.10999e+00  9.72709e-01  1.10987e+00  0.00000e+00
 -16017.01  6212.1875  1.16425e+00  1.21336e+00  1.16389e+00  0.00000e+00
 -15988.46  6212.8125  1.21848e+00  1.24073e+00  1.21827e+00  0.00000e+00
 -15959.91  6213.4375  1.18398e+00  1.23804e+00  1.18375e+00  0.00000e+00
 -15931.36  6214.0625  1.05549e+00  1.07522e+00  1.05537e+00  0.00000e+00
 -15902.81  6214.6875  9.62162e-01  7.98879e-01  9.62281e-01  0.00000e+00
 -15874.26  6215.3125  9.97528e-01  1.12427e+00  9.97834e-01  0.00000e+00
 -15845.71  6215.9375  9.85700e-01  9.46327e-01  9.85883e-01  0.00000e+00
 -15817.16  6216.5625  9.43116e-01  9.60254e-01  9.43200e-01  0.00000e+00
 -15788.61  6217.1875  8.77067e-01  9.13374e-01  8.76817e-01  0.00000e+00
 -15760.06  6217.8125  7.99141e-01  7.29742e-01  7.98729e-01  0.00000e+00
 -15731.50  6218.4375  8.41586e-01  7.50098e-01  8.41154e-01  0.00000e+00
 -15702.95  6219.0625  9.58814e-01  1.10979e+00  9.58080e-01  0.00000e+00
 -15674.40  6219.6875  9.90009e-01  8.92087e-01  9.89224e-01  0.00000e+00
 -15645.85  6220.3125  1.03423e+00  1.08465e+00  1.03392e+00  0.00000e+00
 -15617.30  6220.9375  1.08598e+00  1.04369e+00  1.08600e+00  0.00000e+00
 -15588.75  6221.5625  1.07896e+00  1.23081e+00  1.07882e+00  0.00000e+00
 -15560.20  6222.1875  9.69672e-01  8.44247e-01  9.69365e-01  0.00000e+00
 -15531.65  6222.8125  9.45357e-01  9.30306e-01  9.44933e-01  0.00000e+00
 -15503.10  6223.4375  9.92924e-01  1.02372e+00  9.92607e-01  0.00000e+00
 -15474.55  6224.0625  1.00295e+00  1.02081e+00  1.00262e+00  0.00000e+00
 -15445.99  6224.6875  9.84547e-01  9.59672e-01  9.84330e-01  0.00000e+00
 -15417.44  6225.3125  9.71160e-01  1.00206e+00  9.71437e-01  0.00000e+00
 -15388.89  6225.9375  9.69486e-01  9.01347e-01  9.69839e-01  0.00000e+00
 -15360.34  6226.5625  9.87443e-01  1.07731e+00  9.87583e-01  0.00000e+00
 -15331.79  6227.1875  9.50956e-01  9.12364e-01  9.51045e-01  0.00000e+00
 -15303.24  6227.8125  9.45831e-01  8.91468e-01  9.45601e-01  0.00000e+00
 -15274.69  6228.4375  1.01622e+00  1.04433e+00  1.01562e+00  0.00000e+00
 -15246.14  6229.0625  1.07399e+00  1.08780e+00  1.07345e+00  0.00000e+00
 -15217.59  6229.6875  1.07485e+00  1.11187e+00  1.07431e+00  0.00000e+00
 -15189.03  6230.3125  1.00916e+00  1.02433e+00  1.00850e+00  0.00000e+00
 -15160.48  6230.9375  9.30892e-01  8.82704e-01  9.30314e-01  0.00000e+00
 -15131.93  6231.5625  9.28679e-01  8.91244e-01  9.28125e-01  0.00000e+00
 -15103.38  6232.1875  9.87781e-01  1.01241e+00  9.87396e-01  0.00000e+00
 -15074.83  6232.8125  1.00108e+00  1.07008e+00  1.00074e+00  0.00000e+00
 -15046.28  6233.4375  9.88091e-01  8.51198e-01  9.87721e-01  0.00000e+00
 -15017.73  6234.0625  1.04896e+00  1.15648e+00  1.04896e+00  0.00000e+00
 -14989.18  6234.6875  1.03323e+00  1.05846e+00  1.03360e+00  0.00000e+00
 -14960.63  6235.3125  9.50236e-01  9.06808e-01  9.50319e-01  0.00000e+00
 -14932.08  6235.9375  9.16942e-01  8.96972e-01  9.16824e-01  0.00000e+00
 -14903.52  6236.5625  9.18432e-01  9.52365e-01  9.18591e-01  0.00000e+00
 -14874.97  6237.1875  9.39855e-01  8.52404e-01  9.40003e-01  0.00000e+00
 -14846.42  6237.8125  1.03553e+00  1.07515e+00  1.03528e+00  0.00000e+00
 -14817.87  6238.4375  1.15003e+00  1.11009e+00  1.14934e+00  0.00000e+00
 -14789.32  6239.0625  1.22225e+00  1.35164e+00  1.22137e+00  0.00000e+00
 -14760.77  6239.6875  1.20639e+00  1.09417e+00  1.20575e+00  0.00000e+00
 -14732.22  6240.3125  1.15567e+00  1.33967e+00  1.15555e+00  0.00000e+00
 -14703.67  6240.9375  1.00330e+00  8.73233e-01  1.00339e+00  0.00000e+00
 -14675.12  6241.5625  9.34258e-01  9.01512e-01  9.34389e-01  0.00000e+00
 -14646.57  6242.1875  9.37691e-01  1.01145e+00  9.37684e-01  0.00000e+00
 -14618.01  6242.8125  8.83765e-01  8.57632e-01  8.83620e-01  0.00000e+00
 -14589.46  6243.4375  8.38085e-01  8.11729e-01  8.38078e-01  0.00000e+00
 -14560.91  6244.0625  8.66422e-01  8.24033e-01  8.66814e-01  0.00000e+00
 -14532.36  6244.6875  9.57023e-01  9.71870e-01  9.57690e-01  0.00000e+00
 -14503.81  6245.3125  1.01615e+00  1.08291e+00  1.01658e+00  0.00000e+00
 -14475.26  6245.9375  1.02039e+00  9.49568e-01  1.02035e+00  0.00000e+00
 -14446.71  6246.5625  1.05553e+00  1.09076e+00  1.05496e+00  0.00000e+00
 -14418.16  6247.1875  1.06598e+00  1.09901e+00  1.06529e+00  0.00000e+00
 -14389.61  6247.8125  1.04147e+00  9.94997e-01  1.04087e+00  0.00000e+00
 -14361.06  6248.4375  1.05590e+00  1.05902e+00  1.05549e+00  0.00000e+00
 -14332.50  6249.0625  1.08569e+00  1.09104e+00  1.08545e+00  0.00000e+00
 -14303.95  6249.6875  1.03522e+00  1.16318e+00  1.03511e+00  0.00000e+00
 -14275.40  6250.3125  9.04232e-01  7.51445e-01  9.03818e-01  0.00000e+00
 -14246.85  6250.9375  9.16497e-01  8.86383e-01  9.16018e-01  0.00000e+00
 -14218.30  6251.5625  1.03051e+00  1.07164e+00  1.03048e+00  0.00000e+00
 -14189.75  6252.1875  1.07626e+00  1.13880e+00  1.07649e+00  0.00000e+00
 -14161.20  6252.8125  1.04185e+00  1.00110e+00  1.04213e+00  0.00000e+00
 -14132.65  6253.4375  1.06150e+00  9.85618e-01  1.06149e+00  0.00000e+00
 -14104.10  6254.0625  1.08405e+00  1.29243e+00  1.08384e+00  0.00000e+00
 -14075.54  6254.6875  9.70994e-01  8.11755e-01  9.71280e-01  0.00000e+00
 -14046.99  6255.3125  9.26721e-01  9.65896e-01  9.27380e-01  0.00000e+00
 -14018.44  6255.9375  9.89522e-01  8.69587e-01  9.89952e-01  0.00000e+00
 -13989.89  6256.5625  1.13460e+00  1.23275e+00  1.13478e+00  0.00000e+00
 -13961.34  6257.1875  1.21175e+00  1.22072e+00  1.21164e+00  0.00000e+00
 -13932.79  6257.8125  1.17932e+00  1.25326e+00  1.17887e+00  0.00000e+00
 -13904.24  6258.4375  1.09103e+00  1.00464e+00  1.09067e+00  0.00000e+00
 -13875.69  6259.0625  1.05944e+00  1.08176e+00  1.05931e+00  0.00000e+00
 -13847.14  6259.6875  1.04781e+00  1.05007e+00  1.04796e+00  0.00000e+00
 -13818.59  6260.3125  1.03925e+00  1.00926e+00  1.03958e+00  0.00000e+00
 -13790.03  6260.9375  1.04490e+00  1.08725e+00  1.04522e+00  0.00000e+00
 -13761.48  6261.5625  1.04754e+00  9.85447e-01  1.04772e+00  0.00000e+00
 -13732.93  6262.1875  1.07508e+00  1.13738e+00  1.07498e+00  0.00000e+00
 -13704.38  6262.8125  1.13012e+00  9.99527e-01  1.12990e+00  0.00000e+00
 -13675.83  6263.4375  1.23289e+00  1.38258e+00  1.23247e+00  0.00000e+00
 -13647.28  6264.0625  1.20752e+00  1.21367e+00  1.20712e+00  0.00000e+00
 -13618.73  6264.6875  1.06127e+00  1.10808e+00  1.06100e+00  0.00000e+00
 -13590.18  6265.3125  8.86107e-01  8.16919e-01  8.85636e-01  0.00000e+00
 -13561.63  6265.9375  7.88997e-01  7.69999e-01  7.88566e-01  0.00000e+00
 -13533.08  6266.5625  7.97880e-01  7.27917e-01  7.97769e-01  0.00000e+00
 -13504.52  6267.1875  8.69261e-01  9.41762e-01  8.69084e-01  0.00000e+00
 -13475.97  6267.8125  8.79255e-01  8.96551e-01  8.79081e-01  0.00000e+00
 -13447.42  6268.4375  8.83215e-01  7.88047e-01  8.83223e-01  0.00000e+00
 -13418.87  6269.0625  1.00557e+00  9.87039e-01  1.00543e+00  0.00000e+00
 -13390.32  6269.6875  1.09304e+00  1.29516e+00  1.09233e+00  0.00000e+00
 -13361.77  6270.3125  1.02489e+00  8.55692e-01  1.02415e+00  0.00000e+00
 -13333.22  6270.9375  1.00899e+00  1.09494e+00  1.00868e+00  0.00000e+00
 -13304.67  6271.5625  9.92737e-01  9.64768e-01  9.92873e-01  0.00000e+00
 -13276.12  6272.1875  9.88855e-01  9.51821e-01  9.89153e-01  0.00000e+00
 -13247.56  6272.8125  1.02496e+00  1.06268e+00  1.02498e+00  0.00000e+00
 -13219.01  6273.4375  1.02573e+00  1.03852e+00  1.02518e+00  0.00000e+00
 -13190.46  6274.0625  9.79894e-01  9.98085e-01  9.79409e-01  0.00000e+00
 -13161.91  6274.6875  9.56480e-01  8.60389e-01  9.56371e-01  0.00000e+00
 -13133.36  6275.3125  1.00196e+00  1.08103e+00  1.00213e+00  0.00000e+00
 -13104.81  6275.9375  9.96258e-01  1.00001e+00  9.96575e-01  0.00000e+00
 -13076.26  6276.5625  9.24178e-01  9.54260e-01  9.24424e-01  0.00000e+00
 -13047.71  6277.1875  8.39306e-01  7.85755e-01  8.39249e-01  0.00000e+00
 -13019.16  6277.8125  8.13392e-01  8.09243e-01  8.13318e-01  0.00000e+00
 -12990.61  6278.4375  8.74604e-01  7.85656e-01  8.74701e-01  0.00000e+00
 -12962.05  6279.0625  9.85530e-01  1.10655e+00  9.85507e-01  0.00000e+00
 -12933.50  6279.6875  9.89710e-01  9.87581e-01  9.89433e-01  0.00000e+00
 -12904.95  6280.3125  9.22569e-01  9.32140e-01  9.22207e-01  0.00000e+00
 -12876.40  6280.9375  8.79972e-01  8.12682e-01  8.79948e-01  0.00000e+00
 -12847.85  6281.5625  9.10913e-01  9.30498e-01  9.11346e-01  0.00000e+00
 -12819.30  6282.1875  9.74877e-01  9.43325e-01  9.75234e-01  0.00000e+00
 -12790.75  6282.8125  1.05979e+00  1.07694e+00  1.05990e+00  0.00000e+00
 -12762.20  6283.4375  1.11413e+00  1.15289e+00  1.11405e+00  0.00000e+00
 -12733.65  6284.0625  1.06901e+00  1.13908e+00  1.06884e+00  0.00000e+00
 -12705.10  6284.6875  9.76827e-01  8.55402e-01  9.76946e-01  0.00000e+00
 -12676.54  6285.3125  9.48663e-01  1.04038e+00  9.48888e-01  0.00000e+00
 -12647.99  6285.9375  8.99676e-01  8.54050e-01  8.99512e-01  0.00000e+00
 -12619.44  6286.5625  9.01295e-01  8.30138e-01  9.01030e-01  0.00000e+00
 -12590.89  6287.1875  9.86596e-01  1.04537e+00  9.86535e-01  0.00000e+00
 -12562.34  6287.8125  1.03456e+00  1.03923e+00  1.03458e+00  0.00000e+00
 -12533.79  6288.4375  1.03581e+00  1.05461e+00  1.03595e+00  0.00000e+00
 -12505.24  6289.0625  1.07700e+00  9.52418e-01  1.07734e+00  0.00000e+00
 -12476.69  6289.6875  1.16837e+00  1.34277e+00  1.16869e+00  0.00000e+00
 -12448.14  6290.3125  1.12952e+00  1.08856e+00  1.12969e+00  0.00000e+00
 -12419.58  6290.9375  1.08745e+00  1.00940e+00  1.08718e+00  0.00000e+00
 -12391.03  6291.5625  1.10271e+00  1.21093e+00  1.10233e+00  0.00000e+00
 -12362.48  6292.1875  1.03587e+00  1.02534e+00  1.03606e+00  0.00000e+00
 -12333.93  6292.8125  1.03101e+00  8.34328e-01  1.03145e+00  0.00000e+00
 -12305.38  6293.4375  1.14866e+00  1.39156e+00  1.14921e+00  0.00000e+00
 -12276.83  6294.0625  1.13894e+00  1.00494e+00  1.13938e+00  0.00000e+00
 -12248.28  6294.6875  1.08951e+00  1.22048e+00  1.08960e+00  0.00000e+00
 -12219.73  6295.3125  9.84255e-01  9.14738e-01  9.84200e-01  0.00000e+00
 -12191.18  6295.9375  9.63535e-01  8.50745e-01  9.63389e-01  0.00000e+00
 -12162.63  6296.5625  1.08426e+00  1.15648e+00  1.08401e+00  0.00000e+00
 -12134.07  6297.1875  1.13402e+00  1.21584e+00  1.13362e+00  0.00000e+00
 -12105.52  6297.8125  1.10115e+00  9.83332e-01  1.10083e+00  0.00000e+00
 -12076.97  6298.4375  1.09684e+00  1.22914e+00  1.09676e+00  0.00000e+00
 -12048.42  6299.0625  1.05022e+00  9.38648e-01  1.05041e+00  0.00000e+00
 -12019.87  6299.6875  1.03250e+00  1.10577e+00  1.03264e+00  0.00000e+00
 -11991.32  6300.3125  9.98008e-01  9.71715e-01  9.97859e-01  0.00000e+00
 -11962.77  6300.9375  9.90846e-01  9.34231e-01  9.90626e-01  0.00000e+00
 -11934.22  6301.5625  1.04296e+00  1.09182e+00  1.04298e+00  0.00000e+00
 -11905.67  6302.1875  1.06222e+00  1.06474e+00  1.06249e+00  0.00000e+00
 -11877.12  6302.8125  1.02521e+00  1.06857e+00  1.02548e+00  0.00000e+00
 -11848.56  6303.4375  9.53673e-01  9.11552e-01  9.53841e-01  0.00000e+00
 -11820.01  6304.0625  9.24790e-01  8.99327e-01  9.24949e-01  0.00000e+00
 -11791.46  6304.6875  9.06192e-01  9.87907e-01  9.06189e-01  0.00000e+00
 -11762.91  6305.3125  8.35401e-01  7.74912e-01  8.35128e-01  0.00000e+00
 -11734.36  6305.9375  8.55869e-01  7.56278e-01  8.55489e-01  0.00000e+00
 -11705.81  6306.5625  1.00921e+00  1.05526e+00  1.00886e+00  0.00000e+00
 -11677.26  6307.1875  1.06381e+00  1.23978e+00  1.06401e+00  0.00000e+00
 -11648.71  6307.8125  9.81030e-01  7.73251e-01  9.81242e-01  0.00000e+00
 -11620.16  6308.4375  9.96286e-01  1.11195e+00  9.96212e-01  0.00000e+00
 -11591.60  6309.0625  9.65329e-01  9.85908e-01  9.65555e-01  0.00000e+00
 -11563.05  6309.6875  8.58528e-01  8.42811e-01  8.58896e-01  0.00000e+00
 -11534.50  6310.3125  8.42973e-01  6.91956e-01  8.43315e-01  0.00000e+00
 -11505.95  6310.9375  9.54860e-01  1.09540e+00  9.55103e-01  0.00000e+00
 -11477.40  6311.5625  1.00041e+00  9.46858e-01  1.00037e+00  0.00000e+00
 -11448.85  6312.1875  9.79758e-01  1.07874e+00  9.79690e-01  0.00000e+00
 -11420.30  6312.8125  9.05936e-01  8.19801e-01  9.06269e-01  0.00000e+00
 -11391.75  6313.4375  8.79881e-01  9.00972e-01  8.80345e-01  0.00000e+00
 -11363.20  6314.0625  9.29111e-01  8.30101e-01  9.29451e-01  0.00000e+00
 -11334.65  6314.6875  1.00163e+00  1.16913e+00  1.00160e+00  0.00000e+00
 -11306.09  6315.3125  9.58097e-01  8.78655e-01  9.58141e-01  0.00000e+00
 -11277.54  6315.9375  9.28058e-01  9.20684e-01  9.28244e-01  0.00000e+00
 -11248.99  6316.5625  9.71055e-01  9.33518e-01  9.71523e-01  0.00000e+00
 -11220.44  6317.1875  1.03804e+00  1.09851e+00  1.03844e+00  0.00000e+00
 -11191.89  6317.8125  1.09591e+00  1.00807e+00  1.09581e+00  0.00000e+00
 -11163.34  6318.4375  1.15090e+00  1.29063e+00  1.15080e+00  0.00000e+00
 -11134.79  6319.0625  1.07956e+00  1.06930e+00  1.07964e+00  0.00000e+00
 -11106.24  6319.6875  9.88389e-01  9.06640e-01  9.88256e-01  0.00000e+00
 -11077.69  6320.3125  9.85961e-01  1.02399e+00  9.85385e-01  0.00000e+00
 -11049.14  6320.9375  1.00332e+00  9.68540e-01  1.00265e+00  0.00000e+00
 -11020.58  6321.5625  1.03290e+00  1.05659e+00  1.03237e+00  0.00000e+00
 -10992.03  6322.1875  1.06251e+00  1.04258e+00  1.06217e+00  0.00000e+00
 -10963.48  6322.8125  1.10229e+00  1.10713e+00  1.10231e+00  0.00000e+00
 -10934.93  6323.4375  1.13554e+00  1.15061e+00  1.13608e+00  0.00000e+00
 -10906.38  6324.0625  1.10789e+00  1.17321e+00  1.10881e+00  0.00000e+00
 -10877.83  6324.6875  1.01085e+00  9.70899e-01  1.01161e+00  0.00000e+00
 -10849.28  6325.3125  9.73827e-01  8.90762e-01  9.74172e-01  0.00000e+00
 -10820.73  6325.9375  1.00638e+00  1.11403e+00  1.00667e+00  0.00000e+00
 -10792.18  6326.5625  9.84375e-01  9.24794e-01  9.84906e-01  0.00000e+00
 -10763.62  6327.1875  9.99627e-01  9.64772e-01  1.00021e+00  0.00000e+00
 -10735.07  6327.8125  1.07825e+00  1.10212e+00  1.07830e+00  0.00000e+00
 -10706.52  6328.4375  1.11865e+00  1.16217e+00  1.11852e+00  0.00000e+00
 -10677.97  6329.0625  1.03802e+00  1.12813e+00  1.03810e+00  0.00000e+00
 -10649.42  6329.6875  9.08622e-01  7.45339e-01  9.08829e-01  0.00000e+00
 -10620.87  6330.3125  9.29545e-01  9.44639e-01  9.29511e-01  0.00000e+00
 -10592.32  6330.9375  9.91680e-01  1.05744e+00  9.91564e-01  0.00000e+00
 -10563.77  6331.5625  1.03921e+00  9.00225e-01  1.03909e+00  0.00000e+00
 -10535.22  6332.1875  1.09617e+00  1.32271e+00  1.09610e+00  0.00000e+00
 -10506.67  6332.8125  9.78695e-01  9.07332e-01  9.78541e-01  0.00000e+00
 -10478.11  6333.4375  8.71779e-01  7.94664e-01  8.71329e-01  0.00000e+00
 -10449.56  6334.0625  9.25036e-01  8.86884e-01  9.24902e-01  0.00000e+00
 -10421.01  6334.6875  1.04742e+00  1.09833e+00  1.04788e+00  0.00000e+00
 -10392.46  6335.3125  1.11668e+00  1.13377e+00  1.11755e+00  0.00000e+00
 -10363.91  6335.9375  1.13162e+00  1.13633e+00  1.13267e+00  0.00000e+00
 -10335.36  6336.5625  1.14402e+00  1.11360e+00  1.14461e+00  0.00000e+00
 -10306.81  6337.1875  1.14561e+00  1.22587e+00  1.14586e+00  0.00000e+00
 -10278.26  6337.8125  1.07428e+00  1.05179e+00  1.07435e+00  0.00000e+00
 -10249.71  6338.4375  1.02693e+00  9.58079e-01  1.02696e+00  0.00000e+00
 -10221.16  6339.0625  1.07310e+00  1.08326e+00  1.07318e+00  0.00000e+00
 -10192.60  6339.6875  1.10004e+00  1.18837e+00  1.10015e+00  0.00000e+00
 -10164.05  6340.3125  1.08731e+00  9.39963e-01  1.08739e+00  0.00000e+00
 -10135.50  6340.9375  1.09158e+00  1.30501e+00  1.09156e+00  0.00000e+00
 -10106.95  6341.5625  9.74097e-01  8.50400e-01  9.74197e-01  0.00000e+00
 -10078.40  6342.1875  9.19118e-01  8.78104e-01  9.19088e-01  0.00000e+00
 -10049.85  6342.8125  9.43268e-01  1.02343e+00  9.42867e-01  0.00000e+00
 -10021.30  6343.4375  9.73898e-01  8.25662e-01  9.73995e-01  0.00000e+00
  -9992.75  6344.0625  1.05064e+00  1.22634e+00  1.05133e+00  0.00000e+00
  -9964.20  6344.6875  1.03106e+00  9.50223e-01  1.03152e+00  0.00000e+00
  -9935.65  6345.3125  1.04298e+00  9.94056e-01  1.04270e+00  0.00000e+00
  -9907.09  6345.9375  1.08458e+00  1.21774e+00  1.08372e+00  0.00000e+00
  -9878.54  6346.5625  1.01816e+00  9.55202e-01  1.01741e+00  0.00000e+00
  -9849.99  6347.1875  9.42181e-01  9.70914e-01  9.41855e-01  0.00000e+00
  -9821.44  6347.8125  9.21070e-01  8.21887e-01  9.21265e-01  0.00000e+00
  -9792.89  6348.4375  9.98089e-01  1.02638e+00  9.98296e-01  0.00000e+00
  -9764.34  6349.0625  1.06519e+00  1.12128e+00  1.06510e+00  0.00000e+00
  -9735.79  6349.6875  1.08714e+00  1.00890e+00  1.08704e+00  0.00000e+00
  -9707.24  6350.3125  1.10844e+00  1.22549e+00  1.10840e+00  0.00000e+00
  -9678.69  6350.9375  1.04105e+00  1.00585e+00  1.04101e+00  0.00000e+00
  -9650.13  6351.5625  9.63169e-01  9.47016e-01  9.63167e-01  0.00000e+00
  -9621.58  6352.1875  9.38293e-01  9.10234e-01  9.38481e-01  0.00000e+00
  -9593.03  6352.8125  9.17927e-01  9.99364e-01  9.18426e-01  0.00000e+00
  -9564.48  6353.4375  8.97260e-01  7.41631e-01  8.97680e-01  0.00000e+00
  -9535.93  6354.0625  9.68095e-01  1.07801e+00  9.68108e-01  0.00000e+00
  -9507.38  6354.6875  9.70912e-01  9.96703e-01  9.70658e-01  0.00000e+00
  -9478.83  6355.3125  9.25096e-01  8.45747e-01  9.24773e-01  0.00000e+00
  -9450.28  6355.9375  9.45628e-01  9.75814e-01  9.45460e-01  0.00000e+00
  -9421.73  6356.5625  9.48571e-01  9.94749e-01  9.48614e-01  0.00000e+00
  -9393.18  6357.1875  9.29161e-01  8.35585e-01  9.29473e-01  0.00000e+00
  -9364.62  6357.8125  9.70447e-01  1.02698e+00  9.70615e-01  0.00000e+00
  -9336.07  6358.4375  9.81244e-01  1.00093e+00  9.81252e-01  0.00000e+00
  -9307.52  6359.0625  9.64474e-01  9.15709e-01  9.64699e-01  0.00000e+00
  -9278.97  6359.6875  9.99310e-01  9.94691e-01  9.99828e-01  0.00000e+00
  -9250.42  6360.3125  1.02564e+00  1.09762e+00  1.02624e+00  0.00000e+00
  -9221.87  6360.9375  9.67755e-01  9.62016e-01  9.68303e-01  0.00000e+00
  -9193.32  6361.5625  9.45176e-01  8.24962e-01  9.45750e-01  0.00000e+00
  -9164.77  6362.1875  1.04982e+00  1.10431e+00  1.05042e+00  0.00000e+00
  -9136.22  6362.8125  1.12272e+00  1.17108e+00  1.12311e+00  0.00000e+00
  -9107.67  6363.4375  1.05701e+00  1.13882e+00  1.05705e+00  0.00000e+00
  -9079.11  6364.0625  9.40592e-01  7.92020e-01  9.40494e-01  0.00000e+00
  -9050.56  6364.6875  9.65641e-01  9.75106e-01  9.65622e-01  0.00000e+00
  -9022.01  6365.3125  1.05818e+00  1.06606e+00  1.05812e+00  0.00000e+00
  -8993.46  6365.9375  1.09501e+00  1.17293e+00  1.09463e+00  0.00000e+00
  -8964.91  6366.5625  1.07557e+00  9.87462e-01  1.07514e+00  0.00000e+00
  -8936.36  6367.1875  1.11623e+00  1.12918e+00  1.11608e+00  0.00000e+00
  -8907.81  6367.8125  1.14982e+00  1.21723e+00  1.14965e+00  0.00000e+00
  -8879.26  6368.4375  1.08861e+00  1.08652e+00  1.08844e+00  0.00000e+00
  -8850.71  6369.0625  9.75651e-01  1.00463e+00  9.75651e-01  0.00000e+00
  -8822.15  6369.6875  9.01398e-01  7.66620e-01  9.01572e-01  0.00000e+00
  -8793.60  6370.3125  9.23181e-01  1.03280e+00  9.23158e-01  0.00000e+00
  -8765.05  6370.9375  8.92560e-01  8.80260e-01  8.92338e-01  0.00000e+00
  -8736.50  6371.5625  9.06983e-01  7.46407e-01  9.06722e-01  0.00000e+00
  -8707.95  6372.1875  1.01898e+00  1.22156e+00  1.01875e+00  0.00000e+00
  -8679.40  6372.8125  1.00405e+00  9.27838e-01  1.00395e+00  0.00000e+00
  -8650.85  6373.4375  9.62271e-01  9.83746e-01  9.62402e-01  0.00000e+00
  -8622.30  6374.0625  9.68995e-01  9.03539e-01  9.69433e-01  0.00000e+00
  -8593.75  6374.6875  1.01873e+00  1.07642e+00  1.01888e+00  0.00000e+00
  -8565.20  6375.3125  1.03579e+00  1.02082e+00  1.03564e+00  0.00000e+00
  -8536.64  6375.9375  9.80744e-01  1.08405e+00  9.80643e-01  0.00000e+00
  -8508.09  6376.5625  8.58823e-01  7.53189e-01  8.58873e-01  0.00000e+00
  -8479.54  6377.1875  8.22606e-01  8.18118e-01  8.22701e-01  0.00000e+00
  -8450.99  6377.8125  9.16315e-01  8.03080e-01  9.16111e-01  0.00000e+00
  -8422.44  6378.4375  1.07068e+00  1.23514e+00  1.07018e+00  0.00000e+00
  -8393.89  6379.0625  1.12357e+00  1.03795e+00  1.12302e+00  0.00000e+00
  -8365.34  6379.6875  1.14569e+00  1.22497e+00  1.14570e+00  0.00000e+00
  -8336.79  6380.3125  1.09152e+00  1.11799e+00  1.09191e+00  0.00000e+00
  -8308.24  6380.9375  9.53791e-01  9.67390e-01  9.54232e-01  0.00000e+00
  -8279.69  6381.5625  8.68780e-01  7.18028e-01  8.68897e-01  0.00000e+00
  -8251.13  6382.1875  9.40871e-01  9.97530e-01  9.40876e-01  0.00000e+00
  -8222.58  6382.8125  1.01119e+00  1.03867e+00  1.01135e+00  0.00000e+00
  -8194.03  6383.4375  1.00915e+00  1.02225e+00  1.00938e+00  0.00000e+00
  -8165.48  6384.0625  1.00279e+00  9.48913e-01  1.00313e+00  0.00000e+00
  -8136.93  6384.6875  1.04697e+00  1.06809e+00  1.04709e+00  0.00000e+00
  -8108.38  6385.3125  1.08988e+00  1.09347e+00  1.08981e+00  0.00000e+00
  -8079.83  6385.9375  1.06493e+00  1.15676e+00  1.06492e+00  0.00000e+00
  -8051.28  6386.5625  9.79622e-01  8.68865e-01  9.79375e-01  0.00000e+00
  -8022.73  6387.1875  9.57291e-01  1.01109e+00  9.57033e-01  0.00000e+00
  -7994.17  6387.8125  9.87874e-01  8.83665e-01  9.87992e-01  0.00000e+00
  -7965.62  6388.4375  1.07468e+00  1.16212e+00  1.07527e+00  0.00000e+00
  -7937.07  6389.0625  1.09241e+00  1.11797e+00  1.09290e+00  0.00000e+00
  -7908.52  6389.6875  1.06084e+00  1.00305e+00  1.06100e+00  0.00000e+00
  -7879.97  6390.3125  1.07606e+00  1.09632e+00  1.07627e+00  0.00000e+00
  -7851.42  6390.9375  1.10297e+00  1.09208e+00  1.10300e+00  0.00000e+00
  -7822.87  6391.5625  1.09765e+00  1.16318e+00  1.09717e+00  0.00000e+00
  -7794.32  6392.1875  1.06855e+00  9.68880e-01  1.06812e+00  0.00000e+00
  -7765.77  6392.8125  1.08521e+00  1.16490e+00  1.08511e+00  0.00000e+00
  -7737.22  6393.4375  1.06099e+00  1.04873e+00  1.06119e+00  0.00000e+00
  -7708.66  6394.0625  1.00454e+00  1.01157e+00  1.00508e+00  0.00000e+00
  -7680.11  6394.6875  9.57257e-01  9.35419e-01  9.57762e-01  0.00000e+00
  -7651.56  6395.3125  9.43005e-01  9.26889e-01  9.43319e-01  0.00000e+00
  -7623.01  6395.9375  9.25844e-01  9.90646e-01  9.26066e-01  0.00000e+00
  -7594.46  6396.5625  8.71952e-01  8.09515e-01  8.71778e-01  0.00000e+00
  -7565.91  6397.1875  8.89512e-01  8.45648e-01  8.89150e-01  0.00000e+00
  -7537.36  6397.8125  1.00436e+00  9.97049e-01  1.00389e+00  0.00000e+00
  -7508.81  6398.4375  1.12201e+00  1.17517e+00  1.12155e+00  0.00000e+00
  -7480.26  6399.0625  1.11693e+00  1.21747e+00  1.11669e+00  0.00000e+00
  -7451.71  6399.6875  1.00745e+00  9.01729e-01  1.00756e+00  0.00000e+00
  -7423.15  6400.3125  9.36348e-01  1.00369e+00  9.36850e-01  0.00000e+00
  -7394.60  6400.9375  8.61374e-01  8.26810e-01  8.61947e-01  0.00000e+00
  -7366.05  6401.5625  8.61858e-01  7.45656e-01  8.62338e-01  0.00000e+00
  -7337.50  6402.1875  9.63244e-01  1.08437e+00  9.63606e-01  0.00000e+00
  -7308.95  6402.8125  9.92657e-01  9.66088e-01  9.92870e-01  0.00000e+00
  -7280.40  6403.4375  1.01488e+00  9.65183e-01  1.01490e+00  0.00000e+00
  -7251.85  6404.0625  1.06108e+00  1.15180e+00  1.06101e+00  0.00000e+00
  -7223.30  6404.6875  1.03145e+00  1.00892e+00  1.03144e+00  0.00000e+00
  -7194.75  6405.3125  9.81650e-01  9.74432e-01  9.81818e-01  0.00000e+00
  -7166.19  6405.9375  9.37572e-01  9.65886e-01  9.37935e-01  0.00000e+00
  -7137.64  6406.5625  9.11869e-01  8.29113e-01  9.12108e-01  0.00000e+00
  -7109.09  6407.1875  9.75731e-01  9.70769e-01  9.75504e-01  0.00000e+00
  -7080.54  6407.8125  9.83235e-01  1.18092e+00  9.82867e-01  0.00000e+00
  -7051.99  6408.4375  8.72096e-01  6.38536e-01  8.72118e-01  0.00000e+00
  -7023.44  6409.0625  9.12828e-01  9.79891e-01  9.13213e-01  0.00000e+00
  -6994.89  6409.6875  1.00428e+00  9.89491e-01  1.00481e+00  0.00000e+00
  -6966.34  6410.3125  1.01695e+00  1.13331e+00  1.01761e+00  0.00000e+00
  -6937.79  6410.9375  9.68937e-01  8.21846e-01  9.69402e-01  0.00000e+00
  -6909.24  6411.5625  1.02738e+00  1.05776e+00  1.02769e+00  0.00000e+00
  -6880.68  6412.1875  1.09842e+00  1.14909e+00  1.09878e+00  0.00000e+00
  -6852.13  6412.8125  1.06318e+00  1.10761e+00  1.06332e+00  0.00000e+00
  -6823.58  6413.4375  9.74516e-01  9.15472e-01  9.74251e-01  0.00000e+00
  -6795.03  6414.0625  9.70610e-01  9.09939e-01  9.70130e-01  0.00000e+00
  -6766.48  6414.6875  1.03693e+00  1.11115e+00  1.03689e+00  0.00000e+00
  -6737.93  6415.3125  1.03649e+00  1.04573e+00  1.03679e+00  0.00000e+00
  -6709.38  6415.9375  9.64743e-01  9.91390e-01  9.65029e-01  0.00000e+00
  -6680.83  6416.5625  8.60080e-01  8.44262e-01  8.60094e-01  0.00000e+00
  -6652.28  6417.1875  7.88786e-01  7.46200e-01  7.88530e-01  0.00000e+00
  -6623.73  6417.8125  8.24473e-01  7.49475e-01  8.24079e-01  0.00000e+00
  -6595.17  6418.4375  9.09886e-01  1.03708e+00  9.09551e-01  0.00000e+00
  -6566.62  6419.0625  8.82469e-01  8.67810e-01  8.82313e-01  0.00000e+00
  -6538.07  6419.6875  8.26423e-01  7.84873e-01  8.26209e-01  0.00000e+00
  -6509.52  6420.3125  8.53136e-01  8.12450e-01  8.52770e-01  0.00000e+00
  -6480.97  6420.9375  9.26660e-01  9.85223e-01  9.26572e-01  0.00000e+00
  -6452.42  6421.5625  9.81277e-01  9.22606e-01  9.81487e-01  0.00000e+00
  -6423.87  6422.1875  1.04080e+00  1.10832e+00  1.04095e+00  0.00000e+00
  -6395.32  6422.8125  1.06869e+00  1.02034e+00  1.06882e+00  0.00000e+00
  -6366.77  6423.4375  1.04430e+00  1.17720e+00  1.04434e+00  0.00000e+00
  -6338.21  6424.0625  9.26403e-01  8.35923e-01  9.26240e-01  0.00000e+00
  -6309.66  6424.6875  8.83102e-01  8.25807e-01  8.83035e-01  0.00000e+00
  -6281.11  6425.3125  9.34150e-01  9.91909e-01  9.34122e-01  0.00000e+00
  -6252.56  6425.9375  9.89605e-01  9.16542e-01  9.89614e-01  0.00000e+00
  -6224.01  6426.5625  1.08588e+00  1.11852e+00  1.08623e+00  0.00000e+00
  -6195.46  6427.1875  1.12420e+00  1.22396e+00  1.12477e+00  0.00000e+00
  -6166.91  6427.8125  1.07685e+00  9.65413e-01  1.07713e+00  0.00000e+00
  -6138.36  6428.4375  1.06469e+00  1.15083e+00  1.06492e+00  0.00000e+00
  -6109.81  6429.0625  1.01790e+00  9.96946e-01  1.01812e+00  0.00000e+00
  -6081.26  6429.6875  1.00919e+00  9.12290e-01  1.00915e+00  0.00000e+00
  -6052.70  6430.3125  1.12345e+00  1.14169e+00  1.12354e+00  0.00000e+00
  -6024.15  6430.9375  1.18701e+00  1.33465e+00  1.18701e+00  0.00000e+00
  -5995.60  6431.5625  1.10886e+00  1.00174e+00  1.10873e+00  0.00000e+00
  -5967.05  6432.1875  1.05800e+00  1.10367e+00  1.05797e+00  0.00000e+00
  -5938.50  6432.8125  1.04408e+00  9.77045e-01  1.04406e+00  0.00000e+00
  -5909.95  6433.4375  1.04792e+00  1.13380e+00  1.04794e+00  0.00000e+00
  -5881.40  6434.0625  1.05169e+00  9.23072e-01  1.05186e+00  0.00000e+00
  -5852.85  6434.6875  1.13505e+00  1.20701e+00  1.13510e+00  0.00000e+00
  -5824.30  6435.3125  1.21444e+00  1.17992e+00  1.21458e+00  0.00000e+00
  -5795.75  6435.9375  1.23148e+00  1.34932e+00  1.23201e+00  0.00000e+00
  -5767.19  6436.5625  1.14799e+00  1.07999e+00  1.14865e+00  0.00000e+00
  -5738.64  6437.1875  1.04196e+00  1.11990e+00  1.04252e+00  0.00000e+00
  -5710.09  6437.8125  9.47187e-01  8.17969e-01  9.47687e-01  0.00000e+00
  -5681.54  6438.4375  9.66153e-01  9.85765e-01  9.66851e-01  0.00000e+00
  -5652.99  6439.0625  9.97275e-01  1.05938e+00  9.98205e-01  0.00000e+00
  -5624.44  6439.6875  9.49783e-01  9.34713e-01  9.50635e-01  0.00000e+00
  -5595.89  6440.3125  9.31786e-01  8.50635e-01  9.32544e-01  0.00000e+00
  -5567.34  6440.9375  9.99901e-01  1.04413e+00  1.00077e+00  0.00000e+00
  -5538.79  6441.5625  1.01398e+00  1.09073e+00  1.01478e+00  0.00000e+00
  -5510.24  6442.1875  9.33092e-01  8.80441e-01  9.33614e-01  0.00000e+00
  -5481.68  6442.8125  8.75037e-01  8.76868e-01  8.75513e-01  0.00000e+00
  -5453.13  6443.4375  8.74353e-01  8.21469e-01  8.74735e-01  0.00000e+00
  -5424.58  6444.0625  9.12175e-01  9.67863e-01  9.12216e-01  0.00000e+00
  -5396.03  6444.6875  9.25901e-01  8.95967e-01  9.25792e-01  0.00000e+00
  -5367.48  6445.3125  9.49228e-01  9.45211e-01  9.49070e-01  0.00000e+00
  -5338.93  6445.9375  9.89208e-01  1.00350e+00  9.89022e-01  0.00000e+00
  -5310.38  6446.5625  1.06840e+00  9.67345e-01  1.06832e+00  0.00000e+00
  -5281.83  6447.1875  1.15418e+00  1.35420e+00  1.15421e+00  0.00000e+00
  -5253.28  6447.8125  1.06880e+00  1.01347e+00  1.06893e+00  0.00000e+00
  -5224.72  6448.4375  9.66973e-01  9.21669e-01  9.67225e-01  0.00000e+00
  -5196.17  6449.0625  9.59518e-01  9.49271e-01  9.59704e-01  0.00000e+00
  -5167.62  6449.6875  1.01281e+00  9.86144e-01  1.01272e+00  0.00000e+00
  -5139.07  6450.3125  1.11883e+00  1.09443e+00  1.11865e+00  0.00000e+00
  -5110.52  6450.9375  1.17624e+00  1.33719e+00  1.17613e+00  0.00000e+00
  -5081.97  6451.5625  1.04754e+00  1.03441e+00  1.04749e+00  0.00000e+00
  -5053.42  6452.1875  9.33137e-01  7.76762e-01  9.33039e-01  0.00000e+00
  -5024.87  6452.8125  1.00495e+00  1.04447e+00  1.00488e+00  0.00000e+00
  -4996.32  6453.4375  1.09595e+00  1.13543e+00  1.09600e+00  0.00000e+00
  -4967.77  6454.0625  1.11320e+00  1.11225e+00  1.11298e+00  0.00000e+00
  -4939.21  6454.6875  1.06437e+00  1.13901e+00  1.06399e+00  0.00000e+00
  -4910.66  6455.3125  9.85196e-01  8.72855e-01  9.84943e-01  0.00000e+00
  -4882.11  6455.9375  1.03600e+00  9.89613e-01  1.03563e+00  0.00000e+00
  -4853.56  6456.5625  1.15868e+00  1.25059e+00  1.15816e+00  0.00000e+00
  -4825.01  6457.1875  1.19531e+00  1.19154e+00  1.19472e+00  0.00000e+00
  -4796.46  6457.8125  1.21382e+00  1.15212e+00  1.21354e+00  0.00000e+00
  -4767.91  6458.4375  1.21276e+00  1.38848e+00  1.21288e+00  0.00000e+00
  -4739.36  6459.0625  1.11338e+00  9.48004e-01  1.11376e+00  0.00000e+00
  -4710.81  6459.6875  1.09193e+00  1.15259e+00  1.09207e+00  0.00000e+00
  -4682.26  6460.3125  1.06474e+00  1.10095e+00  1.06449e+00  0.00000e+00
  -4653.70  6460.9375  1.00380e+00  9.25509e-01  1.00344e+00  0.00000e+00
  -4625.15  6461.5625  9.92904e-01  1.04562e+00  9.92712e-01  0.00000e+00
  -4596.60  6462.1875  9.92360e-01  9.35670e-01  9.92036e-01  0.00000e+00
  -4568.05  6462.8125  1.02822e+00  1.03989e+00  1.02780e+00  0.00000e+00
  -4539.50  6463.4375  1.03283e+00  1.11545e+00  1.03254e+00  0.00000e+00
  -4510.95  6464.0625  9.67892e-01  8.98714e-01  9.67858e-01  0.00000e+00
  -4482.40  6464.6875  1.00522e+00  8.96397e-01  1.00536e+00  0.00000e+00
  -4453.85  6465.3125  1.12492e+00  1.29399e+00  1.12535e+00  0.00000e+00
  -4425.30  6465.9375  1.09342e+00  1.08341e+00  1.09375e+00  0.00000e+00
  -4396.74  6466.5625  9.79106e-01  9.76491e-01  9.78961e-01  0.00000e+00
  -4368.19  6467.1875  8.95205e-01  8.50612e-01  8.94857e-01  0.00000e+00
  -4339.64  6467.8125  8.68950e-01  8.80000e-01  8.68864e-01  0.00000e+00
  -4311.09  6468.4375  9.00537e-01  8.24200e-01  9.00664e-01  0.00000e+00
  -4282.54  6469.0625  1.00735e+00  1.03841e+00  1.00734e+00  0.00000e+00
  -4253.99  6469.6875  1.06765e+00  1.14954e+00  1.06723e+00  0.00000e+00
  -4225.44  6470.3125  9.91359e-01  1.01812e+00  9.90922e-01  0.00000e+00
  -4196.89  6470.9375  9.17211e-01  7.62611e-01  9.16927e-01  0.00000e+00
  -4168.34  6471.5625  9.42454e-01  1.09318e+00  9.42458e-01  0.00000e+00
  -4139.79  6472.1875  9.20005e-01  8.19719e-01  9.20216e-01  0.00000e+00
  -4111.23  6472.8125  9.37711e-01  9.50770e-01  9.37855e-01  0.00000e+00
  -4082.68  6473.4375  9.99285e-01  9.85462e-01  9.99142e-01  0.00000e+00
  -4054.13  6474.0625  1.02684e+00  1.10852e+00  1.02664e+00  0.00000e+00
  -4025.58  6474.6875  9.79763e-01  9.35653e-01  9.80020e-01  0.00000e+00
  -3997.03  6475.3125  9.39144e-01  9.43441e-01  9.39503e-01  0.00000e+00
  -3968.48  6475.9375  9.03563e-01  9.25990e-01  9.03563e-01  0.00000e+00
  -3939.93  6476.5625  8.51091e-01  8.34169e-01  8.51060e-01  0.00000e+00
  -3911.38  6477.1875  8.68007e-01  7.60527e-01  8.68009e-01  0.00000e+00
  -3882.83  6477.8125  9.54565e-01  1.09378e+00  9.54373e-01  0.00000e+00
  -3854.28  6478.4375  9.43209e-01  9.08072e-01  9.43211e-01  0.00000e+00
  -3825.72  6479.0625  9.12167e-01  8.87972e-01  9.12465e-01  0.00000e+00
  -3797.17  6479.6875  9.25775e-01  9.32721e-01  9.25719e-01  0.00000e+00
  -3768.62  6480.3125  9.42898e-01  9.46472e-01  9.42545e-01  0.00000e+00
  -3740.07  6480.9375  9.29853e-01  9.66248e-01  9.29812e-01  0.00000e+00
  -3711.52  6481.5625  8.72846e-01  8.63232e-01  8.73132e-01  0.00000e+00
  -3682.97  6482.1875  8.34473e-01  7.91807e-01  8.34652e-01  0.00000e+00
  -3654.42  6482.8125  8.93461e-01  8.31967e-01  8.93257e-01  0.00000e+00
  -3625.87  6483.4375  1.02546e+00  1.07968e+00  1.02504e+00  0.00000e+00
  -3597.32  6484.0625  1.08321e+00  1.15413e+00  1.08280e+00  0.00000e+00
  -3568.76  6484.6875  1.05894e+00  9.84726e-01  1.05892e+00  0.00000e+00
  -3540.21  6485.3125  1.06479e+00  1.10570e+00  1.06506e+00  0.00000e+00
  -3511.66  6485.9375  1.06931e+00  1.04908e+00  1.06916e+00  0.00000e+00
  -3483.11  6486.5625  1.04393e+00  1.10149e+00  1.04354e+00  0.00000e+00
  -3454.56  6487.1875  9.62183e-01  9.49033e-01  9.61755e-01  5.11715e-09
  -3426.01  6487.8125  8.96393e-01  8.42639e-01  8.96105e-01  4.91520e-07
  -3397.46  6488.4375  9.08643e-01  9.09023e-01  9.08605e-01  1.28121e-05
  -3368.91  6489.0625  9.57271e-01  9.47895e-01  9.57227e-01  9.06295e-05
  -3340.36  6489.6875  9.84698e-01  1.04417e+00  9.84667e-01  1.73975e-04
  -3311.81  6490.3125  9.54033e-01  9.27111e-01  9.54022e-01  9.06390e-05
  -3283.25  6490.9375  9.17547e-01  9.31120e-01  9.17616e-01  1.37235e-05
  -3254.70  6491.5625  9.19677e-01  8.49860e-01  9.19846e-01  2.42489e-05
  -3226.15  6492.1875  1.00037e+00  1.00768e+00  1.00037e+00  1.68064e-04
  -3197.60  6492.8125  1.05512e+00  1.14924e+00  1.05492e+00  3.23191e-04
  -3169.05  6493.4375  9.73775e-01  9.93810e-01  9.73617e-01  1.83504e-04
  -3140.50  6494.0625  8.75820e-01  7.60761e-01  8.75632e-01  1.33050e-04
  -3111.95  6494.6875  8.75556e-01  9.42833e-01  8.75064e-01  2.10713e-04
  -3083.40  6495.3125  8.65217e-01  8.54458e-01  8.64958e-01  1.09302e-04
  -3054.85  6495.9375  8.96273e-01  7.84942e-01  8.96228e-01  1.54617e-05
  -3026.30  6496.5625  1.01254e+00  1.12179e+00  1.01278e+00  1.66868e-06
  -2997.74  6497.1875  1.03730e+00  1.06645e+00  1.03776e+00  2.80521e-05
  -2969.19  6497.8125  1.02684e+00  9.11796e-01  1.02693e+00  1.98395e-04
  -2940.64  6498.4375  1.08523e+00  1.18959e+00  1.08491e+00  3.81390e-04
  -2912.09  6499.0625  1.07990e+00  1.07316e+00  1.07982e+00  2.12943e-04
  -2883.54  6499.6875  1.06199e+00  9.94763e-01  1.06205e+00  1.31821e-04
  -2854.99  6500.3125  1.08408e+00  1.16855e+00  1.08382e+00  2.22623e-04
  -2826.44  6500.9375  1.05662e+00  1.02206e+00  1.05593e+00  2.96380e-04
  -2797.89  6501.5625  1.03728e+00  1.01398e+00  1.03659e+00  5.61150e-04
  -2769.34  6502.1875  1.01775e+00  1.10452e+00  1.01725e+00  7.09246e-04
  -2740.78  6502.8125  9.53336e-01  8.57667e-01  9.52658e-01  6.37768e-04
  -2712.23  6503.4375  9.28177e-01  9.96610e-01  9.27345e-01  6.50464e-04
  -2683.68  6504.0625  9.45422e-01  8.04056e-01  9.44771e-01  7.85070e-04
  -2655.13  6504.6875  9.88016e-01  1.20213e+00  9.87085e-01  1.10033e-03
  -2626.58  6505.3125  9.13697e-01  7.69156e-01  9.12569e-01  1.02137e-03
  -2598.03  6505.9375  8.69881e-01  9.33362e-01  8.68752e-01  7.64497e-04
  -2569.48  6506.5625  8.48826e-01  8.06469e-01  8.47726e-01  7.44299e-04
  -2540.93  6507.1875  8.78794e-01  8.35010e-01  8.77939e-01  9.49851e-04
  -2512.38  6507.8125  9.99467e-01  9.74011e-01  9.99064e-01  1.03159e-03
  -2483.83  6508.4375  1.07121e+00  1.26214e+00  1.07115e+00  7.94885e-04
  -2455.27  6509.0625  9.94866e-01  8.45660e-01  9.94837e-01  4.19517e-04
  -2426.72  6509.6875  9.95652e-01  1.00877e+00  9.95187e-01  6.60639e-04
  -2398.17  6510.3125  1.07556e+00  1.05016e+00  1.07389e+00  1.71331e-03
  -2369.62  6510.9375  1.13352e+00  1.22504e+00  1.13109e+00  2.50394e-03
  -2341.07  6511.5625  1.12179e+00  1.05396e+00  1.11984e+00  2.18106e-03
  -2312.52  6512.1875  1.08750e+00  1.18643e+00  1.08566e+00  2.18858e-03
  -2283.97  6512.8125  9.91809e-01  9.39994e-01  9.89483e-01  2.62555e-03
  -2255.42  6513.4375  9.35707e-01  8.95302e-01  9.32902e-01  3.01882e-03
  -2226.87  6514.0625  1.01911e+00  9.17868e-01  1.01639e+00  2.87735e-03
  -2198.32  6514.6875  1.18573e+00  1.31207e+00  1.18316e+00  2.84058e-03
  -2169.76  6515.3125  1.21683e+00  1.26701e+00  1.21456e+00  2.52621e-03
  -2141.21  6515.9375  1.12678e+00  1.09554e+00  1.12488e+00  2.08875e-03
  -2112.66  6516.5625  1.05282e+00  1.03956e+00  1.05042e+00  2.85974e-03
  -2084.11  6517.1875  1.03866e+00  1.00104e+00  1.03481e+00  4.18007e-03
  -2055.56  6517.8125  1.10397e+00  1.06332e+00  1.09932e+00  4.44345e-03
  -2027.01  6518.4375  1.16173e+00  1.30240e+00  1.15648e+00  4.70757e-03
  -1998.46  6519.0625  1.06970e+00  1.05350e+00  1.06459e+00  5.01045e-03
  -1969.91  6519.6875  9.64815e-01  8.87464e-01  9.60158e-01  5.11734e-03
  -1941.36  6520.3125  1.00827e+00  9.34647e-01  1.00366e+00  5.49498e-03
  -1912.80  6520.9375  1.10084e+00  1.25601e+00  1.09600e+00  6.00634e-03
  -1884.25  6521.5625  9.94775e-01  1.06852e+00  9.88418e-01  7.48124e-03
  -1855.70  6522.1875  8.11435e-01  6.22906e-01  8.02597e-01  9.78575e-03
  -1827.15  6522.8125  8.07102e-01  8.45511e-01  7.97671e-01  1.03283e-02
  -1798.60  6523.4375  8.74458e-01  8.57263e-01  8.64637e-01  1.06807e-02
  -1770.05  6524.0625  9.49331e-01  9.45802e-01  9.38620e-01  1.16512e-02
  -1741.50  6524.6875  1.02212e+00  1.04322e+00  1.01115e+00  1.21424e-02
  -1712.95  6525.3125  1.02257e+00  1.10343e+00  1.00994e+00  1.40145e-02
  -1684.40  6525.9375  9.47906e-01  8.77429e-01  9.32487e-01  1.72992e-02
  -1655.85  6526.5625  9.62283e-01  8.82737e-01  9.45701e-01  1.90078e-02
  -1627.29  6527.1875  1.05298e+00  1.16629e+00  1.03661e+00  1.89748e-02
  -1598.74  6527.8125  1.02449e+00  1.05960e+00  1.00842e+00  1.83922e-02
  -1570.19  6528.4375  9.33079e-01  8.50321e-01  9.14821e-01  2.06836e-02
  -1541.64  6529.0625  9.26341e-01  9.25565e-01  9.04206e-01  2.51586e-02
  -1513.09  6529.6875  9.48919e-01  9.84063e-01  9.23350e-01  2.91659e-02
  -1484.54  6530.3125  9.43107e-01  9.25375e-01  9.13343e-01  3.38386e-02
  -1455.99  6530.9375  1.01116e+00  8.82789e-01  9.79335e-01  3.55421e-02
  -1427.44  6531.5625  1.14496e+00  1.33612e+00  1.11176e+00  3.66556e-02
  -1398.89  6532.1875  1.11408e+00  1.09308e+00  1.07868e+00  3.94827e-02
  -1370.34  6532.8125  9.90103e-01  1.00918e+00  9.52304e-01  4.25143e-02
  -1341.78  6533.4375  8.92070e-01  8.18462e-01  8.50513e-01  4.68244e-02
  -1313.23  6534.0625  8.91357e-01  8.76475e-01  8.44677e-01  5.23635e-02
  -1284.68  6534.6875  9.59249e-01  9.48380e-01  9.07524e-01  5.80109e-02
  -1256.13  6535.3125  1.01433e+00  1.07515e+00  9.56433e-01  6.54989e-02
  -1227.58  6535.9375  9.71543e-01  1.01862e+00  9.03912e-01  7.73629e-02
  -1199.03  6536.5625  9.17119e-01  7.67903e-01  8.42809e-01  8.51383e-02
  -1170.48  6537.1875  9.80936e-01  1.06507e+00  9.03335e-01  8.84947e-02
  -1141.93  6537.8125  1.03980e+00  1.01410e+00  9.56253e-01  9.53512e-02
  -1113.38  6538.4375  1.12316e+00  1.05436e+00  1.02948e+00  1.06959e-01
  -1084.83  6539.0625  1.21283e+00  1.37720e+00  1.11314e+00  1.13622e-01
  -1056.27  6539.6875  1.16371e+00  1.10589e+00  1.05718e+00  1.21755e-01
  -1027.72  6540.3125  1.13679e+00  1.05989e+00  1.02054e+00  1.32631e-01
   -999.17  6540.9375  1.17306e+00  1.29224e+00  1.04337e+00  1.47792e-01
   -970.62  6541.5625  1.15351e+00  1.05950e+00  1.00716e+00  1.66907e-01
   -942.07  6542.1875  1.14787e+00  1.22284e+00  9.90499e-01  1.79724e-01
   -913.52  6542.8125  1.16087e+00  1.04705e+00  9.97221e-01  1.87044e-01
   -884.97  6543.4375  1.22378e+00  1.32508e+00  1.05079e+00  1.97182e-01
   -856.42  6544.0625  1.24510e+00  1.19815e+00  1.05127e+00  2.20692e-01
   -827.87  6544.6875  1.24698e+00  1.28680e+00  1.02583e+00  2.52460e-01
   -799.31  6545.3125  1.21448e+00  1.22480e+00  9.76314e-01  2.72468e-01
   -770.76  6545.9375  1.15345e+00  1.14527e+00  8.97868e-01  2.92334e-01
   -742.21  6546.5625  1.14223e+00  1.06288e+00  8.59981e-01  3.22242e-01
   -713.66  6547.1875  1.20957e+00  1.26087e+00  9.04012e-01  3.48660e-01
   -685.11  6547.8125  1.24087e+00  1.26890e+00  9.21770e-01  3.64396e-01
   -656.56  6548.4375  1.22601e+00  1.19390e+00  8.91153e-01  3.82707e-01
   -628.01  6549.0625  1.24413e+00  1.23077e+00  8.83212e-01  4.12875e-01
   -599.46  6549.6875  1.31061e+00  1.28845e+00  9.25727e-01  4.40297e-01
   -570.91  6550.3125  1.38880e+00  1.43621e+00  9.80474e-01  4.66608e-01
   -542.36  6550.9375  1.44888e+00  1.39665e+00  1.01190e+00  4.98971e-01
   -513.80  6551.5625  1.53893e+00  1.55389e+00  1.06537e+00  5.40865e-01
   -485.25  6552.1875  1.59189e+00  1.67123e+00  1.08492e+00  5.79315e-01
   -456.70  6552.8125  1.55239e+00  1.52074e+00  1.02701e+00  6.00480e-01
   -428.15  6553.4375  1.53862e+00  1.48797e+00  9.92783e-01  6.23992e-01
   -399.60  6554.0625  1.62425e+00  1.59001e+00  1.05146e+00  6.54787e-01
   -371.05  6554.6875  1.69119e+00  1.85759e+00  1.09835e+00  6.77560e-01
   -342.50  6555.3125  1.67998e+00  1.50347e+00  1.01537e+00  7.59277e-01
   -313.95  6555.9375  2.18388e+00  1.63355e+00  1.01022e+00  1.34087e+00
   -285.40  6556.5625  4.16909e+00  2.95474e+00  1.09583e+00  3.51094e+00
   -256.85  6557.1875  6.36520e+00  9.23578e+00  1.01437e+00  6.11256e+00
   -228.29  6557.8125  5.39231e+00  5.58916e+00  6.36207e-01  5.43246e+00
   -199.74  6558.4375  3.08776e+00  2.11372e+00  2.67085e-01  3.22160e+00
   -171.19  6559.0625  2.65632e+00  1.32921e+00  2.08628e-01  2.79581e+00
   -142.64  6559.6875  4.23487e+00  4.80500e+00  3.80919e-01  4.40219e+00
   -114.09  6560.3125  5.74604e+00  5.97343e+00  5.55173e-01  5.92943e+00
    -85.54  6560.9375  6.54544e+00  6.70811e+00  7.16917e-01  6.65783e+00
    -56.99  6561.5625  6.90106e+00  7.01939e+00  8.03950e-01  6.96485e+00
    -28.44  6562.1875  7.06448e+00  6.94030e+00  8.79608e-01  7.06547e+00
      0.11  6562.8125  7.21752e+00  7.37840e+00  1.05553e+00  7.03908e+00
     28.67  6563.4375  7.18744e+00  7.25104e+00  1.15276e+00  6.89346e+00
     57.22  6564.0625  6.94507e+00  6.99891e+00  1.15561e+00  6.61341e+00
     85.77  6564.6875  6.56025e+00  6.60318e+00  1.13859e+00  6.19333e+00
    114.32  6565.3125  6.06105e+00  6.08839e+00  1.16765e+00  5.58960e+00
    142.87  6565.9375  5.38881e+00  5.57343e+00  1.16132e+00  4.82868e+00
    171.42  6566.5625  4.50932e+00  4.41398e+00  1.04393e+00  3.95802e+00
    199.97  6567.1875  3.63165e+00  3.65423e+00  1.03033e+00  2.97105e+00
    228.52  6567.8125  2.81173e+00  2.76392e+00  1.05431e+00  2.00733e+00
    257.07  6568.4375  2.17522e+00  1.96099e+00  1.01801e+00  1.32171e+00
    285.62  6569.0625  1.85950e+00  1.85561e+00  9.87885e-01  9.95327e-01
    314.18  6569.6875  1.76041e+00  1.62653e+00  9.85884e-01  8.84234e-01
    342.73  6570.3125  1.81986e+00  1.86592e+00  1.06706e+00  8.59558e-01
    371.28  6570.9375  1.86296e+00  1.91506e+00  1.11655e+00  8.52579e-01
    399.83  6571.5625  1.74963e+00  1.86422e+00  1.02521e+00  8.27720e-01
    428.38  6572.1875  1.57613e+00  1.37398e+00  8.74388e-01  8.01907e-01
    456.93  6572.8125  1.64440e+00  1.55690e+00  9.56486e-01  7.86553e-01
    485.48  6573.4375  1.76892e+00  2.07248e+00  1.10591e+00  7.58564e-01
    514.03  6574.0625  1.64368e+00  1.49310e+00  1.02037e+00  7.12927e-01
    542.58  6574.6875  1.60104e+00  1.48482e+00  1.00886e+00  6.76460e-01
    571.13  6575.3125  1.66996e+00  1.88192e+00  1.10477e+00  6.45343e-01
    599.69  6575.9375  1.59699e+00  1.48785e+00  1.06486e+00  6.07738e-01
    628.24  6576.5625  1.52327e+00  1.55940e+00  1.01255e+00  5.83024e-01
    656.79  6577.1875  1.47359e+00  1.45138e+00  9.74780e-01  5.69447e-01
    685.34  6577.8125  1.42957e+00  1.43986e+00  9.50048e-01  5.47479e-01
    713.89  6578.4375  1.39111e+00  1.38206e+00  9.35580e-01  5.20179e-01
    742.44  6579.0625  1.38806e+00  1.33731e+00  9.52440e-01  4.97547e-01
    770.99  6579.6875  1.41621e+00  1.48225e+00  1.00067e+00  4.74793e-01
    799.54  6580.3125  1.36308e+00  1.40698e+00  9.76616e-01  4.41997e-01
    828.09  6580.9375  1.26163e+00  1.18365e+00  9.01653e-01  4.11963e-01
    856.65  6581.5625  1.25103e+00  1.21753e+00  9.07517e-01  3.93037e-01
    885.20  6582.1875  1.25525e+00  1.38940e+00  9.28862e-01  3.73284e-01
    913.75  6582.8125  1.19969e+00  1.03648e+00  8.92402e-01  3.51286e-01
    942.30  6583.4375  1.22571e+00  1.31382e+00  9.34038e-01  3.33702e-01
    970.85  6584.0625  1.19362e+00  1.25782e+00  9.21070e-01  3.11827e-01
    999.40  6584.6875  1.09794e+00  9.81261e-01  8.44055e-01  2.90033e-01
   1027.95  6585.3125  1.09860e+00  1.12515e+00  8.61696e-01  2.70390e-01
   1056.50  6585.9375  1.11556e+00  1.14662e+00  8.94965e-01  2.51841e-01
   1085.05  6586.5625  1.10564e+00  1.05847e+00  8.99912e-01  2.34927e-01
   1113.60  6587.1875  1.11334e+00  1.16138e+00  9.19902e-01  2.20795e-01
   1142.16  6587.8125  1.14265e+00  1.03775e+00  9.56647e-01  2.12391e-01
   1170.71  6588.4375  1.18429e+00  1.35336e+00  1.01099e+00  1.97976e-01
   1199.26  6589.0625  1.11001e+00  1.03253e+00  9.51841e-01  1.80867e-01
   1227.81  6589.6875  1.05554e+00  1.03071e+00  9.03761e-01  1.73778e-01
   1256.36  6590.3125  1.08071e+00  1.07062e+00  9.36138e-01  1.65488e-01
   1284.91  6590.9375  1.11573e+00  1.14877e+00  9.81073e-01  1.54128e-01
   1313.46  6591.5625  1.09102e+00  1.13243e+00  9.66551e-01  1.42576e-01
   1342.01  6592.1875  1.04289e+00  9.57230e-01  9.25803e-01  1.34181e-01
   1370.56  6592.8125  1.07437e+00  1.08726e+00  9.65229e-01  1.25239e-01
   1399.11  6593.4375  1.13001e+00  1.14813e+00  1.03104e+00  1.13435e-01
   1427.67  6594.0625  1.17847e+00  1.13596e+00  1.08695e+00  1.04865e-01
   1456.22  6594.6875  1.20337e+00  1.31876e+00  1.11602e+00  1.00083e-01
   1484.77  6595.3125  1.12067e+00  1.08333e+00  1.03818e+00  9.44076e-02
   1513.32  6595.9375  1.00683e+00  1.03846e+00  9.30890e-01  8.69238e-02
   1541.87  6596.5625  9.77075e-01  7.84972e-01  9.06018e-01  8.14900e-02
   1570.42  6597.1875  1.02442e+00  1.29753e+00  9.58089e-01  7.62114e-02
   1598.97  6597.8125  9.02579e-01  7.72733e-01  8.39404e-01  7.24886e-02
   1627.52  6598.4375  8.19795e-01  7.80534e-01  7.60167e-01  6.81127e-02
   1656.07  6599.0625  8.81298e-01  8.42213e-01  8.24295e-01  6.49534e-02
   1684.63  6599.6875  1.00545e+00  1.04113e+00  9.50633e-01  6.24958e-02
   1713.18  6600.3125  1.15786e+00  1.06331e+00  1.10780e+00  5.70062e-02
   1741.73  6600.9375  1.30166e+00  1.49116e+00  1.25693e+00  5.09040e-02
   1770.28  6601.5625  1.26293e+00  1.24102e+00  1.22139e+00  4.73146e-02
   1798.83  6602.1875  1.15533e+00  1.12913e+00  1.11579e+00  4.53533e-02
   1827.38  6602.8125  1.05428e+00  1.11637e+00  1.01927e+00  4.01044e-02
   1855.93  6603.4375  9.33239e-01  8.59690e-01  9.02060e-01  3.55912e-02
   1884.48  6604.0625  8.91062e-01  8.58108e-01  8.60921e-01  3.42588e-02
   1913.03  6604.6875  8.94075e-01  9.65015e-01  8.63008e-01  3.50751e-02
   1941.58  6605.3125  8.64879e-01  8.05062e-01  8.35638e-01  3.30446e-02
   1970.14  6605.9375  9.26162e-01  8.27289e-01  8.98456e-01  3.16678e-02
   1998.69  6606.5625  1.02721e+00  1.24198e+00  1.00041e+00  3.07332e-02
   2027.24  6607.1875  9.76133e-01  8.52640e-01  9.51027e-01  2.83807e-02
   2055.79  6607.8125  9.22885e-01  9.92834e-01  8.99553e-01  2.62956e-02
   2084.34  6608.4375  8.95451e-01  8.11155e-01  8.73785e-01  2.46470e-02
   2112.89  6609.0625  9.42426e-01  9.39381e-01  9.20799e-01  2.47719e-02
   2141.44  6609.6875  1.00767e+00  1.06667e+00  9.85459e-01  2.53749e-02
   2169.99  6610.3125  1.02828e+00  9.81797e-01  1.00740e+00  2.38412e-02
   2198.54  6610.9375  1.08762e+00  1.06007e+00  1.06960e+00  2.08338e-02
   2227.09  6611.5625  1.13357e+00  1.26068e+00  1.11742e+00  1.86482e-02
   2255.65  6612.1875  1.04047e+00  1.02037e+00  1.02509e+00  1.76154e-02
   2284.20  6612.8125  9.05074e-01  8.97205e-01  8.89697e-01  1.75739e-02
   2312.75  6613.4375  8.34770e-01  7.58405e-01  8.20170e-01  1.66500e-02
   2341.30  6614.0625  8.67066e-01  8.69135e-01  8.53824e-01  1.54204e-02
   2369.85  6614.6875  8.76070e-01  9.89767e-01  8.63545e-01  1.44498e-02
   2398.40  6615.3125  7.79954e-01  7.11420e-01  7.68259e-01  1.30828e-02
   2426.95  6615.9375  7.74665e-01  6.58414e-01  7.64673e-01  1.11327e-02
   2455.50  6616.5625  9.20353e-01  9.86238e-01  9.11873e-01  1.01476e-02
   2484.05  6617.1875  1.01331e+00  1.07781e+00  1.00468e+00  1.09063e-02
   2512.61  6617.8125  1.00377e+00  9.66872e-01  9.93811e-01  1.22244e-02
   2541.16  6618.4375  9.62125e-01  1.03149e+00  9.52306e-01  1.15182e-02
   2569.71  6619.0625  8.88310e-01  8.20793e-01  8.79844e-01  9.65169e-03
   2598.26  6619.6875  8.45843e-01  8.76361e-01  8.38825e-01  7.94447e-03
   2626.81  6620.3125  8.11977e-01  7.95216e-01  8.05277e-01  7.58457e-03
   2655.36  6620.9375  7.93882e-01  7.77793e-01  7.86909e-01  8.30581e-03
   2683.91  6621.5625  8.08177e-01  8.08875e-01  8.01386e-01  8.34513e-03
   2712.46  6622.1875  8.68689e-01  8.03260e-01  8.62205e-01  7.95814e-03
   2741.01  6622.8125  9.58319e-01  1.05222e+00  9.52153e-01  7.67612e-03
   2769.56  6623.4375  9.41436e-01  9.78289e-01  9.35784e-01  6.95115e-03
   2798.12  6624.0625  8.58975e-01  8.02074e-01  8.53588e-01  6.08636e-03
   2826.67  6624.6875  8.94470e-01  7.78163e-01  8.88238e-01  6.71425e-03
   2855.22  6625.3125  1.05174e+00  1.15529e+00  1.04555e+00  6.88324e-03
   2883.77  6625.9375  1.07437e+00  1.19536e+00  1.06946e+00  5.84234e-03
   2912.32  6626.5625  9.65132e-01  8.21053e-01  9.61388e-01  4.73563e-03
   2940.87  6627.1875  9.88729e-01  9.53106e-01  9.85244e-01  4.84133e-03
   2969.42  6627.8125  1.07152e+00  1.19413e+00  1.06794e+00  4.79624e-03
   2997.97  6628.4375  1.05562e+00  9.89346e-01  1.05179e+00  4.17497e-03
   3026.52  6629.0625  1.02363e+00  1.07591e+00  1.02030e+00  3.20354e-03
   3055.07  6629.6875  9.73644e-01  9.49112e-01  9.71309e-01  2.00004e-03
   3083.63  6630.3125  9.39592e-01  9.18412e-01  9.37680e-01  1.64153e-03
   3112.18  6630.9375  9.35698e-01  9.50971e-01  9.33400e-01  2.38275e-03
   3140.73  6631.5625  8.98504e-01  9.48701e-01  8.95261e-01  3.56365e-03
   3169.28  6632.1875  8.52575e-01  7.39272e-01  8.48849e-01  3.96356e-03
   3197.83  6632.8125  8.93191e-01  9.49228e-01  8.90151e-01  3.11162e-03
   3226.38  6633.4375  9.34049e-01  9.22785e-01  9.32068e-01  2.23321e-03
   3254.93  6634.0625  9.75141e-01  9.46710e-01  9.73817e-01  1.74614e-03
   3283.48  6634.6875  1.02823e+00  1.08126e+00  1.02724e+00  1.48664e-03
   3312.03  6635.3125  1.05279e+00  1.01037e+00  1.05151e+00  1.79053e-03
   3340.58  6635.9375  1.07944e+00  1.11783e+00  1.07824e+00  1.75483e-03
   3369.14  6636.5625  1.07499e+00  1.07800e+00  1.07381e+00  1.64918e-03
   3397.69  6637.1875  1.01800e+00  1.06963e+00  1.01667e+00  1.75436e-03
   3426.24  6637.8125  9.70071e-01  8.32083e-01  9.68645e-01  1.82121e-03
   3454.79  6638.4375  1.02934e+00  1.10684e+00  1.02809e+00  1.53253e-03
   3483.34  6639.0625  1.08702e+00  1.05027e+00  1.08585e+00  1.42388e-03
   3511.89  6639.6875  1.10474e+00  1.18198e+00  1.10337e+00  1.55664e-03
   3540.44  6640.3125  1.04315e+00  1.03504e+00  1.04155e+00  1.41439e-03
   3568.99  6640.9375  9.37131e-01  9.54563e-01  9.35654e-01  1.18297e-03
   3597.54  6641.5625  8.36921e-01  8.00733e-01  8.35679e-01  1.23890e-03
   3626.10  6642.1875  8.58884e-01  7.16126e-01  8.57715e-01  1.15501e-03
   3654.65  6642.8125  1.03282e+00  1.12413e+00  1.03176e+00  8.22647e-04
   3683.20  6643.4375  1.08990e+00  1.22859e+00  1.08877e+00  7.17214e-04
   3711.75  6644.0625  9.41646e-01  8.94669e-01  9.40717e-01  7.84067e-04
   3740.30  6644.6875  8.10248e-01  7.41858e-01  8.09650e-01  8.21544e-04
   3768.85  6645.3125  7.98222e-01  7.93876e-01  7.97633e-01  6.38193e-04
   3797.40  6645.9375  8.56544e-01  8.20942e-01  8.55916e-01  5.59128e-04
   3825.95  6646.5625  9.54122e-01  9.71153e-01  9.53718e-01  6.55330e-04
   3854.50  6647.1875  1.00797e+00  1.08339e+00  1.00727e+00  1.01287e-03
   3883.05  6647.8125  1.00531e+00  9.12849e-01  1.00469e+00  9.90461e-04
   3911.61  6648.4375  1.03209e+00  1.11340e+00  1.03173e+00  9.21246e-04
   3940.16  6649.0625  1.03159e+00  9.82472e-01  1.03102e+00  8.87044e-04
   3968.71  6649.6875  1.01773e+00  1.07869e+00  1.01744e+00  4.78249e-04
   3997.26  6650.3125  1.01665e+00  8.96460e-01  1.01645e+00  3.15950e-04
   4025.81  6650.9375  1.04328e+00  1.21157e+00  1.04292e+00  3.00102e-04
   4054.36  6651.5625  9.99220e-01  8.59666e-01  9.98814e-01  2.17588e-04
   4082.91  6652.1875  1.00998e+00  1.06203e+00  1.00968e+00  2.09584e-04
   4111.46  6652.8125  1.00575e+00  1.05271e+00  1.00544e+00  1.01908e-04
   4140.01  6653.4375  9.76230e-01  8.62515e-01  9.75776e-01  1.70159e-05
   4168.56  6654.0625  9.77833e-01  1.12807e+00  9.77557e-01  2.72725e-05
   4197.12  6654.6875  8.72181e-01  8.34804e-01  8.71926e-01  1.16540e-04
   4225.67  6655.3125  7.85944e-01  6.92533e-01  7.85435e-01  2.71993e-04
   4254.22  6655.9375  8.39375e-01  8.38594e-01  8.38536e-01  3.65691e-04
   4282.77  6656.5625  8.98180e-01  9.89958e-01  8.97453e-01  2.88977e-04
   4311.32  6657.1875  8.77504e-01  8.16483e-01  8.77138e-01  1.36395e-04
   4339.87  6657.8125  9.29204e-01  8.50055e-01  9.28617e-01  3.56199e-05
   4368.42  6658.4375  1.09217e+00  1.13545e+00  1.09182e+00  1.85484e-05
   4396.97  6659.0625  1.20819e+00  1.27470e+00  1.20819e+00  1.14933e-04
   4425.52  6659.6875  1.22447e+00  1.19918e+00  1.22406e+00  3.03427e-04
   4454.08  6660.3125  1.18543e+00  1.26223e+00  1.18482e+00  3.93480e-04
   4482.63  6660.9375  1.05194e+00  1.06409e+00  1.05130e+00  4.24403e-04
   4511.18  6661.5625  8.98939e-01  8.30424e-01  8.98285e-01  5.01848e-04
   4539.73  6662.1875  8.53343e-01  8.18771e-01  8.52559e-01  6.74637e-04
   4568.28  6662.8125  9.67062e-01  8.34440e-01  9.66197e-01  7.53126e-04
   4596.83  6663.4375  1.11776e+00  1.38680e+00  1.11731e+00  3.55838e-04
   4625.38  6664.0625  1.00657e+00  9.91919e-01  1.00659e+00  1.45442e-04
   4653.93  6664.6875  8.82498e-01  6.70766e-01  8.82463e-01  1.98783e-04
   4682.48  6665.3125  1.00037e+00  1.06375e+00  1.00055e+00  1.16923e-04
   4711.03  6665.9375  1.12041e+00  1.18963e+00  1.12082e+00  2.46210e-05
   4739.59  6666.5625  1.10448e+00  1.12610e+00  1.10483e+00  1.92984e-05
   4768.14  6667.1875  1.03587e+00  9.99701e-01  1.03605e+00  1.24888e-04
   4796.69  6667.8125  9.86788e-01  1.01632e+00  9.86761e-01  2.65138e-04
   4825.24  6668.4375  9.83768e-01  8.65444e-01  9.83782e-01  2.55251e-04
   4853.79  6669.0625  9.91685e-01  1.21712e+00  9.91914e-01  2.35722e-04
   4882.34  6669.6875  8.87795e-01  6.89946e-01  8.88109e-01  1.64597e-04
   4910.89  6670.3125  8.82538e-01  9.35506e-01  8.82668e-01  1.31491e-04
   4939.44  6670.9375  9.15814e-01  9.24650e-01  9.15941e-01  6.15922e-05
   4967.99  6671.5625  9.48605e-01  8.86439e-01  9.49010e-01  8.63568e-06
   4996.54  6672.1875  1.03395e+00  1.07105e+00  1.03421e+00  3.31078e-07
   5025.10  6672.8125  1.09180e+00  1.11139e+00  1.09206e+00  3.44681e-09
   5053.65  6673.4375  1.04431e+00  1.14849e+00  1.04438e+00  0.00000e+00
   5082.20  6674.0625  9.29943e-01  7.89281e-01  9.29617e-01  0.00000e+00
   5110.75  6674.6875  9.32382e-01  9.38224e-01  9.31942e-01  0.00000e+00
   5139.30  6675.3125  9.49324e-01  1.05440e+00  9.49063e-01  0.00000e+00
   5167.85  6675.9375  9.00718e-01  7.77947e-01  9.00537e-01  0.00000e+00
   5196.40  6676.5625  9.33290e-01  9.63882e-01  9.33189e-01  0.00000e+00
   5224.95  6677.1875  9.99345e-01  9.94655e-01  9.99295e-01  0.00000e+00
   5253.50  6677.8125  1.05639e+00  1.05280e+00  1.05650e+00  0.00000e+00
   5282.06  6678.4375  1.06660e+00  1.15765e+00  1.06673e+00  0.00000e+00
   5310.61  6679.0625  9.95063e-01  9.32456e-01  9.95074e-01  0.00000e+00
   5339.16  6679.6875  9.47329e-01  9.59771e-01  9.47315e-01  0.00000e+00
   5367.71  6680.3125  9.67959e-01  8.82051e-01  9.67982e-01  0.00000e+00
   5396.26  6680.9375  1.05257e+00  1.12458e+00  1.05261e+00  0.00000e+00
   5424.81  6681.5625  1.06388e+00  1.11328e+00  1.06382e+00  0.00000e+00
   5453.36  6682.1875  9.88265e-01  9.53002e-01  9.88147e-01  0.00000e+00
   5481.91  6682.8125  9.09380e-01  9.46124e-01  9.09341e-01  0.00000e+00
   5510.46  6683.4375  8.79983e-01  7.46835e-01  8.79868e-01  0.00000e+00
   5539.01  6684.0625  9.66616e-01  1.03464e+00  9.66608e-01  0.00000e+00
   5567.57  6684.6875  1.05416e+00  1.03439e+00  1.05422e+00  0.00000e+00
   5596.12  6685.3125  1.12761e+00  1.12831e+00  1.12723e+00  0.00000e+00
   5624.67  6685.9375  1.15366e+00  1.24843e+00  1.15318e+00  0.00000e+00
   5653.22  6686.5625  1.08372e+00  1.03491e+00  1.08347e+00  0.00000e+00
   5681.77  6687.1875  1.02777e+00  1.01461e+00  1.02767e+00  0.00000e+00
   5710.32  6687.8125  9.91446e-01  1.03561e+00  9.91221e-01  0.00000e+00
   5738.87  6688.4375  9.46680e-01  8.77818e-01  9.46525e-01  0.00000e+00
   5767.42  6689.0625  9.55454e-01  9.80683e-01  9.55460e-01  0.00000e+00
   5795.97  6689.6875  1.01965e+00  9.28185e-01  1.01966e+00  0.00000e+00
   5824.52  6690.3125  1.07189e+00  1.27556e+00  1.07193e+00  0.00000e+00
   5853.08  6690.9375  9.58702e-01  8.76479e-01  9.58701e-01  0.00000e+00
   5881.63  6691.5625  8.68491e-01  8.09325e-01  8.68474e-01  4.25835e-09
   5910.18  6692.1875  8.68145e-01  9.26681e-01  8.68223e-01  4.09029e-07
   5938.73  6692.8125  8.86504e-01  7.88405e-01  8.86479e-01  1.06619e-05
   5967.28  6693.4375  9.66140e-01  1.02250e+00  9.66039e-01  7.54193e-05
   5995.83  6694.0625  1.00197e+00  1.04850e+00  1.00191e+00  1.44777e-04
   6024.38  6694.6875  9.84691e-01  9.18596e-01  9.84639e-01  7.54193e-05
   6052.93  6695.3125  1.01249e+00  1.02732e+00  1.01256e+00  1.06619e-05
   6081.48  6695.9375  9.99076e-01  1.10737e+00  9.99078e-01  4.09029e-07
   6110.04  6696.5625  9.33730e-01  7.66020e-01  9.33843e-01  4.25835e-09
   6138.59  6697.1875  9.81351e-01  1.05473e+00  9.81655e-01  0.00000e+00
   6167.14  6697.8125  1.02773e+00  1.02975e+00  1.02751e+00  0.00000e+00
   6195.69  6698.4375  1.02936e+00  1.03732e+00  1.02901e+00  0.00000e+00
   6224.24  6699.0625  1.03839e+00  9.95567e-01  1.03816e+00  0.00000e+00
   6252.79  6699.6875  1.02957e+00  1.14867e+00  1.02932e+00  0.00000e+00
   6281.34  6700.3125  9.33678e-01  8.64366e-01  9.33356e-01  0.00000e+00
   6309.89  6700.9375  9.28071e-01  8.08470e-01  9.27704e-01  0.00000e+00
   6338.44  6701.5625  1.04774e+00  1.16854e+00  1.04760e+00  0.00000e+00
   6366.99  6702.1875  1.08920e+00  1.07111e+00  1.08945e+00  0.00000e+00
   6395.55  6702.8125  1.03820e+00  1.12252e+00  1.03870e+00  0.00000e+00
   6424.10  6703.4375  9.56235e-01  8.30078e-01  9.56559e-01  0.00000e+00
   6452.65  6704.0625  9.58220e-01  1.01425e+00  9.58184e-01  0.00000e+00
   6481.20  6704.6875  9.60093e-01  9.61443e-01  9.59887e-01  0.00000e+00
   6509.75  6705.3125  9.60115e-01  9.09087e-01  9.60303e-01  0.00000e+00
   6538.30  6705.9375  1.00359e+00  1.04096e+00  1.00401e+00  0.00000e+00
   6566.85  6706.5625  1.03989e+00  1.01648e+00  1.04025e+00  0.00000e+00
   6595.40  6707.1875  1.03788e+00  1.11773e+00  1.03826e+00  0.00000e+00
   6623.95  6707.8125  9.49896e-01  9.43371e-01  9.50045e-01  0.00000e+00
   6652.50  6708.4375  8.86759e-01  7.76484e-01  8.86574e-01  0.00000e+00
   6681.06  6709.0625  9.14903e-01  1.01100e+00  9.14507e-01  0.00000e+00
   6709.61  6709.6875  9.04680e-01  8.69351e-01  9.04472e-01  0.00000e+00
   6738.16  6710.3125  9.06343e-01  8.72275e-01  9.06666e-01  0.00000e+00
   6766.71  6710.9375  9.50366e-01  9.85772e-01  9.50716e-01  0.00000e+00
   6795.26  6711.5625  9.75068e-01  9.65882e-01  9.75347e-01  0.00000e+00
   6823.81  6712.1875  1.00075e+00  9.87780e-01  1.00104e+00  0.00000e+00
   6852.36  6712.8125  1.05944e+00  1.03097e+00  1.05941e+00  0.00000e+00
   6880.91  6713.4375  1.06569e+00  1.23788e+00  1.06542e+00  0.00000e+00
   6909.46  6714.0625  9.66469e-01  7.88998e-01  9.66401e-01  0.00000e+00
   6938.02  6714.6875  9.77226e-01  1.01186e+00  9.77371e-01  0.00000e+00
   6966.57  6715.3125  1.00057e+00  1.07225e+00  1.00085e+00  0.00000e+00
   6995.12  6715.9375  9.19013e-01  9.10602e-01  9.19426e-01  0.00000e+00
   7023.67  6716.5625  8.19129e-01  7.96773e-01  8.19261e-01  0.00000e+00
   7052.22  6717.1875  7.87207e-01  7.28568e-01  7.87094e-01  0.00000e+00
   7080.77  6717.8125  8.42964e-01  8.52155e-01  8.42821e-01  0.00000e+00
   7109.32  6718.4375  9.32551e-01  9.10092e-01  9.32720e-01  0.00000e+00
   7137.87  6719.0625  9.89227e-01  1.09559e+00  9.89553e-01  0.00000e+00
   7166.42  6719.6875  9.99584e-01  8.50184e-01  9.99926e-01  0.00000e+00
   7194.97  6720.3125  1.00550e+00  1.24648e+00  1.00591e+00  0.00000e+00
   7223.53  6720.9375  8.89023e-01  7.01808e-01  8.89191e-01  0.00000e+00
   7252.08  6721.5625  8.55109e-01  8.99447e-01  8.54997e-01  0.00000e+00
   7280.63  6722.1875  8.81789e-01  8.58766e-01  8.81512e-01  0.00000e+00
   7309.18  6722.8125  9.22126e-01  9.14706e-01  9.21905e-01  0.00000e+00
   7337.73  6723.4375  9.62458e-01  1.00009e+00  9.62145e-01  0.00000e+00
   7366.28  6724.0625  9.67582e-01  9.47268e-01  9.67232e-01  0.00000e+00
   7394.83  6724.6875  9.32650e-01  1.01015e+00  9.32551e-01  0.00000e+00
   7423.38  6725.3125  8.54381e-01  7.74822e-01  8.54544e-01  0.00000e+00
   7451.93  6725.9375  8.50603e-01  8.26948e-01  8.50546e-01  0.00000e+00
   7480.48  6726.5625  9.21956e-01  9.21012e-01  9.21642e-01  0.00000e+00
   7509.04  6727.1875  9.71814e-01  1.04596e+00  9.71494e-01  0.00000e+00
   7537.59  6727.8125  1.00012e+00  8.59779e-01  9.99934e-01  0.00000e+00
   7566.14  6728.4375  1.01894e+00  1.28010e+00  1.01890e+00  0.00000e+00
   7594.69  6729.0625  8.97412e-01  6.91003e-01  8.97520e-01  0.00000e+00
   7623.24  6729.6875  9.00765e-01  8.94271e-01  9.01112e-01  0.00000e+00
   7651.79  6730.3125  1.00682e+00  1.03890e+00  1.00733e+00  0.00000e+00
   7680.34  6730.9375  1.03002e+00  1.11834e+00  1.03047e+00  0.00000e+00
   7708.89  6731.5625  9.61046e-01  8.87008e-01  9.61186e-01  0.00000e+00
   7737.44  6732.1875  9.44432e-01  9.29254e-01  9.44244e-01  0.00000e+00
   7765.99  6732.8125  9.70074e-01  1.00339e+00  9.69905e-01  0.00000e+00
   7794.55  6733.4375  9.68822e-01  9.62630e-01  9.68607e-01  0.00000e+00
   7823.10  6734.0625  9.89820e-01  9.30822e-01  9.89666e-01  0.00000e+00
   7851.65  6734.6875  1.05037e+00  1.11515e+00  1.05031e+00  0.00000e+00
   7880.20  6735.3125  1.01808e+00  1.09210e+00  1.01789e+00  0.00000e+00
   7908.75  6735.9375  8.99662e-01  8.19427e-01  8.99411e-01  0.00000e+00
   7937.30  6736.5625  8.69279e-01  8.23944e-01  8.69444e-01  0.00000e+00
   7965.85  6737.1875  9.51131e-01  9.38794e-01  9.51577e-01  0.00000e+00
   7994.40  6737.8125  1.03937e+00  1.10700e+00  1.03987e+00  0.00000e+00
   8022.95  6738.4375  1.05920e+00  1.03747e+00  1.05974e+00  0.00000e+00
   8051.51  6739.0625  1.06373e+00  1.06811e+00  1.06429e+00  0.00000e+00
   8080.06  6739.6875  1.05195e+00  1.08432e+00  1.05228e+00  0.00000e+00
   8108.61  6740.3125  9.71204e-01  1.01796e+00  9.71138e-01  0.00000e+00
   8137.16  6740.9375  8.90790e-01  7.53911e-01  8.90325e-01  0.00000e+00
   8165.71  6741.5625  9.48973e-01  9.68939e-01  9.48326e-01  0.00000e+00
   8194.26  6742.1875  1.01940e+00  1.09436e+00  1.01880e+00  0.00000e+00
   8222.81  6742.8125  1.03623e+00  9.48685e-01  1.03576e+00  0.00000e+00
   8251.36  6743.4375  1.12374e+00  1.11074e+00  1.12358e+00  0.00000e+00
   8279.91  6744.0625  1.14599e+00  1.37340e+00  1.14611e+00  0.00000e+00
   8308.46  6744.6875  9.65756e-01  8.19601e-01  9.65808e-01  0.00000e+00
   8337.02  6745.3125  8.68937e-01  8.23725e-01  8.68811e-01  0.00000e+00
   8365.57  6745.9375  8.90203e-01  9.30375e-01  8.89920e-01  0.00000e+00
   8394.12  6746.5625  9.03779e-01  8.81128e-01  9.03672e-01  0.00000e+00
   8422.67  6747.1875  9.13936e-01  9.29810e-01  9.13907e-01  0.00000e+00
   8451.22  6747.8125  9.10708e-01  9.24934e-01  9.10373e-01  0.00000e+00
   8479.77  6748.4375  9.44300e-01  8.29261e-01  9.43977e-01  0.00000e+00
   8508.32  6749.0625  1.02895e+00  1.18584e+00  1.02886e+00  0.00000e+00
   8536.87  6749.6875  1.01312e+00  9.50738e-01  1.01318e+00  0.00000e+00
   8565.42  6750.3125  1.01869e+00  9.68059e-01  1.01892e+00  0.00000e+00
   8593.97  6750.9375  1.09642e+00  1.13792e+00  1.09684e+00  0.00000e+00
   8622.53  6751.5625  1.10592e+00  1.18628e+00  1.10640e+00  0.00000e+00
   8651.08  6752.1875  1.03144e+00  9.49666e-01  1.03162e+00  0.00000e+00
   8679.63  6752.8125  9.81708e-01  1.04876e+00  9.81762e-01  0.00000e+00
   8708.18  6753.4375  9.98243e-01  8.09583e-01  9.98543e-01  0.00000e+00
   8736.73  6754.0625  1.12191e+00  1.30018e+00  1.12244e+00  0.00000e+00
   8765.28  6754.6875  1.14149e+00  1.10325e+00  1.14220e+00  0.00000e+00
   8793.83  6755.3125  1.08922e+00  1.12836e+00  1.08958e+00  0.00000e+00
   8822.38  6755.9375  1.04264e+00  9.67055e-01  1.04253e+00  0.00000e+00
   8850.93  6756.5625  9.97339e-01  1.13622e+00  9.97296e-01  0.00000e+00
   8879.49  6757.1875  9.30047e-01  7.28491e-01  9.29970e-01  0.00000e+00
   8908.04  6757.8125  9.90328e-01  1.09174e+00  9.89995e-01  0.00000e+00
   8936.59  6758.4375  1.06220e+00  1.01080e+00  1.06194e+00  0.00000e+00
   8965.14  6759.0625  1.10491e+00  1.17029e+00  1.10524e+00  0.00000e+00
   8993.69  6759.6875  1.03540e+00  1.12971e+00  1.03616e+00  0.00000e+00
   9022.24  6760.3125  8.96479e-01  7.43526e-01  8.97014e-01  0.00000e+00
   9050.79  6760.9375  9.25112e-01  8.84594e-01  9.25528e-01  0.00000e+00
   9079.34  6761.5625  1.05802e+00  1.11866e+00  1.05850e+00  0.00000e+00
   9107.89  6762.1875  1.09767e+00  1.17652e+00  1.09805e+00  0.00000e+00
   9136.44  6762.8125  1.08941e+00  9.24270e-01  1.08957e+00  0.00000e+00
   9165.00  6763.4375  1.13022e+00  1.33807e+00  1.13058e+00  0.00000e+00
   9193.55  6764.0625  1.07412e+00  9.34936e-01  1.07446e+00  0.00000e+00
   9222.10  6764.6875  1.05325e+00  1.10437e+00  1.05314e+00  0.00000e+00
   9250.65  6765.3125  1.06053e+00  1.02834e+00  1.06037e+00  0.00000e+00
   9279.20  6765.9375  1.07544e+00  1.09094e+00  1.07546e+00  0.00000e+00
   9307.75  6766.5625  1.09040e+00  1.08584e+00  1.09080e+00  0.00000e+00
   9336.30  6767.1875  1.10894e+00  1.09778e+00  1.10927e+00  0.00000e+00
   9364.85  6767.8125  1.12828e+00  1.15770e+00  1.12817e+00  0.00000e+00
   9393.40  6768.4375  1.14497e+00  1.09618e+00  1.14504e+00  0.00000e+00
   9421.95  6769.0625  1.20271e+00  1.20798e+00  1.20327e+00  0.00000e+00
   9450.51  6769.6875  1.22341e+00  1.32379e+00  1.22402e+00  0.00000e+00
   9479.06  6770.3125  1.14578e+00  1.08052e+00  1.14643e+00  0.00000e+00
   9507.61  6770.9375  1.06178e+00  1.12395e+00  1.06237e+00  0.00000e+00
   9536.16  6771.5625  1.02347e+00  8.64199e-01  1.02373e+00  0.00000e+00
   9564.71  6772.1875  1.08527e+00  1.21554e+00  1.08562e+00  0.00000e+00
   9593.26  6772.8125  1.09757e+00  1.04356e+00  1.09814e+00  0.00000e+00
   9621.81  6773.4375  1.05963e+00  1.14315e+00  1.06011e+00  0.00000e+00
   9650.36  6774.0625  9.81669e-01  9.12855e-01  9.82285e-01  0.00000e+00
   9678.91  6774.6875  9.67153e-01  9.28170e-01  9.67959e-01  0.00000e+00
   9707.47  6775.3125  9.87728e-01  1.08626e+00  9.88199e-01  0.00000e+00
   9736.02  6775.9375  9.77209e-01  8.55018e-01  9.77309e-01  0.00000e+00
   9764.57  6776.5625  1.06944e+00  1.06791e+00  1.06973e+00  0.00000e+00
   9793.12  6777.1875  1.18097e+00  1.26590e+00  1.18138e+00  0.00000e+00
   9821.67  6777.8125  1.15475e+00  1.21066e+00  1.15509e+00  0.00000e+00
   9850.22  6778.4375  1.07991e+00  9.47387e-01  1.07996e+00  0.00000e+00
   9878.77  6779.0625  1.09538e+00  1.17745e+00  1.09506e+00  0.00000e+00
   9907.32  6779.6875  1.07835e+00  1.08197e+00  1.07801e+00  0.00000e+00
   9935.87  6780.3125  1.02178e+00  1.00574e+00  1.02183e+00  0.00000e+00
   9964.42  6780.9375  1.00105e+00  9.69352e-01  1.00110e+00  0.00000e+00
   9992.98  6781.5625  1.03150e+00  1.02781e+00  1.03114e+00  0.00000e+00
  10021.53  6782.1875  1.03634e+00  1.12608e+00  1.03572e+00  0.00000e+00
  10050.08  6782.8125  9.94981e-01  8.73085e-01  9.94590e-01  0.00000e+00
  10078.63  6783.4375  1.00199e+00  1.10612e+00  1.00191e+00  0.00000e+00
  10107.18  6784.0625  9.94984e-01  9.01189e-01  9.94859e-01  0.00000e+00
  10135.73  6784.6875  1.00327e+00  1.09111e+00  1.00285e+00  0.00000e+00
  10164.28  6785.3125  9.90223e-01  9.17643e-01  9.90138e-01  0.00000e+00
  10192.83  6785.9375  1.00082e+00  1.04099e+00  1.00102e+00  0.00000e+00
  10221.38  6786.5625  1.01495e+00  9.84361e-01  1.01514e+00  0.00000e+00
  10249.93  6787.1875  1.00855e+00  1.07767e+00  1.00888e+00  0.00000e+00
  10278.49  6787.8125  9.70705e-01  8.97492e-01  9.70941e-01  0.00000e+00
  10307.04  6788.4375  9.71731e-01  9.97894e-01  9.72000e-01  0.00000e+00
  10335.59  6789.0625  9.49705e-01  1.00663e+00  9.49683e-01  0.00000e+00
  10364.14  6789.6875  9.15370e-01  7.85675e-01  9.15207e-01  0.00000e+00
  10392.69  6790.3125  9.92927e-01  1.03917e+00  9.92777e-01  0.00000e+00
  10421.24  6790.9375  1.12245e+00  1.05609e+00  1.12232e+00  0.00000e+00
  10449.79  6791.5625  1.24707e+00  1.35924e+00  1.24699e+00  0.00000e+00
  10478.34  6792.1875  1.23245e+00  1.28110e+00  1.23248e+00  0.00000e+00
  10506.89  6792.8125  1.11782e+00  1.06827e+00  1.11792e+00  0.00000e+00
  10535.45  6793.4375  1.05378e+00  1.02816e+00  1.05393e+00  0.00000e+00
  10564.00  6794.0625  1.08471e+00  1.02542e+00  1.08490e+00  0.00000e+00
  10592.55  6794.6875  1.13768e+00  1.26055e+00  1.13770e+00  0.00000e+00
  10621.10  6795.3125  1.07179e+00  1.06107e+00  1.07175e+00  0.00000e+00
  10649.65  6795.9375  9.92631e-01  9.23781e-01  9.92638e-01  0.00000e+00
  10678.20  6796.5625  1.05491e+00  9.66178e-01  1.05512e+00  0.00000e+00
  10706.75  6797.1875  1.15843e+00  1.36064e+00  1.15873e+00  0.00000e+00
  10735.30  6797.8125  1.11428e+00  1.01122e+00  1.11430e+00  0.00000e+00
  10763.85  6798.4375  1.13748e+00  1.04111e+00  1.13714e+00  0.00000e+00
  10792.40  6799.0625  1.19164e+00  1.45213e+00  1.19098e+00  0.00000e+00
  10820.96  6799.6875  1.04844e+00  9.05004e-01  1.04797e+00  0.00000e+00
  10849.51  6800.3125  9.64121e-01  9.28386e-01  9.63976e-01  0.00000e+00
  10878.06  6800.9375  1.01715e+00  9.93838e-01  1.01709e+00  0.00000e+00
  10906.61  6801.5625  1.07746e+00  1.16448e+00  1.07725e+00  0.00000e+00
  10935.16  6802.1875  1.07193e+00  1.01101e+00  1.07181e+00  0.00000e+00
  10963.71  6802.8125  1.06601e+00  1.11508e+00  1.06587e+00  0.00000e+00
  10992.26  6803.4375  1.03747e+00  1.02673e+00  1.03706e+00  0.00000e+00
  11020.81  6804.0625  1.02396e+00  9.67130e-01  1.02376e+00  0.00000e+00
  11049.36  6804.6875  9.91562e-01  1.16789e+00  9.91941e-01  0.00000e+00
  11077.91  6805.3125  8.93926e-01  6.67235e-01  8.94510e-01  0.00000e+00
  11106.47  6805.9375  9.46181e-01  1.02241e+00  9.46548e-01  0.00000e+00
  11135.02  6806.5625  1.00452e+00  1.04396e+00  1.00439e+00  0.00000e+00
  11163.57  6807.1875  9.76643e-01  9.71552e-01  9.76464e-01  0.00000e+00
  11192.12  6807.8125  9.62994e-01  9.05480e-01  9.62779e-01  0.00000e+00
  11220.67  6808.4375  1.01701e+00  1.03472e+00  1.01660e+00  0.00000e+00
  11249.22  6809.0625  1.07510e+00  1.08731e+00  1.07453e+00  0.00000e+00
  11277.77  6809.6875  1.10559e+00  1.10816e+00  1.10530e+00  0.00000e+00
  11306.32  6810.3125  1.10631e+00  1.13446e+00  1.10635e+00  0.00000e+00
  11334.87  6810.9375  1.05444e+00  1.08203e+00  1.05443e+00  0.00000e+00
  11363.43  6811.5625  1.00686e+00  9.03444e-01  1.00671e+00  0.00000e+00
  11391.98  6812.1875  1.00343e+00  1.13506e+00  1.00312e+00  0.00000e+00
  11420.53  6812.8125  9.48825e-01  8.41714e-01  9.48350e-01  0.00000e+00
  11449.08  6813.4375  9.23115e-01  9.90204e-01  9.22387e-01  0.00000e+00
  11477.63  6814.0625  9.19103e-01  8.30048e-01  9.18380e-01  0.00000e+00
  11506.18  6814.6875  9.42476e-01  1.03778e+00  9.42027e-01  0.00000e+00
  11534.73  6815.3125  9.41580e-01  8.49566e-01  9.41443e-01  0.00000e+00
  11563.28  6815.9375  9.40139e-01  1.06469e+00  9.40086e-01  0.00000e+00
  11591.83  6816.5625  9.41872e-01  7.38730e-01  9.41704e-01  0.00000e+00
  11620.38  6817.1875  1.03119e+00  1.22080e+00  1.03084e+00  0.00000e+00
  11648.94  6817.8125  1.05459e+00  9.39301e-01  1.05439e+00  0.00000e+00
  11677.49  6818.4375  1.08911e+00  1.14542e+00  1.08930e+00  0.00000e+00
  11706.04  6819.0625  1.09661e+00  1.11650e+00  1.09700e+00  0.00000e+00
  11734.59  6819.6875  9.97804e-01  1.08692e+00  9.97704e-01  0.00000e+00
  11763.14  6820.3125  8.53557e-01  7.13686e-01  8.53080e-01  0.00000e+00
  11791.69  6820.9375  8.88048e-01  8.06703e-01  8.87765e-01  0.00000e+00
  11820.24  6821.5625  1.05575e+00  1.14667e+00  1.05558e+00  0.00000e+00
  11848.79  6822.1875  1.11125e+00  1.18333e+00  1.11089e+00  0.00000e+00
  11877.34  6822.8125  1.00994e+00  1.03263e+00  1.00954e+00  0.00000e+00
  11905.89  6823.4375  9.38136e-01  7.57082e-01  9.37752e-01  0.00000e+00
  11934.45  6824.0625  1.03011e+00  1.13179e+00  1.02969e+00  0.00000e+00
  11963.00  6824.6875  1.07882e+00  1.09920e+00  1.07850e+00  0.00000e+00
  11991.55  6825.3125  9.77515e-01  1.09977e+00  9.77339e-01  0.00000e+00
  12020.10  6825.9375  8.27801e-01  6.09025e-01  8.27889e-01  0.00000e+00
  12048.65  6826.5625  8.58186e-01  9.18739e-01  8.58404e-01  0.00000e+00
  12077.20  6827.1875  9.22289e-01  9.44007e-01  9.22397e-01  0.00000e+00
  12105.75  6827.8125  9.17157e-01  9.42187e-01  9.17162e-01  0.00000e+00
  12134.30  6828.4375  9.34056e-01  8.08935e-01  9.33974e-01  0.00000e+00
  12162.85  6829.0625  1.01032e+00  1.16126e+00  1.01005e+00  0.00000e+00
  12191.40  6829.6875  9.64150e-01  9.65274e-01  9.64009e-01  0.00000e+00
  12219.96  6830.3125  9.04646e-01  7.72473e-01  9.04789e-01  0.00000e+00
  12248.51  6830.9375  9.36705e-01  1.07143e+00  9.36602e-01  0.00000e+00
  12277.06  6831.5625  9.18962e-01  8.36373e-01  9.18652e-01  0.00000e+00
  12305.61  6832.1875  9.22954e-01  9.41134e-01  9.22623e-01  0.00000e+00
  12334.16  6832.8125  9.48178e-01  9.47733e-01  9.47808e-01  0.00000e+00
  12362.71  6833.4375  9.59206e-01  9.68828e-01  9.58948e-01  0.00000e+00
  12391.26  6834.0625  9.51507e-01  9.68668e-01  9.51646e-01  0.00000e+00
  12419.81  6834.6875  9.92731e-01  8.52296e-01  9.93092e-01  0.00000e+00
  12448.36  6835.3125  1.07406e+00  1.30405e+00  1.07442e+00  0.00000e+00
  12476.92  6835.9375  9.91486e-01  8.97660e-01  9.91745e-01  0.00000e+00
  12505.47  6836.5625  9.19259e-01  8.80179e-01  9.19196e-01  0.00000e+00
  12534.02  6837.1875  8.91402e-01  9.93344e-01  8.91433e-01  0.00000e+00
  12562.57  6837.8125  8.37743e-01  6.94921e-01  8.38150e-01  0.00000e+00
  12591.12  6838.4375  8.54894e-01  9.59135e-01  8.55176e-01  0.00000e+00
  12619.67  6839.0625  8.88268e-01  7.63757e-01  8.88229e-01  0.00000e+00
  12648.22  6839.6875  9.63841e-01  1.07191e+00  9.63512e-01  0.00000e+00
  12676.77  6840.3125  9.69381e-01  9.67424e-01  9.69063e-01  0.00000e+00
  12705.32  6840.9375  9.36261e-01  9.01584e-01  9.35976e-01  0.00000e+00
  12733.87  6841.5625  9.28220e-01  9.59139e-01  9.28072e-01  0.00000e+00
  12762.43  6842.1875  9.06713e-01  8.98816e-01  9.06668e-01  0.00000e+00
  12790.98  6842.8125  9.00465e-01  8.57398e-01  9.00353e-01  0.00000e+00
  12819.53  6843.4375  8.96161e-01  1.00193e+00  8.96118e-01  0.00000e+00
  12848.08  6844.0625  8.66559e-01  7.16942e-01  8.66472e-01  0.00000e+00
  12876.63  6844.6875  9.43815e-01  9.90082e-01  9.43504e-01  0.00000e+00
  12905.18  6845.3125  1.01422e+00  1.07109e+00  1.01387e+00  0.00000e+00
  12933.73  6845.9375  1.02047e+00  9.59287e-01  1.02034e+00  0.00000e+00
  12962.28  6846.5625  1.02935e+00  1.10103e+00  1.02954e+00  0.00000e+00
  12990.83  6847.1875  9.96608e-01  9.68369e-01  9.96929e-01  0.00000e+00
  13019.38  6847.8125  9.81401e-01  9.41207e-01  9.81584e-01  0.00000e+00
  13047.94  6848.4375  9.76959e-01  1.07305e+00  9.76954e-01  0.00000e+00
  13076.49  6849.0625  8.86966e-01  8.60992e-01  8.86793e-01  0.00000e+00
  13105.04  6849.6875  8.04654e-01  7.56496e-01  8.04308e-01  0.00000e+00
  13133.59  6850.3125  8.12328e-01  7.88343e-01  8.11914e-01  0.00000e+00
  13162.14  6850.9375  8.68525e-01  9.00679e-01  8.68288e-01  0.00000e+00
  13190.69  6851.5625  9.83693e-01  8.26409e-01  9.83793e-01  0.00000e+00
  13219.24  6852.1875  1.11646e+00  1.40734e+00  1.11664e+00  0.00000e+00
  13247.79  6852.8125  1.01652e+00  9.19277e-01  1.01668e+00  0.00000e+00
  13276.34  6853.4375  9.16493e-01  8.47769e-01  9.16665e-01  0.00000e+00
  13304.90  6854.0625  9.49514e-01  9.60318e-01  9.49541e-01  0.00000e+00
  13333.45  6854.6875  9.88436e-01  1.03099e+00  9.88295e-01  0.00000e+00
  13362.00  6855.3125  9.78189e-01  9.58176e-01  9.78101e-01  0.00000e+00
  13390.55  6855.9375  9.75491e-01  9.67411e-01  9.75434e-01  0.00000e+00
  13419.10  6856.5625  1.02728e+00  9.66456e-01  1.02713e+00  0.00000e+00
  13447.65  6857.1875  1.09126e+00  1.21499e+00  1.09100e+00  0.00000e+00
  13476.20  6857.8125  1.03482e+00  1.02186e+00  1.03471e+00  0.00000e+00
  13504.75  6858.4375  9.26254e-01  9.25788e-01  9.26173e-01  0.00000e+00
  13533.30  6859.0625  8.78171e-01  7.79824e-01  8.77955e-01  0.00000e+00
  13561.85  6859.6875  8.98372e-01  1.00593e+00  8.98082e-01  0.00000e+00
  13590.41  6860.3125  8.59040e-01  8.19037e-01  8.59177e-01  0.00000e+00
  13618.96  6860.9375  8.24857e-01  8.10055e-01  8.25311e-01  0.00000e+00
  13647.51  6861.5625  9.12746e-01  7.70995e-01  9.13220e-01  0.00000e+00
  13676.06  6862.1875  1.11525e+00  1.25244e+00  1.11542e+00  0.00000e+00
  13704.61  6862.8125  1.18743e+00  1.24424e+00  1.18728e+00  0.00000e+00
  13733.16  6863.4375  1.11935e+00  1.09364e+00  1.11918e+00  0.00000e+00
  13761.71  6864.0625  1.02816e+00  1.06299e+00  1.02790e+00  0.00000e+00
  13790.26  6864.6875  9.56499e-01  8.68607e-01  9.56205e-01  0.00000e+00
  13818.81  6865.3125  9.54016e-01  9.99022e-01  9.53718e-01  0.00000e+00
  13847.36  6865.9375  9.34646e-01  9.51648e-01  9.34294e-01  0.00000e+00
  13875.92  6866.5625  8.95105e-01  8.51586e-01  8.94824e-01  0.00000e+00
  13904.47  6867.1875  9.06084e-01  8.95077e-01  9.05870e-01  0.00000e+00
  13933.02  6867.8125  9.17978e-01  9.85818e-01  9.17833e-01  0.00000e+00
  13961.57  6868.4375  8.78547e-01  8.30467e-01  8.78605e-01  0.00000e+00
  13990.12  6869.0625  8.94244e-01  8.38276e-01  8.94288e-01  0.00000e+00
  14018.67  6869.6875  9.71174e-01  1.03726e+00  9.71263e-01  0.00000e+00
  14047.22  6870.3125  9.90482e-01  9.99930e-01  9.90382e-01  0.00000e+00
  14075.77  6870.9375  9.72569e-01  9.50729e-01  9.72562e-01  0.00000e+00
  14104.32  6871.5625  9.83135e-01  9.68871e-01  9.83367e-01  0.00000e+00
  14132.88  6872.1875  1.00423e+00  1.04260e+00  1.00422e+00  0.00000e+00
  14161.43  6872.8125  1.00754e+00  9.62720e-01  1.00700e+00  0.00000e+00
  14189.98  6873.4375  9.96075e-01  1.08658e+00  9.95520e-01  0.00000e+00
  14218.53  6874.0625  9.45405e-01  8.50422e-01  9.45175e-01  0.00000e+00
  14247.08  6874.6875  9.32306e-01  9.92052e-01  9.32122e-01  0.00000e+00
  14275.63  6875.3125  9.06192e-01  8.89285e-01  9.05953e-01  0.00000e+00
  14304.18  6875.9375  9.01569e-01  8.46614e-01  9.01579e-01  0.00000e+00
  14332.73  6876.5625  9.48658e-01  9.95837e-01  9.48860e-01  0.00000e+00
  14361.28  6877.1875  9.53179e-01  9.81044e-01  9.53230e-01  0.00000e+00
  14389.83  6877.8125  9.47891e-01  8.53076e-01  9.47799e-01  0.00000e+00
  14418.39  6878.4375  9.93723e-01  1.09042e+00  9.93340e-01  0.00000e+00
  14446.94  6879.0625  9.96608e-01  9.45372e-01  9.96239e-01  0.00000e+00
  14475.49  6879.6875  9.83698e-01  1.03334e+00  9.83491e-01  0.00000e+00
  14504.04  6880.3125  9.58965e-01  9.13971e-01  9.58684e-01  0.00000e+00
  14532.59  6880.9375  9.50177e-01  9.73291e-01  9.49704e-01  0.00000e+00
  14561.14  6881.5625  9.07830e-01  9.59142e-01  9.07401e-01  0.00000e+00
  14589.69  6882.1875  8.40605e-01  7.49775e-01  8.40365e-01  0.00000e+00
  14618.24  6882.8125  8.72958e-01  8.50424e-01  8.72760e-01  0.00000e+00
  14646.79  6883.4375  9.27724e-01  1.03002e+00  9.27534e-01  0.00000e+00
  14675.34  6884.0625  8.86246e-01  8.52329e-01  8.86069e-01  0.00000e+00
  14703.90  6884.6875  8.76233e-01  7.91064e-01  8.76205e-01  0.00000e+00
  14732.45  6885.3125  9.29877e-01  1.04562e+00  9.29896e-01  0.00000e+00
  14761.00  6885.9375  9.34454e-01  8.45931e-01  9.34461e-01  0.00000e+00
  14789.55  6886.5625  9.64183e-01  1.00524e+00  9.64074e-01  0.00000e+00
  14818.10  6887.1875  9.81207e-01  9.95507e-01  9.81162e-01  0.00000e+00
  14846.65  6887.8125  9.77447e-01  9.45479e-01  9.77581e-01  0.00000e+00
  14875.20  6888.4375  1.01020e+00  9.97048e-01  1.01031e+00  0.00000e+00
  14903.75  6889.0625  1.01155e+00  1.12784e+00  1.01161e+00  0.00000e+00
  14932.30  6889.6875  9.17302e-01  8.35669e-01  9.17692e-01  0.00000e+00
  14960.86  6890.3125  8.78709e-01  8.48455e-01  8.79212e-01  0.00000e+00
  14989.41  6890.9375  9.10149e-01  9.44884e-01  9.10164e-01  0.00000e+00
  15017.96  6891.5625  9.97238e-01  8.55111e-01  9.96774e-01  0.00000e+00
  15046.51  6892.1875  1.14486e+00  1.32018e+00  1.14445e+00  0.00000e+00
  15075.06  6892.8125  1.10737e+00  1.17486e+00  1.10745e+00  0.00000e+00
  15103.61  6893.4375  9.69380e-01  8.19473e-01  9.69575e-01  0.00000e+00
  15132.16  6894.0625  9.78570e-01  9.79314e-01  9.78818e-01  0.00000e+00
  15160.71  6894.6875  9.84312e-01  1.14467e+00  9.84487e-01  0.00000e+00
  15189.26  6895.3125  8.83781e-01  7.11402e-01  8.83804e-01  0.00000e+00
  15217.81  6895.9375  8.93284e-01  9.31762e-01  8.93378e-01  0.00000e+00
  15246.37  6896.5625  9.65878e-01  9.39170e-01  9.66173e-01  0.00000e+00
  15274.92  6897.1875  1.03394e+00  1.07143e+00  1.03422e+00  0.00000e+00
  15303.47  6897.8125  1.06193e+00  1.06623e+00  1.06233e+00  0.00000e+00
  15332.02  6898.4375  1.02976e+00  1.08647e+00  1.03024e+00  0.00000e+00
  15360.57  6899.0625  9.56382e-01  8.96933e-01  9.56739e-01  0.00000e+00
  15389.12  6899.6875  9.64450e-01  8.99318e-01  9.64644e-01  0.00000e+00
  15417.67  6900.3125  1.04054e+00  1.13025e+00  1.04056e+00  0.00000e+00
  15446.22  6900.9375  1.06367e+00  1.02316e+00  1.06359e+00  0.00000e+00
  15474.77  6901.5625  1.09052e+00  1.07971e+00  1.09055e+00  0.00000e+00
  15503.32  6902.1875  1.08390e+00  1.20850e+00  1.08389e+00  0.00000e+00
  15531.88  6902.8125  1.03050e+00  8.43583e-01  1.03056e+00  0.00000e+00
  15560.43  6903.4375  1.10910e+00  1.17456e+00  1.10910e+00  0.00000e+00
  15588.98  6904.0625  1.16415e+00  1.23963e+00  1.16404e+00  0.00000e+00
  15617.53  6904.6875  1.09477e+00  1.08217e+00  1.09447e+00  0.00000e+00
  15646.08  6905.3125  1.03368e+00  9.68245e-01  1.03331e+00  0.00000e+00
  15674.63  6905.9375  1.05970e+00  1.06355e+00  1.05950e+00  0.00000e+00
  15703.18  6906.5625  1.06306e+00  1.16117e+00  1.06301e+00  0.00000e+00
  15731.73  6907.1875  9.71409e-01  9.14390e-01  9.71427e-01  0.00000e+00
  15760.28  6907.8125  9.23886e-01  8.76003e-01  9.23814e-01  0.00000e+00
  15788.84  6908.4375  9.46021e-01  9.86793e-01  9.46089e-01  0.00000e+00
  15817.39  6909.0625  9.35458e-01  9.57367e-01  9.35783e-01  0.00000e+00
  15845.94  6909.6875  9.40336e-01  8.24177e-01  9.40793e-01  0.00000e+00
  15874.49  6910.3125  1.03669e+00  1.11539e+00  1.03708e+00  0.00000e+00
  15903.04  6910.9375  1.07491e+00  1.11153e+00  1.07531e+00  0.00000e+00
  15931.59  6911.5625  1.00986e+00  1.02957e+00  1.01037e+00  0.00000e+00
  15960.14  6912.1875  9.19946e-01  8.74500e-01  9.20147e-01  0.00000e+00
  15988.69  6912.8125  8.61260e-01  8.91501e-01  8.61320e-01  0.00000e+00
  16017.24  6913.4375  8.32527e-01  7.67113e-01  8.32460e-01  0.00000e+00
  16045.79  6914.0625  9.26516e-01  8.29048e-01  9.26442e-01  0.00000e+00
  16074.35  6914.6875  1.06609e+00  1.27384e+00  1.06596e+00  0.00000e+00
  16102.90  6915.3125  1.04683e+00  9.54175e-01  1.04687e+00  0.00000e+00
  16131.45  6915.9375  1.03786e+00  1.01605e+00  1.03835e+00  0.00000e+00
  16160.00  6916.5625  1.04773e+00  1.15130e+00  1.04818e+00  0.00000e+00
  16188.55  6917.1875  9.95987e-01  8.96369e-01  9.96163e-01  0.00000e+00
  16217.10  6917.8125  1.00288e+00  1.02065e+00  1.00303e+00  0.00000e+00
  16245.65  6918.4375  1.01691e+00  1.05724e+00  1.01720e+00  0.00000e+00
  16274.20  6919.0625  9.48393e-01  9.91759e-01  9.48447e-01  0.00000e+00
  16302.75  6919.6875  8.83068e-01  7.35808e-01  8.82952e-01  0.00000e+00
  16331.30  6920.3125  9.26875e-01  1.02301e+00  9.26966e-01  0.00000e+00
  16359.86  6920.9375  9.15379e-01  9.50379e-01  9.15565e-01  0.00000e+00
  16388.41  6921.5625  9.07757e-01  7.26891e-01  9.07994e-01  0.00000e+00
  16416.96  6922.1875  1.02278e+00  1.18672e+00  1.02294e+00  0.00000e+00
  16445.51  6922.8125  1.10729e+00  9.61112e-01  1.10726e+00  0.00000e+00
  16474.06  6923.4375  1.13206e+00  1.40681e+00  1.13215e+00  0.00000e+00
  16502.61  6924.0625  9.76551e-01  8.07058e-01  9.76626e-01  0.00000e+00
  16531.16  6924.6875  8.99965e-01  8.77967e-01  8.99715e-01  0.00000e+00
  16559.71  6925.3125  9.65078e-01  9.35206e-01  9.65125e-01  0.00000e+00
  16588.26  6925.9375  1.09176e+00  1.08206e+00  1.09212e+00  0.00000e+00
  16616.81  6926.5625  1.17833e+00  1.29411e+00  1.17864e+00  0.00000e+00
  16645.37  6927.1875  1.10380e+00  1.13246e+00  1.10410e+00  0.00000e+00
  16673.92  6927.8125  9.92614e-01  8.71660e-01  9.92758e-01  0.00000e+00
  16702.47  6928.4375  9.94503e-01  1.04393e+00  9.94463e-01  0.00000e+00
  16731.02  6929.0625  1.04275e+00  9.68891e-01  1.04251e+00  0.00000e+00
  16759.57  6929.6875  1.06934e+00  1.22738e+00  1.06899e+00  0.00000e+00
  16788.12  6930.3125  9.67912e-01  9.07600e-01  9.67578e-01  0.00000e+00
  16816.67  6930.9375  9.14428e-01  8.11987e-01  9.14469e-01  0.00000e+00
  16845.22  6931.5625  9.95753e-01  1.04484e+00  9.96269e-01  0.00000e+00
  16873.77  6932.1875  1.02181e+00  1.11929e+00  1.02230e+00  0.00000e+00
  16902.33  6932.8125  9.77167e-01  8.30235e-01  9.77290e-01  0.00000e+00
  16930.88  6933.4375  1.01406e+00  1.10565e+00  1.01410e+00  0.00000e+00
  16959.43  6934.0625  1.04529e+00  9.90971e-01  1.04522e+00  0.00000e+00
  16987.98  6934.6875  1.06086e+00  1.12942e+00  1.06070e+00  0.00000e+00
  17016.53  6935.3125  1.08115e+00  9.64490e-01  1.08099e+00  0.00000e+00
  17045.08  6935.9375  1.13964e+00  1.26886e+00  1.13964e+00  0.00000e+00
  17073.63  6936.5625  1.10674e+00  1.08833e+00  1.10694e+00  0.00000e+00
  17102.18  6937.1875  1.05041e+00  1.00565e+00  1.05082e+00  0.00000e+00
  17130.73  6937.8125  1.04923e+00  1.06873e+00  1.04968e+00  0.00000e+00
  17159.28  6938.4375  1.05610e+00  1.04380e+00  1.05626e+00  0.00000e+00
  17187.84  6939.0625  1.03930e+00  1.08651e+00  1.03921e+00  0.00000e+00
  17216.39  6939.6875  9.60985e-01  9.79251e-01  9.60849e-01  0.00000e+00
  17244.94  6940.3125  9.26131e-01  7.57830e-01  9.26174e-01  0.00000e+00
  17273.49  6940.9375  1.00167e+00  1.17829e+00  1.00183e+00  0.00000e+00
  17302.04  6941.5625  1.03319e+00  8.74622e-01  1.03339e+00  0.00000e+00
  17330.59  6942.1875  1.06365e+00  1.24928e+00  1.06363e+00  0.00000e+00
  17359.14  6942.8125  9.72870e-01  9.16921e-01  9.72606e-01  0.00000e+00
  17387.69  6943.4375  8.91486e-01  8.19518e-01  8.91089e-01  0.00000e+00
  17416.24  6944.0625  9.04553e-01  9.56782e-01  9.04191e-01  0.00000e+00
  17444.79  6944.6875  9.34989e-01  8.63110e-01  9.34315e-01  0.00000e+00
  17473.35  6945.3125  9.81487e-01  1.06135e+00  9.80463e-01  0.00000e+00
  17501.90  6945.9375  9.29629e-01  9.86468e-01  9.28967e-01  0.00000e+00
  17530.45  6946.5625  7.86215e-01  7.44857e-01  7.86178e-01  0.00000e+00
  17559.00  6947.1875  7.53814e-01  5.96436e-01  7.53725e-01  0.00000e+00
  17587.55  6947.8125  9.02086e-01  9.84550e-01  9.01889e-01  0.00000e+00
  17616.10  6948.4375  9.95694e-01  1.07254e+00  9.95361e-01  0.00000e+00
  17644.65  6949.0625  1.03036e+00  8.78803e-01  1.02986e+00  0.00000e+00
  17673.20  6949.6875  1.14759e+00  1.25675e+00  1.14743e+00  0.00000e+00
