# day004  epoch=4.0d  L_Halpha=1.937e+27 erg/s  smooth_kms=25.0
# Columns:
#   1: Δv [km/s]      velocity offset from Hα (6562.81 Å), positive = redshift
#   2: lambda [Å]     observed wavelength
#   3: F_norm         total flux, smoothed, normalized to F_cont_baseline
#   4: F_norm_raw     total flux, RAW MC (no velocity smoothing)
#   5: F_cont_smooth  continuum-channel flux (continuum photons only)
#   6: F_vol_smooth   volumetric-channel flux (line emission contribution)
# Format: F_norm ≈ F_cont_smooth + F_vol_smooth (within MC noise)
# ----------------------------------------------------------------------------------------
 -16559.48  6200.3125  1.00928e+00  1.01553e+00  1.00980e+00  0.00000e+00
 -16530.93  6200.9375  9.84062e-01  1.00941e+00  9.84364e-01  0.00000e+00
 -16502.38  6201.5625  9.80085e-01  8.80007e-01  9.80379e-01  0.00000e+00
 -16473.83  6202.1875  1.05845e+00  1.11501e+00  1.05861e+00  0.00000e+00
 -16445.28  6202.8125  1.09605e+00  1.13793e+00  1.09598e+00  0.00000e+00
 -16416.73  6203.4375  1.05440e+00  1.04407e+00  1.05445e+00  0.00000e+00
 -16388.18  6204.0625  1.02064e+00  9.81569e-01  1.02087e+00  0.00000e+00
 -16359.63  6204.6875  1.00396e+00  1.07049e+00  1.00419e+00  0.00000e+00
 -16331.08  6205.3125  9.30454e-01  9.20065e-01  9.30435e-01  0.00000e+00
 -16302.53  6205.9375  8.60584e-01  8.12437e-01  8.60538e-01  0.00000e+00
 -16273.97  6206.5625  8.57230e-01  8.63081e-01  8.57180e-01  0.00000e+00
 -16245.42  6207.1875  9.06183e-01  8.54639e-01  9.06046e-01  0.00000e+00
 -16216.87  6207.8125  1.00096e+00  1.03216e+00  1.00111e+00  0.00000e+00
 -16188.32  6208.4375  1.04164e+00  1.10937e+00  1.04205e+00  0.00000e+00
 -16159.77  6209.0625  9.44370e-01  1.00420e+00  9.44836e-01  0.00000e+00
 -16131.22  6209.6875  8.37743e-01  6.51395e-01  8.37929e-01  0.00000e+00
 -16102.67  6210.3125  9.26869e-01  9.45251e-01  9.26858e-01  0.00000e+00
 -16074.12  6210.9375  1.03863e+00  1.14490e+00  1.03859e+00  0.00000e+00
 -16045.57  6211.5625  1.01382e+00  9.99261e-01  1.01383e+00  0.00000e+00
 -16017.01  6212.1875  9.69244e-01  9.24705e-01  9.69467e-01  0.00000e+00
 -15988.46  6212.8125  9.75690e-01  9.98272e-01  9.76060e-01  0.00000e+00
 -15959.91  6213.4375  9.75856e-01  9.82348e-01  9.76171e-01  0.00000e+00
 -15931.36  6214.0625  9.60166e-01  9.54374e-01  9.60423e-01  0.00000e+00
 -15902.81  6214.6875  9.68775e-01  9.27189e-01  9.69161e-01  0.00000e+00
 -15874.26  6215.3125  9.73843e-01  1.08463e+00  9.74212e-01  0.00000e+00
 -15845.71  6215.9375  9.36377e-01  7.97129e-01  9.36669e-01  0.00000e+00
 -15817.16  6216.5625  9.40619e-01  1.07518e+00  9.40906e-01  0.00000e+00
 -15788.61  6217.1875  9.10094e-01  8.04926e-01  9.10232e-01  0.00000e+00
 -15760.06  6217.8125  9.51342e-01  9.40676e-01  9.51316e-01  0.00000e+00
 -15731.50  6218.4375  1.07830e+00  1.04235e+00  1.07826e+00  0.00000e+00
 -15702.95  6219.0625  1.10295e+00  1.38049e+00  1.10306e+00  0.00000e+00
 -15674.40  6219.6875  9.27372e-01  6.82169e-01  9.27474e-01  0.00000e+00
 -15645.85  6220.3125  8.98068e-01  9.16492e-01  8.98210e-01  0.00000e+00
 -15617.30  6220.9375  9.35556e-01  1.01592e+00  9.35813e-01  0.00000e+00
 -15588.75  6221.5625  8.83191e-01  8.59289e-01  8.83385e-01  0.00000e+00
 -15560.20  6222.1875  8.98044e-01  7.43498e-01  8.98056e-01  0.00000e+00
 -15531.65  6222.8125  9.80788e-01  1.23579e+00  9.80576e-01  0.00000e+00
 -15503.10  6223.4375  8.98124e-01  7.65012e-01  8.97867e-01  0.00000e+00
 -15474.55  6224.0625  8.37301e-01  8.49503e-01  8.37254e-01  0.00000e+00
 -15445.99  6224.6875  8.54459e-01  8.15412e-01  8.54605e-01  0.00000e+00
 -15417.44  6225.3125  8.96660e-01  9.41599e-01  8.96746e-01  0.00000e+00
 -15388.89  6225.9375  9.44527e-01  8.68243e-01  9.44737e-01  0.00000e+00
 -15360.34  6226.5625  1.00595e+00  1.11246e+00  1.00637e+00  0.00000e+00
 -15331.79  6227.1875  1.00964e+00  9.41409e-01  1.00988e+00  0.00000e+00
 -15303.24  6227.8125  1.00824e+00  1.06289e+00  1.00837e+00  0.00000e+00
 -15274.69  6228.4375  9.60506e-01  9.83645e-01  9.60550e-01  0.00000e+00
 -15246.14  6229.0625  9.07777e-01  8.16241e-01  9.07843e-01  0.00000e+00
 -15217.59  6229.6875  9.70244e-01  9.47614e-01  9.70381e-01  0.00000e+00
 -15189.03  6230.3125  1.03103e+00  1.17613e+00  1.03121e+00  0.00000e+00
 -15160.48  6230.9375  9.37915e-01  8.99927e-01  9.38112e-01  0.00000e+00
 -15131.93  6231.5625  8.17502e-01  8.08196e-01  8.17651e-01  0.00000e+00
 -15103.38  6232.1875  7.93912e-01  6.80191e-01  7.93900e-01  0.00000e+00
 -15074.83  6232.8125  8.79182e-01  9.65604e-01  8.78844e-01  0.00000e+00
 -15046.28  6233.4375  9.53189e-01  8.89778e-01  9.52717e-01  0.00000e+00
 -15017.73  6234.0625  1.00275e+00  1.10709e+00  1.00230e+00  0.00000e+00
 -14989.18  6234.6875  9.99035e-01  9.11384e-01  9.98680e-01  0.00000e+00
 -14960.63  6235.3125  1.00428e+00  1.08360e+00  1.00405e+00  0.00000e+00
 -14932.08  6235.9375  9.74033e-01  9.39358e-01  9.73919e-01  0.00000e+00
 -14903.52  6236.5625  9.47220e-01  9.49254e-01  9.47092e-01  0.00000e+00
 -14874.97  6237.1875  9.83483e-01  8.92852e-01  9.83268e-01  0.00000e+00
 -14846.42  6237.8125  1.01533e+00  1.23301e+00  1.01523e+00  0.00000e+00
 -14817.87  6238.4375  9.31136e-01  7.30515e-01  9.31204e-01  0.00000e+00
 -14789.32  6239.0625  9.43322e-01  1.00991e+00  9.43564e-01  0.00000e+00
 -14760.77  6239.6875  9.60801e-01  1.00504e+00  9.61126e-01  0.00000e+00
 -14732.22  6240.3125  9.97800e-01  8.05745e-01  9.97960e-01  0.00000e+00
 -14703.67  6240.9375  1.17772e+00  1.31710e+00  1.17773e+00  0.00000e+00
 -14675.12  6241.5625  1.28471e+00  1.27885e+00  1.28447e+00  0.00000e+00
 -14646.57  6242.1875  1.22391e+00  1.39155e+00  1.22357e+00  0.00000e+00
 -14618.01  6242.8125  1.03286e+00  8.85039e-01  1.03261e+00  0.00000e+00
 -14589.46  6243.4375  1.01124e+00  8.72904e-01  1.01107e+00  0.00000e+00
 -14560.91  6244.0625  1.07259e+00  1.38946e+00  1.07238e+00  0.00000e+00
 -14532.36  6244.6875  9.21601e-01  7.23261e-01  9.21399e-01  0.00000e+00
 -14503.81  6245.3125  8.65441e-01  8.32113e-01  8.65303e-01  0.00000e+00
 -14475.26  6245.9375  9.26190e-01  9.87859e-01  9.26213e-01  0.00000e+00
 -14446.71  6246.5625  9.38993e-01  9.32611e-01  9.39308e-01  0.00000e+00
 -14418.16  6247.1875  9.82310e-01  8.84864e-01  9.82741e-01  0.00000e+00
 -14389.61  6247.8125  1.13417e+00  1.15997e+00  1.13442e+00  0.00000e+00
 -14361.06  6248.4375  1.18263e+00  1.40646e+00  1.18259e+00  0.00000e+00
 -14332.50  6249.0625  1.05369e+00  8.29059e-01  1.05369e+00  0.00000e+00
 -14303.95  6249.6875  1.04018e+00  1.11641e+00  1.04050e+00  0.00000e+00
 -14275.40  6250.3125  1.03858e+00  1.07049e+00  1.03893e+00  0.00000e+00
 -14246.85  6250.9375  1.02564e+00  9.08341e-01  1.02578e+00  0.00000e+00
 -14218.30  6251.5625  1.11753e+00  1.16369e+00  1.11759e+00  0.00000e+00
 -14189.75  6252.1875  1.19102e+00  1.23510e+00  1.19107e+00  0.00000e+00
 -14161.20  6252.8125  1.17786e+00  1.18647e+00  1.17786e+00  0.00000e+00
 -14132.65  6253.4375  1.14646e+00  1.10488e+00  1.14648e+00  0.00000e+00
 -14104.10  6254.0625  1.10980e+00  1.20735e+00  1.10971e+00  0.00000e+00
 -14075.54  6254.6875  1.05579e+00  9.06970e-01  1.05563e+00  0.00000e+00
 -14046.99  6255.3125  1.09512e+00  1.17280e+00  1.09488e+00  0.00000e+00
 -14018.44  6255.9375  1.11055e+00  1.12224e+00  1.11037e+00  0.00000e+00
 -13989.89  6256.5625  1.06374e+00  1.07043e+00  1.06366e+00  0.00000e+00
 -13961.34  6257.1875  9.98770e-01  1.00425e+00  9.98646e-01  0.00000e+00
 -13932.79  6257.8125  9.89606e-01  8.72557e-01  9.89340e-01  0.00000e+00
 -13904.24  6258.4375  1.06649e+00  1.17808e+00  1.06620e+00  0.00000e+00
 -13875.69  6259.0625  1.07959e+00  1.05231e+00  1.07933e+00  0.00000e+00
 -13847.14  6259.6875  1.03003e+00  1.09311e+00  1.02988e+00  0.00000e+00
 -13818.59  6260.3125  9.66145e-01  8.70725e-01  9.66093e-01  0.00000e+00
 -13790.03  6260.9375  9.72047e-01  1.00082e+00  9.71924e-01  0.00000e+00
 -13761.48  6261.5625  9.43749e-01  1.03231e+00  9.43548e-01  0.00000e+00
 -13732.93  6262.1875  8.25915e-01  7.56778e-01  8.25753e-01  0.00000e+00
 -13704.38  6262.8125  7.72771e-01  7.34254e-01  7.72705e-01  0.00000e+00
 -13675.83  6263.4375  8.69799e-01  7.61542e-01  8.69802e-01  0.00000e+00
 -13647.28  6264.0625  1.02426e+00  1.21187e+00  1.02446e+00  0.00000e+00
 -13618.73  6264.6875  1.01604e+00  9.83418e-01  1.01637e+00  0.00000e+00
 -13590.18  6265.3125  9.56774e-01  9.25664e-01  9.56951e-01  0.00000e+00
 -13561.63  6265.9375  9.13277e-01  9.90932e-01  9.13232e-01  0.00000e+00
 -13533.08  6266.5625  9.18932e-01  6.89700e-01  9.18912e-01  0.00000e+00
 -13504.52  6267.1875  1.05600e+00  1.26531e+00  1.05600e+00  0.00000e+00
 -13475.97  6267.8125  1.03584e+00  1.06759e+00  1.03571e+00  0.00000e+00
 -13447.42  6268.4375  9.40854e-01  7.93210e-01  9.40585e-01  0.00000e+00
 -13418.87  6269.0625  9.70790e-01  1.04835e+00  9.70373e-01  0.00000e+00
 -13390.32  6269.6875  1.00564e+00  9.68327e-01  1.00538e+00  0.00000e+00
 -13361.77  6270.3125  9.97199e-01  1.08863e+00  9.97328e-01  0.00000e+00
 -13333.22  6270.9375  9.64383e-01  8.29266e-01  9.64762e-01  0.00000e+00
 -13304.67  6271.5625  9.84447e-01  1.10831e+00  9.84814e-01  0.00000e+00
 -13276.12  6272.1875  9.52512e-01  8.96891e-01  9.52513e-01  0.00000e+00
 -13247.56  6272.8125  9.36587e-01  9.16333e-01  9.36239e-01  0.00000e+00
 -13219.01  6273.4375  9.71039e-01  9.75905e-01  9.70651e-01  0.00000e+00
 -13190.46  6274.0625  9.61535e-01  1.05228e+00  9.61365e-01  0.00000e+00
 -13161.91  6274.6875  8.92000e-01  7.89363e-01  8.92048e-01  0.00000e+00
 -13133.36  6275.3125  9.22413e-01  8.88352e-01  9.22514e-01  0.00000e+00
 -13104.81  6275.9375  1.01518e+00  1.08820e+00  1.01526e+00  0.00000e+00
 -13076.26  6276.5625  1.06008e+00  1.01177e+00  1.06023e+00  0.00000e+00
 -13047.71  6277.1875  1.06990e+00  1.17426e+00  1.07011e+00  0.00000e+00
 -13019.16  6277.8125  1.09029e+00  8.78428e-01  1.09033e+00  0.00000e+00
 -12990.61  6278.4375  1.22306e+00  1.39952e+00  1.22291e+00  0.00000e+00
 -12962.05  6279.0625  1.21644e+00  1.26725e+00  1.21638e+00  0.00000e+00
 -12933.50  6279.6875  1.07706e+00  1.01842e+00  1.07725e+00  0.00000e+00
 -12904.95  6280.3125  9.72092e-01  9.85221e-01  9.72317e-01  0.00000e+00
 -12876.40  6280.9375  9.06348e-01  8.70379e-01  9.06628e-01  0.00000e+00
 -12847.85  6281.5625  8.92764e-01  8.75952e-01  8.93082e-01  0.00000e+00
 -12819.30  6282.1875  9.20203e-01  9.23543e-01  9.20529e-01  0.00000e+00
 -12790.75  6282.8125  9.49328e-01  9.63035e-01  9.49524e-01  0.00000e+00
 -12762.20  6283.4375  1.00885e+00  9.20694e-01  1.00859e+00  0.00000e+00
 -12733.65  6284.0625  1.11897e+00  1.21712e+00  1.11847e+00  0.00000e+00
 -12705.10  6284.6875  1.16662e+00  1.13984e+00  1.16639e+00  0.00000e+00
 -12676.54  6285.3125  1.17443e+00  1.20242e+00  1.17444e+00  0.00000e+00
 -12647.99  6285.9375  1.12691e+00  1.18148e+00  1.12696e+00  0.00000e+00
 -12619.44  6286.5625  1.03224e+00  9.63223e-01  1.03222e+00  0.00000e+00
 -12590.89  6287.1875  9.87278e-01  9.98910e-01  9.87342e-01  0.00000e+00
 -12562.34  6287.8125  9.51699e-01  9.83178e-01  9.51748e-01  0.00000e+00
 -12533.79  6288.4375  9.31018e-01  8.22027e-01  9.31050e-01  0.00000e+00
 -12505.24  6289.0625  9.61389e-01  1.09172e+00  9.61513e-01  0.00000e+00
 -12476.69  6289.6875  9.55551e-01  8.30160e-01  9.55588e-01  0.00000e+00
 -12448.14  6290.3125  9.78918e-01  1.08411e+00  9.78767e-01  0.00000e+00
 -12419.58  6290.9375  9.57633e-01  9.19600e-01  9.57420e-01  0.00000e+00
 -12391.03  6291.5625  9.43574e-01  9.14554e-01  9.43559e-01  0.00000e+00
 -12362.48  6292.1875  9.53186e-01  1.00792e+00  9.53405e-01  0.00000e+00
 -12333.93  6292.8125  8.91584e-01  9.24421e-01  8.91861e-01  0.00000e+00
 -12305.38  6293.4375  8.07864e-01  7.21235e-01  8.08035e-01  0.00000e+00
 -12276.83  6294.0625  8.45976e-01  7.99335e-01  8.45919e-01  0.00000e+00
 -12248.28  6294.6875  9.83077e-01  1.00192e+00  9.82803e-01  0.00000e+00
 -12219.73  6295.3125  1.06471e+00  1.16884e+00  1.06437e+00  0.00000e+00
 -12191.18  6295.9375  1.03020e+00  9.76313e-01  1.02998e+00  0.00000e+00
 -12162.63  6296.5625  1.00293e+00  9.99587e-01  1.00279e+00  0.00000e+00
 -12134.07  6297.1875  9.72697e-01  1.04511e+00  9.72665e-01  0.00000e+00
 -12105.52  6297.8125  9.68095e-01  7.61774e-01  9.67889e-01  0.00000e+00
 -12076.97  6298.4375  1.07072e+00  1.27947e+00  1.07019e+00  0.00000e+00
 -12048.42  6299.0625  1.06600e+00  9.87990e-01  1.06564e+00  0.00000e+00
 -12019.87  6299.6875  1.05727e+00  1.03135e+00  1.05728e+00  0.00000e+00
 -11991.32  6300.3125  1.05640e+00  1.17277e+00  1.05651e+00  0.00000e+00
 -11962.77  6300.9375  9.81242e-01  8.72824e-01  9.81299e-01  0.00000e+00
 -11934.22  6301.5625  9.27170e-01  1.02415e+00  9.27289e-01  0.00000e+00
 -11905.67  6302.1875  8.97510e-01  7.41926e-01  8.97658e-01  0.00000e+00
 -11877.12  6302.8125  9.68563e-01  1.05101e+00  9.68719e-01  0.00000e+00
 -11848.56  6303.4375  9.85856e-01  1.04329e+00  9.86137e-01  0.00000e+00
 -11820.01  6304.0625  8.93510e-01  8.80695e-01  8.93705e-01  0.00000e+00
 -11791.46  6304.6875  8.52266e-01  7.30840e-01  8.52244e-01  0.00000e+00
 -11762.91  6305.3125  9.43921e-01  1.00129e+00  9.43693e-01  0.00000e+00
 -11734.36  6305.9375  1.02085e+00  1.03939e+00  1.02047e+00  0.00000e+00
 -11705.81  6306.5625  1.02336e+00  1.05570e+00  1.02301e+00  0.00000e+00
 -11677.26  6307.1875  9.83976e-01  9.58439e-01  9.83892e-01  0.00000e+00
 -11648.71  6307.8125  9.43461e-01  9.69125e-01  9.43653e-01  0.00000e+00
 -11620.16  6308.4375  8.91941e-01  8.78051e-01  8.92032e-01  0.00000e+00
 -11591.60  6309.0625  8.55910e-01  8.40475e-01  8.55932e-01  0.00000e+00
 -11563.05  6309.6875  8.89367e-01  8.20347e-01  8.89735e-01  0.00000e+00
 -11534.50  6310.3125  1.00917e+00  1.03104e+00  1.00943e+00  0.00000e+00
 -11505.95  6310.9375  1.09848e+00  1.17146e+00  1.09839e+00  0.00000e+00
 -11477.40  6311.5625  1.09040e+00  1.07161e+00  1.09037e+00  0.00000e+00
 -11448.85  6312.1875  1.05863e+00  1.06587e+00  1.05863e+00  0.00000e+00
 -11420.30  6312.8125  1.03869e+00  1.01709e+00  1.03861e+00  0.00000e+00
 -11391.75  6313.4375  1.03197e+00  1.05276e+00  1.03182e+00  0.00000e+00
 -11363.20  6314.0625  1.02600e+00  1.00302e+00  1.02575e+00  0.00000e+00
 -11334.65  6314.6875  1.06355e+00  1.01695e+00  1.06337e+00  0.00000e+00
 -11306.09  6315.3125  1.11261e+00  1.21972e+00  1.11256e+00  0.00000e+00
 -11277.54  6315.9375  1.06762e+00  1.03453e+00  1.06776e+00  0.00000e+00
 -11248.99  6316.5625  1.00012e+00  1.00601e+00  1.00046e+00  0.00000e+00
 -11220.44  6317.1875  9.56484e-01  9.36506e-01  9.56867e-01  0.00000e+00
 -11191.89  6317.8125  9.88112e-01  8.99059e-01  9.88536e-01  0.00000e+00
 -11163.34  6318.4375  1.09154e+00  1.18941e+00  1.09187e+00  0.00000e+00
 -11134.79  6319.0625  1.12120e+00  1.11287e+00  1.12128e+00  0.00000e+00
 -11106.24  6319.6875  1.06133e+00  1.14135e+00  1.06142e+00  0.00000e+00
 -11077.69  6320.3125  9.71782e-01  8.41196e-01  9.72152e-01  0.00000e+00
 -11049.14  6320.9375  9.53547e-01  1.05601e+00  9.53947e-01  0.00000e+00
 -11020.58  6321.5625  9.90135e-01  7.85741e-01  9.90376e-01  0.00000e+00
 -10992.03  6322.1875  1.07937e+00  1.35276e+00  1.07953e+00  0.00000e+00
 -10963.48  6322.8125  9.90520e-01  8.81729e-01  9.90604e-01  0.00000e+00
 -10934.93  6323.4375  8.97952e-01  8.82630e-01  8.98106e-01  0.00000e+00
 -10906.38  6324.0625  8.92807e-01  8.72290e-01  8.93066e-01  0.00000e+00
 -10877.83  6324.6875  8.95230e-01  9.55989e-01  8.95474e-01  0.00000e+00
 -10849.28  6325.3125  8.94970e-01  7.85163e-01  8.95196e-01  0.00000e+00
 -10820.73  6325.9375  9.79395e-01  1.01497e+00  9.79654e-01  0.00000e+00
 -10792.18  6326.5625  1.01096e+00  1.13136e+00  1.01097e+00  0.00000e+00
 -10763.62  6327.1875  9.24577e-01  8.26841e-01  9.24502e-01  0.00000e+00
 -10735.07  6327.8125  9.17448e-01  8.77075e-01  9.17367e-01  0.00000e+00
 -10706.52  6328.4375  9.92502e-01  1.03486e+00  9.92142e-01  0.00000e+00
 -10677.97  6329.0625  1.01947e+00  1.05829e+00  1.01912e+00  0.00000e+00
 -10649.42  6329.6875  1.03521e+00  9.19187e-01  1.03506e+00  0.00000e+00
 -10620.87  6330.3125  1.08963e+00  1.24427e+00  1.08956e+00  0.00000e+00
 -10592.32  6330.9375  1.05656e+00  9.74741e-01  1.05642e+00  0.00000e+00
 -10563.77  6331.5625  1.03677e+00  1.04145e+00  1.03665e+00  0.00000e+00
 -10535.22  6332.1875  1.00370e+00  1.09305e+00  1.00375e+00  0.00000e+00
 -10506.67  6332.8125  9.06873e-01  8.17616e-01  9.06957e-01  0.00000e+00
 -10478.11  6333.4375  8.95844e-01  8.59703e-01  8.95827e-01  0.00000e+00
 -10449.56  6334.0625  9.73002e-01  9.93154e-01  9.73011e-01  0.00000e+00
 -10421.01  6334.6875  1.05332e+00  1.03699e+00  1.05332e+00  0.00000e+00
 -10392.46  6335.3125  1.06801e+00  1.20434e+00  1.06795e+00  0.00000e+00
 -10363.91  6335.9375  1.02610e+00  8.29075e-01  1.02613e+00  0.00000e+00
 -10335.36  6336.5625  1.09865e+00  1.20564e+00  1.09877e+00  0.00000e+00
 -10306.81  6337.1875  1.12164e+00  1.16186e+00  1.12184e+00  0.00000e+00
 -10278.26  6337.8125  1.07141e+00  1.00098e+00  1.07159e+00  0.00000e+00
 -10249.71  6338.4375  1.01828e+00  1.13625e+00  1.01851e+00  0.00000e+00
 -10221.16  6339.0625  9.10935e-01  8.13315e-01  9.11273e-01  0.00000e+00
 -10192.60  6339.6875  9.03552e-01  8.36211e-01  9.03890e-01  0.00000e+00
 -10164.05  6340.3125  9.98158e-01  1.06509e+00  9.98492e-01  0.00000e+00
 -10135.50  6340.9375  1.00320e+00  1.07916e+00  1.00359e+00  0.00000e+00
 -10106.95  6341.5625  9.05868e-01  8.49057e-01  9.06190e-01  0.00000e+00
 -10078.40  6342.1875  8.90344e-01  7.96182e-01  8.90462e-01  0.00000e+00
 -10049.85  6342.8125  9.74983e-01  1.06627e+00  9.75051e-01  0.00000e+00
 -10021.30  6343.4375  9.71057e-01  1.02644e+00  9.71165e-01  0.00000e+00
  -9992.75  6344.0625  9.71778e-01  7.44679e-01  9.71847e-01  0.00000e+00
  -9964.20  6344.6875  1.11334e+00  1.32099e+00  1.11344e+00  0.00000e+00
  -9935.65  6345.3125  1.12052e+00  1.10861e+00  1.12051e+00  0.00000e+00
  -9907.09  6345.9375  1.02492e+00  1.03367e+00  1.02478e+00  0.00000e+00
  -9878.54  6346.5625  1.00730e+00  8.53737e-01  1.00716e+00  0.00000e+00
  -9849.99  6347.1875  1.11511e+00  1.23303e+00  1.11510e+00  0.00000e+00
  -9821.44  6347.8125  1.09746e+00  1.20241e+00  1.09757e+00  0.00000e+00
  -9792.89  6348.4375  9.35888e-01  8.39562e-01  9.35957e-01  0.00000e+00
  -9764.34  6349.0625  9.07608e-01  7.81703e-01  9.07525e-01  0.00000e+00
  -9735.79  6349.6875  1.02972e+00  1.14994e+00  1.02964e+00  0.00000e+00
  -9707.24  6350.3125  1.07126e+00  1.07232e+00  1.07119e+00  0.00000e+00
  -9678.69  6350.9375  1.05712e+00  1.03223e+00  1.05718e+00  0.00000e+00
  -9650.13  6351.5625  1.06352e+00  1.07414e+00  1.06366e+00  0.00000e+00
  -9621.58  6352.1875  1.04791e+00  1.08929e+00  1.04798e+00  0.00000e+00
  -9593.03  6352.8125  1.00552e+00  9.47971e-01  1.00544e+00  0.00000e+00
  -9564.48  6353.4375  9.99786e-01  1.02430e+00  9.99712e-01  0.00000e+00
  -9535.93  6354.0625  9.98640e-01  9.92094e-01  9.98713e-01  0.00000e+00
  -9507.38  6354.6875  9.91698e-01  9.96842e-01  9.91809e-01  0.00000e+00
  -9478.83  6355.3125  1.00460e+00  9.62063e-01  1.00476e+00  0.00000e+00
  -9450.28  6355.9375  1.03077e+00  1.09763e+00  1.03074e+00  0.00000e+00
  -9421.73  6356.5625  9.93351e-01  9.94719e-01  9.93116e-01  0.00000e+00
  -9393.18  6357.1875  9.25306e-01  9.03859e-01  9.25042e-01  0.00000e+00
  -9364.62  6357.8125  8.42937e-01  9.15490e-01  8.42843e-01  0.00000e+00
  -9336.07  6358.4375  7.56020e-01  6.26225e-01  7.56110e-01  0.00000e+00
  -9307.52  6359.0625  8.03416e-01  7.93657e-01  8.03635e-01  0.00000e+00
  -9278.97  6359.6875  9.12047e-01  9.58960e-01  9.12400e-01  0.00000e+00
  -9250.42  6360.3125  9.74231e-01  9.64668e-01  9.74632e-01  0.00000e+00
  -9221.87  6360.9375  1.02035e+00  1.01926e+00  1.02071e+00  0.00000e+00
  -9193.32  6361.5625  1.04999e+00  1.08469e+00  1.05031e+00  0.00000e+00
  -9164.77  6362.1875  1.01918e+00  1.04913e+00  1.01947e+00  0.00000e+00
  -9136.22  6362.8125  9.80658e-01  8.90907e-01  9.80858e-01  0.00000e+00
  -9107.67  6363.4375  1.01003e+00  1.05620e+00  1.00999e+00  0.00000e+00
  -9079.11  6364.0625  9.62821e-01  1.08884e+00  9.62696e-01  0.00000e+00
  -9050.56  6364.6875  8.59863e-01  6.24682e-01  8.59697e-01  0.00000e+00
  -9022.01  6365.3125  8.96352e-01  1.05579e+00  8.95997e-01  0.00000e+00
  -8993.46  6365.9375  8.73553e-01  8.54337e-01  8.73136e-01  0.00000e+00
  -8964.91  6366.5625  8.39037e-01  7.48963e-01  8.38667e-01  0.00000e+00
  -8936.36  6367.1875  8.72611e-01  9.69056e-01  8.72346e-01  0.00000e+00
  -8907.81  6367.8125  8.40442e-01  8.28306e-01  8.40142e-01  0.00000e+00
  -8879.26  6368.4375  7.71750e-01  7.69390e-01  7.71617e-01  0.00000e+00
  -8850.71  6369.0625  7.42251e-01  6.91756e-01  7.42332e-01  0.00000e+00
  -8822.15  6369.6875  8.04525e-01  7.65610e-01  8.04630e-01  0.00000e+00
  -8793.60  6370.3125  9.17086e-01  9.64774e-01  9.17089e-01  0.00000e+00
  -8765.05  6370.9375  9.35727e-01  1.03324e+00  9.35633e-01  0.00000e+00
  -8736.50  6371.5625  8.66757e-01  7.51682e-01  8.66659e-01  0.00000e+00
  -8707.95  6372.1875  8.96201e-01  8.83893e-01  8.96053e-01  0.00000e+00
  -8679.40  6372.8125  9.70901e-01  1.03175e+00  9.70707e-01  0.00000e+00
  -8650.85  6373.4375  9.60498e-01  9.88865e-01  9.60360e-01  0.00000e+00
  -8622.30  6374.0625  9.12013e-01  8.51650e-01  9.12063e-01  0.00000e+00
  -8593.75  6374.6875  9.15260e-01  9.24862e-01  9.15458e-01  0.00000e+00
  -8565.20  6375.3125  8.87252e-01  9.89567e-01  8.87519e-01  0.00000e+00
  -8536.64  6375.9375  8.50836e-01  6.22751e-01  8.50955e-01  0.00000e+00
  -8508.09  6376.5625  9.43665e-01  1.13495e+00  9.43787e-01  0.00000e+00
  -8479.54  6377.1875  9.73589e-01  8.74723e-01  9.74002e-01  0.00000e+00
  -8450.99  6377.8125  9.86972e-01  1.06037e+00  9.87538e-01  0.00000e+00
  -8422.44  6378.4375  1.02536e+00  8.99577e-01  1.02566e+00  0.00000e+00
  -8393.89  6379.0625  1.08070e+00  1.27270e+00  1.08059e+00  0.00000e+00
  -8365.34  6379.6875  1.06284e+00  8.74390e-01  1.06243e+00  0.00000e+00
  -8336.79  6380.3125  1.09059e+00  1.24463e+00  1.09023e+00  0.00000e+00
  -8308.24  6380.9375  1.02565e+00  1.02386e+00  1.02547e+00  0.00000e+00
  -8279.69  6381.5625  9.43077e-01  8.27125e-01  9.43000e-01  0.00000e+00
  -8251.13  6382.1875  9.54317e-01  1.05337e+00  9.54235e-01  0.00000e+00
  -8222.58  6382.8125  9.63556e-01  8.61530e-01  9.63512e-01  0.00000e+00
  -8194.03  6383.4375  1.00253e+00  1.08247e+00  1.00263e+00  0.00000e+00
  -8165.48  6384.0625  9.71320e-01  1.01264e+00  9.71530e-01  0.00000e+00
  -8136.93  6384.6875  8.97963e-01  8.01553e-01  8.98341e-01  0.00000e+00
  -8108.38  6385.3125  9.21354e-01  9.31999e-01  9.21750e-01  0.00000e+00
  -8079.83  6385.9375  1.01773e+00  9.57626e-01  1.01795e+00  0.00000e+00
  -8051.28  6386.5625  1.08251e+00  1.27318e+00  1.08266e+00  0.00000e+00
  -8022.73  6387.1875  1.05205e+00  8.40810e-01  1.05226e+00  0.00000e+00
  -7994.17  6387.8125  1.09800e+00  1.24831e+00  1.09829e+00  0.00000e+00
  -7965.62  6388.4375  1.06308e+00  1.07362e+00  1.06342e+00  0.00000e+00
  -7937.07  6389.0625  1.00631e+00  8.77512e-01  1.00664e+00  0.00000e+00
  -7908.52  6389.6875  1.07025e+00  1.13372e+00  1.07042e+00  0.00000e+00
  -7879.97  6390.3125  1.10328e+00  1.13919e+00  1.10307e+00  0.00000e+00
  -7851.42  6390.9375  1.02134e+00  1.08636e+00  1.02101e+00  0.00000e+00
  -7822.87  6391.5625  9.46584e-01  7.44906e-01  9.46392e-01  0.00000e+00
  -7794.32  6392.1875  1.02317e+00  1.15321e+00  1.02301e+00  0.00000e+00
  -7765.77  6392.8125  1.07121e+00  1.02844e+00  1.07127e+00  0.00000e+00
  -7737.22  6393.4375  1.07517e+00  1.11932e+00  1.07537e+00  0.00000e+00
  -7708.66  6394.0625  1.01465e+00  1.06837e+00  1.01481e+00  0.00000e+00
  -7680.11  6394.6875  9.59202e-01  7.86840e-01  9.59460e-01  0.00000e+00
  -7651.56  6395.3125  1.04835e+00  1.13285e+00  1.04863e+00  0.00000e+00
  -7623.01  6395.9375  1.12174e+00  1.12844e+00  1.12176e+00  0.00000e+00
  -7594.46  6396.5625  1.10827e+00  1.16364e+00  1.10823e+00  0.00000e+00
  -7565.91  6397.1875  1.03724e+00  9.97863e-01  1.03735e+00  0.00000e+00
  -7537.36  6397.8125  9.80242e-01  9.89508e-01  9.80400e-01  0.00000e+00
  -7508.81  6398.4375  9.53442e-01  9.24954e-01  9.53350e-01  0.00000e+00
  -7480.26  6399.0625  1.00997e+00  9.21089e-01  1.00968e+00  0.00000e+00
  -7451.71  6399.6875  1.11898e+00  1.25578e+00  1.11879e+00  0.00000e+00
  -7423.15  6400.3125  1.09752e+00  1.10061e+00  1.09754e+00  0.00000e+00
  -7394.60  6400.9375  9.82085e-01  1.00274e+00  9.82141e-01  0.00000e+00
  -7366.05  6401.5625  8.88137e-01  7.97554e-01  8.88111e-01  0.00000e+00
  -7337.50  6402.1875  9.08751e-01  8.95469e-01  9.08653e-01  0.00000e+00
  -7308.95  6402.8125  9.65053e-01  1.02733e+00  9.64869e-01  0.00000e+00
  -7280.40  6403.4375  9.67405e-01  9.30786e-01  9.67131e-01  0.00000e+00
  -7251.85  6404.0625  9.16450e-01  1.03136e+00  9.16419e-01  0.00000e+00
  -7223.30  6404.6875  8.27029e-01  6.69884e-01  8.27206e-01  0.00000e+00
  -7194.75  6405.3125  8.67330e-01  8.86556e-01  8.67497e-01  0.00000e+00
  -7166.19  6405.9375  9.68817e-01  9.73007e-01  9.69075e-01  0.00000e+00
  -7137.64  6406.5625  1.01953e+00  1.08493e+00  1.01970e+00  0.00000e+00
  -7109.09  6407.1875  9.97021e-01  9.69239e-01  9.96939e-01  0.00000e+00
  -7080.54  6407.8125  9.82723e-01  9.62313e-01  9.82785e-01  0.00000e+00
  -7051.99  6408.4375  9.96477e-01  1.02980e+00  9.96657e-01  0.00000e+00
  -7023.44  6409.0625  1.07629e+00  9.01294e-01  1.07640e+00  0.00000e+00
  -6994.89  6409.6875  1.20838e+00  1.48141e+00  1.20861e+00  0.00000e+00
  -6966.34  6410.3125  1.15033e+00  1.03206e+00  1.15052e+00  0.00000e+00
  -6937.79  6410.9375  1.05376e+00  1.12129e+00  1.05371e+00  0.00000e+00
  -6909.24  6411.5625  1.00634e+00  8.74037e-01  1.00623e+00  0.00000e+00
  -6880.68  6412.1875  1.03130e+00  1.14222e+00  1.03122e+00  0.00000e+00
  -6852.13  6412.8125  9.93600e-01  9.92009e-01  9.93498e-01  0.00000e+00
  -6823.58  6413.4375  9.99751e-01  8.12690e-01  9.99555e-01  0.00000e+00
  -6795.03  6414.0625  1.09406e+00  1.36202e+00  1.09378e+00  0.00000e+00
  -6766.48  6414.6875  1.01690e+00  8.96050e-01  1.01684e+00  0.00000e+00
  -6737.93  6415.3125  9.31216e-01  9.56139e-01  9.31571e-01  0.00000e+00
  -6709.38  6415.9375  9.13170e-01  8.53729e-01  9.13706e-01  0.00000e+00
  -6680.83  6416.5625  9.67109e-01  9.56570e-01  9.67404e-01  0.00000e+00
  -6652.28  6417.1875  1.01859e+00  1.10913e+00  1.01849e+00  0.00000e+00
  -6623.73  6417.8125  1.02064e+00  9.15171e-01  1.02045e+00  0.00000e+00
  -6595.17  6418.4375  1.08349e+00  1.11995e+00  1.08336e+00  0.00000e+00
  -6566.62  6419.0625  1.10912e+00  1.19734e+00  1.10917e+00  0.00000e+00
  -6538.07  6419.6875  1.06815e+00  9.50369e-01  1.06828e+00  0.00000e+00
  -6509.52  6420.3125  1.09736e+00  1.15138e+00  1.09750e+00  0.00000e+00
  -6480.97  6420.9375  1.13302e+00  1.11476e+00  1.13305e+00  0.00000e+00
  -6452.42  6421.5625  1.14142e+00  1.17947e+00  1.14149e+00  0.00000e+00
  -6423.87  6422.1875  1.11646e+00  1.10539e+00  1.11666e+00  0.00000e+00
  -6395.32  6422.8125  1.11377e+00  1.06368e+00  1.11383e+00  0.00000e+00
  -6366.77  6423.4375  1.16798e+00  1.18979e+00  1.16789e+00  0.00000e+00
  -6338.21  6424.0625  1.18187e+00  1.25053e+00  1.18174e+00  0.00000e+00
  -6309.66  6424.6875  1.09934e+00  1.09804e+00  1.09927e+00  0.00000e+00
  -6281.11  6425.3125  1.07038e+00  9.00258e-01  1.07024e+00  0.00000e+00
  -6252.56  6425.9375  1.11447e+00  1.37693e+00  1.11430e+00  0.00000e+00
  -6224.01  6426.5625  1.02766e+00  8.30720e-01  1.02762e+00  0.00000e+00
  -6195.46  6427.1875  9.87845e-01  1.09233e+00  9.87847e-01  0.00000e+00
  -6166.91  6427.8125  9.44694e-01  9.03665e-01  9.44792e-01  0.00000e+00
  -6138.36  6428.4375  9.17413e-01  8.93166e-01  9.17583e-01  0.00000e+00
  -6109.81  6429.0625  9.86145e-01  9.08381e-01  9.86349e-01  0.00000e+00
  -6081.26  6429.6875  1.08444e+00  1.23070e+00  1.08479e+00  0.00000e+00
  -6052.70  6430.3125  1.01907e+00  1.05839e+00  1.01950e+00  0.00000e+00
  -6024.15  6430.9375  9.48994e-01  7.21560e-01  9.49312e-01  0.00000e+00
  -5995.60  6431.5625  1.07419e+00  1.20148e+00  1.07440e+00  0.00000e+00
  -5967.05  6432.1875  1.12311e+00  1.19536e+00  1.12315e+00  0.00000e+00
  -5938.50  6432.8125  1.01987e+00  1.00123e+00  1.01962e+00  0.00000e+00
  -5909.95  6433.4375  9.41235e-01  8.58418e-01  9.40963e-01  0.00000e+00
  -5881.40  6434.0625  9.46614e-01  1.00824e+00  9.46463e-01  0.00000e+00
  -5852.85  6434.6875  9.48491e-01  9.01770e-01  9.48471e-01  0.00000e+00
  -5824.30  6435.3125  9.63220e-01  9.84855e-01  9.63413e-01  0.00000e+00
  -5795.75  6435.9375  9.51666e-01  9.95384e-01  9.51851e-01  0.00000e+00
  -5767.19  6436.5625  9.21578e-01  8.34089e-01  9.21553e-01  0.00000e+00
  -5738.64  6437.1875  9.51566e-01  1.00305e+00  9.51456e-01  0.00000e+00
  -5710.09  6437.8125  9.94682e-01  9.41480e-01  9.94720e-01  0.00000e+00
  -5681.54  6438.4375  1.03754e+00  1.10670e+00  1.03768e+00  0.00000e+00
  -5652.99  6439.0625  1.00202e+00  1.03065e+00  1.00202e+00  0.00000e+00
  -5624.44  6439.6875  9.19296e-01  8.78150e-01  9.19068e-01  0.00000e+00
  -5595.89  6440.3125  9.69642e-01  7.95489e-01  9.69438e-01  0.00000e+00
  -5567.34  6440.9375  1.13197e+00  1.37206e+00  1.13206e+00  0.00000e+00
  -5538.79  6441.5625  1.10767e+00  1.06943e+00  1.10775e+00  0.00000e+00
  -5510.24  6442.1875  1.05686e+00  9.49796e-01  1.05683e+00  0.00000e+00
  -5481.68  6442.8125  1.12178e+00  1.19300e+00  1.12185e+00  0.00000e+00
  -5453.13  6443.4375  1.16856e+00  1.14646e+00  1.16871e+00  0.00000e+00
  -5424.58  6444.0625  1.15766e+00  1.24564e+00  1.15793e+00  0.00000e+00
  -5396.03  6444.6875  1.14901e+00  9.65381e-01  1.14906e+00  0.00000e+00
  -5367.48  6445.3125  1.26623e+00  1.36376e+00  1.26596e+00  0.00000e+00
  -5338.93  6445.9375  1.23660e+00  1.45548e+00  1.23642e+00  0.00000e+00
  -5310.38  6446.5625  1.00828e+00  7.68818e-01  1.00831e+00  0.00000e+00
  -5281.83  6447.1875  9.75012e-01  9.47135e-01  9.74994e-01  0.00000e+00
  -5253.28  6447.8125  1.02674e+00  1.18057e+00  1.02670e+00  0.00000e+00
  -5224.72  6448.4375  9.54075e-01  8.66621e-01  9.54178e-01  0.00000e+00
  -5196.17  6449.0625  9.49387e-01  8.70475e-01  9.49480e-01  0.00000e+00
  -5167.62  6449.6875  1.03486e+00  1.14283e+00  1.03493e+00  0.00000e+00
  -5139.07  6450.3125  1.05993e+00  9.99149e-01  1.06009e+00  0.00000e+00
  -5110.52  6450.9375  1.03187e+00  1.15487e+00  1.03204e+00  0.00000e+00
  -5081.97  6451.5625  9.41813e-01  8.29517e-01  9.42063e-01  0.00000e+00
  -5053.42  6452.1875  9.41997e-01  9.19135e-01  9.42266e-01  0.00000e+00
  -5024.87  6452.8125  1.01641e+00  1.05036e+00  1.01643e+00  0.00000e+00
  -4996.32  6453.4375  1.06609e+00  1.05960e+00  1.06602e+00  0.00000e+00
  -4967.77  6454.0625  1.09412e+00  1.11892e+00  1.09422e+00  0.00000e+00
  -4939.21  6454.6875  1.16278e+00  1.03104e+00  1.16291e+00  0.00000e+00
  -4910.66  6455.3125  1.23475e+00  1.50308e+00  1.23459e+00  0.00000e+00
  -4882.11  6455.9375  1.12229e+00  9.66034e-01  1.12203e+00  0.00000e+00
  -4853.56  6456.5625  1.05527e+00  1.06177e+00  1.05515e+00  0.00000e+00
  -4825.01  6457.1875  1.04736e+00  1.07341e+00  1.04738e+00  0.00000e+00
  -4796.46  6457.8125  9.75567e-01  1.03503e+00  9.75815e-01  0.00000e+00
  -4767.91  6458.4375  9.06745e-01  7.43814e-01  9.07035e-01  0.00000e+00
  -4739.36  6459.0625  1.01344e+00  1.01950e+00  1.01360e+00  0.00000e+00
  -4710.81  6459.6875  1.18046e+00  1.22627e+00  1.18061e+00  0.00000e+00
  -4682.26  6460.3125  1.27055e+00  1.29758e+00  1.27063e+00  0.00000e+00
  -4653.70  6460.9375  1.27203e+00  1.30903e+00  1.27219e+00  0.00000e+00
  -4625.15  6461.5625  1.18301e+00  1.22781e+00  1.18318e+00  0.00000e+00
  -4596.60  6462.1875  1.07820e+00  9.62705e-01  1.07825e+00  0.00000e+00
  -4568.05  6462.8125  1.04711e+00  1.13401e+00  1.04701e+00  0.00000e+00
  -4539.50  6463.4375  9.80816e-01  9.61415e-01  9.80833e-01  0.00000e+00
  -4510.95  6464.0625  8.98004e-01  8.87542e-01  8.98186e-01  0.00000e+00
  -4482.40  6464.6875  8.47176e-01  8.36444e-01  8.47182e-01  0.00000e+00
  -4453.85  6465.3125  8.65227e-01  7.83346e-01  8.64974e-01  0.00000e+00
  -4425.30  6465.9375  9.60078e-01  1.02793e+00  9.59866e-01  0.00000e+00
  -4396.74  6466.5625  1.04071e+00  9.90881e-01  1.04079e+00  0.00000e+00
  -4368.19  6467.1875  1.07554e+00  1.19665e+00  1.07591e+00  0.00000e+00
  -4339.64  6467.8125  9.75615e-01  9.80197e-01  9.75912e-01  0.00000e+00
  -4311.09  6468.4375  8.38730e-01  7.75758e-01  8.38805e-01  0.00000e+00
  -4282.54  6469.0625  8.29119e-01  7.46588e-01  8.29133e-01  0.00000e+00
  -4253.99  6469.6875  9.57248e-01  9.68151e-01  9.57196e-01  0.00000e+00
  -4225.44  6470.3125  1.05889e+00  1.17466e+00  1.05879e+00  0.00000e+00
  -4196.89  6470.9375  1.09949e+00  9.24739e-01  1.09945e+00  0.00000e+00
  -4168.34  6471.5625  1.15692e+00  1.40619e+00  1.15686e+00  0.00000e+00
  -4139.79  6472.1875  1.08176e+00  9.15395e-01  1.08160e+00  0.00000e+00
  -4111.23  6472.8125  1.03451e+00  1.12196e+00  1.03436e+00  0.00000e+00
  -4082.68  6473.4375  1.03835e+00  9.10590e-01  1.03827e+00  0.00000e+00
  -4054.13  6474.0625  1.12422e+00  1.19238e+00  1.12415e+00  0.00000e+00
  -4025.58  6474.6875  1.18997e+00  1.19373e+00  1.18987e+00  0.00000e+00
  -3997.03  6475.3125  1.19135e+00  1.22767e+00  1.19127e+00  0.00000e+00
  -3968.48  6475.9375  1.13383e+00  1.14320e+00  1.13395e+00  0.00000e+00
  -3939.93  6476.5625  1.05204e+00  1.04176e+00  1.05217e+00  0.00000e+00
  -3911.38  6477.1875  1.04427e+00  9.28086e-01  1.04417e+00  0.00000e+00
  -3882.83  6477.8125  1.13263e+00  1.23832e+00  1.13247e+00  0.00000e+00
  -3854.28  6478.4375  1.13614e+00  1.16127e+00  1.13593e+00  0.00000e+00
  -3825.72  6479.0625  1.05698e+00  1.03765e+00  1.05677e+00  0.00000e+00
  -3797.17  6479.6875  9.83107e-01  9.90612e-01  9.83137e-01  0.00000e+00
  -3768.62  6480.3125  9.61440e-01  8.74297e-01  9.61678e-01  0.00000e+00
  -3740.07  6480.9375  1.01978e+00  1.07468e+00  1.01999e+00  0.00000e+00
  -3711.52  6481.5625  1.07120e+00  1.04647e+00  1.07136e+00  0.00000e+00
  -3682.97  6482.1875  1.10449e+00  1.14028e+00  1.10445e+00  0.00000e+00
  -3654.42  6482.8125  1.11079e+00  1.08926e+00  1.11073e+00  0.00000e+00
  -3625.87  6483.4375  1.04063e+00  1.19074e+00  1.04079e+00  0.00000e+00
  -3597.32  6484.0625  9.06193e-01  7.00332e-01  9.06409e-01  0.00000e+00
  -3568.76  6484.6875  9.39716e-01  9.63922e-01  9.39837e-01  0.00000e+00
  -3540.21  6485.3125  1.01854e+00  1.08305e+00  1.01859e+00  0.00000e+00
  -3511.66  6485.9375  9.58040e-01  1.04451e+00  9.58147e-01  0.00000e+00
  -3483.11  6486.5625  8.60760e-01  6.55744e-01  8.60712e-01  0.00000e+00
  -3454.56  6487.1875  8.96438e-01  1.04888e+00  8.96271e-01  0.00000e+00
  -3426.01  6487.8125  9.55715e-01  7.73470e-01  9.55597e-01  0.00000e+00
  -3397.46  6488.4375  1.07729e+00  1.23681e+00  1.07722e+00  0.00000e+00
  -3368.91  6489.0625  1.11107e+00  1.07205e+00  1.11106e+00  0.00000e+00
  -3340.36  6489.6875  1.04580e+00  1.15246e+00  1.04576e+00  0.00000e+00
  -3311.81  6490.3125  9.27624e-01  8.05395e-01  9.27477e-01  0.00000e+00
  -3283.25  6490.9375  8.70431e-01  9.44515e-01  8.70208e-01  0.00000e+00
  -3254.70  6491.5625  8.84358e-01  7.12888e-01  8.84267e-01  0.00000e+00
  -3226.15  6492.1875  9.95474e-01  1.14289e+00  9.95475e-01  0.00000e+00
  -3197.60  6492.8125  9.94734e-01  1.03012e+00  9.94644e-01  0.00000e+00
  -3169.05  6493.4375  9.46101e-01  8.00748e-01  9.46124e-01  0.00000e+00
  -3140.50  6494.0625  9.78395e-01  1.12793e+00  9.78385e-01  0.00000e+00
  -3111.95  6494.6875  9.74041e-01  8.46352e-01  9.73956e-01  0.00000e+00
  -3083.40  6495.3125  1.01823e+00  1.07769e+00  1.01830e+00  0.00000e+00
  -3054.85  6495.9375  1.06263e+00  1.05361e+00  1.06263e+00  0.00000e+00
  -3026.30  6496.5625  1.11246e+00  1.06536e+00  1.11236e+00  0.00000e+00
  -2997.74  6497.1875  1.16567e+00  1.27248e+00  1.16556e+00  0.00000e+00
  -2969.19  6497.8125  1.14027e+00  1.07999e+00  1.14030e+00  0.00000e+00
  -2940.64  6498.4375  1.10877e+00  1.15217e+00  1.10886e+00  0.00000e+00
  -2912.09  6499.0625  1.10380e+00  1.01439e+00  1.10372e+00  0.00000e+00
  -2883.54  6499.6875  1.14870e+00  1.22885e+00  1.14860e+00  0.00000e+00
  -2854.99  6500.3125  1.18668e+00  1.09797e+00  1.18667e+00  0.00000e+00
  -2826.44  6500.9375  1.18627e+00  1.37684e+00  1.18618e+00  0.00000e+00
  -2797.89  6501.5625  1.06944e+00  9.28093e-01  1.06925e+00  0.00000e+00
  -2769.34  6502.1875  1.04400e+00  1.01395e+00  1.04363e+00  0.00000e+00
  -2740.78  6502.8125  1.08407e+00  1.17398e+00  1.08380e+00  0.00000e+00
  -2712.23  6503.4375  1.03373e+00  1.02062e+00  1.03372e+00  0.00000e+00
  -2683.68  6504.0625  9.27284e-01  9.66670e-01  9.27236e-01  0.00000e+00
  -2655.13  6504.6875  8.45804e-01  7.21411e-01  8.45700e-01  0.00000e+00
  -2626.58  6505.3125  8.61319e-01  9.43734e-01  8.61266e-01  0.00000e+00
  -2598.03  6505.9375  9.06348e-01  7.88579e-01  9.06334e-01  0.00000e+00
  -2569.48  6506.5625  9.63820e-01  1.13812e+00  9.63830e-01  0.00000e+00
  -2540.93  6507.1875  9.72437e-01  7.71927e-01  9.72457e-01  0.00000e+00
  -2512.38  6507.8125  1.03712e+00  1.22532e+00  1.03701e+00  0.00000e+00
  -2483.83  6508.4375  1.03964e+00  9.12559e-01  1.03941e+00  0.00000e+00
  -2455.27  6509.0625  1.03496e+00  1.15117e+00  1.03492e+00  0.00000e+00
  -2426.72  6509.6875  9.68996e-01  9.33708e-01  9.69114e-01  0.00000e+00
  -2398.17  6510.3125  9.12471e-01  8.61124e-01  9.12674e-01  0.00000e+00
  -2369.62  6510.9375  8.98364e-01  9.77414e-01  8.98568e-01  0.00000e+00
  -2341.07  6511.5625  8.86849e-01  7.55980e-01  8.86860e-01  0.00000e+00
  -2312.52  6512.1875  9.29788e-01  1.05075e+00  9.29651e-01  0.00000e+00
  -2283.97  6512.8125  8.91777e-01  8.94166e-01  8.91543e-01  0.00000e+00
  -2255.42  6513.4375  8.72477e-01  7.17447e-01  8.72083e-01  0.00000e+00
  -2226.87  6514.0625  9.91375e-01  1.09303e+00  9.91116e-01  0.00000e+00
  -2198.32  6514.6875  1.04873e+00  1.08661e+00  1.04860e+00  0.00000e+00
  -2169.76  6515.3125  1.04465e+00  9.63355e-01  1.04437e+00  0.00000e+00
  -2141.21  6515.9375  1.06525e+00  1.16576e+00  1.06507e+00  0.00000e+00
  -2112.66  6516.5625  1.05993e+00  9.53429e-01  1.05970e+00  0.00000e+00
  -2084.11  6517.1875  1.05695e+00  1.19676e+00  1.05659e+00  0.00000e+00
  -2055.56  6517.8125  9.88690e-01  8.88159e-01  9.88602e-01  0.00000e+00
  -2027.01  6518.4375  9.60461e-01  9.84073e-01  9.60560e-01  0.00000e+00
  -1998.46  6519.0625  9.72650e-01  9.40205e-01  9.72687e-01  0.00000e+00
  -1969.91  6519.6875  9.56266e-01  1.06702e+00  9.56073e-01  0.00000e+00
  -1941.36  6520.3125  9.17213e-01  7.35977e-01  9.17004e-01  0.00000e+00
  -1912.80  6520.9375  9.93187e-01  1.09663e+00  9.92947e-01  0.00000e+00
  -1884.25  6521.5625  1.07241e+00  1.01355e+00  1.07217e+00  0.00000e+00
  -1855.70  6522.1875  1.14876e+00  1.18145e+00  1.14878e+00  0.00000e+00
  -1827.15  6522.8125  1.13710e+00  1.27499e+00  1.13736e+00  0.00000e+00
  -1798.60  6523.4375  1.04878e+00  8.33025e-01  1.04898e+00  0.00000e+00
  -1770.05  6524.0625  1.05989e+00  1.23516e+00  1.06004e+00  0.00000e+00
  -1741.50  6524.6875  1.01218e+00  9.31504e-01  1.01226e+00  0.00000e+00
  -1712.95  6525.3125  9.67104e-01  9.77344e-01  9.67169e-01  0.00000e+00
  -1684.40  6525.9375  9.60722e-01  9.48636e-01  9.60764e-01  0.00000e+00
  -1655.85  6526.5625  1.00396e+00  9.39736e-01  1.00382e+00  0.00000e+00
  -1627.29  6527.1875  1.09560e+00  1.16771e+00  1.09556e+00  0.00000e+00
  -1598.74  6527.8125  1.11947e+00  1.13458e+00  1.11959e+00  0.00000e+00
  -1570.19  6528.4375  1.05556e+00  1.10329e+00  1.05551e+00  0.00000e+00
  -1541.64  6529.0625  9.68525e-01  8.78593e-01  9.68344e-01  0.00000e+00
  -1513.09  6529.6875  9.39038e-01  1.00148e+00  9.38934e-01  0.00000e+00
  -1484.54  6530.3125  9.55191e-01  8.21634e-01  9.55344e-01  0.00000e+00
  -1455.99  6530.9375  1.02708e+00  1.17761e+00  1.02734e+00  0.00000e+00
  -1427.44  6531.5625  1.04263e+00  9.31782e-01  1.04276e+00  0.00000e+00
  -1398.89  6532.1875  1.09730e+00  1.13747e+00  1.09734e+00  0.00000e+00
  -1370.34  6532.8125  1.19500e+00  1.13062e+00  1.19491e+00  0.00000e+00
  -1341.78  6533.4375  1.27410e+00  1.41352e+00  1.27397e+00  0.00000e+00
  -1313.23  6534.0625  1.21198e+00  1.19838e+00  1.21191e+00  0.00000e+00
  -1284.68  6534.6875  1.07147e+00  1.09637e+00  1.07154e+00  0.00000e+00
  -1256.13  6535.3125  9.21855e-01  8.89642e-01  9.22086e-01  0.00000e+00
  -1227.58  6535.9375  8.28648e-01  7.89611e-01  8.28879e-01  0.00000e+00
  -1199.03  6536.5625  8.76662e-01  7.56251e-01  8.76724e-01  0.00000e+00
  -1170.48  6537.1875  1.04552e+00  1.14156e+00  1.04560e+00  0.00000e+00
  -1141.93  6537.8125  1.05494e+00  1.23952e+00  1.05514e+00  0.00000e+00
  -1113.38  6538.4375  8.89226e-01  6.83993e-01  8.89306e-01  0.00000e+00
  -1084.83  6539.0625  9.00504e-01  8.66893e-01  9.00581e-01  0.00000e+00
  -1056.27  6539.6875  1.03553e+00  1.09996e+00  1.03567e+00  0.00000e+00
  -1027.72  6540.3125  1.09689e+00  1.12237e+00  1.09692e+00  0.00000e+00
   -999.17  6540.9375  1.09205e+00  1.08103e+00  1.09208e+00  0.00000e+00
   -970.62  6541.5625  1.07739e+00  1.08880e+00  1.07758e+00  0.00000e+00
   -942.07  6542.1875  1.06003e+00  1.05434e+00  1.06040e+00  0.00000e+00
   -913.52  6542.8125  1.08346e+00  1.00530e+00  1.08367e+00  0.00000e+00
   -884.97  6543.4375  1.09239e+00  1.30979e+00  1.09234e+00  0.00000e+00
   -856.42  6544.0625  1.03757e+00  7.35791e-01  1.03735e+00  0.00000e+00
   -827.87  6544.6875  1.17626e+00  1.30848e+00  1.17617e+00  0.00000e+00
   -799.31  6545.3125  1.31074e+00  1.31018e+00  1.31083e+00  0.00000e+00
   -770.76  6545.9375  1.29805e+00  1.42454e+00  1.29814e+00  0.00000e+00
   -742.21  6546.5625  1.10475e+00  1.12716e+00  1.10477e+00  0.00000e+00
   -713.66  6547.1875  9.21075e-01  7.25879e-01  9.21026e-01  0.00000e+00
   -685.11  6547.8125  9.38174e-01  1.01143e+00  9.37985e-01  0.00000e+00
   -656.56  6548.4375  1.00598e+00  9.45918e-01  1.00553e+00  0.00000e+00
   -628.01  6549.0625  1.01915e+00  1.18941e+00  1.01886e+00  0.00000e+00
   -599.46  6549.6875  9.58644e-01  7.57302e-01  9.58633e-01  0.00000e+00
   -570.91  6550.3125  1.02208e+00  1.09233e+00  1.02198e+00  0.00000e+00
   -542.36  6550.9375  1.08898e+00  1.12076e+00  1.08865e+00  0.00000e+00
   -513.80  6551.5625  1.07719e+00  1.07761e+00  1.07700e+00  0.00000e+00
   -485.25  6552.1875  1.03973e+00  1.04623e+00  1.03970e+00  0.00000e+00
   -456.70  6552.8125  1.00585e+00  9.81977e-01  1.00600e+00  0.00000e+00
   -428.15  6553.4375  9.76204e-01  1.01383e+00  9.76562e-01  0.00000e+00
   -399.60  6554.0625  8.99001e-01  9.21931e-01  8.99275e-01  0.00000e+00
   -371.05  6554.6875  8.17069e-01  7.41215e-01  8.17085e-01  0.00000e+00
   -342.50  6555.3125  8.57937e-01  7.98083e-01  8.57931e-01  0.00000e+00
   -313.95  6555.9375  1.02132e+00  1.01853e+00  1.02145e+00  0.00000e+00
   -285.40  6556.5625  1.13867e+00  1.28128e+00  1.13872e+00  0.00000e+00
   -256.85  6557.1875  1.04828e+00  1.09515e+00  1.04827e+00  0.00000e+00
   -228.29  6557.8125  9.40895e-01  7.15135e-01  9.40778e-01  0.00000e+00
   -199.74  6558.4375  1.01094e+00  1.16130e+00  1.01088e+00  0.00000e+00
   -171.19  6559.0625  1.03119e+00  1.01270e+00  1.03129e+00  0.00000e+00
   -142.64  6559.6875  1.05521e+00  9.43729e-01  1.05500e+00  0.00000e+00
   -114.09  6560.3125  1.14487e+00  1.29104e+00  1.14447e+00  0.00000e+00
    -85.54  6560.9375  1.10333e+00  1.11247e+00  1.10331e+00  0.00000e+00
    -56.99  6561.5625  9.81013e-01  9.53795e-01  9.81260e-01  0.00000e+00
    -28.44  6562.1875  8.91147e-01  8.83693e-01  8.91278e-01  0.00000e+00
      0.11  6562.8125  8.64642e-01  8.02047e-01  8.64589e-01  0.00000e+00
     28.67  6563.4375  9.03215e-01  9.40831e-01  9.02966e-01  0.00000e+00
     57.22  6564.0625  9.11532e-01  9.42701e-01  9.11268e-01  0.00000e+00
     85.77  6564.6875  8.73350e-01  8.48884e-01  8.73234e-01  0.00000e+00
    114.32  6565.3125  8.74757e-01  8.34754e-01  8.74649e-01  0.00000e+00
    142.87  6565.9375  9.83067e-01  9.06856e-01  9.82903e-01  0.00000e+00
    171.42  6566.5625  1.10071e+00  1.30029e+00  1.10054e+00  0.00000e+00
    199.97  6567.1875  1.06467e+00  9.55622e-01  1.06439e+00  0.00000e+00
    228.52  6567.8125  1.03687e+00  1.06627e+00  1.03655e+00  0.00000e+00
    257.07  6568.4375  1.02058e+00  1.03897e+00  1.02039e+00  0.00000e+00
    285.62  6569.0625  1.00716e+00  9.37403e-01  1.00703e+00  0.00000e+00
    314.18  6569.6875  1.05558e+00  1.08738e+00  1.05555e+00  0.00000e+00
    342.73  6570.3125  1.10642e+00  1.09823e+00  1.10628e+00  0.00000e+00
    371.28  6570.9375  1.12147e+00  1.17483e+00  1.12120e+00  0.00000e+00
    399.83  6571.5625  1.11325e+00  1.03623e+00  1.11323e+00  0.00000e+00
    428.38  6572.1875  1.12834e+00  1.20723e+00  1.12859e+00  0.00000e+00
    456.93  6572.8125  1.09422e+00  1.07842e+00  1.09453e+00  0.00000e+00
    485.48  6573.4375  1.05902e+00  1.01717e+00  1.05936e+00  0.00000e+00
    514.03  6574.0625  1.04950e+00  1.11489e+00  1.04958e+00  0.00000e+00
    542.58  6574.6875  1.02629e+00  9.46501e-01  1.02619e+00  0.00000e+00
    571.13  6575.3125  1.05369e+00  1.08232e+00  1.05365e+00  0.00000e+00
    599.69  6575.9375  1.08689e+00  1.09073e+00  1.08681e+00  0.00000e+00
    628.24  6576.5625  1.10105e+00  1.09862e+00  1.10087e+00  0.00000e+00
    656.79  6577.1875  1.10247e+00  1.12434e+00  1.10229e+00  0.00000e+00
    685.34  6577.8125  1.08906e+00  1.06727e+00  1.08895e+00  0.00000e+00
    713.89  6578.4375  1.08009e+00  1.09444e+00  1.07981e+00  0.00000e+00
    742.44  6579.0625  1.02186e+00  1.09854e+00  1.02139e+00  0.00000e+00
    770.99  6579.6875  9.24831e-01  8.05471e-01  9.24627e-01  0.00000e+00
    799.54  6580.3125  9.17847e-01  9.50844e-01  9.17893e-01  0.00000e+00
    828.09  6580.9375  9.06137e-01  9.64650e-01  9.06261e-01  0.00000e+00
    856.65  6581.5625  8.85731e-01  7.40903e-01  8.85727e-01  0.00000e+00
    885.20  6582.1875  9.79966e-01  1.05209e+00  9.79845e-01  0.00000e+00
    913.75  6582.8125  1.08540e+00  1.03959e+00  1.08529e+00  0.00000e+00
    942.30  6583.4375  1.10106e+00  1.29162e+00  1.10088e+00  0.00000e+00
    970.85  6584.0625  9.70207e-01  8.43440e-01  9.70047e-01  0.00000e+00
    999.40  6584.6875  9.81463e-01  8.22107e-01  9.81352e-01  0.00000e+00
   1027.95  6585.3125  1.10755e+00  1.39735e+00  1.10754e+00  0.00000e+00
   1056.50  6585.9375  1.07699e+00  8.58564e-01  1.07686e+00  0.00000e+00
   1085.05  6586.5625  1.09713e+00  1.20988e+00  1.09677e+00  0.00000e+00
   1113.60  6587.1875  1.06609e+00  1.10722e+00  1.06565e+00  0.00000e+00
   1142.16  6587.8125  9.47373e-01  9.02368e-01  9.47169e-01  0.00000e+00
   1170.71  6588.4375  8.79784e-01  8.52549e-01  8.79744e-01  0.00000e+00
   1199.26  6589.0625  9.32250e-01  8.29569e-01  9.32160e-01  0.00000e+00
   1227.81  6589.6875  1.04832e+00  1.19944e+00  1.04818e+00  0.00000e+00
   1256.36  6590.3125  1.03486e+00  1.02390e+00  1.03484e+00  0.00000e+00
   1284.91  6590.9375  9.90706e-01  9.17134e-01  9.90761e-01  0.00000e+00
   1313.46  6591.5625  1.01319e+00  1.06468e+00  1.01329e+00  0.00000e+00
   1342.01  6592.1875  9.80883e-01  1.03562e+00  9.81007e-01  0.00000e+00
   1370.56  6592.8125  8.86130e-01  8.24998e-01  8.86131e-01  0.00000e+00
   1399.11  6593.4375  8.81244e-01  8.07765e-01  8.81121e-01  0.00000e+00
   1427.67  6594.0625  9.82998e-01  1.02545e+00  9.82893e-01  0.00000e+00
   1456.22  6594.6875  1.05049e+00  1.08855e+00  1.05044e+00  0.00000e+00
   1484.77  6595.3125  1.02739e+00  1.05819e+00  1.02737e+00  0.00000e+00
   1513.32  6595.9375  9.81194e-01  9.08463e-01  9.81147e-01  0.00000e+00
   1541.87  6596.5625  9.80149e-01  1.03041e+00  9.80115e-01  0.00000e+00
   1570.42  6597.1875  9.29620e-01  9.75519e-01  9.29608e-01  0.00000e+00
   1598.97  6597.8125  8.37988e-01  7.62835e-01  8.37897e-01  0.00000e+00
   1627.52  6598.4375  8.57550e-01  7.84002e-01  8.57363e-01  0.00000e+00
   1656.07  6599.0625  9.45819e-01  1.07011e+00  9.45695e-01  0.00000e+00
   1684.63  6599.6875  9.44832e-01  8.94476e-01  9.44741e-01  0.00000e+00
   1713.18  6600.3125  9.22511e-01  9.50859e-01  9.22331e-01  0.00000e+00
   1741.73  6600.9375  9.14645e-01  8.65345e-01  9.14331e-01  0.00000e+00
   1770.28  6601.5625  8.97394e-01  1.00732e+00  8.97289e-01  0.00000e+00
   1798.83  6602.1875  8.78675e-01  6.78583e-01  8.78754e-01  0.00000e+00
   1827.38  6602.8125  9.73939e-01  1.12353e+00  9.74049e-01  0.00000e+00
   1855.93  6603.4375  1.02902e+00  9.53895e-01  1.02907e+00  0.00000e+00
   1884.48  6604.0625  1.03501e+00  1.14754e+00  1.03510e+00  0.00000e+00
   1913.03  6604.6875  9.86189e-01  8.94885e-01  9.86396e-01  0.00000e+00
   1941.58  6605.3125  9.85133e-01  9.97147e-01  9.85329e-01  0.00000e+00
   1970.14  6605.9375  9.97579e-01  1.03611e+00  9.97725e-01  0.00000e+00
   1998.69  6606.5625  9.78164e-01  9.38096e-01  9.78277e-01  0.00000e+00
   2027.24  6607.1875  9.75431e-01  9.96158e-01  9.75670e-01  0.00000e+00
   2055.79  6607.8125  9.68192e-01  9.71344e-01  9.68545e-01  0.00000e+00
   2084.34  6608.4375  9.70138e-01  9.20766e-01  9.70268e-01  0.00000e+00
   2112.89  6609.0625  9.49770e-01  1.10177e+00  9.49743e-01  0.00000e+00
   2141.44  6609.6875  8.79374e-01  6.74615e-01  8.79387e-01  0.00000e+00
   2169.99  6610.3125  9.60213e-01  1.00679e+00  9.60307e-01  0.00000e+00
   2198.54  6610.9375  1.04147e+00  1.13748e+00  1.04165e+00  0.00000e+00
   2227.09  6611.5625  1.00540e+00  9.53727e-01  1.00553e+00  0.00000e+00
   2255.65  6612.1875  9.89060e-01  9.67951e-01  9.89017e-01  0.00000e+00
   2284.20  6612.8125  9.98112e-01  1.05180e+00  9.97966e-01  0.00000e+00
   2312.75  6613.4375  9.77651e-01  9.33261e-01  9.77378e-01  0.00000e+00
   2341.30  6614.0625  9.89125e-01  9.77477e-01  9.88863e-01  0.00000e+00
   2369.85  6614.6875  9.99917e-01  1.07036e+00  9.99933e-01  0.00000e+00
   2398.40  6615.3125  9.50045e-01  9.08781e-01  9.50394e-01  0.00000e+00
   2426.95  6615.9375  9.12781e-01  9.16611e-01  9.13170e-01  0.00000e+00
   2455.50  6616.5625  9.28832e-01  8.64237e-01  9.28970e-01  0.00000e+00
   2484.05  6617.1875  9.73850e-01  1.07382e+00  9.73916e-01  0.00000e+00
   2512.61  6617.8125  1.00024e+00  8.72456e-01  1.00043e+00  0.00000e+00
   2541.16  6618.4375  1.09539e+00  1.15840e+00  1.09550e+00  0.00000e+00
   2569.71  6619.0625  1.09406e+00  1.24244e+00  1.09403e+00  0.00000e+00
   2598.26  6619.6875  9.29655e-01  8.18321e-01  9.29735e-01  0.00000e+00
   2626.81  6620.3125  8.43294e-01  8.04969e-01  8.43301e-01  0.00000e+00
   2655.36  6620.9375  8.48632e-01  8.89236e-01  8.48515e-01  0.00000e+00
   2683.91  6621.5625  8.66901e-01  7.99467e-01  8.66787e-01  0.00000e+00
   2712.46  6622.1875  9.37462e-01  9.63305e-01  9.37410e-01  0.00000e+00
   2741.01  6622.8125  1.03374e+00  9.92506e-01  1.03374e+00  0.00000e+00
   2769.56  6623.4375  1.09008e+00  1.22470e+00  1.09000e+00  0.00000e+00
   2798.12  6624.0625  1.00490e+00  9.89906e-01  1.00465e+00  0.00000e+00
   2826.67  6624.6875  9.48602e-01  7.97078e-01  9.48503e-01  0.00000e+00
   2855.22  6625.3125  1.04605e+00  1.13307e+00  1.04621e+00  0.00000e+00
   2883.77  6625.9375  1.11218e+00  1.12477e+00  1.11255e+00  0.00000e+00
   2912.32  6626.5625  1.10713e+00  1.11655e+00  1.10759e+00  0.00000e+00
   2940.87  6627.1875  1.06116e+00  1.08658e+00  1.06135e+00  0.00000e+00
   2969.42  6627.8125  9.51671e-01  1.00242e+00  9.51615e-01  0.00000e+00
   2997.97  6628.4375  8.80612e-01  6.71158e-01  8.80435e-01  0.00000e+00
   3026.52  6629.0625  9.69950e-01  1.12165e+00  9.69791e-01  0.00000e+00
   3055.07  6629.6875  1.05909e+00  9.27725e-01  1.05903e+00  0.00000e+00
   3083.63  6630.3125  1.17929e+00  1.27373e+00  1.17937e+00  0.00000e+00
   3112.18  6630.9375  1.21065e+00  1.26977e+00  1.21083e+00  0.00000e+00
   3140.73  6631.5625  1.09267e+00  1.12574e+00  1.09292e+00  0.00000e+00
   3169.28  6632.1875  9.39874e-01  8.63115e-01  9.40098e-01  0.00000e+00
   3197.83  6632.8125  9.11248e-01  8.44106e-01  9.11505e-01  0.00000e+00
   3226.38  6633.4375  1.05712e+00  9.84221e-01  1.05736e+00  0.00000e+00
   3254.93  6634.0625  1.23960e+00  1.40389e+00  1.23964e+00  0.00000e+00
   3283.48  6634.6875  1.18575e+00  1.30270e+00  1.18561e+00  0.00000e+00
   3312.03  6635.3125  1.01654e+00  7.83292e-01  1.01637e+00  0.00000e+00
   3340.58  6635.9375  1.02448e+00  1.12284e+00  1.02437e+00  0.00000e+00
   3369.14  6636.5625  1.06698e+00  1.01601e+00  1.06700e+00  0.00000e+00
   3397.69  6637.1875  1.06908e+00  1.16498e+00  1.06895e+00  0.00000e+00
   3426.24  6637.8125  1.00319e+00  9.49964e-01  1.00295e+00  0.00000e+00
   3454.79  6638.4375  9.59051e-01  9.45453e-01  9.58815e-01  0.00000e+00
   3483.34  6639.0625  9.38797e-01  9.77698e-01  9.38560e-01  0.00000e+00
   3511.89  6639.6875  8.86908e-01  8.73924e-01  8.86785e-01  0.00000e+00
   3540.44  6640.3125  8.67439e-01  8.01641e-01  8.67311e-01  0.00000e+00
   3568.99  6640.9375  9.16089e-01  9.61318e-01  9.15887e-01  0.00000e+00
   3597.54  6641.5625  9.63897e-01  9.30916e-01  9.63462e-01  0.00000e+00
   3626.10  6642.1875  1.00767e+00  1.04114e+00  1.00718e+00  0.00000e+00
   3654.65  6642.8125  9.81563e-01  1.05446e+00  9.81394e-01  0.00000e+00
   3683.20  6643.4375  8.59402e-01  8.32155e-01  8.59379e-01  0.00000e+00
   3711.75  6644.0625  7.90700e-01  6.80364e-01  7.90674e-01  0.00000e+00
   3740.30  6644.6875  8.08936e-01  9.38741e-01  8.09077e-01  0.00000e+00
   3768.85  6645.3125  8.00853e-01  6.71320e-01  8.01187e-01  0.00000e+00
   3797.40  6645.9375  8.85170e-01  8.85024e-01  8.85529e-01  0.00000e+00
   3825.95  6646.5625  9.50077e-01  1.10924e+00  9.50110e-01  0.00000e+00
   3854.50  6647.1875  8.66186e-01  7.73279e-01  8.65961e-01  0.00000e+00
   3883.05  6647.8125  8.54984e-01  7.75690e-01  8.54883e-01  0.00000e+00
   3911.61  6648.4375  9.46621e-01  1.03175e+00  9.46679e-01  0.00000e+00
   3940.16  6649.0625  9.39936e-01  1.00896e+00  9.39941e-01  0.00000e+00
   3968.71  6649.6875  8.90448e-01  7.21010e-01  8.90225e-01  0.00000e+00
   3997.26  6650.3125  9.45183e-01  1.07283e+00  9.44880e-01  0.00000e+00
   4025.81  6650.9375  9.40237e-01  9.27169e-01  9.40269e-01  0.00000e+00
   4054.36  6651.5625  9.16424e-01  8.56353e-01  9.16635e-01  0.00000e+00
   4082.91  6652.1875  9.64919e-01  9.87657e-01  9.65052e-01  0.00000e+00
   4111.46  6652.8125  1.05351e+00  9.88962e-01  1.05356e+00  0.00000e+00
   4140.01  6653.4375  1.11991e+00  1.28934e+00  1.12002e+00  0.00000e+00
   4168.56  6654.0625  1.10657e+00  9.20065e-01  1.10675e+00  0.00000e+00
   4197.12  6654.6875  1.14180e+00  1.30262e+00  1.14219e+00  0.00000e+00
   4225.67  6655.3125  1.04337e+00  1.09702e+00  1.04371e+00  0.00000e+00
   4254.22  6655.9375  8.86220e-01  7.08071e-01  8.86286e-01  0.00000e+00
   4282.77  6656.5625  8.57044e-01  9.78005e-01  8.56958e-01  0.00000e+00
   4311.32  6657.1875  8.10237e-01  7.52171e-01  8.10143e-01  0.00000e+00
   4339.87  6657.8125  8.10312e-01  7.50974e-01  8.10182e-01  0.00000e+00
   4368.42  6658.4375  9.31573e-01  9.08798e-01  9.31441e-01  0.00000e+00
   4396.97  6659.0625  1.06686e+00  1.15513e+00  1.06693e+00  0.00000e+00
   4425.52  6659.6875  1.08614e+00  1.11232e+00  1.08637e+00  0.00000e+00
   4454.08  6660.3125  1.05282e+00  9.91332e-01  1.05301e+00  0.00000e+00
   4482.63  6660.9375  1.04598e+00  1.10721e+00  1.04606e+00  0.00000e+00
   4511.18  6661.5625  1.01316e+00  9.90904e-01  1.01300e+00  0.00000e+00
   4539.73  6662.1875  1.06627e+00  9.05958e-01  1.06580e+00  0.00000e+00
   4568.28  6662.8125  1.23350e+00  1.41697e+00  1.23310e+00  0.00000e+00
   4596.83  6663.4375  1.25713e+00  1.25361e+00  1.25698e+00  0.00000e+00
   4625.38  6664.0625  1.19696e+00  1.16620e+00  1.19694e+00  0.00000e+00
   4653.93  6664.6875  1.15577e+00  1.18530e+00  1.15581e+00  0.00000e+00
   4682.48  6665.3125  1.09430e+00  1.09472e+00  1.09431e+00  0.00000e+00
   4711.03  6665.9375  1.02183e+00  1.01320e+00  1.02188e+00  0.00000e+00
   4739.59  6666.5625  9.79010e-01  9.43550e-01  9.79148e-01  0.00000e+00
   4768.14  6667.1875  9.50568e-01  1.01466e+00  9.50539e-01  0.00000e+00
   4796.69  6667.8125  8.78463e-01  8.51160e-01  8.78343e-01  0.00000e+00
   4825.24  6668.4375  8.64364e-01  7.61426e-01  8.64277e-01  0.00000e+00
   4853.79  6669.0625  9.45903e-01  1.04057e+00  9.45988e-01  0.00000e+00
   4882.34  6669.6875  9.86018e-01  9.49311e-01  9.86336e-01  0.00000e+00
   4910.89  6670.3125  1.00071e+00  1.03057e+00  1.00099e+00  0.00000e+00
   4939.44  6670.9375  9.74641e-01  1.02151e+00  9.74632e-01  0.00000e+00
   4967.99  6671.5625  1.00680e+00  7.63510e-01  1.00678e+00  0.00000e+00
   4996.54  6672.1875  1.14720e+00  1.45795e+00  1.14755e+00  0.00000e+00
   5025.10  6672.8125  1.05303e+00  1.00069e+00  1.05345e+00  0.00000e+00
   5053.65  6673.4375  8.94914e-01  8.20014e-01  8.95274e-01  0.00000e+00
   5082.20  6674.0625  8.85549e-01  8.41581e-01  8.85740e-01  0.00000e+00
   5110.75  6674.6875  9.87653e-01  9.71129e-01  9.87633e-01  0.00000e+00
   5139.30  6675.3125  1.05425e+00  1.20390e+00  1.05411e+00  0.00000e+00
   5167.85  6675.9375  1.00735e+00  8.79298e-01  1.00719e+00  0.00000e+00
   5196.40  6676.5625  9.90038e-01  1.07387e+00  9.89855e-01  0.00000e+00
   5224.95  6677.1875  9.37303e-01  9.35565e-01  9.37240e-01  0.00000e+00
   5253.50  6677.8125  8.89986e-01  8.08992e-01  8.89970e-01  0.00000e+00
   5282.06  6678.4375  9.46554e-01  9.43912e-01  9.46467e-01  0.00000e+00
   5310.61  6679.0625  9.94612e-01  1.10420e+00  9.94521e-01  0.00000e+00
   5339.16  6679.6875  9.88803e-01  8.38545e-01  9.88706e-01  0.00000e+00
   5367.71  6680.3125  1.06089e+00  1.15293e+00  1.06075e+00  0.00000e+00
   5396.26  6680.9375  1.09488e+00  1.10090e+00  1.09479e+00  0.00000e+00
   5424.81  6681.5625  1.08133e+00  1.06031e+00  1.08140e+00  0.00000e+00
   5453.36  6682.1875  1.06068e+00  1.10721e+00  1.06092e+00  0.00000e+00
   5481.91  6682.8125  9.93024e-01  9.90149e-01  9.93086e-01  0.00000e+00
   5510.46  6683.4375  9.11458e-01  8.94707e-01  9.11453e-01  0.00000e+00
   5539.01  6684.0625  8.54942e-01  8.57362e-01  8.55025e-01  0.00000e+00
   5567.57  6684.6875  8.73941e-01  7.56868e-01  8.74011e-01  0.00000e+00
   5596.12  6685.3125  9.92840e-01  1.08038e+00  9.92887e-01  0.00000e+00
   5624.67  6685.9375  1.02359e+00  1.09427e+00  1.02374e+00  0.00000e+00
   5653.22  6686.5625  9.27070e-01  9.02689e-01  9.27122e-01  0.00000e+00
   5681.77  6687.1875  8.50761e-01  7.97191e-01  8.50647e-01  0.00000e+00
   5710.32  6687.8125  8.78695e-01  8.44805e-01  8.78542e-01  0.00000e+00
   5738.87  6688.4375  9.75931e-01  9.92238e-01  9.75707e-01  0.00000e+00
   5767.42  6689.0625  1.08788e+00  1.06757e+00  1.08769e+00  0.00000e+00
   5795.97  6689.6875  1.23565e+00  1.19322e+00  1.23559e+00  0.00000e+00
   5824.52  6690.3125  1.30300e+00  1.55118e+00  1.30285e+00  0.00000e+00
   5853.08  6690.9375  1.10939e+00  1.04391e+00  1.10926e+00  0.00000e+00
   5881.63  6691.5625  9.32322e-01  8.02996e-01  9.32298e-01  0.00000e+00
   5910.18  6692.1875  9.53340e-01  9.59968e-01  9.53138e-01  0.00000e+00
   5938.73  6692.8125  1.01522e+00  1.07383e+00  1.01504e+00  0.00000e+00
   5967.28  6693.4375  1.06623e+00  9.47754e-01  1.06632e+00  0.00000e+00
   5995.83  6694.0625  1.15725e+00  1.29417e+00  1.15762e+00  0.00000e+00
   6024.38  6694.6875  1.15197e+00  1.12312e+00  1.15259e+00  0.00000e+00
   6052.93  6695.3125  1.09714e+00  1.11992e+00  1.09761e+00  0.00000e+00
   6081.48  6695.9375  1.09382e+00  9.63310e-01  1.09393e+00  0.00000e+00
   6110.04  6696.5625  1.08376e+00  1.37653e+00  1.08370e+00  0.00000e+00
   6138.59  6697.1875  9.33651e-01  6.48320e-01  9.33772e-01  0.00000e+00
   6167.14  6697.8125  9.72633e-01  9.99663e-01  9.72891e-01  0.00000e+00
   6195.69  6698.4375  1.10180e+00  1.16362e+00  1.10194e+00  0.00000e+00
   6224.24  6699.0625  1.14054e+00  1.13677e+00  1.14049e+00  0.00000e+00
   6252.79  6699.6875  1.09610e+00  1.19101e+00  1.09588e+00  0.00000e+00
   6281.34  6700.3125  1.06369e+00  8.20819e-01  1.06356e+00  0.00000e+00
   6309.89  6700.9375  1.13662e+00  1.40904e+00  1.13681e+00  0.00000e+00
   6338.44  6701.5625  1.05621e+00  9.44093e-01  1.05660e+00  0.00000e+00
   6366.99  6702.1875  9.40017e-01  9.93117e-01  9.40358e-01  0.00000e+00
   6395.55  6702.8125  8.81743e-01  7.61836e-01  8.81854e-01  0.00000e+00
   6424.10  6703.4375  9.12672e-01  9.88410e-01  9.12356e-01  0.00000e+00
   6452.65  6704.0625  9.61489e-01  8.75391e-01  9.61152e-01  0.00000e+00
   6481.20  6704.6875  1.01449e+00  1.13254e+00  1.01428e+00  0.00000e+00
   6509.75  6705.3125  1.01261e+00  9.24823e-01  1.01251e+00  0.00000e+00
   6538.30  6705.9375  1.05016e+00  1.05973e+00  1.05005e+00  0.00000e+00
   6566.85  6706.5625  1.06119e+00  1.16445e+00  1.06088e+00  0.00000e+00
   6595.40  6707.1875  9.37863e-01  9.36957e-01  9.37403e-01  0.00000e+00
   6623.95  6707.8125  8.55898e-01  6.83492e-01  8.55679e-01  0.00000e+00
   6652.50  6708.4375  9.62158e-01  1.01599e+00  9.62330e-01  0.00000e+00
   6681.06  6709.0625  9.98867e-01  1.18236e+00  9.98997e-01  0.00000e+00
   6709.61  6709.6875  9.13925e-01  6.55493e-01  9.13966e-01  0.00000e+00
   6738.16  6710.3125  9.50556e-01  1.13923e+00  9.50634e-01  0.00000e+00
   6766.71  6710.9375  9.63074e-01  8.30549e-01  9.63021e-01  0.00000e+00
   6795.26  6711.5625  9.81181e-01  1.09240e+00  9.80971e-01  0.00000e+00
   6823.81  6712.1875  9.59889e-01  9.01092e-01  9.59705e-01  0.00000e+00
   6852.36  6712.8125  9.49980e-01  9.58557e-01  9.49833e-01  0.00000e+00
   6880.91  6713.4375  9.73444e-01  9.49825e-01  9.73426e-01  0.00000e+00
   6909.46  6714.0625  1.00985e+00  1.04153e+00  1.00990e+00  0.00000e+00
   6938.02  6714.6875  1.07223e+00  9.72068e-01  1.07235e+00  0.00000e+00
   6966.57  6715.3125  1.13487e+00  1.32851e+00  1.13480e+00  0.00000e+00
   6995.12  6715.9375  1.05454e+00  9.69066e-01  1.05434e+00  0.00000e+00
   7023.67  6716.5625  1.03503e+00  9.25019e-01  1.03501e+00  0.00000e+00
   7052.22  6717.1875  1.10738e+00  1.27946e+00  1.10754e+00  0.00000e+00
   7080.77  6717.8125  1.09077e+00  9.70679e-01  1.09088e+00  0.00000e+00
   7109.32  6718.4375  1.08943e+00  1.15824e+00  1.08925e+00  0.00000e+00
   7137.87  6719.0625  1.02965e+00  1.09056e+00  1.02930e+00  0.00000e+00
   7166.42  6719.6875  9.09131e-01  8.10972e-01  9.08822e-01  0.00000e+00
   7194.97  6720.3125  8.57839e-01  8.99126e-01  8.57656e-01  0.00000e+00
   7223.53  6720.9375  8.62352e-01  7.76192e-01  8.62279e-01  0.00000e+00
   7252.08  6721.5625  9.71420e-01  9.49240e-01  9.71389e-01  0.00000e+00
   7280.63  6722.1875  1.11484e+00  1.18679e+00  1.11491e+00  0.00000e+00
   7309.18  6722.8125  1.13169e+00  1.20662e+00  1.13191e+00  0.00000e+00
   7337.73  6723.4375  9.86701e-01  1.02284e+00  9.86958e-01  0.00000e+00
   7366.28  6724.0625  8.11694e-01  7.06064e-01  8.11973e-01  0.00000e+00
   7394.83  6724.6875  7.84715e-01  7.29370e-01  7.85024e-01  0.00000e+00
   7423.38  6725.3125  8.52190e-01  9.23996e-01  8.52389e-01  0.00000e+00
   7451.93  6725.9375  8.79765e-01  8.47912e-01  8.79840e-01  0.00000e+00
   7480.48  6726.5625  9.04541e-01  9.13344e-01  9.04390e-01  0.00000e+00
   7509.04  6727.1875  9.66319e-01  9.08956e-01  9.66006e-01  0.00000e+00
   7537.59  6727.8125  1.04864e+00  1.13690e+00  1.04835e+00  0.00000e+00
   7566.14  6728.4375  1.07328e+00  1.02688e+00  1.07329e+00  0.00000e+00
   7594.69  6729.0625  1.06164e+00  1.13846e+00  1.06196e+00  0.00000e+00
   7623.24  6729.6875  9.82335e-01  9.72278e-01  9.82653e-01  0.00000e+00
   7651.79  6730.3125  9.32650e-01  8.27362e-01  9.32734e-01  0.00000e+00
   7680.34  6730.9375  9.82951e-01  1.06150e+00  9.83001e-01  0.00000e+00
   7708.89  6731.5625  1.05103e+00  9.48443e-01  1.05089e+00  0.00000e+00
   7737.44  6732.1875  1.13754e+00  1.26077e+00  1.13724e+00  0.00000e+00
   7765.99  6732.8125  1.12879e+00  1.11200e+00  1.12849e+00  0.00000e+00
   7794.55  6733.4375  1.07028e+00  1.07680e+00  1.06998e+00  0.00000e+00
   7823.10  6734.0625  1.05237e+00  9.70843e-01  1.05210e+00  0.00000e+00
   7851.65  6734.6875  1.03399e+00  1.21579e+00  1.03379e+00  0.00000e+00
   7880.20  6735.3125  9.07385e-01  7.72308e-01  9.07117e-01  0.00000e+00
   7908.75  6735.9375  9.03171e-01  8.12271e-01  9.02962e-01  0.00000e+00
   7937.30  6736.5625  9.96161e-01  1.16249e+00  9.96209e-01  0.00000e+00
   7965.85  6737.1875  9.48763e-01  9.16845e-01  9.49012e-01  0.00000e+00
   7994.40  6737.8125  8.84257e-01  8.16494e-01  8.84433e-01  0.00000e+00
   8022.95  6738.4375  8.85269e-01  9.55094e-01  8.85418e-01  0.00000e+00
   8051.51  6739.0625  8.98318e-01  7.91308e-01  8.98398e-01  0.00000e+00
   8080.06  6739.6875  9.68771e-01  1.04078e+00  9.68768e-01  0.00000e+00
   8108.61  6740.3125  9.83319e-01  1.02394e+00  9.83378e-01  0.00000e+00
   8137.16  6740.9375  9.45757e-01  8.75074e-01  9.45962e-01  0.00000e+00
   8165.71  6741.5625  9.52836e-01  9.83289e-01  9.52911e-01  0.00000e+00
   8194.26  6742.1875  9.00527e-01  1.01105e+00  9.00467e-01  0.00000e+00
   8222.81  6742.8125  8.03920e-01  6.04139e-01  8.04083e-01  0.00000e+00
   8251.36  6743.4375  8.68284e-01  9.28434e-01  8.68548e-01  0.00000e+00
   8279.91  6744.0625  9.52667e-01  9.82592e-01  9.52747e-01  0.00000e+00
   8308.46  6744.6875  9.76277e-01  9.58099e-01  9.76259e-01  0.00000e+00
   8337.02  6745.3125  9.70804e-01  1.02882e+00  9.70822e-01  0.00000e+00
   8365.57  6745.9375  9.37835e-01  8.68252e-01  9.37843e-01  0.00000e+00
   8394.12  6746.5625  9.18904e-01  9.93972e-01  9.19019e-01  0.00000e+00
   8422.67  6747.1875  8.70355e-01  8.25120e-01  8.70558e-01  0.00000e+00
   8451.22  6747.8125  8.85256e-01  8.03951e-01  8.85420e-01  0.00000e+00
   8479.77  6748.4375  9.75501e-01  1.07138e+00  9.75492e-01  0.00000e+00
   8508.32  6749.0625  9.85400e-01  9.86876e-01  9.85331e-01  0.00000e+00
   8536.87  6749.6875  8.96140e-01  9.67625e-01  8.96098e-01  0.00000e+00
   8565.42  6750.3125  7.54329e-01  6.85369e-01  7.54308e-01  0.00000e+00
   8593.97  6750.9375  7.49952e-01  5.97418e-01  7.49848e-01  0.00000e+00
   8622.53  6751.5625  9.12811e-01  1.03726e+00  9.12715e-01  0.00000e+00
   8651.08  6752.1875  1.00295e+00  1.00977e+00  1.00298e+00  0.00000e+00
   8679.63  6752.8125  1.04783e+00  9.80494e-01  1.04779e+00  0.00000e+00
   8708.18  6753.4375  1.05954e+00  1.25042e+00  1.05943e+00  0.00000e+00
   8736.73  6754.0625  8.93876e-01  8.43154e-01  8.93581e-01  0.00000e+00
   8765.28  6754.6875  7.82266e-01  6.12260e-01  7.81949e-01  0.00000e+00
   8793.83  6755.3125  8.61890e-01  9.60560e-01  8.61763e-01  0.00000e+00
   8822.38  6755.9375  9.07862e-01  9.18843e-01  9.07809e-01  0.00000e+00
   8850.93  6756.5625  8.77461e-01  8.90916e-01  8.77337e-01  0.00000e+00
   8879.49  6757.1875  8.38492e-01  8.06869e-01  8.38382e-01  0.00000e+00
   8908.04  6757.8125  8.41033e-01  8.28320e-01  8.40932e-01  0.00000e+00
   8936.59  6758.4375  8.78221e-01  8.81224e-01  8.78165e-01  0.00000e+00
   8965.14  6759.0625  9.28655e-01  9.10858e-01  9.28707e-01  0.00000e+00
   8993.69  6759.6875  9.61796e-01  1.02975e+00  9.61702e-01  0.00000e+00
   9022.24  6760.3125  9.39317e-01  8.94034e-01  9.39048e-01  0.00000e+00
   9050.79  6760.9375  8.92942e-01  9.74816e-01  8.92734e-01  0.00000e+00
   9079.34  6761.5625  8.69217e-01  6.88991e-01  8.69154e-01  0.00000e+00
   9107.89  6762.1875  9.87285e-01  1.07048e+00  9.87136e-01  0.00000e+00
   9136.44  6762.8125  1.08772e+00  1.10338e+00  1.08730e+00  0.00000e+00
   9165.00  6763.4375  1.05801e+00  1.16798e+00  1.05746e+00  0.00000e+00
   9193.55  6764.0625  9.13387e-01  8.45255e-01  9.12978e-01  0.00000e+00
   9222.10  6764.6875  8.50621e-01  7.54227e-01  8.50532e-01  0.00000e+00
   9250.65  6765.3125  9.35677e-01  9.60729e-01  9.35636e-01  0.00000e+00
   9279.20  6765.9375  9.91422e-01  1.09122e+00  9.91241e-01  0.00000e+00
   9307.75  6766.5625  9.68652e-01  8.55596e-01  9.68589e-01  0.00000e+00
   9336.30  6767.1875  1.00371e+00  1.05508e+00  1.00366e+00  0.00000e+00
   9364.85  6767.8125  1.03244e+00  1.04020e+00  1.03240e+00  0.00000e+00
   9393.40  6768.4375  1.04338e+00  1.00452e+00  1.04351e+00  0.00000e+00
   9421.95  6769.0625  1.03789e+00  1.14530e+00  1.03804e+00  0.00000e+00
   9450.51  6769.6875  9.79445e-01  8.69654e-01  9.79398e-01  0.00000e+00
   9479.06  6770.3125  1.00481e+00  9.98923e-01  1.00471e+00  0.00000e+00
   9507.61  6770.9375  1.05404e+00  1.13048e+00  1.05418e+00  0.00000e+00
   9536.16  6771.5625  9.97797e-01  1.01707e+00  9.97883e-01  0.00000e+00
   9564.71  6772.1875  8.87238e-01  8.58445e-01  8.87134e-01  0.00000e+00
   9593.26  6772.8125  8.14818e-01  7.96589e-01  8.14756e-01  0.00000e+00
   9621.81  6773.4375  8.34857e-01  7.49613e-01  8.34963e-01  0.00000e+00
   9650.36  6774.0625  9.57454e-01  9.87571e-01  9.57687e-01  0.00000e+00
   9678.91  6774.6875  1.00657e+00  1.15343e+00  1.00657e+00  0.00000e+00
   9707.47  6775.3125  9.14911e-01  8.00490e-01  9.14644e-01  0.00000e+00
   9736.02  6775.9375  9.05492e-01  8.68282e-01  9.05264e-01  0.00000e+00
   9764.57  6776.5625  9.64474e-01  1.04528e+00  9.64311e-01  0.00000e+00
   9793.12  6777.1875  9.95208e-01  9.05617e-01  9.95099e-01  0.00000e+00
   9821.67  6777.8125  1.06635e+00  1.11329e+00  1.06635e+00  0.00000e+00
   9850.22  6778.4375  1.07576e+00  1.15805e+00  1.07584e+00  0.00000e+00
   9878.77  6779.0625  9.48597e-01  9.60848e-01  9.48597e-01  0.00000e+00
   9907.32  6779.6875  8.62772e-01  6.78460e-01  8.62813e-01  0.00000e+00
   9935.87  6780.3125  9.70991e-01  1.04366e+00  9.70929e-01  0.00000e+00
   9964.42  6780.9375  1.11814e+00  1.06774e+00  1.11775e+00  0.00000e+00
   9992.98  6781.5625  1.17788e+00  1.37090e+00  1.17732e+00  0.00000e+00
  10021.53  6782.1875  1.03310e+00  1.00143e+00  1.03252e+00  0.00000e+00
  10050.08  6782.8125  9.20109e-01  7.39971e-01  9.19633e-01  0.00000e+00
  10078.63  6783.4375  9.80181e-01  1.11554e+00  9.79801e-01  0.00000e+00
  10107.18  6784.0625  1.00522e+00  9.47703e-01  1.00488e+00  0.00000e+00
  10135.73  6784.6875  1.02796e+00  1.03050e+00  1.02782e+00  0.00000e+00
  10164.28  6785.3125  1.05393e+00  1.09058e+00  1.05372e+00  0.00000e+00
  10192.83  6785.9375  1.01947e+00  1.04805e+00  1.01915e+00  0.00000e+00
  10221.38  6786.5625  1.00680e+00  8.59925e-01  1.00664e+00  0.00000e+00
  10249.93  6787.1875  1.06030e+00  1.25446e+00  1.06015e+00  0.00000e+00
  10278.49  6787.8125  1.04704e+00  8.63217e-01  1.04680e+00  0.00000e+00
  10307.04  6788.4375  1.03953e+00  1.25744e+00  1.03947e+00  0.00000e+00
  10335.59  6789.0625  9.47614e-01  7.77595e-01  9.47729e-01  0.00000e+00
  10364.14  6789.6875  9.30697e-01  9.77232e-01  9.30783e-01  0.00000e+00
  10392.69  6790.3125  9.83034e-01  9.21260e-01  9.83021e-01  0.00000e+00
  10421.24  6790.9375  1.05782e+00  1.11748e+00  1.05760e+00  0.00000e+00
  10449.79  6791.5625  1.05968e+00  1.10780e+00  1.05944e+00  0.00000e+00
  10478.34  6792.1875  9.74851e-01  9.59292e-01  9.74798e-01  0.00000e+00
  10506.89  6792.8125  9.15550e-01  8.52530e-01  9.15514e-01  0.00000e+00
  10535.45  6793.4375  9.12471e-01  9.75874e-01  9.12344e-01  0.00000e+00
  10564.00  6794.0625  9.08829e-01  8.32510e-01  9.08795e-01  0.00000e+00
  10592.55  6794.6875  9.50580e-01  9.83732e-01  9.50532e-01  0.00000e+00
  10621.10  6795.3125  9.85060e-01  9.90225e-01  9.84863e-01  0.00000e+00
  10649.65  6795.9375  9.36651e-01  1.04514e+00  9.36622e-01  0.00000e+00
  10678.20  6796.5625  8.68082e-01  6.48797e-01  8.67926e-01  0.00000e+00
  10706.75  6797.1875  9.57581e-01  1.07572e+00  9.57113e-01  0.00000e+00
  10735.30  6797.8125  1.06167e+00  9.82255e-01  1.06113e+00  0.00000e+00
  10763.85  6798.4375  1.11317e+00  1.27459e+00  1.11267e+00  0.00000e+00
  10792.40  6799.0625  1.06136e+00  9.47352e-01  1.06091e+00  0.00000e+00
  10820.96  6799.6875  1.05095e+00  1.07754e+00  1.05065e+00  0.00000e+00
  10849.51  6800.3125  1.07360e+00  1.06336e+00  1.07339e+00  0.00000e+00
  10878.06  6800.9375  1.06891e+00  1.11509e+00  1.06872e+00  0.00000e+00
  10906.61  6801.5625  9.99644e-01  1.01935e+00  9.99556e-01  0.00000e+00
  10935.16  6802.1875  9.43753e-01  8.27722e-01  9.43565e-01  0.00000e+00
  10963.71  6802.8125  9.72822e-01  1.06744e+00  9.72501e-01  0.00000e+00
  10992.26  6803.4375  9.64419e-01  9.33841e-01  9.64079e-01  0.00000e+00
  11020.81  6804.0625  9.55506e-01  9.38465e-01  9.55352e-01  0.00000e+00
  11049.36  6804.6875  1.01658e+00  9.60189e-01  1.01667e+00  0.00000e+00
  11077.91  6805.3125  1.11773e+00  1.19126e+00  1.11802e+00  0.00000e+00
  11106.47  6805.9375  1.12692e+00  1.18225e+00  1.12721e+00  0.00000e+00
  11135.02  6806.5625  1.10432e+00  9.56608e-01  1.10446e+00  0.00000e+00
  11163.57  6807.1875  1.15571e+00  1.30059e+00  1.15578e+00  0.00000e+00
  11192.12  6807.8125  1.12207e+00  1.09278e+00  1.12238e+00  0.00000e+00
  11220.67  6808.4375  1.08638e+00  1.01274e+00  1.08680e+00  0.00000e+00
  11249.22  6809.0625  1.11427e+00  1.19642e+00  1.11447e+00  0.00000e+00
  11277.77  6809.6875  1.11646e+00  1.04935e+00  1.11647e+00  0.00000e+00
  11306.32  6810.3125  1.11255e+00  1.19448e+00  1.11237e+00  0.00000e+00
  11334.87  6810.9375  1.06947e+00  1.01782e+00  1.06915e+00  0.00000e+00
  11363.43  6811.5625  1.06223e+00  1.03621e+00  1.06182e+00  0.00000e+00
  11391.98  6812.1875  1.08551e+00  1.13672e+00  1.08533e+00  0.00000e+00
  11420.53  6812.8125  1.03170e+00  1.07890e+00  1.03179e+00  0.00000e+00
  11449.08  6813.4375  9.36380e-01  8.57382e-01  9.36404e-01  0.00000e+00
  11477.63  6814.0625  9.75451e-01  8.67518e-01  9.75609e-01  0.00000e+00
  11506.18  6814.6875  1.09088e+00  1.28121e+00  1.09123e+00  0.00000e+00
  11534.73  6815.3125  1.04447e+00  1.00536e+00  1.04476e+00  0.00000e+00
  11563.28  6815.9375  9.52049e-01  9.34124e-01  9.52256e-01  0.00000e+00
  11591.83  6816.5625  9.57506e-01  8.63206e-01  9.57686e-01  0.00000e+00
  11620.38  6817.1875  1.07340e+00  1.10823e+00  1.07347e+00  0.00000e+00
  11648.94  6817.8125  1.08721e+00  1.28572e+00  1.08721e+00  0.00000e+00
  11677.49  6818.4375  9.45378e-01  7.29577e-01  9.45424e-01  0.00000e+00
  11706.04  6819.0625  9.11874e-01  1.01243e+00  9.11877e-01  0.00000e+00
  11734.59  6819.6875  9.23400e-01  8.31294e-01  9.23359e-01  0.00000e+00
  11763.14  6820.3125  9.78017e-01  1.01950e+00  9.78069e-01  0.00000e+00
  11791.69  6820.9375  1.01157e+00  1.04251e+00  1.01172e+00  0.00000e+00
  11820.24  6821.5625  1.00535e+00  9.70614e-01  1.00554e+00  0.00000e+00
  11848.79  6822.1875  1.06048e+00  9.95354e-01  1.06043e+00  0.00000e+00
  11877.34  6822.8125  1.14152e+00  1.27401e+00  1.14119e+00  0.00000e+00
  11905.89  6823.4375  1.07579e+00  1.09674e+00  1.07549e+00  0.00000e+00
  11934.45  6824.0625  9.44874e-01  8.78098e-01  9.44735e-01  0.00000e+00
  11963.00  6824.6875  8.94866e-01  8.77848e-01  8.94734e-01  0.00000e+00
  11991.55  6825.3125  8.91514e-01  9.26013e-01  8.91178e-01  0.00000e+00
  12020.10  6825.9375  9.31734e-01  7.96221e-01  9.31407e-01  0.00000e+00
  12048.65  6826.5625  1.04159e+00  1.19500e+00  1.04140e+00  0.00000e+00
  12077.20  6827.1875  1.06348e+00  9.98364e-01  1.06319e+00  0.00000e+00
  12105.75  6827.8125  1.02191e+00  1.13039e+00  1.02147e+00  0.00000e+00
  12134.30  6828.4375  9.47428e-01  8.20099e-01  9.47150e-01  0.00000e+00
  12162.85  6829.0625  9.78493e-01  9.74533e-01  9.78423e-01  0.00000e+00
  12191.40  6829.6875  1.03192e+00  1.13136e+00  1.03204e+00  0.00000e+00
  12219.96  6830.3125  1.02081e+00  9.12074e-01  1.02103e+00  0.00000e+00
  12248.51  6830.9375  1.01915e+00  1.15004e+00  1.01931e+00  0.00000e+00
  12277.06  6831.5625  9.83027e-01  8.53943e-01  9.83166e-01  0.00000e+00
  12305.61  6832.1875  1.02015e+00  1.05339e+00  1.02026e+00  0.00000e+00
  12334.16  6832.8125  1.03325e+00  1.12632e+00  1.03325e+00  0.00000e+00
  12362.71  6833.4375  9.61130e-01  8.70256e-01  9.60913e-01  0.00000e+00
  12391.26  6834.0625  9.46748e-01  9.57894e-01  9.46518e-01  0.00000e+00
  12419.81  6834.6875  9.85799e-01  9.56712e-01  9.85870e-01  0.00000e+00
  12448.36  6835.3125  1.03576e+00  1.07966e+00  1.03593e+00  0.00000e+00
  12476.92  6835.9375  1.07822e+00  1.01483e+00  1.07823e+00  0.00000e+00
  12505.47  6836.5625  1.10705e+00  1.23459e+00  1.10703e+00  0.00000e+00
  12534.02  6837.1875  1.08324e+00  9.43540e-01  1.08329e+00  0.00000e+00
  12562.57  6837.8125  1.09492e+00  1.22122e+00  1.09480e+00  0.00000e+00
  12591.12  6838.4375  1.03949e+00  1.00813e+00  1.03928e+00  0.00000e+00
  12619.67  6839.0625  9.83417e-01  9.29678e-01  9.83403e-01  0.00000e+00
  12648.22  6839.6875  9.68312e-01  1.05466e+00  9.68329e-01  0.00000e+00
  12676.77  6840.3125  9.90743e-01  7.85559e-01  9.90575e-01  0.00000e+00
  12705.32  6840.9375  1.12929e+00  1.30481e+00  1.12890e+00  0.00000e+00
  12733.87  6841.5625  1.14284e+00  1.16140e+00  1.14256e+00  0.00000e+00
  12762.43  6842.1875  1.02373e+00  1.04507e+00  1.02362e+00  0.00000e+00
  12790.98  6842.8125  9.43949e-01  8.00292e-01  9.44038e-01  0.00000e+00
  12819.53  6843.4375  1.00411e+00  1.06643e+00  1.00413e+00  0.00000e+00
  12848.08  6844.0625  1.05785e+00  1.07899e+00  1.05797e+00  0.00000e+00
  12876.63  6844.6875  1.10104e+00  1.01170e+00  1.10142e+00  0.00000e+00
  12905.18  6845.3125  1.18693e+00  1.29007e+00  1.18720e+00  0.00000e+00
  12933.73  6845.9375  1.20188e+00  1.17386e+00  1.20192e+00  0.00000e+00
  12962.28  6846.5625  1.13188e+00  1.24325e+00  1.13195e+00  0.00000e+00
  12990.83  6847.1875  1.01358e+00  8.66324e-01  1.01369e+00  0.00000e+00
  13019.38  6847.8125  9.85460e-01  1.05592e+00  9.85586e-01  0.00000e+00
  13047.94  6848.4375  9.96777e-01  9.14463e-01  9.97035e-01  0.00000e+00
  13076.49  6849.0625  1.03851e+00  1.10613e+00  1.03873e+00  0.00000e+00
  13105.04  6849.6875  1.03005e+00  1.04587e+00  1.02989e+00  0.00000e+00
  13133.59  6850.3125  1.00954e+00  9.33605e-01  1.00943e+00  0.00000e+00
  13162.14  6850.9375  1.08792e+00  1.06322e+00  1.08792e+00  0.00000e+00
  13190.69  6851.5625  1.15411e+00  1.31286e+00  1.15401e+00  0.00000e+00
  13219.24  6852.1875  1.11500e+00  9.58905e-01  1.11486e+00  0.00000e+00
  13247.79  6852.8125  1.08957e+00  1.25687e+00  1.08937e+00  0.00000e+00
  13276.34  6853.4375  9.85017e-01  8.99920e-01  9.85090e-01  0.00000e+00
  13304.90  6854.0625  9.49173e-01  8.60710e-01  9.49366e-01  0.00000e+00
  13333.45  6854.6875  1.03811e+00  1.10755e+00  1.03796e+00  0.00000e+00
  13362.00  6855.3125  1.14165e+00  1.05477e+00  1.14123e+00  0.00000e+00
  13390.55  6855.9375  1.26836e+00  1.34847e+00  1.26816e+00  0.00000e+00
  13419.10  6856.5625  1.25674e+00  1.39599e+00  1.25675e+00  0.00000e+00
  13447.65  6857.1875  1.06776e+00  9.79297e-01  1.06772e+00  0.00000e+00
  13476.20  6857.8125  9.23721e-01  9.03747e-01  9.23676e-01  0.00000e+00
  13504.75  6858.4375  8.88287e-01  8.30752e-01  8.88271e-01  0.00000e+00
  13533.30  6859.0625  9.05498e-01  9.74024e-01  9.05379e-01  0.00000e+00
  13561.85  6859.6875  9.00829e-01  8.39895e-01  9.00591e-01  0.00000e+00
  13590.41  6860.3125  8.88871e-01  9.70996e-01  8.88669e-01  0.00000e+00
  13618.96  6860.9375  8.23759e-01  7.90451e-01  8.23608e-01  0.00000e+00
  13647.51  6861.5625  7.86060e-01  7.35525e-01  7.85918e-01  0.00000e+00
  13676.06  6862.1875  8.41319e-01  8.33848e-01  8.41431e-01  0.00000e+00
  13704.61  6862.8125  9.89899e-01  8.94220e-01  9.90118e-01  0.00000e+00
  13733.16  6863.4375  1.14897e+00  1.35346e+00  1.14890e+00  0.00000e+00
  13761.71  6864.0625  1.11230e+00  1.08411e+00  1.11204e+00  0.00000e+00
  13790.26  6864.6875  1.03001e+00  9.68572e-01  1.02974e+00  0.00000e+00
  13818.81  6865.3125  1.04472e+00  1.03372e+00  1.04466e+00  0.00000e+00
  13847.36  6865.9375  1.07643e+00  1.13738e+00  1.07648e+00  0.00000e+00
  13875.92  6866.5625  1.04532e+00  1.02751e+00  1.04529e+00  0.00000e+00
  13904.47  6867.1875  9.90066e-01  1.01148e+00  9.89994e-01  0.00000e+00
  13933.02  6867.8125  9.52564e-01  8.92785e-01  9.52358e-01  0.00000e+00
  13961.57  6868.4375  1.00420e+00  9.67332e-01  1.00379e+00  0.00000e+00
  13990.12  6869.0625  1.12110e+00  1.14943e+00  1.12074e+00  0.00000e+00
  14018.67  6869.6875  1.18022e+00  1.25254e+00  1.18007e+00  0.00000e+00
  14047.22  6870.3125  1.12105e+00  1.13196e+00  1.12090e+00  0.00000e+00
  14075.77  6870.9375  1.02480e+00  9.90185e-01  1.02450e+00  0.00000e+00
  14104.32  6871.5625  9.85571e-01  9.49152e-01  9.85319e-01  0.00000e+00
  14132.88  6872.1875  9.78353e-01  1.04562e+00  9.78123e-01  0.00000e+00
  14161.43  6872.8125  9.61778e-01  8.62647e-01  9.61638e-01  0.00000e+00
  14189.98  6873.4375  9.83720e-01  1.07375e+00  9.83767e-01  0.00000e+00
  14218.53  6874.0625  9.62353e-01  9.37448e-01  9.62346e-01  0.00000e+00
  14247.08  6874.6875  9.84358e-01  8.75217e-01  9.84174e-01  0.00000e+00
  14275.63  6875.3125  1.07777e+00  1.22321e+00  1.07747e+00  0.00000e+00
  14304.18  6875.9375  1.08369e+00  1.02015e+00  1.08355e+00  0.00000e+00
  14332.73  6876.5625  1.09903e+00  1.07855e+00  1.09909e+00  0.00000e+00
  14361.28  6877.1875  1.11281e+00  1.21206e+00  1.11287e+00  0.00000e+00
  14389.83  6877.8125  9.79378e-01  1.03804e+00  9.79396e-01  0.00000e+00
  14418.39  6878.4375  8.23905e-01  6.34349e-01  8.23910e-01  0.00000e+00
  14446.94  6879.0625  8.94964e-01  8.70292e-01  8.94932e-01  0.00000e+00
  14475.49  6879.6875  1.05772e+00  1.14441e+00  1.05777e+00  0.00000e+00
  14504.04  6880.3125  1.09078e+00  1.15040e+00  1.09092e+00  0.00000e+00
  14532.59  6880.9375  1.00933e+00  9.79301e-01  1.00927e+00  0.00000e+00
  14561.14  6881.5625  9.19501e-01  9.40457e-01  9.19210e-01  0.00000e+00
  14589.69  6882.1875  8.74098e-01  7.78455e-01  8.73879e-01  0.00000e+00
  14618.24  6882.8125  9.10326e-01  9.71131e-01  9.10316e-01  0.00000e+00
  14646.79  6883.4375  9.66329e-01  8.92248e-01  9.66397e-01  0.00000e+00
  14675.34  6884.0625  1.05990e+00  1.10302e+00  1.05991e+00  0.00000e+00
  14703.90  6884.6875  1.11394e+00  1.15584e+00  1.11397e+00  0.00000e+00
  14732.45  6885.3125  1.09369e+00  1.07944e+00  1.09391e+00  0.00000e+00
  14761.00  6885.9375  1.01691e+00  1.10763e+00  1.01708e+00  0.00000e+00
  14789.55  6886.5625  9.37618e-01  7.46850e-01  9.37722e-01  0.00000e+00
  14818.10  6887.1875  9.71242e-01  1.11431e+00  9.71362e-01  0.00000e+00
  14846.65  6887.8125  9.27459e-01  9.32426e-01  9.27461e-01  0.00000e+00
  14875.20  6888.4375  8.73027e-01  7.50520e-01  8.72887e-01  0.00000e+00
  14903.75  6889.0625  9.98810e-01  9.47382e-01  9.98771e-01  0.00000e+00
  14932.30  6889.6875  1.15131e+00  1.34699e+00  1.15153e+00  0.00000e+00
  14960.86  6890.3125  1.12230e+00  1.05008e+00  1.12251e+00  0.00000e+00
  14989.41  6890.9375  1.08525e+00  1.06336e+00  1.08545e+00  0.00000e+00
  15017.96  6891.5625  1.10339e+00  1.11889e+00  1.10357e+00  0.00000e+00
  15046.51  6892.1875  1.08221e+00  1.14214e+00  1.08230e+00  0.00000e+00
  15075.06  6892.8125  1.00034e+00  9.51492e-01  1.00026e+00  0.00000e+00
  15103.61  6893.4375  9.30108e-01  9.65167e-01  9.29994e-01  0.00000e+00
  15132.16  6894.0625  9.19653e-01  7.84282e-01  9.19518e-01  0.00000e+00
  15160.71  6894.6875  1.00362e+00  1.11048e+00  1.00344e+00  0.00000e+00
  15189.26  6895.3125  9.98180e-01  1.04927e+00  9.98227e-01  0.00000e+00
  15217.81  6895.9375  9.26337e-01  8.23120e-01  9.26455e-01  0.00000e+00
  15246.37  6896.5625  9.47961e-01  9.62726e-01  9.48018e-01  0.00000e+00
  15274.92  6897.1875  9.99357e-01  1.01848e+00  9.99481e-01  0.00000e+00
  15303.47  6897.8125  1.01621e+00  1.02165e+00  1.01626e+00  0.00000e+00
  15332.02  6898.4375  1.01175e+00  1.01580e+00  1.01177e+00  0.00000e+00
  15360.57  6899.0625  1.00773e+00  9.88861e-01  1.00772e+00  0.00000e+00
  15389.12  6899.6875  9.95500e-01  1.04748e+00  9.95371e-01  0.00000e+00
  15417.67  6900.3125  9.36811e-01  9.16339e-01  9.36604e-01  0.00000e+00
  15446.22  6900.9375  8.70025e-01  8.85272e-01  8.69852e-01  0.00000e+00
  15474.77  6901.5625  8.74182e-01  7.35062e-01  8.73932e-01  0.00000e+00
  15503.32  6902.1875  9.82550e-01  1.10218e+00  9.82334e-01  0.00000e+00
  15531.88  6902.8125  1.01150e+00  1.02077e+00  1.01147e+00  0.00000e+00
  15560.43  6903.4375  9.94421e-01  9.34946e-01  9.94531e-01  0.00000e+00
  15588.98  6904.0625  1.01700e+00  1.06766e+00  1.01726e+00  0.00000e+00
  15617.53  6904.6875  1.02000e+00  9.98130e-01  1.02032e+00  0.00000e+00
  15646.08  6905.3125  9.98482e-01  1.03944e+00  9.98767e-01  0.00000e+00
  15674.63  6905.9375  9.35178e-01  9.34157e-01  9.35419e-01  0.00000e+00
  15703.18  6906.5625  8.68646e-01  8.40141e-01  8.68760e-01  0.00000e+00
  15731.73  6907.1875  8.70868e-01  8.12712e-01  8.70877e-01  0.00000e+00
  15760.28  6907.8125  9.02681e-01  1.01530e+00  9.02605e-01  0.00000e+00
  15788.84  6908.4375  8.71381e-01  7.85189e-01  8.71396e-01  0.00000e+00
  15817.39  6909.0625  8.70604e-01  9.04574e-01  8.70919e-01  0.00000e+00
  15845.94  6909.6875  9.12368e-01  8.40658e-01  9.12846e-01  0.00000e+00
  15874.49  6910.3125  9.59856e-01  1.08360e+00  9.60151e-01  0.00000e+00
  15903.04  6910.9375  9.35980e-01  8.52047e-01  9.35948e-01  0.00000e+00
  15931.59  6911.5625  9.60557e-01  9.42838e-01  9.60168e-01  0.00000e+00
  15960.14  6912.1875  1.02591e+00  1.07587e+00  1.02543e+00  0.00000e+00
  15988.69  6912.8125  1.05275e+00  1.03036e+00  1.05255e+00  0.00000e+00
  16017.24  6913.4375  1.08391e+00  1.06826e+00  1.08404e+00  0.00000e+00
  16045.79  6914.0625  1.06526e+00  1.21128e+00  1.06535e+00  0.00000e+00
  16074.35  6914.6875  9.68569e-01  7.88836e-01  9.68572e-01  0.00000e+00
  16102.90  6915.3125  9.75911e-01  1.05430e+00  9.75952e-01  0.00000e+00
  16131.45  6915.9375  9.86106e-01  9.85520e-01  9.86190e-01  0.00000e+00
  16160.00  6916.5625  9.98801e-01  9.20730e-01  9.98753e-01  0.00000e+00
  16188.55  6917.1875  1.03899e+00  1.16488e+00  1.03871e+00  0.00000e+00
  16217.10  6917.8125  1.00263e+00  9.31248e-01  1.00231e+00  0.00000e+00
  16245.65  6918.4375  9.94756e-01  9.80223e-01  9.94582e-01  0.00000e+00
  16274.20  6919.0625  1.02029e+00  1.06721e+00  1.02029e+00  0.00000e+00
  16302.75  6919.6875  1.05049e+00  9.52636e-01  1.05057e+00  0.00000e+00
  16331.30  6920.3125  1.11788e+00  1.22573e+00  1.11806e+00  0.00000e+00
  16359.86  6920.9375  1.09677e+00  1.09637e+00  1.09690e+00  0.00000e+00
  16388.41  6921.5625  9.81967e-01  1.04724e+00  9.82131e-01  0.00000e+00
  16416.96  6922.1875  9.11837e-01  6.83868e-01  9.11985e-01  0.00000e+00
  16445.51  6922.8125  1.04091e+00  1.14362e+00  1.04082e+00  0.00000e+00
  16474.06  6923.4375  1.10793e+00  1.21163e+00  1.10768e+00  0.00000e+00
  16502.61  6924.0625  1.01335e+00  9.59845e-01  1.01306e+00  0.00000e+00
  16531.16  6924.6875  9.18361e-01  9.33648e-01  9.18013e-01  0.00000e+00
  16559.71  6925.3125  8.97247e-01  7.80141e-01  8.97055e-01  0.00000e+00
  16588.26  6925.9375  9.30892e-01  1.10183e+00  9.31011e-01  0.00000e+00
  16616.81  6926.5625  9.63988e-01  6.89494e-01  9.64385e-01  0.00000e+00
  16645.37  6927.1875  1.09563e+00  1.37823e+00  1.09606e+00  0.00000e+00
  16673.92  6927.8125  1.07026e+00  9.67584e-01  1.07066e+00  0.00000e+00
  16702.47  6928.4375  9.70974e-01  1.05454e+00  9.71368e-01  0.00000e+00
  16731.02  6929.0625  8.55959e-01  7.89260e-01  8.56213e-01  0.00000e+00
  16759.57  6929.6875  8.28938e-01  7.48566e-01  8.29053e-01  0.00000e+00
  16788.12  6930.3125  8.99012e-01  9.85131e-01  8.99061e-01  0.00000e+00
  16816.67  6930.9375  9.75460e-01  8.48615e-01  9.75408e-01  0.00000e+00
  16845.22  6931.5625  1.05233e+00  1.25436e+00  1.05212e+00  0.00000e+00
  16873.77  6932.1875  9.99740e-01  8.90614e-01  9.99564e-01  0.00000e+00
  16902.33  6932.8125  9.74797e-01  9.74510e-01  9.74852e-01  0.00000e+00
  16930.88  6933.4375  1.01702e+00  1.00881e+00  1.01734e+00  0.00000e+00
  16959.43  6934.0625  1.10533e+00  1.04424e+00  1.10551e+00  0.00000e+00
  16987.98  6934.6875  1.17009e+00  1.35481e+00  1.16993e+00  0.00000e+00
  17016.53  6935.3125  1.07255e+00  9.98238e-01  1.07221e+00  0.00000e+00
  17045.08  6935.9375  9.97062e-01  9.41549e-01  9.96866e-01  0.00000e+00
  17073.63  6936.5625  1.01460e+00  1.04267e+00  1.01465e+00  0.00000e+00
  17102.18  6937.1875  9.88994e-01  1.06944e+00  9.89046e-01  0.00000e+00
  17130.73  6937.8125  9.51272e-01  7.58635e-01  9.51306e-01  0.00000e+00
  17159.28  6938.4375  1.01563e+00  1.19692e+00  1.01571e+00  0.00000e+00
  17187.84  6939.0625  1.03521e+00  8.93811e-01  1.03530e+00  0.00000e+00
  17216.39  6939.6875  1.08273e+00  1.17552e+00  1.08273e+00  0.00000e+00
  17244.94  6940.3125  1.07825e+00  1.09723e+00  1.07837e+00  0.00000e+00
  17273.49  6940.9375  1.05838e+00  9.49059e-01  1.05853e+00  0.00000e+00
  17302.04  6941.5625  1.08027e+00  1.23196e+00  1.08021e+00  0.00000e+00
  17330.59  6942.1875  1.01935e+00  9.32570e-01  1.01917e+00  0.00000e+00
  17359.14  6942.8125  1.00176e+00  9.72314e-01  1.00147e+00  0.00000e+00
  17387.69  6943.4375  1.03951e+00  1.09420e+00  1.03922e+00  0.00000e+00
  17416.24  6944.0625  1.04947e+00  1.00397e+00  1.04937e+00  0.00000e+00
  17444.79  6944.6875  1.03075e+00  1.12969e+00  1.03076e+00  0.00000e+00
  17473.35  6945.3125  9.62473e-01  8.68007e-01  9.62356e-01  0.00000e+00
  17501.90  6945.9375  9.50697e-01  9.69205e-01  9.50560e-01  0.00000e+00
  17530.45  6946.5625  9.77313e-01  9.67857e-01  9.77335e-01  0.00000e+00
  17559.00  6947.1875  1.05115e+00  9.66543e-01  1.05128e+00  0.00000e+00
  17587.55  6947.8125  1.09151e+00  1.35097e+00  1.09170e+00  0.00000e+00
  17616.10  6948.4375  9.50950e-01  7.62661e-01  9.51022e-01  0.00000e+00
  17644.65  6949.0625  8.96786e-01  9.13141e-01  8.96679e-01  0.00000e+00
  17673.20  6949.6875  9.20242e-01  9.30131e-01  9.20045e-01  0.00000e+00
