# day140  epoch=140.0d  L_Halpha=6.274e+38 erg/s  smooth_kms=25.0
# Columns:
#   1: Δv [km/s]      velocity offset from Hα (6562.81 Å), positive = redshift
#   2: lambda [Å]     observed wavelength
#   3: F_norm         total flux, smoothed, normalized to F_cont_baseline
#   4: F_norm_raw     total flux, RAW MC (no velocity smoothing)
#   5: F_cont_smooth  continuum-channel flux (continuum photons only)
#   6: F_vol_smooth   volumetric-channel flux (line emission contribution)
# Format: F_norm ≈ F_cont_smooth + F_vol_smooth (within MC noise)
# ----------------------------------------------------------------------------------------
 -16559.48  6200.3125  1.00000e+00  1.00000e+00  2.59244e-03  0.00000e+00
 -16530.93  6200.9375  1.00000e+00  1.00000e+00  2.58072e-03  0.00000e+00
 -16502.38  6201.5625  1.00000e+00  1.00000e+00  2.81267e-03  0.00000e+00
 -16473.83  6202.1875  1.00000e+00  1.00000e+00  2.98827e-03  0.00000e+00
 -16445.28  6202.8125  1.00000e+00  1.00000e+00  2.96088e-03  0.00000e+00
 -16416.73  6203.4375  1.00000e+00  1.00000e+00  3.06432e-03  0.00000e+00
 -16388.18  6204.0625  1.00000e+00  1.00000e+00  3.25521e-03  0.00000e+00
 -16359.63  6204.6875  1.00000e+00  1.00000e+00  3.13359e-03  0.00000e+00
 -16331.08  6205.3125  1.00000e+00  1.00000e+00  2.83563e-03  0.00000e+00
 -16302.53  6205.9375  1.00000e+00  1.00000e+00  2.66639e-03  0.00000e+00
 -16273.97  6206.5625  1.00000e+00  1.00000e+00  2.55762e-03  0.00000e+00
 -16245.42  6207.1875  1.00000e+00  1.00000e+00  2.43681e-03  0.00000e+00
 -16216.87  6207.8125  1.00000e+00  1.00000e+00  2.66201e-03  0.00000e+00
 -16188.32  6208.4375  1.00000e+00  1.00000e+00  2.97242e-03  0.00000e+00
 -16159.77  6209.0625  1.00000e+00  1.00000e+00  3.09898e-03  0.00000e+00
 -16131.22  6209.6875  1.00000e+00  1.00000e+00  2.99257e-03  0.00000e+00
 -16102.67  6210.3125  1.00000e+00  1.00000e+00  3.09320e-03  0.00000e+00
 -16074.12  6210.9375  1.00000e+00  1.00000e+00  3.24258e-03  0.00000e+00
 -16045.57  6211.5625  1.00000e+00  1.00000e+00  3.20969e-03  0.00000e+00
 -16017.01  6212.1875  1.00000e+00  1.00000e+00  3.15134e-03  0.00000e+00
 -15988.46  6212.8125  1.00000e+00  1.00000e+00  2.99260e-03  0.00000e+00
 -15959.91  6213.4375  1.00000e+00  1.00000e+00  2.93578e-03  0.00000e+00
 -15931.36  6214.0625  1.00000e+00  1.00000e+00  2.85415e-03  0.00000e+00
 -15902.81  6214.6875  1.00000e+00  1.00000e+00  2.86939e-03  0.00000e+00
 -15874.26  6215.3125  1.00000e+00  1.00000e+00  2.84673e-03  0.00000e+00
 -15845.71  6215.9375  1.00000e+00  1.00000e+00  2.76610e-03  0.00000e+00
 -15817.16  6216.5625  1.00000e+00  1.00000e+00  2.74797e-03  0.00000e+00
 -15788.61  6217.1875  1.00000e+00  1.00000e+00  2.58815e-03  0.00000e+00
 -15760.06  6217.8125  1.00000e+00  1.00000e+00  2.41560e-03  0.00000e+00
 -15731.50  6218.4375  1.00000e+00  1.00000e+00  2.55264e-03  0.00000e+00
 -15702.95  6219.0625  1.00000e+00  1.00000e+00  2.99191e-03  0.00000e+00
 -15674.40  6219.6875  1.00000e+00  1.00000e+00  3.07784e-03  0.00000e+00
 -15645.85  6220.3125  1.00000e+00  1.00000e+00  2.98224e-03  0.00000e+00
 -15617.30  6220.9375  1.00000e+00  1.00000e+00  2.93174e-03  0.00000e+00
 -15588.75  6221.5625  1.00000e+00  1.00000e+00  2.63445e-03  0.00000e+00
 -15560.20  6222.1875  1.00000e+00  1.00000e+00  2.64412e-03  0.00000e+00
 -15531.65  6222.8125  1.00000e+00  1.00000e+00  2.88642e-03  0.00000e+00
 -15503.10  6223.4375  1.00000e+00  1.00000e+00  3.04552e-03  0.00000e+00
 -15474.55  6224.0625  1.00000e+00  1.00000e+00  2.73102e-03  0.00000e+00
 -15445.99  6224.6875  1.00000e+00  1.00000e+00  2.55406e-03  0.00000e+00
 -15417.44  6225.3125  1.00000e+00  1.00000e+00  2.75147e-03  0.00000e+00
 -15388.89  6225.9375  1.00000e+00  1.00000e+00  2.91560e-03  0.00000e+00
 -15360.34  6226.5625  1.00000e+00  1.00000e+00  2.80698e-03  0.00000e+00
 -15331.79  6227.1875  1.00000e+00  1.00000e+00  2.66347e-03  0.00000e+00
 -15303.24  6227.8125  1.00000e+00  1.00000e+00  2.67272e-03  0.00000e+00
 -15274.69  6228.4375  1.00000e+00  1.00000e+00  2.79429e-03  0.00000e+00
 -15246.14  6229.0625  1.00000e+00  1.00000e+00  2.85867e-03  0.00000e+00
 -15217.59  6229.6875  1.00000e+00  1.00000e+00  2.93199e-03  0.00000e+00
 -15189.03  6230.3125  1.00000e+00  1.00000e+00  2.95657e-03  0.00000e+00
 -15160.48  6230.9375  1.00000e+00  1.00000e+00  3.02381e-03  0.00000e+00
 -15131.93  6231.5625  1.00000e+00  1.00000e+00  2.83668e-03  0.00000e+00
 -15103.38  6232.1875  1.00000e+00  1.00000e+00  2.94591e-03  0.00000e+00
 -15074.83  6232.8125  1.00000e+00  1.00000e+00  3.07311e-03  0.00000e+00
 -15046.28  6233.4375  1.00000e+00  1.00000e+00  2.90243e-03  0.00000e+00
 -15017.73  6234.0625  1.00000e+00  1.00000e+00  2.75760e-03  0.00000e+00
 -14989.18  6234.6875  1.00000e+00  1.00000e+00  2.76644e-03  0.00000e+00
 -14960.63  6235.3125  1.00000e+00  1.00000e+00  2.96160e-03  0.00000e+00
 -14932.08  6235.9375  1.00000e+00  1.00000e+00  3.01560e-03  0.00000e+00
 -14903.52  6236.5625  1.00000e+00  1.00000e+00  2.89296e-03  0.00000e+00
 -14874.97  6237.1875  1.00000e+00  1.00000e+00  2.84963e-03  0.00000e+00
 -14846.42  6237.8125  1.00000e+00  1.00000e+00  2.90800e-03  0.00000e+00
 -14817.87  6238.4375  1.00000e+00  1.00000e+00  3.09563e-03  0.00000e+00
 -14789.32  6239.0625  1.00000e+00  1.00000e+00  3.08156e-03  0.00000e+00
 -14760.77  6239.6875  1.00000e+00  1.00000e+00  3.01504e-03  0.00000e+00
 -14732.22  6240.3125  1.00000e+00  1.00000e+00  2.81081e-03  0.00000e+00
 -14703.67  6240.9375  1.00000e+00  1.00000e+00  2.67308e-03  0.00000e+00
 -14675.12  6241.5625  1.00000e+00  1.00000e+00  2.77654e-03  0.00000e+00
 -14646.57  6242.1875  1.00000e+00  1.00000e+00  2.83199e-03  0.00000e+00
 -14618.01  6242.8125  1.00000e+00  1.00000e+00  2.79607e-03  0.00000e+00
 -14589.46  6243.4375  1.00000e+00  1.00000e+00  2.74578e-03  0.00000e+00
 -14560.91  6244.0625  1.00000e+00  1.00000e+00  2.85551e-03  0.00000e+00
 -14532.36  6244.6875  1.00000e+00  1.00000e+00  3.02421e-03  0.00000e+00
 -14503.81  6245.3125  1.00000e+00  1.00000e+00  3.34608e-03  0.00000e+00
 -14475.26  6245.9375  1.00000e+00  1.00000e+00  3.52509e-03  0.00000e+00
 -14446.71  6246.5625  1.00000e+00  1.00000e+00  3.21462e-03  0.00000e+00
 -14418.16  6247.1875  1.00000e+00  1.00000e+00  2.70612e-03  0.00000e+00
 -14389.61  6247.8125  1.00000e+00  1.00000e+00  2.67086e-03  0.00000e+00
 -14361.06  6248.4375  1.00000e+00  1.00000e+00  3.01120e-03  0.00000e+00
 -14332.50  6249.0625  1.00000e+00  1.00000e+00  3.22176e-03  0.00000e+00
 -14303.95  6249.6875  1.00000e+00  1.00000e+00  3.10898e-03  0.00000e+00
 -14275.40  6250.3125  1.00000e+00  1.00000e+00  2.79361e-03  0.00000e+00
 -14246.85  6250.9375  1.00000e+00  1.00000e+00  2.73200e-03  0.00000e+00
 -14218.30  6251.5625  1.00000e+00  1.00000e+00  2.94580e-03  0.00000e+00
 -14189.75  6252.1875  1.00000e+00  1.00000e+00  3.07439e-03  0.00000e+00
 -14161.20  6252.8125  1.00000e+00  1.00000e+00  2.97474e-03  0.00000e+00
 -14132.65  6253.4375  1.00000e+00  1.00000e+00  3.08670e-03  0.00000e+00
 -14104.10  6254.0625  1.00000e+00  1.00000e+00  3.15106e-03  0.00000e+00
 -14075.54  6254.6875  1.00000e+00  1.00000e+00  3.01130e-03  0.00000e+00
 -14046.99  6255.3125  1.00000e+00  1.00000e+00  2.80056e-03  0.00000e+00
 -14018.44  6255.9375  1.00000e+00  1.00000e+00  2.51336e-03  0.00000e+00
 -13989.89  6256.5625  1.00000e+00  1.00000e+00  2.21374e-03  0.00000e+00
 -13961.34  6257.1875  1.00000e+00  1.00000e+00  2.16532e-03  0.00000e+00
 -13932.79  6257.8125  1.00000e+00  1.00000e+00  2.34952e-03  0.00000e+00
 -13904.24  6258.4375  1.00000e+00  1.00000e+00  2.48076e-03  0.00000e+00
 -13875.69  6259.0625  1.00000e+00  1.00000e+00  2.60910e-03  0.00000e+00
 -13847.14  6259.6875  1.00000e+00  1.00000e+00  2.60374e-03  0.00000e+00
 -13818.59  6260.3125  1.00000e+00  1.00000e+00  2.68959e-03  0.00000e+00
 -13790.03  6260.9375  1.00000e+00  1.00000e+00  3.03760e-03  0.00000e+00
 -13761.48  6261.5625  1.00000e+00  1.00000e+00  3.31197e-03  0.00000e+00
 -13732.93  6262.1875  1.00000e+00  1.00000e+00  3.31165e-03  0.00000e+00
 -13704.38  6262.8125  1.00000e+00  1.00000e+00  3.05582e-03  0.00000e+00
 -13675.83  6263.4375  1.00000e+00  1.00000e+00  3.15784e-03  0.00000e+00
 -13647.28  6264.0625  1.00000e+00  1.00000e+00  3.41331e-03  0.00000e+00
 -13618.73  6264.6875  1.00000e+00  1.00000e+00  3.38552e-03  0.00000e+00
 -13590.18  6265.3125  1.00000e+00  1.00000e+00  2.99158e-03  0.00000e+00
 -13561.63  6265.9375  1.00000e+00  1.00000e+00  2.60091e-03  0.00000e+00
 -13533.08  6266.5625  1.00000e+00  1.00000e+00  2.60896e-03  0.00000e+00
 -13504.52  6267.1875  1.00000e+00  1.00000e+00  2.69490e-03  0.00000e+00
 -13475.97  6267.8125  1.00000e+00  1.00000e+00  2.72854e-03  0.00000e+00
 -13447.42  6268.4375  1.00000e+00  1.00000e+00  2.87562e-03  0.00000e+00
 -13418.87  6269.0625  1.00000e+00  1.00000e+00  2.91354e-03  0.00000e+00
 -13390.32  6269.6875  1.00000e+00  1.00000e+00  2.92535e-03  0.00000e+00
 -13361.77  6270.3125  1.00000e+00  1.00000e+00  2.93784e-03  0.00000e+00
 -13333.22  6270.9375  1.00000e+00  1.00000e+00  2.74277e-03  0.00000e+00
 -13304.67  6271.5625  1.00000e+00  1.00000e+00  2.75750e-03  0.00000e+00
 -13276.12  6272.1875  1.00000e+00  1.00000e+00  2.94682e-03  0.00000e+00
 -13247.56  6272.8125  1.00000e+00  1.00000e+00  2.95975e-03  0.00000e+00
 -13219.01  6273.4375  1.00000e+00  1.00000e+00  2.85681e-03  0.00000e+00
 -13190.46  6274.0625  1.00000e+00  1.00000e+00  2.77567e-03  0.00000e+00
 -13161.91  6274.6875  1.00000e+00  1.00000e+00  2.80389e-03  0.00000e+00
 -13133.36  6275.3125  1.00000e+00  1.00000e+00  2.91729e-03  0.00000e+00
 -13104.81  6275.9375  1.00000e+00  1.00000e+00  2.94348e-03  0.00000e+00
 -13076.26  6276.5625  1.00000e+00  1.00000e+00  2.86920e-03  0.00000e+00
 -13047.71  6277.1875  1.00000e+00  1.00000e+00  2.62970e-03  0.00000e+00
 -13019.16  6277.8125  1.00000e+00  1.00000e+00  2.57380e-03  0.00000e+00
 -12990.61  6278.4375  1.00000e+00  1.00000e+00  2.76146e-03  0.00000e+00
 -12962.05  6279.0625  1.00000e+00  1.00000e+00  3.08719e-03  0.00000e+00
 -12933.50  6279.6875  1.00000e+00  1.00000e+00  3.37760e-03  0.00000e+00
 -12904.95  6280.3125  1.00000e+00  1.00000e+00  3.56892e-03  0.00000e+00
 -12876.40  6280.9375  1.00000e+00  1.00000e+00  3.49636e-03  0.00000e+00
 -12847.85  6281.5625  1.00000e+00  1.00000e+00  3.18573e-03  0.00000e+00
 -12819.30  6282.1875  1.00000e+00  1.00000e+00  3.14856e-03  0.00000e+00
 -12790.75  6282.8125  1.00000e+00  1.00000e+00  3.09569e-03  0.00000e+00
 -12762.20  6283.4375  1.00000e+00  1.00000e+00  3.01690e-03  0.00000e+00
 -12733.65  6284.0625  1.00000e+00  1.00000e+00  2.84267e-03  0.00000e+00
 -12705.10  6284.6875  1.00000e+00  1.00000e+00  2.81313e-03  0.00000e+00
 -12676.54  6285.3125  1.00000e+00  1.00000e+00  3.13318e-03  0.00000e+00
 -12647.99  6285.9375  1.00000e+00  1.00000e+00  3.33111e-03  0.00000e+00
 -12619.44  6286.5625  1.00000e+00  1.00000e+00  3.18730e-03  0.00000e+00
 -12590.89  6287.1875  1.00000e+00  1.00000e+00  2.90171e-03  0.00000e+00
 -12562.34  6287.8125  1.00000e+00  1.00000e+00  2.61431e-03  0.00000e+00
 -12533.79  6288.4375  1.00000e+00  1.00000e+00  2.62310e-03  0.00000e+00
 -12505.24  6289.0625  1.00000e+00  1.00000e+00  3.03350e-03  0.00000e+00
 -12476.69  6289.6875  1.00000e+00  1.00000e+00  3.51309e-03  0.00000e+00
 -12448.14  6290.3125  1.00000e+00  1.00000e+00  3.42499e-03  0.00000e+00
 -12419.58  6290.9375  1.00000e+00  1.00000e+00  2.99980e-03  4.36686e-07
 -12391.03  6291.5625  1.00000e+00  1.00000e+00  2.91628e-03  4.19451e-05
 -12362.48  6292.1875  1.00000e+00  1.00000e+00  3.23127e-03  1.09336e-03
 -12333.93  6292.8125  1.00000e+00  1.00000e+00  2.96335e-03  7.73411e-03
 -12305.38  6293.4375  1.00000e+00  1.00000e+00  2.54928e-03  1.48466e-02
 -12276.83  6294.0625  1.00000e+00  1.00000e+00  2.46055e-03  7.73411e-03
 -12248.28  6294.6875  1.00000e+00  1.00000e+00  2.40340e-03  1.09336e-03
 -12219.73  6295.3125  1.00000e+00  1.00000e+00  2.59679e-03  4.19451e-05
 -12191.18  6295.9375  1.00000e+00  1.00000e+00  2.89686e-03  4.36686e-07
 -12162.63  6296.5625  1.00000e+00  1.00000e+00  3.10000e-03  0.00000e+00
 -12134.07  6297.1875  1.00000e+00  1.00000e+00  2.94646e-03  0.00000e+00
 -12105.52  6297.8125  1.00000e+00  1.00000e+00  2.91409e-03  0.00000e+00
 -12076.97  6298.4375  1.00000e+00  1.00000e+00  3.08349e-03  0.00000e+00
 -12048.42  6299.0625  1.00000e+00  1.00000e+00  3.20465e-03  0.00000e+00
 -12019.87  6299.6875  1.00000e+00  1.00000e+00  3.00134e-03  0.00000e+00
 -11991.32  6300.3125  1.00000e+00  1.00000e+00  2.80550e-03  0.00000e+00
 -11962.77  6300.9375  1.00000e+00  1.00000e+00  2.80327e-03  0.00000e+00
 -11934.22  6301.5625  1.00000e+00  1.00000e+00  2.54695e-03  0.00000e+00
 -11905.67  6302.1875  1.00000e+00  1.00000e+00  2.48442e-03  0.00000e+00
 -11877.12  6302.8125  1.00000e+00  1.00000e+00  2.61469e-03  0.00000e+00
 -11848.56  6303.4375  9.99999e-01  9.99999e-01  2.63274e-03  0.00000e+00
 -11820.01  6304.0625  9.99999e-01  9.99999e-01  2.63619e-03  0.00000e+00
 -11791.46  6304.6875  9.99999e-01  9.99999e-01  2.83460e-03  4.35036e-07
 -11762.91  6305.3125  9.99999e-01  9.99999e-01  2.94598e-03  4.17867e-05
 -11734.36  6305.9375  9.99999e-01  9.99999e-01  3.03880e-03  1.08923e-03
 -11705.81  6306.5625  9.99999e-01  9.99999e-01  3.15949e-03  7.70490e-03
 -11677.26  6307.1875  9.99999e-01  9.99999e-01  3.02242e-03  1.47905e-02
 -11648.71  6307.8125  9.99999e-01  9.99999e-01  2.71490e-03  7.70577e-03
 -11620.16  6308.4375  9.99999e-01  9.99999e-01  2.53207e-03  1.17273e-03
 -11591.60  6309.0625  9.99999e-01  9.99999e-01  2.43624e-03  2.21837e-03
 -11563.05  6309.6875  9.99998e-01  9.99998e-01  2.52266e-03  1.53970e-02
 -11534.50  6310.3125  9.99998e-01  9.99998e-01  2.75882e-03  2.95560e-02
 -11505.95  6310.9375  9.99998e-01  9.99998e-01  2.98544e-03  1.54400e-02
 -11477.40  6311.5625  9.99998e-01  9.99998e-01  2.79331e-03  3.43142e-03
 -11448.85  6312.1875  9.99998e-01  9.99998e-01  2.73381e-03  1.21681e-02
 -11420.30  6312.8125  9.99998e-01  9.99998e-01  3.13641e-03  4.66651e-02
 -11391.75  6313.4375  9.99998e-01  9.99998e-01  3.44453e-03  7.56149e-02
 -11363.20  6314.0625  9.99998e-01  9.99998e-01  3.45864e-03  5.65218e-02
 -11334.65  6314.6875  9.99998e-01  9.99998e-01  3.49220e-03  4.33460e-02
 -11306.09  6315.3125  9.99998e-01  9.99998e-01  3.16026e-03  4.72744e-02
 -11277.54  6315.9375  9.99998e-01  9.99998e-01  2.87768e-03  4.01165e-02
 -11248.99  6316.5625  9.99997e-01  9.99997e-01  2.67350e-03  3.45527e-02
 -11220.44  6317.1875  9.99997e-01  9.99997e-01  2.54026e-03  4.00577e-02
 -11191.89  6317.8125  9.99997e-01  9.99997e-01  2.60792e-03  4.60731e-02
 -11163.34  6318.4375  9.99997e-01  9.99997e-01  2.66926e-03  3.34517e-02
 -11134.79  6319.0625  9.99997e-01  9.99997e-01  2.72857e-03  2.63798e-02
 -11106.24  6319.6875  9.99997e-01  9.99997e-01  2.65064e-03  3.94125e-02
 -11077.69  6320.3125  9.99997e-01  9.99997e-01  2.52681e-03  3.78135e-02
 -11049.14  6320.9375  9.99997e-01  9.99997e-01  2.69372e-03  2.45844e-02
 -11020.58  6321.5625  9.99997e-01  9.99997e-01  2.83544e-03  8.88755e-03
 -10992.03  6322.1875  9.99997e-01  9.99997e-01  2.73309e-03  2.33728e-03
 -10963.48  6322.8125  9.99996e-01  9.99996e-01  2.76252e-03  1.10072e-02
 -10934.93  6323.4375  9.99996e-01  9.99996e-01  2.91237e-03  3.88183e-02
 -10906.38  6324.0625  9.99996e-01  9.99996e-01  3.04110e-03  5.95071e-02
 -10877.83  6324.6875  9.99996e-01  9.99996e-01  2.92789e-03  3.88133e-02
 -10849.28  6325.3125  9.99996e-01  9.99996e-01  2.74173e-03  1.09626e-02
 -10820.73  6325.9375  9.99996e-01  9.99996e-01  2.73852e-03  1.21056e-03
 -10792.18  6326.5625  9.99996e-01  9.99996e-01  2.89807e-03  1.68390e-04
 -10763.62  6327.1875  9.99996e-01  9.99996e-01  2.88391e-03  3.33280e-03
 -10735.07  6327.8125  9.99996e-01  9.99996e-01  2.68250e-03  2.51895e-02
 -10706.52  6328.4375  9.99996e-01  9.99996e-01  2.63672e-03  6.06004e-02
 -10677.97  6329.0625  9.99995e-01  9.99995e-01  2.77265e-03  6.22519e-02
 -10649.42  6329.6875  9.99995e-01  9.99995e-01  2.87269e-03  4.97047e-02
 -10620.87  6330.3125  9.99995e-01  9.99995e-01  2.95980e-03  4.80813e-02
 -10592.32  6330.9375  9.99995e-01  9.99995e-01  2.89332e-03  3.88299e-02
 -10563.77  6331.5625  9.99995e-01  9.99995e-01  2.85630e-03  2.45561e-02
 -10535.22  6332.1875  9.99995e-01  9.99995e-01  3.06798e-03  8.86217e-03
 -10506.67  6332.8125  9.99995e-01  9.99995e-01  3.14581e-03  2.28913e-03
 -10478.11  6333.4375  9.99995e-01  9.99995e-01  3.11732e-03  9.89507e-03
 -10449.56  6334.0625  9.99995e-01  9.99995e-01  3.13173e-03  3.11017e-02
 -10421.01  6334.6875  9.99995e-01  9.99995e-01  3.08215e-03  4.57797e-02
 -10392.46  6335.3125  9.99995e-01  9.99995e-01  3.18119e-03  3.98642e-02
 -10363.91  6335.9375  9.99994e-01  9.99994e-01  3.26261e-03  3.44138e-02
 -10335.36  6336.5625  9.99994e-01  9.99994e-01  3.08213e-03  4.09697e-02
 -10306.81  6337.1875  9.99994e-01  9.99994e-01  3.04355e-03  5.44713e-02
 -10278.26  6337.8125  9.99994e-01  9.99994e-01  3.11277e-03  5.33857e-02
 -10249.71  6338.4375  9.99994e-01  9.99994e-01  3.20001e-03  3.22755e-02
 -10221.16  6339.0625  9.99994e-01  9.99994e-01  2.95682e-03  1.31232e-02
 -10192.60  6339.6875  9.99994e-01  9.99994e-01  2.68314e-03  2.41551e-02
 -10164.05  6340.3125  9.99994e-01  9.99994e-01  2.75214e-03  4.61763e-02
 -10135.50  6340.9375  9.99994e-01  9.99994e-01  2.99179e-03  3.81762e-02
 -10106.95  6341.5625  9.99994e-01  9.99994e-01  2.91267e-03  3.25464e-02
 -10078.40  6342.1875  9.99994e-01  9.99994e-01  2.83880e-03  1.54329e-02
 -10049.85  6342.8125  9.99994e-01  9.99994e-01  3.06882e-03  3.23846e-03
 -10021.30  6343.4375  9.99994e-01  9.99994e-01  3.40161e-03  7.75400e-03
  -9992.75  6344.0625  9.99994e-01  9.99994e-01  3.57178e-03  1.58474e-02
  -9964.20  6344.6875  9.99994e-01  9.99994e-01  3.36307e-03  1.85296e-02
  -9935.65  6345.3125  9.99994e-01  9.99994e-01  2.97425e-03  3.96695e-02
  -9907.09  6345.9375  9.99994e-01  9.99994e-01  2.75633e-03  5.92009e-02
  -9878.54  6346.5625  9.99994e-01  9.99994e-01  2.46157e-03  3.85883e-02
  -9849.99  6347.1875  9.99994e-01  9.99994e-01  2.45879e-03  1.10233e-02
  -9821.44  6347.8125  9.99994e-01  9.99994e-01  2.93274e-03  4.51627e-03
  -9792.89  6348.4375  9.99994e-01  9.99994e-01  3.07123e-03  2.50929e-02
  -9764.34  6349.0625  9.99994e-01  9.99994e-01  3.13823e-03  6.01855e-02
  -9735.79  6349.6875  9.99994e-01  9.99994e-01  3.12294e-03  5.97576e-02
  -9707.24  6350.3125  9.99994e-01  9.99994e-01  2.99890e-03  3.42448e-02
  -9678.69  6350.9375  9.99994e-01  9.99994e-01  2.90948e-03  1.97430e-02
  -9650.13  6351.5625  9.99994e-01  9.99994e-01  2.85043e-03  3.32766e-02
  -9621.58  6352.1875  9.99994e-01  9.99994e-01  2.84959e-03  5.54532e-02
  -9593.03  6352.8125  9.99994e-01  9.99994e-01  2.84318e-03  7.15774e-02
  -9564.48  6353.4375  9.99993e-01  9.99993e-01  2.96441e-03  8.41458e-02
  -9535.93  6354.0625  9.99993e-01  9.99993e-01  3.12219e-03  7.10707e-02
  -9507.38  6354.6875  9.99992e-01  9.99992e-01  2.89657e-03  4.24223e-02
  -9478.83  6355.3125  9.99991e-01  9.99991e-01  2.79489e-03  4.01574e-02
  -9450.28  6355.9375  9.99990e-01  9.99990e-01  2.88751e-03  3.00171e-02
  -9421.73  6356.5625  9.99989e-01  9.99989e-01  2.55802e-03  1.19058e-02
  -9393.18  6357.1875  9.99987e-01  9.99987e-01  2.42071e-03  1.64014e-02
  -9364.62  6357.8125  9.99986e-01  9.99986e-01  2.56990e-03  3.03803e-02
  -9336.07  6358.4375  9.99985e-01  9.99985e-01  2.92480e-03  2.49485e-02
  -9307.52  6359.0625  9.99984e-01  9.99984e-01  2.87899e-03  3.19294e-02
  -9278.97  6359.6875  9.99983e-01  9.99983e-01  2.79204e-03  3.68900e-02
  -9250.42  6360.3125  9.99981e-01  9.99981e-01  3.22812e-03  1.74686e-02
  -9221.87  6360.9375  9.99980e-01  9.99980e-01  3.31833e-03  1.32502e-02
  -9193.32  6361.5625  9.99979e-01  9.99979e-01  2.86563e-03  4.39569e-02
  -9164.77  6362.1875  9.99978e-01  9.99978e-01  2.65517e-03  9.90488e-02
  -9136.22  6362.8125  9.99977e-01  9.99977e-01  2.48298e-03  1.27573e-01
  -9107.67  6363.4375  9.99976e-01  9.99976e-01  2.33971e-03  8.66892e-02
  -9079.11  6364.0625  9.99974e-01  9.99974e-01  2.48308e-03  4.61644e-02
  -9050.56  6364.6875  9.99973e-01  9.99973e-01  2.88660e-03  4.29762e-02
  -9022.01  6365.3125  9.99972e-01  9.99972e-01  3.05441e-03  6.16945e-02
  -8993.46  6365.9375  9.99971e-01  9.99971e-01  2.89740e-03  6.75492e-02
  -8964.91  6366.5625  9.99970e-01  9.99970e-01  2.66591e-03  3.95800e-02
  -8936.36  6367.1875  9.99970e-01  9.99969e-01  2.73476e-03  1.30669e-02
  -8907.81  6367.8125  9.99969e-01  9.99969e-01  2.86748e-03  1.74292e-02
  -8879.26  6368.4375  9.99969e-01  9.99969e-01  2.95721e-03  3.69270e-02
  -8850.71  6369.0625  9.99969e-01  9.99969e-01  3.17237e-03  3.51037e-02
  -8822.15  6369.6875  9.99968e-01  9.99968e-01  3.29434e-03  4.86730e-02
  -8793.60  6370.3125  9.99968e-01  9.99968e-01  2.92812e-03  8.15267e-02
  -8765.05  6370.9375  9.99968e-01  9.99968e-01  2.80719e-03  5.47278e-02
  -8736.50  6371.5625  9.99968e-01  9.99968e-01  2.93505e-03  3.14087e-02
  -8707.95  6372.1875  9.99967e-01  9.99967e-01  2.82598e-03  5.62720e-02
  -8679.40  6372.8125  9.99967e-01  9.99967e-01  2.85249e-03  8.15394e-02
  -8650.85  6373.4375  9.99966e-01  9.99966e-01  3.14513e-03  6.95588e-02
  -8622.30  6374.0625  9.99965e-01  9.99965e-01  3.19967e-03  3.46410e-02
  -8593.75  6374.6875  9.99965e-01  9.99965e-01  2.86958e-03  2.55923e-02
  -8565.20  6375.3125  9.99964e-01  9.99964e-01  2.83397e-03  2.66173e-02
  -8536.64  6375.9375  9.99963e-01  9.99963e-01  2.84344e-03  4.22221e-02
  -8508.09  6376.5625  9.99962e-01  9.99962e-01  2.71225e-03  8.50835e-02
  -8479.54  6377.1875  9.99961e-01  9.99961e-01  2.55653e-03  9.66559e-02
  -8450.99  6377.8125  9.99960e-01  9.99960e-01  2.51949e-03  7.39201e-02
  -8422.44  6378.4375  9.99958e-01  9.99958e-01  2.69439e-03  5.41560e-02
  -8393.89  6379.0625  9.99955e-01  9.99957e-01  2.57209e-03  8.69080e-02
  -8365.34  6379.6875  9.99951e-01  9.99951e-01  2.27897e-03  1.13697e-01
  -8336.79  6380.3125  9.99945e-01  9.99945e-01  2.56390e-03  9.38610e-02
  -8308.24  6380.9375  9.99939e-01  9.99939e-01  2.88603e-03  7.48869e-02
  -8279.69  6381.5625  9.99933e-01  9.99933e-01  2.87816e-03  6.34799e-02
  -8251.13  6382.1875  9.99927e-01  9.99927e-01  2.63513e-03  6.82934e-02
  -8222.58  6382.8125  9.99921e-01  9.99921e-01  2.62685e-03  8.37292e-02
  -8194.03  6383.4375  9.99914e-01  9.99914e-01  2.65683e-03  9.99333e-02
  -8165.48  6384.0625  9.99908e-01  9.99908e-01  2.68046e-03  6.26547e-02
  -8136.93  6384.6875  9.99901e-01  9.99901e-01  2.70682e-03  4.29731e-02
  -8108.38  6385.3125  9.99894e-01  9.99894e-01  2.77287e-03  3.00338e-02
  -8079.83  6385.9375  9.99887e-01  9.99887e-01  3.00165e-03  1.50989e-02
  -8051.28  6386.5625  9.99879e-01  9.99879e-01  3.08323e-03  4.12406e-02
  -8022.73  6387.1875  9.99872e-01  9.99872e-01  2.98483e-03  9.41177e-02
  -7994.17  6387.8125  9.99864e-01  9.99864e-01  3.08721e-03  1.17279e-01
  -7965.62  6388.4375  9.99857e-01  9.99857e-01  3.13842e-03  1.46271e-01
  -7937.07  6389.0625  9.99849e-01  9.99849e-01  2.99808e-03  1.34037e-01
  -7908.52  6389.6875  9.99842e-01  9.99842e-01  2.85649e-03  1.08252e-01
  -7879.97  6390.3125  9.99834e-01  9.99834e-01  2.85265e-03  1.33424e-01
  -7851.42  6390.9375  9.99825e-01  9.99825e-01  3.03896e-03  1.31463e-01
  -7822.87  6391.5625  9.99814e-01  9.99814e-01  3.34391e-03  1.16650e-01
  -7794.32  6392.1875  9.99803e-01  9.99803e-01  3.39487e-03  1.34482e-01
  -7765.77  6392.8125  9.99792e-01  9.99792e-01  3.09360e-03  1.52577e-01
  -7737.22  6393.4375  9.99781e-01  9.99781e-01  2.68665e-03  1.24667e-01
  -7708.66  6394.0625  9.99770e-01  9.99770e-01  2.62280e-03  8.27669e-02
  -7680.11  6394.6875  9.99759e-01  9.99759e-01  2.91789e-03  6.35625e-02
  -7651.56  6395.3125  9.99746e-01  9.99749e-01  3.14754e-03  4.74357e-02
  -7623.01  6395.9375  9.99729e-01  9.99730e-01  2.98759e-03  2.80628e-02
  -7594.46  6396.5625  9.99710e-01  9.99710e-01  2.90267e-03  4.13924e-02
  -7565.91  6397.1875  9.99690e-01  9.99690e-01  2.76245e-03  6.71213e-02
  -7537.36  6397.8125  9.99674e-01  9.99671e-01  2.67899e-03  6.22843e-02
  -7508.81  6398.4375  9.99683e-01  9.99651e-01  2.64546e-03  5.10257e-02
  -7480.26  6399.0625  9.99735e-01  9.99734e-01  2.84292e-03  6.34468e-02
  -7451.71  6399.6875  9.99795e-01  9.99819e-01  2.99435e-03  7.77899e-02
  -7423.15  6400.3125  9.99824e-01  9.99826e-01  3.05247e-03  7.82988e-02
  -7394.60  6400.9375  9.99832e-01  9.99835e-01  3.10038e-03  7.76826e-02
  -7366.05  6401.5625  9.99834e-01  9.99836e-01  3.12347e-03  6.12457e-02
  -7337.50  6402.1875  9.99830e-01  9.99830e-01  3.02647e-03  3.49708e-02
  -7308.95  6402.8125  9.99822e-01  9.99823e-01  2.93122e-03  2.80522e-02
  -7280.40  6403.4375  9.99814e-01  9.99814e-01  3.17933e-03  5.48011e-02
  -7251.85  6404.0625  9.99803e-01  9.99804e-01  3.12308e-03  7.77426e-02
  -7223.30  6404.6875  9.99789e-01  9.99791e-01  2.93766e-03  8.77639e-02
  -7194.75  6405.3125  9.99772e-01  9.99771e-01  2.95051e-03  1.06125e-01
  -7166.19  6405.9375  9.99755e-01  9.99755e-01  2.82310e-03  9.42037e-02
  -7137.64  6406.5625  9.99737e-01  9.99739e-01  2.78639e-03  6.55556e-02
  -7109.09  6407.1875  9.99717e-01  9.99716e-01  2.97439e-03  7.28770e-02
  -7080.54  6407.8125  9.99697e-01  9.99696e-01  2.96479e-03  7.14551e-02
  -7051.99  6408.4375  9.99677e-01  9.99679e-01  2.80114e-03  8.82196e-02
  -7023.44  6409.0625  9.99653e-01  9.99657e-01  2.84882e-03  1.06108e-01
  -6994.89  6409.6875  9.99620e-01  9.99622e-01  2.75110e-03  9.58137e-02
  -6966.34  6410.3125  9.99583e-01  9.99583e-01  2.65221e-03  8.99209e-02
  -6937.79  6410.9375  9.99542e-01  9.99543e-01  2.77242e-03  1.07198e-01
  -6909.24  6411.5625  9.99498e-01  9.99502e-01  3.13378e-03  1.03764e-01
  -6880.68  6412.1875  9.99447e-01  9.99453e-01  3.02049e-03  9.69930e-02
  -6852.13  6412.8125  9.99402e-01  9.99371e-01  2.78033e-03  1.24960e-01
  -6823.58  6413.4375  9.99363e-01  9.99414e-01  2.88164e-03  1.20521e-01
  -6795.03  6414.0625  9.99280e-01  9.99272e-01  3.07889e-03  9.83215e-02
  -6766.48  6414.6875  9.99182e-01  9.99174e-01  2.93700e-03  8.30884e-02
  -6737.93  6415.3125  9.99081e-01  9.99110e-01  2.73487e-03  1.09025e-01
  -6709.38  6415.9375  9.98952e-01  9.98944e-01  2.66408e-03  1.21467e-01
  -6680.83  6416.5625  9.98821e-01  9.98814e-01  2.73766e-03  1.00396e-01
  -6652.28  6417.1875  9.98702e-01  9.98701e-01  2.69339e-03  1.18320e-01
  -6623.73  6417.8125  9.98587e-01  9.98591e-01  2.75615e-03  1.47844e-01
  -6595.17  6418.4375  9.98475e-01  9.98462e-01  2.55765e-03  1.40965e-01
  -6566.62  6419.0625  9.98365e-01  9.98383e-01  2.47808e-03  1.57954e-01
  -6538.07  6419.6875  9.98199e-01  9.98255e-01  2.67301e-03  1.54619e-01
  -6509.52  6420.3125  9.97859e-01  9.98001e-01  2.90738e-03  1.49786e-01
  -6480.97  6420.9375  9.97270e-01  9.97313e-01  2.96846e-03  1.40433e-01
  -6452.42  6421.5625  9.96531e-01  9.96540e-01  2.87733e-03  1.19299e-01
  -6423.87  6422.1875  9.95745e-01  9.95752e-01  2.69732e-03  1.18198e-01
  -6395.32  6422.8125  9.94939e-01  9.94947e-01  2.54875e-03  1.53064e-01
  -6366.77  6423.4375  9.94113e-01  9.94120e-01  2.61330e-03  1.93125e-01
  -6338.21  6424.0625  9.93270e-01  9.93277e-01  2.61419e-03  1.70636e-01
  -6309.66  6424.6875  9.92409e-01  9.92416e-01  2.38781e-03  1.78495e-01
  -6281.11  6425.3125  9.91530e-01  9.91538e-01  2.21436e-03  1.83356e-01
  -6252.56  6425.9375  9.90619e-01  9.90642e-01  2.40864e-03  1.87274e-01
  -6224.01  6426.5625  9.89584e-01  9.89728e-01  2.86777e-03  1.63021e-01
  -6195.46  6427.1875  9.88326e-01  9.88355e-01  2.96568e-03  1.88849e-01
  -6166.91  6427.8125  9.86938e-01  9.86945e-01  3.04038e-03  2.82170e-01
  -6138.36  6428.4375  9.85514e-01  9.85520e-01  3.17004e-03  3.14199e-01
  -6109.81  6429.0625  9.84073e-01  9.84079e-01  2.93347e-03  2.57779e-01
  -6081.26  6429.6875  9.82610e-01  9.82625e-01  2.61431e-03  1.88806e-01
  -6052.70  6430.3125  9.81059e-01  9.81157e-01  2.56532e-03  1.93031e-01
  -6024.15  6430.9375  9.79274e-01  9.79426e-01  2.68264e-03  2.29693e-01
  -5995.60  6431.5625  9.77216e-01  9.77235e-01  2.77303e-03  2.41068e-01
  -5967.05  6432.1875  9.75036e-01  9.75038e-01  2.77828e-03  2.49108e-01
  -5938.50  6432.8125  9.72837e-01  9.72838e-01  2.51082e-03  3.00352e-01
  -5909.95  6433.4375  9.70635e-01  9.70636e-01  2.47279e-03  3.39231e-01
  -5881.40  6434.0625  9.68430e-01  9.68432e-01  2.63878e-03  3.14975e-01
  -5852.85  6434.6875  9.66206e-01  9.66228e-01  2.86521e-03  3.00366e-01
  -5824.30  6435.3125  9.63938e-01  9.63957e-01  3.02491e-03  2.65173e-01
  -5795.75  6435.9375  9.61630e-01  9.61633e-01  2.76366e-03  2.75999e-01
  -5767.19  6436.5625  9.59303e-01  9.59305e-01  2.50823e-03  2.81651e-01
  -5738.64  6437.1875  9.56967e-01  9.56970e-01  2.50069e-03  3.14791e-01
  -5710.09  6437.8125  9.54649e-01  9.54623e-01  2.36204e-03  3.83138e-01
  -5681.54  6438.4375  9.52546e-01  9.52257e-01  2.16754e-03  4.08931e-01
  -5652.99  6439.0625  9.50979e-01  9.50760e-01  2.12912e-03  3.88354e-01
  -5624.44  6439.6875  9.49883e-01  9.49879e-01  2.44169e-03  3.50075e-01
  -5595.89  6440.3125  9.48911e-01  9.48943e-01  2.62203e-03  3.48057e-01
  -5567.34  6440.9375  9.47838e-01  9.47938e-01  2.44441e-03  3.33550e-01
  -5538.79  6441.5625  9.46511e-01  9.46676e-01  2.30473e-03  3.39750e-01
  -5510.24  6442.1875  9.44863e-01  9.44925e-01  2.25550e-03  3.83762e-01
  -5481.68  6442.8125  9.42927e-01  9.43059e-01  2.26943e-03  4.00079e-01
  -5453.13  6443.4375  9.40317e-01  9.41058e-01  2.40272e-03  3.81482e-01
  -5424.58  6444.0625  9.36519e-01  9.36707e-01  2.62060e-03  3.47358e-01
  -5396.03  6444.6875  9.31959e-01  9.32047e-01  2.67027e-03  2.78647e-01
  -5367.48  6445.3125  9.27039e-01  9.27208e-01  2.41111e-03  2.88983e-01
  -5338.93  6445.9375  9.21748e-01  9.21886e-01  2.06581e-03  3.75743e-01
  -5310.38  6446.5625  9.16020e-01  9.16216e-01  2.01583e-03  4.79723e-01
  -5281.83  6447.1875  9.09324e-01  9.10305e-01  2.09591e-03  4.89040e-01
  -5253.28  6447.8125  9.00755e-01  9.01472e-01  2.10104e-03  3.62374e-01
  -5224.72  6448.4375  8.90476e-01  8.90690e-01  2.15708e-03  3.45606e-01
  -5196.17  6449.0625  8.78965e-01  8.79687e-01  2.26856e-03  4.35777e-01
  -5167.62  6449.6875  8.65518e-01  8.66861e-01  2.19195e-03  4.57132e-01
  -5139.07  6450.3125  8.49724e-01  8.49905e-01  2.06316e-03  4.60721e-01
  -5110.52  6450.9375  8.32778e-01  8.32872e-01  2.15110e-03  4.79218e-01
  -5081.97  6451.5625  8.15201e-01  8.15755e-01  2.05774e-03  5.04807e-01
  -5053.42  6452.1875  7.96476e-01  7.97047e-01  1.66492e-03  5.53066e-01
  -5024.87  6452.8125  7.76625e-01  7.76665e-01  1.37733e-03  5.91511e-01
  -4996.32  6453.4375  7.56293e-01  7.56358e-01  1.19630e-03  6.21611e-01
  -4967.77  6454.0625  7.35291e-01  7.36142e-01  1.04949e-03  6.91950e-01
  -4939.21  6454.6875  7.12643e-01  7.13421e-01  9.72298e-04  7.48014e-01
  -4910.66  6455.3125  6.88452e-01  6.88411e-01  9.36511e-04  6.93813e-01
  -4882.11  6455.9375  6.62826e-01  6.63896e-01  9.06834e-04  6.33380e-01
  -4853.56  6456.5625  6.28968e-01  6.39900e-01  1.01871e-03  5.96333e-01
  -4825.01  6457.1875  5.76805e-01  5.81996e-01  1.13346e-03  5.95459e-01
  -4796.46  6457.8125  5.12904e-01  5.10017e-01  1.14403e-03  5.81797e-01
  -4767.91  6458.4375  4.52072e-01  4.48073e-01  1.08208e-03  5.65748e-01
  -4739.36  6459.0625  4.03828e-01  3.94705e-01  8.89501e-04  6.47383e-01
  -4710.81  6459.6875  3.72327e-01  3.69007e-01  6.98136e-04  6.28269e-01
  -4682.26  6460.3125  3.51501e-01  3.50659e-01  6.18004e-04  5.46532e-01
  -4653.70  6460.9375  3.35708e-01  3.33183e-01  5.84617e-04  5.98704e-01
  -4625.15  6461.5625  3.25327e-01  3.22953e-01  5.12792e-04  7.37106e-01
  -4596.60  6462.1875  3.19391e-01  3.19600e-01  4.27218e-04  8.85433e-01
  -4568.05  6462.8125  3.11792e-01  3.16532e-01  4.60741e-04  9.04221e-01
  -4539.50  6463.4375  2.97083e-01  2.98131e-01  5.34357e-04  8.60901e-01
  -4510.95  6464.0625  2.76239e-01  2.79171e-01  5.16476e-04  9.20286e-01
  -4482.40  6464.6875  2.49508e-01  2.51550e-01  3.94607e-04  9.99286e-01
  -4453.85  6465.3125  2.19453e-01  2.17598e-01  3.24687e-04  9.99484e-01
  -4425.30  6465.9375  1.92110e-01  1.89599e-01  2.94505e-04  9.38784e-01
  -4396.74  6466.5625  1.70100e-01  1.68645e-01  3.05118e-04  9.13816e-01
  -4368.19  6467.1875  1.52249e-01  1.51250e-01  3.27378e-04  9.80170e-01
  -4339.64  6467.8125  1.37204e-01  1.36400e-01  3.86190e-04  1.03381e+00
  -4311.09  6468.4375  1.24394e-01  1.23573e-01  4.24872e-04  1.04847e+00
  -4282.54  6469.0625  1.13578e-01  1.12984e-01  4.06273e-04  9.56471e-01
  -4253.99  6469.6875  1.04514e-01  1.03839e-01  3.99029e-04  8.56604e-01
  -4225.44  6470.3125  9.73235e-02  9.63997e-02  3.74810e-04  9.18535e-01
  -4196.89  6470.9375  9.23340e-02  9.14754e-02  3.55189e-04  1.06377e+00
  -4168.34  6471.5625  8.95324e-02  8.88327e-02  3.53015e-04  1.16466e+00
  -4139.79  6472.1875  8.88664e-02  8.77719e-02  3.36397e-04  1.27256e+00
  -4111.23  6472.8125  8.98410e-02  9.02524e-02  3.25628e-04  1.21882e+00
  -4082.68  6473.4375  9.04829e-02  9.12041e-02  3.01541e-04  1.09451e+00
  -4054.13  6474.0625  8.94329e-02  9.03264e-02  2.91087e-04  1.11444e+00
  -4025.58  6474.6875  8.72622e-02  8.63847e-02  3.10670e-04  1.22530e+00
  -3997.03  6475.3125  8.55414e-02  8.57843e-02  3.96972e-04  1.24959e+00
  -3968.48  6475.9375  8.38354e-02  8.41219e-02  5.36425e-04  1.22017e+00
  -3939.93  6476.5625  8.18090e-02  8.15375e-02  4.80465e-04  1.18914e+00
  -3911.38  6477.1875  8.02560e-02  7.97883e-02  3.32379e-04  1.18325e+00
  -3882.83  6477.8125  7.97088e-02  7.93503e-02  3.14488e-04  1.12127e+00
  -3854.28  6478.4375  8.00943e-02  7.98389e-02  4.24455e-04  1.12444e+00
  -3825.72  6479.0625  8.11760e-02  8.09784e-02  4.71463e-04  1.19054e+00
  -3797.17  6479.6875  8.27605e-02  8.26429e-02  4.77932e-04  1.22543e+00
  -3768.62  6480.3125  8.46747e-02  8.46023e-02  4.24239e-04  1.26321e+00
  -3740.07  6480.9375  8.67914e-02  8.67455e-02  3.94667e-04  1.25076e+00
  -3711.52  6481.5625  8.90351e-02  8.90063e-02  4.73112e-04  1.24498e+00
  -3682.97  6482.1875  9.13675e-02  9.13357e-02  5.18741e-04  1.21667e+00
  -3654.42  6482.8125  9.37790e-02  9.37510e-02  4.04855e-04  1.21931e+00
  -3625.87  6483.4375  9.62632e-02  9.62393e-02  3.22362e-04  1.22662e+00
  -3597.32  6484.0625  9.88108e-02  9.87895e-02  3.06457e-04  1.25450e+00
  -3568.76  6484.6875  1.01413e-01  1.01396e-01  3.01951e-04  1.32516e+00
  -3540.21  6485.3125  1.04062e-01  1.04048e-01  3.76527e-04  1.41100e+00
  -3511.66  6485.9375  1.06752e-01  1.06736e-01  4.12550e-04  1.47507e+00
  -3483.11  6486.5625  1.09483e-01  1.09468e-01  3.84777e-04  1.59129e+00
  -3454.56  6487.1875  1.12252e-01  1.12240e-01  5.42121e-04  1.64448e+00
  -3426.01  6487.8125  1.15055e-01  1.15043e-01  6.93830e-04  1.54948e+00
  -3397.46  6488.4375  1.17888e-01  1.17876e-01  6.34795e-04  1.54213e+00
  -3368.91  6489.0625  1.20753e-01  1.20740e-01  5.86902e-04  1.67013e+00
  -3340.36  6489.6875  1.23650e-01  1.23638e-01  4.78747e-04  1.64670e+00
  -3311.81  6490.3125  1.26577e-01  1.26567e-01  4.61564e-04  1.50697e+00
  -3283.25  6490.9375  1.29534e-01  1.29522e-01  5.59183e-04  1.44072e+00
  -3254.70  6491.5625  1.32518e-01  1.32508e-01  6.31857e-04  1.57251e+00
  -3226.15  6492.1875  1.35531e-01  1.35521e-01  8.61283e-04  1.67746e+00
  -3197.60  6492.8125  1.38570e-01  1.38560e-01  8.29699e-04  1.60323e+00
  -3169.05  6493.4375  1.41637e-01  1.41626e-01  6.60606e-04  1.56514e+00
  -3140.50  6494.0625  1.44734e-01  1.44721e-01  6.25735e-04  1.60631e+00
  -3111.95  6494.6875  1.47860e-01  1.47850e-01  6.32291e-04  1.72734e+00
  -3083.40  6495.3125  1.51016e-01  1.51004e-01  6.90181e-04  1.89137e+00
  -3054.85  6495.9375  1.54201e-01  1.54190e-01  8.17648e-04  1.93544e+00
  -3026.30  6496.5625  1.57416e-01  1.57404e-01  9.11654e-04  1.86861e+00
  -2997.74  6497.1875  1.60662e-01  1.60650e-01  1.02184e-03  1.86081e+00
  -2969.19  6497.8125  1.63938e-01  1.63926e-01  1.03200e-03  1.94067e+00
  -2940.64  6498.4375  1.67246e-01  1.67233e-01  9.34167e-04  1.88084e+00
  -2912.09  6499.0625  1.70585e-01  1.70572e-01  8.26668e-04  1.76130e+00
  -2883.54  6499.6875  1.73958e-01  1.73944e-01  8.25351e-04  1.81701e+00
  -2854.99  6500.3125  1.77367e-01  1.77354e-01  9.56681e-04  1.90540e+00
  -2826.44  6500.9375  1.80812e-01  1.80799e-01  9.43074e-04  1.91165e+00
  -2797.89  6501.5625  1.84292e-01  1.84279e-01  7.92813e-04  1.95424e+00
  -2769.34  6502.1875  1.87806e-01  1.87793e-01  7.67564e-04  2.02500e+00
  -2740.78  6502.8125  1.91354e-01  1.91340e-01  8.60625e-04  2.09443e+00
  -2712.23  6503.4375  1.94938e-01  1.94922e-01  8.33724e-04  2.15642e+00
  -2683.68  6504.0625  1.98563e-01  1.98546e-01  7.51024e-04  2.08292e+00
  -2655.13  6504.6875  2.02229e-01  2.02214e-01  7.00084e-04  2.11815e+00
  -2626.58  6505.3125  2.05935e-01  2.05921e-01  6.27191e-04  2.21304e+00
  -2598.03  6505.9375  2.09679e-01  2.09664e-01  5.87970e-04  2.22673e+00
  -2569.48  6506.5625  2.13463e-01  2.13444e-01  6.90445e-04  2.03619e+00
  -2540.93  6507.1875  2.17293e-01  2.17277e-01  9.00935e-04  1.95602e+00
  -2512.38  6507.8125  2.21168e-01  2.21153e-01  9.95120e-04  2.17367e+00
  -2483.83  6508.4375  2.25084e-01  2.25066e-01  9.46438e-04  2.27762e+00
  -2455.27  6509.0625  2.29047e-01  2.29027e-01  9.70527e-04  2.45788e+00
  -2426.72  6509.6875  2.33058e-01  2.33040e-01  1.07358e-03  2.69071e+00
  -2398.17  6510.3125  2.37116e-01  2.37099e-01  1.35257e-03  2.78546e+00
  -2369.62  6510.9375  2.41220e-01  2.41198e-01  1.31863e-03  2.90450e+00
  -2341.07  6511.5625  2.45376e-01  2.45357e-01  1.05861e-03  3.07507e+00
  -2312.52  6512.1875  2.49583e-01  2.49564e-01  1.08563e-03  3.08179e+00
  -2283.97  6512.8125  2.53843e-01  2.53821e-01  1.20377e-03  3.19009e+00
  -2255.42  6513.4375  2.58158e-01  2.58138e-01  1.21537e-03  3.31850e+00
  -2226.87  6514.0625  2.62528e-01  2.62506e-01  1.15649e-03  3.27728e+00
  -2198.32  6514.6875  2.66954e-01  2.66932e-01  1.24981e-03  3.15141e+00
  -2169.76  6515.3125  2.71438e-01  2.71416e-01  1.18279e-03  3.17491e+00
  -2141.21  6515.9375  2.75982e-01  2.75955e-01  1.23783e-03  3.25733e+00
  -2112.66  6516.5625  2.80589e-01  2.80569e-01  1.58384e-03  3.37188e+00
  -2084.11  6517.1875  2.85258e-01  2.85230e-01  1.42387e-03  3.49116e+00
  -2055.56  6517.8125  2.89993e-01  2.89969e-01  1.23738e-03  3.60597e+00
  -2027.01  6518.4375  2.94794e-01  2.94768e-01  1.39260e-03  3.66322e+00
  -1998.46  6519.0625  2.99663e-01  2.99633e-01  1.39714e-03  3.69567e+00
  -1969.91  6519.6875  3.04604e-01  3.04581e-01  1.51190e-03  3.90671e+00
  -1941.36  6520.3125  3.09617e-01  3.09584e-01  1.72777e-03  4.09190e+00
  -1912.80  6520.9375  3.14706e-01  3.14679e-01  1.64113e-03  4.39293e+00
  -1884.25  6521.5625  3.19872e-01  3.19838e-01  1.49822e-03  4.57019e+00
  -1855.70  6522.1875  3.25117e-01  3.25088e-01  1.32799e-03  4.86412e+00
  -1827.15  6522.8125  3.30445e-01  3.30411e-01  1.29410e-03  5.05380e+00
  -1798.60  6523.4375  3.35858e-01  3.35825e-01  1.37047e-03  5.01227e+00
  -1770.05  6524.0625  3.41358e-01  3.41323e-01  1.39968e-03  5.29687e+00
  -1741.50  6524.6875  3.46949e-01  3.46912e-01  1.51193e-03  5.44704e+00
  -1712.95  6525.3125  3.52633e-01  3.52597e-01  1.50075e-03  5.75542e+00
  -1684.40  6525.9375  3.58413e-01  3.58373e-01  1.54640e-03  6.28503e+00
  -1655.85  6526.5625  3.64294e-01  3.64257e-01  1.71814e-03  6.90107e+00
  -1627.29  6527.1875  3.70279e-01  3.70235e-01  1.78743e-03  7.29083e+00
  -1598.74  6527.8125  3.76372e-01  3.76328e-01  1.86693e-03  7.47270e+00
  -1570.19  6528.4375  3.82578e-01  3.82538e-01  1.93125e-03  7.61241e+00
  -1541.64  6529.0625  3.88896e-01  3.88844e-01  1.86287e-03  7.99395e+00
  -1513.09  6529.6875  3.95337e-01  3.95295e-01  1.87738e-03  8.85825e+00
  -1484.54  6530.3125  4.01901e-01  4.01845e-01  1.68978e-03  9.59190e+00
  -1455.99  6530.9375  4.08597e-01  4.08546e-01  1.60687e-03  1.00415e+01
  -1427.44  6531.5625  4.15429e-01  4.15380e-01  1.69500e-03  1.04663e+01
  -1398.89  6532.1875  4.22397e-01  4.22334e-01  1.86800e-03  1.09384e+01
  -1370.34  6532.8125  4.29516e-01  4.29461e-01  1.85305e-03  1.12029e+01
  -1341.78  6533.4375  4.36788e-01  4.36729e-01  1.80086e-03  1.17575e+01
  -1313.23  6534.0625  4.44218e-01  4.44148e-01  2.03530e-03  1.25686e+01
  -1284.68  6534.6875  4.51818e-01  4.51755e-01  2.25756e-03  1.33120e+01
  -1256.13  6535.3125  4.59591e-01  4.59521e-01  2.35905e-03  1.41746e+01
  -1227.58  6535.9375  4.67548e-01  4.67470e-01  2.34639e-03  1.47870e+01
  -1199.03  6536.5625  4.75700e-01  4.75625e-01  2.06937e-03  1.53623e+01
  -1170.48  6537.1875  4.84052e-01  4.83973e-01  2.04341e-03  1.61073e+01
  -1141.93  6537.8125  4.92616e-01  4.92523e-01  2.46868e-03  1.71575e+01
  -1113.38  6538.4375  5.01410e-01  5.01321e-01  2.78175e-03  1.82211e+01
  -1084.83  6539.0625  5.10439e-01  5.10348e-01  2.64594e-03  1.98447e+01
  -1056.27  6539.6875  5.19716e-01  5.19609e-01  2.41933e-03  2.17982e+01
  -1027.72  6540.3125  5.29262e-01  5.29153e-01  2.45683e-03  2.34445e+01
   -999.17  6540.9375  5.39096e-01  5.38982e-01  2.59643e-03  2.49971e+01
   -970.62  6541.5625  5.49227e-01  5.49108e-01  2.52214e-03  2.68864e+01
   -942.07  6542.1875  5.59678e-01  5.59542e-01  2.49353e-03  2.91963e+01
   -913.52  6542.8125  5.70478e-01  5.70334e-01  2.57362e-03  3.14949e+01
   -884.97  6543.4375  5.81653e-01  5.81500e-01  2.52808e-03  3.44240e+01
   -856.42  6544.0625  5.93229e-01  5.93064e-01  2.35657e-03  3.81413e+01
   -827.87  6544.6875  6.05238e-01  6.05056e-01  2.28730e-03  4.28434e+01
   -799.31  6545.3125  6.17725e-01  6.17523e-01  2.53444e-03  4.72427e+01
   -770.76  6545.9375  6.30739e-01  6.30519e-01  2.96495e-03  5.10601e+01
   -742.21  6546.5625  6.44329e-01  6.44087e-01  3.02491e-03  5.62799e+01
   -713.66  6547.1875  6.58555e-01  6.58286e-01  2.66299e-03  6.19454e+01
   -685.11  6547.8125  6.73485e-01  6.73187e-01  2.59570e-03  6.62173e+01
   -656.56  6548.4375  6.89202e-01  6.88864e-01  2.78605e-03  7.01538e+01
   -628.01  6549.0625  7.05802e-01  7.05423e-01  3.02499e-03  7.33329e+01
   -599.46  6549.6875  7.23392e-01  7.22971e-01  3.06408e-03  7.47012e+01
   -570.91  6550.3125  7.42086e-01  7.41616e-01  2.87141e-03  7.62068e+01
   -542.36  6550.9375  7.62013e-01  7.61486e-01  2.98037e-03  7.82695e+01
   -513.80  6551.5625  7.83315e-01  7.82729e-01  3.37630e-03  8.00203e+01
   -485.25  6552.1875  8.06152e-01  8.05500e-01  3.69370e-03  8.01535e+01
   -456.70  6552.8125  8.30693e-01  8.29971e-01  3.82601e-03  8.05383e+01
   -428.15  6553.4375  8.57122e-01  8.56324e-01  4.24098e-03  8.19696e+01
   -399.60  6554.0625  8.85640e-01  8.84755e-01  4.41990e-03  8.33410e+01
   -371.05  6554.6875  9.16471e-01  9.15494e-01  4.45216e-03  8.30715e+01
   -342.50  6555.3125  9.49864e-01  9.48776e-01  4.32807e-03  8.22351e+01
   -313.95  6555.9375  9.86118e-01  9.84887e-01  4.01310e-03  8.31706e+01
   -285.40  6556.5625  1.02562e+00  1.02420e+00  3.60257e-03  8.33148e+01
   -256.85  6557.1875  1.06892e+00  1.06720e+00  3.86961e-03  8.26435e+01
   -228.29  6557.8125  1.11685e+00  1.11464e+00  4.33718e-03  8.27972e+01
   -199.74  6558.4375  1.17099e+00  1.16772e+00  4.37812e-03  8.33709e+01
   -171.19  6559.0625  1.23758e+00  1.22866e+00  4.21716e-03  8.36874e+01
   -142.64  6559.6875  1.34191e+00  1.30270e+00  4.36421e-03  8.31711e+01
   -114.09  6560.3125  1.50451e+00  1.50419e+00  4.76385e-03  8.28207e+01
    -85.54  6560.9375  1.69617e+00  1.68879e+00  5.47636e-03  8.26553e+01
    -56.99  6561.5625  1.89637e+00  1.89757e+00  6.50493e-03  8.33156e+01
    -28.44  6562.1875  2.06037e+00  2.12392e+00  7.19592e-03  8.36486e+01
      0.11  6562.8125  2.13063e+00  2.14420e+00  7.47517e-03  8.32802e+01
     28.67  6563.4375  2.14047e+00  2.14636e+00  7.41856e-03  8.23736e+01
     57.22  6564.0625  2.13003e+00  2.13346e+00  7.24626e-03  8.18047e+01
     85.77  6564.6875  2.11012e+00  2.11177e+00  7.29276e-03  8.21861e+01
    114.32  6565.3125  2.08540e+00  2.08599e+00  7.20588e-03  8.27802e+01
    142.87  6565.9375  2.05877e+00  2.05883e+00  6.84809e-03  8.25510e+01
    171.42  6566.5625  2.03179e+00  2.03161e+00  6.64502e-03  8.23996e+01
    199.97  6567.1875  2.00517e+00  2.00490e+00  6.86203e-03  8.25953e+01
    228.52  6567.8125  1.97920e+00  1.97890e+00  7.28169e-03  8.27502e+01
    257.07  6568.4375  1.95398e+00  1.95368e+00  7.31194e-03  8.15849e+01
    285.62  6569.0625  1.92953e+00  1.92923e+00  7.12371e-03  8.01102e+01
    314.18  6569.6875  1.90584e+00  1.90555e+00  6.80377e-03  7.92620e+01
    342.73  6570.3125  1.88291e+00  1.88262e+00  6.40916e-03  7.93912e+01
    371.28  6570.9375  1.86073e+00  1.86044e+00  6.45225e-03  7.95568e+01
    399.83  6571.5625  1.83931e+00  1.83902e+00  6.61915e-03  7.80977e+01
    428.38  6572.1875  1.81865e+00  1.81836e+00  6.84773e-03  7.75050e+01
    456.93  6572.8125  1.79874e+00  1.79846e+00  7.03188e-03  7.66423e+01
    485.48  6573.4375  1.77958e+00  1.77930e+00  6.74856e-03  7.49016e+01
    514.03  6574.0625  1.76116e+00  1.76088e+00  6.03225e-03  7.39485e+01
    542.58  6574.6875  1.74346e+00  1.74319e+00  5.60123e-03  7.31584e+01
    571.13  6575.3125  1.72646e+00  1.72620e+00  5.90025e-03  7.21897e+01
    599.69  6575.9375  1.71014e+00  1.70989e+00  6.04640e-03  6.98069e+01
    628.24  6576.5625  1.69446e+00  1.69422e+00  5.41298e-03  6.76255e+01
    656.79  6577.1875  1.67941e+00  1.67918e+00  4.84637e-03  6.68375e+01
    685.34  6577.8125  1.66494e+00  1.66473e+00  4.87801e-03  6.51074e+01
    713.89  6578.4375  1.65103e+00  1.65083e+00  5.42045e-03  6.08150e+01
    742.44  6579.0625  1.63763e+00  1.63745e+00  5.94952e-03  5.65682e+01
    770.99  6579.6875  1.62473e+00  1.62455e+00  5.66619e-03  5.36526e+01
    799.54  6580.3125  1.61228e+00  1.61211e+00  5.26740e-03  5.09748e+01
    828.09  6580.9375  1.60027e+00  1.60012e+00  5.42384e-03  4.81218e+01
    856.65  6581.5625  1.58867e+00  1.58852e+00  5.41561e-03  4.51991e+01
    885.20  6582.1875  1.57744e+00  1.57730e+00  5.33833e-03  4.16578e+01
    913.75  6582.8125  1.56656e+00  1.56643e+00  5.21061e-03  3.89151e+01
    942.30  6583.4375  1.55603e+00  1.55591e+00  4.72189e-03  3.63294e+01
    970.85  6584.0625  1.54581e+00  1.54570e+00  4.23761e-03  3.33552e+01
    999.40  6584.6875  1.53589e+00  1.53579e+00  4.27449e-03  3.08924e+01
   1027.95  6585.3125  1.52625e+00  1.52614e+00  4.71609e-03  2.86223e+01
   1056.50  6585.9375  1.51687e+00  1.51677e+00  5.08808e-03  2.70952e+01
   1085.05  6586.5625  1.50775e+00  1.50766e+00  5.11530e-03  2.54317e+01
   1113.60  6587.1875  1.49886e+00  1.49878e+00  4.96501e-03  2.36643e+01
   1142.16  6587.8125  1.49020e+00  1.49011e+00  4.83800e-03  2.22270e+01
   1170.71  6588.4375  1.48175e+00  1.48168e+00  4.58753e-03  2.10773e+01
   1199.26  6589.0625  1.47351e+00  1.47344e+00  4.61408e-03  2.00184e+01
   1227.81  6589.6875  1.46546e+00  1.46539e+00  4.89475e-03  1.94986e+01
   1256.36  6590.3125  1.45760e+00  1.45754e+00  4.95923e-03  1.89442e+01
   1284.91  6590.9375  1.44992e+00  1.44986e+00  5.01941e-03  1.79506e+01
   1313.46  6591.5625  1.44240e+00  1.44233e+00  5.09449e-03  1.68302e+01
   1342.01  6592.1875  1.43505e+00  1.43499e+00  4.95451e-03  1.58988e+01
   1370.56  6592.8125  1.42785e+00  1.42780e+00  4.70178e-03  1.53187e+01
   1399.11  6593.4375  1.42080e+00  1.42074e+00  4.56912e-03  1.46752e+01
   1427.67  6594.0625  1.41389e+00  1.41385e+00  4.55158e-03  1.42371e+01
   1456.22  6594.6875  1.40712e+00  1.40707e+00  4.40841e-03  1.39229e+01
   1484.77  6595.3125  1.40048e+00  1.40043e+00  4.02363e-03  1.32387e+01
   1513.32  6595.9375  1.39397e+00  1.39393e+00  3.89306e-03  1.26729e+01
   1541.87  6596.5625  1.38758e+00  1.38753e+00  4.08397e-03  1.24352e+01
   1570.42  6597.1875  1.38131e+00  1.38127e+00  4.34776e-03  1.19572e+01
   1598.97  6597.8125  1.37515e+00  1.37511e+00  4.87452e-03  1.10701e+01
   1627.52  6598.4375  1.36910e+00  1.36906e+00  5.24769e-03  1.05150e+01
   1656.07  6599.0625  1.36315e+00  1.36312e+00  5.03684e-03  1.00826e+01
   1684.63  6599.6875  1.35731e+00  1.35727e+00  4.72754e-03  9.45346e+00
   1713.18  6600.3125  1.35157e+00  1.35153e+00  4.41485e-03  8.63895e+00
   1741.73  6600.9375  1.34592e+00  1.34588e+00  4.22009e-03  8.38450e+00
   1770.28  6601.5625  1.34036e+00  1.34032e+00  4.43178e-03  8.26563e+00
   1798.83  6602.1875  1.33489e+00  1.33486e+00  4.33311e-03  7.91231e+00
   1827.38  6602.8125  1.32951e+00  1.32947e+00  4.08175e-03  7.47403e+00
   1855.93  6603.4375  1.32421e+00  1.32418e+00  4.11022e-03  7.10670e+00
   1884.48  6604.0625  1.31899e+00  1.31896e+00  3.90191e-03  6.91826e+00
   1913.03  6604.6875  1.31385e+00  1.31382e+00  3.67440e-03  6.64067e+00
   1941.58  6605.3125  1.30878e+00  1.30875e+00  3.77654e-03  6.42711e+00
   1970.14  6605.9375  1.30380e+00  1.30377e+00  4.13550e-03  6.22785e+00
   1998.69  6606.5625  1.29888e+00  1.29885e+00  4.19427e-03  5.98530e+00
   2027.24  6607.1875  1.29403e+00  1.29400e+00  4.02267e-03  5.79430e+00
   2055.79  6607.8125  1.28925e+00  1.28923e+00  3.96139e-03  5.56039e+00
   2084.34  6608.4375  1.28453e+00  1.28451e+00  4.03948e-03  5.47475e+00
   2112.89  6609.0625  1.27988e+00  1.27986e+00  4.13772e-03  5.42873e+00
   2141.44  6609.6875  1.27530e+00  1.27527e+00  4.02507e-03  5.29724e+00
   2169.99  6610.3125  1.27077e+00  1.27075e+00  3.75985e-03  5.30168e+00
   2198.54  6610.9375  1.26630e+00  1.26628e+00  3.77551e-03  5.17908e+00
   2227.09  6611.5625  1.26189e+00  1.26187e+00  3.81089e-03  4.91016e+00
   2255.65  6612.1875  1.25754e+00  1.25752e+00  3.86738e-03  4.60311e+00
   2284.20  6612.8125  1.25324e+00  1.25322e+00  3.90798e-03  4.30041e+00
   2312.75  6613.4375  1.24899e+00  1.24897e+00  3.69891e-03  4.07513e+00
   2341.30  6614.0625  1.24480e+00  1.24478e+00  3.33929e-03  3.90852e+00
   2369.85  6614.6875  1.24066e+00  1.24064e+00  3.03959e-03  3.86698e+00
   2398.40  6615.3125  1.23657e+00  1.23655e+00  3.08828e-03  3.93664e+00
   2426.95  6615.9375  1.23252e+00  1.23250e+00  3.51484e-03  3.71027e+00
   2455.50  6616.5625  1.22852e+00  1.22850e+00  3.48267e-03  3.48704e+00
   2484.05  6617.1875  1.22457e+00  1.22455e+00  3.06024e-03  3.56072e+00
   2512.61  6617.8125  1.22067e+00  1.22065e+00  2.96587e-03  3.40683e+00
   2541.16  6618.4375  1.21680e+00  1.21679e+00  3.39866e-03  3.30010e+00
   2569.71  6619.0625  1.21298e+00  1.21296e+00  3.67852e-03  3.34864e+00
   2598.26  6619.6875  1.20921e+00  1.20919e+00  3.64199e-03  3.43376e+00
   2626.81  6620.3125  1.20547e+00  1.20546e+00  3.56883e-03  3.29635e+00
   2655.36  6620.9375  1.20178e+00  1.20176e+00  3.42364e-03  3.01435e+00
   2683.91  6621.5625  1.19812e+00  1.19810e+00  3.18098e-03  2.91114e+00
   2712.46  6622.1875  1.19451e+00  1.19449e+00  3.17883e-03  2.82697e+00
   2741.01  6622.8125  1.19093e+00  1.19092e+00  3.40558e-03  2.83138e+00
   2769.56  6623.4375  1.18739e+00  1.18738e+00  3.60030e-03  2.89571e+00
   2798.12  6624.0625  1.18389e+00  1.18387e+00  3.63284e-03  2.75314e+00
   2826.67  6624.6875  1.18041e+00  1.18040e+00  3.79281e-03  2.61155e+00
   2855.22  6625.3125  1.17698e+00  1.17696e+00  3.78506e-03  2.50444e+00
   2883.77  6625.9375  1.17357e+00  1.17356e+00  3.36382e-03  2.39720e+00
   2912.32  6626.5625  1.17021e+00  1.17020e+00  3.08470e-03  2.27274e+00
   2940.87  6627.1875  1.16688e+00  1.16686e+00  3.27360e-03  2.16935e+00
   2969.42  6627.8125  1.16358e+00  1.16356e+00  3.44378e-03  2.15230e+00
   2997.97  6628.4375  1.16031e+00  1.16029e+00  3.52033e-03  2.19917e+00
   3026.52  6629.0625  1.15707e+00  1.15705e+00  3.44661e-03  2.13440e+00
   3055.07  6629.6875  1.15386e+00  1.15385e+00  3.48195e-03  2.12287e+00
   3083.63  6630.3125  1.15068e+00  1.15067e+00  3.64409e-03  2.11751e+00
   3112.18  6630.9375  1.14753e+00  1.14752e+00  3.90849e-03  2.02528e+00
   3140.73  6631.5625  1.14441e+00  1.14439e+00  3.87037e-03  2.00005e+00
   3169.28  6632.1875  1.14131e+00  1.14130e+00  3.50374e-03  2.08997e+00
   3197.83  6632.8125  1.13825e+00  1.13824e+00  3.44483e-03  2.24224e+00
   3226.38  6633.4375  1.13521e+00  1.13520e+00  3.52989e-03  2.05748e+00
   3254.93  6634.0625  1.13220e+00  1.13219e+00  3.27642e-03  1.83212e+00
   3283.48  6634.6875  1.12921e+00  1.12920e+00  3.06906e-03  1.85226e+00
   3312.03  6635.3125  1.12625e+00  1.12625e+00  2.74897e-03  1.98205e+00
   3340.58  6635.9375  1.12332e+00  1.12331e+00  2.75473e-03  2.18946e+00
   3369.14  6636.5625  1.12041e+00  1.12040e+00  2.87374e-03  2.32520e+00
   3397.69  6637.1875  1.11753e+00  1.11752e+00  2.85980e-03  2.10532e+00
   3426.24  6637.8125  1.11467e+00  1.11466e+00  2.94670e-03  1.75557e+00
   3454.79  6638.4375  1.11183e+00  1.11183e+00  3.15370e-03  1.57030e+00
   3483.34  6639.0625  1.10902e+00  1.10901e+00  3.26563e-03  1.50037e+00
   3511.89  6639.6875  1.10623e+00  1.10622e+00  3.30387e-03  1.63167e+00
   3540.44  6640.3125  1.10346e+00  1.10346e+00  3.45417e-03  1.71240e+00
   3568.99  6640.9375  1.10072e+00  1.10071e+00  3.16109e-03  1.66888e+00
   3597.54  6641.5625  1.09800e+00  1.09799e+00  2.88436e-03  1.70605e+00
   3626.10  6642.1875  1.09530e+00  1.09529e+00  3.09227e-03  1.75568e+00
   3654.65  6642.8125  1.09262e+00  1.09261e+00  3.35080e-03  1.66159e+00
   3683.20  6643.4375  1.08996e+00  1.08995e+00  3.40080e-03  1.55108e+00
   3711.75  6644.0625  1.08733e+00  1.08732e+00  3.25790e-03  1.57134e+00
   3740.30  6644.6875  1.08471e+00  1.08470e+00  3.08219e-03  1.55244e+00
   3768.85  6645.3125  1.08212e+00  1.08211e+00  2.98766e-03  1.48037e+00
   3797.40  6645.9375  1.07955e+00  1.07954e+00  3.14022e-03  1.49445e+00
   3825.95  6646.5625  1.07699e+00  1.07699e+00  3.26427e-03  1.40776e+00
   3854.50  6647.1875  1.07446e+00  1.07445e+00  3.17305e-03  1.26198e+00
   3883.05  6647.8125  1.07196e+00  1.07195e+00  3.39741e-03  1.29493e+00
   3911.61  6648.4375  1.06948e+00  1.06946e+00  3.45003e-03  1.27972e+00
   3940.16  6649.0625  1.06702e+00  1.06701e+00  3.11320e-03  1.18134e+00
   3968.71  6649.6875  1.06459e+00  1.06458e+00  3.02703e-03  1.11181e+00
   3997.26  6650.3125  1.06219e+00  1.06218e+00  3.01137e-03  1.12131e+00
   4025.81  6650.9375  1.05982e+00  1.05981e+00  2.89832e-03  1.25652e+00
   4054.36  6651.5625  1.05748e+00  1.05747e+00  2.90918e-03  1.36250e+00
   4082.91  6652.1875  1.05516e+00  1.05515e+00  2.81534e-03  1.26624e+00
   4111.46  6652.8125  1.05286e+00  1.05286e+00  2.72164e-03  1.04640e+00
   4140.01  6653.4375  1.05058e+00  1.05058e+00  2.84194e-03  9.62455e-01
   4168.56  6654.0625  1.04833e+00  1.04832e+00  2.86049e-03  9.82277e-01
   4197.12  6654.6875  1.04609e+00  1.04608e+00  2.78707e-03  1.11629e+00
   4225.67  6655.3125  1.04389e+00  1.04388e+00  3.08796e-03  1.11588e+00
   4254.22  6655.9375  1.04172e+00  1.04170e+00  3.39305e-03  1.04123e+00
   4282.77  6656.5625  1.03958e+00  1.03957e+00  3.39364e-03  9.61017e-01
   4311.32  6657.1875  1.03749e+00  1.03748e+00  2.98999e-03  9.35341e-01
   4339.87  6657.8125  1.03545e+00  1.03543e+00  2.83682e-03  9.82936e-01
   4368.42  6658.4375  1.03345e+00  1.03343e+00  3.03978e-03  9.90848e-01
   4396.97  6659.0625  1.03151e+00  1.03149e+00  2.98466e-03  1.00632e+00
   4425.52  6659.6875  1.02963e+00  1.02960e+00  3.14806e-03  1.02945e+00
   4454.08  6660.3125  1.02781e+00  1.02778e+00  3.32258e-03  1.07111e+00
   4482.63  6660.9375  1.02608e+00  1.02605e+00  2.94590e-03  1.14875e+00
   4511.18  6661.5625  1.02443e+00  1.02440e+00  2.57044e-03  1.14888e+00
   4539.73  6662.1875  1.02284e+00  1.02282e+00  2.65241e-03  9.84928e-01
   4568.28  6662.8125  1.02129e+00  1.02128e+00  2.75314e-03  8.09779e-01
   4596.83  6663.4375  1.01979e+00  1.01978e+00  2.94018e-03  7.59281e-01
   4625.38  6664.0625  1.01831e+00  1.01830e+00  3.34416e-03  8.07082e-01
   4653.93  6664.6875  1.01686e+00  1.01684e+00  3.32247e-03  7.93795e-01
   4682.48  6665.3125  1.01545e+00  1.01543e+00  2.90737e-03  7.36411e-01
   4711.03  6665.9375  1.01408e+00  1.01406e+00  2.67155e-03  6.45024e-01
   4739.59  6666.5625  1.01279e+00  1.01275e+00  2.75299e-03  5.56247e-01
   4768.14  6667.1875  1.01158e+00  1.01153e+00  2.70733e-03  5.86765e-01
   4796.69  6667.8125  1.01050e+00  1.01045e+00  2.49406e-03  6.78143e-01
   4825.24  6668.4375  1.00956e+00  1.00950e+00  2.56426e-03  7.92397e-01
   4853.79  6669.0625  1.00874e+00  1.00871e+00  2.68846e-03  8.21715e-01
   4882.34  6669.6875  1.00802e+00  1.00799e+00  2.73032e-03  7.49635e-01
   4910.89  6670.3125  1.00735e+00  1.00733e+00  2.96410e-03  5.98924e-01
   4939.44  6670.9375  1.00674e+00  1.00672e+00  3.19744e-03  5.58512e-01
   4967.99  6671.5625  1.00618e+00  1.00616e+00  3.27885e-03  6.69283e-01
   4996.54  6672.1875  1.00567e+00  1.00565e+00  2.98872e-03  6.69178e-01
   5025.10  6672.8125  1.00520e+00  1.00518e+00  2.58152e-03  6.54812e-01
   5053.65  6673.4375  1.00477e+00  1.00476e+00  2.47541e-03  6.16345e-01
   5082.20  6674.0625  1.00439e+00  1.00438e+00  2.54313e-03  5.61288e-01
   5110.75  6674.6875  1.00404e+00  1.00403e+00  2.55455e-03  5.19228e-01
   5139.30  6675.3125  1.00373e+00  1.00372e+00  2.67725e-03  5.09733e-01
   5167.85  6675.9375  1.00345e+00  1.00344e+00  2.95341e-03  5.71826e-01
   5196.40  6676.5625  1.00320e+00  1.00320e+00  2.85623e-03  5.76258e-01
   5224.95  6677.1875  1.00298e+00  1.00297e+00  2.59411e-03  5.09765e-01
   5253.50  6677.8125  1.00278e+00  1.00277e+00  2.78254e-03  5.14118e-01
   5282.06  6678.4375  1.00260e+00  1.00259e+00  3.07233e-03  5.34194e-01
   5310.61  6679.0625  1.00243e+00  1.00243e+00  3.05630e-03  4.91529e-01
   5339.16  6679.6875  1.00228e+00  1.00227e+00  3.09870e-03  4.87905e-01
   5367.71  6680.3125  1.00214e+00  1.00213e+00  3.01397e-03  4.90449e-01
   5396.26  6680.9375  1.00200e+00  1.00200e+00  2.90224e-03  4.12930e-01
   5424.81  6681.5625  1.00188e+00  1.00188e+00  2.98865e-03  3.53882e-01
   5453.36  6682.1875  1.00177e+00  1.00176e+00  3.17378e-03  3.17192e-01
   5481.91  6682.8125  1.00166e+00  1.00166e+00  3.00435e-03  2.92687e-01
   5510.46  6683.4375  1.00156e+00  1.00155e+00  2.70921e-03  2.94735e-01
   5539.01  6684.0625  1.00146e+00  1.00145e+00  2.64093e-03  3.46178e-01
   5567.57  6684.6875  1.00136e+00  1.00136e+00  2.42631e-03  3.67415e-01
   5596.12  6685.3125  1.00127e+00  1.00127e+00  2.38609e-03  3.68324e-01
   5624.67  6685.9375  1.00118e+00  1.00118e+00  2.58664e-03  3.43544e-01
   5653.22  6686.5625  1.00109e+00  1.00109e+00  2.46869e-03  3.00065e-01
   5681.77  6687.1875  1.00100e+00  1.00100e+00  2.43048e-03  2.98801e-01
   5710.32  6687.8125  1.00092e+00  1.00092e+00  2.70120e-03  3.10466e-01
   5738.87  6688.4375  1.00084e+00  1.00084e+00  2.83303e-03  3.03204e-01
   5767.42  6689.0625  1.00077e+00  1.00077e+00  2.81301e-03  3.19209e-01
   5795.97  6689.6875  1.00070e+00  1.00070e+00  2.97985e-03  3.85205e-01
   5824.52  6690.3125  1.00064e+00  1.00064e+00  2.93909e-03  4.02979e-01
   5853.08  6690.9375  1.00058e+00  1.00058e+00  2.75916e-03  3.65710e-01
   5881.63  6691.5625  1.00053e+00  1.00052e+00  2.73376e-03  3.27414e-01
   5910.18  6692.1875  1.00047e+00  1.00047e+00  2.88534e-03  2.92529e-01
   5938.73  6692.8125  1.00043e+00  1.00042e+00  2.77753e-03  2.41866e-01
   5967.28  6693.4375  1.00038e+00  1.00038e+00  2.54997e-03  2.80766e-01
   5995.83  6694.0625  1.00034e+00  1.00034e+00  2.46652e-03  3.45459e-01
   6024.38  6694.6875  1.00031e+00  1.00031e+00  2.36679e-03  3.38418e-01
   6052.93  6695.3125  1.00027e+00  1.00027e+00  2.36638e-03  2.68335e-01
   6081.48  6695.9375  1.00024e+00  1.00024e+00  2.45592e-03  2.56015e-01
   6110.04  6696.5625  1.00022e+00  1.00022e+00  2.53093e-03  2.48627e-01
   6138.59  6697.1875  1.00019e+00  1.00019e+00  2.35712e-03  2.22109e-01
   6167.14  6697.8125  1.00017e+00  1.00017e+00  2.16459e-03  2.33104e-01
   6195.69  6698.4375  1.00015e+00  1.00015e+00  2.30759e-03  2.50668e-01
   6224.24  6699.0625  1.00013e+00  1.00013e+00  2.49452e-03  2.40632e-01
   6252.79  6699.6875  1.00012e+00  1.00012e+00  2.56282e-03  2.21252e-01
   6281.34  6700.3125  1.00010e+00  1.00010e+00  2.67287e-03  1.81486e-01
   6309.89  6700.9375  1.00009e+00  1.00009e+00  2.76962e-03  1.87390e-01
   6338.44  6701.5625  1.00008e+00  1.00008e+00  2.92417e-03  1.94559e-01
   6366.99  6702.1875  1.00007e+00  1.00007e+00  2.77850e-03  1.56294e-01
   6395.55  6702.8125  1.00006e+00  1.00006e+00  2.57440e-03  1.23850e-01
   6424.10  6703.4375  1.00005e+00  1.00005e+00  2.75781e-03  1.17941e-01
   6452.65  6704.0625  1.00005e+00  1.00005e+00  2.97944e-03  1.29984e-01
   6481.20  6704.6875  1.00004e+00  1.00004e+00  2.76770e-03  1.74024e-01
   6509.75  6705.3125  1.00004e+00  1.00004e+00  2.44378e-03  2.24873e-01
   6538.30  6705.9375  1.00004e+00  1.00004e+00  2.40804e-03  1.95328e-01
   6566.85  6706.5625  1.00003e+00  1.00003e+00  2.54040e-03  1.29166e-01
   6595.40  6707.1875  1.00003e+00  1.00003e+00  2.65837e-03  1.19849e-01
   6623.95  6707.8125  1.00003e+00  1.00003e+00  2.55168e-03  1.25192e-01
   6652.50  6708.4375  1.00003e+00  1.00003e+00  2.52820e-03  1.48497e-01
   6681.06  6709.0625  1.00002e+00  1.00002e+00  2.34240e-03  1.92568e-01
   6709.61  6709.6875  1.00002e+00  1.00002e+00  2.10702e-03  1.99135e-01
   6738.16  6710.3125  1.00002e+00  1.00002e+00  2.21670e-03  1.57341e-01
   6766.71  6710.9375  1.00002e+00  1.00002e+00  2.45956e-03  8.61467e-02
   6795.26  6711.5625  1.00002e+00  1.00002e+00  2.72342e-03  6.62527e-02
   6823.81  6712.1875  1.00002e+00  1.00002e+00  3.02353e-03  9.18519e-02
   6852.36  6712.8125  1.00002e+00  1.00002e+00  2.93257e-03  1.15667e-01
   6880.91  6713.4375  1.00002e+00  1.00002e+00  2.87597e-03  1.24823e-01
   6909.46  6714.0625  1.00002e+00  1.00002e+00  2.85219e-03  1.47371e-01
   6938.02  6714.6875  1.00002e+00  1.00002e+00  2.75261e-03  1.56283e-01
   6966.57  6715.3125  1.00001e+00  1.00001e+00  2.62757e-03  1.39729e-01
   6995.12  6715.9375  1.00001e+00  1.00001e+00  2.65839e-03  1.07544e-01
   7023.67  6716.5625  1.00001e+00  1.00001e+00  2.68453e-03  1.14698e-01
   7052.22  6717.1875  1.00001e+00  1.00001e+00  2.63613e-03  1.22521e-01
   7080.77  6717.8125  1.00001e+00  1.00001e+00  2.75227e-03  9.86886e-02
   7109.32  6718.4375  1.00001e+00  1.00001e+00  2.85291e-03  8.23327e-02
   7137.87  6719.0625  1.00001e+00  1.00001e+00  2.76524e-03  5.76073e-02
   7166.42  6719.6875  1.00001e+00  1.00001e+00  2.66384e-03  3.89126e-02
   7194.97  6720.3125  1.00001e+00  1.00001e+00  2.73941e-03  2.50334e-02
   7223.53  6720.9375  1.00001e+00  1.00001e+00  2.76977e-03  3.84677e-02
   7252.08  6721.5625  1.00001e+00  1.00001e+00  2.75715e-03  6.75647e-02
   7280.63  6722.1875  1.00001e+00  1.00001e+00  2.74598e-03  7.12792e-02
   7309.18  6722.8125  1.00001e+00  1.00001e+00  2.57110e-03  6.11269e-02
   7337.73  6723.4375  1.00001e+00  1.00001e+00  2.46939e-03  7.21472e-02
   7366.28  6724.0625  1.00001e+00  1.00001e+00  2.52960e-03  7.02640e-02
   7394.83  6724.6875  1.00001e+00  1.00001e+00  2.43604e-03  4.73232e-02
   7423.38  6725.3125  1.00001e+00  1.00001e+00  2.48232e-03  4.55406e-02
   7451.93  6725.9375  1.00001e+00  1.00001e+00  2.77182e-03  5.83524e-02
   7480.48  6726.5625  1.00001e+00  1.00001e+00  2.89936e-03  5.83441e-02
   7509.04  6727.1875  1.00001e+00  1.00001e+00  2.73023e-03  6.51260e-02
   7537.59  6727.8125  1.00001e+00  1.00001e+00  2.47939e-03  5.77399e-02
   7566.14  6728.4375  1.00001e+00  1.00001e+00  2.56673e-03  4.73307e-02
   7594.69  6729.0625  1.00001e+00  1.00001e+00  2.64834e-03  6.05811e-02
   7623.24  6729.6875  1.00001e+00  1.00001e+00  2.67000e-03  8.56531e-02
   7651.79  6730.3125  1.00001e+00  1.00001e+00  2.70118e-03  1.06856e-01
   7680.34  6730.9375  1.00001e+00  1.00001e+00  2.69834e-03  9.75567e-02
   7708.89  6731.5625  1.00001e+00  1.00001e+00  2.88315e-03  5.66330e-02
   7737.44  6732.1875  1.00001e+00  1.00001e+00  2.94041e-03  6.45666e-02
   7765.99  6732.8125  1.00000e+00  1.00000e+00  2.74224e-03  1.03726e-01
   7794.55  6733.4375  1.00000e+00  1.00000e+00  2.52438e-03  1.11287e-01
   7823.10  6734.0625  1.00000e+00  1.00000e+00  2.40262e-03  7.99644e-02
   7851.65  6734.6875  1.00000e+00  1.00000e+00  2.40705e-03  5.75732e-02
   7880.20  6735.3125  1.00000e+00  1.00000e+00  2.61213e-03  6.71842e-02
   7908.75  6735.9375  1.00000e+00  1.00000e+00  2.61872e-03  9.94596e-02
   7937.30  6736.5625  1.00000e+00  1.00000e+00  2.49531e-03  1.01134e-01
   7965.85  6737.1875  1.00000e+00  1.00000e+00  2.42599e-03  1.02411e-01
   7994.40  6737.8125  1.00000e+00  1.00000e+00  2.49669e-03  1.12577e-01
   8022.95  6738.4375  1.00000e+00  1.00000e+00  2.59148e-03  1.02654e-01
   8051.51  6739.0625  1.00000e+00  1.00000e+00  2.72493e-03  9.05207e-02
   8080.06  6739.6875  1.00000e+00  1.00000e+00  2.76009e-03  8.00207e-02
   8108.61  6740.3125  1.00000e+00  1.00000e+00  3.02813e-03  8.85591e-02
   8137.16  6740.9375  1.00000e+00  1.00000e+00  3.09063e-03  9.91426e-02
   8165.71  6741.5625  1.00000e+00  1.00000e+00  2.84056e-03  8.74487e-02
   8194.26  6742.1875  1.00000e+00  1.00000e+00  2.77314e-03  7.62267e-02
   8222.81  6742.8125  1.00000e+00  1.00000e+00  3.02692e-03  8.66148e-02
   8251.36  6743.4375  1.00000e+00  1.00000e+00  3.22496e-03  9.20840e-02
   8279.91  6744.0625  1.00000e+00  1.00000e+00  2.86155e-03  8.84192e-02
   8308.46  6744.6875  1.00000e+00  1.00000e+00  2.55025e-03  1.04552e-01
   8337.02  6745.3125  1.00000e+00  1.00000e+00  2.60157e-03  1.07392e-01
   8365.57  6745.9375  1.00000e+00  1.00000e+00  2.76459e-03  1.11796e-01
   8394.12  6746.5625  1.00000e+00  1.00000e+00  3.19034e-03  1.19092e-01
   8422.67  6747.1875  1.00000e+00  1.00000e+00  3.29242e-03  1.00466e-01
   8451.22  6747.8125  1.00000e+00  1.00000e+00  3.01967e-03  5.34166e-02
   8479.77  6748.4375  1.00000e+00  1.00000e+00  2.69915e-03  4.01153e-02
   8508.32  6749.0625  1.00000e+00  1.00000e+00  2.47817e-03  4.49242e-02
   8536.87  6749.6875  1.00000e+00  1.00000e+00  2.59103e-03  6.43815e-02
   8565.42  6750.3125  1.00000e+00  1.00000e+00  2.70664e-03  7.82071e-02
   8593.97  6750.9375  1.00000e+00  1.00000e+00  2.60317e-03  6.59731e-02
   8622.53  6751.5625  1.00000e+00  1.00000e+00  2.64327e-03  6.68346e-02
   8651.08  6752.1875  1.00000e+00  1.00000e+00  2.60758e-03  6.35066e-02
   8679.63  6752.8125  1.00000e+00  1.00000e+00  2.60009e-03  5.11286e-02
   8708.18  6753.4375  1.00000e+00  1.00000e+00  2.63591e-03  3.55701e-02
   8736.73  6754.0625  1.00000e+00  1.00000e+00  2.52902e-03  2.20923e-02
   8765.28  6754.6875  1.00000e+00  1.00000e+00  2.46563e-03  1.12467e-02
   8793.83  6755.3125  1.00000e+00  1.00000e+00  2.67190e-03  2.57149e-02
   8822.38  6755.9375  1.00000e+00  1.00000e+00  2.77326e-03  5.76332e-02
   8850.93  6756.5625  1.00000e+00  1.00000e+00  2.76691e-03  5.21724e-02
   8879.49  6757.1875  1.00000e+00  1.00000e+00  2.74496e-03  3.74609e-02
   8908.04  6757.8125  1.00000e+00  1.00000e+00  2.62188e-03  4.31170e-02
   8936.59  6758.4375  1.00000e+00  1.00000e+00  2.52445e-03  3.53126e-02
   8965.14  6759.0625  1.00000e+00  1.00000e+00  2.59676e-03  3.74459e-02
   8993.69  6759.6875  1.00000e+00  1.00000e+00  2.72821e-03  3.43305e-02
   9022.24  6760.3125  1.00000e+00  1.00000e+00  2.70644e-03  2.42953e-02
   9050.79  6760.9375  1.00000e+00  1.00000e+00  2.67602e-03  2.48853e-02
   9079.34  6761.5625  1.00000e+00  1.00000e+00  2.73131e-03  5.05420e-02
   9107.89  6762.1875  1.00000e+00  1.00000e+00  3.15740e-03  7.07599e-02
   9136.44  6762.8125  1.00000e+00  1.00000e+00  3.36598e-03  7.22249e-02
   9165.00  6763.4375  1.00000e+00  1.00000e+00  3.06952e-03  7.27240e-02
   9193.55  6764.0625  1.00000e+00  1.00000e+00  2.66012e-03  6.72387e-02
   9222.10  6764.6875  1.00000e+00  1.00000e+00  2.69569e-03  7.31300e-02
   9250.65  6765.3125  1.00000e+00  1.00000e+00  2.85755e-03  8.49930e-02
   9279.20  6765.9375  1.00000e+00  1.00000e+00  2.62549e-03  7.30698e-02
   9307.75  6766.5625  1.00000e+00  1.00000e+00  2.21888e-03  6.50892e-02
   9336.30  6767.1875  1.00000e+00  1.00000e+00  2.15362e-03  5.68348e-02
   9364.85  6767.8125  1.00000e+00  1.00000e+00  2.52019e-03  3.46417e-02
   9393.40  6768.4375  1.00000e+00  1.00000e+00  2.82177e-03  5.30384e-02
   9421.95  6769.0625  1.00000e+00  1.00000e+00  2.74167e-03  9.13302e-02
   9450.51  6769.6875  1.00000e+00  1.00000e+00  2.56931e-03  9.24014e-02
   9479.06  6770.3125  1.00000e+00  1.00000e+00  2.50966e-03  9.26375e-02
   9507.61  6770.9375  1.00000e+00  1.00000e+00  2.36473e-03  7.75926e-02
   9536.16  6771.5625  1.00000e+00  1.00000e+00  2.33553e-03  5.26177e-02
   9564.71  6772.1875  1.00000e+00  1.00000e+00  2.44929e-03  4.64734e-02
   9593.26  6772.8125  1.00000e+00  1.00000e+00  2.57533e-03  5.07057e-02
   9621.81  6773.4375  1.00000e+00  1.00000e+00  2.72121e-03  6.30190e-02
   9650.36  6774.0625  1.00000e+00  1.00000e+00  2.52073e-03  6.53094e-02
   9678.91  6774.6875  1.00000e+00  1.00000e+00  2.27008e-03  6.49609e-02
   9707.47  6775.3125  1.00000e+00  1.00000e+00  2.10637e-03  6.53672e-02
   9736.02  6775.9375  1.00000e+00  1.00000e+00  1.91375e-03  7.77649e-02
   9764.57  6776.5625  1.00000e+00  1.00000e+00  1.96649e-03  6.22045e-02
   9793.12  6777.1875  1.00000e+00  1.00000e+00  2.16223e-03  3.20142e-02
   9821.67  6777.8125  1.00000e+00  1.00000e+00  2.18796e-03  1.59101e-02
   9850.22  6778.4375  1.00000e+00  1.00000e+00  2.27595e-03  1.42791e-02
   9878.77  6779.0625  1.00000e+00  1.00000e+00  2.38932e-03  6.92869e-03
   9907.32  6779.6875  1.00000e+00  1.00000e+00  2.54352e-03  1.08647e-03
   9935.87  6780.3125  1.00000e+00  1.00000e+00  2.71705e-03  2.96101e-03
   9964.42  6780.9375  1.00000e+00  1.00000e+00  2.65321e-03  2.06826e-02
   9992.98  6781.5625  1.00000e+00  1.00000e+00  2.50367e-03  3.98127e-02
  10021.53  6782.1875  1.00000e+00  1.00000e+00  2.33425e-03  2.36482e-02
  10050.08  6782.8125  1.00000e+00  1.00000e+00  2.14016e-03  2.46480e-02
  10078.63  6783.4375  1.00000e+00  1.00000e+00  2.32244e-03  4.77379e-02
  10107.18  6784.0625  1.00000e+00  1.00000e+00  2.42692e-03  4.26401e-02
  10135.73  6784.6875  1.00000e+00  1.00000e+00  2.32017e-03  3.94944e-02
  10164.28  6785.3125  1.00000e+00  1.00000e+00  2.30108e-03  5.51545e-02
  10192.83  6785.9375  1.00000e+00  1.00000e+00  2.25236e-03  5.65555e-02
  10221.38  6786.5625  1.00000e+00  1.00000e+00  2.21440e-03  3.75103e-02
  10249.93  6787.1875  1.00000e+00  1.00000e+00  2.21084e-03  3.73622e-02
  10278.49  6787.8125  1.00000e+00  1.00000e+00  2.48757e-03  3.41303e-02
  10307.04  6788.4375  1.00000e+00  1.00000e+00  2.41234e-03  2.40493e-02
  10335.59  6789.0625  1.00000e+00  1.00000e+00  2.24351e-03  2.18266e-02
  10364.14  6789.6875  1.00000e+00  1.00000e+00  2.12352e-03  2.94940e-02
  10392.69  6790.3125  1.00000e+00  1.00000e+00  2.16041e-03  2.86426e-02
  10421.24  6790.9375  1.00000e+00  1.00000e+00  2.22961e-03  3.63689e-02
  10449.79  6791.5625  1.00000e+00  1.00000e+00  2.26077e-03  3.59808e-02
  10478.34  6792.1875  1.00000e+00  1.00000e+00  2.18151e-03  3.68379e-02
  10506.89  6792.8125  1.00000e+00  1.00000e+00  2.24292e-03  4.12952e-02
  10535.45  6793.4375  1.00000e+00  1.00000e+00  2.30503e-03  2.80250e-02
  10564.00  6794.0625  1.00000e+00  1.00000e+00  2.32839e-03  8.91490e-03
  10592.55  6794.6875  1.00000e+00  1.00000e+00  2.40256e-03  2.06114e-03
  10621.10  6795.3125  1.00000e+00  1.00000e+00  2.29768e-03  8.00724e-03
  10649.65  6795.9375  1.00000e+00  1.00000e+00  2.36683e-03  2.30090e-02
  10678.20  6796.5625  1.00000e+00  1.00000e+00  2.58062e-03  4.07981e-02
  10706.75  6797.1875  1.00000e+00  1.00000e+00  2.67854e-03  4.94650e-02
  10735.30  6797.8125  1.00000e+00  1.00000e+00  2.81439e-03  3.65379e-02
  10763.85  6798.4375  1.00000e+00  1.00000e+00  2.76065e-03  4.01733e-02
  10792.40  6799.0625  1.00000e+00  1.00000e+00  2.43198e-03  5.55901e-02
  10820.96  6799.6875  1.00000e+00  1.00000e+00  2.20865e-03  6.95083e-02
  10849.51  6800.3125  1.00000e+00  1.00000e+00  2.38892e-03  4.95943e-02
  10878.06  6800.9375  1.00000e+00  1.00000e+00  2.54737e-03  3.08672e-02
  10906.61  6801.5625  1.00000e+00  1.00000e+00  2.41762e-03  2.12598e-02
  10935.16  6802.1875  1.00000e+00  1.00000e+00  2.52465e-03  9.86052e-03
  10963.71  6802.8125  1.00000e+00  1.00000e+00  2.49567e-03  1.57482e-02
  10992.26  6803.4375  1.00000e+00  1.00000e+00  2.58809e-03  3.43393e-02
  11020.81  6804.0625  1.00000e+00  1.00000e+00  3.05248e-03  3.67109e-02
  11049.36  6804.6875  1.00000e+00  1.00000e+00  3.01235e-03  4.35230e-02
  11077.91  6805.3125  1.00000e+00  1.00000e+00  2.59592e-03  5.43570e-02
  11106.47  6805.9375  1.00000e+00  1.00000e+00  2.26725e-03  3.67818e-02
  11135.02  6806.5625  1.00000e+00  1.00000e+00  2.10507e-03  2.53437e-02
  11163.57  6807.1875  1.00000e+00  1.00000e+00  2.32711e-03  4.15755e-02
  11192.12  6807.8125  1.00000e+00  1.00000e+00  2.71235e-03  4.61803e-02
  11220.67  6808.4375  1.00000e+00  1.00000e+00  2.69643e-03  3.36272e-02
  11249.22  6809.0625  1.00000e+00  1.00000e+00  2.59289e-03  2.80706e-02
  11277.77  6809.6875  1.00000e+00  1.00000e+00  2.67899e-03  2.72470e-02
  11306.32  6810.3125  1.00000e+00  1.00000e+00  2.51040e-03  2.53944e-02
  11334.87  6810.9375  1.00000e+00  1.00000e+00  2.13671e-03  2.34205e-02
  11363.43  6811.5625  1.00000e+00  1.00000e+00  2.07232e-03  3.47060e-02
  11391.98  6812.1875  1.00000e+00  1.00000e+00  2.33917e-03  5.38910e-02
  11420.53  6812.8125  1.00000e+00  1.00000e+00  2.55752e-03  3.47426e-02
  11449.08  6813.4375  1.00000e+00  1.00000e+00  2.56461e-03  2.49806e-02
  11477.63  6814.0625  1.00000e+00  1.00000e+00  2.44778e-03  3.22102e-02
  11506.18  6814.6875  1.00000e+00  1.00000e+00  2.34064e-03  3.34721e-02
  11534.73  6815.3125  1.00000e+00  1.00000e+00  2.42294e-03  2.44645e-02
  11563.28  6815.9375  1.00000e+00  1.00000e+00  2.52242e-03  2.25112e-02
  11591.83  6816.5625  1.00000e+00  1.00000e+00  2.56307e-03  1.08402e-02
  11620.38  6817.1875  1.00000e+00  1.00000e+00  2.58481e-03  1.52336e-03
  11648.94  6817.8125  1.00000e+00  1.00000e+00  2.62724e-03  5.84141e-05
  11677.49  6818.4375  1.00000e+00  1.00000e+00  2.57712e-03  9.95060e-07
  11706.04  6819.0625  1.00000e+00  1.00000e+00  2.52049e-03  3.71647e-05
  11734.59  6819.6875  1.00000e+00  1.00000e+00  2.48898e-03  9.68749e-04
  11763.14  6820.3125  1.00000e+00  1.00000e+00  2.30186e-03  6.85296e-03
  11791.69  6820.9375  1.00000e+00  1.00000e+00  2.25289e-03  1.31833e-02
  11820.24  6821.5625  1.00000e+00  1.00000e+00  2.37983e-03  7.62825e-03
  11848.79  6822.1875  1.00000e+00  1.00000e+00  2.34338e-03  7.16003e-03
  11877.34  6822.8125  1.00000e+00  1.00000e+00  2.11374e-03  1.69093e-02
  11905.89  6823.4375  1.00000e+00  1.00000e+00  2.04455e-03  1.83633e-02
  11934.45  6824.0625  1.00000e+00  1.00000e+00  2.39905e-03  7.58318e-03
  11963.00  6824.6875  1.00000e+00  1.00000e+00  2.80440e-03  9.95956e-04
  11991.55  6825.3125  1.00000e+00  1.00000e+00  2.89896e-03  3.74166e-05
  12020.10  6825.9375  1.00000e+00  1.00000e+00  2.76121e-03  3.86469e-07
  12048.65  6826.5625  1.00000e+00  1.00000e+00  2.43207e-03  0.00000e+00
  12077.20  6827.1875  1.00000e+00  1.00000e+00  2.34026e-03  0.00000e+00
  12105.75  6827.8125  1.00000e+00  1.00000e+00  2.46065e-03  0.00000e+00
  12134.30  6828.4375  1.00000e+00  1.00000e+00  2.79112e-03  0.00000e+00
  12162.85  6829.0625  1.00000e+00  1.00000e+00  2.84024e-03  0.00000e+00
  12191.40  6829.6875  1.00000e+00  1.00000e+00  2.73557e-03  0.00000e+00
  12219.96  6830.3125  1.00000e+00  1.00000e+00  2.58567e-03  0.00000e+00
  12248.51  6830.9375  1.00000e+00  1.00000e+00  2.75293e-03  0.00000e+00
  12277.06  6831.5625  1.00000e+00  1.00000e+00  2.86768e-03  0.00000e+00
  12305.61  6832.1875  1.00000e+00  1.00000e+00  2.73483e-03  7.73205e-07
  12334.16  6832.8125  1.00000e+00  1.00000e+00  2.73079e-03  7.42689e-05
  12362.71  6833.4375  1.00000e+00  1.00000e+00  2.63344e-03  1.93631e-03
  12391.26  6834.0625  1.00000e+00  1.00000e+00  2.55896e-03  1.37313e-02
  12419.81  6834.6875  1.00000e+00  1.00000e+00  2.70128e-03  2.72546e-02
  12448.36  6835.3125  1.00000e+00  1.00000e+00  2.77700e-03  2.05344e-02
  12476.92  6835.9375  1.00000e+00  1.00000e+00  2.90299e-03  1.50665e-02
  12505.47  6836.5625  1.00000e+00  1.00000e+00  2.74558e-03  6.91448e-03
  12534.02  6837.1875  1.00000e+00  1.00000e+00  2.51329e-03  9.67761e-04
  12562.57  6837.8125  1.00000e+00  1.00000e+00  2.55083e-03  3.70971e-05
  12591.12  6838.4375  1.00000e+00  1.00000e+00  2.72081e-03  3.86214e-07
  12619.67  6839.0625  1.00000e+00  1.00000e+00  2.63752e-03  0.00000e+00
  12648.22  6839.6875  1.00000e+00  1.00000e+00  2.32157e-03  0.00000e+00
  12676.77  6840.3125  1.00000e+00  1.00000e+00  2.16188e-03  0.00000e+00
  12705.32  6840.9375  1.00000e+00  1.00000e+00  2.11600e-03  0.00000e+00
  12733.87  6841.5625  1.00000e+00  1.00000e+00  2.16726e-03  0.00000e+00
  12762.43  6842.1875  1.00000e+00  1.00000e+00  2.52852e-03  0.00000e+00
  12790.98  6842.8125  1.00000e+00  1.00000e+00  2.90135e-03  0.00000e+00
  12819.53  6843.4375  1.00000e+00  1.00000e+00  2.87879e-03  0.00000e+00
  12848.08  6844.0625  1.00000e+00  1.00000e+00  2.86107e-03  0.00000e+00
  12876.63  6844.6875  1.00000e+00  1.00000e+00  2.76823e-03  0.00000e+00
  12905.18  6845.3125  1.00000e+00  1.00000e+00  2.45836e-03  0.00000e+00
  12933.73  6845.9375  1.00000e+00  1.00000e+00  2.23259e-03  3.71724e-07
  12962.28  6846.5625  1.00000e+00  1.00000e+00  2.29744e-03  3.57054e-05
  12990.83  6847.1875  1.00000e+00  1.00000e+00  2.57912e-03  9.30710e-04
  13019.38  6847.8125  1.00000e+00  1.00000e+00  2.76042e-03  6.58359e-03
  13047.94  6848.4375  1.00000e+00  1.00000e+00  2.85987e-03  1.26380e-02
  13076.49  6849.0625  1.00000e+00  1.00000e+00  2.75179e-03  6.58359e-03
  13105.04  6849.6875  1.00000e+00  1.00000e+00  2.69968e-03  9.30710e-04
  13133.59  6850.3125  1.00000e+00  1.00000e+00  2.56285e-03  3.57054e-05
  13162.14  6850.9375  1.00000e+00  1.00000e+00  2.54775e-03  3.71724e-07
  13190.69  6851.5625  1.00000e+00  1.00000e+00  2.53757e-03  0.00000e+00
  13219.24  6852.1875  1.00000e+00  1.00000e+00  2.30386e-03  0.00000e+00
  13247.79  6852.8125  1.00000e+00  1.00000e+00  2.37269e-03  0.00000e+00
  13276.34  6853.4375  1.00000e+00  1.00000e+00  2.72967e-03  0.00000e+00
  13304.90  6854.0625  1.00000e+00  1.00000e+00  3.00898e-03  0.00000e+00
  13333.45  6854.6875  1.00000e+00  1.00000e+00  3.06760e-03  0.00000e+00
  13362.00  6855.3125  1.00000e+00  1.00000e+00  2.73722e-03  0.00000e+00
  13390.55  6855.9375  1.00000e+00  1.00000e+00  2.47244e-03  0.00000e+00
  13419.10  6856.5625  1.00000e+00  1.00000e+00  2.49655e-03  0.00000e+00
  13447.65  6857.1875  1.00000e+00  1.00000e+00  2.56818e-03  0.00000e+00
  13476.20  6857.8125  1.00000e+00  1.00000e+00  2.58788e-03  0.00000e+00
  13504.75  6858.4375  1.00000e+00  1.00000e+00  2.74071e-03  0.00000e+00
  13533.30  6859.0625  1.00000e+00  1.00000e+00  2.91038e-03  0.00000e+00
  13561.85  6859.6875  1.00000e+00  1.00000e+00  2.95416e-03  0.00000e+00
  13590.41  6860.3125  1.00000e+00  1.00000e+00  2.95181e-03  0.00000e+00
  13618.96  6860.9375  1.00000e+00  1.00000e+00  2.78075e-03  0.00000e+00
  13647.51  6861.5625  1.00000e+00  1.00000e+00  2.65051e-03  0.00000e+00
  13676.06  6862.1875  1.00000e+00  1.00000e+00  2.75592e-03  0.00000e+00
  13704.61  6862.8125  1.00000e+00  1.00000e+00  2.53695e-03  0.00000e+00
  13733.16  6863.4375  1.00000e+00  1.00000e+00  2.24242e-03  0.00000e+00
  13761.71  6864.0625  1.00000e+00  1.00000e+00  2.20177e-03  0.00000e+00
  13790.26  6864.6875  1.00000e+00  1.00000e+00  2.11825e-03  0.00000e+00
  13818.81  6865.3125  1.00000e+00  1.00000e+00  2.44142e-03  0.00000e+00
  13847.36  6865.9375  1.00000e+00  1.00000e+00  2.83589e-03  0.00000e+00
  13875.92  6866.5625  1.00000e+00  1.00000e+00  2.76015e-03  0.00000e+00
  13904.47  6867.1875  1.00000e+00  1.00000e+00  2.81930e-03  0.00000e+00
  13933.02  6867.8125  1.00000e+00  1.00000e+00  3.07194e-03  0.00000e+00
  13961.57  6868.4375  1.00000e+00  1.00000e+00  2.93442e-03  0.00000e+00
  13990.12  6869.0625  1.00000e+00  1.00000e+00  2.43691e-03  0.00000e+00
  14018.67  6869.6875  1.00000e+00  1.00000e+00  2.25080e-03  0.00000e+00
  14047.22  6870.3125  1.00000e+00  1.00000e+00  2.24981e-03  0.00000e+00
  14075.77  6870.9375  1.00000e+00  1.00000e+00  2.31912e-03  0.00000e+00
  14104.32  6871.5625  1.00000e+00  1.00000e+00  2.45167e-03  0.00000e+00
  14132.88  6872.1875  1.00000e+00  1.00000e+00  2.51545e-03  3.79464e-07
  14161.43  6872.8125  1.00000e+00  1.00000e+00  2.56857e-03  3.64488e-05
  14189.98  6873.4375  1.00000e+00  1.00000e+00  2.49043e-03  9.50088e-04
  14218.53  6874.0625  1.00000e+00  1.00000e+00  2.48865e-03  6.72066e-03
  14247.08  6874.6875  1.00000e+00  1.00000e+00  2.55804e-03  1.29011e-02
  14275.63  6875.3125  1.00000e+00  1.00000e+00  2.54216e-03  6.72066e-03
  14304.18  6875.9375  1.00000e+00  1.00000e+00  2.52473e-03  9.50088e-04
  14332.73  6876.5625  1.00000e+00  1.00000e+00  2.70484e-03  3.64488e-05
  14361.28  6877.1875  1.00000e+00  1.00000e+00  2.64231e-03  3.79464e-07
  14389.83  6877.8125  1.00000e+00  1.00000e+00  2.48458e-03  0.00000e+00
  14418.39  6878.4375  1.00000e+00  1.00000e+00  2.55633e-03  0.00000e+00
  14446.94  6879.0625  1.00000e+00  1.00000e+00  2.59206e-03  0.00000e+00
  14475.49  6879.6875  1.00000e+00  1.00000e+00  2.33032e-03  0.00000e+00
  14504.04  6880.3125  1.00000e+00  1.00000e+00  2.17776e-03  0.00000e+00
  14532.59  6880.9375  1.00000e+00  1.00000e+00  2.22995e-03  0.00000e+00
  14561.14  6881.5625  1.00000e+00  1.00000e+00  2.19365e-03  0.00000e+00
  14589.69  6882.1875  1.00000e+00  1.00000e+00  2.31933e-03  0.00000e+00
  14618.24  6882.8125  1.00000e+00  1.00000e+00  2.57742e-03  0.00000e+00
  14646.79  6883.4375  1.00000e+00  1.00000e+00  2.60367e-03  0.00000e+00
  14675.34  6884.0625  1.00000e+00  1.00000e+00  2.43758e-03  0.00000e+00
  14703.90  6884.6875  1.00000e+00  1.00000e+00  2.30692e-03  0.00000e+00
  14732.45  6885.3125  1.00000e+00  1.00000e+00  2.28214e-03  0.00000e+00
  14761.00  6885.9375  1.00000e+00  1.00000e+00  2.38691e-03  0.00000e+00
  14789.55  6886.5625  1.00000e+00  1.00000e+00  2.55004e-03  0.00000e+00
  14818.10  6887.1875  1.00000e+00  1.00000e+00  2.49042e-03  0.00000e+00
  14846.65  6887.8125  1.00000e+00  1.00000e+00  2.41585e-03  0.00000e+00
  14875.20  6888.4375  1.00000e+00  1.00000e+00  2.62456e-03  0.00000e+00
  14903.75  6889.0625  1.00000e+00  1.00000e+00  2.70969e-03  0.00000e+00
  14932.30  6889.6875  1.00000e+00  1.00000e+00  2.62750e-03  0.00000e+00
  14960.86  6890.3125  1.00000e+00  1.00000e+00  2.63698e-03  0.00000e+00
  14989.41  6890.9375  1.00000e+00  1.00000e+00  2.76344e-03  0.00000e+00
  15017.96  6891.5625  1.00000e+00  1.00000e+00  2.65804e-03  0.00000e+00
  15046.51  6892.1875  1.00000e+00  1.00000e+00  2.65691e-03  0.00000e+00
  15075.06  6892.8125  1.00000e+00  1.00000e+00  2.85007e-03  0.00000e+00
  15103.61  6893.4375  1.00000e+00  1.00000e+00  2.82386e-03  0.00000e+00
  15132.16  6894.0625  1.00000e+00  1.00000e+00  2.45109e-03  0.00000e+00
  15160.71  6894.6875  1.00000e+00  1.00000e+00  2.12936e-03  0.00000e+00
  15189.26  6895.3125  1.00000e+00  1.00000e+00  2.09342e-03  0.00000e+00
  15217.81  6895.9375  1.00000e+00  1.00000e+00  2.23866e-03  0.00000e+00
  15246.37  6896.5625  1.00000e+00  1.00000e+00  2.31599e-03  0.00000e+00
  15274.92  6897.1875  1.00000e+00  1.00000e+00  2.16856e-03  0.00000e+00
  15303.47  6897.8125  1.00000e+00  1.00000e+00  2.20765e-03  0.00000e+00
  15332.02  6898.4375  1.00000e+00  1.00000e+00  2.52859e-03  0.00000e+00
  15360.57  6899.0625  1.00000e+00  1.00000e+00  2.75957e-03  0.00000e+00
  15389.12  6899.6875  1.00000e+00  1.00000e+00  2.78143e-03  0.00000e+00
  15417.67  6900.3125  1.00000e+00  1.00000e+00  2.56666e-03  0.00000e+00
  15446.22  6900.9375  1.00000e+00  1.00000e+00  2.43205e-03  0.00000e+00
  15474.77  6901.5625  1.00000e+00  1.00000e+00  2.53887e-03  0.00000e+00
  15503.32  6902.1875  1.00000e+00  1.00000e+00  2.69320e-03  0.00000e+00
  15531.88  6902.8125  1.00000e+00  1.00000e+00  2.66305e-03  0.00000e+00
  15560.43  6903.4375  1.00000e+00  1.00000e+00  2.55063e-03  0.00000e+00
  15588.98  6904.0625  1.00000e+00  1.00000e+00  2.69334e-03  0.00000e+00
  15617.53  6904.6875  1.00000e+00  1.00000e+00  2.86103e-03  0.00000e+00
  15646.08  6905.3125  1.00000e+00  1.00000e+00  2.79251e-03  0.00000e+00
  15674.63  6905.9375  1.00000e+00  1.00000e+00  2.66342e-03  0.00000e+00
  15703.18  6906.5625  1.00000e+00  1.00000e+00  2.65424e-03  0.00000e+00
  15731.73  6907.1875  1.00000e+00  1.00000e+00  2.67900e-03  0.00000e+00
  15760.28  6907.8125  1.00000e+00  1.00000e+00  2.71048e-03  0.00000e+00
  15788.84  6908.4375  1.00000e+00  1.00000e+00  2.78566e-03  0.00000e+00
  15817.39  6909.0625  1.00000e+00  1.00000e+00  2.72238e-03  0.00000e+00
  15845.94  6909.6875  1.00000e+00  1.00000e+00  2.51060e-03  0.00000e+00
  15874.49  6910.3125  1.00000e+00  1.00000e+00  2.40794e-03  0.00000e+00
  15903.04  6910.9375  1.00000e+00  1.00000e+00  2.42385e-03  0.00000e+00
  15931.59  6911.5625  1.00000e+00  1.00000e+00  2.47327e-03  0.00000e+00
  15960.14  6912.1875  1.00000e+00  1.00000e+00  2.35100e-03  0.00000e+00
  15988.69  6912.8125  1.00000e+00  1.00000e+00  2.29848e-03  0.00000e+00
  16017.24  6913.4375  1.00000e+00  1.00000e+00  2.22735e-03  0.00000e+00
  16045.79  6914.0625  1.00000e+00  1.00000e+00  2.40198e-03  0.00000e+00
  16074.35  6914.6875  1.00000e+00  1.00000e+00  2.60914e-03  0.00000e+00
  16102.90  6915.3125  1.00000e+00  1.00000e+00  2.51202e-03  0.00000e+00
  16131.45  6915.9375  1.00000e+00  1.00000e+00  2.24393e-03  0.00000e+00
  16160.00  6916.5625  1.00000e+00  1.00000e+00  2.35748e-03  0.00000e+00
  16188.55  6917.1875  1.00000e+00  1.00000e+00  2.56114e-03  0.00000e+00
  16217.10  6917.8125  1.00000e+00  1.00000e+00  2.74614e-03  0.00000e+00
  16245.65  6918.4375  1.00000e+00  1.00000e+00  2.71586e-03  0.00000e+00
  16274.20  6919.0625  1.00000e+00  1.00000e+00  2.55598e-03  0.00000e+00
  16302.75  6919.6875  1.00000e+00  1.00000e+00  2.47131e-03  0.00000e+00
  16331.30  6920.3125  1.00000e+00  1.00000e+00  2.54608e-03  0.00000e+00
  16359.86  6920.9375  1.00000e+00  1.00000e+00  2.54974e-03  0.00000e+00
  16388.41  6921.5625  1.00000e+00  1.00000e+00  2.48705e-03  0.00000e+00
  16416.96  6922.1875  1.00000e+00  1.00000e+00  2.63890e-03  0.00000e+00
  16445.51  6922.8125  1.00000e+00  1.00000e+00  2.68882e-03  0.00000e+00
  16474.06  6923.4375  1.00000e+00  1.00000e+00  2.59497e-03  0.00000e+00
  16502.61  6924.0625  1.00000e+00  1.00000e+00  2.64296e-03  0.00000e+00
  16531.16  6924.6875  1.00000e+00  1.00000e+00  2.61436e-03  0.00000e+00
  16559.71  6925.3125  1.00000e+00  1.00000e+00  2.55512e-03  0.00000e+00
  16588.26  6925.9375  1.00000e+00  1.00000e+00  2.54159e-03  0.00000e+00
  16616.81  6926.5625  1.00000e+00  1.00000e+00  2.40481e-03  0.00000e+00
  16645.37  6927.1875  1.00000e+00  1.00000e+00  2.34993e-03  0.00000e+00
  16673.92  6927.8125  1.00000e+00  1.00000e+00  2.57018e-03  0.00000e+00
  16702.47  6928.4375  1.00000e+00  1.00000e+00  2.65304e-03  0.00000e+00
  16731.02  6929.0625  1.00000e+00  1.00000e+00  2.61498e-03  0.00000e+00
  16759.57  6929.6875  1.00000e+00  1.00000e+00  2.57095e-03  0.00000e+00
  16788.12  6930.3125  1.00000e+00  1.00000e+00  2.31384e-03  0.00000e+00
  16816.67  6930.9375  1.00000e+00  1.00000e+00  2.38485e-03  0.00000e+00
  16845.22  6931.5625  1.00000e+00  1.00000e+00  2.77189e-03  0.00000e+00
  16873.77  6932.1875  1.00000e+00  1.00000e+00  2.84329e-03  0.00000e+00
  16902.33  6932.8125  1.00000e+00  1.00000e+00  2.68748e-03  0.00000e+00
  16930.88  6933.4375  1.00000e+00  1.00000e+00  2.41265e-03  0.00000e+00
  16959.43  6934.0625  1.00000e+00  1.00000e+00  2.36950e-03  0.00000e+00
  16987.98  6934.6875  1.00000e+00  1.00000e+00  2.53617e-03  0.00000e+00
  17016.53  6935.3125  1.00000e+00  1.00000e+00  2.27517e-03  0.00000e+00
  17045.08  6935.9375  1.00000e+00  1.00000e+00  2.00286e-03  0.00000e+00
  17073.63  6936.5625  1.00000e+00  1.00000e+00  1.93266e-03  0.00000e+00
  17102.18  6937.1875  1.00000e+00  1.00000e+00  2.14477e-03  0.00000e+00
  17130.73  6937.8125  1.00000e+00  1.00000e+00  2.39032e-03  0.00000e+00
  17159.28  6938.4375  1.00000e+00  1.00000e+00  2.31004e-03  0.00000e+00
  17187.84  6939.0625  1.00000e+00  1.00000e+00  2.45991e-03  0.00000e+00
  17216.39  6939.6875  1.00000e+00  1.00000e+00  2.47180e-03  0.00000e+00
  17244.94  6940.3125  1.00000e+00  1.00000e+00  2.42091e-03  0.00000e+00
  17273.49  6940.9375  1.00000e+00  1.00000e+00  2.35880e-03  0.00000e+00
  17302.04  6941.5625  1.00000e+00  1.00000e+00  2.24418e-03  0.00000e+00
  17330.59  6942.1875  1.00000e+00  1.00000e+00  2.39318e-03  0.00000e+00
  17359.14  6942.8125  1.00000e+00  1.00000e+00  2.54923e-03  0.00000e+00
  17387.69  6943.4375  1.00000e+00  1.00000e+00  2.29840e-03  0.00000e+00
  17416.24  6944.0625  1.00000e+00  1.00000e+00  2.04626e-03  0.00000e+00
  17444.79  6944.6875  1.00000e+00  1.00000e+00  2.22058e-03  0.00000e+00
  17473.35  6945.3125  1.00000e+00  1.00000e+00  2.37185e-03  0.00000e+00
  17501.90  6945.9375  1.00000e+00  1.00000e+00  2.26847e-03  0.00000e+00
  17530.45  6946.5625  1.00000e+00  1.00000e+00  2.23564e-03  0.00000e+00
  17559.00  6947.1875  1.00000e+00  1.00000e+00  2.17784e-03  0.00000e+00
  17587.55  6947.8125  1.00000e+00  1.00000e+00  2.06940e-03  0.00000e+00
  17616.10  6948.4375  1.00000e+00  1.00000e+00  2.26344e-03  0.00000e+00
  17644.65  6949.0625  1.00000e+00  1.00000e+00  2.59159e-03  0.00000e+00
  17673.20  6949.6875  1.00000e+00  1.00000e+00  2.68870e-03  0.00000e+00
