# day006  epoch=6.0d  L_Halpha=4.058e+27 erg/s  smooth_kms=25.0
# Columns:
#   1: Δv [km/s]      velocity offset from Hα (6562.81 Å), positive = redshift
#   2: lambda [Å]     observed wavelength
#   3: F_norm         total flux, smoothed, normalized to F_cont_baseline
#   4: F_norm_raw     total flux, RAW MC (no velocity smoothing)
#   5: F_cont_smooth  continuum-channel flux (continuum photons only)
#   6: F_vol_smooth   volumetric-channel flux (line emission contribution)
# Format: F_norm ≈ F_cont_smooth + F_vol_smooth (within MC noise)
# ----------------------------------------------------------------------------------------
 -16559.48  6200.3125  9.24270e-01  9.11205e-01  9.24370e-01  0.00000e+00
 -16530.93  6200.9375  9.45957e-01  9.54323e-01  9.46058e-01  0.00000e+00
 -16502.38  6201.5625  9.97093e-01  9.42892e-01  9.97210e-01  0.00000e+00
 -16473.83  6202.1875  1.09738e+00  1.12336e+00  1.09744e+00  0.00000e+00
 -16445.28  6202.8125  1.14823e+00  1.22945e+00  1.14826e+00  0.00000e+00
 -16416.73  6203.4375  1.11055e+00  1.05280e+00  1.11062e+00  0.00000e+00
 -16388.18  6204.0625  1.07561e+00  1.11348e+00  1.07572e+00  0.00000e+00
 -16359.63  6204.6875  1.01541e+00  1.03719e+00  1.01545e+00  0.00000e+00
 -16331.08  6205.3125  1.00904e+00  8.31064e-01  1.00902e+00  0.00000e+00
 -16302.53  6205.9375  1.14478e+00  1.27599e+00  1.14477e+00  0.00000e+00
 -16273.97  6206.5625  1.19138e+00  1.22835e+00  1.19133e+00  0.00000e+00
 -16245.42  6207.1875  1.13326e+00  1.10175e+00  1.13323e+00  0.00000e+00
 -16216.87  6207.8125  1.08454e+00  1.09815e+00  1.08457e+00  0.00000e+00
 -16188.32  6208.4375  1.08148e+00  1.00321e+00  1.08158e+00  0.00000e+00
 -16159.77  6209.0625  1.13938e+00  1.19894e+00  1.13943e+00  0.00000e+00
 -16131.22  6209.6875  1.15691e+00  1.16704e+00  1.15684e+00  0.00000e+00
 -16102.67  6210.3125  1.10279e+00  1.14835e+00  1.10268e+00  0.00000e+00
 -16074.12  6210.9375  1.03965e+00  9.41870e-01  1.03955e+00  0.00000e+00
 -16045.57  6211.5625  1.08343e+00  1.07008e+00  1.08328e+00  0.00000e+00
 -16017.01  6212.1875  1.13488e+00  1.25082e+00  1.13473e+00  0.00000e+00
 -15988.46  6212.8125  1.08768e+00  1.01459e+00  1.08761e+00  0.00000e+00
 -15959.91  6213.4375  1.06679e+00  1.06232e+00  1.06673e+00  0.00000e+00
 -15931.36  6214.0625  1.02894e+00  1.13989e+00  1.02890e+00  0.00000e+00
 -15902.81  6214.6875  9.23509e-01  8.02053e-01  9.23496e-01  0.00000e+00
 -15874.26  6215.3125  9.31273e-01  8.93739e-01  9.31263e-01  0.00000e+00
 -15845.71  6215.9375  9.84946e-01  1.11291e+00  9.84938e-01  0.00000e+00
 -15817.16  6216.5625  9.53638e-01  8.53857e-01  9.53632e-01  0.00000e+00
 -15788.61  6217.1875  9.52659e-01  9.99122e-01  9.52712e-01  0.00000e+00
 -15760.06  6217.8125  9.77768e-01  9.20514e-01  9.77845e-01  0.00000e+00
 -15731.50  6218.4375  1.00860e+00  1.09175e+00  1.00863e+00  0.00000e+00
 -15702.95  6219.0625  1.03375e+00  9.06578e-01  1.03375e+00  0.00000e+00
 -15674.40  6219.6875  1.09849e+00  1.24005e+00  1.09851e+00  0.00000e+00
 -15645.85  6220.3125  1.12234e+00  9.96902e-01  1.12233e+00  0.00000e+00
 -15617.30  6220.9375  1.18199e+00  1.26080e+00  1.18198e+00  0.00000e+00
 -15588.75  6221.5625  1.16494e+00  1.23484e+00  1.16498e+00  0.00000e+00
 -15560.20  6222.1875  1.01472e+00  1.01599e+00  1.01475e+00  0.00000e+00
 -15531.65  6222.8125  8.93391e-01  7.64082e-01  8.93383e-01  0.00000e+00
 -15503.10  6223.4375  9.04234e-01  9.74651e-01  9.04222e-01  0.00000e+00
 -15474.55  6224.0625  9.78846e-01  8.36152e-01  9.78817e-01  0.00000e+00
 -15445.99  6224.6875  1.06989e+00  1.29567e+00  1.06983e+00  0.00000e+00
 -15417.44  6225.3125  9.85398e-01  9.25834e-01  9.85308e-01  0.00000e+00
 -15388.89  6225.9375  9.42641e-01  7.77871e-01  9.42619e-01  0.00000e+00
 -15360.34  6226.5625  1.04992e+00  1.21626e+00  1.04992e+00  0.00000e+00
 -15331.79  6227.1875  1.07939e+00  1.00707e+00  1.07941e+00  0.00000e+00
 -15303.24  6227.8125  1.07081e+00  1.13487e+00  1.07087e+00  0.00000e+00
 -15274.69  6228.4375  1.01982e+00  1.01435e+00  1.01984e+00  0.00000e+00
 -15246.14  6229.0625  9.73257e-01  9.20218e-01  9.73259e-01  0.00000e+00
 -15217.59  6229.6875  1.01784e+00  9.85182e-01  1.01788e+00  0.00000e+00
 -15189.03  6230.3125  1.11595e+00  1.14437e+00  1.11602e+00  0.00000e+00
 -15160.48  6230.9375  1.11073e+00  1.26354e+00  1.11075e+00  0.00000e+00
 -15131.93  6231.5625  9.86642e-01  8.13426e-01  9.86623e-01  0.00000e+00
 -15103.38  6232.1875  9.46010e-01  1.04590e+00  9.46002e-01  0.00000e+00
 -15074.83  6232.8125  9.72708e-01  7.90908e-01  9.72723e-01  0.00000e+00
 -15046.28  6233.4375  1.02117e+00  1.30938e+00  1.02118e+00  0.00000e+00
 -15017.73  6234.0625  9.47028e-01  6.85482e-01  9.46986e-01  0.00000e+00
 -14989.18  6234.6875  9.92682e-01  1.09284e+00  9.92554e-01  0.00000e+00
 -14960.63  6235.3125  1.05631e+00  1.05110e+00  1.05619e+00  0.00000e+00
 -14932.08  6235.9375  1.06200e+00  1.08066e+00  1.06193e+00  0.00000e+00
 -14903.52  6236.5625  1.00762e+00  1.06524e+00  1.00758e+00  0.00000e+00
 -14874.97  6237.1875  8.87883e-01  8.60337e-01  8.87886e-01  0.00000e+00
 -14846.42  6237.8125  8.60234e-01  6.97974e-01  8.60278e-01  0.00000e+00
 -14817.87  6238.4375  9.31414e-01  1.15685e+00  9.31474e-01  0.00000e+00
 -14789.32  6239.0625  8.79584e-01  7.50975e-01  8.79645e-01  0.00000e+00
 -14760.77  6239.6875  8.75424e-01  8.62716e-01  8.75451e-01  0.00000e+00
 -14732.22  6240.3125  9.53331e-01  9.59499e-01  9.53321e-01  0.00000e+00
 -14703.67  6240.9375  1.00585e+00  1.05458e+00  1.00586e+00  0.00000e+00
 -14675.12  6241.5625  9.89797e-01  9.89265e-01  9.89810e-01  0.00000e+00
 -14646.57  6242.1875  9.50224e-01  9.47579e-01  9.50207e-01  0.00000e+00
 -14618.01  6242.8125  9.79674e-01  8.64369e-01  9.79686e-01  0.00000e+00
 -14589.46  6243.4375  1.09841e+00  1.20401e+00  1.09850e+00  0.00000e+00
 -14560.91  6244.0625  1.11041e+00  1.17464e+00  1.11051e+00  0.00000e+00
 -14532.36  6244.6875  1.03171e+00  9.37425e-01  1.03174e+00  0.00000e+00
 -14503.81  6245.3125  1.00435e+00  1.05821e+00  1.00432e+00  0.00000e+00
 -14475.26  6245.9375  9.78160e-01  9.51032e-01  9.78120e-01  0.00000e+00
 -14446.71  6246.5625  9.73655e-01  9.43451e-01  9.73663e-01  0.00000e+00
 -14418.16  6247.1875  9.62959e-01  1.06484e+00  9.63037e-01  0.00000e+00
 -14389.61  6247.8125  8.64128e-01  8.26592e-01  8.64178e-01  0.00000e+00
 -14361.06  6248.4375  8.53100e-01  6.83525e-01  8.53073e-01  0.00000e+00
 -14332.50  6249.0625  1.00559e+00  1.14000e+00  1.00555e+00  0.00000e+00
 -14303.95  6249.6875  1.07174e+00  1.09196e+00  1.07173e+00  0.00000e+00
 -14275.40  6250.3125  1.05661e+00  1.02225e+00  1.05648e+00  0.00000e+00
 -14246.85  6250.9375  1.07811e+00  1.05642e+00  1.07793e+00  0.00000e+00
 -14218.30  6251.5625  1.06230e+00  1.21607e+00  1.06218e+00  0.00000e+00
 -14189.75  6252.1875  9.69758e-01  7.75437e-01  9.69678e-01  0.00000e+00
 -14161.20  6252.8125  9.82798e-01  1.08925e+00  9.82750e-01  0.00000e+00
 -14132.65  6253.4375  1.01954e+00  9.23686e-01  1.01957e+00  0.00000e+00
 -14104.10  6254.0625  1.03555e+00  1.19124e+00  1.03558e+00  0.00000e+00
 -14075.54  6254.6875  9.66863e-01  8.52010e-01  9.66803e-01  0.00000e+00
 -14046.99  6255.3125  9.46611e-01  9.70835e-01  9.46519e-01  0.00000e+00
 -14018.44  6255.9375  9.69585e-01  9.46751e-01  9.69528e-01  0.00000e+00
 -13989.89  6256.5625  9.64809e-01  1.04602e+00  9.64790e-01  0.00000e+00
 -13961.34  6257.1875  8.99784e-01  8.44147e-01  8.99769e-01  0.00000e+00
 -13932.79  6257.8125  8.85329e-01  8.40532e-01  8.85330e-01  0.00000e+00
 -13904.24  6258.4375  9.16274e-01  9.91207e-01  9.16277e-01  0.00000e+00
 -13875.69  6259.0625  8.79280e-01  8.76764e-01  8.79271e-01  0.00000e+00
 -13847.14  6259.6875  8.33580e-01  7.84703e-01  8.33560e-01  0.00000e+00
 -13818.59  6260.3125  8.90711e-01  8.21884e-01  8.90768e-01  0.00000e+00
 -13790.03  6260.9375  1.00803e+00  1.10862e+00  1.00816e+00  0.00000e+00
 -13761.48  6261.5625  1.02244e+00  1.04128e+00  1.02256e+00  0.00000e+00
 -13732.93  6262.1875  9.53198e-01  9.59915e-01  9.53324e-01  0.00000e+00
 -13704.38  6262.8125  9.40671e-01  8.05095e-01  9.40733e-01  0.00000e+00
 -13675.83  6263.4375  1.06393e+00  1.12572e+00  1.06391e+00  0.00000e+00
 -13647.28  6264.0625  1.12475e+00  1.22655e+00  1.12471e+00  0.00000e+00
 -13618.73  6264.6875  1.02249e+00  1.02067e+00  1.02252e+00  0.00000e+00
 -13590.18  6265.3125  9.41543e-01  7.99273e-01  9.41658e-01  0.00000e+00
 -13561.63  6265.9375  9.84556e-01  1.08963e+00  9.84642e-01  0.00000e+00
 -13533.08  6266.5625  9.71536e-01  9.76297e-01  9.71553e-01  0.00000e+00
 -13504.52  6267.1875  9.10874e-01  8.87266e-01  9.10900e-01  0.00000e+00
 -13475.97  6267.8125  9.30289e-01  8.30626e-01  9.30377e-01  0.00000e+00
 -13447.42  6268.4375  9.99877e-01  1.16230e+00  9.99927e-01  0.00000e+00
 -13418.87  6269.0625  9.40863e-01  8.98687e-01  9.40833e-01  0.00000e+00
 -13390.32  6269.6875  8.68627e-01  8.25541e-01  8.68569e-01  0.00000e+00
 -13361.77  6270.3125  8.68167e-01  8.77221e-01  8.68084e-01  0.00000e+00
 -13333.22  6270.9375  8.76503e-01  8.88199e-01  8.76412e-01  0.00000e+00
 -13304.67  6271.5625  8.74347e-01  8.64288e-01  8.74307e-01  0.00000e+00
 -13276.12  6272.1875  9.33551e-01  8.38208e-01  9.33506e-01  0.00000e+00
 -13247.56  6272.8125  1.07301e+00  1.15517e+00  1.07295e+00  0.00000e+00
 -13219.01  6273.4375  1.11531e+00  1.19725e+00  1.11531e+00  0.00000e+00
 -13190.46  6274.0625  1.06909e+00  9.51689e-01  1.06908e+00  0.00000e+00
 -13161.91  6274.6875  1.06872e+00  1.17130e+00  1.06872e+00  0.00000e+00
 -13133.36  6275.3125  1.06642e+00  9.51334e-01  1.06644e+00  0.00000e+00
 -13104.81  6275.9375  1.09401e+00  1.20387e+00  1.09403e+00  0.00000e+00
 -13076.26  6276.5625  1.06168e+00  1.02636e+00  1.06170e+00  0.00000e+00
 -13047.71  6277.1875  9.97783e-01  1.02537e+00  9.97786e-01  0.00000e+00
 -13019.16  6277.8125  9.33548e-01  9.06254e-01  9.33552e-01  0.00000e+00
 -12990.61  6278.4375  9.26866e-01  8.61808e-01  9.26888e-01  0.00000e+00
 -12962.05  6279.0625  9.67761e-01  1.05967e+00  9.67824e-01  0.00000e+00
 -12933.50  6279.6875  9.46559e-01  9.15319e-01  9.46638e-01  0.00000e+00
 -12904.95  6280.3125  9.38605e-01  8.98722e-01  9.38623e-01  0.00000e+00
 -12876.40  6280.9375  1.01385e+00  9.86137e-01  1.01378e+00  0.00000e+00
 -12847.85  6281.5625  1.09798e+00  1.18448e+00  1.09791e+00  0.00000e+00
 -12819.30  6282.1875  1.06370e+00  1.09741e+00  1.06368e+00  0.00000e+00
 -12790.75  6282.8125  9.33160e-01  9.39366e-01  9.33159e-01  0.00000e+00
 -12762.20  6283.4375  8.46787e-01  7.19700e-01  8.46773e-01  0.00000e+00
 -12733.65  6284.0625  9.03337e-01  9.42281e-01  9.03278e-01  0.00000e+00
 -12705.10  6284.6875  1.00222e+00  9.65127e-01  1.00214e+00  0.00000e+00
 -12676.54  6285.3125  1.04644e+00  1.19493e+00  1.04638e+00  0.00000e+00
 -12647.99  6285.9375  1.00603e+00  8.46342e-01  1.00604e+00  0.00000e+00
 -12619.44  6286.5625  1.01974e+00  1.14269e+00  1.01975e+00  0.00000e+00
 -12590.89  6287.1875  1.03660e+00  9.07925e-01  1.03664e+00  0.00000e+00
 -12562.34  6287.8125  1.10398e+00  1.19051e+00  1.10404e+00  0.00000e+00
 -12533.79  6288.4375  1.13224e+00  1.12477e+00  1.13229e+00  0.00000e+00
 -12505.24  6289.0625  1.08817e+00  1.14524e+00  1.08813e+00  0.00000e+00
 -12476.69  6289.6875  9.84033e-01  9.65215e-01  9.83985e-01  0.00000e+00
 -12448.14  6290.3125  9.25479e-01  8.30529e-01  9.25488e-01  0.00000e+00
 -12419.58  6290.9375  9.47790e-01  1.03963e+00  9.47848e-01  0.00000e+00
 -12391.03  6291.5625  9.15623e-01  9.02585e-01  9.15686e-01  0.00000e+00
 -12362.48  6292.1875  8.84679e-01  8.25609e-01  8.84728e-01  0.00000e+00
 -12333.93  6292.8125  9.47068e-01  9.28650e-01  9.47054e-01  0.00000e+00
 -12305.38  6293.4375  1.04189e+00  1.08802e+00  1.04186e+00  0.00000e+00
 -12276.83  6294.0625  1.07345e+00  1.09591e+00  1.07346e+00  0.00000e+00
 -12248.28  6294.6875  1.02955e+00  1.06108e+00  1.02955e+00  0.00000e+00
 -12219.73  6295.3125  9.49296e-01  9.13879e-01  9.49360e-01  0.00000e+00
 -12191.18  6295.9375  8.83808e-01  9.03811e-01  8.83909e-01  0.00000e+00
 -12162.63  6296.5625  8.07726e-01  8.20285e-01  8.07823e-01  0.00000e+00
 -12134.07  6297.1875  7.61670e-01  6.64594e-01  7.61777e-01  0.00000e+00
 -12105.52  6297.8125  8.15166e-01  8.51374e-01  8.15264e-01  0.00000e+00
 -12076.97  6298.4375  8.80573e-01  8.75173e-01  8.80669e-01  0.00000e+00
 -12048.42  6299.0625  9.11115e-01  9.54075e-01  9.11180e-01  0.00000e+00
 -12019.87  6299.6875  9.29826e-01  8.51241e-01  9.29829e-01  0.00000e+00
 -11991.32  6300.3125  9.61988e-01  1.07789e+00  9.61999e-01  0.00000e+00
 -11962.77  6300.9375  9.59651e-01  8.27772e-01  9.59660e-01  0.00000e+00
 -11934.22  6301.5625  9.64807e-01  1.14074e+00  9.64775e-01  0.00000e+00
 -11905.67  6302.1875  9.20978e-01  7.39124e-01  9.20938e-01  0.00000e+00
 -11877.12  6302.8125  9.89603e-01  1.02359e+00  9.89587e-01  0.00000e+00
 -11848.56  6303.4375  9.95288e-01  1.20929e+00  9.95289e-01  0.00000e+00
 -11820.01  6304.0625  8.50172e-01  6.04226e-01  8.50160e-01  0.00000e+00
 -11791.46  6304.6875  8.94483e-01  9.01631e-01  8.94454e-01  0.00000e+00
 -11762.91  6305.3125  1.01373e+00  1.11051e+00  1.01373e+00  0.00000e+00
 -11734.36  6305.9375  1.01612e+00  9.98198e-01  1.01613e+00  0.00000e+00
 -11705.81  6306.5625  9.52303e-01  1.01566e+00  9.52296e-01  0.00000e+00
 -11677.26  6307.1875  9.50377e-01  7.15199e-01  9.50331e-01  0.00000e+00
 -11648.71  6307.8125  1.14035e+00  1.27365e+00  1.14028e+00  0.00000e+00
 -11620.16  6308.4375  1.23420e+00  1.33636e+00  1.23416e+00  0.00000e+00
 -11591.60  6309.0625  1.17484e+00  1.07913e+00  1.17487e+00  0.00000e+00
 -11563.05  6309.6875  1.14208e+00  1.19764e+00  1.14212e+00  0.00000e+00
 -11534.50  6310.3125  1.08899e+00  1.09864e+00  1.08897e+00  0.00000e+00
 -11505.95  6310.9375  1.06677e+00  9.35914e-01  1.06668e+00  0.00000e+00
 -11477.40  6311.5625  1.12266e+00  1.27583e+00  1.12254e+00  0.00000e+00
 -11448.85  6312.1875  1.12459e+00  1.00068e+00  1.12453e+00  0.00000e+00
 -11420.30  6312.8125  1.13941e+00  1.25132e+00  1.13945e+00  0.00000e+00
 -11391.75  6313.4375  1.14149e+00  1.02428e+00  1.14154e+00  0.00000e+00
 -11363.20  6314.0625  1.15459e+00  1.29044e+00  1.15461e+00  0.00000e+00
 -11334.65  6314.6875  1.07129e+00  1.04731e+00  1.07130e+00  0.00000e+00
 -11306.09  6315.3125  9.90248e-01  9.01866e-01  9.90288e-01  0.00000e+00
 -11277.54  6315.9375  9.54185e-01  1.09878e+00  9.54239e-01  0.00000e+00
 -11248.99  6316.5625  8.73103e-01  7.20837e-01  8.73109e-01  0.00000e+00
 -11220.44  6317.1875  9.17284e-01  8.98858e-01  9.17239e-01  0.00000e+00
 -11191.89  6317.8125  1.01139e+00  1.12616e+00  1.01131e+00  0.00000e+00
 -11163.34  6318.4375  1.08954e+00  8.76792e-01  1.08943e+00  0.00000e+00
 -11134.79  6319.0625  1.23804e+00  1.48401e+00  1.23793e+00  0.00000e+00
 -11106.24  6319.6875  1.26544e+00  1.12146e+00  1.26534e+00  0.00000e+00
 -11077.69  6320.3125  1.24479e+00  1.41042e+00  1.24466e+00  0.00000e+00
 -11049.14  6320.9375  1.12368e+00  1.05246e+00  1.12357e+00  0.00000e+00
 -11020.58  6321.5625  9.81991e-01  1.02156e+00  9.81911e-01  0.00000e+00
 -10992.03  6322.1875  8.90065e-01  7.80343e-01  8.90038e-01  0.00000e+00
 -10963.48  6322.8125  9.00639e-01  9.42168e-01  9.00661e-01  0.00000e+00
 -10934.93  6323.4375  9.59994e-01  8.89233e-01  9.59970e-01  0.00000e+00
 -10906.38  6324.0625  1.02004e+00  1.13906e+00  1.01996e+00  0.00000e+00
 -10877.83  6324.6875  9.61911e-01  9.62292e-01  9.61885e-01  0.00000e+00
 -10849.28  6325.3125  8.40683e-01  8.39388e-01  8.40709e-01  0.00000e+00
 -10820.73  6325.9375  8.26912e-01  6.37415e-01  8.26891e-01  0.00000e+00
 -10792.18  6326.5625  9.70147e-01  1.12832e+00  9.70083e-01  0.00000e+00
 -10763.62  6327.1875  1.00166e+00  1.03007e+00  1.00158e+00  0.00000e+00
 -10735.07  6327.8125  9.37184e-01  8.85103e-01  9.37093e-01  0.00000e+00
 -10706.52  6328.4375  9.31492e-01  9.17390e-01  9.31433e-01  0.00000e+00
 -10677.97  6329.0625  1.02495e+00  9.32427e-01  1.02491e+00  0.00000e+00
 -10649.42  6329.6875  1.13071e+00  1.33683e+00  1.13069e+00  0.00000e+00
 -10620.87  6330.3125  1.07690e+00  9.73616e-01  1.07691e+00  0.00000e+00
 -10592.32  6330.9375  9.83500e-01  1.08305e+00  9.83546e-01  0.00000e+00
 -10563.77  6331.5625  9.07523e-01  7.51239e-01  9.07590e-01  0.00000e+00
 -10535.22  6332.1875  9.70907e-01  9.87443e-01  9.70958e-01  0.00000e+00
 -10506.67  6332.8125  1.05726e+00  1.13593e+00  1.05730e+00  0.00000e+00
 -10478.11  6333.4375  1.05903e+00  1.01643e+00  1.05902e+00  0.00000e+00
 -10449.56  6334.0625  1.05372e+00  1.07686e+00  1.05364e+00  0.00000e+00
 -10421.01  6334.6875  1.01747e+00  1.05636e+00  1.01742e+00  0.00000e+00
 -10392.46  6335.3125  9.20963e-01  9.14927e-01  9.20993e-01  0.00000e+00
 -10363.91  6335.9375  8.25892e-01  8.02539e-01  8.25975e-01  0.00000e+00
 -10335.36  6336.5625  8.23529e-01  7.19133e-01  8.23631e-01  0.00000e+00
 -10306.81  6337.1875  8.98454e-01  1.02749e+00  8.98554e-01  0.00000e+00
 -10278.26  6337.8125  8.99115e-01  8.43546e-01  8.99201e-01  0.00000e+00
 -10249.71  6338.4375  9.01087e-01  8.96535e-01  9.01141e-01  0.00000e+00
 -10221.16  6339.0625  9.24839e-01  9.46249e-01  9.24828e-01  0.00000e+00
 -10192.60  6339.6875  9.13005e-01  9.32600e-01  9.12986e-01  0.00000e+00
 -10164.05  6340.3125  8.70264e-01  8.62207e-01  8.70219e-01  0.00000e+00
 -10135.50  6340.9375  8.83416e-01  7.84438e-01  8.83333e-01  0.00000e+00
 -10106.95  6341.5625  9.85616e-01  1.06136e+00  9.85602e-01  0.00000e+00
 -10078.40  6342.1875  1.02617e+00  1.06487e+00  1.02625e+00  0.00000e+00
 -10049.85  6342.8125  1.01922e+00  9.40594e-01  1.01933e+00  0.00000e+00
 -10021.30  6343.4375  1.07557e+00  1.10028e+00  1.07569e+00  0.00000e+00
  -9992.75  6344.0625  1.12801e+00  1.15124e+00  1.12806e+00  0.00000e+00
  -9964.20  6344.6875  1.08155e+00  1.17985e+00  1.08151e+00  0.00000e+00
  -9935.65  6345.3125  9.62979e-01  8.37939e-01  9.62941e-01  0.00000e+00
  -9907.09  6345.9375  9.20086e-01  9.71477e-01  9.20065e-01  0.00000e+00
  -9878.54  6346.5625  8.90918e-01  8.78326e-01  8.90947e-01  0.00000e+00
  -9849.99  6347.1875  8.79849e-01  8.27499e-01  8.79920e-01  0.00000e+00
  -9821.44  6347.8125  8.90451e-01  9.88346e-01  8.90526e-01  0.00000e+00
  -9792.89  6348.4375  9.02659e-01  7.35304e-01  9.02700e-01  0.00000e+00
  -9764.34  6349.0625  1.03842e+00  1.09885e+00  1.03845e+00  0.00000e+00
  -9735.79  6349.6875  1.09936e+00  1.25874e+00  1.09939e+00  0.00000e+00
  -9707.24  6350.3125  9.93478e-01  8.64010e-01  9.93494e-01  0.00000e+00
  -9678.69  6350.9375  9.37326e-01  9.80857e-01  9.37304e-01  0.00000e+00
  -9650.13  6351.5625  9.43400e-01  8.67959e-01  9.43395e-01  0.00000e+00
  -9621.58  6352.1875  1.03844e+00  1.01593e+00  1.03842e+00  0.00000e+00
  -9593.03  6352.8125  1.14034e+00  1.25033e+00  1.14026e+00  0.00000e+00
  -9564.48  6353.4375  1.09941e+00  1.11788e+00  1.09932e+00  0.00000e+00
  -9535.93  6354.0625  9.62779e-01  9.80729e-01  9.62696e-01  0.00000e+00
  -9507.38  6354.6875  8.94527e-01  7.13474e-01  8.94488e-01  0.00000e+00
  -9478.83  6355.3125  1.00131e+00  1.08980e+00  1.00132e+00  0.00000e+00
  -9450.28  6355.9375  1.07124e+00  1.12065e+00  1.07121e+00  0.00000e+00
  -9421.73  6356.5625  1.05924e+00  1.00321e+00  1.05911e+00  0.00000e+00
  -9393.18  6357.1875  1.05337e+00  1.11544e+00  1.05323e+00  0.00000e+00
  -9364.62  6357.8125  1.03720e+00  9.69846e-01  1.03717e+00  0.00000e+00
  -9336.07  6358.4375  1.05599e+00  1.08639e+00  1.05603e+00  0.00000e+00
  -9307.52  6359.0625  1.05680e+00  1.08189e+00  1.05680e+00  0.00000e+00
  -9278.97  6359.6875  9.88734e-01  1.01906e+00  9.88691e-01  0.00000e+00
  -9250.42  6360.3125  8.61953e-01  8.75278e-01  8.61940e-01  0.00000e+00
  -9221.87  6360.9375  8.13609e-01  6.22137e-01  8.13607e-01  0.00000e+00
  -9193.32  6361.5625  9.88190e-01  1.02142e+00  9.88176e-01  0.00000e+00
  -9164.77  6362.1875  1.16325e+00  1.27667e+00  1.16328e+00  0.00000e+00
  -9136.22  6362.8125  1.14125e+00  1.19995e+00  1.14136e+00  0.00000e+00
  -9107.67  6363.4375  1.03914e+00  9.22425e-01  1.03925e+00  0.00000e+00
  -9079.11  6364.0625  1.01486e+00  1.08104e+00  1.01490e+00  0.00000e+00
  -9050.56  6364.6875  9.99815e-01  9.54896e-01  9.99814e-01  0.00000e+00
  -9022.01  6365.3125  1.02438e+00  9.93864e-01  1.02434e+00  0.00000e+00
  -8993.46  6365.9375  1.07513e+00  1.14669e+00  1.07510e+00  0.00000e+00
  -8964.91  6366.5625  1.11727e+00  1.00094e+00  1.11731e+00  0.00000e+00
  -8936.36  6367.1875  1.19647e+00  1.31825e+00  1.19655e+00  0.00000e+00
  -8907.81  6367.8125  1.15071e+00  1.20308e+00  1.15078e+00  0.00000e+00
  -8879.26  6368.4375  9.96707e-01  9.51257e-01  9.96713e-01  0.00000e+00
  -8850.71  6369.0625  9.33454e-01  8.17153e-01  9.33412e-01  0.00000e+00
  -8822.15  6369.6875  9.73205e-01  1.10719e+00  9.73178e-01  0.00000e+00
  -8793.60  6370.3125  9.57524e-01  8.70983e-01  9.57535e-01  0.00000e+00
  -8765.05  6370.9375  9.66980e-01  9.95163e-01  9.67001e-01  0.00000e+00
  -8736.50  6371.5625  1.05148e+00  9.32167e-01  1.05146e+00  0.00000e+00
  -8707.95  6372.1875  1.15131e+00  1.37587e+00  1.15131e+00  0.00000e+00
  -8679.40  6372.8125  1.13244e+00  9.44946e-01  1.13243e+00  0.00000e+00
  -8650.85  6373.4375  1.16055e+00  1.28033e+00  1.16056e+00  0.00000e+00
  -8622.30  6374.0625  1.16024e+00  1.11354e+00  1.16032e+00  0.00000e+00
  -8593.75  6374.6875  1.09628e+00  1.19411e+00  1.09635e+00  0.00000e+00
  -8565.20  6375.3125  9.35435e-01  9.32922e-01  9.35462e-01  0.00000e+00
  -8536.64  6375.9375  8.66157e-01  6.20436e-01  8.66175e-01  0.00000e+00
  -8508.09  6376.5625  1.04979e+00  1.16308e+00  1.04983e+00  0.00000e+00
  -8479.54  6377.1875  1.14857e+00  1.28825e+00  1.14865e+00  0.00000e+00
  -8450.99  6377.8125  1.03383e+00  9.78990e-01  1.03389e+00  0.00000e+00
  -8422.44  6378.4375  9.12287e-01  8.97159e-01  9.12283e-01  0.00000e+00
  -8393.89  6379.0625  8.47674e-01  8.43697e-01  8.47620e-01  0.00000e+00
  -8365.34  6379.6875  8.89551e-01  7.34895e-01  8.89534e-01  0.00000e+00
  -8336.79  6380.3125  1.05949e+00  1.18782e+00  1.05946e+00  0.00000e+00
  -8308.24  6380.9375  1.09937e+00  1.19270e+00  1.09930e+00  0.00000e+00
  -8279.69  6381.5625  1.01627e+00  8.93722e-01  1.01621e+00  0.00000e+00
  -8251.13  6382.1875  1.03241e+00  1.03332e+00  1.03235e+00  0.00000e+00
  -8222.58  6382.8125  1.07257e+00  1.15193e+00  1.07250e+00  0.00000e+00
  -8194.03  6383.4375  1.04706e+00  9.89553e-01  1.04698e+00  0.00000e+00
  -8165.48  6384.0625  1.07647e+00  1.02762e+00  1.07648e+00  0.00000e+00
  -8136.93  6384.6875  1.14099e+00  1.23963e+00  1.14104e+00  0.00000e+00
  -8108.38  6385.3125  1.07074e+00  1.13844e+00  1.07081e+00  0.00000e+00
  -8079.83  6385.9375  9.62601e-01  7.74268e-01  9.62703e-01  0.00000e+00
  -8051.28  6386.5625  1.00463e+00  1.10318e+00  1.00470e+00  0.00000e+00
  -8022.73  6387.1875  1.06777e+00  9.90996e-01  1.06778e+00  0.00000e+00
  -7994.17  6387.8125  1.06667e+00  1.25618e+00  1.06670e+00  0.00000e+00
  -7965.62  6388.4375  9.05318e-01  8.33943e-01  9.05382e-01  0.00000e+00
  -7937.07  6389.0625  8.36840e-01  6.47425e-01  8.36906e-01  0.00000e+00
  -7908.52  6389.6875  9.62258e-01  1.12014e+00  9.62312e-01  0.00000e+00
  -7879.97  6390.3125  9.92362e-01  9.96793e-01  9.92404e-01  0.00000e+00
  -7851.42  6390.9375  9.39173e-01  9.21272e-01  9.39180e-01  0.00000e+00
  -7822.87  6391.5625  9.32565e-01  8.81538e-01  9.32535e-01  0.00000e+00
  -7794.32  6392.1875  9.99951e-01  1.00605e+00  9.99983e-01  0.00000e+00
  -7765.77  6392.8125  1.05493e+00  1.10891e+00  1.05502e+00  0.00000e+00
  -7737.22  6393.4375  9.84857e-01  1.07316e+00  9.84889e-01  0.00000e+00
  -7708.66  6394.0625  8.29600e-01  7.32209e-01  8.29588e-01  0.00000e+00
  -7680.11  6394.6875  8.53972e-01  6.66365e-01  8.53947e-01  0.00000e+00
  -7651.56  6395.3125  1.02598e+00  1.29462e+00  1.02594e+00  0.00000e+00
  -7623.01  6395.9375  1.02470e+00  9.09529e-01  1.02465e+00  0.00000e+00
  -7594.46  6396.5625  9.88873e-01  1.04108e+00  9.88852e-01  0.00000e+00
  -7565.91  6397.1875  9.64504e-01  9.37732e-01  9.64503e-01  0.00000e+00
  -7537.36  6397.8125  1.01360e+00  8.97888e-01  1.01371e+00  0.00000e+00
  -7508.81  6398.4375  1.13224e+00  1.29413e+00  1.13242e+00  0.00000e+00
  -7480.26  6399.0625  1.09463e+00  1.11813e+00  1.09468e+00  0.00000e+00
  -7451.71  6399.6875  9.84755e-01  8.95172e-01  9.84681e-01  0.00000e+00
  -7423.15  6400.3125  9.66013e-01  9.83442e-01  9.65956e-01  0.00000e+00
  -7394.60  6400.9375  9.97915e-01  9.54363e-01  9.97914e-01  0.00000e+00
  -7366.05  6401.5625  9.76030e-01  1.16076e+00  9.76033e-01  0.00000e+00
  -7337.50  6402.1875  8.74766e-01  6.37215e-01  8.74777e-01  0.00000e+00
  -7308.95  6402.8125  9.30387e-01  1.01139e+00  9.30417e-01  0.00000e+00
  -7280.40  6403.4375  1.00741e+00  1.02133e+00  1.00739e+00  0.00000e+00
  -7251.85  6404.0625  1.01677e+00  1.02578e+00  1.01670e+00  0.00000e+00
  -7223.30  6404.6875  9.64731e-01  1.03425e+00  9.64696e-01  0.00000e+00
  -7194.75  6405.3125  8.94775e-01  7.59868e-01  8.94748e-01  0.00000e+00
  -7166.19  6405.9375  9.33004e-01  9.77672e-01  9.32981e-01  0.00000e+00
  -7137.64  6406.5625  9.53335e-01  1.02028e+00  9.53408e-01  0.00000e+00
  -7109.09  6407.1875  9.05522e-01  8.28066e-01  9.05588e-01  0.00000e+00
  -7080.54  6407.8125  8.67478e-01  9.57957e-01  8.67467e-01  0.00000e+00
  -7051.99  6408.4375  8.19279e-01  7.08870e-01  8.19257e-01  0.00000e+00
  -7023.44  6409.0625  8.44913e-01  8.82684e-01  8.44932e-01  0.00000e+00
  -6994.89  6409.6875  9.15641e-01  8.64192e-01  9.15632e-01  0.00000e+00
  -6966.34  6410.3125  1.03825e+00  1.03067e+00  1.03818e+00  0.00000e+00
  -6937.79  6410.9375  1.15498e+00  1.22798e+00  1.15491e+00  0.00000e+00
  -6909.24  6411.5625  1.15839e+00  1.19857e+00  1.15840e+00  0.00000e+00
  -6880.68  6412.1875  1.09781e+00  1.03733e+00  1.09793e+00  0.00000e+00
  -6852.13  6412.8125  1.04471e+00  1.12687e+00  1.04485e+00  0.00000e+00
  -6823.58  6413.4375  9.74885e-01  8.76333e-01  9.75002e-01  0.00000e+00
  -6795.03  6414.0625  9.50506e-01  1.01892e+00  9.50615e-01  0.00000e+00
  -6766.48  6414.6875  9.54467e-01  8.52567e-01  9.54595e-01  0.00000e+00
  -6737.93  6415.3125  1.05133e+00  1.04492e+00  1.05145e+00  0.00000e+00
  -6709.38  6415.9375  1.06161e+00  1.32521e+00  1.06163e+00  0.00000e+00
  -6680.83  6416.5625  8.38511e-01  6.61995e-01  8.38483e-01  0.00000e+00
  -6652.28  6417.1875  7.69757e-01  6.41494e-01  7.69762e-01  0.00000e+00
  -6623.73  6417.8125  9.72351e-01  9.59341e-01  9.72402e-01  0.00000e+00
  -6595.17  6418.4375  1.16622e+00  1.35500e+00  1.16632e+00  0.00000e+00
  -6566.62  6419.0625  1.18941e+00  1.06582e+00  1.18955e+00  0.00000e+00
  -6538.07  6419.6875  1.16665e+00  1.32747e+00  1.16675e+00  0.00000e+00
  -6509.52  6420.3125  1.02523e+00  9.85984e-01  1.02528e+00  0.00000e+00
  -6480.97  6420.9375  9.01515e-01  8.02648e-01  9.01551e-01  0.00000e+00
  -6452.42  6421.5625  8.98537e-01  9.46201e-01  8.98554e-01  0.00000e+00
  -6423.87  6422.1875  8.83213e-01  9.01620e-01  8.83222e-01  0.00000e+00
  -6395.32  6422.8125  8.37035e-01  8.07803e-01  8.37057e-01  0.00000e+00
  -6366.77  6423.4375  8.47909e-01  7.94347e-01  8.47938e-01  0.00000e+00
  -6338.21  6424.0625  9.18837e-01  9.66526e-01  9.18867e-01  0.00000e+00
  -6309.66  6424.6875  9.62233e-01  9.56764e-01  9.62299e-01  0.00000e+00
  -6281.11  6425.3125  9.70747e-01  9.93610e-01  9.70798e-01  0.00000e+00
  -6252.56  6425.9375  9.33580e-01  9.63152e-01  9.33558e-01  0.00000e+00
  -6224.01  6426.5625  8.64255e-01  8.29672e-01  8.64265e-01  0.00000e+00
  -6195.46  6427.1875  8.30848e-01  8.24091e-01  8.30889e-01  0.00000e+00
  -6166.91  6427.8125  8.90410e-01  7.72245e-01  8.90448e-01  0.00000e+00
  -6138.36  6428.4375  9.77901e-01  1.20947e+00  9.77938e-01  0.00000e+00
  -6109.81  6429.0625  9.34688e-01  7.62189e-01  9.34628e-01  0.00000e+00
  -6081.26  6429.6875  1.01084e+00  9.61006e-01  1.01078e+00  0.00000e+00
  -6052.70  6430.3125  1.16675e+00  1.30457e+00  1.16675e+00  0.00000e+00
  -6024.15  6430.9375  1.17480e+00  1.17596e+00  1.17476e+00  0.00000e+00
  -5995.60  6431.5625  1.10809e+00  1.09295e+00  1.10806e+00  0.00000e+00
  -5967.05  6432.1875  1.06403e+00  1.05610e+00  1.06401e+00  0.00000e+00
  -5938.50  6432.8125  1.08631e+00  1.00467e+00  1.08627e+00  0.00000e+00
  -5909.95  6433.4375  1.15703e+00  1.26210e+00  1.15700e+00  0.00000e+00
  -5881.40  6434.0625  1.10963e+00  1.16301e+00  1.10964e+00  0.00000e+00
  -5852.85  6434.6875  1.01524e+00  8.71397e-01  1.01525e+00  0.00000e+00
  -5824.30  6435.3125  1.03903e+00  1.09960e+00  1.03902e+00  0.00000e+00
  -5795.75  6435.9375  1.04269e+00  1.08133e+00  1.04268e+00  0.00000e+00
  -5767.19  6436.5625  9.48553e-01  9.84123e-01  9.48608e-01  0.00000e+00
  -5738.64  6437.1875  9.04519e-01  6.89956e-01  9.04618e-01  0.00000e+00
  -5710.09  6437.8125  1.00354e+00  1.20877e+00  1.00364e+00  0.00000e+00
  -5681.54  6438.4375  1.02532e+00  9.10686e-01  1.02537e+00  0.00000e+00
  -5652.99  6439.0625  1.04403e+00  1.10642e+00  1.04410e+00  0.00000e+00
  -5624.44  6439.6875  1.03404e+00  1.05077e+00  1.03413e+00  0.00000e+00
  -5595.89  6440.3125  1.00521e+00  9.39668e-01  1.00525e+00  0.00000e+00
  -5567.34  6440.9375  1.00680e+00  1.08343e+00  1.00684e+00  0.00000e+00
  -5538.79  6441.5625  9.73260e-01  9.22056e-01  9.73336e-01  0.00000e+00
  -5510.24  6442.1875  9.12197e-01  1.00448e+00  9.12258e-01  0.00000e+00
  -5481.68  6442.8125  8.32583e-01  7.01189e-01  8.32640e-01  0.00000e+00
  -5453.13  6443.4375  8.14314e-01  9.17879e-01  8.14378e-01  0.00000e+00
  -5424.58  6444.0625  7.91150e-01  6.98465e-01  7.91182e-01  0.00000e+00
  -5396.03  6444.6875  8.35021e-01  8.26876e-01  8.34999e-01  0.00000e+00
  -5367.48  6445.3125  8.91877e-01  9.82607e-01  8.91847e-01  0.00000e+00
  -5338.93  6445.9375  9.12244e-01  7.79369e-01  9.12249e-01  0.00000e+00
  -5310.38  6446.5625  9.76918e-01  1.10605e+00  9.76934e-01  0.00000e+00
  -5281.83  6447.1875  9.54409e-01  9.43370e-01  9.54439e-01  0.00000e+00
  -5253.28  6447.8125  8.89042e-01  8.63155e-01  8.89064e-01  0.00000e+00
  -5224.72  6448.4375  8.70275e-01  8.53453e-01  8.70286e-01  0.00000e+00
  -5196.17  6449.0625  8.88566e-01  8.95478e-01  8.88584e-01  0.00000e+00
  -5167.62  6449.6875  9.45367e-01  8.78496e-01  9.45364e-01  0.00000e+00
  -5139.07  6450.3125  1.01498e+00  1.13449e+00  1.01496e+00  0.00000e+00
  -5110.52  6450.9375  9.73061e-01  9.68954e-01  9.73106e-01  0.00000e+00
  -5081.97  6451.5625  9.54825e-01  8.02496e-01  9.54939e-01  0.00000e+00
  -5053.42  6452.1875  1.06554e+00  1.18585e+00  1.06566e+00  0.00000e+00
  -5024.87  6452.8125  1.11527e+00  1.10741e+00  1.11534e+00  0.00000e+00
  -4996.32  6453.4375  1.13510e+00  1.08212e+00  1.13518e+00  0.00000e+00
  -4967.77  6454.0625  1.14988e+00  1.28069e+00  1.15002e+00  0.00000e+00
  -4939.21  6454.6875  1.08122e+00  9.85746e-01  1.08138e+00  0.00000e+00
  -4910.66  6455.3125  1.06477e+00  1.05492e+00  1.06489e+00  0.00000e+00
  -4882.11  6455.9375  1.05823e+00  1.15837e+00  1.05828e+00  0.00000e+00
  -4853.56  6456.5625  9.95830e-01  8.78899e-01  9.95824e-01  0.00000e+00
  -4825.01  6457.1875  9.94094e-01  1.06014e+00  9.94085e-01  0.00000e+00
  -4796.46  6457.8125  1.06032e+00  9.06132e-01  1.06036e+00  0.00000e+00
  -4767.91  6458.4375  1.19380e+00  1.35880e+00  1.19390e+00  0.00000e+00
  -4739.36  6459.0625  1.15943e+00  1.22755e+00  1.15949e+00  0.00000e+00
  -4710.81  6459.6875  9.96958e-01  9.08128e-01  9.96932e-01  0.00000e+00
  -4682.26  6460.3125  9.69061e-01  8.57820e-01  9.69026e-01  0.00000e+00
  -4653.70  6460.9375  1.05953e+00  1.19686e+00  1.05954e+00  0.00000e+00
  -4625.15  6461.5625  1.05357e+00  1.02346e+00  1.05360e+00  0.00000e+00
  -4596.60  6462.1875  9.86593e-01  1.03147e+00  9.86592e-01  0.00000e+00
  -4568.05  6462.8125  9.71647e-01  7.99196e-01  9.71590e-01  0.00000e+00
  -4539.50  6463.4375  1.04339e+00  1.23804e+00  1.04334e+00  0.00000e+00
  -4510.95  6464.0625  9.75731e-01  9.52367e-01  9.75736e-01  0.00000e+00
  -4482.40  6464.6875  8.86841e-01  7.88275e-01  8.86835e-01  0.00000e+00
  -4453.85  6465.3125  9.31808e-01  9.33706e-01  9.31768e-01  0.00000e+00
  -4425.30  6465.9375  9.64466e-01  1.08547e+00  9.64470e-01  0.00000e+00
  -4396.74  6466.5625  8.86143e-01  8.05440e-01  8.86149e-01  0.00000e+00
  -4368.19  6467.1875  8.36173e-01  8.46273e-01  8.36169e-01  0.00000e+00
  -4339.64  6467.8125  8.30789e-01  8.12537e-01  8.30778e-01  0.00000e+00
  -4311.09  6468.4375  8.83783e-01  8.23393e-01  8.83787e-01  0.00000e+00
  -4282.54  6469.0625  1.02893e+00  1.01958e+00  1.02893e+00  0.00000e+00
  -4253.99  6469.6875  1.13990e+00  1.28124e+00  1.13991e+00  0.00000e+00
  -4225.44  6470.3125  1.10598e+00  1.04734e+00  1.10608e+00  0.00000e+00
  -4196.89  6470.9375  1.07581e+00  1.05697e+00  1.07594e+00  0.00000e+00
  -4168.34  6471.5625  1.09026e+00  1.10621e+00  1.09036e+00  0.00000e+00
  -4139.79  6472.1875  1.07548e+00  1.12071e+00  1.07552e+00  0.00000e+00
  -4111.23  6472.8125  1.08385e+00  9.18273e-01  1.08380e+00  0.00000e+00
  -4082.68  6473.4375  1.14640e+00  1.37984e+00  1.14630e+00  0.00000e+00
  -4054.13  6474.0625  1.05937e+00  9.62957e-01  1.05930e+00  0.00000e+00
  -4025.58  6474.6875  1.03274e+00  9.09159e-01  1.03274e+00  0.00000e+00
  -3997.03  6475.3125  1.09823e+00  1.30846e+00  1.09828e+00  0.00000e+00
  -3968.48  6475.9375  1.03677e+00  9.11636e-01  1.03682e+00  0.00000e+00
  -3939.93  6476.5625  1.00860e+00  1.03000e+00  1.00864e+00  0.00000e+00
  -3911.38  6477.1875  1.06920e+00  9.82574e-01  1.06919e+00  0.00000e+00
  -3882.83  6477.8125  1.16055e+00  1.28749e+00  1.16048e+00  0.00000e+00
  -3854.28  6478.4375  1.14461e+00  1.12642e+00  1.14455e+00  0.00000e+00
  -3825.72  6479.0625  1.07800e+00  1.08447e+00  1.07795e+00  0.00000e+00
  -3797.17  6479.6875  1.05671e+00  9.70293e-01  1.05660e+00  0.00000e+00
  -3768.62  6480.3125  1.06342e+00  1.21258e+00  1.06335e+00  0.00000e+00
  -3740.07  6480.9375  1.02210e+00  8.46571e-01  1.02218e+00  0.00000e+00
  -3711.52  6481.5625  1.00405e+00  1.22120e+00  1.00415e+00  0.00000e+00
  -3682.97  6482.1875  9.46604e-01  6.94161e-01  9.46656e-01  0.00000e+00
  -3654.42  6482.8125  1.02245e+00  1.15194e+00  1.02245e+00  0.00000e+00
  -3625.87  6483.4375  1.07963e+00  1.06319e+00  1.07958e+00  0.00000e+00
  -3597.32  6484.0625  1.06609e+00  1.10810e+00  1.06607e+00  0.00000e+00
  -3568.76  6484.6875  1.03672e+00  9.66991e-01  1.03672e+00  0.00000e+00
  -3540.21  6485.3125  9.62383e-01  1.16601e+00  9.62365e-01  0.00000e+00
  -3511.66  6485.9375  8.32353e-01  5.32523e-01  8.32302e-01  0.00000e+00
  -3483.11  6486.5625  8.62908e-01  1.06351e+00  8.62806e-01  0.00000e+00
  -3454.56  6487.1875  8.60776e-01  7.60704e-01  8.60672e-01  0.00000e+00
  -3426.01  6487.8125  8.78234e-01  8.91558e-01  8.78175e-01  0.00000e+00
  -3397.46  6488.4375  1.00775e+00  8.60043e-01  1.00776e+00  0.00000e+00
  -3368.91  6489.0625  1.10828e+00  1.49477e+00  1.10836e+00  0.00000e+00
  -3340.36  6489.6875  1.00720e+00  6.25571e-01  1.00725e+00  0.00000e+00
  -3311.81  6490.3125  1.07159e+00  1.26134e+00  1.07167e+00  0.00000e+00
  -3283.25  6490.9375  1.12189e+00  1.09103e+00  1.12198e+00  0.00000e+00
  -3254.70  6491.5625  1.13072e+00  1.08991e+00  1.13071e+00  0.00000e+00
  -3226.15  6492.1875  1.11540e+00  1.27338e+00  1.11535e+00  0.00000e+00
  -3197.60  6492.8125  1.01873e+00  8.47992e-01  1.01869e+00  0.00000e+00
  -3169.05  6493.4375  1.04837e+00  1.05895e+00  1.04836e+00  0.00000e+00
  -3140.50  6494.0625  1.15031e+00  1.16901e+00  1.15032e+00  0.00000e+00
  -3111.95  6494.6875  1.20979e+00  1.23446e+00  1.20974e+00  0.00000e+00
  -3083.40  6495.3125  1.18954e+00  1.24847e+00  1.18945e+00  0.00000e+00
  -3054.85  6495.9375  1.09988e+00  1.06259e+00  1.09985e+00  0.00000e+00
  -3026.30  6496.5625  1.05513e+00  9.96748e-01  1.05512e+00  0.00000e+00
  -2997.74  6497.1875  1.04507e+00  1.15562e+00  1.04506e+00  0.00000e+00
  -2969.19  6497.8125  9.76153e-01  8.86487e-01  9.76133e-01  0.00000e+00
  -2940.64  6498.4375  9.17435e-01  9.91872e-01  9.17411e-01  0.00000e+00
  -2912.09  6499.0625  8.32753e-01  7.98600e-01  8.32738e-01  0.00000e+00
  -2883.54  6499.6875  7.94204e-01  7.28121e-01  7.94223e-01  0.00000e+00
  -2854.99  6500.3125  8.92475e-01  8.30867e-01  8.92528e-01  0.00000e+00
  -2826.44  6500.9375  9.93264e-01  1.19895e+00  9.93354e-01  0.00000e+00
  -2797.89  6501.5625  9.33771e-01  8.13982e-01  9.33884e-01  0.00000e+00
  -2769.34  6502.1875  9.48001e-01  8.84253e-01  9.48090e-01  0.00000e+00
  -2740.78  6502.8125  1.06770e+00  1.13581e+00  1.06779e+00  0.00000e+00
  -2712.23  6503.4375  1.07299e+00  1.19203e+00  1.07306e+00  0.00000e+00
  -2683.68  6504.0625  9.80603e-01  8.09314e-01  9.80664e-01  0.00000e+00
  -2655.13  6504.6875  9.89098e-01  1.08072e+00  9.89173e-01  0.00000e+00
  -2626.58  6505.3125  1.01560e+00  9.46374e-01  1.01568e+00  0.00000e+00
  -2598.03  6505.9375  1.05050e+00  1.10871e+00  1.05055e+00  0.00000e+00
  -2569.48  6506.5625  1.06562e+00  1.03264e+00  1.06562e+00  0.00000e+00
  -2540.93  6507.1875  1.07402e+00  1.10057e+00  1.07400e+00  0.00000e+00
  -2512.38  6507.8125  1.04423e+00  1.08745e+00  1.04422e+00  0.00000e+00
  -2483.83  6508.4375  1.03752e+00  8.74116e-01  1.03748e+00  0.00000e+00
  -2455.27  6509.0625  1.14775e+00  1.26385e+00  1.14770e+00  0.00000e+00
  -2426.72  6509.6875  1.14081e+00  1.24506e+00  1.14078e+00  0.00000e+00
  -2398.17  6510.3125  9.95756e-01  8.90585e-01  9.95724e-01  0.00000e+00
  -2369.62  6510.9375  9.52578e-01  8.94228e-01  9.52555e-01  0.00000e+00
  -2341.07  6511.5625  9.43568e-01  1.12926e+00  9.43530e-01  0.00000e+00
  -2312.52  6512.1875  8.71068e-01  6.24948e-01  8.70987e-01  0.00000e+00
  -2283.97  6512.8125  9.43696e-01  1.06455e+00  9.43583e-01  0.00000e+00
  -2255.42  6513.4375  1.01958e+00  9.86781e-01  1.01947e+00  0.00000e+00
  -2226.87  6514.0625  1.08983e+00  1.05590e+00  1.08979e+00  0.00000e+00
  -2198.32  6514.6875  1.13278e+00  1.28241e+00  1.13276e+00  0.00000e+00
  -2169.76  6515.3125  1.04643e+00  9.63810e-01  1.04640e+00  0.00000e+00
  -2141.21  6515.9375  9.53141e-01  1.00090e+00  9.53097e-01  0.00000e+00
  -2112.66  6516.5625  8.68898e-01  8.22461e-01  8.68834e-01  0.00000e+00
  -2084.11  6517.1875  8.14016e-01  8.28521e-01  8.13932e-01  0.00000e+00
  -2055.56  6517.8125  8.11217e-01  7.40250e-01  8.11105e-01  0.00000e+00
  -2027.01  6518.4375  9.25802e-01  8.71655e-01  9.25727e-01  0.00000e+00
  -1998.46  6519.0625  1.08850e+00  1.19143e+00  1.08849e+00  0.00000e+00
  -1969.91  6519.6875  1.07809e+00  1.20074e+00  1.07816e+00  0.00000e+00
  -1941.36  6520.3125  9.06921e-01  7.99977e-01  9.07048e-01  0.00000e+00
  -1912.80  6520.9375  7.90622e-01  8.14217e-01  7.90685e-01  0.00000e+00
  -1884.25  6521.5625  7.83538e-01  6.51825e-01  7.83520e-01  0.00000e+00
  -1855.70  6522.1875  9.30214e-01  9.46181e-01  9.30189e-01  0.00000e+00
  -1827.15  6522.8125  1.09425e+00  1.15557e+00  1.09424e+00  0.00000e+00
  -1798.60  6523.4375  1.11434e+00  1.20792e+00  1.11436e+00  0.00000e+00
  -1770.05  6524.0625  9.81688e-01  9.71277e-01  9.81676e-01  0.00000e+00
  -1741.50  6524.6875  8.78796e-01  7.56953e-01  8.78701e-01  0.00000e+00
  -1712.95  6525.3125  9.49649e-01  9.34038e-01  9.49510e-01  0.00000e+00
  -1684.40  6525.9375  1.07693e+00  1.13768e+00  1.07682e+00  0.00000e+00
  -1655.85  6526.5625  1.09636e+00  1.16097e+00  1.09628e+00  0.00000e+00
  -1627.29  6527.1875  9.84385e-01  1.00461e+00  9.84352e-01  0.00000e+00
  -1598.74  6527.8125  8.72707e-01  7.58487e-01  8.72692e-01  0.00000e+00
  -1570.19  6528.4375  8.83226e-01  9.09526e-01  8.83218e-01  0.00000e+00
  -1541.64  6529.0625  9.24032e-01  9.28656e-01  9.23995e-01  0.00000e+00
  -1513.09  6529.6875  9.34719e-01  9.53605e-01  9.34635e-01  0.00000e+00
  -1484.54  6530.3125  9.12497e-01  9.19319e-01  9.12400e-01  0.00000e+00
  -1455.99  6530.9375  8.76790e-01  8.65343e-01  8.76696e-01  0.00000e+00
  -1427.44  6531.5625  8.59229e-01  8.49345e-01  8.59232e-01  0.00000e+00
  -1398.89  6532.1875  8.82987e-01  8.41412e-01  8.83026e-01  0.00000e+00
  -1370.34  6532.8125  9.04288e-01  1.01641e+00  9.04275e-01  0.00000e+00
  -1341.78  6533.4375  8.68703e-01  7.56168e-01  8.68685e-01  0.00000e+00
  -1313.23  6534.0625  8.92146e-01  9.28680e-01  8.92147e-01  0.00000e+00
  -1284.68  6534.6875  9.06418e-01  9.60878e-01  9.06431e-01  0.00000e+00
  -1256.13  6535.3125  9.64324e-01  7.30175e-01  9.64325e-01  0.00000e+00
  -1227.58  6535.9375  1.15678e+00  1.39114e+00  1.15676e+00  0.00000e+00
  -1199.03  6536.5625  1.16091e+00  1.19348e+00  1.16089e+00  0.00000e+00
  -1170.48  6537.1875  1.05105e+00  9.39246e-01  1.05108e+00  0.00000e+00
  -1141.93  6537.8125  1.00314e+00  1.10988e+00  1.00318e+00  0.00000e+00
  -1113.38  6538.4375  9.71586e-01  8.14687e-01  9.71615e-01  0.00000e+00
  -1084.83  6539.0625  1.02362e+00  1.13389e+00  1.02358e+00  0.00000e+00
  -1056.27  6539.6875  1.05849e+00  9.93102e-01  1.05843e+00  0.00000e+00
  -1027.72  6540.3125  1.09252e+00  1.13274e+00  1.09247e+00  0.00000e+00
   -999.17  6540.9375  1.07519e+00  1.13508e+00  1.07513e+00  0.00000e+00
   -970.62  6541.5625  1.00939e+00  9.20158e-01  1.00933e+00  0.00000e+00
   -942.07  6542.1875  1.01018e+00  1.03255e+00  1.01015e+00  0.00000e+00
   -913.52  6542.8125  1.01575e+00  1.04770e+00  1.01570e+00  0.00000e+00
   -884.97  6543.4375  9.91321e-01  9.46506e-01  9.91207e-01  0.00000e+00
   -856.42  6544.0625  9.42750e-01  1.05545e+00  9.42683e-01  0.00000e+00
   -827.87  6544.6875  8.57346e-01  7.12021e-01  8.57342e-01  0.00000e+00
   -799.31  6545.3125  8.83326e-01  9.08756e-01  8.83254e-01  0.00000e+00
   -770.76  6545.9375  9.51908e-01  9.63485e-01  9.51796e-01  0.00000e+00
   -742.21  6546.5625  9.77433e-01  1.00513e+00  9.77334e-01  0.00000e+00
   -713.66  6547.1875  9.60020e-01  9.62016e-01  9.59906e-01  0.00000e+00
   -685.11  6547.8125  9.73022e-01  8.79879e-01  9.72914e-01  0.00000e+00
   -656.56  6548.4375  9.97756e-01  1.18619e+00  9.97752e-01  0.00000e+00
   -628.01  6549.0625  9.05904e-01  7.81334e-01  9.05930e-01  0.00000e+00
   -599.46  6549.6875  9.09185e-01  8.33266e-01  9.09177e-01  0.00000e+00
   -570.91  6550.3125  9.82004e-01  1.15560e+00  9.82024e-01  0.00000e+00
   -542.36  6550.9375  9.50641e-01  8.21922e-01  9.50650e-01  0.00000e+00
   -513.80  6551.5625  9.60416e-01  1.00042e+00  9.60399e-01  0.00000e+00
   -485.25  6552.1875  9.39877e-01  1.02915e+00  9.39855e-01  0.00000e+00
   -456.70  6552.8125  8.71976e-01  7.20693e-01  8.71921e-01  0.00000e+00
   -428.15  6553.4375  9.35899e-01  9.52795e-01  9.35885e-01  0.00000e+00
   -399.60  6554.0625  9.92382e-01  1.11656e+00  9.92448e-01  0.00000e+00
   -371.05  6554.6875  9.09871e-01  8.60739e-01  9.09976e-01  0.00000e+00
   -342.50  6555.3125  8.52636e-01  7.90153e-01  8.52754e-01  0.00000e+00
   -313.95  6555.9375  8.70455e-01  9.28979e-01  8.70538e-01  0.00000e+00
   -285.40  6556.5625  8.78096e-01  8.34543e-01  8.78093e-01  0.00000e+00
   -256.85  6557.1875  9.40141e-01  8.88706e-01  9.40073e-01  0.00000e+00
   -228.29  6557.8125  1.05909e+00  1.11059e+00  1.05906e+00  0.00000e+00
   -199.74  6558.4375  1.06432e+00  1.20303e+00  1.06433e+00  0.00000e+00
   -171.19  6559.0625  9.65399e-01  7.75110e-01  9.65376e-01  0.00000e+00
   -142.64  6559.6875  9.55842e-01  1.09331e+00  9.55785e-01  0.00000e+00
   -114.09  6560.3125  9.56022e-01  8.16200e-01  9.55974e-01  0.00000e+00
    -85.54  6560.9375  1.01324e+00  1.09888e+00  1.01324e+00  0.00000e+00
    -56.99  6561.5625  1.02959e+00  1.04465e+00  1.02961e+00  0.00000e+00
    -28.44  6562.1875  1.01378e+00  9.45786e-01  1.01381e+00  0.00000e+00
      0.11  6562.8125  9.73753e-01  1.15276e+00  9.73730e-01  0.00000e+00
     28.67  6563.4375  8.51048e-01  6.64357e-01  8.51019e-01  0.00000e+00
     57.22  6564.0625  8.96156e-01  8.45838e-01  8.96160e-01  0.00000e+00
     85.77  6564.6875  1.01374e+00  1.18343e+00  1.01370e+00  0.00000e+00
    114.32  6565.3125  9.69697e-01  9.31337e-01  9.69597e-01  0.00000e+00
    142.87  6565.9375  9.45599e-01  8.16924e-01  9.45466e-01  0.00000e+00
    171.42  6566.5625  9.80028e-01  1.20380e+00  9.79944e-01  0.00000e+00
    199.97  6567.1875  8.91683e-01  7.37064e-01  8.91689e-01  0.00000e+00
    228.52  6567.8125  9.04241e-01  8.47074e-01  9.04304e-01  0.00000e+00
    257.07  6568.4375  9.42972e-01  1.18388e+00  9.42998e-01  0.00000e+00
    285.62  6569.0625  8.67395e-01  5.80759e-01  8.67341e-01  0.00000e+00
    314.18  6569.6875  9.14515e-01  1.11397e+00  9.14460e-01  0.00000e+00
    342.73  6570.3125  9.65382e-01  7.90144e-01  9.65410e-01  0.00000e+00
    371.28  6570.9375  1.09113e+00  1.16792e+00  1.09118e+00  0.00000e+00
    399.83  6571.5625  1.18432e+00  1.22789e+00  1.18433e+00  0.00000e+00
    428.38  6572.1875  1.13405e+00  1.21403e+00  1.13409e+00  0.00000e+00
    456.93  6572.8125  1.02365e+00  9.03079e-01  1.02369e+00  0.00000e+00
    485.48  6573.4375  1.06426e+00  9.89455e-01  1.06423e+00  0.00000e+00
    514.03  6574.0625  1.16840e+00  1.34359e+00  1.16838e+00  0.00000e+00
    542.58  6574.6875  1.08988e+00  1.09741e+00  1.08988e+00  0.00000e+00
    571.13  6575.3125  1.00262e+00  8.18933e-01  1.00263e+00  0.00000e+00
    599.69  6575.9375  1.04806e+00  1.22352e+00  1.04805e+00  0.00000e+00
    628.24  6576.5625  1.04983e+00  9.18067e-01  1.04983e+00  0.00000e+00
    656.79  6577.1875  1.10366e+00  1.13887e+00  1.10365e+00  0.00000e+00
    685.34  6577.8125  1.15605e+00  1.20799e+00  1.15601e+00  0.00000e+00
    713.89  6578.4375  1.17317e+00  1.08310e+00  1.17316e+00  0.00000e+00
    742.44  6579.0625  1.19893e+00  1.32484e+00  1.19889e+00  0.00000e+00
    770.99  6579.6875  1.08493e+00  1.13773e+00  1.08483e+00  0.00000e+00
    799.54  6580.3125  9.52732e-01  7.37678e-01  9.52669e-01  0.00000e+00
    828.09  6580.9375  9.80929e-01  1.13036e+00  9.80946e-01  0.00000e+00
    856.65  6581.5625  9.48067e-01  9.35412e-01  9.48088e-01  0.00000e+00
    885.20  6582.1875  8.72160e-01  8.27739e-01  8.72187e-01  0.00000e+00
    913.75  6582.8125  8.12227e-01  8.98521e-01  8.12275e-01  0.00000e+00
    942.30  6583.4375  7.78679e-01  5.82744e-01  7.78740e-01  0.00000e+00
    970.85  6584.0625  8.66222e-01  1.01754e+00  8.66230e-01  0.00000e+00
    999.40  6584.6875  9.15454e-01  8.39473e-01  9.15439e-01  0.00000e+00
   1027.95  6585.3125  9.96455e-01  9.60668e-01  9.96452e-01  0.00000e+00
   1056.50  6585.9375  1.06745e+00  1.24105e+00  1.06748e+00  0.00000e+00
   1085.05  6586.5625  1.04478e+00  8.47513e-01  1.04486e+00  0.00000e+00
   1113.60  6587.1875  1.07719e+00  1.25684e+00  1.07726e+00  0.00000e+00
   1142.16  6587.8125  1.07356e+00  9.20545e-01  1.07357e+00  0.00000e+00
   1170.71  6588.4375  1.10879e+00  1.20977e+00  1.10884e+00  0.00000e+00
   1199.26  6589.0625  1.07387e+00  1.11938e+00  1.07390e+00  0.00000e+00
   1227.81  6589.6875  1.01861e+00  8.52422e-01  1.01861e+00  0.00000e+00
   1256.36  6590.3125  1.06972e+00  1.20903e+00  1.06970e+00  0.00000e+00
   1284.91  6590.9375  1.04243e+00  1.03118e+00  1.04240e+00  0.00000e+00
   1313.46  6591.5625  9.71829e-01  9.37255e-01  9.71830e-01  0.00000e+00
   1342.01  6592.1875  9.49755e-01  9.52135e-01  9.49842e-01  0.00000e+00
   1370.56  6592.8125  9.74890e-01  9.23141e-01  9.75035e-01  0.00000e+00
   1399.11  6593.4375  1.01822e+00  1.10162e+00  1.01833e+00  0.00000e+00
   1427.67  6594.0625  9.86437e-01  9.80460e-01  9.86533e-01  0.00000e+00
   1456.22  6594.6875  9.46983e-01  8.98072e-01  9.47076e-01  0.00000e+00
   1484.77  6595.3125  1.02598e+00  9.28734e-01  1.02606e+00  0.00000e+00
   1513.32  6595.9375  1.13686e+00  1.34612e+00  1.13694e+00  0.00000e+00
   1541.87  6596.5625  1.03176e+00  1.04276e+00  1.03181e+00  0.00000e+00
   1570.42  6597.1875  9.40207e-01  6.70531e-01  9.40187e-01  0.00000e+00
   1598.97  6597.8125  9.98906e-01  1.33619e+00  9.98816e-01  0.00000e+00
   1627.52  6598.4375  9.30512e-01  6.66760e-01  9.30432e-01  0.00000e+00
   1656.07  6599.0625  9.96513e-01  1.02564e+00  9.96473e-01  0.00000e+00
   1684.63  6599.6875  1.10003e+00  1.22181e+00  1.10004e+00  0.00000e+00
   1713.18  6600.3125  1.06400e+00  1.01147e+00  1.06407e+00  0.00000e+00
   1741.73  6600.9375  1.01635e+00  1.02831e+00  1.01640e+00  0.00000e+00
   1770.28  6601.5625  1.00288e+00  9.69043e-01  1.00292e+00  0.00000e+00
   1798.83  6602.1875  1.05238e+00  1.00991e+00  1.05240e+00  0.00000e+00
   1827.38  6602.8125  1.12361e+00  1.21097e+00  1.12361e+00  0.00000e+00
   1855.93  6603.4375  1.08290e+00  1.13011e+00  1.08290e+00  0.00000e+00
   1884.48  6604.0625  1.03084e+00  8.47659e-01  1.03079e+00  0.00000e+00
   1913.03  6604.6875  1.05470e+00  1.28725e+00  1.05461e+00  0.00000e+00
   1941.58  6605.3125  9.54684e-01  8.28501e-01  9.54580e-01  0.00000e+00
   1970.14  6605.9375  8.94484e-01  8.86205e-01  8.94402e-01  0.00000e+00
   1998.69  6606.5625  9.32949e-01  8.95568e-01  9.32890e-01  0.00000e+00
   2027.24  6607.1875  9.75312e-01  1.07739e+00  9.75283e-01  0.00000e+00
   2055.79  6607.8125  1.00467e+00  8.25995e-01  1.00468e+00  0.00000e+00
   2084.34  6608.4375  1.07430e+00  1.30743e+00  1.07431e+00  0.00000e+00
   2112.89  6609.0625  1.01488e+00  8.89703e-01  1.01486e+00  0.00000e+00
   2141.44  6609.6875  9.97037e-01  9.72276e-01  9.97036e-01  0.00000e+00
   2169.99  6610.3125  9.99604e-01  1.14315e+00  9.99669e-01  0.00000e+00
   2198.54  6610.9375  9.40502e-01  7.51013e-01  9.40608e-01  0.00000e+00
   2227.09  6611.5625  9.68171e-01  1.10477e+00  9.68278e-01  0.00000e+00
   2255.65  6612.1875  9.85755e-01  8.83112e-01  9.85781e-01  0.00000e+00
   2284.20  6612.8125  1.04780e+00  1.06734e+00  1.04772e+00  0.00000e+00
   2312.75  6613.4375  1.06591e+00  1.19327e+00  1.06585e+00  0.00000e+00
   2341.30  6614.0625  9.49640e-01  8.81946e-01  9.49676e-01  0.00000e+00
   2369.85  6614.6875  8.84988e-01  8.10759e-01  8.85106e-01  0.00000e+00
   2398.40  6615.3125  8.69756e-01  1.02639e+00  8.69878e-01  0.00000e+00
   2426.95  6615.9375  8.37124e-01  5.90267e-01  8.37188e-01  0.00000e+00
   2455.50  6616.5625  9.41121e-01  1.10987e+00  9.41097e-01  0.00000e+00
   2484.05  6617.1875  1.00216e+00  9.35818e-01  1.00206e+00  0.00000e+00
   2512.61  6617.8125  1.00643e+00  1.08837e+00  1.00636e+00  0.00000e+00
   2541.16  6618.4375  9.16877e-01  9.54854e-01  9.16870e-01  0.00000e+00
   2569.71  6619.0625  8.13396e-01  6.76555e-01  8.13377e-01  0.00000e+00
   2598.26  6619.6875  8.80663e-01  8.55526e-01  8.80612e-01  0.00000e+00
   2626.81  6620.3125  1.03606e+00  1.07941e+00  1.03603e+00  0.00000e+00
   2655.36  6620.9375  1.12880e+00  1.16689e+00  1.12881e+00  0.00000e+00
   2683.91  6621.5625  1.12029e+00  1.16215e+00  1.12026e+00  0.00000e+00
   2712.46  6622.1875  1.04032e+00  1.02128e+00  1.04024e+00  0.00000e+00
   2741.01  6622.8125  9.21783e-01  9.91821e-01  9.21746e-01  0.00000e+00
   2769.56  6623.4375  8.12610e-01  6.58629e-01  8.12624e-01  0.00000e+00
   2798.12  6624.0625  8.49492e-01  8.77588e-01  8.49548e-01  0.00000e+00
   2826.67  6624.6875  9.27563e-01  9.47945e-01  9.27582e-01  0.00000e+00
   2855.22  6625.3125  9.64310e-01  9.67242e-01  9.64290e-01  0.00000e+00
   2883.77  6625.9375  9.75934e-01  9.88512e-01  9.75977e-01  0.00000e+00
   2912.32  6626.5625  9.71807e-01  9.67896e-01  9.71898e-01  0.00000e+00
   2940.87  6627.1875  9.85417e-01  9.52931e-01  9.85431e-01  0.00000e+00
   2969.42  6627.8125  1.04599e+00  1.03790e+00  1.04594e+00  0.00000e+00
   2997.97  6628.4375  1.08018e+00  1.17764e+00  1.08020e+00  0.00000e+00
   3026.52  6629.0625  1.03226e+00  9.65165e-01  1.03234e+00  0.00000e+00
   3055.07  6629.6875  1.02989e+00  9.98207e-01  1.02996e+00  0.00000e+00
   3083.63  6630.3125  1.03869e+00  1.16056e+00  1.03870e+00  0.00000e+00
   3112.18  6630.9375  9.96314e-01  8.41583e-01  9.96230e-01  0.00000e+00
   3140.73  6631.5625  1.01580e+00  1.13621e+00  1.01569e+00  0.00000e+00
   3169.28  6632.1875  9.93285e-01  9.46674e-01  9.93202e-01  0.00000e+00
   3197.83  6632.8125  9.77556e-01  9.58562e-01  9.77472e-01  0.00000e+00
   3226.38  6633.4375  1.02231e+00  1.00070e+00  1.02225e+00  0.00000e+00
   3254.93  6634.0625  1.07186e+00  1.13400e+00  1.07180e+00  0.00000e+00
   3283.48  6634.6875  1.06074e+00  1.04844e+00  1.06073e+00  0.00000e+00
   3312.03  6635.3125  1.05070e+00  1.01419e+00  1.05073e+00  0.00000e+00
   3340.58  6635.9375  1.08473e+00  1.10005e+00  1.08472e+00  0.00000e+00
   3369.14  6636.5625  1.11287e+00  1.13108e+00  1.11287e+00  0.00000e+00
   3397.69  6637.1875  1.14758e+00  1.07179e+00  1.14760e+00  0.00000e+00
   3426.24  6637.8125  1.15215e+00  1.35731e+00  1.15214e+00  0.00000e+00
   3454.79  6638.4375  1.01391e+00  8.69459e-01  1.01383e+00  0.00000e+00
   3483.34  6639.0625  9.15661e-01  9.71594e-01  9.15580e-01  0.00000e+00
   3511.89  6639.6875  8.76043e-01  7.85231e-01  8.76056e-01  0.00000e+00
   3540.44  6640.3125  8.93841e-01  9.62501e-01  8.93937e-01  0.00000e+00
   3568.99  6640.9375  9.77708e-01  7.90237e-01  9.77819e-01  0.00000e+00
   3597.54  6641.5625  1.11720e+00  1.38363e+00  1.11723e+00  0.00000e+00
   3626.10  6642.1875  1.10866e+00  9.43193e-01  1.10871e+00  0.00000e+00
   3654.65  6642.8125  1.09368e+00  1.21592e+00  1.09377e+00  0.00000e+00
   3683.20  6643.4375  1.05247e+00  9.79054e-01  1.05251e+00  0.00000e+00
   3711.75  6644.0625  1.05523e+00  1.02829e+00  1.05524e+00  0.00000e+00
   3740.30  6644.6875  1.09476e+00  1.16059e+00  1.09484e+00  0.00000e+00
   3768.85  6645.3125  1.07576e+00  1.05851e+00  1.07587e+00  0.00000e+00
   3797.40  6645.9375  1.03811e+00  1.04229e+00  1.03814e+00  0.00000e+00
   3825.95  6646.5625  1.00433e+00  1.00159e+00  1.00429e+00  0.00000e+00
   3854.50  6647.1875  9.67135e-01  9.79004e-01  9.67073e-01  0.00000e+00
   3883.05  6647.8125  9.54370e-01  8.91946e-01  9.54311e-01  0.00000e+00
   3911.61  6648.4375  1.02373e+00  1.00585e+00  1.02365e+00  0.00000e+00
   3940.16  6649.0625  1.06947e+00  1.21550e+00  1.06942e+00  0.00000e+00
   3968.71  6649.6875  1.00056e+00  8.88709e-01  1.00055e+00  0.00000e+00
   3997.26  6650.3125  9.81446e-01  9.98273e-01  9.81411e-01  0.00000e+00
   4025.81  6650.9375  9.83934e-01  1.01715e+00  9.83883e-01  0.00000e+00
   4054.36  6651.5625  9.58018e-01  9.22653e-01  9.57930e-01  0.00000e+00
   4082.91  6652.1875  9.67584e-01  9.48797e-01  9.67451e-01  0.00000e+00
   4111.46  6652.8125  9.85655e-01  1.04921e+00  9.85555e-01  0.00000e+00
   4140.01  6653.4375  9.60776e-01  9.12646e-01  9.60769e-01  0.00000e+00
   4168.56  6654.0625  9.61373e-01  9.61013e-01  9.61398e-01  0.00000e+00
   4197.12  6654.6875  9.75003e-01  1.00139e+00  9.75001e-01  0.00000e+00
   4225.67  6655.3125  9.72310e-01  9.37039e-01  9.72305e-01  0.00000e+00
   4254.22  6655.9375  9.35498e-01  1.05560e+00  9.35457e-01  0.00000e+00
   4282.77  6656.5625  8.90407e-01  6.62844e-01  8.90346e-01  0.00000e+00
   4311.32  6657.1875  9.60246e-01  1.15836e+00  9.60203e-01  0.00000e+00
   4339.87  6657.8125  9.54448e-01  8.62436e-01  9.54456e-01  0.00000e+00
   4368.42  6658.4375  9.36027e-01  9.72597e-01  9.36091e-01  0.00000e+00
   4396.97  6659.0625  9.05452e-01  9.25716e-01  9.05514e-01  0.00000e+00
   4425.52  6659.6875  8.34002e-01  8.28825e-01  8.34036e-01  0.00000e+00
   4454.08  6660.3125  7.92736e-01  7.34245e-01  7.92768e-01  0.00000e+00
   4482.63  6660.9375  8.52412e-01  8.13395e-01  8.52441e-01  0.00000e+00
   4511.18  6661.5625  9.43264e-01  1.04184e+00  9.43258e-01  0.00000e+00
   4539.73  6662.1875  9.89745e-01  8.89030e-01  9.89732e-01  0.00000e+00
   4568.28  6662.8125  1.10324e+00  1.10390e+00  1.10327e+00  0.00000e+00
   4596.83  6663.4375  1.12594e+00  1.37621e+00  1.12599e+00  0.00000e+00
   4625.38  6664.0625  9.06321e-01  7.68766e-01  9.06340e-01  0.00000e+00
   4653.93  6664.6875  8.08620e-01  6.54058e-01  8.08586e-01  0.00000e+00
   4682.48  6665.3125  9.27720e-01  1.03374e+00  9.27661e-01  0.00000e+00
   4711.03  6665.9375  9.86974e-01  1.01121e+00  9.86911e-01  0.00000e+00
   4739.59  6666.5625  9.22676e-01  9.84145e-01  9.22618e-01  0.00000e+00
   4768.14  6667.1875  8.60728e-01  6.86579e-01  8.60686e-01  0.00000e+00
   4796.69  6667.8125  9.37037e-01  1.02761e+00  9.37059e-01  0.00000e+00
   4825.24  6668.4375  9.70125e-01  1.01389e+00  9.70198e-01  0.00000e+00
   4853.79  6669.0625  9.04461e-01  8.89266e-01  9.04503e-01  0.00000e+00
   4882.34  6669.6875  8.35582e-01  8.34106e-01  8.35584e-01  0.00000e+00
   4910.89  6670.3125  8.61243e-01  7.08585e-01  8.61246e-01  0.00000e+00
   4939.44  6670.9375  9.51722e-01  1.19189e+00  9.51708e-01  0.00000e+00
   4967.99  6671.5625  9.05759e-01  7.49137e-01  9.05707e-01  0.00000e+00
   4996.54  6672.1875  8.63411e-01  9.71107e-01  8.63370e-01  0.00000e+00
   5025.10  6672.8125  7.83101e-01  7.56103e-01  7.83076e-01  0.00000e+00
   5053.65  6673.4375  7.28964e-01  6.49240e-01  7.28922e-01  0.00000e+00
   5082.20  6674.0625  8.15851e-01  7.75103e-01  8.15826e-01  0.00000e+00
   5110.75  6674.6875  9.56742e-01  1.03895e+00  9.56744e-01  0.00000e+00
   5139.30  6675.3125  1.01815e+00  1.01555e+00  1.01818e+00  0.00000e+00
   5167.85  6675.9375  1.05861e+00  1.01612e+00  1.05861e+00  0.00000e+00
   5196.40  6676.5625  1.12253e+00  1.17233e+00  1.12243e+00  0.00000e+00
   5224.95  6677.1875  1.12055e+00  1.16975e+00  1.12042e+00  0.00000e+00
   5253.50  6677.8125  1.09836e+00  9.70082e-01  1.09824e+00  0.00000e+00
   5282.06  6678.4375  1.15112e+00  1.25875e+00  1.15099e+00  0.00000e+00
   5310.61  6679.0625  1.15078e+00  1.12977e+00  1.15076e+00  0.00000e+00
   5339.16  6679.6875  1.14121e+00  1.09918e+00  1.14122e+00  0.00000e+00
   5367.71  6680.3125  1.15740e+00  1.21697e+00  1.15732e+00  0.00000e+00
   5396.26  6680.9375  1.07490e+00  1.16022e+00  1.07478e+00  0.00000e+00
   5424.81  6681.5625  9.56578e-01  7.68365e-01  9.56456e-01  0.00000e+00
   5453.36  6682.1875  1.00765e+00  1.05100e+00  1.00757e+00  0.00000e+00
   5481.91  6682.8125  1.08037e+00  1.13420e+00  1.08031e+00  0.00000e+00
   5510.46  6683.4375  1.07182e+00  1.05385e+00  1.07176e+00  0.00000e+00
   5539.01  6684.0625  1.05035e+00  1.05608e+00  1.05032e+00  0.00000e+00
   5567.57  6684.6875  1.04694e+00  1.01738e+00  1.04696e+00  0.00000e+00
   5596.12  6685.3125  1.04979e+00  1.09868e+00  1.04990e+00  0.00000e+00
   5624.67  6685.9375  1.00063e+00  1.01473e+00  1.00072e+00  0.00000e+00
   5653.22  6686.5625  9.75686e-01  8.53589e-01  9.75706e-01  0.00000e+00
   5681.77  6687.1875  1.05934e+00  1.13244e+00  1.05930e+00  0.00000e+00
   5710.32  6687.8125  1.12116e+00  1.11719e+00  1.12113e+00  0.00000e+00
   5738.87  6688.4375  1.13779e+00  1.15256e+00  1.13778e+00  0.00000e+00
   5767.42  6689.0625  1.10613e+00  1.14792e+00  1.10613e+00  0.00000e+00
   5795.97  6689.6875  9.65406e-01  1.04731e+00  9.65416e-01  0.00000e+00
   5824.52  6690.3125  7.86093e-01  6.27800e-01  7.86098e-01  0.00000e+00
   5853.08  6690.9375  7.74909e-01  7.60236e-01  7.74925e-01  0.00000e+00
   5881.63  6691.5625  8.57030e-01  8.89981e-01  8.57000e-01  0.00000e+00
   5910.18  6692.1875  9.16738e-01  9.07021e-01  9.16655e-01  0.00000e+00
   5938.73  6692.8125  9.89516e-01  9.50693e-01  9.89408e-01  0.00000e+00
   5967.28  6693.4375  1.05314e+00  1.16257e+00  1.05303e+00  0.00000e+00
   5995.83  6694.0625  1.01915e+00  9.88249e-01  1.01905e+00  0.00000e+00
   6024.38  6694.6875  1.04938e+00  8.89358e-01  1.04931e+00  0.00000e+00
   6052.93  6695.3125  1.15391e+00  1.41846e+00  1.15381e+00  0.00000e+00
   6081.48  6695.9375  1.10854e+00  9.28936e-01  1.10839e+00  0.00000e+00
   6110.04  6696.5625  1.08672e+00  1.19839e+00  1.08656e+00  0.00000e+00
   6138.59  6697.1875  1.13100e+00  9.29168e-01  1.13091e+00  0.00000e+00
   6167.14  6697.8125  1.24869e+00  1.47399e+00  1.24869e+00  0.00000e+00
   6195.69  6698.4375  1.22183e+00  1.15893e+00  1.22182e+00  0.00000e+00
   6224.24  6699.0625  1.14195e+00  1.15394e+00  1.14188e+00  0.00000e+00
   6252.79  6699.6875  1.08887e+00  1.07419e+00  1.08879e+00  0.00000e+00
   6281.34  6700.3125  1.10843e+00  1.00793e+00  1.10840e+00  0.00000e+00
   6309.89  6700.9375  1.20273e+00  1.30923e+00  1.20269e+00  0.00000e+00
   6338.44  6701.5625  1.16891e+00  1.25557e+00  1.16879e+00  0.00000e+00
   6366.99  6702.1875  1.04879e+00  8.94660e-01  1.04869e+00  0.00000e+00
   6395.55  6702.8125  1.03041e+00  1.11179e+00  1.03039e+00  0.00000e+00
   6424.10  6703.4375  1.02426e+00  9.74606e-01  1.02425e+00  0.00000e+00
   6452.65  6704.0625  1.04223e+00  1.04339e+00  1.04216e+00  0.00000e+00
   6481.20  6704.6875  1.12665e+00  1.05132e+00  1.12657e+00  0.00000e+00
   6509.75  6705.3125  1.22116e+00  1.37209e+00  1.22106e+00  0.00000e+00
   6538.30  6705.9375  1.16516e+00  1.16008e+00  1.16508e+00  0.00000e+00
   6566.85  6706.5625  1.06841e+00  9.98218e-01  1.06837e+00  0.00000e+00
   6595.40  6707.1875  1.04276e+00  1.07531e+00  1.04272e+00  0.00000e+00
   6623.95  6707.8125  1.00123e+00  1.02801e+00  1.00120e+00  0.00000e+00
   6652.50  6708.4375  9.26845e-01  8.98386e-01  9.26806e-01  0.00000e+00
   6681.06  6709.0625  9.27225e-01  8.34115e-01  9.27109e-01  0.00000e+00
   6709.61  6709.6875  1.02435e+00  1.09605e+00  1.02423e+00  0.00000e+00
   6738.16  6710.3125  1.07040e+00  1.08960e+00  1.07031e+00  0.00000e+00
   6766.71  6710.9375  1.02844e+00  1.06483e+00  1.02836e+00  0.00000e+00
   6795.26  6711.5625  9.34793e-01  9.20747e-01  9.34704e-01  0.00000e+00
   6823.81  6712.1875  8.88774e-01  8.06834e-01  8.88740e-01  0.00000e+00
   6852.36  6712.8125  9.79216e-01  9.38233e-01  9.79236e-01  0.00000e+00
   6880.91  6713.4375  1.08280e+00  1.23812e+00  1.08278e+00  0.00000e+00
   6909.46  6714.0625  1.05320e+00  9.76954e-01  1.05313e+00  0.00000e+00
   6938.02  6714.6875  1.04065e+00  1.02720e+00  1.04056e+00  0.00000e+00
   6966.57  6715.3125  1.08114e+00  1.08383e+00  1.08101e+00  0.00000e+00
   6995.12  6715.9375  1.06192e+00  1.18487e+00  1.06178e+00  0.00000e+00
   7023.67  6716.5625  1.00662e+00  7.84649e-01  1.00656e+00  0.00000e+00
   7052.22  6717.1875  1.08104e+00  1.23754e+00  1.08105e+00  0.00000e+00
   7080.77  6717.8125  1.12767e+00  1.03943e+00  1.12769e+00  0.00000e+00
   7109.32  6718.4375  1.14851e+00  1.24324e+00  1.14849e+00  0.00000e+00
   7137.87  6719.0625  1.11548e+00  1.07323e+00  1.11541e+00  0.00000e+00
   7166.42  6719.6875  1.06869e+00  1.09725e+00  1.06858e+00  0.00000e+00
   7194.97  6720.3125  1.03444e+00  9.88793e-01  1.03438e+00  0.00000e+00
   7223.53  6720.9375  1.05121e+00  1.03776e+00  1.05119e+00  0.00000e+00
   7252.08  6721.5625  1.07252e+00  1.14111e+00  1.07250e+00  0.00000e+00
   7280.63  6722.1875  1.03895e+00  9.93114e-01  1.03894e+00  0.00000e+00
   7309.18  6722.8125  1.01499e+00  1.03575e+00  1.01500e+00  0.00000e+00
   7337.73  6723.4375  1.02516e+00  9.60097e-01  1.02518e+00  0.00000e+00
   7366.28  6724.0625  1.05383e+00  1.15070e+00  1.05384e+00  0.00000e+00
   7394.83  6724.6875  1.01408e+00  9.74787e-01  1.01414e+00  0.00000e+00
   7423.38  6725.3125  9.47247e-01  9.90814e-01  9.47356e-01  0.00000e+00
   7451.93  6725.9375  9.09859e-01  7.99734e-01  9.09940e-01  0.00000e+00
   7480.48  6726.5625  9.89206e-01  9.91373e-01  9.89225e-01  0.00000e+00
   7509.04  6727.1875  1.06087e+00  1.18036e+00  1.06085e+00  0.00000e+00
   7537.59  6727.8125  1.02528e+00  9.46400e-01  1.02524e+00  0.00000e+00
   7566.14  6728.4375  1.05537e+00  9.96672e-01  1.05535e+00  0.00000e+00
   7594.69  6729.0625  1.16053e+00  1.23728e+00  1.16059e+00  0.00000e+00
   7623.24  6729.6875  1.19043e+00  1.21121e+00  1.19054e+00  0.00000e+00
   7651.79  6730.3125  1.16606e+00  1.13044e+00  1.16604e+00  0.00000e+00
   7680.34  6730.9375  1.11988e+00  1.21457e+00  1.11978e+00  0.00000e+00
   7708.89  6731.5625  1.02892e+00  9.28242e-01  1.02886e+00  0.00000e+00
   7737.44  6732.1875  1.00344e+00  1.02312e+00  1.00347e+00  0.00000e+00
   7765.99  6732.8125  9.96150e-01  1.01830e+00  9.96176e-01  0.00000e+00
   7794.55  6733.4375  9.59029e-01  9.52152e-01  9.59059e-01  0.00000e+00
   7823.10  6734.0625  9.79687e-01  8.66660e-01  9.79756e-01  0.00000e+00
   7851.65  6734.6875  1.05260e+00  1.22424e+00  1.05266e+00  0.00000e+00
   7880.20  6735.3125  1.00893e+00  9.41140e-01  1.00895e+00  0.00000e+00
   7908.75  6735.9375  9.90373e-01  9.23236e-01  9.90378e-01  0.00000e+00
   7937.30  6736.5625  9.98588e-01  1.16558e+00  9.98595e-01  0.00000e+00
   7965.85  6737.1875  8.91038e-01  7.89335e-01  8.91031e-01  0.00000e+00
   7994.40  6737.8125  8.49919e-01  7.93320e-01  8.49890e-01  0.00000e+00
   8022.95  6738.4375  8.65859e-01  9.93858e-01  8.65811e-01  0.00000e+00
   8051.51  6739.0625  8.02964e-01  7.12451e-01  8.02949e-01  0.00000e+00
   8080.06  6739.6875  7.73315e-01  7.96031e-01  7.73329e-01  0.00000e+00
   8108.61  6740.3125  8.05197e-01  7.35804e-01  8.05228e-01  0.00000e+00
   8137.16  6740.9375  9.02912e-01  9.30717e-01  9.02865e-01  0.00000e+00
   8165.71  6741.5625  1.01132e+00  9.96435e-01  1.01122e+00  0.00000e+00
   8194.26  6742.1875  1.08353e+00  1.15420e+00  1.08352e+00  0.00000e+00
   8222.81  6742.8125  1.09331e+00  1.05243e+00  1.09336e+00  0.00000e+00
   8251.36  6743.4375  1.10453e+00  1.12633e+00  1.10460e+00  0.00000e+00
   8279.91  6744.0625  1.14106e+00  1.07869e+00  1.14117e+00  0.00000e+00
   8308.46  6744.6875  1.14565e+00  1.32189e+00  1.14574e+00  0.00000e+00
   8337.02  6745.3125  1.02398e+00  9.09941e-01  1.02401e+00  0.00000e+00
   8365.57  6745.9375  9.86284e-01  9.14972e-01  9.86261e-01  0.00000e+00
   8394.12  6746.5625  9.96832e-01  1.18927e+00  9.96773e-01  0.00000e+00
   8422.67  6747.1875  9.12558e-01  7.18795e-01  9.12534e-01  0.00000e+00
   8451.22  6747.8125  9.20712e-01  1.00712e+00  9.20684e-01  0.00000e+00
   8479.77  6748.4375  9.48655e-01  9.13402e-01  9.48606e-01  0.00000e+00
   8508.32  6749.0625  1.01800e+00  9.46709e-01  1.01797e+00  0.00000e+00
   8536.87  6749.6875  1.13574e+00  1.23897e+00  1.13574e+00  0.00000e+00
   8565.42  6750.3125  1.13127e+00  1.18916e+00  1.13126e+00  0.00000e+00
   8593.97  6750.9375  1.08870e+00  9.13390e-01  1.08868e+00  0.00000e+00
   8622.53  6751.5625  1.11749e+00  1.32453e+00  1.11751e+00  0.00000e+00
   8651.08  6752.1875  1.00961e+00  9.55713e-01  1.00963e+00  0.00000e+00
   8679.63  6752.8125  9.02735e-01  8.26555e-01  9.02697e-01  0.00000e+00
   8708.18  6753.4375  9.59487e-01  8.89266e-01  9.59401e-01  0.00000e+00
   8736.73  6754.0625  1.04908e+00  1.23604e+00  1.04899e+00  0.00000e+00
   8765.28  6754.6875  1.01817e+00  8.84492e-01  1.01812e+00  0.00000e+00
   8793.83  6755.3125  1.10118e+00  1.01644e+00  1.10117e+00  0.00000e+00
   8822.38  6755.9375  1.28522e+00  1.42858e+00  1.28520e+00  0.00000e+00
   8850.93  6756.5625  1.32803e+00  1.33435e+00  1.32804e+00  0.00000e+00
   8879.49  6757.1875  1.23799e+00  1.30434e+00  1.23804e+00  0.00000e+00
   8908.04  6757.8125  1.06654e+00  1.04577e+00  1.06656e+00  0.00000e+00
   8936.59  6758.4375  9.45655e-01  8.44179e-01  9.45667e-01  0.00000e+00
   8965.14  6759.0625  9.86806e-01  9.53137e-01  9.86838e-01  0.00000e+00
   8993.69  6759.6875  1.05478e+00  1.18802e+00  1.05482e+00  0.00000e+00
   9022.24  6760.3125  9.81697e-01  9.64918e-01  9.81742e-01  0.00000e+00
   9050.79  6760.9375  9.03165e-01  8.14241e-01  9.03161e-01  0.00000e+00
   9079.34  6761.5625  9.11496e-01  9.71127e-01  9.11469e-01  0.00000e+00
   9107.89  6762.1875  8.80880e-01  9.14081e-01  8.80871e-01  0.00000e+00
   9136.44  6762.8125  8.71184e-01  6.98413e-01  8.71209e-01  0.00000e+00
   9165.00  6763.4375  9.63994e-01  1.14647e+00  9.64006e-01  0.00000e+00
   9193.55  6764.0625  9.95648e-01  8.57033e-01  9.95591e-01  0.00000e+00
   9222.10  6764.6875  1.00888e+00  1.17593e+00  1.00876e+00  0.00000e+00
   9250.65  6765.3125  9.40283e-01  8.40914e-01  9.40207e-01  0.00000e+00
   9279.20  6765.9375  9.55763e-01  8.70222e-01  9.55798e-01  0.00000e+00
   9307.75  6766.5625  1.06636e+00  1.18922e+00  1.06648e+00  0.00000e+00
   9336.30  6767.1875  1.08085e+00  1.05719e+00  1.08100e+00  0.00000e+00
   9364.85  6767.8125  1.02300e+00  1.07941e+00  1.02314e+00  0.00000e+00
   9393.40  6768.4375  9.47964e-01  8.71512e-01  9.48036e-01  0.00000e+00
   9421.95  6769.0625  9.62406e-01  9.23290e-01  9.62452e-01  0.00000e+00
   9450.51  6769.6875  1.01534e+00  1.11194e+00  1.01534e+00  0.00000e+00
   9479.06  6770.3125  9.69364e-01  9.60657e-01  9.69262e-01  0.00000e+00
   9507.61  6770.9375  8.64968e-01  8.97631e-01  8.64843e-01  0.00000e+00
   9536.16  6771.5625  8.41130e-01  6.28755e-01  8.41073e-01  0.00000e+00
   9564.71  6772.1875  9.61288e-01  1.16501e+00  9.61244e-01  0.00000e+00
   9593.26  6772.8125  9.99147e-01  8.95282e-01  9.99118e-01  0.00000e+00
   9621.81  6773.4375  1.03438e+00  1.07274e+00  1.03439e+00  0.00000e+00
   9650.36  6774.0625  1.04734e+00  1.09009e+00  1.04737e+00  0.00000e+00
   9678.91  6774.6875  9.72793e-01  9.98040e-01  9.72803e-01  0.00000e+00
   9707.47  6775.3125  9.19183e-01  7.84361e-01  9.19214e-01  0.00000e+00
   9736.02  6775.9375  1.01951e+00  1.02471e+00  1.01956e+00  0.00000e+00
   9764.57  6776.5625  1.08990e+00  1.27174e+00  1.08996e+00  0.00000e+00
   9793.12  6777.1875  1.03445e+00  8.42133e-01  1.03452e+00  0.00000e+00
   9821.67  6777.8125  1.09432e+00  1.13680e+00  1.09438e+00  0.00000e+00
   9850.22  6778.4375  1.12515e+00  1.26768e+00  1.12518e+00  0.00000e+00
   9878.77  6779.0625  1.00892e+00  9.06652e-01  1.00890e+00  0.00000e+00
   9907.32  6779.6875  9.50076e-01  9.37198e-01  9.50067e-01  0.00000e+00
   9935.87  6780.3125  9.87357e-01  9.48889e-01  9.87348e-01  0.00000e+00
   9964.42  6780.9375  1.04747e+00  1.11170e+00  1.04745e+00  0.00000e+00
   9992.98  6781.5625  1.03108e+00  1.05739e+00  1.03106e+00  0.00000e+00
  10021.53  6782.1875  9.79896e-01  9.21469e-01  9.79889e-01  0.00000e+00
  10050.08  6782.8125  1.02603e+00  9.55671e-01  1.02602e+00  0.00000e+00
  10078.63  6783.4375  1.10137e+00  1.26487e+00  1.10134e+00  0.00000e+00
  10107.18  6784.0625  1.00709e+00  1.00710e+00  1.00704e+00  0.00000e+00
  10135.73  6784.6875  8.87157e-01  7.66248e-01  8.87099e-01  0.00000e+00
  10164.28  6785.3125  8.87703e-01  9.46720e-01  8.87665e-01  0.00000e+00
  10192.83  6785.9375  8.93667e-01  8.79821e-01  8.93656e-01  0.00000e+00
  10221.38  6786.5625  9.16822e-01  8.60563e-01  9.16841e-01  0.00000e+00
  10249.93  6787.1875  9.63984e-01  1.06443e+00  9.63998e-01  0.00000e+00
  10278.49  6787.8125  9.76928e-01  8.67306e-01  9.76910e-01  0.00000e+00
  10307.04  6788.4375  1.05096e+00  1.09390e+00  1.05089e+00  0.00000e+00
  10335.59  6789.0625  1.12805e+00  1.13083e+00  1.12794e+00  0.00000e+00
  10364.14  6789.6875  1.16673e+00  1.19302e+00  1.16661e+00  0.00000e+00
  10392.69  6790.3125  1.22097e+00  1.12323e+00  1.22099e+00  0.00000e+00
  10421.24  6790.9375  1.28952e+00  1.45467e+00  1.28960e+00  0.00000e+00
  10449.79  6791.5625  1.19820e+00  1.19686e+00  1.19823e+00  0.00000e+00
  10478.34  6792.1875  1.03875e+00  9.95852e-01  1.03873e+00  0.00000e+00
  10506.89  6792.8125  9.53988e-01  9.19209e-01  9.53945e-01  0.00000e+00
  10535.45  6793.4375  9.56363e-01  9.28801e-01  9.56329e-01  0.00000e+00
  10564.00  6794.0625  9.70715e-01  1.04814e+00  9.70734e-01  0.00000e+00
  10592.55  6794.6875  9.02608e-01  9.03544e-01  9.02601e-01  0.00000e+00
  10621.10  6795.3125  8.51280e-01  7.41248e-01  8.51205e-01  0.00000e+00
  10649.65  6795.9375  8.97479e-01  9.75207e-01  8.97410e-01  0.00000e+00
  10678.20  6796.5625  9.24804e-01  8.95584e-01  9.24777e-01  0.00000e+00
  10706.75  6797.1875  9.43959e-01  9.43998e-01  9.43924e-01  0.00000e+00
  10735.30  6797.8125  9.23520e-01  1.02177e+00  9.23503e-01  0.00000e+00
  10763.85  6798.4375  8.63890e-01  7.10487e-01  8.63895e-01  0.00000e+00
  10792.40  6799.0625  9.05114e-01  9.76378e-01  9.05088e-01  0.00000e+00
  10820.96  6799.6875  9.22156e-01  9.53131e-01  9.22120e-01  0.00000e+00
  10849.51  6800.3125  8.65836e-01  8.62553e-01  8.65842e-01  0.00000e+00
  10878.06  6800.9375  8.63251e-01  7.42304e-01  8.63304e-01  0.00000e+00
  10906.61  6801.5625  9.70396e-01  1.05457e+00  9.70482e-01  0.00000e+00
  10935.16  6802.1875  1.01336e+00  1.06167e+00  1.01339e+00  0.00000e+00
  10963.71  6802.8125  1.01070e+00  8.95999e-01  1.01068e+00  0.00000e+00
  10992.26  6803.4375  1.06877e+00  1.17255e+00  1.06880e+00  0.00000e+00
  11020.81  6804.0625  1.09691e+00  1.02038e+00  1.09694e+00  0.00000e+00
  11049.36  6804.6875  1.07012e+00  1.24313e+00  1.07005e+00  0.00000e+00
  11077.91  6805.3125  9.78425e-01  7.68184e-01  9.78347e-01  0.00000e+00
  11106.47  6805.9375  9.81923e-01  1.11813e+00  9.81900e-01  0.00000e+00
  11135.02  6806.5625  9.32192e-01  9.33238e-01  9.32193e-01  0.00000e+00
  11163.57  6807.1875  9.25713e-01  7.13772e-01  9.25759e-01  0.00000e+00
  11192.12  6807.8125  1.04617e+00  1.30074e+00  1.04618e+00  0.00000e+00
  11220.67  6808.4375  1.03415e+00  9.07029e-01  1.03408e+00  0.00000e+00
  11249.22  6809.0625  1.06001e+00  1.02788e+00  1.05999e+00  0.00000e+00
  11277.77  6809.6875  1.12533e+00  1.24144e+00  1.12533e+00  0.00000e+00
  11306.32  6810.3125  1.04119e+00  1.07805e+00  1.04117e+00  0.00000e+00
  11334.87  6810.9375  9.12476e-01  7.92993e-01  9.12453e-01  0.00000e+00
  11363.43  6811.5625  9.46866e-01  8.93938e-01  9.46904e-01  0.00000e+00
  11391.98  6812.1875  1.06908e+00  1.15158e+00  1.06914e+00  0.00000e+00
  11420.53  6812.8125  1.04063e+00  1.17064e+00  1.04071e+00  0.00000e+00
  11449.08  6813.4375  8.45912e-01  7.62466e-01  8.45999e-01  0.00000e+00
  11477.63  6814.0625  7.66423e-01  6.15445e-01  7.66491e-01  0.00000e+00
  11506.18  6814.6875  8.28091e-01  1.01048e+00  8.28149e-01  0.00000e+00
  11534.73  6815.3125  8.09272e-01  6.96318e-01  8.09287e-01  0.00000e+00
  11563.28  6815.9375  8.34517e-01  8.36903e-01  8.34538e-01  0.00000e+00
  11591.83  6816.5625  9.33778e-01  9.09855e-01  9.33838e-01  0.00000e+00
  11620.38  6817.1875  1.07197e+00  1.06323e+00  1.07201e+00  0.00000e+00
  11648.94  6817.8125  1.20634e+00  1.24662e+00  1.20637e+00  0.00000e+00
  11677.49  6818.4375  1.20573e+00  1.35730e+00  1.20574e+00  0.00000e+00
  11706.04  6819.0625  1.07107e+00  9.21914e-01  1.07104e+00  0.00000e+00
  11734.59  6819.6875  1.07090e+00  1.01718e+00  1.07082e+00  0.00000e+00
  11763.14  6820.3125  1.15390e+00  1.27622e+00  1.15381e+00  0.00000e+00
  11791.69  6820.9375  1.11632e+00  1.11193e+00  1.11623e+00  0.00000e+00
  11820.24  6821.5625  1.05504e+00  9.83532e-01  1.05493e+00  0.00000e+00
  11848.79  6822.1875  1.08191e+00  1.08883e+00  1.08176e+00  0.00000e+00
  11877.34  6822.8125  1.10632e+00  1.16435e+00  1.10616e+00  0.00000e+00
  11905.89  6823.4375  1.02012e+00  1.07389e+00  1.02004e+00  0.00000e+00
  11934.45  6824.0625  8.64911e-01  8.10004e-01  8.64901e-01  0.00000e+00
  11963.00  6824.6875  8.36402e-01  6.86582e-01  8.36414e-01  0.00000e+00
  11991.55  6825.3125  9.78515e-01  1.07639e+00  9.78549e-01  0.00000e+00
  12020.10  6825.9375  1.05231e+00  1.10358e+00  1.05232e+00  0.00000e+00
  12048.65  6826.5625  1.01742e+00  9.95044e-01  1.01737e+00  0.00000e+00
  12077.20  6827.1875  9.87847e-01  9.66845e-01  9.87819e-01  0.00000e+00
  12105.75  6827.8125  9.59360e-01  1.03211e+00  9.59363e-01  0.00000e+00
  12134.30  6828.4375  9.34740e-01  7.85565e-01  9.34744e-01  0.00000e+00
  12162.85  6829.0625  1.00440e+00  1.10344e+00  1.00440e+00  0.00000e+00
  12191.40  6829.6875  1.00713e+00  1.04515e+00  1.00717e+00  0.00000e+00
  12219.96  6830.3125  9.10563e-01  9.01717e-01  9.10595e-01  0.00000e+00
  12248.51  6830.9375  8.29191e-01  7.85124e-01  8.29130e-01  0.00000e+00
  12277.06  6831.5625  8.62375e-01  7.70689e-01  8.62285e-01  0.00000e+00
  12305.61  6832.1875  9.66284e-01  1.09758e+00  9.66248e-01  0.00000e+00
  12334.16  6832.8125  9.70600e-01  9.40952e-01  9.70640e-01  0.00000e+00
  12362.71  6833.4375  9.45401e-01  9.29238e-01  9.45496e-01  0.00000e+00
  12391.26  6834.0625  9.32299e-01  9.81836e-01  9.32402e-01  0.00000e+00
  12419.81  6834.6875  9.78110e-01  7.77310e-01  9.78186e-01  0.00000e+00
  12448.36  6835.3125  1.12156e+00  1.35897e+00  1.12163e+00  0.00000e+00
  12476.92  6835.9375  1.12109e+00  1.02780e+00  1.12114e+00  0.00000e+00
  12505.47  6836.5625  1.04302e+00  1.15487e+00  1.04302e+00  0.00000e+00
  12534.02  6837.1875  9.28910e-01  8.25134e-01  9.28929e-01  0.00000e+00
  12562.57  6837.8125  9.19659e-01  8.66738e-01  9.19687e-01  0.00000e+00
  12591.12  6838.4375  1.00650e+00  1.05794e+00  1.00653e+00  0.00000e+00
  12619.67  6839.0625  1.02031e+00  1.09086e+00  1.02036e+00  0.00000e+00
  12648.22  6839.6875  9.56394e-01  8.76430e-01  9.56415e-01  0.00000e+00
  12676.77  6840.3125  9.15335e-01  9.82898e-01  9.15330e-01  0.00000e+00
  12705.32  6840.9375  8.64774e-01  8.10181e-01  8.64813e-01  0.00000e+00
  12733.87  6841.5625  8.68680e-01  8.34094e-01  8.68728e-01  0.00000e+00
  12762.43  6842.1875  9.27183e-01  9.63211e-01  9.27257e-01  0.00000e+00
  12790.98  6842.8125  9.56071e-01  9.66537e-01  9.56196e-01  0.00000e+00
  12819.53  6843.4375  9.82408e-01  9.26416e-01  9.82497e-01  0.00000e+00
  12848.08  6844.0625  1.04139e+00  1.09614e+00  1.04142e+00  0.00000e+00
  12876.63  6844.6875  1.04061e+00  1.07709e+00  1.04061e+00  0.00000e+00
  12905.18  6845.3125  9.93133e-01  9.38671e-01  9.93121e-01  0.00000e+00
  12933.73  6845.9375  9.96478e-01  9.89604e-01  9.96475e-01  0.00000e+00
  12962.28  6846.5625  1.01080e+00  1.06624e+00  1.01081e+00  0.00000e+00
  12990.83  6847.1875  1.01917e+00  9.14958e-01  1.01918e+00  0.00000e+00
  13019.38  6847.8125  1.10245e+00  1.14683e+00  1.10245e+00  0.00000e+00
  13047.94  6848.4375  1.12761e+00  1.23415e+00  1.12757e+00  0.00000e+00
  13076.49  6849.0625  1.06203e+00  9.33976e-01  1.06203e+00  0.00000e+00
  13105.04  6849.6875  1.06037e+00  1.13552e+00  1.06041e+00  0.00000e+00
  13133.59  6850.3125  1.10244e+00  9.71637e-01  1.10246e+00  0.00000e+00
  13162.14  6850.9375  1.11352e+00  1.39754e+00  1.11352e+00  0.00000e+00
  13190.69  6851.5625  9.70954e-01  7.24321e-01  9.70892e-01  0.00000e+00
  13219.24  6852.1875  9.67145e-01  9.99173e-01  9.67091e-01  0.00000e+00
  13247.79  6852.8125  1.00855e+00  1.09908e+00  1.00858e+00  0.00000e+00
  13276.34  6853.4375  9.66668e-01  8.85125e-01  9.66773e-01  0.00000e+00
  13304.90  6854.0625  9.64128e-01  9.90797e-01  9.64204e-01  0.00000e+00
  13333.45  6854.6875  1.02435e+00  9.32649e-01  1.02439e+00  0.00000e+00
  13362.00  6855.3125  1.11846e+00  1.24186e+00  1.11853e+00  0.00000e+00
  13390.55  6855.9375  1.09213e+00  1.10563e+00  1.09220e+00  0.00000e+00
  13419.10  6856.5625  9.54148e-01  1.00291e+00  9.54211e-01  0.00000e+00
  13447.65  6857.1875  8.71434e-01  6.42210e-01  8.71477e-01  0.00000e+00
  13476.20  6857.8125  9.57005e-01  1.14329e+00  9.57070e-01  0.00000e+00
  13504.75  6858.4375  1.02582e+00  8.69684e-01  1.02586e+00  0.00000e+00
  13533.30  6859.0625  1.17966e+00  1.20108e+00  1.17969e+00  0.00000e+00
  13561.85  6859.6875  1.30143e+00  1.45236e+00  1.30140e+00  0.00000e+00
  13590.41  6860.3125  1.21201e+00  1.21548e+00  1.21186e+00  0.00000e+00
  13618.96  6860.9375  1.03326e+00  1.02699e+00  1.03306e+00  0.00000e+00
  13647.51  6861.5625  9.21881e-01  8.04317e-01  9.21745e-01  0.00000e+00
  13676.06  6862.1875  8.77477e-01  1.03859e+00  8.77421e-01  0.00000e+00
  13704.61  6862.8125  7.64533e-01  6.43703e-01  7.64460e-01  0.00000e+00
  13733.16  6863.4375  7.51956e-01  6.98368e-01  7.51832e-01  0.00000e+00
  13761.71  6864.0625  8.78543e-01  8.71507e-01  8.78404e-01  0.00000e+00
  13790.26  6864.6875  9.73693e-01  1.10678e+00  9.73623e-01  0.00000e+00
  13818.81  6865.3125  9.57448e-01  8.58696e-01  9.57463e-01  0.00000e+00
  13847.36  6865.9375  9.94855e-01  9.83925e-01  9.94947e-01  0.00000e+00
  13875.92  6866.5625  1.03207e+00  1.15400e+00  1.03215e+00  0.00000e+00
  13904.47  6867.1875  9.84577e-01  8.73050e-01  9.84613e-01  0.00000e+00
  13933.02  6867.8125  1.00964e+00  1.00837e+00  1.00966e+00  0.00000e+00
  13961.57  6868.4375  1.04433e+00  1.13977e+00  1.04434e+00  0.00000e+00
  13990.12  6869.0625  9.93810e-01  9.30405e-01  9.93848e-01  0.00000e+00
  14018.67  6869.6875  9.59150e-01  9.81502e-01  9.59236e-01  0.00000e+00
  14047.22  6870.3125  9.78941e-01  8.94076e-01  9.79014e-01  0.00000e+00
  14075.77  6870.9375  1.04162e+00  1.13205e+00  1.04168e+00  0.00000e+00
  14104.32  6871.5625  9.72228e-01  1.08694e+00  9.72294e-01  0.00000e+00
  14132.88  6872.1875  8.27789e-01  6.03610e-01  8.27810e-01  0.00000e+00
  14161.43  6872.8125  8.19379e-01  9.82918e-01  8.19339e-01  0.00000e+00
  14189.98  6873.4375  8.72747e-01  6.17806e-01  8.72688e-01  0.00000e+00
  14218.53  6874.0625  1.03987e+00  1.26203e+00  1.03984e+00  0.00000e+00
  14247.08  6874.6875  1.06380e+00  1.05966e+00  1.06381e+00  0.00000e+00
  14275.63  6875.3125  1.00040e+00  9.43011e-01  1.00036e+00  0.00000e+00
  14304.18  6875.9375  9.81546e-01  1.02669e+00  9.81481e-01  0.00000e+00
  14332.73  6876.5625  9.55410e-01  9.31137e-01  9.55390e-01  0.00000e+00
  14361.28  6877.1875  9.77989e-01  9.01827e-01  9.78056e-01  0.00000e+00
  14389.83  6877.8125  1.04437e+00  1.16867e+00  1.04449e+00  0.00000e+00
  14418.39  6878.4375  1.06686e+00  9.37553e-01  1.06693e+00  0.00000e+00
  14446.94  6879.0625  1.12741e+00  1.23237e+00  1.12744e+00  0.00000e+00
  14475.49  6879.6875  1.14906e+00  1.09468e+00  1.14909e+00  0.00000e+00
  14504.04  6880.3125  1.08626e+00  1.25901e+00  1.08632e+00  0.00000e+00
  14532.59  6880.9375  9.53590e-01  7.36333e-01  9.53627e-01  0.00000e+00
  14561.14  6881.5625  9.99531e-01  1.01304e+00  9.99558e-01  0.00000e+00
  14589.69  6882.1875  1.13629e+00  1.15779e+00  1.13634e+00  0.00000e+00
  14618.24  6882.8125  1.17009e+00  1.29556e+00  1.17012e+00  0.00000e+00
  14646.79  6883.4375  1.07010e+00  9.89643e-01  1.07018e+00  0.00000e+00
  14675.34  6884.0625  9.79452e-01  1.01437e+00  9.79635e-01  0.00000e+00
  14703.90  6884.6875  8.93702e-01  8.88846e-01  8.93900e-01  0.00000e+00
  14732.45  6885.3125  8.61022e-01  7.50104e-01  8.61163e-01  0.00000e+00
  14761.00  6885.9375  9.31694e-01  1.00718e+00  9.31804e-01  0.00000e+00
  14789.55  6886.5625  9.69332e-01  9.76298e-01  9.69385e-01  0.00000e+00
  14818.10  6887.1875  1.01911e+00  9.00332e-01  1.01910e+00  0.00000e+00
  14846.65  6887.8125  1.07839e+00  1.32392e+00  1.07839e+00  0.00000e+00
  14875.20  6888.4375  1.00369e+00  7.98000e-01  1.00370e+00  0.00000e+00
  14903.75  6889.0625  9.99849e-01  1.09556e+00  9.99852e-01  0.00000e+00
  14932.30  6889.6875  9.84351e-01  9.91529e-01  9.84394e-01  0.00000e+00
  14960.86  6890.3125  9.70669e-01  8.60989e-01  9.70691e-01  0.00000e+00
  14989.41  6890.9375  1.02235e+00  1.14814e+00  1.02235e+00  0.00000e+00
  15017.96  6891.5625  1.02929e+00  9.33196e-01  1.02933e+00  0.00000e+00
  15046.51  6892.1875  1.06267e+00  1.11288e+00  1.06274e+00  0.00000e+00
  15075.06  6892.8125  1.09998e+00  1.06510e+00  1.10001e+00  0.00000e+00
  15103.61  6893.4375  1.07611e+00  1.20843e+00  1.07611e+00  0.00000e+00
  15132.16  6894.0625  9.04301e-01  9.00915e-01  9.04326e-01  0.00000e+00
  15160.71  6894.6875  7.94796e-01  5.68355e-01  7.94720e-01  0.00000e+00
  15189.26  6895.3125  9.60931e-01  9.91550e-01  9.60778e-01  0.00000e+00
  15217.81  6895.9375  1.12314e+00  1.29494e+00  1.12311e+00  0.00000e+00
  15246.37  6896.5625  1.09988e+00  1.00291e+00  1.09994e+00  0.00000e+00
  15274.92  6897.1875  1.03515e+00  1.14548e+00  1.03519e+00  0.00000e+00
  15303.47  6897.8125  9.16225e-01  8.55257e-01  9.16245e-01  0.00000e+00
  15332.02  6898.4375  8.59737e-01  7.81944e-01  8.59750e-01  0.00000e+00
  15360.57  6899.0625  8.92798e-01  9.73594e-01  8.92771e-01  0.00000e+00
  15389.12  6899.6875  8.97796e-01  8.48877e-01  8.97816e-01  0.00000e+00
  15417.67  6900.3125  9.23340e-01  9.12422e-01  9.23392e-01  0.00000e+00
  15446.22  6900.9375  9.16107e-01  1.04875e+00  9.16112e-01  0.00000e+00
  15474.77  6901.5625  8.52750e-01  6.64001e-01  8.52698e-01  0.00000e+00
  15503.32  6902.1875  9.15339e-01  9.84737e-01  9.15225e-01  0.00000e+00
  15531.88  6902.8125  9.40981e-01  1.04106e+00  9.40882e-01  0.00000e+00
  15560.43  6903.4375  9.08390e-01  7.21498e-01  9.08394e-01  0.00000e+00
  15588.98  6904.0625  1.01221e+00  1.08961e+00  1.01218e+00  0.00000e+00
  15617.53  6904.6875  1.08290e+00  1.15678e+00  1.08280e+00  0.00000e+00
  15646.08  6905.3125  1.09196e+00  9.56948e-01  1.09187e+00  0.00000e+00
  15674.63  6905.9375  1.15173e+00  1.28482e+00  1.15173e+00  0.00000e+00
  15703.18  6906.5625  1.10708e+00  1.12651e+00  1.10709e+00  0.00000e+00
  15731.73  6907.1875  1.04848e+00  8.95146e-01  1.04845e+00  0.00000e+00
  15760.28  6907.8125  1.09292e+00  1.23717e+00  1.09296e+00  0.00000e+00
  15788.84  6908.4375  1.08008e+00  1.00990e+00  1.08022e+00  0.00000e+00
  15817.39  6909.0625  1.08419e+00  1.07953e+00  1.08431e+00  0.00000e+00
  15845.94  6909.6875  1.17188e+00  1.09432e+00  1.17195e+00  0.00000e+00
  15874.49  6910.3125  1.23281e+00  1.45793e+00  1.23286e+00  0.00000e+00
  15903.04  6910.9375  1.06428e+00  1.03010e+00  1.06429e+00  0.00000e+00
  15931.59  6911.5625  8.68829e-01  7.67104e-01  8.68793e-01  0.00000e+00
  15960.14  6912.1875  8.21573e-01  8.24888e-01  8.21507e-01  0.00000e+00
  15988.69  6912.8125  8.55720e-01  8.19930e-01  8.55621e-01  0.00000e+00
  16017.24  6913.4375  9.42862e-01  9.28743e-01  9.42741e-01  0.00000e+00
  16045.79  6914.0625  9.93365e-01  1.12568e+00  9.93231e-01  0.00000e+00
  16074.35  6914.6875  9.38887e-01  8.35171e-01  9.38742e-01  0.00000e+00
  16102.90  6915.3125  9.25317e-01  9.55592e-01  9.25178e-01  0.00000e+00
  16131.45  6915.9375  9.47614e-01  9.21201e-01  9.47517e-01  0.00000e+00
  16160.00  6916.5625  1.01270e+00  9.70285e-01  1.01265e+00  0.00000e+00
  16188.55  6917.1875  1.08959e+00  1.19202e+00  1.08960e+00  0.00000e+00
  16217.10  6917.8125  1.09457e+00  1.02502e+00  1.09457e+00  0.00000e+00
  16245.65  6918.4375  1.06293e+00  1.18150e+00  1.06286e+00  0.00000e+00
  16274.20  6919.0625  9.74703e-01  8.71130e-01  9.74621e-01  0.00000e+00
  16302.75  6919.6875  9.55433e-01  9.54785e-01  9.55379e-01  0.00000e+00
  16331.30  6920.3125  9.90964e-01  9.98676e-01  9.90972e-01  0.00000e+00
  16359.86  6920.9375  1.01520e+00  1.02312e+00  1.01522e+00  0.00000e+00
  16388.41  6921.5625  1.02351e+00  1.02662e+00  1.02356e+00  0.00000e+00
  16416.96  6922.1875  1.04740e+00  1.00471e+00  1.04744e+00  0.00000e+00
  16445.51  6922.8125  1.09888e+00  1.13962e+00  1.09887e+00  0.00000e+00
  16474.06  6923.4375  1.07895e+00  1.15333e+00  1.07898e+00  0.00000e+00
  16502.61  6924.0625  9.81791e-01  9.08525e-01  9.81866e-01  0.00000e+00
  16531.16  6924.6875  9.40901e-01  9.23266e-01  9.40894e-01  0.00000e+00
  16559.71  6925.3125  8.80120e-01  1.03659e+00  8.80045e-01  0.00000e+00
  16588.26  6925.9375  7.89992e-01  5.08876e-01  7.89959e-01  0.00000e+00
  16616.81  6926.5625  9.00324e-01  1.03271e+00  9.00356e-01  0.00000e+00
  16645.37  6927.1875  1.00089e+00  9.98489e-01  1.00093e+00  0.00000e+00
  16673.92  6927.8125  1.02763e+00  1.03336e+00  1.02763e+00  0.00000e+00
  16702.47  6928.4375  1.00414e+00  1.07613e+00  1.00416e+00  0.00000e+00
  16731.02  6929.0625  9.60713e-01  8.25166e-01  9.60766e-01  0.00000e+00
  16759.57  6929.6875  1.00145e+00  1.09159e+00  1.00153e+00  0.00000e+00
  16788.12  6930.3125  1.03280e+00  9.79478e-01  1.03286e+00  0.00000e+00
  16816.67  6930.9375  1.06081e+00  1.10178e+00  1.06087e+00  0.00000e+00
  16845.22  6931.5625  1.07039e+00  1.05692e+00  1.07040e+00  0.00000e+00
  16873.77  6932.1875  1.05280e+00  1.08753e+00  1.05270e+00  0.00000e+00
  16902.33  6932.8125  9.88340e-01  1.01062e+00  9.88232e-01  0.00000e+00
  16930.88  6933.4375  9.79806e-01  7.96150e-01  9.79786e-01  0.00000e+00
  16959.43  6934.0625  1.10465e+00  1.26582e+00  1.10470e+00  0.00000e+00
  16987.98  6934.6875  1.13362e+00  1.11653e+00  1.13370e+00  0.00000e+00
  17016.53  6935.3125  1.05882e+00  1.11675e+00  1.05889e+00  0.00000e+00
  17045.08  6935.9375  9.27227e-01  9.07015e-01  9.27223e-01  0.00000e+00
  17073.63  6936.5625  8.45171e-01  7.45089e-01  8.45172e-01  0.00000e+00
  17102.18  6937.1875  8.42090e-01  9.56010e-01  8.42092e-01  0.00000e+00
  17130.73  6937.8125  8.23371e-01  6.97359e-01  8.23347e-01  0.00000e+00
  17159.28  6938.4375  8.82471e-01  9.26013e-01  8.82411e-01  0.00000e+00
  17187.84  6939.0625  9.79449e-01  9.30985e-01  9.79363e-01  0.00000e+00
  17216.39  6939.6875  1.01263e+00  1.19236e+00  1.01257e+00  0.00000e+00
  17244.94  6940.3125  8.95292e-01  8.01907e-01  8.95289e-01  0.00000e+00
  17273.49  6940.9375  8.73451e-01  7.32748e-01  8.73542e-01  0.00000e+00
  17302.04  6941.5625  9.64354e-01  1.17820e+00  9.64477e-01  0.00000e+00
  17330.59  6942.1875  9.34185e-01  8.10874e-01  9.34253e-01  0.00000e+00
  17359.14  6942.8125  9.53083e-01  9.33341e-01  9.53088e-01  0.00000e+00
  17387.69  6943.4375  1.02474e+00  1.09090e+00  1.02469e+00  0.00000e+00
  17416.24  6944.0625  1.00783e+00  1.03804e+00  1.00780e+00  0.00000e+00
  17444.79  6944.6875  9.41988e-01  8.91075e-01  9.42015e-01  0.00000e+00
  17473.35  6945.3125  9.33891e-01  9.20224e-01  9.33935e-01  0.00000e+00
  17501.90  6945.9375  1.00284e+00  9.49468e-01  1.00288e+00  0.00000e+00
  17530.45  6946.5625  1.09471e+00  1.19834e+00  1.09474e+00  0.00000e+00
  17559.00  6947.1875  1.14451e+00  1.02362e+00  1.14461e+00  0.00000e+00
  17587.55  6947.8125  1.12712e+00  1.41535e+00  1.12722e+00  0.00000e+00
  17616.10  6948.4375  9.33717e-01  7.03016e-01  9.33711e-01  0.00000e+00
  17644.65  6949.0625  8.56376e-01  8.91378e-01  8.56341e-01  0.00000e+00
  17673.20  6949.6875  8.64911e-01  8.61668e-01  8.64928e-01  0.00000e+00
