# day000.9  epoch=0.9d  L_Halpha=4.399e+26 erg/s  smooth_kms=25.0
# Columns:
#   1: Δv [km/s]      velocity offset from Hα (6562.81 Å), positive = redshift
#   2: lambda [Å]     observed wavelength
#   3: F_norm         total flux, smoothed, normalized to F_cont_baseline
#   4: F_norm_raw     total flux, RAW MC (no velocity smoothing)
#   5: F_cont_smooth  continuum-channel flux (continuum photons only)
#   6: F_vol_smooth   volumetric-channel flux (line emission contribution)
# Format: F_norm ≈ F_cont_smooth + F_vol_smooth (within MC noise)
# ----------------------------------------------------------------------------------------
 -16559.48  6200.3125  1.05605e+00  1.06124e+00  1.05629e+00  0.00000e+00
 -16530.93  6200.9375  9.83309e-01  1.08823e+00  9.83752e-01  0.00000e+00
 -16502.38  6201.5625  8.57127e-01  7.10124e-01  8.57718e-01  0.00000e+00
 -16473.83  6202.1875  8.67104e-01  8.57196e-01  8.68075e-01  0.00000e+00
 -16445.28  6202.8125  9.36443e-01  1.00387e+00  9.37003e-01  0.00000e+00
 -16416.73  6203.4375  9.47258e-01  9.11733e-01  9.47142e-01  0.00000e+00
 -16388.18  6204.0625  9.44841e-01  9.77445e-01  9.44712e-01  0.00000e+00
 -16359.63  6204.6875  9.24229e-01  9.17757e-01  9.24179e-01  0.00000e+00
 -16331.08  6205.3125  9.26276e-01  8.68809e-01  9.26286e-01  0.00000e+00
 -16302.53  6205.9375  9.65190e-01  1.03679e+00  9.65328e-01  0.00000e+00
 -16273.97  6206.5625  9.62510e-01  9.33950e-01  9.62461e-01  0.00000e+00
 -16245.42  6207.1875  9.81654e-01  9.37821e-01  9.81183e-01  0.00000e+00
 -16216.87  6207.8125  1.04533e+00  1.08955e+00  1.04471e+00  0.00000e+00
 -16188.32  6208.4375  1.04733e+00  1.10310e+00  1.04703e+00  0.00000e+00
 -16159.77  6209.0625  1.00541e+00  9.05769e-01  1.00577e+00  0.00000e+00
 -16131.22  6209.6875  9.87334e-01  1.11584e+00  9.87873e-01  0.00000e+00
 -16102.67  6210.3125  9.38455e-01  8.05828e-01  9.38465e-01  0.00000e+00
 -16074.12  6210.9375  1.01128e+00  9.73194e-01  1.01131e+00  0.00000e+00
 -16045.57  6211.5625  1.13982e+00  1.25756e+00  1.14021e+00  0.00000e+00
 -16017.01  6212.1875  1.14079e+00  1.13632e+00  1.14100e+00  0.00000e+00
 -15988.46  6212.8125  1.06421e+00  1.08704e+00  1.06415e+00  0.00000e+00
 -15959.91  6213.4375  9.73916e-01  9.45492e-01  9.73825e-01  0.00000e+00
 -15931.36  6214.0625  9.20703e-01  9.00046e-01  9.20648e-01  0.00000e+00
 -15902.81  6214.6875  9.18208e-01  9.11364e-01  9.18546e-01  0.00000e+00
 -15874.26  6215.3125  9.78550e-01  9.07299e-01  9.78987e-01  0.00000e+00
 -15845.71  6215.9375  1.08113e+00  1.17581e+00  1.08130e+00  0.00000e+00
 -15817.16  6216.5625  1.09504e+00  1.10273e+00  1.09520e+00  0.00000e+00
 -15788.61  6217.1875  1.03045e+00  1.05664e+00  1.03069e+00  0.00000e+00
 -15760.06  6217.8125  9.72979e-01  8.88262e-01  9.73193e-01  0.00000e+00
 -15731.50  6218.4375  9.87934e-01  1.03044e+00  9.88060e-01  0.00000e+00
 -15702.95  6219.0625  1.01287e+00  9.83781e-01  1.01315e+00  0.00000e+00
 -15674.40  6219.6875  1.03011e+00  1.07215e+00  1.03048e+00  0.00000e+00
 -15645.85  6220.3125  1.03671e+00  9.82353e-01  1.03690e+00  0.00000e+00
 -15617.30  6220.9375  1.03432e+00  1.13568e+00  1.03448e+00  0.00000e+00
 -15588.75  6221.5625  9.99406e-01  8.73558e-01  9.99592e-01  0.00000e+00
 -15560.20  6222.1875  9.84452e-01  1.13582e+00  9.84480e-01  0.00000e+00
 -15531.65  6222.8125  9.02923e-01  7.97933e-01  9.02870e-01  0.00000e+00
 -15503.10  6223.4375  8.56559e-01  8.88820e-01  8.56615e-01  0.00000e+00
 -15474.55  6224.0625  8.65412e-01  7.99443e-01  8.65686e-01  0.00000e+00
 -15445.99  6224.6875  9.34981e-01  9.49491e-01  9.35706e-01  0.00000e+00
 -15417.44  6225.3125  9.74941e-01  1.05711e+00  9.75597e-01  0.00000e+00
 -15388.89  6225.9375  9.21197e-01  8.88155e-01  9.21713e-01  0.00000e+00
 -15360.34  6226.5625  9.01839e-01  8.29864e-01  9.02416e-01  0.00000e+00
 -15331.79  6227.1875  9.50272e-01  1.03224e+00  9.50291e-01  0.00000e+00
 -15303.24  6227.8125  9.96996e-01  8.84600e-01  9.96517e-01  0.00000e+00
 -15274.69  6228.4375  1.04973e+00  1.21267e+00  1.04976e+00  0.00000e+00
 -15246.14  6229.0625  9.97430e-01  9.21900e-01  9.97598e-01  0.00000e+00
 -15217.59  6229.6875  9.69451e-01  9.35446e-01  9.69337e-01  0.00000e+00
 -15189.03  6230.3125  9.96813e-01  1.05314e+00  9.96581e-01  0.00000e+00
 -15160.48  6230.9375  1.03547e+00  9.25390e-01  1.03529e+00  0.00000e+00
 -15131.93  6231.5625  1.11393e+00  1.23345e+00  1.11376e+00  0.00000e+00
 -15103.38  6232.1875  1.07296e+00  1.11416e+00  1.07296e+00  0.00000e+00
 -15074.83  6232.8125  9.28289e-01  9.06729e-01  9.28729e-01  0.00000e+00
 -15046.28  6233.4375  9.02941e-01  6.96035e-01  9.03579e-01  0.00000e+00
 -15017.73  6234.0625  1.05319e+00  1.23774e+00  1.05318e+00  0.00000e+00
 -14989.18  6234.6875  1.08095e+00  1.09211e+00  1.07996e+00  0.00000e+00
 -14960.63  6235.3125  1.06527e+00  9.35269e-01  1.06400e+00  0.00000e+00
 -14932.08  6235.9375  1.16076e+00  1.23430e+00  1.15960e+00  0.00000e+00
 -14903.52  6236.5625  1.15510e+00  1.29304e+00  1.15428e+00  0.00000e+00
 -14874.97  6237.1875  9.65291e-01  9.03944e-01  9.65200e-01  0.00000e+00
 -14846.42  6237.8125  8.31463e-01  7.31644e-01  8.31977e-01  0.00000e+00
 -14817.87  6238.4375  8.58107e-01  8.65116e-01  8.58715e-01  0.00000e+00
 -14789.32  6239.0625  9.15393e-01  9.56799e-01  9.15582e-01  0.00000e+00
 -14760.77  6239.6875  9.53718e-01  8.88027e-01  9.53587e-01  0.00000e+00
 -14732.22  6240.3125  1.00480e+00  1.08253e+00  1.00462e+00  0.00000e+00
 -14703.67  6240.9375  9.62183e-01  1.01841e+00  9.62104e-01  0.00000e+00
 -14675.12  6241.5625  8.97819e-01  7.30541e-01  8.97445e-01  0.00000e+00
 -14646.57  6242.1875  9.57246e-01  1.05938e+00  9.56586e-01  0.00000e+00
 -14618.01  6242.8125  9.72511e-01  9.89966e-01  9.71865e-01  0.00000e+00
 -14589.46  6243.4375  9.61496e-01  8.72535e-01  9.61348e-01  0.00000e+00
 -14560.91  6244.0625  1.03998e+00  1.06052e+00  1.04031e+00  0.00000e+00
 -14532.36  6244.6875  1.09276e+00  1.17530e+00  1.09316e+00  0.00000e+00
 -14503.81  6245.3125  1.00229e+00  1.04937e+00  1.00225e+00  0.00000e+00
 -14475.26  6245.9375  8.94100e-01  7.36016e-01  8.93556e-01  0.00000e+00
 -14446.71  6246.5625  9.59516e-01  9.63283e-01  9.59497e-01  0.00000e+00
 -14418.16  6247.1875  1.04078e+00  1.16305e+00  1.04153e+00  0.00000e+00
 -14389.61  6247.8125  9.75894e-01  9.56173e-01  9.76388e-01  0.00000e+00
 -14361.06  6248.4375  9.03357e-01  8.35738e-01  9.03489e-01  0.00000e+00
 -14332.50  6249.0625  9.20341e-01  9.33002e-01  9.20643e-01  0.00000e+00
 -14303.95  6249.6875  9.45992e-01  9.76394e-01  9.46111e-01  0.00000e+00
 -14275.40  6250.3125  9.58556e-01  8.99756e-01  9.58425e-01  0.00000e+00
 -14246.85  6250.9375  9.86155e-01  1.06280e+00  9.85910e-01  0.00000e+00
 -14218.30  6251.5625  9.87333e-01  9.21316e-01  9.87108e-01  0.00000e+00
 -14189.75  6252.1875  1.04115e+00  1.01795e+00  1.04083e+00  0.00000e+00
 -14161.20  6252.8125  1.07784e+00  1.22523e+00  1.07735e+00  0.00000e+00
 -14132.65  6253.4375  1.00494e+00  8.86317e-01  1.00452e+00  0.00000e+00
 -14104.10  6254.0625  9.77446e-01  1.01593e+00  9.77427e-01  0.00000e+00
 -14075.54  6254.6875  9.58295e-01  9.75489e-01  9.58457e-01  0.00000e+00
 -14046.99  6255.3125  9.47534e-01  8.60538e-01  9.47403e-01  0.00000e+00
 -14018.44  6255.9375  9.97737e-01  1.06838e+00  9.97650e-01  0.00000e+00
 -13989.89  6256.5625  1.00337e+00  1.01038e+00  1.00362e+00  0.00000e+00
 -13961.34  6257.1875  9.85684e-01  9.39149e-01  9.86101e-01  0.00000e+00
 -13932.79  6257.8125  9.83447e-01  1.05006e+00  9.83720e-01  0.00000e+00
 -13904.24  6258.4375  9.35961e-01  9.15026e-01  9.36193e-01  0.00000e+00
 -13875.69  6259.0625  9.22247e-01  8.42907e-01  9.22212e-01  0.00000e+00
 -13847.14  6259.6875  9.65574e-01  1.06669e+00  9.65207e-01  0.00000e+00
 -13818.59  6260.3125  9.59424e-01  8.98002e-01  9.59391e-01  0.00000e+00
 -13790.03  6260.9375  9.61065e-01  9.85381e-01  9.61949e-01  0.00000e+00
 -13761.48  6261.5625  9.50479e-01  9.71179e-01  9.51173e-01  0.00000e+00
 -13732.93  6262.1875  8.88643e-01  9.13026e-01  8.89003e-01  0.00000e+00
 -13704.38  6262.8125  8.50744e-01  7.35431e-01  8.51012e-01  0.00000e+00
 -13675.83  6263.4375  9.38315e-01  9.50323e-01  9.38297e-01  0.00000e+00
 -13647.28  6264.0625  9.86599e-01  1.15067e+00  9.86254e-01  0.00000e+00
 -13618.73  6264.6875  9.36408e-01  7.25387e-01  9.36324e-01  0.00000e+00
 -13590.18  6265.3125  9.93748e-01  1.11630e+00  9.94045e-01  0.00000e+00
 -13561.63  6265.9375  1.02015e+00  1.00548e+00  1.02020e+00  0.00000e+00
 -13533.08  6266.5625  1.01179e+00  9.86867e-01  1.01155e+00  0.00000e+00
 -13504.52  6267.1875  1.01191e+00  1.06992e+00  1.01159e+00  0.00000e+00
 -13475.97  6267.8125  1.04366e+00  8.76432e-01  1.04338e+00  0.00000e+00
 -13447.42  6268.4375  1.11725e+00  1.36629e+00  1.11719e+00  0.00000e+00
 -13418.87  6269.0625  1.04111e+00  9.07261e-01  1.04109e+00  0.00000e+00
 -13390.32  6269.6875  1.02358e+00  9.73578e-01  1.02403e+00  0.00000e+00
 -13361.77  6270.3125  1.06563e+00  1.20501e+00  1.06638e+00  0.00000e+00
 -13333.22  6270.9375  1.03669e+00  9.00339e-01  1.03752e+00  0.00000e+00
 -13304.67  6271.5625  1.04977e+00  1.14188e+00  1.05064e+00  0.00000e+00
 -13276.12  6272.1875  1.00858e+00  1.02805e+00  1.00921e+00  0.00000e+00
 -13247.56  6272.8125  9.32365e-01  8.61524e-01  9.32371e-01  0.00000e+00
 -13219.01  6273.4375  9.18686e-01  9.45781e-01  9.18495e-01  0.00000e+00
 -13190.46  6274.0625  9.08752e-01  9.17718e-01  9.08831e-01  0.00000e+00
 -13161.91  6274.6875  9.21673e-01  8.38723e-01  9.21979e-01  0.00000e+00
 -13133.36  6275.3125  1.01150e+00  1.05555e+00  1.01222e+00  0.00000e+00
 -13104.81  6275.9375  1.08174e+00  1.10033e+00  1.08238e+00  0.00000e+00
 -13076.26  6276.5625  1.10416e+00  1.09803e+00  1.10466e+00  0.00000e+00
 -13047.71  6277.1875  1.07790e+00  1.15509e+00  1.07783e+00  0.00000e+00
 -13019.16  6277.8125  1.00116e+00  9.16635e-01  1.00071e+00  0.00000e+00
 -12990.61  6278.4375  9.63149e-01  1.01510e+00  9.62947e-01  0.00000e+00
 -12962.05  6279.0625  9.74150e-01  8.55032e-01  9.74333e-01  0.00000e+00
 -12933.50  6279.6875  1.05692e+00  1.14809e+00  1.05733e+00  0.00000e+00
 -12904.95  6280.3125  1.04043e+00  1.12960e+00  1.04096e+00  0.00000e+00
 -12876.40  6280.9375  9.55377e-01  7.77929e-01  9.55560e-01  0.00000e+00
 -12847.85  6281.5625  9.47587e-01  1.12182e+00  9.47400e-01  0.00000e+00
 -12819.30  6282.1875  8.80669e-01  7.70742e-01  8.80219e-01  0.00000e+00
 -12790.75  6282.8125  8.84230e-01  8.38967e-01  8.84060e-01  0.00000e+00
 -12762.20  6283.4375  9.43619e-01  1.05718e+00  9.43690e-01  0.00000e+00
 -12733.65  6284.0625  9.44712e-01  8.38026e-01  9.44640e-01  0.00000e+00
 -12705.10  6284.6875  9.69664e-01  1.05559e+00  9.69265e-01  0.00000e+00
 -12676.54  6285.3125  9.68947e-01  9.25178e-01  9.69080e-01  0.00000e+00
 -12647.99  6285.9375  9.99452e-01  9.59698e-01  9.99904e-01  0.00000e+00
 -12619.44  6286.5625  1.06010e+00  1.14232e+00  1.05992e+00  0.00000e+00
 -12590.89  6287.1875  1.08927e+00  9.94017e-01  1.08858e+00  0.00000e+00
 -12562.34  6287.8125  1.10956e+00  1.26199e+00  1.10904e+00  0.00000e+00
 -12533.79  6288.4375  1.07327e+00  9.17757e-01  1.07287e+00  0.00000e+00
 -12505.24  6289.0625  1.10411e+00  1.18575e+00  1.10356e+00  0.00000e+00
 -12476.69  6289.6875  1.09149e+00  1.13636e+00  1.09075e+00  0.00000e+00
 -12448.14  6290.3125  1.03403e+00  9.31177e-01  1.03349e+00  0.00000e+00
 -12419.58  6290.9375  1.02469e+00  1.12245e+00  1.02424e+00  0.00000e+00
 -12391.03  6291.5625  9.65682e-01  9.42270e-01  9.65137e-01  0.00000e+00
 -12362.48  6292.1875  9.71671e-01  8.14616e-01  9.71626e-01  0.00000e+00
 -12333.93  6292.8125  1.09121e+00  1.26689e+00  1.09206e+00  0.00000e+00
 -12305.38  6293.4375  1.07203e+00  1.07679e+00  1.07288e+00  0.00000e+00
 -12276.83  6294.0625  9.86071e-01  9.15343e-01  9.86052e-01  0.00000e+00
 -12248.28  6294.6875  9.57580e-01  1.00702e+00  9.57223e-01  0.00000e+00
 -12219.73  6295.3125  9.48789e-01  8.82865e-01  9.48789e-01  0.00000e+00
 -12191.18  6295.9375  1.03680e+00  9.68943e-01  1.03739e+00  0.00000e+00
 -12162.63  6296.5625  1.16529e+00  1.31024e+00  1.16602e+00  0.00000e+00
 -12134.07  6297.1875  1.13928e+00  1.14867e+00  1.13983e+00  0.00000e+00
 -12105.52  6297.8125  1.03928e+00  9.99224e-01  1.03971e+00  0.00000e+00
 -12076.97  6298.4375  9.89964e-01  9.80641e-01  9.90081e-01  0.00000e+00
 -12048.42  6299.0625  1.00758e+00  9.51554e-01  1.00768e+00  0.00000e+00
 -12019.87  6299.6875  1.04328e+00  1.15445e+00  1.04364e+00  0.00000e+00
 -11991.32  6300.3125  1.03330e+00  9.18274e-01  1.03389e+00  0.00000e+00
 -11962.77  6300.9375  1.08398e+00  1.12665e+00  1.08430e+00  0.00000e+00
 -11934.22  6301.5625  1.11622e+00  1.16002e+00  1.11647e+00  0.00000e+00
 -11905.67  6302.1875  1.05047e+00  1.08003e+00  1.05041e+00  0.00000e+00
 -11877.12  6302.8125  9.29740e-01  9.13194e-01  9.29286e-01  0.00000e+00
 -11848.56  6303.4375  8.61103e-01  7.79373e-01  8.60672e-01  0.00000e+00
 -11820.01  6304.0625  9.03367e-01  9.14992e-01  9.02686e-01  0.00000e+00
 -11791.46  6304.6875  9.74616e-01  9.84342e-01  9.74020e-01  0.00000e+00
 -11762.91  6305.3125  1.02291e+00  1.02512e+00  1.02288e+00  0.00000e+00
 -11734.36  6305.9375  9.93153e-01  1.11333e+00  9.93278e-01  0.00000e+00
 -11705.81  6306.5625  8.87611e-01  7.49681e-01  8.87502e-01  0.00000e+00
 -11677.26  6307.1875  9.31606e-01  8.61309e-01  9.31282e-01  0.00000e+00
 -11648.71  6307.8125  1.06807e+00  1.20135e+00  1.06787e+00  0.00000e+00
 -11620.16  6308.4375  1.07358e+00  1.07836e+00  1.07348e+00  0.00000e+00
 -11591.60  6309.0625  1.03659e+00  9.63135e-01  1.03658e+00  0.00000e+00
 -11563.05  6309.6875  1.05422e+00  1.11135e+00  1.05443e+00  0.00000e+00
 -11534.50  6310.3125  1.01660e+00  1.05798e+00  1.01700e+00  0.00000e+00
 -11505.95  6310.9375  9.27635e-01  8.75261e-01  9.27783e-01  0.00000e+00
 -11477.40  6311.5625  9.51346e-01  8.26714e-01  9.51522e-01  0.00000e+00
 -11448.85  6312.1875  1.06899e+00  1.24253e+00  1.06906e+00  0.00000e+00
 -11420.30  6312.8125  1.07393e+00  1.00448e+00  1.07357e+00  0.00000e+00
 -11391.75  6313.4375  1.05326e+00  1.07688e+00  1.05284e+00  0.00000e+00
 -11363.20  6314.0625  1.00546e+00  1.06964e+00  1.00554e+00  0.00000e+00
 -11334.65  6314.6875  9.74726e-01  7.72629e-01  9.75681e-01  0.00000e+00
 -11306.09  6315.3125  1.03021e+00  1.27463e+00  1.03152e+00  0.00000e+00
 -11277.54  6315.9375  9.63341e-01  8.23181e-01  9.64095e-01  0.00000e+00
 -11248.99  6316.5625  9.11234e-01  9.63212e-01  9.11275e-01  0.00000e+00
 -11220.44  6317.1875  8.85301e-01  8.56081e-01  8.85202e-01  0.00000e+00
 -11191.89  6317.8125  8.97687e-01  8.58526e-01  8.97519e-01  0.00000e+00
 -11163.34  6318.4375  1.00811e+00  9.53220e-01  1.00787e+00  0.00000e+00
 -11134.79  6319.0625  1.15478e+00  1.25622e+00  1.15455e+00  0.00000e+00
 -11106.24  6319.6875  1.19397e+00  1.20450e+00  1.19328e+00  0.00000e+00
 -11077.69  6320.3125  1.15640e+00  1.16125e+00  1.15527e+00  0.00000e+00
 -11049.14  6320.9375  1.10406e+00  1.10113e+00  1.10290e+00  0.00000e+00
 -11020.58  6321.5625  1.04874e+00  1.05626e+00  1.04816e+00  0.00000e+00
 -10992.03  6322.1875  9.96208e-01  9.75952e-01  9.96154e-01  0.00000e+00
 -10963.48  6322.8125  9.49464e-01  9.79908e-01  9.49204e-01  0.00000e+00
 -10934.93  6323.4375  9.04701e-01  8.53479e-01  9.04403e-01  0.00000e+00
 -10906.38  6324.0625  8.99628e-01  9.16545e-01  8.99508e-01  0.00000e+00
 -10877.83  6324.6875  8.90858e-01  9.09591e-01  8.91050e-01  0.00000e+00
 -10849.28  6325.3125  8.58822e-01  8.46500e-01  8.59202e-01  0.00000e+00
 -10820.73  6325.9375  8.80812e-01  7.96706e-01  8.80659e-01  0.00000e+00
 -10792.18  6326.5625  9.96939e-01  1.03952e+00  9.96607e-01  0.00000e+00
 -10763.62  6327.1875  1.11635e+00  1.09783e+00  1.11657e+00  0.00000e+00
 -10735.07  6327.8125  1.18213e+00  1.26846e+00  1.18275e+00  0.00000e+00
 -10706.52  6328.4375  1.10290e+00  1.17727e+00  1.10317e+00  0.00000e+00
 -10677.97  6329.0625  9.75649e-01  8.03064e-01  9.75447e-01  0.00000e+00
 -10649.42  6329.6875  9.97982e-01  1.05259e+00  9.97701e-01  0.00000e+00
 -10620.87  6330.3125  1.05674e+00  1.04654e+00  1.05655e+00  0.00000e+00
 -10592.32  6330.9375  1.10624e+00  1.09378e+00  1.10598e+00  0.00000e+00
 -10563.77  6331.5625  1.12383e+00  1.21351e+00  1.12345e+00  0.00000e+00
 -10535.22  6332.1875  1.05821e+00  1.00702e+00  1.05823e+00  0.00000e+00
 -10506.67  6332.8125  9.67621e-01  1.03903e+00  9.68158e-01  0.00000e+00
 -10478.11  6333.4375  8.90183e-01  7.60281e-01  8.90991e-01  0.00000e+00
 -10449.56  6334.0625  9.61518e-01  9.25544e-01  9.62564e-01  0.00000e+00
 -10421.01  6334.6875  1.07162e+00  1.21870e+00  1.07262e+00  0.00000e+00
 -10392.46  6335.3125  1.07157e+00  9.67115e-01  1.07192e+00  0.00000e+00
 -10363.91  6335.9375  1.06864e+00  1.16416e+00  1.06884e+00  0.00000e+00
 -10335.36  6336.5625  1.05894e+00  9.46721e-01  1.05969e+00  0.00000e+00
 -10306.81  6337.1875  1.04925e+00  1.21806e+00  1.05034e+00  0.00000e+00
 -10278.26  6337.8125  9.97015e-01  7.94008e-01  9.97668e-01  0.00000e+00
 -10249.71  6338.4375  1.02826e+00  1.18047e+00  1.02854e+00  0.00000e+00
 -10221.16  6339.0625  1.02825e+00  9.31335e-01  1.02792e+00  0.00000e+00
 -10192.60  6339.6875  1.00302e+00  1.12617e+00  1.00204e+00  0.00000e+00
 -10164.05  6340.3125  9.56789e-01  7.98090e-01  9.56064e-01  0.00000e+00
 -10135.50  6340.9375  9.41498e-01  1.12880e+00  9.41198e-01  0.00000e+00
 -10106.95  6341.5625  8.51594e-01  7.20382e-01  8.51442e-01  0.00000e+00
 -10078.40  6342.1875  8.86696e-01  7.82443e-01  8.86147e-01  0.00000e+00
 -10049.85  6342.8125  1.03584e+00  1.19712e+00  1.03502e+00  0.00000e+00
 -10021.30  6343.4375  1.03118e+00  1.04350e+00  1.03090e+00  0.00000e+00
  -9992.75  6344.0625  9.39780e-01  9.02870e-01  9.39929e-01  0.00000e+00
  -9964.20  6344.6875  9.21214e-01  8.58346e-01  9.21468e-01  0.00000e+00
  -9935.65  6345.3125  9.75416e-01  1.02961e+00  9.75194e-01  0.00000e+00
  -9907.09  6345.9375  9.90069e-01  1.00494e+00  9.89402e-01  0.00000e+00
  -9878.54  6346.5625  9.94166e-01  9.23273e-01  9.93693e-01  0.00000e+00
  -9849.99  6347.1875  1.03345e+00  1.11621e+00  1.03321e+00  0.00000e+00
  -9821.44  6347.8125  1.03402e+00  9.84326e-01  1.03412e+00  0.00000e+00
  -9792.89  6348.4375  1.03309e+00  1.06592e+00  1.03339e+00  0.00000e+00
  -9764.34  6349.0625  1.01748e+00  1.01578e+00  1.01743e+00  0.00000e+00
  -9735.79  6349.6875  1.00116e+00  9.76486e-01  1.00089e+00  0.00000e+00
  -9707.24  6350.3125  1.02658e+00  1.01609e+00  1.02654e+00  0.00000e+00
  -9678.69  6350.9375  1.11720e+00  1.04875e+00  1.11741e+00  0.00000e+00
  -9650.13  6351.5625  1.20387e+00  1.37295e+00  1.20399e+00  0.00000e+00
  -9621.58  6352.1875  1.11312e+00  1.10559e+00  1.11287e+00  0.00000e+00
  -9593.03  6352.8125  9.70038e-01  9.08939e-01  9.69668e-01  0.00000e+00
  -9564.48  6353.4375  9.28327e-01  8.96263e-01  9.28307e-01  0.00000e+00
  -9535.93  6354.0625  9.84361e-01  9.49669e-01  9.84752e-01  0.00000e+00
  -9507.38  6354.6875  1.04236e+00  1.15507e+00  1.04277e+00  0.00000e+00
  -9478.83  6355.3125  1.02443e+00  9.39498e-01  1.02442e+00  0.00000e+00
  -9450.28  6355.9375  1.05975e+00  1.03890e+00  1.05976e+00  0.00000e+00
  -9421.73  6356.5625  1.07867e+00  1.23795e+00  1.07891e+00  0.00000e+00
  -9393.18  6357.1875  9.82049e-01  8.44200e-01  9.81871e-01  0.00000e+00
  -9364.62  6357.8125  9.33659e-01  1.00016e+00  9.33113e-01  0.00000e+00
  -9336.07  6358.4375  8.92551e-01  8.66066e-01  8.91670e-01  0.00000e+00
  -9307.52  6359.0625  8.80660e-01  8.33024e-01  8.79744e-01  0.00000e+00
  -9278.97  6359.6875  9.47838e-01  9.39289e-01  9.47248e-01  0.00000e+00
  -9250.42  6360.3125  1.00544e+00  1.09741e+00  1.00540e+00  0.00000e+00
  -9221.87  6360.9375  1.02879e+00  8.86561e-01  1.02917e+00  0.00000e+00
  -9193.32  6361.5625  1.10418e+00  1.24035e+00  1.10467e+00  0.00000e+00
  -9164.77  6362.1875  1.08673e+00  1.07586e+00  1.08699e+00  0.00000e+00
  -9136.22  6362.8125  9.95367e-01  1.01860e+00  9.95522e-01  0.00000e+00
  -9107.67  6363.4375  9.37551e-01  8.31875e-01  9.37675e-01  0.00000e+00
  -9079.11  6364.0625  9.80898e-01  1.02491e+00  9.80776e-01  0.00000e+00
  -9050.56  6364.6875  1.03192e+00  1.02607e+00  1.03213e+00  0.00000e+00
  -9022.01  6365.3125  1.05891e+00  1.07298e+00  1.05947e+00  0.00000e+00
  -8993.46  6365.9375  1.07108e+00  1.06999e+00  1.07124e+00  0.00000e+00
  -8964.91  6366.5625  1.09150e+00  1.05867e+00  1.09137e+00  0.00000e+00
  -8936.36  6367.1875  1.07584e+00  1.21643e+00  1.07525e+00  0.00000e+00
  -8907.81  6367.8125  9.82712e-01  8.28504e-01  9.82033e-01  0.00000e+00
  -8879.26  6368.4375  9.52238e-01  1.05252e+00  9.51707e-01  0.00000e+00
  -8850.71  6369.0625  9.13142e-01  8.53671e-01  9.13212e-01  0.00000e+00
  -8822.15  6369.6875  9.06408e-01  8.95905e-01  9.06733e-01  0.00000e+00
  -8793.60  6370.3125  9.79410e-01  9.19329e-01  9.79573e-01  0.00000e+00
  -8765.05  6370.9375  1.08565e+00  1.18091e+00  1.08570e+00  0.00000e+00
  -8736.50  6371.5625  1.13361e+00  1.07263e+00  1.13349e+00  0.00000e+00
  -8707.95  6372.1875  1.12261e+00  1.26582e+00  1.12262e+00  0.00000e+00
  -8679.40  6372.8125  1.00950e+00  9.25204e-01  1.00957e+00  0.00000e+00
  -8650.85  6373.4375  9.89949e-01  8.73209e-01  9.89798e-01  0.00000e+00
  -8622.30  6374.0625  1.07867e+00  1.23498e+00  1.07818e+00  0.00000e+00
  -8593.75  6374.6875  1.04941e+00  1.02170e+00  1.04905e+00  0.00000e+00
  -8565.20  6375.3125  9.70203e-01  9.66318e-01  9.70137e-01  0.00000e+00
  -8536.64  6375.9375  9.47710e-01  8.83599e-01  9.47640e-01  0.00000e+00
  -8508.09  6376.5625  1.02898e+00  1.00066e+00  1.02905e+00  0.00000e+00
  -8479.54  6377.1875  1.14096e+00  1.21929e+00  1.14085e+00  0.00000e+00
  -8450.99  6377.8125  1.18411e+00  1.14878e+00  1.18319e+00  0.00000e+00
  -8422.44  6378.4375  1.14091e+00  1.28845e+00  1.13984e+00  0.00000e+00
  -8393.89  6379.0625  9.78853e-01  8.86426e-01  9.78827e-01  0.00000e+00
  -8365.34  6379.6875  9.06383e-01  8.13292e-01  9.07168e-01  0.00000e+00
  -8336.79  6380.3125  9.76862e-01  1.03518e+00  9.77516e-01  0.00000e+00
  -8308.24  6380.9375  1.07159e+00  9.94096e-01  1.07162e+00  0.00000e+00
  -8279.69  6381.5625  1.15302e+00  1.29519e+00  1.15303e+00  0.00000e+00
  -8251.13  6382.1875  1.12792e+00  1.06333e+00  1.12788e+00  0.00000e+00
  -8222.58  6382.8125  1.08667e+00  1.11628e+00  1.08612e+00  0.00000e+00
  -8194.03  6383.4375  1.02987e+00  1.05029e+00  1.02939e+00  0.00000e+00
  -8165.48  6384.0625  9.70348e-01  9.06742e-01  9.70389e-01  0.00000e+00
  -8136.93  6384.6875  9.97582e-01  9.63195e-01  9.97564e-01  0.00000e+00
  -8108.38  6385.3125  1.02651e+00  1.17732e+00  1.02655e+00  0.00000e+00
  -8079.83  6385.9375  1.02948e+00  7.62279e-01  1.02951e+00  0.00000e+00
  -8051.28  6386.5625  1.12177e+00  1.41794e+00  1.12140e+00  0.00000e+00
  -8022.73  6387.1875  1.03940e+00  9.41352e-01  1.03873e+00  0.00000e+00
  -7994.17  6387.8125  9.80853e-01  8.67693e-01  9.80547e-01  0.00000e+00
  -7965.62  6388.4375  1.03759e+00  1.18403e+00  1.03766e+00  0.00000e+00
  -7937.07  6389.0625  1.03701e+00  9.25257e-01  1.03716e+00  0.00000e+00
  -7908.52  6389.6875  1.06213e+00  1.12665e+00  1.06241e+00  0.00000e+00
  -7879.97  6390.3125  1.07942e+00  1.04983e+00  1.07942e+00  0.00000e+00
  -7851.42  6390.9375  1.05601e+00  1.13186e+00  1.05573e+00  0.00000e+00
  -7822.87  6391.5625  9.72033e-01  9.35090e-01  9.72346e-01  0.00000e+00
  -7794.32  6392.1875  9.38701e-01  8.59463e-01  9.39303e-01  0.00000e+00
  -7765.77  6392.8125  9.92366e-01  1.05328e+00  9.92730e-01  0.00000e+00
  -7737.22  6393.4375  9.87611e-01  1.03539e+00  9.87263e-01  0.00000e+00
  -7708.66  6394.0625  9.30231e-01  8.54630e-01  9.30049e-01  0.00000e+00
  -7680.11  6394.6875  9.34217e-01  9.44858e-01  9.34500e-01  0.00000e+00
  -7651.56  6395.3125  9.40788e-01  9.93118e-01  9.40707e-01  0.00000e+00
  -7623.01  6395.9375  9.40982e-01  8.23434e-01  9.40545e-01  0.00000e+00
  -7594.46  6396.5625  9.95562e-01  1.11392e+00  9.95348e-01  0.00000e+00
  -7565.91  6397.1875  9.90609e-01  9.42762e-01  9.91097e-01  0.00000e+00
  -7537.36  6397.8125  9.80482e-01  9.84838e-01  9.81188e-01  0.00000e+00
  -7508.81  6398.4375  1.01306e+00  9.70719e-01  1.01336e+00  0.00000e+00
  -7480.26  6399.0625  1.05935e+00  1.12708e+00  1.05894e+00  0.00000e+00
  -7451.71  6399.6875  1.02671e+00  1.05193e+00  1.02615e+00  0.00000e+00
  -7423.15  6400.3125  9.48358e-01  9.04158e-01  9.48254e-01  0.00000e+00
  -7394.60  6400.9375  9.25474e-01  9.00878e-01  9.25410e-01  0.00000e+00
  -7366.05  6401.5625  9.44249e-01  9.72236e-01  9.44146e-01  0.00000e+00
  -7337.50  6402.1875  9.45359e-01  9.47066e-01  9.45551e-01  0.00000e+00
  -7308.95  6402.8125  9.95252e-01  8.74049e-01  9.95094e-01  0.00000e+00
  -7280.40  6403.4375  1.09127e+00  1.28069e+00  1.09047e+00  0.00000e+00
  -7251.85  6404.0625  1.03631e+00  9.92988e-01  1.03601e+00  0.00000e+00
  -7223.30  6404.6875  9.61838e-01  9.02681e-01  9.62123e-01  0.00000e+00
  -7194.75  6405.3125  9.47516e-01  1.01339e+00  9.47535e-01  0.00000e+00
  -7166.19  6405.9375  9.14467e-01  8.68329e-01  9.13996e-01  0.00000e+00
  -7137.64  6406.5625  9.63686e-01  8.61882e-01  9.63135e-01  0.00000e+00
  -7109.09  6407.1875  1.11526e+00  1.20964e+00  1.11495e+00  0.00000e+00
  -7080.54  6407.8125  1.17162e+00  1.22935e+00  1.17150e+00  0.00000e+00
  -7051.99  6408.4375  1.13829e+00  1.06732e+00  1.13865e+00  0.00000e+00
  -7023.44  6409.0625  1.12827e+00  1.18051e+00  1.12867e+00  0.00000e+00
  -6994.89  6409.6875  1.07577e+00  1.10849e+00  1.07615e+00  0.00000e+00
  -6966.34  6410.3125  1.04849e+00  8.80414e-01  1.04876e+00  0.00000e+00
  -6937.79  6410.9375  1.14834e+00  1.26993e+00  1.14863e+00  0.00000e+00
  -6909.24  6411.5625  1.15425e+00  1.20841e+00  1.15519e+00  0.00000e+00
  -6880.68  6412.1875  1.02622e+00  1.01769e+00  1.02711e+00  0.00000e+00
  -6852.13  6412.8125  9.04042e-01  8.54699e-01  9.04479e-01  0.00000e+00
  -6823.58  6413.4375  8.74631e-01  8.30291e-01  8.74907e-01  0.00000e+00
  -6795.03  6414.0625  8.72560e-01  9.80836e-01  8.72826e-01  0.00000e+00
  -6766.48  6414.6875  8.21976e-01  7.11340e-01  8.22345e-01  0.00000e+00
  -6737.93  6415.3125  8.64164e-01  8.49580e-01  8.64995e-01  0.00000e+00
  -6709.38  6415.9375  9.88379e-01  9.81037e-01  9.89364e-01  0.00000e+00
  -6680.83  6416.5625  1.04710e+00  1.20250e+00  1.04827e+00  0.00000e+00
  -6652.28  6417.1875  1.01182e+00  8.24997e-01  1.01222e+00  0.00000e+00
  -6623.73  6417.8125  1.05154e+00  1.18827e+00  1.05103e+00  0.00000e+00
  -6595.17  6418.4375  1.06436e+00  9.84788e-01  1.06385e+00  0.00000e+00
  -6566.62  6419.0625  1.08568e+00  1.11879e+00  1.08482e+00  0.00000e+00
  -6538.07  6419.6875  1.08807e+00  1.11875e+00  1.08704e+00  0.00000e+00
  -6509.52  6420.3125  1.04254e+00  1.02698e+00  1.04252e+00  0.00000e+00
  -6480.97  6420.9375  1.01162e+00  9.88173e-01  1.01188e+00  0.00000e+00
  -6452.42  6421.5625  1.01328e+00  1.02698e+00  1.01318e+00  0.00000e+00
  -6423.87  6422.1875  1.02725e+00  9.98384e-01  1.02695e+00  0.00000e+00
  -6395.32  6422.8125  1.03741e+00  1.09294e+00  1.03671e+00  0.00000e+00
  -6366.77  6423.4375  9.83001e-01  1.00428e+00  9.82342e-01  0.00000e+00
  -6338.21  6424.0625  9.56159e-01  8.00110e-01  9.56289e-01  0.00000e+00
  -6309.66  6424.6875  1.01515e+00  1.19639e+00  1.01614e+00  0.00000e+00
  -6281.11  6425.3125  9.69198e-01  8.98800e-01  9.70477e-01  0.00000e+00
  -6252.56  6425.9375  9.15622e-01  9.10530e-01  9.16810e-01  0.00000e+00
  -6224.01  6426.5625  9.09036e-01  9.02667e-01  9.09902e-01  0.00000e+00
  -6195.46  6427.1875  9.17621e-01  9.19433e-01  9.18308e-01  0.00000e+00
  -6166.91  6427.8125  9.58705e-01  9.03061e-01  9.59494e-01  0.00000e+00
  -6138.36  6428.4375  1.03194e+00  1.10660e+00  1.03261e+00  0.00000e+00
  -6109.81  6429.0625  1.09330e+00  9.88089e-01  1.09345e+00  0.00000e+00
  -6081.26  6429.6875  1.08923e+00  1.37197e+00  1.08918e+00  0.00000e+00
  -6052.70  6430.3125  9.33615e-01  6.56143e-01  9.33869e-01  0.00000e+00
  -6024.15  6430.9375  9.14142e-01  1.02672e+00  9.14210e-01  0.00000e+00
  -5995.60  6431.5625  9.40394e-01  8.78364e-01  9.39964e-01  0.00000e+00
  -5967.05  6432.1875  9.74072e-01  9.98303e-01  9.73795e-01  0.00000e+00
  -5938.50  6432.8125  9.83866e-01  1.03342e+00  9.84222e-01  0.00000e+00
  -5909.95  6433.4375  9.97965e-01  8.50807e-01  9.98376e-01  0.00000e+00
  -5881.40  6434.0625  1.06788e+00  1.25672e+00  1.06838e+00  0.00000e+00
  -5852.85  6434.6875  1.05854e+00  9.12341e-01  1.05882e+00  0.00000e+00
  -5824.30  6435.3125  1.06687e+00  1.17937e+00  1.06676e+00  0.00000e+00
  -5795.75  6435.9375  1.02451e+00  1.00146e+00  1.02470e+00  0.00000e+00
  -5767.19  6436.5625  1.00032e+00  9.09691e-01  1.00094e+00  0.00000e+00
  -5738.64  6437.1875  1.02817e+00  1.16232e+00  1.02894e+00  0.00000e+00
  -5710.09  6437.8125  9.79805e-01  9.02839e-01  9.80218e-01  0.00000e+00
  -5681.54  6438.4375  9.57188e-01  9.53565e-01  9.57604e-01  0.00000e+00
  -5652.99  6439.0625  9.69259e-01  9.89452e-01  9.69908e-01  0.00000e+00
  -5624.44  6439.6875  9.58404e-01  9.60352e-01  9.58828e-01  0.00000e+00
  -5595.89  6440.3125  9.39100e-01  9.30086e-01  9.39370e-01  0.00000e+00
  -5567.34  6440.9375  9.48473e-01  9.17624e-01  9.48825e-01  0.00000e+00
  -5538.79  6441.5625  9.99240e-01  1.00747e+00  9.99874e-01  0.00000e+00
  -5510.24  6442.1875  1.04864e+00  1.06071e+00  1.04909e+00  0.00000e+00
  -5481.68  6442.8125  1.04258e+00  1.10339e+00  1.04251e+00  0.00000e+00
  -5453.13  6443.4375  9.82599e-01  9.28710e-01  9.82516e-01  0.00000e+00
  -5424.58  6444.0625  9.91242e-01  9.29653e-01  9.91188e-01  0.00000e+00
  -5396.03  6444.6875  1.04890e+00  1.15470e+00  1.04874e+00  0.00000e+00
  -5367.48  6445.3125  1.01493e+00  1.00218e+00  1.01471e+00  0.00000e+00
  -5338.93  6445.9375  9.82624e-01  9.03539e-01  9.82337e-01  0.00000e+00
  -5310.38  6446.5625  1.03635e+00  1.07198e+00  1.03593e+00  0.00000e+00
  -5281.83  6447.1875  1.05794e+00  1.11749e+00  1.05790e+00  0.00000e+00
  -5253.28  6447.8125  1.03540e+00  9.45175e-01  1.03615e+00  0.00000e+00
  -5224.72  6448.4375  1.08485e+00  1.09884e+00  1.08601e+00  0.00000e+00
  -5196.17  6449.0625  1.11701e+00  1.19895e+00  1.11802e+00  0.00000e+00
  -5167.62  6449.6875  1.00848e+00  1.05712e+00  1.00918e+00  0.00000e+00
  -5139.07  6450.3125  8.58550e-01  7.40239e-01  8.59026e-01  0.00000e+00
  -5110.52  6450.9375  8.73629e-01  8.08143e-01  8.73492e-01  0.00000e+00
  -5081.97  6451.5625  1.02683e+00  1.05269e+00  1.02633e+00  0.00000e+00
  -5053.42  6452.1875  1.11621e+00  1.23823e+00  1.11582e+00  0.00000e+00
  -5024.87  6452.8125  1.05073e+00  1.01561e+00  1.05055e+00  0.00000e+00
  -4996.32  6453.4375  9.63519e-01  9.50095e-01  9.63057e-01  0.00000e+00
  -4967.77  6454.0625  8.91936e-01  9.34104e-01  8.91435e-01  0.00000e+00
  -4939.21  6454.6875  8.65884e-01  7.01054e-01  8.65431e-01  0.00000e+00
  -4910.66  6455.3125  9.02182e-01  1.12996e+00  9.01666e-01  0.00000e+00
  -4882.11  6455.9375  8.51012e-01  6.63117e-01  8.50810e-01  0.00000e+00
  -4853.56  6456.5625  9.69687e-01  8.68241e-01  9.70258e-01  0.00000e+00
  -4825.01  6457.1875  1.15785e+00  1.44961e+00  1.15824e+00  0.00000e+00
  -4796.46  6457.8125  1.10758e+00  9.65533e-01  1.10721e+00  0.00000e+00
  -4767.91  6458.4375  1.02000e+00  1.11349e+00  1.01953e+00  0.00000e+00
  -4739.36  6459.0625  9.54698e-01  8.34815e-01  9.54131e-01  0.00000e+00
  -4710.81  6459.6875  9.58089e-01  1.02575e+00  9.57447e-01  0.00000e+00
  -4682.26  6460.3125  9.63879e-01  9.26044e-01  9.63777e-01  0.00000e+00
  -4653.70  6460.9375  9.86125e-01  9.78102e-01  9.86463e-01  0.00000e+00
  -4625.15  6461.5625  1.00714e+00  1.06379e+00  1.00742e+00  0.00000e+00
  -4596.60  6462.1875  9.97415e-01  9.35268e-01  9.97678e-01  0.00000e+00
  -4568.05  6462.8125  1.04542e+00  1.02481e+00  1.04601e+00  0.00000e+00
  -4539.50  6463.4375  1.08953e+00  1.19980e+00  1.09042e+00  0.00000e+00
  -4510.95  6464.0625  1.00141e+00  1.00598e+00  1.00192e+00  0.00000e+00
  -4482.40  6464.6875  8.96126e-01  8.02866e-01  8.96160e-01  0.00000e+00
  -4453.85  6465.3125  8.88026e-01  9.24784e-01  8.87622e-01  0.00000e+00
  -4425.30  6465.9375  9.06821e-01  8.70608e-01  9.06915e-01  0.00000e+00
  -4396.74  6466.5625  9.11724e-01  9.88161e-01  9.12194e-01  0.00000e+00
  -4368.19  6467.1875  8.93364e-01  7.92563e-01  8.93520e-01  0.00000e+00
  -4339.64  6467.8125  9.14234e-01  1.00105e+00  9.13722e-01  0.00000e+00
  -4311.09  6468.4375  9.25583e-01  8.47778e-01  9.24953e-01  0.00000e+00
  -4282.54  6469.0625  9.99298e-01  9.84702e-01  9.99006e-01  0.00000e+00
  -4253.99  6469.6875  1.10572e+00  1.14944e+00  1.10539e+00  0.00000e+00
  -4225.44  6470.3125  1.09055e+00  1.21997e+00  1.09029e+00  0.00000e+00
  -4196.89  6470.9375  9.50344e-01  8.31020e-01  9.50425e-01  0.00000e+00
  -4168.34  6471.5625  9.15567e-01  8.70230e-01  9.15477e-01  0.00000e+00
  -4139.79  6472.1875  9.83886e-01  1.02694e+00  9.83781e-01  0.00000e+00
  -4111.23  6472.8125  1.03133e+00  1.02185e+00  1.03121e+00  0.00000e+00
  -4082.68  6473.4375  1.05322e+00  1.07635e+00  1.05298e+00  0.00000e+00
  -4054.13  6474.0625  1.06122e+00  1.03907e+00  1.06076e+00  0.00000e+00
  -4025.58  6474.6875  1.07230e+00  1.09446e+00  1.07178e+00  0.00000e+00
  -3997.03  6475.3125  1.07278e+00  1.05888e+00  1.07201e+00  0.00000e+00
  -3968.48  6475.9375  1.03914e+00  1.10496e+00  1.03866e+00  0.00000e+00
  -3939.93  6476.5625  9.32574e-01  9.26720e-01  9.32774e-01  0.00000e+00
  -3911.38  6477.1875  8.60902e-01  7.48560e-01  8.61019e-01  0.00000e+00
  -3882.83  6477.8125  9.20641e-01  9.61475e-01  9.19945e-01  0.00000e+00
  -3854.28  6478.4375  1.06597e+00  9.34280e-01  1.06514e+00  0.00000e+00
  -3825.72  6479.0625  1.20838e+00  1.46734e+00  1.20801e+00  0.00000e+00
  -3797.17  6479.6875  1.08424e+00  1.08881e+00  1.08457e+00  0.00000e+00
  -3768.62  6480.3125  8.69284e-01  7.57540e-01  8.69578e-01  0.00000e+00
  -3740.07  6480.9375  8.03272e-01  7.89063e-01  8.03300e-01  0.00000e+00
  -3711.52  6481.5625  8.67698e-01  7.92782e-01  8.67806e-01  0.00000e+00
  -3682.97  6482.1875  9.97400e-01  1.07150e+00  9.97408e-01  0.00000e+00
  -3654.42  6482.8125  1.03623e+00  1.09774e+00  1.03599e+00  0.00000e+00
  -3625.87  6483.4375  9.51574e-01  9.54465e-01  9.51002e-01  0.00000e+00
  -3597.32  6484.0625  8.82169e-01  7.87301e-01  8.81700e-01  0.00000e+00
  -3568.76  6484.6875  9.52130e-01  9.17782e-01  9.51756e-01  0.00000e+00
  -3540.21  6485.3125  1.04515e+00  1.18156e+00  1.04494e+00  0.00000e+00
  -3511.66  6485.9375  1.02122e+00  9.50637e-01  1.02160e+00  0.00000e+00
  -3483.11  6486.5625  9.83359e-01  1.02894e+00  9.84140e-01  0.00000e+00
  -3454.56  6487.1875  9.52248e-01  9.06313e-01  9.53119e-01  0.00000e+00
  -3426.01  6487.8125  9.80475e-01  9.40797e-01  9.81613e-01  0.00000e+00
  -3397.46  6488.4375  1.06434e+00  1.09961e+00  1.06493e+00  0.00000e+00
  -3368.91  6489.0625  1.08598e+00  1.15305e+00  1.08598e+00  0.00000e+00
  -3340.36  6489.6875  1.00120e+00  9.99639e-01  1.00128e+00  0.00000e+00
  -3311.81  6490.3125  9.19893e-01  8.47231e-01  9.19817e-01  0.00000e+00
  -3283.25  6490.9375  9.22451e-01  9.44367e-01  9.22130e-01  0.00000e+00
  -3254.70  6491.5625  9.56355e-01  9.23692e-01  9.56372e-01  0.00000e+00
  -3226.15  6492.1875  9.70615e-01  1.06653e+00  9.70660e-01  0.00000e+00
  -3197.60  6492.8125  9.71815e-01  8.02417e-01  9.71358e-01  0.00000e+00
  -3169.05  6493.4375  1.03255e+00  1.22568e+00  1.03233e+00  0.00000e+00
  -3140.50  6494.0625  1.06363e+00  8.40272e-01  1.06407e+00  0.00000e+00
  -3111.95  6494.6875  1.15718e+00  1.36709e+00  1.15748e+00  0.00000e+00
  -3083.40  6495.3125  1.15070e+00  1.05990e+00  1.15047e+00  0.00000e+00
  -3054.85  6495.9375  1.07870e+00  1.19292e+00  1.07834e+00  0.00000e+00
  -3026.30  6496.5625  9.48660e-01  8.74220e-01  9.48727e-01  0.00000e+00
  -2997.74  6497.1875  8.80314e-01  8.34104e-01  8.80638e-01  0.00000e+00
  -2969.19  6497.8125  9.15295e-01  9.12821e-01  9.15593e-01  0.00000e+00
  -2940.64  6498.4375  9.61478e-01  9.97731e-01  9.60837e-01  0.00000e+00
  -2912.09  6499.0625  9.53276e-01  9.72420e-01  9.52270e-01  0.00000e+00
  -2883.54  6499.6875  9.46579e-01  8.62799e-01  9.46053e-01  0.00000e+00
  -2854.99  6500.3125  1.00446e+00  1.06042e+00  1.00448e+00  0.00000e+00
  -2826.44  6500.9375  1.02946e+00  1.04437e+00  1.03004e+00  0.00000e+00
  -2797.89  6501.5625  1.01436e+00  9.96395e-01  1.01515e+00  0.00000e+00
  -2769.34  6502.1875  1.01453e+00  1.01050e+00  1.01486e+00  0.00000e+00
  -2740.78  6502.8125  1.02994e+00  1.03191e+00  1.02975e+00  0.00000e+00
  -2712.23  6503.4375  1.05296e+00  1.03953e+00  1.05233e+00  0.00000e+00
  -2683.68  6504.0625  1.07509e+00  1.10451e+00  1.07517e+00  0.00000e+00
  -2655.13  6504.6875  1.06925e+00  1.06419e+00  1.07010e+00  0.00000e+00
  -2626.58  6505.3125  1.05525e+00  1.05110e+00  1.05552e+00  0.00000e+00
  -2598.03  6505.9375  1.04607e+00  1.04914e+00  1.04602e+00  0.00000e+00
  -2569.48  6506.5625  1.01627e+00  1.04714e+00  1.01672e+00  0.00000e+00
  -2540.93  6507.1875  9.41540e-01  9.50807e-01  9.42026e-01  0.00000e+00
  -2512.38  6507.8125  8.98955e-01  7.90865e-01  8.99377e-01  0.00000e+00
  -2483.83  6508.4375  9.55583e-01  1.02155e+00  9.56212e-01  0.00000e+00
  -2455.27  6509.0625  1.01273e+00  9.70090e-01  1.01346e+00  0.00000e+00
  -2426.72  6509.6875  1.04245e+00  1.12279e+00  1.04287e+00  0.00000e+00
  -2398.17  6510.3125  1.00783e+00  9.77420e-01  1.00769e+00  0.00000e+00
  -2369.62  6510.9375  9.80820e-01  9.54870e-01  9.80867e-01  0.00000e+00
  -2341.07  6511.5625  9.83010e-01  1.02318e+00  9.83428e-01  0.00000e+00
  -2312.52  6512.1875  9.98227e-01  9.09061e-01  9.98884e-01  0.00000e+00
  -2283.97  6512.8125  1.03200e+00  1.16248e+00  1.03244e+00  0.00000e+00
  -2255.42  6513.4375  9.85125e-01  9.15840e-01  9.85218e-01  0.00000e+00
  -2226.87  6514.0625  9.38612e-01  9.70314e-01  9.38473e-01  0.00000e+00
  -2198.32  6514.6875  9.43443e-01  8.46564e-01  9.43597e-01  0.00000e+00
  -2169.76  6515.3125  1.01281e+00  1.09477e+00  1.01350e+00  0.00000e+00
  -2141.21  6515.9375  1.05370e+00  1.00986e+00  1.05492e+00  0.00000e+00
  -2112.66  6516.5625  1.04897e+00  1.14654e+00  1.05032e+00  0.00000e+00
  -2084.11  6517.1875  9.70016e-01  9.18487e-01  9.71178e-01  0.00000e+00
  -2055.56  6517.8125  9.20685e-01  8.89843e-01  9.21711e-01  0.00000e+00
  -2027.01  6518.4375  9.36051e-01  9.44058e-01  9.36946e-01  0.00000e+00
  -1998.46  6519.0625  9.65954e-01  9.56614e-01  9.66557e-01  0.00000e+00
  -1969.91  6519.6875  9.90511e-01  1.01743e+00  9.91035e-01  0.00000e+00
  -1941.36  6520.3125  1.02110e+00  9.53115e-01  1.02164e+00  0.00000e+00
  -1912.80  6520.9375  1.04746e+00  1.18359e+00  1.04787e+00  0.00000e+00
  -1884.25  6521.5625  9.96874e-01  8.87998e-01  9.97214e-01  0.00000e+00
  -1855.70  6522.1875  9.84079e-01  1.03178e+00  9.84353e-01  0.00000e+00
  -1827.15  6522.8125  9.96116e-01  9.47415e-01  9.96816e-01  0.00000e+00
  -1798.60  6523.4375  1.01180e+00  1.08006e+00  1.01282e+00  0.00000e+00
  -1770.05  6524.0625  1.04765e+00  9.00034e-01  1.04821e+00  0.00000e+00
  -1741.50  6524.6875  1.12917e+00  1.31458e+00  1.12943e+00  0.00000e+00
  -1712.95  6525.3125  1.07086e+00  1.04059e+00  1.07070e+00  0.00000e+00
  -1684.40  6525.9375  9.87934e-01  9.20401e-01  9.87391e-01  0.00000e+00
  -1655.85  6526.5625  1.02867e+00  9.87173e-01  1.02828e+00  0.00000e+00
  -1627.29  6527.1875  1.10206e+00  1.21292e+00  1.10208e+00  0.00000e+00
  -1598.74  6527.8125  1.08738e+00  1.02825e+00  1.08749e+00  0.00000e+00
  -1570.19  6528.4375  1.03598e+00  1.12530e+00  1.03580e+00  0.00000e+00
  -1541.64  6529.0625  9.76581e-01  8.40406e-01  9.76412e-01  0.00000e+00
  -1513.09  6529.6875  9.82907e-01  1.09126e+00  9.82933e-01  0.00000e+00
  -1484.54  6530.3125  9.58225e-01  9.03269e-01  9.58041e-01  0.00000e+00
  -1455.99  6530.9375  9.55260e-01  9.37226e-01  9.55141e-01  0.00000e+00
  -1427.44  6531.5625  9.78703e-01  1.02347e+00  9.78578e-01  0.00000e+00
  -1398.89  6532.1875  9.55414e-01  9.55840e-01  9.55509e-01  0.00000e+00
  -1370.34  6532.8125  9.12872e-01  9.01137e-01  9.12998e-01  0.00000e+00
  -1341.78  6533.4375  9.01679e-01  8.73006e-01  9.01423e-01  0.00000e+00
  -1313.23  6534.0625  9.31631e-01  9.35442e-01  9.31433e-01  0.00000e+00
  -1284.68  6534.6875  9.42923e-01  9.99492e-01  9.42838e-01  0.00000e+00
  -1256.13  6535.3125  9.28937e-01  8.40592e-01  9.28373e-01  0.00000e+00
  -1227.58  6535.9375  9.61842e-01  1.02223e+00  9.61323e-01  0.00000e+00
  -1199.03  6536.5625  9.68343e-01  9.64577e-01  9.68534e-01  0.00000e+00
  -1170.48  6537.1875  9.49089e-01  9.44650e-01  9.49799e-01  0.00000e+00
  -1141.93  6537.8125  9.42273e-01  9.33679e-01  9.42661e-01  0.00000e+00
  -1113.38  6538.4375  9.65070e-01  9.35251e-01  9.65588e-01  0.00000e+00
  -1084.83  6539.0625  9.82632e-01  1.06890e+00  9.83554e-01  0.00000e+00
  -1056.27  6539.6875  9.44028e-01  8.79680e-01  9.44462e-01  0.00000e+00
  -1027.72  6540.3125  9.55588e-01  9.19632e-01  9.55480e-01  0.00000e+00
   -999.17  6540.9375  9.57416e-01  1.12781e+00  9.57182e-01  0.00000e+00
   -970.62  6541.5625  9.16298e-01  6.39278e-01  9.16268e-01  0.00000e+00
   -942.07  6542.1875  1.00410e+00  1.23658e+00  1.00413e+00  0.00000e+00
   -913.52  6542.8125  9.90190e-01  9.12421e-01  9.89959e-01  0.00000e+00
   -884.97  6543.4375  9.40445e-01  9.62480e-01  9.40284e-01  0.00000e+00
   -856.42  6544.0625  9.89018e-01  8.32529e-01  9.88890e-01  0.00000e+00
   -827.87  6544.6875  1.11799e+00  1.31278e+00  1.11810e+00  0.00000e+00
   -799.31  6545.3125  1.08536e+00  1.08131e+00  1.08621e+00  0.00000e+00
   -770.76  6545.9375  9.81536e-01  9.21353e-01  9.82210e-01  0.00000e+00
   -742.21  6546.5625  9.53509e-01  9.54067e-01  9.53567e-01  0.00000e+00
   -713.66  6547.1875  9.62996e-01  9.62364e-01  9.63373e-01  0.00000e+00
   -685.11  6547.8125  9.93680e-01  9.65861e-01  9.94237e-01  0.00000e+00
   -656.56  6548.4375  1.08293e+00  1.03740e+00  1.08276e+00  0.00000e+00
   -628.01  6549.0625  1.13790e+00  1.32889e+00  1.13764e+00  0.00000e+00
   -599.46  6549.6875  1.04836e+00  9.18938e-01  1.04878e+00  0.00000e+00
   -570.91  6550.3125  1.06465e+00  9.74527e-01  1.06518e+00  0.00000e+00
   -542.36  6550.9375  1.14671e+00  1.36115e+00  1.14673e+00  0.00000e+00
   -513.80  6551.5625  1.06412e+00  9.61375e-01  1.06372e+00  0.00000e+00
   -485.25  6552.1875  9.88280e-01  9.91154e-01  9.88175e-01  0.00000e+00
   -456.70  6552.8125  9.42851e-01  9.77612e-01  9.43223e-01  0.00000e+00
   -428.15  6553.4375  8.59804e-01  8.52350e-01  8.60212e-01  0.00000e+00
   -399.60  6554.0625  8.09351e-01  7.38551e-01  8.09360e-01  0.00000e+00
   -371.05  6554.6875  8.75333e-01  8.42829e-01  8.75295e-01  0.00000e+00
   -342.50  6555.3125  9.99186e-01  1.04259e+00  9.99373e-01  0.00000e+00
   -313.95  6555.9375  1.04535e+00  1.11744e+00  1.04586e+00  0.00000e+00
   -285.40  6556.5625  1.00919e+00  9.45413e-01  1.00949e+00  0.00000e+00
   -256.85  6557.1875  1.01815e+00  1.00444e+00  1.01818e+00  0.00000e+00
   -228.29  6557.8125  1.03346e+00  1.12091e+00  1.03350e+00  0.00000e+00
   -199.74  6558.4375  1.03068e+00  8.86046e-01  1.03078e+00  0.00000e+00
   -171.19  6559.0625  1.15802e+00  1.16278e+00  1.15827e+00  0.00000e+00
   -142.64  6559.6875  1.23546e+00  1.45359e+00  1.23529e+00  0.00000e+00
   -114.09  6560.3125  1.10267e+00  9.76771e-01  1.10260e+00  0.00000e+00
    -85.54  6560.9375  1.05338e+00  9.73170e-01  1.05390e+00  0.00000e+00
    -56.99  6561.5625  1.16292e+00  1.18469e+00  1.16331e+00  0.00000e+00
    -28.44  6562.1875  1.21681e+00  1.35115e+00  1.21665e+00  0.00000e+00
      0.11  6562.8125  1.11381e+00  1.05958e+00  1.11340e+00  0.00000e+00
     28.67  6563.4375  1.01216e+00  9.95027e-01  1.01166e+00  0.00000e+00
     57.22  6564.0625  9.71682e-01  9.50180e-01  9.71291e-01  0.00000e+00
     85.77  6564.6875  9.18159e-01  1.01419e+00  9.17829e-01  0.00000e+00
    114.32  6565.3125  8.34424e-01  7.00603e-01  8.34218e-01  0.00000e+00
    142.87  6565.9375  9.20313e-01  8.30270e-01  9.20327e-01  0.00000e+00
    171.42  6566.5625  1.08704e+00  1.27802e+00  1.08741e+00  0.00000e+00
    199.97  6567.1875  1.04426e+00  1.07774e+00  1.04455e+00  0.00000e+00
    228.52  6567.8125  9.58066e-01  7.62646e-01  9.57981e-01  0.00000e+00
    257.07  6568.4375  1.03076e+00  1.15474e+00  1.03041e+00  0.00000e+00
    285.62  6569.0625  1.05291e+00  1.05706e+00  1.05279e+00  0.00000e+00
    314.18  6569.6875  1.00198e+00  1.00672e+00  1.00207e+00  0.00000e+00
    342.73  6570.3125  1.00785e+00  8.85647e-01  1.00808e+00  0.00000e+00
    371.28  6570.9375  1.10280e+00  1.22396e+00  1.10293e+00  0.00000e+00
    399.83  6571.5625  1.14342e+00  1.08296e+00  1.14321e+00  0.00000e+00
    428.38  6572.1875  1.13448e+00  1.23502e+00  1.13404e+00  0.00000e+00
    456.93  6572.8125  1.03140e+00  1.02006e+00  1.03101e+00  0.00000e+00
    485.48  6573.4375  9.05538e-01  8.76989e-01  9.05333e-01  0.00000e+00
    514.03  6574.0625  8.87021e-01  7.78143e-01  8.87278e-01  0.00000e+00
    542.58  6574.6875  1.01841e+00  1.03522e+00  1.01872e+00  0.00000e+00
    571.13  6575.3125  1.12809e+00  1.23244e+00  1.12806e+00  0.00000e+00
    599.69  6575.9375  1.05407e+00  1.12819e+00  1.05378e+00  0.00000e+00
    628.24  6576.5625  9.45793e-01  7.27067e-01  9.45543e-01  0.00000e+00
    656.79  6577.1875  1.00833e+00  1.12927e+00  1.00813e+00  0.00000e+00
    685.34  6577.8125  1.04550e+00  1.03361e+00  1.04546e+00  0.00000e+00
    713.89  6578.4375  1.00950e+00  1.05369e+00  1.00958e+00  0.00000e+00
    742.44  6579.0625  9.86236e-01  8.68808e-01  9.86232e-01  0.00000e+00
    770.99  6579.6875  1.04434e+00  1.12181e+00  1.04441e+00  0.00000e+00
    799.54  6580.3125  1.03140e+00  1.09667e+00  1.03216e+00  0.00000e+00
    828.09  6580.9375  9.41332e-01  8.62058e-01  9.41900e-01  0.00000e+00
    856.65  6581.5625  9.89897e-01  8.52378e-01  9.89937e-01  0.00000e+00
    885.20  6582.1875  1.11606e+00  1.36933e+00  1.11655e+00  0.00000e+00
    913.75  6582.8125  1.02864e+00  9.72473e-01  1.02917e+00  0.00000e+00
    942.30  6583.4375  9.40255e-01  8.13595e-01  9.40679e-01  0.00000e+00
    970.85  6584.0625  9.86740e-01  1.08760e+00  9.86953e-01  0.00000e+00
    999.40  6584.6875  1.00970e+00  9.61601e-01  1.00941e+00  0.00000e+00
   1027.95  6585.3125  1.07360e+00  1.00579e+00  1.07329e+00  0.00000e+00
   1056.50  6585.9375  1.13055e+00  1.34154e+00  1.13105e+00  0.00000e+00
   1085.05  6586.5625  1.04075e+00  8.88867e-01  1.04152e+00  0.00000e+00
   1113.60  6587.1875  1.02143e+00  1.02986e+00  1.02225e+00  0.00000e+00
   1142.16  6587.8125  1.06020e+00  1.09095e+00  1.06135e+00  0.00000e+00
   1170.71  6588.4375  1.09773e+00  1.02311e+00  1.09861e+00  0.00000e+00
   1199.26  6589.0625  1.12140e+00  1.28639e+00  1.12163e+00  0.00000e+00
   1227.81  6589.6875  1.07098e+00  8.95988e-01  1.07043e+00  0.00000e+00
   1256.36  6590.3125  1.07880e+00  1.21014e+00  1.07800e+00  0.00000e+00
   1284.91  6590.9375  1.04847e+00  9.87604e-01  1.04781e+00  0.00000e+00
   1313.46  6591.5625  1.01172e+00  1.03098e+00  1.01138e+00  0.00000e+00
   1342.01  6592.1875  9.54079e-01  1.01087e+00  9.54045e-01  0.00000e+00
   1370.56  6592.8125  9.27333e-01  7.24934e-01  9.27209e-01  0.00000e+00
   1399.11  6593.4375  1.01459e+00  1.21769e+00  1.01407e+00  0.00000e+00
   1427.67  6594.0625  9.90522e-01  9.23489e-01  9.89688e-01  0.00000e+00
   1456.22  6594.6875  9.12035e-01  9.63265e-01  9.11370e-01  0.00000e+00
   1484.77  6595.3125  8.68273e-01  7.52617e-01  8.67971e-01  0.00000e+00
   1513.32  6595.9375  9.30697e-01  9.59058e-01  9.30323e-01  0.00000e+00
   1541.87  6596.5625  9.80362e-01  1.05516e+00  9.79894e-01  0.00000e+00
   1570.42  6597.1875  9.49392e-01  8.90135e-01  9.49330e-01  0.00000e+00
   1598.97  6597.8125  9.03518e-01  9.93308e-01  9.03711e-01  0.00000e+00
   1627.52  6598.4375  8.98478e-01  6.85064e-01  8.98916e-01  0.00000e+00
   1656.07  6599.0625  1.07005e+00  1.15492e+00  1.07056e+00  0.00000e+00
   1684.63  6599.6875  1.17766e+00  1.30846e+00  1.17729e+00  0.00000e+00
   1713.18  6600.3125  1.10779e+00  1.03910e+00  1.10686e+00  0.00000e+00
   1741.73  6600.9375  1.04307e+00  1.04863e+00  1.04278e+00  0.00000e+00
   1770.28  6601.5625  1.00299e+00  1.01593e+00  1.00304e+00  0.00000e+00
   1798.83  6602.1875  9.81236e-01  9.17379e-01  9.80803e-01  0.00000e+00
   1827.38  6602.8125  9.99688e-01  1.06453e+00  9.98682e-01  0.00000e+00
   1855.93  6603.4375  1.01299e+00  9.38938e-01  1.01194e+00  0.00000e+00
   1884.48  6604.0625  1.05760e+00  1.11113e+00  1.05691e+00  0.00000e+00
   1913.03  6604.6875  1.10344e+00  1.04573e+00  1.10291e+00  0.00000e+00
   1941.58  6605.3125  1.11371e+00  1.25857e+00  1.11282e+00  0.00000e+00
   1970.14  6605.9375  1.05135e+00  8.99255e-01  1.05063e+00  0.00000e+00
   1998.69  6606.5625  1.02661e+00  1.16375e+00  1.02596e+00  0.00000e+00
   2027.24  6607.1875  9.77084e-01  8.61260e-01  9.76507e-01  0.00000e+00
   2055.79  6607.8125  1.01122e+00  9.97876e-01  1.01119e+00  0.00000e+00
   2084.34  6608.4375  1.10199e+00  1.14132e+00  1.10245e+00  0.00000e+00
   2112.89  6609.0625  1.10474e+00  1.18695e+00  1.10501e+00  0.00000e+00
   2141.44  6609.6875  1.02123e+00  9.47569e-01  1.02057e+00  0.00000e+00
   2169.99  6610.3125  1.02000e+00  9.53520e-01  1.01924e+00  0.00000e+00
   2198.54  6610.9375  1.05959e+00  1.21418e+00  1.05897e+00  0.00000e+00
   2227.09  6611.5625  1.00207e+00  8.89723e-01  1.00162e+00  0.00000e+00
   2255.65  6612.1875  9.75342e-01  1.02537e+00  9.75240e-01  0.00000e+00
   2284.20  6612.8125  9.92521e-01  9.07402e-01  9.92740e-01  0.00000e+00
   2312.75  6613.4375  1.02875e+00  1.14649e+00  1.02938e+00  0.00000e+00
   2341.30  6614.0625  1.01534e+00  9.17761e-01  1.01587e+00  0.00000e+00
   2369.85  6614.6875  1.03327e+00  1.08101e+00  1.03386e+00  0.00000e+00
   2398.40  6615.3125  1.01986e+00  1.05959e+00  1.02052e+00  0.00000e+00
   2426.95  6615.9375  9.50701e-01  9.11987e-01  9.51043e-01  0.00000e+00
   2455.50  6616.5625  9.11796e-01  9.16338e-01  9.12130e-01  0.00000e+00
   2484.05  6617.1875  1.00314e+00  7.99688e-01  1.00378e+00  0.00000e+00
   2512.61  6617.8125  1.18778e+00  1.48041e+00  1.18813e+00  0.00000e+00
   2541.16  6618.4375  1.12177e+00  1.09674e+00  1.12188e+00  0.00000e+00
   2569.71  6619.0625  9.48895e-01  8.98576e-01  9.48940e-01  0.00000e+00
   2598.26  6619.6875  8.57312e-01  8.46636e-01  8.57245e-01  0.00000e+00
   2626.81  6620.3125  8.55317e-01  7.83388e-01  8.55051e-01  0.00000e+00
   2655.36  6620.9375  9.44216e-01  9.61009e-01  9.43846e-01  0.00000e+00
   2683.91  6621.5625  1.00316e+00  1.09062e+00  1.00303e+00  0.00000e+00
   2712.46  6622.1875  9.65239e-01  9.17121e-01  9.64994e-01  0.00000e+00
   2741.01  6622.8125  9.18039e-01  9.55678e-01  9.17923e-01  0.00000e+00
   2769.56  6623.4375  9.09446e-01  8.09487e-01  9.09692e-01  0.00000e+00
   2798.12  6624.0625  1.03469e+00  9.90839e-01  1.03496e+00  0.00000e+00
   2826.67  6624.6875  1.18061e+00  1.34015e+00  1.18044e+00  0.00000e+00
   2855.22  6625.3125  1.14297e+00  1.14858e+00  1.14240e+00  0.00000e+00
   2883.77  6625.9375  1.04652e+00  9.65942e-01  1.04608e+00  0.00000e+00
   2912.32  6626.5625  9.72317e-01  1.10579e+00  9.72215e-01  0.00000e+00
   2940.87  6627.1875  8.56638e-01  7.17104e-01  8.56647e-01  0.00000e+00
   2969.42  6627.8125  8.97430e-01  8.12321e-01  8.97713e-01  0.00000e+00
   2997.97  6628.4375  1.07283e+00  1.16892e+00  1.07308e+00  0.00000e+00
   3026.52  6629.0625  1.15957e+00  1.18722e+00  1.15953e+00  0.00000e+00
   3055.07  6629.6875  1.15485e+00  1.15435e+00  1.15498e+00  0.00000e+00
   3083.63  6630.3125  1.14345e+00  1.11771e+00  1.14345e+00  0.00000e+00
   3112.18  6630.9375  1.11723e+00  1.20204e+00  1.11668e+00  0.00000e+00
   3140.73  6631.5625  1.04326e+00  9.61157e-01  1.04206e+00  0.00000e+00
   3169.28  6632.1875  1.02067e+00  1.02817e+00  1.01972e+00  0.00000e+00
   3197.83  6632.8125  9.90737e-01  1.07288e+00  9.90659e-01  0.00000e+00
   3226.38  6633.4375  9.39203e-01  7.81770e-01  9.39736e-01  0.00000e+00
   3254.93  6634.0625  9.50917e-01  1.11860e+00  9.51428e-01  0.00000e+00
   3283.48  6634.6875  9.22216e-01  7.68838e-01  9.22657e-01  0.00000e+00
   3312.03  6635.3125  9.54941e-01  1.03307e+00  9.55167e-01  0.00000e+00
   3340.58  6635.9375  9.77362e-01  9.63380e-01  9.76851e-01  0.00000e+00
   3369.14  6636.5625  9.55111e-01  9.99142e-01  9.54221e-01  0.00000e+00
   3397.69  6637.1875  9.67714e-01  8.12296e-01  9.66893e-01  0.00000e+00
   3426.24  6637.8125  1.05177e+00  1.23875e+00  1.05104e+00  0.00000e+00
   3454.79  6638.4375  1.03950e+00  9.35921e-01  1.03918e+00  0.00000e+00
   3483.34  6639.0625  1.01866e+00  1.08695e+00  1.01864e+00  0.00000e+00
   3511.89  6639.6875  1.01112e+00  9.26737e-01  1.01122e+00  0.00000e+00
   3540.44  6640.3125  1.02176e+00  1.11811e+00  1.02206e+00  0.00000e+00
   3568.99  6640.9375  9.95118e-01  9.32888e-01  9.94990e-01  0.00000e+00
   3597.54  6641.5625  1.06700e+00  9.35574e-01  1.06655e+00  0.00000e+00
   3626.10  6642.1875  1.19029e+00  1.45554e+00  1.19080e+00  0.00000e+00
   3654.65  6642.8125  1.09617e+00  1.01193e+00  1.09702e+00  0.00000e+00
   3683.20  6643.4375  1.01303e+00  9.13312e-01  1.01310e+00  0.00000e+00
   3711.75  6644.0625  1.01566e+00  1.16780e+00  1.01551e+00  0.00000e+00
   3740.30  6644.6875  9.33838e-01  8.46693e-01  9.33857e-01  0.00000e+00
   3768.85  6645.3125  9.09134e-01  8.55278e-01  9.09621e-01  0.00000e+00
   3797.40  6645.9375  9.57728e-01  1.03544e+00  9.58408e-01  0.00000e+00
   3825.95  6646.5625  9.58953e-01  9.29145e-01  9.59397e-01  0.00000e+00
   3854.50  6647.1875  9.91127e-01  9.23948e-01  9.91616e-01  0.00000e+00
   3883.05  6647.8125  1.05834e+00  1.17715e+00  1.05877e+00  0.00000e+00
   3911.61  6648.4375  1.04661e+00  9.84863e-01  1.04680e+00  0.00000e+00
   3940.16  6649.0625  1.04643e+00  1.04335e+00  1.04668e+00  0.00000e+00
   3968.71  6649.6875  1.03129e+00  1.11746e+00  1.03163e+00  0.00000e+00
   3997.26  6650.3125  9.14512e-01  9.09494e-01  9.14992e-01  0.00000e+00
   4025.81  6650.9375  8.60117e-01  6.75609e-01  8.60620e-01  0.00000e+00
   4054.36  6651.5625  9.79712e-01  1.10030e+00  9.79970e-01  0.00000e+00
   4082.91  6652.1875  1.05706e+00  1.04314e+00  1.05709e+00  0.00000e+00
   4111.46  6652.8125  1.05163e+00  1.11068e+00  1.05162e+00  0.00000e+00
   4140.01  6653.4375  1.00264e+00  9.50466e-01  1.00221e+00  0.00000e+00
   4168.56  6654.0625  9.79235e-01  9.94694e-01  9.78576e-01  0.00000e+00
   4197.12  6654.6875  9.77131e-01  9.60372e-01  9.76932e-01  0.00000e+00
   4225.67  6655.3125  1.01768e+00  9.63920e-01  1.01779e+00  0.00000e+00
   4254.22  6655.9375  1.05420e+00  1.19812e+00  1.05412e+00  0.00000e+00
   4282.77  6656.5625  9.76204e-01  9.07867e-01  9.75768e-01  0.00000e+00
   4311.32  6657.1875  9.55527e-01  8.67639e-01  9.54764e-01  0.00000e+00
   4339.87  6657.8125  1.05998e+00  1.10845e+00  1.05917e+00  0.00000e+00
   4368.42  6658.4375  1.15181e+00  1.14860e+00  1.15121e+00  0.00000e+00
   4396.97  6659.0625  1.12486e+00  1.29192e+00  1.12485e+00  0.00000e+00
   4425.52  6659.6875  9.74776e-01  8.13594e-01  9.75204e-01  0.00000e+00
   4454.08  6660.3125  9.63715e-01  9.15348e-01  9.64053e-01  0.00000e+00
   4482.63  6660.9375  1.03403e+00  1.16308e+00  1.03359e+00  0.00000e+00
   4511.18  6661.5625  1.02345e+00  9.34270e-01  1.02246e+00  0.00000e+00
   4539.73  6662.1875  1.08275e+00  1.02514e+00  1.08202e+00  0.00000e+00
   4568.28  6662.8125  1.14632e+00  1.35456e+00  1.14608e+00  0.00000e+00
   4596.83  6663.4375  1.04411e+00  9.23165e-01  1.04372e+00  0.00000e+00
   4625.38  6664.0625  9.97651e-01  9.70459e-01  9.97012e-01  0.00000e+00
   4653.93  6664.6875  1.08986e+00  1.02274e+00  1.08910e+00  0.00000e+00
   4682.48  6665.3125  1.20352e+00  1.35289e+00  1.20311e+00  0.00000e+00
   4711.03  6665.9375  1.18448e+00  1.13927e+00  1.18455e+00  0.00000e+00
   4739.59  6666.5625  1.10043e+00  1.16233e+00  1.10034e+00  0.00000e+00
   4768.14  6667.1875  9.76250e-01  9.47931e-01  9.76147e-01  0.00000e+00
   4796.69  6667.8125  9.05388e-01  8.19117e-01  9.05155e-01  0.00000e+00
   4825.24  6668.4375  9.45821e-01  9.78039e-01  9.45510e-01  0.00000e+00
   4853.79  6669.0625  1.00043e+00  9.88654e-01  1.00081e+00  0.00000e+00
   4882.34  6669.6875  9.99067e-01  1.09556e+00  9.99907e-01  0.00000e+00
   4910.89  6670.3125  9.44125e-01  8.29487e-01  9.44250e-01  0.00000e+00
   4939.44  6670.9375  9.79867e-01  9.87134e-01  9.79442e-01  0.00000e+00
   4967.99  6671.5625  1.06339e+00  1.06976e+00  1.06261e+00  0.00000e+00
   4996.54  6672.1875  1.05373e+00  1.20061e+00  1.05335e+00  0.00000e+00
   5025.10  6672.8125  9.37101e-01  7.83501e-01  9.37350e-01  0.00000e+00
   5053.65  6673.4375  9.38495e-01  9.32610e-01  9.38313e-01  0.00000e+00
   5082.20  6674.0625  1.01083e+00  1.05204e+00  1.01055e+00  0.00000e+00
   5110.75  6674.6875  1.03201e+00  1.04198e+00  1.03260e+00  0.00000e+00
   5139.30  6675.3125  1.03975e+00  1.00213e+00  1.03994e+00  0.00000e+00
   5167.85  6675.9375  1.12050e+00  1.06262e+00  1.12031e+00  0.00000e+00
   5196.40  6676.5625  1.21133e+00  1.36184e+00  1.21155e+00  0.00000e+00
   5224.95  6677.1875  1.16091e+00  1.11814e+00  1.16111e+00  0.00000e+00
   5253.50  6677.8125  1.03787e+00  1.11085e+00  1.03814e+00  0.00000e+00
   5282.06  6678.4375  9.20331e-01  7.88490e-01  9.20642e-01  0.00000e+00
   5310.61  6679.0625  9.66429e-01  9.12234e-01  9.66816e-01  0.00000e+00
   5339.16  6679.6875  1.10922e+00  1.19501e+00  1.10923e+00  0.00000e+00
   5367.71  6680.3125  1.15001e+00  1.18825e+00  1.14903e+00  0.00000e+00
   5396.26  6680.9375  1.06673e+00  1.10883e+00  1.06532e+00  0.00000e+00
   5424.81  6681.5625  9.62937e-01  8.62755e-01  9.62173e-01  0.00000e+00
   5453.36  6682.1875  9.77802e-01  9.54322e-01  9.77633e-01  0.00000e+00
   5481.91  6682.8125  1.03487e+00  1.11726e+00  1.03482e+00  0.00000e+00
   5510.46  6683.4375  1.02867e+00  9.83373e-01  1.02880e+00  0.00000e+00
   5539.01  6684.0625  1.05278e+00  1.01262e+00  1.05262e+00  0.00000e+00
   5567.57  6684.6875  1.06880e+00  1.21777e+00  1.06792e+00  0.00000e+00
   5596.12  6685.3125  9.75271e-01  8.63687e-01  9.74327e-01  0.00000e+00
   5624.67  6685.9375  8.74229e-01  9.96267e-01  8.73745e-01  0.00000e+00
   5653.22  6686.5625  7.96318e-01  5.89791e-01  7.95960e-01  0.00000e+00
   5681.77  6687.1875  8.84955e-01  9.49654e-01  8.84367e-01  0.00000e+00
   5710.32  6687.8125  1.01019e+00  1.00542e+00  1.00960e+00  0.00000e+00
   5738.87  6688.4375  1.08714e+00  1.12200e+00  1.08644e+00  0.00000e+00
   5767.42  6689.0625  1.09867e+00  1.13246e+00  1.09764e+00  0.00000e+00
   5795.97  6689.6875  1.06552e+00  1.02831e+00  1.06494e+00  0.00000e+00
   5824.52  6690.3125  1.03670e+00  1.07689e+00  1.03672e+00  0.00000e+00
   5853.08  6690.9375  9.95762e-01  9.67691e-01  9.95844e-01  0.00000e+00
   5881.63  6691.5625  1.01333e+00  9.32561e-01  1.01352e+00  0.00000e+00
   5910.18  6692.1875  1.06605e+00  1.21385e+00  1.06633e+00  0.00000e+00
   5938.73  6692.8125  9.96054e-01  9.54982e-01  9.96216e-01  0.00000e+00
   5967.28  6693.4375  8.95706e-01  8.98570e-01  8.96287e-01  0.00000e+00
   5995.83  6694.0625  8.67881e-01  7.65387e-01  8.68607e-01  0.00000e+00
   6024.38  6694.6875  8.81196e-01  1.04885e+00  8.81638e-01  0.00000e+00
   6052.93  6695.3125  8.45478e-01  6.57792e-01  8.45255e-01  0.00000e+00
   6081.48  6695.9375  9.37263e-01  9.74997e-01  9.36823e-01  0.00000e+00
   6110.04  6696.5625  1.05142e+00  1.10783e+00  1.05104e+00  0.00000e+00
   6138.59  6697.1875  1.05179e+00  1.08956e+00  1.05137e+00  0.00000e+00
   6167.14  6697.8125  9.85271e-01  9.55134e-01  9.85303e-01  0.00000e+00
   6195.69  6698.4375  9.55451e-01  9.20494e-01  9.56247e-01  0.00000e+00
   6224.24  6699.0625  9.85196e-01  9.90837e-01  9.85708e-01  0.00000e+00
   6252.79  6699.6875  1.01321e+00  1.04021e+00  1.01305e+00  0.00000e+00
   6281.34  6700.3125  1.00768e+00  1.00415e+00  1.00753e+00  0.00000e+00
   6309.89  6700.9375  1.03241e+00  9.56489e-01  1.03284e+00  0.00000e+00
   6338.44  6701.5625  1.08535e+00  1.20706e+00  1.08571e+00  0.00000e+00
   6366.99  6702.1875  1.02201e+00  1.02967e+00  1.02182e+00  0.00000e+00
   6395.55  6702.8125  9.59829e-01  8.20477e-01  9.59849e-01  0.00000e+00
   6424.10  6703.4375  1.04112e+00  1.09605e+00  1.04161e+00  0.00000e+00
   6452.65  6704.0625  1.12291e+00  1.13944e+00  1.12343e+00  0.00000e+00
   6481.20  6704.6875  1.13859e+00  1.16288e+00  1.13863e+00  0.00000e+00
   6509.75  6705.3125  1.10355e+00  1.11542e+00  1.10344e+00  0.00000e+00
   6538.30  6705.9375  1.06077e+00  1.02536e+00  1.06054e+00  0.00000e+00
   6566.85  6706.5625  1.08211e+00  1.03577e+00  1.08215e+00  0.00000e+00
   6595.40  6707.1875  1.12486e+00  1.22690e+00  1.12488e+00  0.00000e+00
   6623.95  6707.8125  1.06738e+00  1.05685e+00  1.06681e+00  0.00000e+00
   6652.50  6708.4375  9.74440e-01  9.59785e-01  9.74247e-01  0.00000e+00
   6681.06  6709.0625  9.40862e-01  8.78499e-01  9.40889e-01  0.00000e+00
   6709.61  6709.6875  9.76903e-01  1.01252e+00  9.76651e-01  0.00000e+00
   6738.16  6710.3125  9.79912e-01  1.02210e+00  9.79246e-01  0.00000e+00
   6766.71  6710.9375  9.43323e-01  8.84672e-01  9.42327e-01  0.00000e+00
   6795.26  6711.5625  9.65053e-01  9.48326e-01  9.63950e-01  0.00000e+00
   6823.81  6712.1875  9.92257e-01  1.08360e+00  9.91514e-01  0.00000e+00
   6852.36  6712.8125  9.86055e-01  8.57507e-01  9.85810e-01  0.00000e+00
   6880.91  6713.4375  1.06302e+00  1.11568e+00  1.06292e+00  0.00000e+00
   6909.46  6714.0625  1.11502e+00  1.16236e+00  1.11494e+00  0.00000e+00
   6938.02  6714.6875  1.06578e+00  1.08856e+00  1.06571e+00  0.00000e+00
   6966.57  6715.3125  1.01169e+00  9.13409e-01  1.01176e+00  0.00000e+00
   6995.12  6715.9375  1.01627e+00  1.11481e+00  1.01629e+00  0.00000e+00
   7023.67  6716.5625  9.92918e-01  9.17747e-01  9.92555e-01  0.00000e+00
   7052.22  6717.1875  9.95861e-01  1.02553e+00  9.95277e-01  0.00000e+00
   7080.77  6717.8125  1.01369e+00  9.95026e-01  1.01347e+00  0.00000e+00
   7109.32  6718.4375  1.05344e+00  1.02903e+00  1.05330e+00  0.00000e+00
   7137.87  6719.0625  1.08823e+00  1.16602e+00  1.08758e+00  0.00000e+00
   7166.42  6719.6875  1.03029e+00  1.04124e+00  1.02915e+00  0.00000e+00
   7194.97  6720.3125  9.53193e-01  8.83309e-01  9.52346e-01  0.00000e+00
   7223.53  6720.9375  9.55231e-01  9.66366e-01  9.55070e-01  0.00000e+00
   7252.08  6721.5625  1.01413e+00  9.62370e-01  1.01427e+00  0.00000e+00
   7280.63  6722.1875  1.09518e+00  1.16057e+00  1.09596e+00  0.00000e+00
   7309.18  6722.8125  1.07615e+00  1.15414e+00  1.07728e+00  0.00000e+00
   7337.73  6723.4375  9.83888e-01  8.70874e-01  9.84981e-01  0.00000e+00
   7366.28  6724.0625  9.94157e-01  9.89570e-01  9.95045e-01  0.00000e+00
   7394.83  6724.6875  1.05294e+00  1.09633e+00  1.05333e+00  0.00000e+00
   7423.38  6725.3125  1.09455e+00  1.02901e+00  1.09456e+00  0.00000e+00
   7451.93  6725.9375  1.10100e+00  1.26638e+00  1.10097e+00  0.00000e+00
   7480.48  6726.5625  1.00429e+00  8.74643e-01  1.00421e+00  0.00000e+00
   7509.04  6727.1875  9.89789e-01  9.75625e-01  9.89460e-01  0.00000e+00
   7537.59  6727.8125  1.03986e+00  1.08323e+00  1.03927e+00  0.00000e+00
   7566.14  6728.4375  1.02695e+00  1.06022e+00  1.02630e+00  0.00000e+00
   7594.69  6729.0625  9.80716e-01  9.19814e-01  9.80954e-01  0.00000e+00
   7623.24  6729.6875  9.93145e-01  9.90082e-01  9.94036e-01  0.00000e+00
   7651.79  6730.3125  9.97797e-01  1.08142e+00  9.98379e-01  0.00000e+00
   7680.34  6730.9375  9.45455e-01  8.59141e-01  9.45490e-01  0.00000e+00
   7708.89  6731.5625  9.25604e-01  9.77284e-01  9.25360e-01  0.00000e+00
   7737.44  6732.1875  8.89136e-01  8.94516e-01  8.89003e-01  0.00000e+00
   7765.99  6732.8125  9.15081e-01  7.43520e-01  9.15738e-01  0.00000e+00
   7794.55  6733.4375  1.05009e+00  1.23960e+00  1.05127e+00  0.00000e+00
   7823.10  6734.0625  1.04360e+00  1.03437e+00  1.04443e+00  0.00000e+00
   7851.65  6734.6875  9.75724e-01  9.17627e-01  9.76295e-01  0.00000e+00
   7880.20  6735.3125  9.88978e-01  9.78205e-01  9.89354e-01  0.00000e+00
   7908.75  6735.9375  1.01794e+00  1.07815e+00  1.01806e+00  0.00000e+00
   7937.30  6736.5625  1.01278e+00  9.52379e-01  1.01245e+00  0.00000e+00
   7965.85  6737.1875  1.06453e+00  1.03604e+00  1.06413e+00  0.00000e+00
   7994.40  6737.8125  1.10591e+00  1.24652e+00  1.10595e+00  0.00000e+00
   8022.95  6738.4375  1.02155e+00  9.51736e-01  1.02195e+00  0.00000e+00
   8051.51  6739.0625  9.55518e-01  9.43623e-01  9.55559e-01  0.00000e+00
   8080.06  6739.6875  9.80962e-01  9.12491e-01  9.80732e-01  0.00000e+00
   8108.61  6740.3125  1.04198e+00  1.15346e+00  1.04205e+00  0.00000e+00
   8137.16  6740.9375  1.03078e+00  9.71012e-01  1.03085e+00  0.00000e+00
   8165.71  6741.5625  1.01035e+00  1.05157e+00  1.01022e+00  0.00000e+00
   8194.26  6742.1875  9.98732e-01  9.50132e-01  9.98433e-01  0.00000e+00
   8222.81  6742.8125  1.05181e+00  1.00590e+00  1.05167e+00  0.00000e+00
   8251.36  6743.4375  1.10377e+00  1.25828e+00  1.10351e+00  0.00000e+00
   8279.91  6744.0625  1.04356e+00  9.38226e-01  1.04294e+00  0.00000e+00
   8308.46  6744.6875  1.03669e+00  1.02309e+00  1.03609e+00  0.00000e+00
   8337.02  6745.3125  1.05276e+00  1.14528e+00  1.05210e+00  0.00000e+00
   8365.57  6745.9375  9.92904e-01  9.31781e-01  9.92009e-01  0.00000e+00
   8394.12  6746.5625  9.41131e-01  9.77776e-01  9.40569e-01  0.00000e+00
   8422.67  6747.1875  9.54653e-01  8.16817e-01  9.54432e-01  0.00000e+00
   8451.22  6747.8125  1.05987e+00  1.17469e+00  1.05971e+00  0.00000e+00
   8479.77  6748.4375  1.05926e+00  1.12644e+00  1.05898e+00  0.00000e+00
   8508.32  6749.0625  1.00273e+00  8.31062e-01  1.00248e+00  0.00000e+00
   8536.87  6749.6875  1.03941e+00  1.19525e+00  1.03944e+00  0.00000e+00
   8565.42  6750.3125  1.03082e+00  9.28906e-01  1.03117e+00  0.00000e+00
   8593.97  6750.9375  1.03896e+00  1.08549e+00  1.03954e+00  0.00000e+00
   8622.53  6751.5625  1.00936e+00  1.06843e+00  1.01051e+00  0.00000e+00
   8651.08  6752.1875  9.43555e-01  8.29910e-01  9.44224e-01  0.00000e+00
   8679.63  6752.8125  9.59611e-01  1.01317e+00  9.59396e-01  0.00000e+00
   8708.18  6753.4375  9.69660e-01  9.67848e-01  9.69423e-01  0.00000e+00
   8736.73  6754.0625  9.13949e-01  9.88204e-01  9.14039e-01  0.00000e+00
   8765.28  6754.6875  8.57463e-01  6.89562e-01  8.57524e-01  0.00000e+00
   8793.83  6755.3125  9.30024e-01  1.01243e+00  9.30162e-01  0.00000e+00
   8822.38  6755.9375  9.88986e-01  9.94924e-01  9.89056e-01  0.00000e+00
   8850.93  6756.5625  1.00283e+00  9.88925e-01  1.00267e+00  0.00000e+00
   8879.49  6757.1875  1.00832e+00  1.04342e+00  1.00783e+00  0.00000e+00
   8908.04  6757.8125  9.88857e-01  9.62651e-01  9.88787e-01  0.00000e+00
   8936.59  6758.4375  9.43656e-01  1.01397e+00  9.44412e-01  0.00000e+00
   8965.14  6759.0625  8.70095e-01  7.84984e-01  8.71356e-01  0.00000e+00
   8993.69  6759.6875  8.52140e-01  8.79116e-01  8.52968e-01  0.00000e+00
   9022.24  6760.3125  8.54118e-01  8.46537e-01  8.53797e-01  0.00000e+00
   9050.79  6760.9375  8.86745e-01  8.27700e-01  8.86469e-01  0.00000e+00
   9079.34  6761.5625  9.64174e-01  1.02388e+00  9.64638e-01  0.00000e+00
   9107.89  6762.1875  9.81821e-01  1.01465e+00  9.82533e-01  0.00000e+00
   9136.44  6762.8125  9.74464e-01  8.75021e-01  9.74929e-01  0.00000e+00
   9165.00  6763.4375  9.55832e-01  1.16614e+00  9.56336e-01  0.00000e+00
   9193.55  6764.0625  8.25091e-01  6.48179e-01  8.25561e-01  0.00000e+00
   9222.10  6764.6875  8.33210e-01  7.82892e-01  8.33715e-01  0.00000e+00
   9250.65  6765.3125  9.45801e-01  1.05162e+00  9.45976e-01  0.00000e+00
   9279.20  6765.9375  9.75274e-01  9.39537e-01  9.74945e-01  0.00000e+00
   9307.75  6766.5625  9.79670e-01  9.92229e-01  9.79036e-01  0.00000e+00
   9336.30  6767.1875  9.55929e-01  1.01232e+00  9.55655e-01  0.00000e+00
   9364.85  6767.8125  9.35294e-01  7.93655e-01  9.35378e-01  0.00000e+00
   9393.40  6768.4375  1.03413e+00  1.08466e+00  1.03367e+00  0.00000e+00
   9421.95  6769.0625  1.07907e+00  1.20178e+00  1.07806e+00  0.00000e+00
   9450.51  6769.6875  1.00206e+00  8.86964e-01  1.00104e+00  0.00000e+00
   9479.06  6770.3125  9.69423e-01  1.02687e+00  9.68962e-01  0.00000e+00
   9507.61  6770.9375  9.64761e-01  9.01593e-01  9.65092e-01  0.00000e+00
   9536.16  6771.5625  1.01610e+00  1.00946e+00  1.01645e+00  0.00000e+00
   9564.71  6772.1875  1.08546e+00  1.13042e+00  1.08547e+00  0.00000e+00
   9593.26  6772.8125  1.10121e+00  1.09790e+00  1.10084e+00  0.00000e+00
   9621.81  6773.4375  1.06247e+00  1.11623e+00  1.06172e+00  0.00000e+00
   9650.36  6774.0625  9.75915e-01  9.41553e-01  9.75165e-01  0.00000e+00
   9678.91  6774.6875  9.38404e-01  8.71155e-01  9.38086e-01  0.00000e+00
   9707.47  6775.3125  9.26470e-01  1.07446e+00  9.26624e-01  0.00000e+00
   9736.02  6775.9375  8.72475e-01  6.79142e-01  8.72562e-01  0.00000e+00
   9764.57  6776.5625  9.14283e-01  1.03582e+00  9.14140e-01  0.00000e+00
   9793.12  6777.1875  9.04498e-01  9.17079e-01  9.04268e-01  0.00000e+00
   9821.67  6777.8125  9.11757e-01  7.38206e-01  9.11261e-01  0.00000e+00
   9850.22  6778.4375  1.05708e+00  1.19101e+00  1.05616e+00  0.00000e+00
   9878.77  6779.0625  1.12303e+00  1.13301e+00  1.12227e+00  0.00000e+00
   9907.32  6779.6875  1.10022e+00  1.09623e+00  1.09974e+00  0.00000e+00
   9935.87  6780.3125  1.03731e+00  1.09903e+00  1.03701e+00  0.00000e+00
   9964.42  6780.9375  9.45977e-01  8.60671e-01  9.45453e-01  0.00000e+00
   9992.98  6781.5625  9.27679e-01  9.33915e-01  9.26833e-01  0.00000e+00
  10021.53  6782.1875  9.62221e-01  9.48082e-01  9.61465e-01  0.00000e+00
  10050.08  6782.8125  1.05838e+00  9.79721e-01  1.05801e+00  0.00000e+00
  10078.63  6783.4375  1.18375e+00  1.31721e+00  1.18394e+00  0.00000e+00
  10107.18  6784.0625  1.13208e+00  1.21597e+00  1.13223e+00  0.00000e+00
  10135.73  6784.6875  9.62880e-01  8.43553e-01  9.62632e-01  0.00000e+00
  10164.28  6785.3125  9.08483e-01  8.91286e-01  9.08072e-01  0.00000e+00
  10192.83  6785.9375  9.49866e-01  9.41126e-01  9.49306e-01  0.00000e+00
  10221.38  6786.5625  9.76019e-01  1.04820e+00  9.75595e-01  0.00000e+00
  10249.93  6787.1875  9.55342e-01  8.81322e-01  9.55386e-01  0.00000e+00
  10278.49  6787.8125  9.66173e-01  1.00142e+00  9.66359e-01  0.00000e+00
  10307.04  6788.4375  9.39429e-01  1.00230e+00  9.39154e-01  0.00000e+00
  10335.59  6789.0625  9.00916e-01  7.47889e-01  9.00450e-01  0.00000e+00
  10364.14  6789.6875  9.88808e-01  1.04969e+00  9.88990e-01  0.00000e+00
  10392.69  6790.3125  1.05999e+00  1.10437e+00  1.06098e+00  0.00000e+00
  10421.24  6790.9375  1.04690e+00  1.03275e+00  1.04778e+00  0.00000e+00
  10449.79  6791.5625  9.93411e-01  1.04450e+00  9.93178e-01  0.00000e+00
  10478.34  6792.1875  9.01164e-01  8.67803e-01  9.00748e-01  0.00000e+00
  10506.89  6792.8125  8.56410e-01  7.99936e-01  8.56774e-01  0.00000e+00
  10535.45  6793.4375  8.89060e-01  9.16042e-01  8.89748e-01  0.00000e+00
  10564.00  6794.0625  9.18487e-01  9.23260e-01  9.18728e-01  0.00000e+00
  10592.55  6794.6875  9.29393e-01  9.23914e-01  9.29444e-01  0.00000e+00
  10621.10  6795.3125  9.33240e-01  9.54254e-01  9.33257e-01  0.00000e+00
  10649.65  6795.9375  9.54105e-01  8.84562e-01  9.53987e-01  0.00000e+00
  10678.20  6796.5625  1.04108e+00  1.05923e+00  1.04096e+00  0.00000e+00
  10706.75  6797.1875  1.09192e+00  1.18406e+00  1.09181e+00  0.00000e+00
  10735.30  6797.8125  1.05199e+00  9.79907e-01  1.05207e+00  0.00000e+00
  10763.85  6798.4375  1.00972e+00  1.08612e+00  1.00986e+00  0.00000e+00
  10792.40  6799.0625  9.81334e-01  8.51660e-01  9.81685e-01  0.00000e+00
  10820.96  6799.6875  1.02351e+00  1.12714e+00  1.02393e+00  0.00000e+00
  10849.51  6800.3125  1.07846e+00  9.52312e-01  1.07875e+00  0.00000e+00
  10878.06  6800.9375  1.20670e+00  1.26086e+00  1.20628e+00  0.00000e+00
  10906.61  6801.5625  1.26425e+00  1.38074e+00  1.26368e+00  0.00000e+00
  10935.16  6802.1875  1.14495e+00  1.14644e+00  1.14491e+00  0.00000e+00
  10963.71  6802.8125  1.07911e+00  8.50634e-01  1.07976e+00  0.00000e+00
  10992.26  6803.4375  1.12774e+00  1.44222e+00  1.12862e+00  0.00000e+00
  11020.81  6804.0625  9.94474e-01  8.37334e-01  9.95160e-01  0.00000e+00
  11049.36  6804.6875  9.44399e-01  8.41334e-01  9.44773e-01  0.00000e+00
  11077.91  6805.3125  1.02103e+00  1.18612e+00  1.02052e+00  0.00000e+00
  11106.47  6805.9375  1.02831e+00  8.89378e-01  1.02740e+00  0.00000e+00
  11135.02  6806.5625  1.08512e+00  1.14279e+00  1.08437e+00  0.00000e+00
  11163.57  6807.1875  1.08115e+00  1.18913e+00  1.08048e+00  0.00000e+00
  11192.12  6807.8125  9.60659e-01  8.67133e-01  9.60544e-01  0.00000e+00
  11220.67  6808.4375  9.17262e-01  8.85189e-01  9.17552e-01  0.00000e+00
  11249.22  6809.0625  9.77844e-01  9.63859e-01  9.78869e-01  0.00000e+00
  11277.77  6809.6875  1.06534e+00  1.08891e+00  1.06671e+00  0.00000e+00
  11306.32  6810.3125  1.12023e+00  1.13214e+00  1.12142e+00  0.00000e+00
  11334.87  6810.9375  1.09179e+00  1.18482e+00  1.09251e+00  0.00000e+00
  11363.43  6811.5625  9.82686e-01  8.95274e-01  9.83199e-01  0.00000e+00
  11391.98  6812.1875  9.14200e-01  9.52289e-01  9.15046e-01  0.00000e+00
  11420.53  6812.8125  9.07214e-01  7.97749e-01  9.08373e-01  0.00000e+00
  11449.08  6813.4375  9.52080e-01  1.07711e+00  9.53273e-01  0.00000e+00
  11477.63  6814.0625  9.27831e-01  8.74593e-01  9.28405e-01  0.00000e+00
  11506.18  6814.6875  9.15016e-01  8.96526e-01  9.15153e-01  0.00000e+00
  11534.73  6815.3125  9.73946e-01  9.37533e-01  9.74119e-01  0.00000e+00
  11563.28  6815.9375  1.03915e+00  1.13216e+00  1.03927e+00  0.00000e+00
  11591.83  6816.5625  1.01909e+00  9.92119e-01  1.01907e+00  0.00000e+00
  11620.38  6817.1875  9.81637e-01  9.79992e-01  9.81564e-01  0.00000e+00
  11648.94  6817.8125  9.73204e-01  9.48627e-01  9.73277e-01  0.00000e+00
  11677.49  6818.4375  9.77044e-01  1.01668e+00  9.77073e-01  0.00000e+00
  11706.04  6819.0625  9.70439e-01  9.25374e-01  9.70505e-01  0.00000e+00
  11734.59  6819.6875  1.00278e+00  9.97719e-01  1.00309e+00  0.00000e+00
  11763.14  6820.3125  1.05890e+00  1.08106e+00  1.05931e+00  0.00000e+00
  11791.69  6820.9375  1.15785e+00  1.03477e+00  1.15800e+00  0.00000e+00
  11820.24  6821.5625  1.27448e+00  1.49154e+00  1.27465e+00  0.00000e+00
  11848.79  6822.1875  1.15712e+00  1.19461e+00  1.15733e+00  0.00000e+00
  11877.34  6822.8125  9.47298e-01  8.06573e-01  9.47781e-01  0.00000e+00
  11905.89  6823.4375  8.88574e-01  8.96406e-01  8.89292e-01  0.00000e+00
  11934.45  6824.0625  8.70778e-01  9.28594e-01  8.71035e-01  0.00000e+00
  11963.00  6824.6875  8.16353e-01  7.54425e-01  8.16787e-01  0.00000e+00
  11991.55  6825.3125  8.54597e-01  7.69668e-01  8.55608e-01  0.00000e+00
  12020.10  6825.9375  9.44715e-01  1.11460e+00  9.45746e-01  0.00000e+00
  12048.65  6826.5625  9.62462e-01  7.89963e-01  9.62960e-01  0.00000e+00
  12077.20  6827.1875  1.03667e+00  1.15778e+00  1.03705e+00  0.00000e+00
  12105.75  6827.8125  1.04999e+00  1.04602e+00  1.05050e+00  0.00000e+00
  12134.30  6828.4375  9.94311e-01  1.00950e+00  9.94878e-01  0.00000e+00
  12162.85  6829.0625  9.55939e-01  8.86000e-01  9.56288e-01  0.00000e+00
  12191.40  6829.6875  9.56082e-01  1.03876e+00  9.56008e-01  0.00000e+00
  12219.96  6830.3125  9.59105e-01  8.37245e-01  9.58939e-01  0.00000e+00
  12248.51  6830.9375  1.02858e+00  1.10889e+00  1.02893e+00  0.00000e+00
  12277.06  6831.5625  1.07090e+00  1.05730e+00  1.07111e+00  0.00000e+00
  12305.61  6832.1875  1.09500e+00  1.07795e+00  1.09476e+00  0.00000e+00
  12334.16  6832.8125  1.11039e+00  1.17325e+00  1.10984e+00  0.00000e+00
  12362.71  6833.4375  1.07257e+00  1.03665e+00  1.07236e+00  0.00000e+00
  12391.26  6834.0625  1.00707e+00  1.07069e+00  1.00718e+00  0.00000e+00
  12419.81  6834.6875  8.97961e-01  8.69428e-01  8.97836e-01  0.00000e+00
  12448.36  6835.3125  8.64367e-01  7.36972e-01  8.64113e-01  0.00000e+00
  12476.92  6835.9375  9.70406e-01  1.04758e+00  9.70047e-01  0.00000e+00
  12505.47  6836.5625  1.06864e+00  1.03648e+00  1.06831e+00  0.00000e+00
  12534.02  6837.1875  1.11591e+00  1.19957e+00  1.11608e+00  0.00000e+00
  12562.57  6837.8125  1.06613e+00  1.07249e+00  1.06677e+00  0.00000e+00
  12591.12  6838.4375  9.95075e-01  9.37592e-01  9.95533e-01  0.00000e+00
  12619.67  6839.0625  1.01814e+00  9.70461e-01  1.01821e+00  0.00000e+00
  12648.22  6839.6875  1.05690e+00  1.20025e+00  1.05664e+00  0.00000e+00
  12676.77  6840.3125  1.01055e+00  8.83935e-01  1.01026e+00  0.00000e+00
  12705.32  6840.9375  1.02297e+00  1.06435e+00  1.02342e+00  0.00000e+00
  12733.87  6841.5625  1.05374e+00  1.04653e+00  1.05412e+00  0.00000e+00
  12762.43  6842.1875  1.02834e+00  1.10921e+00  1.02819e+00  0.00000e+00
  12790.98  6842.8125  9.67966e-01  8.48682e-01  9.67865e-01  0.00000e+00
  12819.53  6843.4375  9.84720e-01  1.04439e+00  9.84362e-01  0.00000e+00
  12848.08  6844.0625  1.03772e+00  9.56714e-01  1.03684e+00  0.00000e+00
  12876.63  6844.6875  1.10228e+00  1.20286e+00  1.10142e+00  0.00000e+00
  12905.18  6845.3125  1.03130e+00  1.12161e+00  1.03092e+00  0.00000e+00
  12933.73  6845.9375  9.00059e-01  7.00929e-01  8.99791e-01  0.00000e+00
  12962.28  6846.5625  9.34156e-01  1.00410e+00  9.33812e-01  0.00000e+00
  12990.83  6847.1875  9.99351e-01  9.91006e-01  9.99667e-01  0.00000e+00
  13019.38  6847.8125  1.05217e+00  1.02396e+00  1.05294e+00  0.00000e+00
  13047.94  6848.4375  1.06817e+00  1.20443e+00  1.06904e+00  0.00000e+00
  13076.49  6849.0625  1.01900e+00  8.47523e-01  1.01959e+00  0.00000e+00
  13105.04  6849.6875  1.02919e+00  1.17694e+00  1.02976e+00  0.00000e+00
  13133.59  6850.3125  9.84560e-01  9.18712e-01  9.84999e-01  0.00000e+00
  13162.14  6850.9375  9.90360e-01  9.08774e-01  9.90176e-01  0.00000e+00
  13190.69  6851.5625  1.07636e+00  1.17812e+00  1.07604e+00  0.00000e+00
  13219.24  6852.1875  1.04863e+00  1.10009e+00  1.04823e+00  0.00000e+00
  13247.79  6852.8125  9.18243e-01  8.76296e-01  9.17329e-01  0.00000e+00
  13276.34  6853.4375  8.09904e-01  8.10973e-01  8.08897e-01  0.00000e+00
  13304.90  6854.0625  7.52379e-01  7.07489e-01  7.51497e-01  0.00000e+00
  13333.45  6854.6875  7.75681e-01  7.43884e-01  7.74622e-01  0.00000e+00
  13362.00  6855.3125  8.79287e-01  8.58418e-01  8.78603e-01  0.00000e+00
  13390.55  6855.9375  9.93792e-01  1.05466e+00  9.94190e-01  0.00000e+00
  13419.10  6856.5625  1.02508e+00  1.04998e+00  1.02609e+00  0.00000e+00
  13447.65  6857.1875  9.85165e-01  9.92584e-01  9.85688e-01  0.00000e+00
  13476.20  6857.8125  9.60791e-01  8.82351e-01  9.60967e-01  0.00000e+00
  13504.75  6858.4375  9.60239e-01  1.09867e+00  9.60436e-01  0.00000e+00
  13533.30  6859.0625  9.69398e-01  7.20777e-01  9.69114e-01  0.00000e+00
  13561.85  6859.6875  1.14882e+00  1.27428e+00  1.14821e+00  0.00000e+00
  13590.41  6860.3125  1.23480e+00  1.35660e+00  1.23428e+00  0.00000e+00
  13618.96  6860.9375  1.11826e+00  1.06927e+00  1.11753e+00  0.00000e+00
  13647.51  6861.5625  9.72306e-01  1.01270e+00  9.71893e-01  0.00000e+00
  13676.06  6862.1875  9.33205e-01  6.96934e-01  9.32922e-01  0.00000e+00
  13704.61  6862.8125  1.02992e+00  1.29366e+00  1.02945e+00  0.00000e+00
  13733.16  6863.4375  9.77899e-01  8.78506e-01  9.77456e-01  0.00000e+00
  13761.71  6864.0625  9.19066e-01  8.92501e-01  9.18774e-01  0.00000e+00
  13790.26  6864.6875  9.03755e-01  9.88273e-01  9.03882e-01  0.00000e+00
  13818.81  6865.3125  9.27207e-01  6.95793e-01  9.27147e-01  0.00000e+00
  13847.36  6865.9375  1.05053e+00  1.31653e+00  1.05052e+00  0.00000e+00
  13875.92  6866.5625  1.01623e+00  9.19318e-01  1.01631e+00  0.00000e+00
  13904.47  6867.1875  9.72514e-01  9.45184e-01  9.71890e-01  0.00000e+00
  13933.02  6867.8125  9.84756e-01  1.03470e+00  9.83666e-01  0.00000e+00
  13961.57  6868.4375  9.56190e-01  9.50000e-01  9.55281e-01  0.00000e+00
  13990.12  6869.0625  9.40423e-01  8.84743e-01  9.40229e-01  0.00000e+00
  14018.67  6869.6875  1.00342e+00  9.95458e-01  1.00355e+00  0.00000e+00
  14047.22  6870.3125  1.06221e+00  1.14153e+00  1.06290e+00  0.00000e+00
  14075.77  6870.9375  1.00991e+00  1.03183e+00  1.01082e+00  0.00000e+00
  14104.32  6871.5625  9.16117e-01  8.62501e-01  9.16152e-01  0.00000e+00
  14132.88  6872.1875  9.24302e-01  8.37409e-01  9.23614e-01  0.00000e+00
  14161.43  6872.8125  9.61102e-01  1.15942e+00  9.60243e-01  0.00000e+00
  14189.98  6873.4375  8.24544e-01  7.77295e-01  8.24029e-01  0.00000e+00
  14218.53  6874.0625  7.70615e-01  5.31957e-01  7.70377e-01  0.00000e+00
  14247.08  6874.6875  9.19616e-01  1.15050e+00  9.19811e-01  0.00000e+00
  14275.63  6875.3125  9.51495e-01  8.78587e-01  9.52405e-01  0.00000e+00
  14304.18  6875.9375  9.46836e-01  9.47286e-01  9.47606e-01  0.00000e+00
  14332.73  6876.5625  9.58357e-01  9.90576e-01  9.58578e-01  0.00000e+00
  14361.28  6877.1875  9.33419e-01  9.28981e-01  9.33586e-01  0.00000e+00
  14389.83  6877.8125  9.19129e-01  8.79753e-01  9.19220e-01  0.00000e+00
  14418.39  6878.4375  9.66696e-01  9.51557e-01  9.67048e-01  0.00000e+00
  14446.94  6879.0625  1.03406e+00  1.07796e+00  1.03444e+00  0.00000e+00
  14475.49  6879.6875  1.08411e+00  1.02682e+00  1.08441e+00  0.00000e+00
  14504.04  6880.3125  1.11809e+00  1.23284e+00  1.11794e+00  0.00000e+00
  14532.59  6880.9375  1.08626e+00  9.91250e-01  1.08570e+00  0.00000e+00
  14561.14  6881.5625  1.05235e+00  1.15806e+00  1.05217e+00  0.00000e+00
  14589.69  6882.1875  9.82990e-01  8.95410e-01  9.82834e-01  0.00000e+00
  14618.24  6882.8125  9.47219e-01  9.85611e-01  9.46797e-01  0.00000e+00
  14646.79  6883.4375  9.32407e-01  9.00624e-01  9.31887e-01  0.00000e+00
  14675.34  6884.0625  9.88130e-01  8.97027e-01  9.87651e-01  0.00000e+00
  14703.90  6884.6875  1.05806e+00  1.26849e+00  1.05800e+00  0.00000e+00
  14732.45  6885.3125  9.56468e-01  8.74085e-01  9.56844e-01  0.00000e+00
  14761.00  6885.9375  8.90881e-01  8.03056e-01  8.91171e-01  0.00000e+00
  14789.55  6886.5625  9.37907e-01  1.01508e+00  9.37986e-01  0.00000e+00
  14818.10  6887.1875  9.29636e-01  9.48633e-01  9.29632e-01  0.00000e+00
  14846.65  6887.8125  9.01505e-01  8.17156e-01  9.01395e-01  0.00000e+00
  14875.20  6888.4375  9.46132e-01  9.89794e-01  9.45753e-01  0.00000e+00
  14903.75  6889.0625  9.96203e-01  9.72695e-01  9.96124e-01  0.00000e+00
  14932.30  6889.6875  1.02738e+00  1.06954e+00  1.02748e+00  0.00000e+00
  14960.86  6890.3125  9.99121e-01  1.02661e+00  9.99176e-01  0.00000e+00
  14989.41  6890.9375  9.33855e-01  8.99706e-01  9.33796e-01  0.00000e+00
  15017.96  6891.5625  9.52288e-01  8.50293e-01  9.52317e-01  0.00000e+00
  15046.51  6892.1875  1.02912e+00  1.19675e+00  1.02948e+00  0.00000e+00
  15075.06  6892.8125  1.01951e+00  8.95990e-01  1.01986e+00  0.00000e+00
  15103.61  6893.4375  1.05883e+00  1.08391e+00  1.05894e+00  0.00000e+00
  15132.16  6894.0625  1.08963e+00  1.16109e+00  1.08931e+00  0.00000e+00
  15160.71  6894.6875  1.00461e+00  1.02704e+00  1.00447e+00  0.00000e+00
  15189.26  6895.3125  9.15532e-01  7.95492e-01  9.15603e-01  0.00000e+00
  15217.81  6895.9375  9.25239e-01  1.00136e+00  9.25156e-01  0.00000e+00
  15246.37  6896.5625  9.19594e-01  8.98952e-01  9.19815e-01  0.00000e+00
  15274.92  6897.1875  9.21207e-01  8.81063e-01  9.21616e-01  0.00000e+00
  15303.47  6897.8125  9.47818e-01  1.01559e+00  9.48180e-01  0.00000e+00
  15332.02  6898.4375  9.58245e-01  8.75694e-01  9.58643e-01  0.00000e+00
  15360.57  6899.0625  1.01555e+00  1.05116e+00  1.01560e+00  0.00000e+00
  15389.12  6899.6875  1.04690e+00  1.09599e+00  1.04677e+00  0.00000e+00
  15417.67  6900.3125  1.05133e+00  9.50118e-01  1.05133e+00  0.00000e+00
  15446.22  6900.9375  1.08439e+00  1.20875e+00  1.08430e+00  0.00000e+00
  15474.77  6901.5625  1.01906e+00  1.01057e+00  1.01903e+00  0.00000e+00
  15503.32  6902.1875  9.35942e-01  8.61390e-01  9.35849e-01  0.00000e+00
  15531.88  6902.8125  9.19566e-01  9.81586e-01  9.19769e-01  0.00000e+00
  15560.43  6903.4375  9.32357e-01  8.17548e-01  9.32645e-01  0.00000e+00
  15588.98  6904.0625  9.98166e-01  1.10605e+00  9.98339e-01  0.00000e+00
  15617.53  6904.6875  1.00688e+00  9.82172e-01  1.00715e+00  0.00000e+00
  15646.08  6905.3125  1.05293e+00  9.31823e-01  1.05319e+00  0.00000e+00
  15674.63  6905.9375  1.13475e+00  1.36397e+00  1.13531e+00  0.00000e+00
  15703.18  6906.5625  1.02720e+00  9.61619e-01  1.02823e+00  0.00000e+00
  15731.73  6907.1875  9.19301e-01  8.44374e-01  9.20518e-01  0.00000e+00
  15760.28  6907.8125  9.62433e-01  9.19319e-01  9.63441e-01  0.00000e+00
  15788.84  6908.4375  9.90662e-01  1.20135e+00  9.91475e-01  0.00000e+00
  15817.39  6909.0625  8.95015e-01  6.76736e-01  8.95486e-01  0.00000e+00
  15845.94  6909.6875  9.03068e-01  1.00675e+00  9.02970e-01  0.00000e+00
  15874.49  6910.3125  9.34531e-01  8.75999e-01  9.34049e-01  0.00000e+00
  15903.04  6910.9375  9.94540e-01  9.79422e-01  9.94115e-01  0.00000e+00
  15931.59  6911.5625  1.04554e+00  1.14760e+00  1.04497e+00  0.00000e+00
  15960.14  6912.1875  9.97429e-01  9.58725e-01  9.96929e-01  0.00000e+00
  15988.69  6912.8125  9.76534e-01  9.10811e-01  9.76541e-01  0.00000e+00
  16017.24  6913.4375  1.01599e+00  1.09725e+00  1.01639e+00  0.00000e+00
  16045.79  6914.0625  1.01644e+00  9.66639e-01  1.01673e+00  0.00000e+00
  16074.35  6914.6875  1.00126e+00  1.06203e+00  1.00095e+00  0.00000e+00
  16102.90  6915.3125  9.69258e-01  9.07397e-01  9.68863e-01  0.00000e+00
  16131.45  6915.9375  9.71297e-01  9.93462e-01  9.71210e-01  0.00000e+00
  16160.00  6916.5625  9.81209e-01  9.79497e-01  9.81703e-01  0.00000e+00
  16188.55  6917.1875  9.98766e-01  9.70152e-01  9.99262e-01  0.00000e+00
  16217.10  6917.8125  1.03600e+00  1.06276e+00  1.03628e+00  0.00000e+00
  16245.65  6918.4375  1.01705e+00  1.08553e+00  1.01720e+00  0.00000e+00
  16274.20  6919.0625  9.51201e-01  8.46679e-01  9.51118e-01  0.00000e+00
  16302.75  6919.6875  9.29328e-01  1.02706e+00  9.29038e-01  0.00000e+00
  16331.30  6920.3125  9.44805e-01  7.61601e-01  9.44536e-01  0.00000e+00
  16359.86  6920.9375  1.05615e+00  1.20532e+00  1.05585e+00  0.00000e+00
  16388.41  6921.5625  1.04163e+00  1.10602e+00  1.04169e+00  0.00000e+00
  16416.96  6922.1875  9.46747e-01  8.01466e-01  9.46982e-01  0.00000e+00
  16445.51  6922.8125  1.01957e+00  9.78387e-01  1.01925e+00  0.00000e+00
  16474.06  6923.4375  1.10688e+00  1.31843e+00  1.10629e+00  0.00000e+00
  16502.61  6924.0625  9.79436e-01  9.25027e-01  9.79109e-01  0.00000e+00
  16531.16  6924.6875  8.84408e-01  7.37802e-01  8.84378e-01  0.00000e+00
  16559.71  6925.3125  9.70993e-01  1.03281e+00  9.71220e-01  0.00000e+00
  16588.26  6925.9375  1.01842e+00  1.09961e+00  1.01845e+00  0.00000e+00
  16616.81  6926.5625  9.55867e-01  9.07371e-01  9.55725e-01  0.00000e+00
  16645.37  6927.1875  9.34558e-01  8.82674e-01  9.34708e-01  0.00000e+00
  16673.92  6927.8125  9.54060e-01  1.05157e+00  9.54197e-01  0.00000e+00
  16702.47  6928.4375  9.42071e-01  8.30637e-01  9.42000e-01  0.00000e+00
  16731.02  6929.0625  9.78425e-01  1.04744e+00  9.78580e-01  0.00000e+00
  16759.57  6929.6875  9.79491e-01  9.98839e-01  9.79180e-01  0.00000e+00
  16788.12  6930.3125  9.82609e-01  8.64287e-01  9.81637e-01  0.00000e+00
  16816.67  6930.9375  1.02216e+00  1.20108e+00  1.02118e+00  0.00000e+00
  16845.22  6931.5625  9.24754e-01  8.78988e-01  9.24736e-01  0.00000e+00
  16873.77  6932.1875  8.40897e-01  7.50120e-01  8.41382e-01  0.00000e+00
  16902.33  6932.8125  9.30544e-01  8.73819e-01  9.30728e-01  0.00000e+00
  16930.88  6933.4375  1.07812e+00  1.19952e+00  1.07796e+00  0.00000e+00
  16959.43  6934.0625  1.08549e+00  1.11473e+00  1.08542e+00  0.00000e+00
  16987.98  6934.6875  1.02887e+00  9.52686e-01  1.02890e+00  0.00000e+00
  17016.53  6935.3125  1.05859e+00  1.04098e+00  1.05822e+00  0.00000e+00
  17045.08  6935.9375  1.07841e+00  1.20980e+00  1.07778e+00  0.00000e+00
  17073.63  6936.5625  9.58982e-01  9.27229e-01  9.58483e-01  0.00000e+00
  17102.18  6937.1875  8.72531e-01  7.57324e-01  8.72183e-01  0.00000e+00
  17130.73  6937.8125  9.48278e-01  9.54195e-01  9.48099e-01  0.00000e+00
  17159.28  6938.4375  1.03156e+00  1.12418e+00  1.03132e+00  0.00000e+00
  17187.84  6939.0625  9.97760e-01  9.86142e-01  9.97696e-01  0.00000e+00
  17216.39  6939.6875  9.24017e-01  9.30032e-01  9.23830e-01  0.00000e+00
  17244.94  6940.3125  9.27066e-01  7.86573e-01  9.26373e-01  0.00000e+00
  17273.49  6940.9375  1.02868e+00  1.16978e+00  1.02794e+00  0.00000e+00
  17302.04  6941.5625  1.03268e+00  1.03127e+00  1.03182e+00  0.00000e+00
  17330.59  6942.1875  1.03695e+00  8.97280e-01  1.03633e+00  0.00000e+00
  17359.14  6942.8125  1.12743e+00  1.28827e+00  1.12733e+00  0.00000e+00
  17387.69  6943.4375  1.11805e+00  1.07199e+00  1.11799e+00  0.00000e+00
  17416.24  6944.0625  1.10258e+00  1.05501e+00  1.10256e+00  0.00000e+00
  17444.79  6944.6875  1.11356e+00  1.21381e+00  1.11393e+00  0.00000e+00
  17473.35  6945.3125  1.04326e+00  1.00488e+00  1.04332e+00  0.00000e+00
  17501.90  6945.9375  9.44362e-01  9.83239e-01  9.44195e-01  0.00000e+00
  17530.45  6946.5625  8.76036e-01  7.74695e-01  8.75523e-01  0.00000e+00
  17559.00  6947.1875  9.31457e-01  9.07926e-01  9.31025e-01  0.00000e+00
  17587.55  6947.8125  1.00829e+00  1.12343e+00  1.00810e+00  0.00000e+00
  17616.10  6948.4375  9.58187e-01  9.53259e-01  9.57768e-01  0.00000e+00
  17644.65  6949.0625  9.51668e-01  7.69713e-01  9.51582e-01  0.00000e+00
  17673.20  6949.6875  1.09976e+00  1.23610e+00  1.10038e+00  0.00000e+00
