# day008  epoch=8.0d  L_Halpha=1.458e+28 erg/s  smooth_kms=25.0
# Columns:
#   1: Δv [km/s]      velocity offset from Hα (6562.81 Å), positive = redshift
#   2: lambda [Å]     observed wavelength
#   3: F_norm         total flux, smoothed, normalized to F_cont_baseline
#   4: F_norm_raw     total flux, RAW MC (no velocity smoothing)
#   5: F_cont_smooth  continuum-channel flux (continuum photons only)
#   6: F_vol_smooth   volumetric-channel flux (line emission contribution)
# Format: F_norm ≈ F_cont_smooth + F_vol_smooth (within MC noise)
# ----------------------------------------------------------------------------------------
 -16559.48  6200.3125  1.19728e+00  1.14990e+00  1.19754e+00  0.00000e+00
 -16530.93  6200.9375  1.24306e+00  1.31389e+00  1.24360e+00  0.00000e+00
 -16502.38  6201.5625  1.20704e+00  1.23743e+00  1.20766e+00  0.00000e+00
 -16473.83  6202.1875  1.10433e+00  1.07951e+00  1.10486e+00  0.00000e+00
 -16445.28  6202.8125  1.02080e+00  1.00905e+00  1.02083e+00  0.00000e+00
 -16416.73  6203.4375  9.63644e-01  9.70692e-01  9.63001e-01  0.00000e+00
 -16388.18  6204.0625  9.21970e-01  8.96405e-01  9.21485e-01  0.00000e+00
 -16359.63  6204.6875  9.37503e-01  8.93547e-01  9.37632e-01  0.00000e+00
 -16331.08  6205.3125  1.01618e+00  1.02137e+00  1.01586e+00  0.00000e+00
 -16302.53  6205.9375  9.87634e-01  1.20987e+00  9.87215e-01  0.00000e+00
 -16273.97  6206.5625  7.89159e-01  5.74302e-01  7.89039e-01  0.00000e+00
 -16245.42  6207.1875  7.20715e-01  7.65790e-01  7.20850e-01  0.00000e+00
 -16216.87  6207.8125  8.06904e-01  6.45044e-01  8.07398e-01  0.00000e+00
 -16188.32  6208.4375  9.72916e-01  1.17090e+00  9.73549e-01  0.00000e+00
 -16159.77  6209.0625  1.03501e+00  9.23801e-01  1.03589e+00  0.00000e+00
 -16131.22  6209.6875  1.07030e+00  1.17187e+00  1.07129e+00  0.00000e+00
 -16102.67  6210.3125  1.05886e+00  1.01691e+00  1.05927e+00  0.00000e+00
 -16074.12  6210.9375  1.08590e+00  1.01263e+00  1.08664e+00  0.00000e+00
 -16045.57  6211.5625  1.15283e+00  1.28623e+00  1.15406e+00  0.00000e+00
 -16017.01  6212.1875  1.11340e+00  1.07412e+00  1.11401e+00  0.00000e+00
 -15988.46  6212.8125  1.07508e+00  1.02505e+00  1.07508e+00  0.00000e+00
 -15959.91  6213.4375  1.06674e+00  1.15940e+00  1.06659e+00  0.00000e+00
 -15931.36  6214.0625  9.72934e-01  9.66613e-01  9.72967e-01  0.00000e+00
 -15902.81  6214.6875  8.77970e-01  8.02925e-01  8.77724e-01  0.00000e+00
 -15874.26  6215.3125  8.77628e-01  8.89016e-01  8.77011e-01  0.00000e+00
 -15845.71  6215.9375  9.17757e-01  9.00508e-01  9.17252e-01  0.00000e+00
 -15817.16  6216.5625  9.62971e-01  9.85553e-01  9.63067e-01  0.00000e+00
 -15788.61  6217.1875  9.92179e-01  9.84440e-01  9.92696e-01  0.00000e+00
 -15760.06  6217.8125  1.01272e+00  1.02477e+00  1.01291e+00  0.00000e+00
 -15731.50  6218.4375  1.04484e+00  1.00347e+00  1.04452e+00  0.00000e+00
 -15702.95  6219.0625  1.09456e+00  1.14161e+00  1.09457e+00  0.00000e+00
 -15674.40  6219.6875  1.07754e+00  1.13223e+00  1.07806e+00  0.00000e+00
 -15645.85  6220.3125  1.04105e+00  9.04435e-01  1.04128e+00  0.00000e+00
 -15617.30  6220.9375  1.10330e+00  1.17836e+00  1.10256e+00  0.00000e+00
 -15588.75  6221.5625  1.09134e+00  1.18724e+00  1.09079e+00  0.00000e+00
 -15560.20  6222.1875  9.61754e-01  8.74414e-01  9.61438e-01  0.00000e+00
 -15531.65  6222.8125  8.68547e-01  9.07584e-01  8.68103e-01  0.00000e+00
 -15503.10  6223.4375  8.46291e-01  7.18976e-01  8.46071e-01  0.00000e+00
 -15474.55  6224.0625  9.02442e-01  1.02629e+00  9.02858e-01  0.00000e+00
 -15445.99  6224.6875  9.37184e-01  8.16105e-01  9.38023e-01  0.00000e+00
 -15417.44  6225.3125  9.71828e-01  1.12834e+00  9.72623e-01  0.00000e+00
 -15388.89  6225.9375  9.41273e-01  8.15318e-01  9.42037e-01  0.00000e+00
 -15360.34  6226.5625  9.56106e-01  1.01126e+00  9.56793e-01  0.00000e+00
 -15331.79  6227.1875  9.97376e-01  9.50334e-01  9.97524e-01  0.00000e+00
 -15303.24  6227.8125  1.06947e+00  1.06653e+00  1.06926e+00  0.00000e+00
 -15274.69  6228.4375  1.09604e+00  1.23043e+00  1.09631e+00  0.00000e+00
 -15246.14  6229.0625  1.04569e+00  8.77330e-01  1.04607e+00  0.00000e+00
 -15217.59  6229.6875  1.07327e+00  1.17636e+00  1.07308e+00  0.00000e+00
 -15189.03  6230.3125  1.01402e+00  1.09433e+00  1.01363e+00  0.00000e+00
 -15160.48  6230.9375  8.35009e-01  7.70698e-01  8.34494e-01  0.00000e+00
 -15131.93  6231.5625  7.77980e-01  6.24620e-01  7.77431e-01  0.00000e+00
 -15103.38  6232.1875  8.86426e-01  1.01750e+00  8.86182e-01  0.00000e+00
 -15074.83  6232.8125  9.70793e-01  8.70611e-01  9.70705e-01  0.00000e+00
 -15046.28  6233.4375  1.02629e+00  1.17819e+00  1.02612e+00  0.00000e+00
 -15017.73  6234.0625  1.01155e+00  8.82274e-01  1.01193e+00  0.00000e+00
 -14989.18  6234.6875  1.04802e+00  1.10719e+00  1.04867e+00  0.00000e+00
 -14960.63  6235.3125  1.11907e+00  1.03899e+00  1.11948e+00  0.00000e+00
 -14932.08  6235.9375  1.13113e+00  1.36876e+00  1.13180e+00  0.00000e+00
 -14903.52  6236.5625  1.03982e+00  7.53237e-01  1.04019e+00  0.00000e+00
 -14874.97  6237.1875  1.07340e+00  1.26845e+00  1.07307e+00  0.00000e+00
 -14846.42  6237.8125  1.05511e+00  9.86613e-01  1.05520e+00  0.00000e+00
 -14817.87  6238.4375  1.03234e+00  1.00868e+00  1.03233e+00  0.00000e+00
 -14789.32  6239.0625  1.04525e+00  1.09657e+00  1.04503e+00  0.00000e+00
 -14760.77  6239.6875  1.01545e+00  9.98915e-01  1.01544e+00  0.00000e+00
 -14732.22  6240.3125  9.56264e-01  9.92940e-01  9.56468e-01  0.00000e+00
 -14703.67  6240.9375  8.85604e-01  8.39927e-01  8.85740e-01  0.00000e+00
 -14675.12  6241.5625  8.78186e-01  8.36677e-01  8.78101e-01  0.00000e+00
 -14646.57  6242.1875  9.31082e-01  9.68948e-01  9.30676e-01  0.00000e+00
 -14618.01  6242.8125  9.79989e-01  9.42777e-01  9.79678e-01  0.00000e+00
 -14589.46  6243.4375  1.00816e+00  1.09081e+00  1.00761e+00  0.00000e+00
 -14560.91  6244.0625  9.72671e-01  9.28936e-01  9.71677e-01  0.00000e+00
 -14532.36  6244.6875  9.25756e-01  9.60819e-01  9.24865e-01  0.00000e+00
 -14503.81  6245.3125  8.68155e-01  8.52146e-01  8.67896e-01  0.00000e+00
 -14475.26  6245.9375  8.60191e-01  7.80166e-01  8.60132e-01  0.00000e+00
 -14446.71  6246.5625  9.52426e-01  9.74861e-01  9.51715e-01  0.00000e+00
 -14418.16  6247.1875  1.03225e+00  1.08181e+00  1.03134e+00  0.00000e+00
 -14389.61  6247.8125  1.00818e+00  1.05394e+00  1.00748e+00  0.00000e+00
 -14361.06  6248.4375  9.27960e-01  8.79381e-01  9.27979e-01  0.00000e+00
 -14332.50  6249.0625  9.84642e-01  8.03661e-01  9.85176e-01  0.00000e+00
 -14303.95  6249.6875  1.15341e+00  1.41450e+00  1.15383e+00  0.00000e+00
 -14275.40  6250.3125  1.11463e+00  1.07616e+00  1.11482e+00  0.00000e+00
 -14246.85  6250.9375  1.07725e+00  8.98515e-01  1.07746e+00  0.00000e+00
 -14218.30  6251.5625  1.18554e+00  1.36270e+00  1.18569e+00  0.00000e+00
 -14189.75  6252.1875  1.16908e+00  1.16713e+00  1.16892e+00  0.00000e+00
 -14161.20  6252.8125  1.05620e+00  1.05022e+00  1.05598e+00  0.00000e+00
 -14132.65  6253.4375  9.42629e-01  9.56674e-01  9.42378e-01  0.00000e+00
 -14104.10  6254.0625  8.97126e-01  7.55889e-01  8.97240e-01  0.00000e+00
 -14075.54  6254.6875  9.73010e-01  1.06833e+00  9.73641e-01  0.00000e+00
 -14046.99  6255.3125  9.88380e-01  1.01846e+00  9.88743e-01  0.00000e+00
 -14018.44  6255.9375  9.16581e-01  9.14208e-01  9.16895e-01  0.00000e+00
 -13989.89  6256.5625  9.05712e-01  7.67011e-01  9.05605e-01  0.00000e+00
 -13961.34  6257.1875  9.99869e-01  1.13932e+00  9.99720e-01  0.00000e+00
 -13932.79  6257.8125  1.05710e+00  9.45567e-01  1.05750e+00  0.00000e+00
 -13904.24  6258.4375  1.12624e+00  1.21608e+00  1.12640e+00  0.00000e+00
 -13875.69  6259.0625  1.10005e+00  1.16669e+00  1.10052e+00  0.00000e+00
 -13847.14  6259.6875  9.76008e-01  9.08182e-01  9.76700e-01  0.00000e+00
 -13818.59  6260.3125  9.10473e-01  8.92405e-01  9.11101e-01  0.00000e+00
 -13790.03  6260.9375  9.19189e-01  9.00848e-01  9.19390e-01  0.00000e+00
 -13761.48  6261.5625  9.66050e-01  9.68748e-01  9.66397e-01  0.00000e+00
 -13732.93  6262.1875  1.04625e+00  9.95438e-01  1.04688e+00  0.00000e+00
 -13704.38  6262.8125  1.09630e+00  1.25993e+00  1.09674e+00  0.00000e+00
 -13675.83  6263.4375  1.00604e+00  9.29834e-01  1.00632e+00  0.00000e+00
 -13647.28  6264.0625  9.35430e-01  9.05106e-01  9.36025e-01  0.00000e+00
 -13618.73  6264.6875  8.99981e-01  9.81163e-01  9.00317e-01  0.00000e+00
 -13590.18  6265.3125  8.35617e-01  7.39729e-01  8.35762e-01  0.00000e+00
 -13561.63  6265.9375  8.51658e-01  8.50281e-01  8.51803e-01  0.00000e+00
 -13533.08  6266.5625  9.14612e-01  9.23742e-01  9.14962e-01  0.00000e+00
 -13504.52  6267.1875  8.85866e-01  1.02980e+00  8.85701e-01  0.00000e+00
 -13475.97  6267.8125  7.38520e-01  6.14532e-01  7.38467e-01  0.00000e+00
 -13447.42  6268.4375  7.38164e-01  6.19426e-01  7.38386e-01  0.00000e+00
 -13418.87  6269.0625  9.12454e-01  1.00304e+00  9.13021e-01  0.00000e+00
 -13390.32  6269.6875  1.05174e+00  1.03624e+00  1.05184e+00  0.00000e+00
 -13361.77  6270.3125  1.15593e+00  1.15798e+00  1.15554e+00  0.00000e+00
 -13333.22  6270.9375  1.19961e+00  1.30114e+00  1.19931e+00  0.00000e+00
 -13304.67  6271.5625  1.07306e+00  1.13735e+00  1.07289e+00  0.00000e+00
 -13276.12  6272.1875  8.90589e-01  7.40161e-01  8.91195e-01  0.00000e+00
 -13247.56  6272.8125  8.69196e-01  8.62030e-01  8.70173e-01  0.00000e+00
 -13219.01  6273.4375  9.16449e-01  9.69077e-01  9.16658e-01  0.00000e+00
 -13190.46  6274.0625  9.31862e-01  8.83455e-01  9.31672e-01  0.00000e+00
 -13161.91  6274.6875  9.72650e-01  9.83126e-01  9.73219e-01  0.00000e+00
 -13133.36  6275.3125  1.01810e+00  1.03779e+00  1.01913e+00  0.00000e+00
 -13104.81  6275.9375  1.07984e+00  9.96527e-01  1.08070e+00  0.00000e+00
 -13076.26  6276.5625  1.17950e+00  1.28063e+00  1.17950e+00  0.00000e+00
 -13047.71  6277.1875  1.20224e+00  1.18837e+00  1.20098e+00  0.00000e+00
 -13019.16  6277.8125  1.17706e+00  1.18805e+00  1.17617e+00  0.00000e+00
 -12990.61  6278.4375  1.11893e+00  1.15586e+00  1.11891e+00  0.00000e+00
 -12962.05  6279.0625  9.98559e-01  1.01618e+00  9.98390e-01  0.00000e+00
 -12933.50  6279.6875  8.96211e-01  7.85986e-01  8.95524e-01  0.00000e+00
 -12904.95  6280.3125  8.86319e-01  9.60318e-01  8.85497e-01  0.00000e+00
 -12876.40  6280.9375  8.89988e-01  8.19258e-01  8.89744e-01  0.00000e+00
 -12847.85  6281.5625  9.86154e-01  9.08645e-01  9.86712e-01  0.00000e+00
 -12819.30  6282.1875  1.09128e+00  1.31985e+00  1.09204e+00  0.00000e+00
 -12790.75  6282.8125  1.01672e+00  8.93299e-01  1.01759e+00  0.00000e+00
 -12762.20  6283.4375  9.82362e-01  9.56984e-01  9.83100e-01  0.00000e+00
 -12733.65  6284.0625  9.87393e-01  1.09358e+00  9.87449e-01  0.00000e+00
 -12705.10  6284.6875  9.18813e-01  8.38981e-01  9.18487e-01  0.00000e+00
 -12676.54  6285.3125  8.92050e-01  8.95391e-01  8.92028e-01  0.00000e+00
 -12647.99  6285.9375  9.31262e-01  8.91271e-01  9.31390e-01  0.00000e+00
 -12619.44  6286.5625  1.03294e+00  1.00925e+00  1.03389e+00  0.00000e+00
 -12590.89  6287.1875  1.09079e+00  1.26536e+00  1.09211e+00  0.00000e+00
 -12562.34  6287.8125  1.03982e+00  8.50643e-01  1.04044e+00  0.00000e+00
 -12533.79  6288.4375  1.03170e+00  1.21367e+00  1.03167e+00  0.00000e+00
 -12505.24  6289.0625  9.95068e-01  8.16198e-01  9.95042e-01  0.00000e+00
 -12476.69  6289.6875  1.03659e+00  1.13336e+00  1.03720e+00  0.00000e+00
 -12448.14  6290.3125  1.08202e+00  1.02603e+00  1.08312e+00  0.00000e+00
 -12419.58  6290.9375  1.09764e+00  1.18791e+00  1.09825e+00  0.00000e+00
 -12391.03  6291.5625  1.06658e+00  9.89159e-01  1.06662e+00  0.00000e+00
 -12362.48  6292.1875  1.03244e+00  1.13055e+00  1.03269e+00  0.00000e+00
 -12333.93  6292.8125  1.00889e+00  8.39224e-01  1.00854e+00  0.00000e+00
 -12305.38  6293.4375  1.05392e+00  1.21992e+00  1.05243e+00  0.00000e+00
 -12276.83  6294.0625  9.82736e-01  9.82095e-01  9.81132e-01  0.00000e+00
 -12248.28  6294.6875  9.17276e-01  7.51596e-01  9.16679e-01  0.00000e+00
 -12219.73  6295.3125  1.04436e+00  1.07462e+00  1.04418e+00  0.00000e+00
 -12191.18  6295.9375  1.13772e+00  1.29177e+00  1.13748e+00  0.00000e+00
 -12162.63  6296.5625  1.00985e+00  1.02322e+00  1.00979e+00  0.00000e+00
 -12134.07  6297.1875  8.71593e-01  7.01214e-01  8.71392e-01  0.00000e+00
 -12105.52  6297.8125  9.26212e-01  9.61297e-01  9.25733e-01  0.00000e+00
 -12076.97  6298.4375  1.03044e+00  1.04080e+00  1.03019e+00  0.00000e+00
 -12048.42  6299.0625  1.09135e+00  1.11178e+00  1.09147e+00  0.00000e+00
 -12019.87  6299.6875  1.08733e+00  1.13286e+00  1.08703e+00  0.00000e+00
 -11991.32  6300.3125  9.84105e-01  1.03816e+00  9.83228e-01  0.00000e+00
 -11962.77  6300.9375  9.06970e-01  6.94754e-01  9.06504e-01  0.00000e+00
 -11934.22  6301.5625  1.02907e+00  1.10586e+00  1.02904e+00  0.00000e+00
 -11905.67  6302.1875  1.11588e+00  1.21542e+00  1.11561e+00  0.00000e+00
 -11877.12  6302.8125  1.04163e+00  1.02424e+00  1.04122e+00  0.00000e+00
 -11848.56  6303.4375  9.50899e-01  9.16253e-01  9.50723e-01  0.00000e+00
 -11820.01  6304.0625  9.55761e-01  8.81207e-01  9.56032e-01  0.00000e+00
 -11791.46  6304.6875  1.01825e+00  1.12404e+00  1.01876e+00  0.00000e+00
 -11762.91  6305.3125  9.91661e-01  9.79433e-01  9.92144e-01  0.00000e+00
 -11734.36  6305.9375  9.04489e-01  9.39672e-01  9.04522e-01  0.00000e+00
 -11705.81  6306.5625  8.90182e-01  6.97041e-01  8.89981e-01  0.00000e+00
 -11677.26  6307.1875  1.07310e+00  1.12670e+00  1.07312e+00  0.00000e+00
 -11648.71  6307.8125  1.18009e+00  1.39169e+00  1.18063e+00  0.00000e+00
 -11620.16  6308.4375  1.12182e+00  8.80090e-01  1.12309e+00  0.00000e+00
 -11591.60  6309.0625  1.18823e+00  1.29517e+00  1.18940e+00  0.00000e+00
 -11563.05  6309.6875  1.20698e+00  1.28311e+00  1.20758e+00  0.00000e+00
 -11534.50  6310.3125  1.09356e+00  1.05196e+00  1.09346e+00  0.00000e+00
 -11505.95  6310.9375  1.00270e+00  9.75157e-01  1.00282e+00  0.00000e+00
 -11477.40  6311.5625  9.80430e-01  9.65408e-01  9.80680e-01  0.00000e+00
 -11448.85  6312.1875  9.92467e-01  1.00102e+00  9.91830e-01  0.00000e+00
 -11420.30  6312.8125  1.02167e+00  9.87516e-01  1.02066e+00  0.00000e+00
 -11391.75  6313.4375  1.05630e+00  1.11670e+00  1.05550e+00  0.00000e+00
 -11363.20  6314.0625  1.04731e+00  1.01488e+00  1.04742e+00  0.00000e+00
 -11334.65  6314.6875  9.97618e-01  1.08468e+00  9.98804e-01  0.00000e+00
 -11306.09  6315.3125  9.23871e-01  7.95725e-01  9.25045e-01  0.00000e+00
 -11277.54  6315.9375  9.18319e-01  1.00990e+00  9.18683e-01  0.00000e+00
 -11248.99  6316.5625  9.42697e-01  8.12164e-01  9.42926e-01  0.00000e+00
 -11220.44  6317.1875  1.04722e+00  1.11278e+00  1.04758e+00  0.00000e+00
 -11191.89  6317.8125  1.08594e+00  1.17805e+00  1.08612e+00  0.00000e+00
 -11163.34  6318.4375  1.00118e+00  9.46324e-01  1.00089e+00  0.00000e+00
 -11134.79  6319.0625  9.61572e-01  9.12340e-01  9.61319e-01  0.00000e+00
 -11106.24  6319.6875  1.02303e+00  1.01347e+00  1.02298e+00  0.00000e+00
 -11077.69  6320.3125  1.10473e+00  1.14019e+00  1.10423e+00  0.00000e+00
 -11049.14  6320.9375  1.11043e+00  1.18228e+00  1.11015e+00  0.00000e+00
 -11020.58  6321.5625  1.12670e+00  9.03846e-01  1.12717e+00  0.00000e+00
 -10992.03  6322.1875  1.25113e+00  1.48609e+00  1.25196e+00  0.00000e+00
 -10963.48  6322.8125  1.16991e+00  1.22034e+00  1.17053e+00  0.00000e+00
 -10934.93  6323.4375  9.83901e-01  8.16893e-01  9.83600e-01  0.00000e+00
 -10906.38  6324.0625  9.31973e-01  1.02667e+00  9.31338e-01  0.00000e+00
 -10877.83  6324.6875  9.76360e-01  7.64109e-01  9.76507e-01  0.00000e+00
 -10849.28  6325.3125  1.12662e+00  1.32910e+00  1.12696e+00  0.00000e+00
 -10820.73  6325.9375  1.09178e+00  1.16420e+00  1.09153e+00  0.00000e+00
 -10792.18  6326.5625  9.21444e-01  7.98554e-01  9.21087e-01  0.00000e+00
 -10763.62  6327.1875  9.01035e-01  8.34393e-01  9.00832e-01  0.00000e+00
 -10735.07  6327.8125  9.78759e-01  1.08657e+00  9.78620e-01  0.00000e+00
 -10706.52  6328.4375  9.91792e-01  9.34294e-01  9.91462e-01  0.00000e+00
 -10677.97  6329.0625  1.01201e+00  1.02012e+00  1.01157e+00  0.00000e+00
 -10649.42  6329.6875  1.03554e+00  1.06621e+00  1.03506e+00  0.00000e+00
 -10620.87  6330.3125  1.04155e+00  9.97172e-01  1.04065e+00  0.00000e+00
 -10592.32  6330.9375  1.07814e+00  1.09648e+00  1.07720e+00  0.00000e+00
 -10563.77  6331.5625  1.13760e+00  1.09775e+00  1.13702e+00  0.00000e+00
 -10535.22  6332.1875  1.18689e+00  1.27441e+00  1.18646e+00  0.00000e+00
 -10506.67  6332.8125  1.13438e+00  1.15080e+00  1.13384e+00  0.00000e+00
 -10478.11  6333.4375  1.04200e+00  9.90115e-01  1.04184e+00  0.00000e+00
 -10449.56  6334.0625  1.03771e+00  9.76808e-01  1.03811e+00  0.00000e+00
 -10421.01  6334.6875  1.06041e+00  1.21101e+00  1.06114e+00  0.00000e+00
 -10392.46  6335.3125  1.02232e+00  8.47865e-01  1.02297e+00  0.00000e+00
 -10363.91  6335.9375  1.05075e+00  1.17992e+00  1.05115e+00  0.00000e+00
 -10335.36  6336.5625  1.04341e+00  9.89098e-01  1.04377e+00  0.00000e+00
 -10306.81  6337.1875  1.07490e+00  1.00094e+00  1.07484e+00  0.00000e+00
 -10278.26  6337.8125  1.12695e+00  1.30907e+00  1.12667e+00  0.00000e+00
 -10249.71  6338.4375  1.05993e+00  9.34716e-01  1.05888e+00  0.00000e+00
 -10221.16  6339.0625  1.06521e+00  1.03763e+00  1.06345e+00  0.00000e+00
 -10192.60  6339.6875  1.11711e+00  1.21770e+00  1.11581e+00  0.00000e+00
 -10164.05  6340.3125  1.06934e+00  1.04491e+00  1.06894e+00  0.00000e+00
 -10135.50  6340.9375  9.73886e-01  1.01108e+00  9.73484e-01  0.00000e+00
 -10106.95  6341.5625  8.95333e-01  8.07139e-01  8.95060e-01  0.00000e+00
 -10078.40  6342.1875  9.35118e-01  8.94393e-01  9.35640e-01  0.00000e+00
 -10049.85  6342.8125  1.03188e+00  1.11261e+00  1.03215e+00  0.00000e+00
 -10021.30  6343.4375  1.03621e+00  1.05639e+00  1.03555e+00  0.00000e+00
  -9992.75  6344.0625  9.71679e-01  9.66945e-01  9.71297e-01  0.00000e+00
  -9964.20  6344.6875  9.48885e-01  8.60492e-01  9.49189e-01  0.00000e+00
  -9935.65  6345.3125  9.83647e-01  1.08670e+00  9.84538e-01  0.00000e+00
  -9907.09  6345.9375  9.35769e-01  9.39017e-01  9.36052e-01  0.00000e+00
  -9878.54  6346.5625  8.81132e-01  7.86166e-01  8.80671e-01  0.00000e+00
  -9849.99  6347.1875  9.47437e-01  9.52424e-01  9.46626e-01  0.00000e+00
  -9821.44  6347.8125  1.09908e+00  1.03100e+00  1.09825e+00  0.00000e+00
  -9792.89  6348.4375  1.22406e+00  1.42908e+00  1.22334e+00  0.00000e+00
  -9764.34  6349.0625  1.23102e+00  1.03206e+00  1.23014e+00  0.00000e+00
  -9735.79  6349.6875  1.26572e+00  1.45468e+00  1.26495e+00  0.00000e+00
  -9707.24  6350.3125  1.15683e+00  1.17566e+00  1.15638e+00  0.00000e+00
  -9678.69  6350.9375  1.02174e+00  8.39883e-01  1.02198e+00  0.00000e+00
  -9650.13  6351.5625  1.04143e+00  1.15564e+00  1.04266e+00  0.00000e+00
  -9621.58  6352.1875  1.01042e+00  1.02760e+00  1.01187e+00  0.00000e+00
  -9593.03  6352.8125  9.32280e-01  8.68734e-01  9.32852e-01  0.00000e+00
  -9564.48  6353.4375  9.40605e-01  9.16441e-01  9.40970e-01  0.00000e+00
  -9535.93  6354.0625  1.03595e+00  1.00056e+00  1.03637e+00  0.00000e+00
  -9507.38  6354.6875  1.10823e+00  1.25675e+00  1.10881e+00  0.00000e+00
  -9478.83  6355.3125  1.05816e+00  9.66543e-01  1.05833e+00  0.00000e+00
  -9450.28  6355.9375  1.01367e+00  1.06360e+00  1.01363e+00  0.00000e+00
  -9421.73  6356.5625  9.97497e-01  9.21225e-01  9.97279e-01  0.00000e+00
  -9393.18  6357.1875  1.01949e+00  1.08093e+00  1.01907e+00  0.00000e+00
  -9364.62  6357.8125  1.01408e+00  9.96004e-01  1.01397e+00  0.00000e+00
  -9336.07  6358.4375  9.91345e-01  1.00804e+00  9.91566e-01  0.00000e+00
  -9307.52  6359.0625  1.01074e+00  9.13647e-01  1.01079e+00  0.00000e+00
  -9278.97  6359.6875  1.09122e+00  1.19089e+00  1.09109e+00  0.00000e+00
  -9250.42  6360.3125  1.11774e+00  1.08019e+00  1.11813e+00  0.00000e+00
  -9221.87  6360.9375  1.10701e+00  1.16217e+00  1.10807e+00  0.00000e+00
  -9193.32  6361.5625  1.09770e+00  9.99875e-01  1.09843e+00  0.00000e+00
  -9164.77  6362.1875  1.12174e+00  1.23179e+00  1.12128e+00  0.00000e+00
  -9136.22  6362.8125  1.08581e+00  1.03741e+00  1.08485e+00  0.00000e+00
  -9107.67  6363.4375  1.04515e+00  1.04946e+00  1.04473e+00  0.00000e+00
  -9079.11  6364.0625  9.72847e-01  1.06460e+00  9.73353e-01  0.00000e+00
  -9050.56  6364.6875  8.59951e-01  7.26624e-01  8.60650e-01  0.00000e+00
  -9022.01  6365.3125  8.93294e-01  8.46849e-01  8.93348e-01  0.00000e+00
  -8993.46  6365.9375  9.93486e-01  1.11538e+00  9.93597e-01  0.00000e+00
  -8964.91  6366.5625  9.84458e-01  9.53641e-01  9.85366e-01  0.00000e+00
  -8936.36  6367.1875  9.73909e-01  9.17373e-01  9.74843e-01  0.00000e+00
  -8907.81  6367.8125  9.79347e-01  1.10489e+00  9.79751e-01  0.00000e+00
  -8879.26  6368.4375  8.94100e-01  8.28571e-01  8.93748e-01  0.00000e+00
  -8850.71  6369.0625  8.57390e-01  8.03228e-01  8.56936e-01  0.00000e+00
  -8822.15  6369.6875  9.71976e-01  8.95977e-01  9.71790e-01  0.00000e+00
  -8793.60  6370.3125  1.16106e+00  1.25575e+00  1.16092e+00  0.00000e+00
  -8765.05  6370.9375  1.19666e+00  1.33051e+00  1.19617e+00  0.00000e+00
  -8736.50  6371.5625  1.11706e+00  9.19646e-01  1.11665e+00  0.00000e+00
  -8707.95  6372.1875  1.18975e+00  1.23067e+00  1.18990e+00  0.00000e+00
  -8679.40  6372.8125  1.28023e+00  1.34750e+00  1.28076e+00  0.00000e+00
  -8650.85  6373.4375  1.21974e+00  1.29330e+00  1.22059e+00  0.00000e+00
  -8622.30  6374.0625  1.05999e+00  9.99107e-01  1.06054e+00  0.00000e+00
  -8593.75  6374.6875  1.01030e+00  8.77917e-01  1.01042e+00  0.00000e+00
  -8565.20  6375.3125  1.08446e+00  1.23186e+00  1.08483e+00  0.00000e+00
  -8536.64  6375.9375  1.08381e+00  1.02194e+00  1.08452e+00  0.00000e+00
  -8508.09  6376.5625  1.10403e+00  1.05556e+00  1.10459e+00  0.00000e+00
  -8479.54  6377.1875  1.11845e+00  1.29260e+00  1.11886e+00  0.00000e+00
  -8450.99  6377.8125  9.87102e-01  8.99993e-01  9.87412e-01  0.00000e+00
  -8422.44  6378.4375  9.01408e-01  8.41822e-01  9.02229e-01  0.00000e+00
  -8393.89  6379.0625  9.09029e-01  9.73955e-01  9.10675e-01  0.00000e+00
  -8365.34  6379.6875  9.66296e-01  7.94799e-01  9.67730e-01  0.00000e+00
  -8336.79  6380.3125  1.08692e+00  1.30189e+00  1.08740e+00  0.00000e+00
  -8308.24  6380.9375  1.07313e+00  9.91284e-01  1.07267e+00  0.00000e+00
  -8279.69  6381.5625  1.05572e+00  1.03049e+00  1.05446e+00  0.00000e+00
  -8251.13  6382.1875  1.05845e+00  1.15686e+00  1.05746e+00  0.00000e+00
  -8222.58  6382.8125  1.00739e+00  9.00716e-01  1.00675e+00  0.00000e+00
  -8194.03  6383.4375  9.45254e-01  1.10866e+00  9.44941e-01  0.00000e+00
  -8165.48  6384.0625  8.23274e-01  6.68194e-01  8.23151e-01  0.00000e+00
  -8136.93  6384.6875  8.52215e-01  7.79585e-01  8.51894e-01  0.00000e+00
  -8108.38  6385.3125  9.84403e-01  1.12419e+00  9.83734e-01  0.00000e+00
  -8079.83  6385.9375  1.02617e+00  9.48538e-01  1.02511e+00  0.00000e+00
  -8051.28  6386.5625  1.07353e+00  1.09282e+00  1.07309e+00  0.00000e+00
  -8022.73  6387.1875  1.07671e+00  1.18020e+00  1.07653e+00  0.00000e+00
  -7994.17  6387.8125  9.77229e-01  9.10082e-01  9.77545e-01  0.00000e+00
  -7965.62  6388.4375  9.66373e-01  8.59153e-01  9.67863e-01  0.00000e+00
  -7937.07  6389.0625  1.08291e+00  1.16562e+00  1.08502e+00  0.00000e+00
  -7908.52  6389.6875  1.10387e+00  1.19362e+00  1.10547e+00  0.00000e+00
  -7879.97  6390.3125  9.94337e-01  9.35688e-01  9.95252e-01  0.00000e+00
  -7851.42  6390.9375  9.19070e-01  8.98139e-01  9.19276e-01  0.00000e+00
  -7822.87  6391.5625  9.15176e-01  8.96884e-01  9.15169e-01  0.00000e+00
  -7794.32  6392.1875  9.34713e-01  9.57052e-01  9.35001e-01  0.00000e+00
  -7765.77  6392.8125  9.02977e-01  9.63585e-01  9.03203e-01  0.00000e+00
  -7737.22  6393.4375  8.38201e-01  7.31658e-01  8.38024e-01  0.00000e+00
  -7708.66  6394.0625  8.22722e-01  9.25214e-01  8.22908e-01  0.00000e+00
  -7680.11  6394.6875  8.49701e-01  6.49490e-01  8.50207e-01  0.00000e+00
  -7651.56  6395.3125  9.91304e-01  1.14581e+00  9.91354e-01  0.00000e+00
  -7623.01  6395.9375  1.04025e+00  1.04784e+00  1.04029e+00  0.00000e+00
  -7594.46  6396.5625  9.91896e-01  9.88419e-01  9.92359e-01  0.00000e+00
  -7565.91  6397.1875  9.04317e-01  9.65747e-01  9.04979e-01  0.00000e+00
  -7537.36  6397.8125  8.01925e-01  6.94771e-01  8.02395e-01  0.00000e+00
  -7508.81  6398.4375  8.04730e-01  8.06340e-01  8.04922e-01  0.00000e+00
  -7480.26  6399.0625  8.72430e-01  8.64593e-01  8.72620e-01  0.00000e+00
  -7451.71  6399.6875  9.38272e-01  9.62226e-01  9.38159e-01  0.00000e+00
  -7423.15  6400.3125  9.74903e-01  9.81844e-01  9.74374e-01  0.00000e+00
  -7394.60  6400.9375  1.01489e+00  9.55842e-01  1.01443e+00  0.00000e+00
  -7366.05  6401.5625  9.88432e-01  1.23972e+00  9.88572e-01  0.00000e+00
  -7337.50  6402.1875  8.79954e-01  5.12450e-01  8.79871e-01  0.00000e+00
  -7308.95  6402.8125  1.00696e+00  1.17493e+00  1.00668e+00  0.00000e+00
  -7280.40  6403.4375  1.08399e+00  1.15709e+00  1.08409e+00  0.00000e+00
  -7251.85  6404.0625  1.04086e+00  9.27084e-01  1.04095e+00  0.00000e+00
  -7223.30  6404.6875  1.05640e+00  1.12437e+00  1.05623e+00  0.00000e+00
  -7194.75  6405.3125  1.03536e+00  1.06535e+00  1.03490e+00  0.00000e+00
  -7166.19  6405.9375  1.02454e+00  8.72156e-01  1.02348e+00  0.00000e+00
  -7137.64  6406.5625  1.10692e+00  1.25447e+00  1.10595e+00  0.00000e+00
  -7109.09  6407.1875  1.07898e+00  1.08428e+00  1.07852e+00  0.00000e+00
  -7080.54  6407.8125  9.41829e-01  9.82348e-01  9.41749e-01  0.00000e+00
  -7051.99  6408.4375  8.68936e-01  6.56227e-01  8.68778e-01  0.00000e+00
  -7023.44  6409.0625  1.00571e+00  1.08464e+00  1.00548e+00  0.00000e+00
  -6994.89  6409.6875  1.13063e+00  1.18936e+00  1.13036e+00  0.00000e+00
  -6966.34  6410.3125  1.15948e+00  1.11908e+00  1.15894e+00  0.00000e+00
  -6937.79  6410.9375  1.17130e+00  1.21822e+00  1.17018e+00  0.00000e+00
  -6909.24  6411.5625  1.08058e+00  1.19056e+00  1.07938e+00  0.00000e+00
  -6880.68  6412.1875  8.95562e-01  7.67581e-01  8.95126e-01  0.00000e+00
  -6852.13  6412.8125  8.47086e-01  7.89733e-01  8.46857e-01  0.00000e+00
  -6823.58  6413.4375  9.31027e-01  9.58413e-01  9.30447e-01  0.00000e+00
  -6795.03  6414.0625  9.85411e-01  1.03900e+00  9.85302e-01  0.00000e+00
  -6766.48  6414.6875  9.69044e-01  9.49441e-01  9.69615e-01  0.00000e+00
  -6737.93  6415.3125  1.00299e+00  8.95832e-01  1.00347e+00  0.00000e+00
  -6709.38  6415.9375  1.07032e+00  1.28136e+00  1.07076e+00  0.00000e+00
  -6680.83  6416.5625  1.06498e+00  8.21593e-01  1.06512e+00  0.00000e+00
  -6652.28  6417.1875  1.17455e+00  1.31363e+00  1.17408e+00  0.00000e+00
  -6623.73  6417.8125  1.21572e+00  1.25044e+00  1.21548e+00  0.00000e+00
  -6595.17  6418.4375  1.09974e+00  1.16336e+00  1.10041e+00  0.00000e+00
  -6566.62  6419.0625  9.42808e-01  8.25473e-01  9.43582e-01  0.00000e+00
  -6538.07  6419.6875  8.85012e-01  9.16566e-01  8.85563e-01  0.00000e+00
  -6509.52  6420.3125  8.70722e-01  8.41663e-01  8.71353e-01  0.00000e+00
  -6480.97  6420.9375  8.64193e-01  8.95178e-01  8.64848e-01  0.00000e+00
  -6452.42  6421.5625  8.84685e-01  7.95735e-01  8.84868e-01  0.00000e+00
  -6423.87  6422.1875  9.69014e-01  1.02971e+00  9.68218e-01  0.00000e+00
  -6395.32  6422.8125  1.01976e+00  1.02890e+00  1.01897e+00  0.00000e+00
  -6366.77  6423.4375  1.02506e+00  1.02342e+00  1.02494e+00  0.00000e+00
  -6338.21  6424.0625  1.01550e+00  1.02888e+00  1.01591e+00  0.00000e+00
  -6309.66  6424.6875  9.72685e-01  1.00449e+00  9.73403e-01  0.00000e+00
  -6281.11  6425.3125  9.29786e-01  8.41404e-01  9.30342e-01  0.00000e+00
  -6252.56  6425.9375  9.31993e-01  1.02461e+00  9.31941e-01  0.00000e+00
  -6224.01  6426.5625  9.10699e-01  8.25191e-01  9.10806e-01  0.00000e+00
  -6195.46  6427.1875  8.79783e-01  1.00448e+00  8.80288e-01  0.00000e+00
  -6166.91  6427.8125  8.24577e-01  6.67668e-01  8.25047e-01  0.00000e+00
  -6138.36  6428.4375  8.66709e-01  9.27014e-01  8.66959e-01  0.00000e+00
  -6109.81  6429.0625  8.75090e-01  9.54643e-01  8.75505e-01  0.00000e+00
  -6081.26  6429.6875  8.23009e-01  6.96827e-01  8.23720e-01  0.00000e+00
  -6052.70  6430.3125  8.89985e-01  8.83315e-01  8.90720e-01  0.00000e+00
  -6024.15  6430.9375  9.85892e-01  1.07475e+00  9.86165e-01  0.00000e+00
  -5995.60  6431.5625  9.69493e-01  9.74310e-01  9.69472e-01  0.00000e+00
  -5967.05  6432.1875  9.14970e-01  8.81333e-01  9.15083e-01  0.00000e+00
  -5938.50  6432.8125  9.37074e-01  8.76604e-01  9.36924e-01  0.00000e+00
  -5909.95  6433.4375  1.06419e+00  1.04972e+00  1.06385e+00  0.00000e+00
  -5881.40  6434.0625  1.15774e+00  1.30897e+00  1.15694e+00  0.00000e+00
  -5852.85  6434.6875  1.08181e+00  1.04638e+00  1.08114e+00  0.00000e+00
  -5824.30  6435.3125  9.74094e-01  9.58978e-01  9.73683e-01  0.00000e+00
  -5795.75  6435.9375  9.62158e-01  8.64400e-01  9.61529e-01  0.00000e+00
  -5767.19  6436.5625  1.06879e+00  1.09416e+00  1.06814e+00  0.00000e+00
  -5738.64  6437.1875  1.08335e+00  1.29024e+00  1.08292e+00  0.00000e+00
  -5710.09  6437.8125  9.46494e-01  7.15980e-01  9.46501e-01  0.00000e+00
  -5681.54  6438.4375  9.37834e-01  1.02544e+00  9.38155e-01  0.00000e+00
  -5652.99  6439.0625  9.58665e-01  9.43565e-01  9.58752e-01  0.00000e+00
  -5624.44  6439.6875  1.01011e+00  9.04287e-01  1.01055e+00  0.00000e+00
  -5595.89  6440.3125  1.05907e+00  1.31277e+00  1.05979e+00  0.00000e+00
  -5567.34  6440.9375  9.22128e-01  7.80956e-01  9.22099e-01  0.00000e+00
  -5538.79  6441.5625  8.58576e-01  7.96259e-01  8.58014e-01  0.00000e+00
  -5510.24  6442.1875  9.21970e-01  9.84056e-01  9.21129e-01  0.00000e+00
  -5481.68  6442.8125  1.01163e+00  8.93642e-01  1.01075e+00  0.00000e+00
  -5453.13  6443.4375  1.12302e+00  1.28880e+00  1.12260e+00  0.00000e+00
  -5424.58  6444.0625  1.09153e+00  1.07162e+00  1.09214e+00  0.00000e+00
  -5396.03  6444.6875  9.52277e-01  1.02954e+00  9.53455e-01  0.00000e+00
  -5367.48  6445.3125  8.76029e-01  6.03273e-01  8.76968e-01  0.00000e+00
  -5338.93  6445.9375  1.00513e+00  1.18893e+00  1.00581e+00  0.00000e+00
  -5310.38  6446.5625  1.03747e+00  1.06949e+00  1.03839e+00  0.00000e+00
  -5281.83  6447.1875  1.00501e+00  8.61611e-01  1.00620e+00  0.00000e+00
  -5253.28  6447.8125  1.02828e+00  1.21808e+00  1.02921e+00  0.00000e+00
  -5224.72  6448.4375  9.80590e-01  8.17715e-01  9.80697e-01  0.00000e+00
  -5196.17  6449.0625  9.84288e-01  1.07473e+00  9.84037e-01  0.00000e+00
  -5167.62  6449.6875  9.47459e-01  9.67628e-01  9.47266e-01  0.00000e+00
  -5139.07  6450.3125  8.45916e-01  8.34593e-01  8.45757e-01  0.00000e+00
  -5110.52  6450.9375  8.23861e-01  6.88396e-01  8.23876e-01  0.00000e+00
  -5081.97  6451.5625  9.38256e-01  1.01637e+00  9.38526e-01  0.00000e+00
  -5053.42  6452.1875  9.75807e-01  1.07354e+00  9.76308e-01  0.00000e+00
  -5024.87  6452.8125  9.13039e-01  7.89002e-01  9.13603e-01  0.00000e+00
  -4996.32  6453.4375  9.10224e-01  9.78581e-01  9.10709e-01  0.00000e+00
  -4967.77  6454.0625  8.57671e-01  9.13711e-01  8.58204e-01  0.00000e+00
  -4939.21  6454.6875  7.53209e-01  6.53851e-01  7.53748e-01  0.00000e+00
  -4910.66  6455.3125  7.49978e-01  7.46733e-01  7.50000e-01  0.00000e+00
  -4882.11  6455.9375  8.59907e-01  7.71016e-01  8.59297e-01  0.00000e+00
  -4853.56  6456.5625  1.01809e+00  1.13948e+00  1.01781e+00  0.00000e+00
  -4825.01  6457.1875  1.03035e+00  1.09287e+00  1.03088e+00  0.00000e+00
  -4796.46  6457.8125  9.01599e-01  8.85779e-01  9.02073e-01  0.00000e+00
  -4767.91  6458.4375  8.15489e-01  7.07355e-01  8.15162e-01  0.00000e+00
  -4739.36  6459.0625  8.47611e-01  9.06825e-01  8.46870e-01  0.00000e+00
  -4710.81  6459.6875  9.00695e-01  8.43100e-01  9.00232e-01  0.00000e+00
  -4682.26  6460.3125  9.73145e-01  1.01246e+00  9.73301e-01  0.00000e+00
  -4653.70  6460.9375  1.00412e+00  1.04018e+00  1.00466e+00  0.00000e+00
  -4625.15  6461.5625  9.73370e-01  9.64423e-01  9.72992e-01  0.00000e+00
  -4596.60  6462.1875  9.79727e-01  8.96208e-01  9.78251e-01  0.00000e+00
  -4568.05  6462.8125  1.05347e+00  1.12876e+00  1.05188e+00  0.00000e+00
  -4539.50  6463.4375  1.03517e+00  1.11241e+00  1.03398e+00  0.00000e+00
  -4510.95  6464.0625  9.44292e-01  8.17801e-01  9.43853e-01  0.00000e+00
  -4482.40  6464.6875  9.12720e-01  1.01186e+00  9.12816e-01  0.00000e+00
  -4453.85  6465.3125  8.31731e-01  8.22693e-01  8.31624e-01  0.00000e+00
  -4425.30  6465.9375  7.67846e-01  6.70648e-01  7.67849e-01  0.00000e+00
  -4396.74  6466.5625  8.61602e-01  8.10785e-01  8.61789e-01  0.00000e+00
  -4368.19  6467.1875  9.95286e-01  1.14336e+00  9.95007e-01  0.00000e+00
  -4339.64  6467.8125  1.00848e+00  9.35412e-01  1.00739e+00  0.00000e+00
  -4311.09  6468.4375  1.01258e+00  1.04422e+00  1.01132e+00  0.00000e+00
  -4282.54  6469.0625  1.02517e+00  1.00123e+00  1.02430e+00  0.00000e+00
  -4253.99  6469.6875  1.01081e+00  1.09430e+00  1.01020e+00  0.00000e+00
  -4225.44  6470.3125  1.02585e+00  7.95674e-01  1.02588e+00  0.00000e+00
  -4196.89  6470.9375  1.08869e+00  1.44766e+00  1.08910e+00  0.00000e+00
  -4168.34  6471.5625  9.63482e-01  7.09768e-01  9.63252e-01  0.00000e+00
  -4139.79  6472.1875  9.64605e-01  9.62941e-01  9.63858e-01  0.00000e+00
  -4111.23  6472.8125  1.05440e+00  1.14852e+00  1.05332e+00  0.00000e+00
  -4082.68  6473.4375  1.05858e+00  1.00758e+00  1.05800e+00  0.00000e+00
  -4054.13  6474.0625  1.05909e+00  1.08502e+00  1.05889e+00  0.00000e+00
  -4025.58  6474.6875  1.08097e+00  1.03225e+00  1.08078e+00  0.00000e+00
  -3997.03  6475.3125  1.11790e+00  1.17245e+00  1.11798e+00  0.00000e+00
  -3968.48  6475.9375  1.06256e+00  1.14804e+00  1.06312e+00  0.00000e+00
  -3939.93  6476.5625  9.34338e-01  8.15048e-01  9.34913e-01  0.00000e+00
  -3911.38  6477.1875  9.16521e-01  9.07827e-01  9.16698e-01  0.00000e+00
  -3882.83  6477.8125  9.78260e-01  9.84993e-01  9.78266e-01  0.00000e+00
  -3854.28  6478.4375  1.07227e+00  1.01184e+00  1.07214e+00  0.00000e+00
  -3825.72  6479.0625  1.15553e+00  1.30039e+00  1.15519e+00  0.00000e+00
  -3797.17  6479.6875  1.10232e+00  1.07559e+00  1.10199e+00  0.00000e+00
  -3768.62  6480.3125  1.07075e+00  9.46425e-01  1.07077e+00  0.00000e+00
  -3740.07  6480.9375  1.14856e+00  1.25946e+00  1.14815e+00  0.00000e+00
  -3711.52  6481.5625  1.14692e+00  1.16413e+00  1.14614e+00  0.00000e+00
  -3682.97  6482.1875  1.10036e+00  1.02931e+00  1.09923e+00  0.00000e+00
  -3654.42  6482.8125  1.10320e+00  1.15504e+00  1.10205e+00  0.00000e+00
  -3625.87  6483.4375  1.08499e+00  1.07622e+00  1.08397e+00  0.00000e+00
  -3597.32  6484.0625  1.05254e+00  1.04926e+00  1.05199e+00  0.00000e+00
  -3568.76  6484.6875  1.04576e+00  1.01295e+00  1.04556e+00  0.00000e+00
  -3540.21  6485.3125  1.04529e+00  1.11091e+00  1.04486e+00  0.00000e+00
  -3511.66  6485.9375  9.79766e-01  9.78096e-01  9.78770e-01  0.00000e+00
  -3483.11  6486.5625  9.06955e-01  8.58813e-01  9.06463e-01  0.00000e+00
  -3454.56  6487.1875  8.98717e-01  8.96783e-01  8.99515e-01  0.00000e+00
  -3426.01  6487.8125  9.23037e-01  9.18372e-01  9.23969e-01  0.00000e+00
  -3397.46  6488.4375  9.26255e-01  9.84832e-01  9.26339e-01  0.00000e+00
  -3368.91  6489.0625  9.45742e-01  7.86115e-01  9.45423e-01  0.00000e+00
  -3340.36  6489.6875  1.04739e+00  1.20626e+00  1.04751e+00  0.00000e+00
  -3311.81  6490.3125  1.05174e+00  1.02156e+00  1.05193e+00  0.00000e+00
  -3283.25  6490.9375  1.03616e+00  9.87168e-01  1.03603e+00  0.00000e+00
  -3254.70  6491.5625  1.10327e+00  1.08325e+00  1.10282e+00  0.00000e+00
  -3226.15  6492.1875  1.10294e+00  1.32333e+00  1.10207e+00  0.00000e+00
  -3197.60  6492.8125  9.71573e-01  7.18010e-01  9.70834e-01  0.00000e+00
  -3169.05  6493.4375  9.71089e-01  1.09879e+00  9.71104e-01  0.00000e+00
  -3140.50  6494.0625  9.98894e-01  9.09071e-01  9.99133e-01  0.00000e+00
  -3111.95  6494.6875  1.03291e+00  1.10804e+00  1.03299e+00  0.00000e+00
  -3083.40  6495.3125  1.03354e+00  1.00794e+00  1.03414e+00  0.00000e+00
  -3054.85  6495.9375  1.05212e+00  1.00643e+00  1.05305e+00  0.00000e+00
  -3026.30  6496.5625  1.11796e+00  1.16415e+00  1.11856e+00  0.00000e+00
  -2997.74  6497.1875  1.17098e+00  1.13316e+00  1.17155e+00  0.00000e+00
  -2969.19  6497.8125  1.19034e+00  1.28223e+00  1.19064e+00  0.00000e+00
  -2940.64  6498.4375  1.08535e+00  1.13080e+00  1.08485e+00  0.00000e+00
  -2912.09  6499.0625  9.45908e-01  8.09773e-01  9.45150e-01  0.00000e+00
  -2883.54  6499.6875  9.29207e-01  9.82010e-01  9.28607e-01  0.00000e+00
  -2854.99  6500.3125  9.81300e-01  8.77686e-01  9.80675e-01  0.00000e+00
  -2826.44  6500.9375  1.05507e+00  1.20475e+00  1.05408e+00  0.00000e+00
  -2797.89  6501.5625  1.02220e+00  9.68499e-01  1.02143e+00  0.00000e+00
  -2769.34  6502.1875  9.68182e-01  9.77165e-01  9.68328e-01  0.00000e+00
  -2740.78  6502.8125  9.30401e-01  9.30396e-01  9.31153e-01  0.00000e+00
  -2712.23  6503.4375  8.97299e-01  8.80335e-01  8.97887e-01  0.00000e+00
  -2683.68  6504.0625  8.52864e-01  9.14502e-01  8.53625e-01  0.00000e+00
  -2655.13  6504.6875  8.07850e-01  6.89375e-01  8.08472e-01  0.00000e+00
  -2626.58  6505.3125  8.65469e-01  8.89761e-01  8.65767e-01  0.00000e+00
  -2598.03  6505.9375  8.96261e-01  1.00906e+00  8.96311e-01  0.00000e+00
  -2569.48  6506.5625  8.39403e-01  7.14276e-01  8.39236e-01  0.00000e+00
  -2540.93  6507.1875  8.46983e-01  9.07584e-01  8.46932e-01  0.00000e+00
  -2512.38  6507.8125  9.02722e-01  8.00246e-01  9.02514e-01  0.00000e+00
  -2483.83  6508.4375  9.68174e-01  1.13032e+00  9.67671e-01  0.00000e+00
  -2455.27  6509.0625  9.47939e-01  8.30727e-01  9.47233e-01  0.00000e+00
  -2426.72  6509.6875  9.79031e-01  9.92473e-01  9.78062e-01  0.00000e+00
  -2398.17  6510.3125  1.02217e+00  1.08314e+00  1.02172e+00  0.00000e+00
  -2369.62  6510.9375  1.00370e+00  9.63651e-01  1.00396e+00  0.00000e+00
  -2341.07  6511.5625  9.92138e-01  1.00725e+00  9.91751e-01  0.00000e+00
  -2312.52  6512.1875  9.89808e-01  9.78856e-01  9.89188e-01  0.00000e+00
  -2283.97  6512.8125  1.00429e+00  9.89934e-01  1.00373e+00  0.00000e+00
  -2255.42  6513.4375  1.06192e+00  1.02869e+00  1.06154e+00  0.00000e+00
  -2226.87  6514.0625  1.12665e+00  1.20015e+00  1.12687e+00  0.00000e+00
  -2198.32  6514.6875  1.08198e+00  1.13565e+00  1.08246e+00  0.00000e+00
  -2169.76  6515.3125  9.40896e-01  9.13876e-01  9.41192e-01  0.00000e+00
  -2141.21  6515.9375  8.45307e-01  7.71471e-01  8.45649e-01  0.00000e+00
  -2112.66  6516.5625  8.51983e-01  8.67379e-01  8.52359e-01  0.00000e+00
  -2084.11  6517.1875  8.59257e-01  9.06387e-01  8.59280e-01  0.00000e+00
  -2055.56  6517.8125  8.66505e-01  7.47856e-01  8.66457e-01  0.00000e+00
  -2027.01  6518.4375  9.62299e-01  1.02812e+00  9.62201e-01  0.00000e+00
  -1998.46  6519.0625  1.02469e+00  1.04842e+00  1.02461e+00  0.00000e+00
  -1969.91  6519.6875  9.91079e-01  1.03993e+00  9.91215e-01  0.00000e+00
  -1941.36  6520.3125  8.98895e-01  8.58991e-01  8.99056e-01  0.00000e+00
  -1912.80  6520.9375  8.19933e-01  8.39592e-01  8.19785e-01  0.00000e+00
  -1884.25  6521.5625  7.82695e-01  7.11800e-01  7.82507e-01  0.00000e+00
  -1855.70  6522.1875  8.67757e-01  8.01590e-01  8.67445e-01  0.00000e+00
  -1827.15  6522.8125  1.04029e+00  1.10686e+00  1.03977e+00  0.00000e+00
  -1798.60  6523.4375  1.11570e+00  1.20010e+00  1.11492e+00  0.00000e+00
  -1770.05  6524.0625  1.05346e+00  1.03467e+00  1.05259e+00  0.00000e+00
  -1741.50  6524.6875  9.95482e-01  9.37323e-01  9.95454e-01  0.00000e+00
  -1712.95  6525.3125  9.76942e-01  1.05619e+00  9.77513e-01  0.00000e+00
  -1684.40  6525.9375  9.19798e-01  8.76669e-01  9.20301e-01  0.00000e+00
  -1655.85  6526.5625  9.47413e-01  8.12441e-01  9.47274e-01  0.00000e+00
  -1627.29  6527.1875  1.02618e+00  1.28227e+00  1.02613e+00  0.00000e+00
  -1598.74  6527.8125  9.01912e-01  8.11536e-01  9.02622e-01  0.00000e+00
  -1570.19  6528.4375  7.67387e-01  7.41425e-01  7.67898e-01  0.00000e+00
  -1541.64  6529.0625  7.92428e-01  6.58588e-01  7.92085e-01  0.00000e+00
  -1513.09  6529.6875  9.59299e-01  1.04664e+00  9.58339e-01  0.00000e+00
  -1484.54  6530.3125  1.03905e+00  1.12955e+00  1.03830e+00  0.00000e+00
  -1455.99  6530.9375  1.00315e+00  9.18014e-01  1.00284e+00  0.00000e+00
  -1427.44  6531.5625  1.05342e+00  9.95108e-01  1.05332e+00  0.00000e+00
  -1398.89  6532.1875  1.14263e+00  1.28981e+00  1.14260e+00  0.00000e+00
  -1370.34  6532.8125  1.09061e+00  1.05535e+00  1.09028e+00  0.00000e+00
  -1341.78  6533.4375  9.41899e-01  1.05419e+00  9.41260e-01  0.00000e+00
  -1313.23  6534.0625  8.61297e-01  5.11710e-01  8.60557e-01  0.00000e+00
  -1284.68  6534.6875  9.89850e-01  1.31137e+00  9.89057e-01  0.00000e+00
  -1256.13  6535.3125  9.85055e-01  8.46326e-01  9.84686e-01  0.00000e+00
  -1227.58  6535.9375  1.02540e+00  9.40740e-01  1.02529e+00  0.00000e+00
  -1199.03  6536.5625  1.11531e+00  1.34826e+00  1.11525e+00  0.00000e+00
  -1170.48  6537.1875  1.04715e+00  8.91739e-01  1.04699e+00  0.00000e+00
  -1141.93  6537.8125  1.07463e+00  1.02262e+00  1.07363e+00  0.00000e+00
  -1113.38  6538.4375  1.17184e+00  1.31160e+00  1.17050e+00  0.00000e+00
  -1084.83  6539.0625  1.10134e+00  1.13914e+00  1.10037e+00  0.00000e+00
  -1056.27  6539.6875  9.79526e-01  8.39213e-01  9.79072e-01  0.00000e+00
  -1027.72  6540.3125  9.79399e-01  1.04859e+00  9.79339e-01  0.00000e+00
   -999.17  6540.9375  1.03537e+00  9.23014e-01  1.03551e+00  0.00000e+00
   -970.62  6541.5625  1.12654e+00  1.25197e+00  1.12624e+00  0.00000e+00
   -942.07  6542.1875  1.10003e+00  1.13221e+00  1.09903e+00  0.00000e+00
   -913.52  6542.8125  1.02287e+00  9.13193e-01  1.02223e+00  0.00000e+00
   -884.97  6543.4375  1.03412e+00  1.09225e+00  1.03454e+00  0.00000e+00
   -856.42  6544.0625  1.04702e+00  1.01977e+00  1.04791e+00  0.00000e+00
   -827.87  6544.6875  1.01563e+00  1.10288e+00  1.01643e+00  0.00000e+00
   -799.31  6545.3125  9.54119e-01  8.33712e-01  9.54359e-01  0.00000e+00
   -770.76  6545.9375  9.82808e-01  1.01537e+00  9.82023e-01  0.00000e+00
   -742.21  6546.5625  1.04911e+00  1.02349e+00  1.04800e+00  0.00000e+00
   -713.66  6547.1875  1.05501e+00  1.19115e+00  1.05477e+00  0.00000e+00
   -685.11  6547.8125  9.57949e-01  8.48020e-01  9.58652e-01  0.00000e+00
   -656.56  6548.4375  8.87232e-01  9.52436e-01  8.87220e-01  0.00000e+00
   -628.01  6549.0625  8.12329e-01  7.81598e-01  8.11220e-01  0.00000e+00
   -599.46  6549.6875  7.79241e-01  7.18859e-01  7.77851e-01  0.00000e+00
   -570.91  6550.3125  8.39923e-01  8.44633e-01  8.38751e-01  0.00000e+00
   -542.36  6550.9375  9.28930e-01  9.35303e-01  9.28452e-01  0.00000e+00
   -513.80  6551.5625  1.01863e+00  9.99861e-01  1.01826e+00  0.00000e+00
   -485.25  6552.1875  1.10619e+00  1.14379e+00  1.10557e+00  0.00000e+00
   -456.70  6552.8125  1.14588e+00  1.15750e+00  1.14547e+00  0.00000e+00
   -428.15  6553.4375  1.11902e+00  1.17044e+00  1.11887e+00  0.00000e+00
   -399.60  6554.0625  1.05461e+00  9.85914e-01  1.05444e+00  0.00000e+00
   -371.05  6554.6875  1.01311e+00  1.07846e+00  1.01310e+00  0.00000e+00
   -342.50  6555.3125  9.66651e-01  8.95466e-01  9.66887e-01  0.00000e+00
   -313.95  6555.9375  9.61751e-01  9.89650e-01  9.61914e-01  0.00000e+00
   -285.40  6556.5625  9.74475e-01  9.50863e-01  9.74440e-01  0.00000e+00
   -256.85  6557.1875  9.94657e-01  1.00880e+00  9.94694e-01  0.00000e+00
   -228.29  6557.8125  9.92148e-01  1.02158e+00  9.92246e-01  0.00000e+00
   -199.74  6558.4375  9.54858e-01  9.32773e-01  9.54834e-01  0.00000e+00
   -171.19  6559.0625  9.11440e-01  9.42896e-01  9.11438e-01  0.00000e+00
   -142.64  6559.6875  8.69761e-01  8.15695e-01  8.69590e-01  0.00000e+00
   -114.09  6560.3125  8.55757e-01  9.01248e-01  8.54946e-01  0.00000e+00
    -85.54  6560.9375  8.37342e-01  7.95331e-01  8.36262e-01  0.00000e+00
    -56.99  6561.5625  8.31794e-01  8.60372e-01  8.31141e-01  0.00000e+00
    -28.44  6562.1875  8.15131e-01  8.13354e-01  8.14626e-01  0.00000e+00
      0.11  6562.8125  8.22250e-01  7.59760e-01  8.21640e-01  0.00000e+00
     28.67  6563.4375  9.02543e-01  9.20636e-01  9.02132e-01  0.00000e+00
     57.22  6564.0625  9.98098e-01  9.87735e-01  9.97988e-01  0.00000e+00
     85.77  6564.6875  1.01628e+00  1.15923e+00  1.01666e+00  0.00000e+00
    114.32  6565.3125  9.27702e-01  7.93753e-01  9.28106e-01  0.00000e+00
    142.87  6565.9375  8.93292e-01  9.66306e-01  8.92848e-01  0.00000e+00
    171.42  6566.5625  9.36196e-01  7.63656e-01  9.34600e-01  0.00000e+00
    199.97  6567.1875  1.05063e+00  1.25013e+00  1.04880e+00  0.00000e+00
    228.52  6567.8125  1.03735e+00  9.77360e-01  1.03578e+00  0.00000e+00
    257.07  6568.4375  9.97128e-01  9.87065e-01  9.96156e-01  0.00000e+00
    285.62  6569.0625  1.03314e+00  9.72753e-01  1.03319e+00  0.00000e+00
    314.18  6569.6875  1.09525e+00  1.20010e+00  1.09614e+00  0.00000e+00
    342.73  6570.3125  1.06525e+00  1.04680e+00  1.06607e+00  0.00000e+00
    371.28  6570.9375  1.00047e+00  1.00006e+00  1.00052e+00  0.00000e+00
    399.83  6571.5625  9.76691e-01  9.18923e-01  9.75695e-01  0.00000e+00
    428.38  6572.1875  9.85253e-01  1.05898e+00  9.83833e-01  0.00000e+00
    456.93  6572.8125  9.22328e-01  9.44901e-01  9.21948e-01  0.00000e+00
    485.48  6573.4375  8.84757e-01  7.17220e-01  8.84914e-01  0.00000e+00
    514.03  6574.0625  9.88853e-01  1.09463e+00  9.88390e-01  0.00000e+00
    542.58  6574.6875  1.02515e+00  1.07248e+00  1.02470e+00  0.00000e+00
    571.13  6575.3125  9.60438e-01  9.27266e-01  9.61158e-01  0.00000e+00
    599.69  6575.9375  9.16596e-01  8.97716e-01  9.17664e-01  0.00000e+00
    628.24  6576.5625  8.78238e-01  9.46022e-01  8.78808e-01  0.00000e+00
    656.79  6577.1875  8.12931e-01  7.31166e-01  8.12935e-01  0.00000e+00
    685.34  6577.8125  8.30651e-01  7.99519e-01  8.30329e-01  0.00000e+00
    713.89  6578.4375  8.63745e-01  9.91765e-01  8.63447e-01  0.00000e+00
    742.44  6579.0625  8.18901e-01  6.97133e-01  8.18936e-01  0.00000e+00
    770.99  6579.6875  8.17402e-01  8.91963e-01  8.17292e-01  0.00000e+00
    799.54  6580.3125  8.39124e-01  7.50460e-01  8.39094e-01  0.00000e+00
    828.09  6580.9375  9.16028e-01  9.46831e-01  9.16286e-01  0.00000e+00
    856.65  6581.5625  9.51249e-01  1.04602e+00  9.51615e-01  0.00000e+00
    885.20  6582.1875  9.44055e-01  7.72367e-01  9.44653e-01  0.00000e+00
    913.75  6582.8125  1.02228e+00  1.16133e+00  1.02303e+00  0.00000e+00
    942.30  6583.4375  1.01029e+00  1.02490e+00  1.01090e+00  0.00000e+00
    970.85  6584.0625  9.57016e-01  8.62533e-01  9.57029e-01  0.00000e+00
    999.40  6584.6875  1.00410e+00  1.02179e+00  1.00374e+00  0.00000e+00
   1027.95  6585.3125  1.05809e+00  1.10039e+00  1.05781e+00  0.00000e+00
   1056.50  6585.9375  1.02943e+00  1.06024e+00  1.02941e+00  0.00000e+00
   1085.05  6586.5625  9.45739e-01  9.31422e-01  9.45388e-01  0.00000e+00
   1113.60  6587.1875  9.26484e-01  8.13648e-01  9.26338e-01  0.00000e+00
   1142.16  6587.8125  1.00130e+00  1.10364e+00  1.00206e+00  0.00000e+00
   1170.71  6588.4375  9.73226e-01  1.03636e+00  9.73768e-01  0.00000e+00
   1199.26  6589.0625  8.55579e-01  7.65088e-01  8.55724e-01  0.00000e+00
   1227.81  6589.6875  7.92324e-01  8.38118e-01  7.92666e-01  0.00000e+00
   1256.36  6590.3125  7.74809e-01  6.81091e-01  7.75251e-01  0.00000e+00
   1284.91  6590.9375  8.04574e-01  8.96056e-01  8.04612e-01  0.00000e+00
   1313.46  6591.5625  8.13651e-01  7.37750e-01  8.13106e-01  0.00000e+00
   1342.01  6592.1875  8.73084e-01  8.69117e-01  8.72275e-01  0.00000e+00
   1370.56  6592.8125  9.60432e-01  9.92788e-01  9.59646e-01  0.00000e+00
   1399.11  6593.4375  9.96500e-01  1.01736e+00  9.96336e-01  0.00000e+00
   1427.67  6594.0625  9.73651e-01  9.91059e-01  9.73364e-01  0.00000e+00
   1456.22  6594.6875  9.06069e-01  9.24409e-01  9.05783e-01  0.00000e+00
   1484.77  6595.3125  8.58696e-01  7.61757e-01  8.58907e-01  0.00000e+00
   1513.32  6595.9375  8.83852e-01  9.66021e-01  8.84162e-01  0.00000e+00
   1541.87  6596.5625  9.29000e-01  8.00051e-01  9.29382e-01  0.00000e+00
   1570.42  6597.1875  9.83205e-01  1.18374e+00  9.83623e-01  0.00000e+00
   1598.97  6597.8125  9.46304e-01  7.80486e-01  9.46770e-01  0.00000e+00
   1627.52  6598.4375  1.01436e+00  1.00549e+00  1.01460e+00  0.00000e+00
   1656.07  6599.0625  1.10599e+00  1.24254e+00  1.10599e+00  0.00000e+00
   1684.63  6599.6875  1.04359e+00  1.01770e+00  1.04415e+00  0.00000e+00
   1713.18  6600.3125  9.61521e-01  9.16465e-01  9.62546e-01  0.00000e+00
   1741.73  6600.9375  9.61075e-01  9.32909e-01  9.61956e-01  0.00000e+00
   1770.28  6601.5625  9.15215e-01  1.11252e+00  9.15358e-01  0.00000e+00
   1798.83  6602.1875  7.79394e-01  5.23998e-01  7.78364e-01  0.00000e+00
   1827.38  6602.8125  8.59872e-01  8.65320e-01  8.58229e-01  0.00000e+00
   1855.93  6603.4375  1.03045e+00  1.11079e+00  1.02903e+00  0.00000e+00
   1884.48  6604.0625  1.05620e+00  1.12909e+00  1.05499e+00  0.00000e+00
   1913.03  6604.6875  9.65010e-01  9.20046e-01  9.63818e-01  0.00000e+00
   1941.58  6605.3125  9.32999e-01  8.55087e-01  9.32629e-01  0.00000e+00
   1970.14  6605.9375  1.00391e+00  1.04659e+00  1.00468e+00  0.00000e+00
   1998.69  6606.5625  1.06443e+00  1.07062e+00  1.06505e+00  0.00000e+00
   2027.24  6607.1875  1.11842e+00  1.07536e+00  1.11832e+00  0.00000e+00
   2055.79  6607.8125  1.19685e+00  1.23487e+00  1.19671e+00  0.00000e+00
   2084.34  6608.4375  1.16705e+00  1.30814e+00  1.16718e+00  0.00000e+00
   2112.89  6609.0625  9.82563e-01  9.02665e-01  9.83095e-01  0.00000e+00
   2141.44  6609.6875  9.33285e-01  7.33480e-01  9.33656e-01  0.00000e+00
   2169.99  6610.3125  1.08890e+00  1.26516e+00  1.08891e+00  0.00000e+00
   2198.54  6610.9375  1.15409e+00  1.12003e+00  1.15375e+00  0.00000e+00
   2227.09  6611.5625  1.15724e+00  1.16275e+00  1.15704e+00  0.00000e+00
   2255.65  6612.1875  1.11001e+00  1.21012e+00  1.11000e+00  0.00000e+00
   2284.20  6612.8125  9.83867e-01  8.88413e-01  9.84252e-01  0.00000e+00
   2312.75  6613.4375  9.04036e-01  9.41439e-01  9.03872e-01  0.00000e+00
   2341.30  6614.0625  8.73710e-01  7.96761e-01  8.72765e-01  0.00000e+00
   2369.85  6614.6875  8.96486e-01  9.51223e-01  8.95714e-01  0.00000e+00
   2398.40  6615.3125  9.41475e-01  8.54512e-01  9.40819e-01  0.00000e+00
   2426.95  6615.9375  1.02092e+00  1.10539e+00  1.01990e+00  0.00000e+00
   2455.50  6616.5625  1.04849e+00  1.03557e+00  1.04709e+00  0.00000e+00
   2484.05  6617.1875  1.07996e+00  1.01752e+00  1.07867e+00  0.00000e+00
   2512.61  6617.8125  1.13891e+00  1.23475e+00  1.13790e+00  0.00000e+00
   2541.16  6618.4375  1.06785e+00  1.14126e+00  1.06698e+00  0.00000e+00
   2569.71  6619.0625  9.16628e-01  7.94352e-01  9.16464e-01  0.00000e+00
   2598.26  6619.6875  8.70221e-01  8.82705e-01  8.70592e-01  0.00000e+00
   2626.81  6620.3125  8.37667e-01  9.17730e-01  8.37706e-01  0.00000e+00
   2655.36  6620.9375  8.21844e-01  6.08433e-01  8.21364e-01  0.00000e+00
   2683.91  6621.5625  9.87267e-01  1.07034e+00  9.86316e-01  0.00000e+00
   2712.46  6622.1875  1.10172e+00  1.21761e+00  1.10064e+00  0.00000e+00
   2741.01  6622.8125  1.06996e+00  9.77317e-01  1.06938e+00  0.00000e+00
   2769.56  6623.4375  1.02173e+00  1.14253e+00  1.02139e+00  0.00000e+00
   2798.12  6624.0625  9.83770e-01  7.83634e-01  9.83447e-01  0.00000e+00
   2826.67  6624.6875  1.08408e+00  1.17414e+00  1.08473e+00  0.00000e+00
   2855.22  6625.3125  1.11242e+00  1.23317e+00  1.11319e+00  0.00000e+00
   2883.77  6625.9375  1.00843e+00  8.80099e-01  1.00823e+00  0.00000e+00
   2912.32  6626.5625  9.80743e-01  1.01271e+00  9.80584e-01  0.00000e+00
   2940.87  6627.1875  9.97042e-01  9.71809e-01  9.97539e-01  0.00000e+00
   2969.42  6627.8125  9.89311e-01  1.06779e+00  9.89798e-01  0.00000e+00
   2997.97  6628.4375  9.73762e-01  8.30278e-01  9.73712e-01  0.00000e+00
   3026.52  6629.0625  1.02074e+00  1.15273e+00  1.02045e+00  0.00000e+00
   3055.07  6629.6875  9.49803e-01  1.00397e+00  9.49079e-01  0.00000e+00
   3083.63  6630.3125  8.52163e-01  6.49692e-01  8.51590e-01  0.00000e+00
   3112.18  6630.9375  9.44949e-01  1.01089e+00  9.44882e-01  0.00000e+00
   3140.73  6631.5625  1.02197e+00  1.09997e+00  1.02189e+00  0.00000e+00
   3169.28  6632.1875  9.40173e-01  9.84720e-01  9.39668e-01  0.00000e+00
   3197.83  6632.8125  8.54400e-01  6.78713e-01  8.53403e-01  0.00000e+00
   3226.38  6633.4375  9.42086e-01  9.87836e-01  9.41314e-01  0.00000e+00
   3254.93  6634.0625  1.00983e+00  1.12286e+00  1.00973e+00  0.00000e+00
   3283.48  6634.6875  9.79797e-01  8.50743e-01  9.80601e-01  0.00000e+00
   3312.03  6635.3125  9.93585e-01  1.09042e+00  9.94580e-01  0.00000e+00
   3340.58  6635.9375  9.69158e-01  9.43751e-01  9.69105e-01  0.00000e+00
   3369.14  6636.5625  9.40273e-01  9.14122e-01  9.39933e-01  0.00000e+00
   3397.69  6637.1875  9.57820e-01  9.56801e-01  9.57151e-01  0.00000e+00
   3426.24  6637.8125  9.68730e-01  1.00666e+00  9.67940e-01  0.00000e+00
   3454.79  6638.4375  8.99524e-01  9.54007e-01  8.99474e-01  0.00000e+00
   3483.34  6639.0625  7.88649e-01  7.08703e-01  7.88643e-01  0.00000e+00
   3511.89  6639.6875  8.45130e-01  6.81351e-01  8.45056e-01  0.00000e+00
   3540.44  6640.3125  1.08242e+00  1.22155e+00  1.08239e+00  0.00000e+00
   3568.99  6640.9375  1.22874e+00  1.23881e+00  1.22819e+00  0.00000e+00
   3597.54  6641.5625  1.25164e+00  1.29637e+00  1.25036e+00  0.00000e+00
   3626.10  6642.1875  1.14844e+00  1.24743e+00  1.14727e+00  0.00000e+00
   3654.65  6642.8125  9.75024e-01  8.29657e-01  9.74018e-01  0.00000e+00
   3683.20  6643.4375  9.48692e-01  9.23683e-01  9.48213e-01  0.00000e+00
   3711.75  6644.0625  1.02076e+00  1.04817e+00  1.02068e+00  0.00000e+00
   3740.30  6644.6875  1.01740e+00  1.11910e+00  1.01744e+00  0.00000e+00
   3768.85  6645.3125  9.29372e-01  8.28897e-01  9.29859e-01  0.00000e+00
   3797.40  6645.9375  1.00416e+00  8.34338e-01  1.00474e+00  0.00000e+00
   3825.95  6646.5625  1.15447e+00  1.50735e+00  1.15501e+00  0.00000e+00
   3854.50  6647.1875  1.03891e+00  8.77092e-01  1.03984e+00  0.00000e+00
   3883.05  6647.8125  9.39206e-01  9.24460e-01  9.39634e-01  0.00000e+00
   3911.61  6648.4375  9.44572e-01  9.48510e-01  9.44092e-01  0.00000e+00
   3940.16  6649.0625  9.77448e-01  9.43095e-01  9.76901e-01  0.00000e+00
   3968.71  6649.6875  1.00436e+00  1.09166e+00  1.00400e+00  0.00000e+00
   3997.26  6650.3125  9.98448e-01  8.92753e-01  9.98408e-01  0.00000e+00
   4025.81  6650.9375  1.05491e+00  1.09508e+00  1.05509e+00  0.00000e+00
   4054.36  6651.5625  1.07936e+00  1.14983e+00  1.07940e+00  0.00000e+00
   4082.91  6652.1875  1.04448e+00  9.50283e-01  1.04448e+00  0.00000e+00
   4111.46  6652.8125  1.06307e+00  1.11141e+00  1.06296e+00  0.00000e+00
   4140.01  6653.4375  1.09318e+00  1.05515e+00  1.09279e+00  0.00000e+00
   4168.56  6654.0625  1.10818e+00  1.17244e+00  1.10746e+00  0.00000e+00
   4197.12  6654.6875  1.05377e+00  1.06839e+00  1.05334e+00  0.00000e+00
   4225.67  6655.3125  1.00799e+00  8.93443e-01  1.00772e+00  0.00000e+00
   4254.22  6655.9375  1.03458e+00  1.14927e+00  1.03402e+00  0.00000e+00
   4282.77  6656.5625  9.89447e-01  9.76737e-01  9.89015e-01  0.00000e+00
   4311.32  6657.1875  9.70050e-01  8.39987e-01  9.69563e-01  0.00000e+00
   4339.87  6657.8125  1.05041e+00  1.18041e+00  1.04961e+00  0.00000e+00
   4368.42  6658.4375  1.06471e+00  1.02185e+00  1.06457e+00  0.00000e+00
   4396.97  6659.0625  1.08363e+00  1.03774e+00  1.08437e+00  0.00000e+00
   4425.52  6659.6875  1.09111e+00  1.25599e+00  1.09147e+00  0.00000e+00
   4454.08  6660.3125  1.00979e+00  8.36683e-01  1.00967e+00  0.00000e+00
   4482.63  6660.9375  1.01019e+00  1.10152e+00  1.01010e+00  0.00000e+00
   4511.18  6661.5625  1.06658e+00  9.29633e-01  1.06640e+00  0.00000e+00
   4539.73  6662.1875  1.16721e+00  1.31529e+00  1.16679e+00  0.00000e+00
   4568.28  6662.8125  1.16198e+00  1.14057e+00  1.16243e+00  0.00000e+00
   4596.83  6663.4375  1.08707e+00  1.11153e+00  1.08813e+00  0.00000e+00
   4625.38  6664.0625  1.02508e+00  9.65704e-01  1.02590e+00  0.00000e+00
   4653.93  6664.6875  1.04994e+00  1.00769e+00  1.05028e+00  0.00000e+00
   4682.48  6665.3125  1.09015e+00  1.21846e+00  1.08989e+00  0.00000e+00
   4711.03  6665.9375  1.01997e+00  9.66933e-01  1.01887e+00  0.00000e+00
   4739.59  6666.5625  9.64524e-01  9.30596e-01  9.63040e-01  0.00000e+00
   4768.14  6667.1875  9.82718e-01  9.82504e-01  9.81684e-01  0.00000e+00
   4796.69  6667.8125  1.02612e+00  1.02050e+00  1.02542e+00  0.00000e+00
   4825.24  6668.4375  1.05804e+00  1.09133e+00  1.05735e+00  0.00000e+00
   4853.79  6669.0625  1.03980e+00  1.04652e+00  1.03935e+00  0.00000e+00
   4882.34  6669.6875  9.24007e-01  1.05508e+00  9.24296e-01  0.00000e+00
   4910.89  6670.3125  8.18837e-01  4.93015e-01  8.19137e-01  0.00000e+00
   4939.44  6670.9375  9.47361e-01  1.15439e+00  9.47132e-01  0.00000e+00
   4967.99  6671.5625  1.05884e+00  9.42925e-01  1.05824e+00  0.00000e+00
   4996.54  6672.1875  1.13518e+00  1.26580e+00  1.13490e+00  0.00000e+00
   5025.10  6672.8125  1.16057e+00  1.04740e+00  1.16075e+00  0.00000e+00
   5053.65  6673.4375  1.12681e+00  1.36268e+00  1.12678e+00  0.00000e+00
   5082.20  6674.0625  9.79657e-01  7.44820e-01  9.79559e-01  0.00000e+00
   5110.75  6674.6875  9.20395e-01  1.07098e+00  9.20117e-01  0.00000e+00
   5139.30  6675.3125  8.82194e-01  7.34052e-01  8.81998e-01  0.00000e+00
   5167.85  6675.9375  9.22936e-01  9.88858e-01  9.22873e-01  0.00000e+00
   5196.40  6676.5625  1.02717e+00  9.04819e-01  1.02748e+00  0.00000e+00
   5224.95  6677.1875  1.13102e+00  1.34851e+00  1.13179e+00  0.00000e+00
   5253.50  6677.8125  1.07425e+00  9.78212e-01  1.07477e+00  0.00000e+00
   5282.06  6678.4375  1.01601e+00  1.02184e+00  1.01593e+00  0.00000e+00
   5310.61  6679.0625  1.02497e+00  9.79454e-01  1.02489e+00  0.00000e+00
   5339.16  6679.6875  1.02679e+00  1.13874e+00  1.02663e+00  0.00000e+00
   5367.71  6680.3125  9.15868e-01  9.07623e-01  9.15723e-01  0.00000e+00
   5396.26  6680.9375  8.31281e-01  6.94138e-01  8.31424e-01  0.00000e+00
   5424.81  6681.5625  8.98597e-01  9.48540e-01  8.99350e-01  0.00000e+00
   5453.36  6682.1875  9.45981e-01  1.00957e+00  9.47294e-01  0.00000e+00
   5481.91  6682.8125  9.13170e-01  8.63335e-01  9.14428e-01  0.00000e+00
   5510.46  6683.4375  9.08828e-01  9.01536e-01  9.08986e-01  0.00000e+00
   5539.01  6684.0625  9.08749e-01  9.66944e-01  9.08932e-01  0.00000e+00
   5567.57  6684.6875  8.66902e-01  8.18702e-01  8.67914e-01  0.00000e+00
   5596.12  6685.3125  8.59736e-01  8.47763e-01  8.61398e-01  0.00000e+00
   5624.67  6685.9375  8.74027e-01  9.17705e-01  8.75506e-01  0.00000e+00
   5653.22  6686.5625  9.17250e-01  7.82090e-01  9.17748e-01  0.00000e+00
   5681.77  6687.1875  1.04074e+00  1.15990e+00  1.04013e+00  0.00000e+00
   5710.32  6687.8125  1.05837e+00  1.10576e+00  1.05767e+00  0.00000e+00
   5738.87  6688.4375  9.70196e-01  9.28047e-01  9.70959e-01  0.00000e+00
   5767.42  6689.0625  9.04253e-01  9.08697e-01  9.05393e-01  0.00000e+00
   5795.97  6689.6875  8.84724e-01  8.37479e-01  8.84813e-01  0.00000e+00
   5824.52  6690.3125  9.22082e-01  9.35554e-01  9.21154e-01  0.00000e+00
   5853.08  6690.9375  1.01383e+00  9.29186e-01  1.01288e+00  0.00000e+00
   5881.63  6691.5625  1.08350e+00  1.30310e+00  1.08297e+00  0.00000e+00
   5910.18  6692.1875  1.00046e+00  8.51926e-01  9.99730e-01  0.00000e+00
   5938.73  6692.8125  9.73583e-01  9.91317e-01  9.72235e-01  0.00000e+00
   5967.28  6693.4375  9.92096e-01  1.01685e+00  9.90566e-01  0.00000e+00
   5995.83  6694.0625  9.88162e-01  9.56667e-01  9.87531e-01  0.00000e+00
   6024.38  6694.6875  9.63181e-01  1.04804e+00  9.63379e-01  0.00000e+00
   6052.93  6695.3125  9.19666e-01  7.89635e-01  9.19465e-01  0.00000e+00
   6081.48  6695.9375  9.54511e-01  1.03037e+00  9.53762e-01  0.00000e+00
   6110.04  6696.5625  9.87977e-01  9.49138e-01  9.87235e-01  0.00000e+00
   6138.59  6697.1875  1.03359e+00  1.02872e+00  1.03349e+00  0.00000e+00
   6167.14  6697.8125  1.08325e+00  1.11856e+00  1.08384e+00  0.00000e+00
   6195.69  6698.4375  1.06059e+00  1.11278e+00  1.06131e+00  0.00000e+00
   6224.24  6699.0625  9.85021e-01  9.21383e-01  9.85104e-01  0.00000e+00
   6252.79  6699.6875  9.56771e-01  9.67674e-01  9.56270e-01  0.00000e+00
   6281.34  6700.3125  9.82226e-01  9.28929e-01  9.81596e-01  0.00000e+00
   6309.89  6700.9375  1.04970e+00  1.08746e+00  1.04959e+00  0.00000e+00
   6338.44  6701.5625  1.06894e+00  1.12036e+00  1.06935e+00  0.00000e+00
   6366.99  6702.1875  1.03110e+00  9.79721e-01  1.03171e+00  0.00000e+00
   6395.55  6702.8125  1.04663e+00  1.00975e+00  1.04718e+00  0.00000e+00
   6424.10  6703.4375  1.05196e+00  1.20307e+00  1.05223e+00  0.00000e+00
   6452.65  6704.0625  9.31774e-01  8.47738e-01  9.32277e-01  0.00000e+00
   6481.20  6704.6875  8.57334e-01  8.20205e-01  8.58319e-01  0.00000e+00
   6509.75  6705.3125  9.06154e-01  8.58045e-01  9.07240e-01  0.00000e+00
   6538.30  6705.9375  1.00920e+00  1.06320e+00  1.01012e+00  0.00000e+00
   6566.85  6706.5625  1.03123e+00  1.10548e+00  1.03157e+00  0.00000e+00
   6595.40  6707.1875  1.02378e+00  8.49604e-01  1.02353e+00  0.00000e+00
   6623.95  6707.8125  1.11167e+00  1.26001e+00  1.11120e+00  0.00000e+00
   6652.50  6708.4375  1.09967e+00  1.10801e+00  1.09958e+00  0.00000e+00
   6681.06  6709.0625  9.91552e-01  9.95472e-01  9.91296e-01  0.00000e+00
   6709.61  6709.6875  8.99404e-01  8.48038e-01  8.99038e-01  0.00000e+00
   6738.16  6710.3125  8.82452e-01  8.70397e-01  8.82735e-01  0.00000e+00
   6766.71  6710.9375  9.38811e-01  8.92872e-01  9.39434e-01  0.00000e+00
   6795.26  6711.5625  1.02707e+00  1.08571e+00  1.02717e+00  0.00000e+00
   6823.81  6712.1875  1.01851e+00  1.10000e+00  1.01832e+00  0.00000e+00
   6852.36  6712.8125  9.22396e-01  8.33731e-01  9.22540e-01  0.00000e+00
   6880.91  6713.4375  9.18204e-01  8.74253e-01  9.18593e-01  0.00000e+00
   6909.46  6714.0625  9.85553e-01  1.04395e+00  9.85847e-01  0.00000e+00
   6938.02  6714.6875  9.57290e-01  1.04204e+00  9.57333e-01  0.00000e+00
   6966.57  6715.3125  8.55029e-01  7.31864e-01  8.55420e-01  0.00000e+00
   6995.12  6715.9375  8.36412e-01  8.80421e-01  8.37436e-01  0.00000e+00
   7023.67  6716.5625  8.31001e-01  8.40250e-01  8.32135e-01  0.00000e+00
   7052.22  6717.1875  8.83302e-01  7.23851e-01  8.83825e-01  0.00000e+00
   7080.77  6717.8125  1.05745e+00  1.19129e+00  1.05781e+00  0.00000e+00
   7109.32  6718.4375  1.11036e+00  1.18026e+00  1.11182e+00  0.00000e+00
   7137.87  6719.0625  1.04734e+00  9.53500e-01  1.04838e+00  0.00000e+00
   7166.42  6719.6875  1.00726e+00  1.10604e+00  1.00746e+00  0.00000e+00
   7194.97  6720.3125  9.66363e-01  8.32201e-01  9.66485e-01  0.00000e+00
   7223.53  6720.9375  9.60255e-01  1.11406e+00  9.59841e-01  0.00000e+00
   7252.08  6721.5625  9.29756e-01  7.55635e-01  9.29534e-01  0.00000e+00
   7280.63  6722.1875  9.97869e-01  1.07672e+00  9.98369e-01  0.00000e+00
   7309.18  6722.8125  1.09713e+00  1.02598e+00  1.09741e+00  0.00000e+00
   7337.73  6723.4375  1.12343e+00  1.33718e+00  1.12299e+00  0.00000e+00
   7366.28  6724.0625  9.74338e-01  8.60406e-01  9.73630e-01  0.00000e+00
   7394.83  6724.6875  8.66008e-01  8.43061e-01  8.65024e-01  0.00000e+00
   7423.38  6725.3125  8.85494e-01  8.26439e-01  8.84696e-01  0.00000e+00
   7451.93  6725.9375  9.84619e-01  1.01052e+00  9.83794e-01  0.00000e+00
   7480.48  6726.5625  1.04919e+00  1.10414e+00  1.04869e+00  0.00000e+00
   7509.04  6727.1875  9.77538e-01  1.06259e+00  9.77878e-01  0.00000e+00
   7537.59  6727.8125  8.19200e-01  7.27420e-01  8.19944e-01  0.00000e+00
   7566.14  6728.4375  8.20915e-01  6.62571e-01  8.21674e-01  0.00000e+00
   7594.69  6729.0625  9.88803e-01  1.15105e+00  9.89895e-01  0.00000e+00
   7623.24  6729.6875  1.03900e+00  1.03696e+00  1.04042e+00  0.00000e+00
   7651.79  6730.3125  9.72399e-01  1.01763e+00  9.72994e-01  0.00000e+00
   7680.34  6730.9375  8.74769e-01  8.23256e-01  8.74799e-01  0.00000e+00
   7708.89  6731.5625  8.52496e-01  7.88603e-01  8.52691e-01  0.00000e+00
   7737.44  6732.1875  8.61693e-01  1.00954e+00  8.62090e-01  0.00000e+00
   7765.99  6732.8125  8.24170e-01  6.39025e-01  8.24618e-01  0.00000e+00
   7794.55  6733.4375  9.03470e-01  9.73239e-01  9.03455e-01  0.00000e+00
   7823.10  6734.0625  9.94576e-01  9.99902e-01  9.94335e-01  0.00000e+00
   7851.65  6734.6875  1.04672e+00  1.03301e+00  1.04690e+00  0.00000e+00
   7880.20  6735.3125  1.04779e+00  1.16272e+00  1.04821e+00  0.00000e+00
   7908.75  6735.9375  1.00622e+00  8.26165e-01  1.00667e+00  0.00000e+00
   7937.30  6736.5625  1.01927e+00  1.21959e+00  1.01999e+00  0.00000e+00
   7965.85  6737.1875  9.61097e-01  8.07588e-01  9.62004e-01  0.00000e+00
   7994.40  6737.8125  9.44004e-01  1.02267e+00  9.44592e-01  0.00000e+00
   8022.95  6738.4375  9.08699e-01  9.16468e-01  9.08913e-01  0.00000e+00
   8051.51  6739.0625  9.06638e-01  7.55849e-01  9.07305e-01  0.00000e+00
   8080.06  6739.6875  1.00098e+00  1.16673e+00  1.00214e+00  0.00000e+00
   8108.61  6740.3125  1.02555e+00  9.24997e-01  1.02684e+00  0.00000e+00
   8137.16  6740.9375  1.06216e+00  1.10013e+00  1.06302e+00  0.00000e+00
   8165.71  6741.5625  1.05254e+00  1.14617e+00  1.05288e+00  0.00000e+00
   8194.26  6742.1875  1.00308e+00  8.25897e-01  1.00330e+00  0.00000e+00
   8222.81  6742.8125  1.07277e+00  1.16764e+00  1.07295e+00  0.00000e+00
   8251.36  6743.4375  1.10428e+00  1.13985e+00  1.10439e+00  0.00000e+00
   8279.91  6744.0625  1.12098e+00  9.68890e-01  1.12060e+00  0.00000e+00
   8308.46  6744.6875  1.17177e+00  1.41335e+00  1.17126e+00  0.00000e+00
   8337.02  6745.3125  1.04545e+00  9.58568e-01  1.04495e+00  0.00000e+00
   8365.57  6745.9375  9.16929e-01  8.77872e-01  9.16433e-01  0.00000e+00
   8394.12  6746.5625  8.90544e-01  8.88949e-01  8.90415e-01  0.00000e+00
   8422.67  6747.1875  9.66122e-01  8.38476e-01  9.65918e-01  0.00000e+00
   8451.22  6747.8125  1.11971e+00  1.27090e+00  1.11935e+00  0.00000e+00
   8479.77  6748.4375  1.10666e+00  1.18157e+00  1.10689e+00  0.00000e+00
   8508.32  6749.0625  9.66422e-01  8.66981e-01  9.67038e-01  0.00000e+00
   8536.87  6749.6875  9.09501e-01  9.06990e-01  9.10073e-01  0.00000e+00
   8565.42  6750.3125  9.05867e-01  9.18280e-01  9.06338e-01  0.00000e+00
   8593.97  6750.9375  8.81182e-01  9.00897e-01  8.81133e-01  0.00000e+00
   8622.53  6751.5625  8.66114e-01  7.90244e-01  8.65776e-01  0.00000e+00
   8651.08  6752.1875  8.94335e-01  9.69443e-01  8.94024e-01  0.00000e+00
   8679.63  6752.8125  8.70737e-01  8.68773e-01  8.70585e-01  0.00000e+00
   8708.18  6753.4375  8.39148e-01  7.84285e-01  8.39552e-01  0.00000e+00
   8736.73  6754.0625  8.66600e-01  8.89531e-01  8.67102e-01  0.00000e+00
   8765.28  6754.6875  9.09888e-01  8.82766e-01  9.09899e-01  0.00000e+00
   8793.83  6755.3125  9.26143e-01  1.02147e+00  9.26383e-01  0.00000e+00
   8822.38  6755.9375  9.45102e-01  7.47269e-01  9.46182e-01  0.00000e+00
   8850.93  6756.5625  1.06727e+00  1.24083e+00  1.06857e+00  0.00000e+00
   8879.49  6757.1875  1.09863e+00  1.05822e+00  1.09938e+00  0.00000e+00
   8908.04  6757.8125  1.07469e+00  1.09183e+00  1.07543e+00  0.00000e+00
   8936.59  6758.4375  1.04078e+00  1.04783e+00  1.04160e+00  0.00000e+00
   8965.14  6759.0625  9.69957e-01  1.00507e+00  9.70569e-01  0.00000e+00
   8993.69  6759.6875  8.91007e-01  8.16883e-01  8.91201e-01  0.00000e+00
   9022.24  6760.3125  8.69703e-01  9.05534e-01  8.69835e-01  0.00000e+00
   9050.79  6760.9375  8.74025e-01  8.20492e-01  8.74566e-01  0.00000e+00
   9079.34  6761.5625  8.83786e-01  9.66247e-01  8.84241e-01  0.00000e+00
   9107.89  6762.1875  8.71657e-01  7.74176e-01  8.71442e-01  0.00000e+00
   9136.44  6762.8125  9.05465e-01  9.67542e-01  9.04587e-01  0.00000e+00
   9165.00  6763.4375  9.35747e-01  8.91528e-01  9.34847e-01  0.00000e+00
   9193.55  6764.0625  9.27399e-01  1.03840e+00  9.26314e-01  0.00000e+00
   9222.10  6764.6875  8.65943e-01  7.45938e-01  8.64461e-01  0.00000e+00
   9250.65  6765.3125  8.59795e-01  9.27795e-01  8.59004e-01  0.00000e+00
   9279.20  6765.9375  8.69740e-01  8.05562e-01  8.69670e-01  0.00000e+00
   9307.75  6766.5625  9.11562e-01  9.43367e-01  9.11117e-01  0.00000e+00
   9336.30  6767.1875  9.87328e-01  9.14533e-01  9.86784e-01  0.00000e+00
   9364.85  6767.8125  1.06447e+00  1.19495e+00  1.06417e+00  0.00000e+00
   9393.40  6768.4375  1.02982e+00  1.00588e+00  1.02982e+00  0.00000e+00
   9421.95  6769.0625  1.02522e+00  8.90110e-01  1.02529e+00  0.00000e+00
   9450.51  6769.6875  1.08259e+00  1.29851e+00  1.08294e+00  0.00000e+00
   9479.06  6770.3125  9.88388e-01  9.04980e-01  9.88961e-01  0.00000e+00
   9507.61  6770.9375  9.29866e-01  8.41912e-01  9.30319e-01  0.00000e+00
   9536.16  6771.5625  9.90105e-01  1.06016e+00  9.89951e-01  0.00000e+00
   9564.71  6772.1875  1.01643e+00  1.00685e+00  1.01547e+00  0.00000e+00
   9593.26  6772.8125  9.77820e-01  1.05038e+00  9.76413e-01  0.00000e+00
   9621.81  6773.4375  9.45209e-01  7.68775e-01  9.44108e-01  0.00000e+00
   9650.36  6774.0625  9.82726e-01  1.19830e+00  9.81844e-01  0.00000e+00
   9678.91  6774.6875  9.91370e-01  7.26931e-01  9.90750e-01  0.00000e+00
   9707.47  6775.3125  1.10844e+00  1.30423e+00  1.10754e+00  0.00000e+00
   9736.02  6775.9375  1.11752e+00  1.12828e+00  1.11678e+00  0.00000e+00
   9764.57  6776.5625  1.11104e+00  9.18378e-01  1.11125e+00  0.00000e+00
   9793.12  6777.1875  1.19678e+00  1.45005e+00  1.19764e+00  0.00000e+00
   9821.67  6777.8125  1.11452e+00  1.03582e+00  1.11559e+00  0.00000e+00
   9850.22  6778.4375  1.07702e+00  9.24449e-01  1.07773e+00  0.00000e+00
   9878.77  6779.0625  1.18260e+00  1.34838e+00  1.18320e+00  0.00000e+00
   9907.32  6779.6875  1.17865e+00  1.15242e+00  1.17949e+00  0.00000e+00
   9935.87  6780.3125  1.11348e+00  1.11177e+00  1.11382e+00  0.00000e+00
   9964.42  6780.9375  1.03933e+00  1.07803e+00  1.03822e+00  0.00000e+00
   9992.98  6781.5625  9.49697e-01  8.91409e-01  9.47879e-01  0.00000e+00
  10021.53  6782.1875  8.92990e-01  9.32780e-01  8.91883e-01  0.00000e+00
  10050.08  6782.8125  8.64320e-01  7.83113e-01  8.64128e-01  0.00000e+00
  10078.63  6783.4375  8.85487e-01  9.49665e-01  8.85794e-01  0.00000e+00
  10107.18  6784.0625  9.09075e-01  8.37144e-01  9.09314e-01  0.00000e+00
  10135.73  6784.6875  9.39517e-01  1.03479e+00  9.40009e-01  0.00000e+00
  10164.28  6785.3125  9.63806e-01  8.23988e-01  9.64326e-01  0.00000e+00
  10192.83  6785.9375  1.02356e+00  1.18308e+00  1.02439e+00  0.00000e+00
  10221.38  6786.5625  9.76375e-01  9.40771e-01  9.77464e-01  0.00000e+00
  10249.93  6787.1875  9.27924e-01  8.49910e-01  9.28909e-01  0.00000e+00
  10278.49  6787.8125  9.31981e-01  1.04994e+00  9.32648e-01  0.00000e+00
  10307.04  6788.4375  8.92860e-01  7.80621e-01  8.92535e-01  0.00000e+00
  10335.59  6789.0625  8.85722e-01  9.67285e-01  8.85013e-01  0.00000e+00
  10364.14  6789.6875  8.57653e-01  8.24485e-01  8.57256e-01  0.00000e+00
  10392.69  6790.3125  8.83191e-01  7.82328e-01  8.82666e-01  0.00000e+00
  10421.24  6790.9375  9.58970e-01  1.13826e+00  9.58307e-01  0.00000e+00
  10449.79  6791.5625  9.73033e-01  7.69170e-01  9.73181e-01  0.00000e+00
  10478.34  6792.1875  1.01325e+00  1.25928e+00  1.01382e+00  0.00000e+00
  10506.89  6792.8125  9.98778e-01  7.32931e-01  9.99185e-01  0.00000e+00
  10535.45  6793.4375  1.09048e+00  1.26093e+00  1.09040e+00  0.00000e+00
  10564.00  6794.0625  1.06564e+00  1.14480e+00  1.06494e+00  0.00000e+00
  10592.55  6794.6875  9.45395e-01  7.65061e-01  9.45089e-01  0.00000e+00
  10621.10  6795.3125  9.27636e-01  1.07190e+00  9.27935e-01  0.00000e+00
  10649.65  6795.9375  8.90127e-01  7.82436e-01  8.90509e-01  0.00000e+00
  10678.20  6796.5625  9.20123e-01  9.12669e-01  9.20506e-01  0.00000e+00
  10706.75  6797.1875  1.02888e+00  1.01018e+00  1.02945e+00  0.00000e+00
  10735.30  6797.8125  1.11296e+00  1.20503e+00  1.11379e+00  0.00000e+00
  10763.85  6798.4375  1.05178e+00  1.11174e+00  1.05252e+00  0.00000e+00
  10792.40  6799.0625  9.01142e-01  8.21792e-01  9.01709e-01  0.00000e+00
  10820.96  6799.6875  7.85185e-01  8.45874e-01  7.85803e-01  0.00000e+00
  10849.51  6800.3125  7.23755e-01  5.73722e-01  7.24415e-01  0.00000e+00
  10878.06  6800.9375  8.00326e-01  8.52436e-01  8.00864e-01  0.00000e+00
  10906.61  6801.5625  9.50669e-01  8.52928e-01  9.51411e-01  0.00000e+00
  10935.16  6802.1875  1.11198e+00  1.26418e+00  1.11274e+00  0.00000e+00
  10963.71  6802.8125  1.11740e+00  1.13367e+00  1.11786e+00  0.00000e+00
  10992.26  6803.4375  1.02016e+00  1.01439e+00  1.02070e+00  0.00000e+00
  11020.81  6804.0625  9.96367e-01  8.58914e-01  9.97233e-01  0.00000e+00
  11049.36  6804.6875  1.10449e+00  1.19152e+00  1.10531e+00  0.00000e+00
  11077.91  6805.3125  1.14348e+00  1.20593e+00  1.14423e+00  0.00000e+00
  11106.47  6805.9375  1.07531e+00  1.03439e+00  1.07589e+00  0.00000e+00
  11135.02  6806.5625  1.01962e+00  1.02383e+00  1.01992e+00  0.00000e+00
  11163.57  6807.1875  1.00311e+00  9.63551e-01  1.00281e+00  0.00000e+00
  11192.12  6807.8125  1.00263e+00  1.06588e+00  1.00211e+00  0.00000e+00
  11220.67  6808.4375  9.90496e-01  9.08127e-01  9.89743e-01  0.00000e+00
  11249.22  6809.0625  1.02804e+00  1.06259e+00  1.02697e+00  0.00000e+00
  11277.77  6809.6875  1.02926e+00  1.09475e+00  1.02871e+00  0.00000e+00
  11306.32  6810.3125  9.63340e-01  9.04747e-01  9.62973e-01  0.00000e+00
  11334.87  6810.9375  9.78021e-01  8.98714e-01  9.77671e-01  0.00000e+00
  11363.43  6811.5625  1.05279e+00  1.18995e+00  1.05316e+00  0.00000e+00
  11391.98  6812.1875  1.06013e+00  9.46357e-01  1.06095e+00  0.00000e+00
  11420.53  6812.8125  1.07085e+00  1.18133e+00  1.07192e+00  0.00000e+00
  11449.08  6813.4375  9.94034e-01  1.00705e+00  9.94493e-01  0.00000e+00
  11477.63  6814.0625  9.00545e-01  7.95541e-01  9.00318e-01  0.00000e+00
  11506.18  6814.6875  9.33890e-01  9.34908e-01  9.32871e-01  0.00000e+00
  11534.73  6815.3125  1.00372e+00  1.04103e+00  1.00201e+00  0.00000e+00
  11563.28  6815.9375  9.73105e-01  1.06445e+00  9.71117e-01  0.00000e+00
  11591.83  6816.5625  8.38654e-01  7.73187e-01  8.37218e-01  0.00000e+00
  11620.38  6817.1875  7.67451e-01  7.19908e-01  7.66748e-01  0.00000e+00
  11648.94  6817.8125  8.58088e-01  7.52020e-01  8.57212e-01  0.00000e+00
  11677.49  6818.4375  1.05654e+00  1.15557e+00  1.05576e+00  0.00000e+00
  11706.04  6819.0625  1.10304e+00  1.24801e+00  1.10260e+00  0.00000e+00
  11734.59  6819.6875  9.52411e-01  8.69356e-01  9.52146e-01  0.00000e+00
  11763.14  6820.3125  8.71012e-01  7.87361e-01  8.70667e-01  0.00000e+00
  11791.69  6820.9375  9.29111e-01  9.59690e-01  9.28914e-01  0.00000e+00
  11820.24  6821.5625  1.00232e+00  9.94650e-01  1.00246e+00  0.00000e+00
  11848.79  6822.1875  1.02540e+00  1.09994e+00  1.02509e+00  0.00000e+00
  11877.34  6822.8125  9.77820e-01  9.41624e-01  9.76937e-01  0.00000e+00
  11905.89  6823.4375  9.86940e-01  8.91780e-01  9.86158e-01  0.00000e+00
  11934.45  6824.0625  1.06324e+00  1.19733e+00  1.06246e+00  0.00000e+00
  11963.00  6824.6875  1.06257e+00  9.95980e-01  1.06215e+00  0.00000e+00
  11991.55  6825.3125  1.10353e+00  1.04032e+00  1.10337e+00  0.00000e+00
  12020.10  6825.9375  1.13854e+00  1.35347e+00  1.13843e+00  0.00000e+00
  12048.65  6826.5625  1.01260e+00  8.76238e-01  1.01271e+00  0.00000e+00
  12077.20  6827.1875  9.75063e-01  9.10166e-01  9.74856e-01  0.00000e+00
  12105.75  6827.8125  1.02618e+00  1.15501e+00  1.02640e+00  0.00000e+00
  12134.30  6828.4375  1.02667e+00  8.94077e-01  1.02713e+00  0.00000e+00
  12162.85  6829.0625  1.06537e+00  1.16918e+00  1.06518e+00  0.00000e+00
  12191.40  6829.6875  1.05443e+00  1.03428e+00  1.05410e+00  0.00000e+00
  12219.96  6830.3125  1.02338e+00  1.00547e+00  1.02371e+00  0.00000e+00
  12248.51  6830.9375  1.03594e+00  1.01825e+00  1.03650e+00  0.00000e+00
  12277.06  6831.5625  1.08454e+00  1.07832e+00  1.08444e+00  0.00000e+00
  12305.61  6832.1875  1.09784e+00  1.19118e+00  1.09748e+00  0.00000e+00
  12334.16  6832.8125  1.02812e+00  9.69260e-01  1.02797e+00  0.00000e+00
  12362.71  6833.4375  1.00503e+00  9.61172e-01  1.00538e+00  0.00000e+00
  12391.26  6834.0625  1.03897e+00  1.09899e+00  1.04015e+00  0.00000e+00
  12419.81  6834.6875  1.06233e+00  9.94520e-01  1.06396e+00  0.00000e+00
  12448.36  6835.3125  1.12555e+00  1.14446e+00  1.12690e+00  0.00000e+00
  12476.92  6835.9375  1.13528e+00  1.25250e+00  1.13509e+00  0.00000e+00
  12505.47  6836.5625  1.05266e+00  9.33690e-01  1.05205e+00  0.00000e+00
  12534.02  6837.1875  1.06458e+00  1.04262e+00  1.06490e+00  0.00000e+00
  12562.57  6837.8125  1.07711e+00  1.24445e+00  1.07777e+00  0.00000e+00
  12591.12  6838.4375  9.65120e-01  8.30501e-01  9.66144e-01  0.00000e+00
  12619.67  6839.0625  9.37146e-01  9.35106e-01  9.37953e-01  0.00000e+00
  12648.22  6839.6875  1.05729e+00  9.36443e-01  1.05690e+00  0.00000e+00
  12676.77  6840.3125  1.25663e+00  1.39537e+00  1.25553e+00  0.00000e+00
  12705.32  6840.9375  1.28010e+00  1.39217e+00  1.27932e+00  0.00000e+00
  12733.87  6841.5625  1.14617e+00  1.02108e+00  1.14470e+00  0.00000e+00
  12762.43  6842.1875  1.04811e+00  1.14880e+00  1.04697e+00  0.00000e+00
  12790.98  6842.8125  9.40505e-01  8.55252e-01  9.40257e-01  0.00000e+00
  12819.53  6843.4375  8.98773e-01  8.83780e-01  8.98474e-01  0.00000e+00
  12848.08  6844.0625  9.19575e-01  9.27435e-01  9.18962e-01  0.00000e+00
  12876.63  6844.6875  9.32380e-01  9.53458e-01  9.31700e-01  0.00000e+00
  12905.18  6845.3125  9.64597e-01  8.72988e-01  9.64511e-01  0.00000e+00
  12933.73  6845.9375  1.04193e+00  1.14942e+00  1.04205e+00  0.00000e+00
  12962.28  6846.5625  1.05493e+00  1.01729e+00  1.05444e+00  0.00000e+00
  12990.83  6847.1875  1.07667e+00  1.03880e+00  1.07593e+00  0.00000e+00
  13019.38  6847.8125  1.12290e+00  1.19560e+00  1.12224e+00  0.00000e+00
  13047.94  6848.4375  1.07939e+00  1.11052e+00  1.07902e+00  0.00000e+00
  13076.49  6849.0625  9.85071e-01  9.30175e-01  9.85115e-01  0.00000e+00
  13105.04  6849.6875  9.51109e-01  9.37537e-01  9.51614e-01  0.00000e+00
  13133.59  6850.3125  9.68174e-01  9.65737e-01  9.68897e-01  0.00000e+00
  13162.14  6850.9375  9.86850e-01  1.01182e+00  9.87058e-01  0.00000e+00
  13190.69  6851.5625  1.03087e+00  9.31393e-01  1.03074e+00  0.00000e+00
  13219.24  6852.1875  1.12992e+00  1.23517e+00  1.12981e+00  0.00000e+00
  13247.79  6852.8125  1.16701e+00  1.13319e+00  1.16678e+00  0.00000e+00
  13276.34  6853.4375  1.15984e+00  1.20735e+00  1.15910e+00  0.00000e+00
  13304.90  6854.0625  1.10541e+00  1.10552e+00  1.10509e+00  0.00000e+00
  13333.45  6854.6875  1.01951e+00  1.03186e+00  1.01995e+00  0.00000e+00
  13362.00  6855.3125  9.80081e-01  8.70561e-01  9.79994e-01  0.00000e+00
  13390.55  6855.9375  1.04049e+00  1.10124e+00  1.04031e+00  0.00000e+00
  13419.10  6856.5625  1.05587e+00  1.11232e+00  1.05592e+00  0.00000e+00
  13447.65  6857.1875  1.04002e+00  9.10083e-01  1.04051e+00  0.00000e+00
  13476.20  6857.8125  1.13097e+00  1.17830e+00  1.13162e+00  0.00000e+00
  13504.75  6858.4375  1.20454e+00  1.25365e+00  1.20480e+00  0.00000e+00
  13533.30  6859.0625  1.16225e+00  1.20776e+00  1.16204e+00  0.00000e+00
  13561.85  6859.6875  1.05613e+00  1.00623e+00  1.05614e+00  0.00000e+00
  13590.41  6860.3125  9.63295e-01  1.00923e+00  9.63846e-01  0.00000e+00
  13618.96  6860.9375  9.06060e-01  7.94009e-01  9.06579e-01  0.00000e+00
  13647.51  6861.5625  9.65719e-01  9.71658e-01  9.65899e-01  0.00000e+00
  13676.06  6862.1875  1.03243e+00  1.11961e+00  1.03231e+00  0.00000e+00
  13704.61  6862.8125  1.01309e+00  9.64818e-01  1.01303e+00  0.00000e+00
  13733.16  6863.4375  1.02017e+00  9.93517e-01  1.01984e+00  0.00000e+00
  13761.71  6864.0625  1.06875e+00  1.09912e+00  1.06778e+00  0.00000e+00
  13790.26  6864.6875  1.05929e+00  1.12149e+00  1.05849e+00  0.00000e+00
  13818.81  6865.3125  9.93046e-01  9.20593e-01  9.93264e-01  0.00000e+00
  13847.36  6865.9375  9.84967e-01  9.85088e-01  9.85247e-01  0.00000e+00
  13875.92  6866.5625  1.03091e+00  1.01560e+00  1.03039e+00  0.00000e+00
  13904.47  6867.1875  1.13480e+00  1.06359e+00  1.13343e+00  0.00000e+00
  13933.02  6867.8125  1.20433e+00  1.44266e+00  1.20236e+00  0.00000e+00
  13961.57  6868.4375  1.10818e+00  9.24903e-01  1.10645e+00  0.00000e+00
  13990.12  6869.0625  1.07574e+00  1.14464e+00  1.07438e+00  0.00000e+00
  14018.67  6869.6875  1.10259e+00  1.01476e+00  1.10168e+00  0.00000e+00
  14047.22  6870.3125  1.11804e+00  1.27769e+00  1.11743e+00  0.00000e+00
  14075.77  6870.9375  1.03207e+00  9.26606e-01  1.03191e+00  0.00000e+00
  14104.32  6871.5625  9.50113e-01  1.02929e+00  9.50536e-01  0.00000e+00
  14132.88  6872.1875  9.11807e-01  7.58251e-01  9.12271e-01  0.00000e+00
  14161.43  6872.8125  9.84744e-01  1.06418e+00  9.84786e-01  0.00000e+00
  14189.98  6873.4375  1.02573e+00  1.05803e+00  1.02553e+00  0.00000e+00
  14218.53  6874.0625  1.03536e+00  9.39594e-01  1.03520e+00  0.00000e+00
  14247.08  6874.6875  1.08471e+00  1.19018e+00  1.08443e+00  0.00000e+00
  14275.63  6875.3125  1.02880e+00  1.07083e+00  1.02861e+00  0.00000e+00
  14304.18  6875.9375  9.23209e-01  8.09618e-01  9.22716e-01  0.00000e+00
  14332.73  6876.5625  9.11069e-01  9.60311e-01  9.10358e-01  0.00000e+00
  14361.28  6877.1875  9.18084e-01  8.91143e-01  9.17737e-01  0.00000e+00
  14389.83  6877.8125  9.44057e-01  9.25844e-01  9.44654e-01  0.00000e+00
  14418.39  6878.4375  9.79602e-01  1.03267e+00  9.80747e-01  0.00000e+00
  14446.94  6879.0625  1.00127e+00  9.19451e-01  1.00166e+00  0.00000e+00
  14475.49  6879.6875  1.02566e+00  1.15908e+00  1.02558e+00  0.00000e+00
  14504.04  6880.3125  1.01507e+00  8.43443e-01  1.01503e+00  0.00000e+00
  14532.59  6880.9375  1.00216e+00  1.26497e+00  1.00221e+00  0.00000e+00
  14561.14  6881.5625  8.52666e-01  6.61859e-01  8.53018e-01  0.00000e+00
  14589.69  6882.1875  7.85703e-01  8.18924e-01  7.85750e-01  0.00000e+00
  14618.24  6882.8125  8.13813e-01  7.61895e-01  8.13089e-01  0.00000e+00
  14646.79  6883.4375  9.09122e-01  8.84978e-01  9.08150e-01  0.00000e+00
  14675.34  6884.0625  1.00449e+00  1.10774e+00  1.00390e+00  0.00000e+00
  14703.90  6884.6875  9.90087e-01  9.72264e-01  9.89532e-01  0.00000e+00
  14732.45  6885.3125  9.54009e-01  9.27298e-01  9.53662e-01  0.00000e+00
  14761.00  6885.9375  9.68522e-01  9.57188e-01  9.68691e-01  0.00000e+00
  14789.55  6886.5625  1.02255e+00  1.00743e+00  1.02298e+00  0.00000e+00
  14818.10  6887.1875  1.06777e+00  1.12634e+00  1.06873e+00  0.00000e+00
  14846.65  6887.8125  1.03006e+00  1.05876e+00  1.03111e+00  0.00000e+00
  14875.20  6888.4375  9.68035e-01  8.79599e-01  9.68493e-01  0.00000e+00
  14903.75  6889.0625  9.34639e-01  1.06187e+00  9.34002e-01  0.00000e+00
  14932.30  6889.6875  9.12099e-01  6.97125e-01  9.11054e-01  0.00000e+00
  14960.86  6890.3125  1.04561e+00  1.13371e+00  1.04463e+00  0.00000e+00
  14989.41  6890.9375  1.13270e+00  1.22665e+00  1.13195e+00  0.00000e+00
  15017.96  6891.5625  1.08688e+00  1.02334e+00  1.08688e+00  0.00000e+00
  15046.51  6892.1875  1.07166e+00  1.06353e+00  1.07180e+00  0.00000e+00
  15075.06  6892.8125  1.11679e+00  1.08801e+00  1.11605e+00  0.00000e+00
  15103.61  6893.4375  1.14116e+00  1.25329e+00  1.14002e+00  0.00000e+00
  15132.16  6894.0625  1.07059e+00  1.01333e+00  1.07000e+00  0.00000e+00
  15160.71  6894.6875  1.04972e+00  9.79171e-01  1.05011e+00  0.00000e+00
  15189.26  6895.3125  1.10732e+00  1.18360e+00  1.10798e+00  0.00000e+00
  15217.81  6895.9375  1.09504e+00  1.11384e+00  1.09458e+00  0.00000e+00
  15246.37  6896.5625  9.95211e-01  1.03327e+00  9.94102e-01  0.00000e+00
  15274.92  6897.1875  9.18160e-01  7.71711e-01  9.17286e-01  0.00000e+00
  15303.47  6897.8125  9.84759e-01  1.02826e+00  9.84178e-01  0.00000e+00
  15332.02  6898.4375  1.04602e+00  1.10471e+00  1.04569e+00  0.00000e+00
  15360.57  6899.0625  1.01793e+00  9.98941e-01  1.01749e+00  0.00000e+00
  15389.12  6899.6875  9.67547e-01  9.89906e-01  9.67235e-01  0.00000e+00
  15417.67  6900.3125  9.56006e-01  8.56957e-01  9.56032e-01  0.00000e+00
  15446.22  6900.9375  1.03854e+00  1.07786e+00  1.03857e+00  0.00000e+00
  15474.77  6901.5625  1.10417e+00  1.14601e+00  1.10341e+00  0.00000e+00
  15503.32  6902.1875  1.11683e+00  1.07281e+00  1.11572e+00  0.00000e+00
  15531.88  6902.8125  1.10817e+00  1.20119e+00  1.10771e+00  0.00000e+00
  15560.43  6903.4375  1.06160e+00  9.61154e-01  1.06164e+00  0.00000e+00
  15588.98  6904.0625  1.08495e+00  1.09548e+00  1.08475e+00  0.00000e+00
  15617.53  6904.6875  1.10893e+00  1.18739e+00  1.10876e+00  0.00000e+00
  15646.08  6905.3125  1.09686e+00  9.70039e-01  1.09752e+00  0.00000e+00
  15674.63  6905.9375  1.11615e+00  1.27170e+00  1.11698e+00  0.00000e+00
  15703.18  6906.5625  1.08111e+00  9.45154e-01  1.08186e+00  0.00000e+00
  15731.73  6907.1875  1.07030e+00  1.18195e+00  1.07088e+00  0.00000e+00
  15760.28  6907.8125  1.00930e+00  9.80943e-01  1.00960e+00  0.00000e+00
  15788.84  6908.4375  9.94164e-01  8.67925e-01  9.93916e-01  0.00000e+00
  15817.39  6909.0625  1.06072e+00  1.22956e+00  1.06056e+00  0.00000e+00
  15845.94  6909.6875  1.01831e+00  9.50716e-01  1.01833e+00  0.00000e+00
  15874.49  6910.3125  9.26717e-01  9.96880e-01  9.27042e-01  0.00000e+00
  15903.04  6910.9375  8.14542e-01  7.57301e-01  8.15449e-01  0.00000e+00
  15931.59  6911.5625  7.91132e-01  7.01239e-01  7.92382e-01  0.00000e+00
  15960.14  6912.1875  8.79815e-01  9.46872e-01  8.80587e-01  0.00000e+00
  15988.69  6912.8125  9.44117e-01  9.29538e-01  9.44064e-01  0.00000e+00
  16017.24  6913.4375  9.82287e-01  9.93086e-01  9.81822e-01  0.00000e+00
  16045.79  6914.0625  9.94666e-01  1.02624e+00  9.94085e-01  0.00000e+00
  16074.35  6914.6875  9.76831e-01  9.42832e-01  9.76261e-01  0.00000e+00
  16102.90  6915.3125  9.45199e-01  1.01959e+00  9.44763e-01  0.00000e+00
  16131.45  6915.9375  9.29872e-01  7.66206e-01  9.29457e-01  0.00000e+00
  16160.00  6916.5625  1.01972e+00  1.12939e+00  1.02005e+00  0.00000e+00
  16188.55  6917.1875  1.01154e+00  1.09421e+00  1.01210e+00  0.00000e+00
  16217.10  6917.8125  8.76558e-01  8.12030e-01  8.76417e-01  0.00000e+00
  16245.65  6918.4375  8.66483e-01  7.05746e-01  8.65544e-01  0.00000e+00
  16274.20  6919.0625  1.01879e+00  1.16500e+00  1.01790e+00  0.00000e+00
  16302.75  6919.6875  1.07328e+00  1.07866e+00  1.07269e+00  0.00000e+00
  16331.30  6920.3125  1.05497e+00  1.02680e+00  1.05486e+00  0.00000e+00
  16359.86  6920.9375  1.08093e+00  1.05382e+00  1.08112e+00  0.00000e+00
  16388.41  6921.5625  1.13050e+00  1.17811e+00  1.13066e+00  0.00000e+00
  16416.96  6922.1875  1.11607e+00  1.14548e+00  1.11598e+00  0.00000e+00
  16445.51  6922.8125  1.04007e+00  1.03388e+00  1.03943e+00  0.00000e+00
  16474.06  6923.4375  9.90330e-01  9.28076e-01  9.89691e-01  0.00000e+00
  16502.61  6924.0625  1.00982e+00  1.03009e+00  1.01004e+00  0.00000e+00
  16531.16  6924.6875  9.79918e-01  1.09677e+00  9.80143e-01  0.00000e+00
  16559.71  6925.3125  9.66641e-01  6.54171e-01  9.66626e-01  0.00000e+00
  16588.26  6925.9375  1.17011e+00  1.38018e+00  1.16998e+00  0.00000e+00
  16616.81  6926.5625  1.25408e+00  1.29373e+00  1.25401e+00  0.00000e+00
  16645.37  6927.1875  1.15346e+00  1.17934e+00  1.15337e+00  0.00000e+00
  16673.92  6927.8125  1.01568e+00  9.72872e-01  1.01536e+00  0.00000e+00
  16702.47  6928.4375  9.68657e-01  8.82192e-01  9.67888e-01  0.00000e+00
  16731.02  6929.0625  1.01969e+00  1.09168e+00  1.01847e+00  0.00000e+00
  16759.57  6929.6875  1.04799e+00  1.01478e+00  1.04727e+00  0.00000e+00
  16788.12  6930.3125  1.06857e+00  1.08817e+00  1.06860e+00  0.00000e+00
  16816.67  6930.9375  1.09190e+00  1.07001e+00  1.09178e+00  0.00000e+00
  16845.22  6931.5625  1.09694e+00  1.15843e+00  1.09656e+00  0.00000e+00
  16873.77  6932.1875  1.03141e+00  1.02658e+00  1.03089e+00  0.00000e+00
  16902.33  6932.8125  8.81537e-01  9.85738e-01  8.81452e-01  0.00000e+00
  16930.88  6933.4375  7.53231e-01  4.82935e-01  7.53536e-01  0.00000e+00
  16959.43  6934.0625  8.39509e-01  9.74355e-01  8.39400e-01  0.00000e+00
  16987.98  6934.6875  8.84049e-01  9.24896e-01  8.83478e-01  0.00000e+00
  17016.53  6935.3125  8.47714e-01  7.71653e-01  8.47354e-01  0.00000e+00
  17045.08  6935.9375  8.88522e-01  8.78418e-01  8.88403e-01  0.00000e+00
  17073.63  6936.5625  9.65185e-01  9.96867e-01  9.65359e-01  0.00000e+00
  17102.18  6937.1875  9.50511e-01  1.05270e+00  9.51369e-01  0.00000e+00
  17130.73  6937.8125  8.59335e-01  7.27584e-01  8.60078e-01  0.00000e+00
  17159.28  6938.4375  8.66793e-01  8.93013e-01  8.66666e-01  0.00000e+00
  17187.84  6939.0625  9.43968e-01  8.94951e-01  9.43434e-01  0.00000e+00
  17216.39  6939.6875  1.04089e+00  1.09642e+00  1.04115e+00  0.00000e+00
  17244.94  6940.3125  1.08538e+00  1.09918e+00  1.08648e+00  0.00000e+00
  17273.49  6940.9375  1.09975e+00  1.06064e+00  1.10092e+00  0.00000e+00
  17302.04  6941.5625  1.10190e+00  1.19789e+00  1.10274e+00  0.00000e+00
  17330.59  6942.1875  1.06630e+00  9.48594e-01  1.06666e+00  0.00000e+00
  17359.14  6942.8125  1.05233e+00  1.18578e+00  1.05145e+00  0.00000e+00
  17387.69  6943.4375  9.66122e-01  8.98081e-01  9.65254e-01  0.00000e+00
  17416.24  6944.0625  8.40852e-01  9.39164e-01  8.40939e-01  0.00000e+00
  17444.79  6944.6875  7.44999e-01  5.38734e-01  7.45204e-01  0.00000e+00
  17473.35  6945.3125  8.42796e-01  8.81985e-01  8.43004e-01  0.00000e+00
  17501.90  6945.9375  9.91675e-01  1.01931e+00  9.91998e-01  0.00000e+00
  17530.45  6946.5625  1.05886e+00  1.10715e+00  1.05895e+00  0.00000e+00
  17559.00  6947.1875  1.06226e+00  1.02549e+00  1.06199e+00  0.00000e+00
  17587.55  6947.8125  1.03883e+00  1.12382e+00  1.03869e+00  0.00000e+00
  17616.10  6948.4375  1.01521e+00  8.51999e-01  1.01445e+00  0.00000e+00
  17644.65  6949.0625  1.04237e+00  1.23982e+00  1.04124e+00  0.00000e+00
  17673.20  6949.6875  9.67224e-01  8.66156e-01  9.67126e-01  0.00000e+00
