# day003  epoch=3.0d  L_Halpha=1.530e+27 erg/s  smooth_kms=25.0
# Columns:
#   1: Δv [km/s]      velocity offset from Hα (6562.81 Å), positive = redshift
#   2: lambda [Å]     observed wavelength
#   3: F_norm         total flux, smoothed, normalized to F_cont_baseline
#   4: F_norm_raw     total flux, RAW MC (no velocity smoothing)
#   5: F_cont_smooth  continuum-channel flux (continuum photons only)
#   6: F_vol_smooth   volumetric-channel flux (line emission contribution)
# Format: F_norm ≈ F_cont_smooth + F_vol_smooth (within MC noise)
# ----------------------------------------------------------------------------------------
 -16559.48  6200.3125  1.14793e+00  1.12846e+00  1.14787e+00  0.00000e+00
 -16530.93  6200.9375  1.16681e+00  1.19365e+00  1.16673e+00  0.00000e+00
 -16502.38  6201.5625  1.12995e+00  1.18585e+00  1.12949e+00  0.00000e+00
 -16473.83  6202.1875  1.03362e+00  9.84256e-01  1.03273e+00  0.00000e+00
 -16445.28  6202.8125  9.83339e-01  9.57198e-01  9.82733e-01  0.00000e+00
 -16416.73  6203.4375  9.80732e-01  1.00687e+00  9.81041e-01  0.00000e+00
 -16388.18  6204.0625  9.64476e-01  9.55417e-01  9.64388e-01  0.00000e+00
 -16359.63  6204.6875  9.28322e-01  9.68650e-01  9.27667e-01  0.00000e+00
 -16331.08  6205.3125  9.70261e-01  7.48916e-01  9.70208e-01  0.00000e+00
 -16302.53  6205.9375  1.15254e+00  1.36888e+00  1.15277e+00  0.00000e+00
 -16273.97  6206.5625  1.18268e+00  1.17589e+00  1.18236e+00  0.00000e+00
 -16245.42  6207.1875  1.09276e+00  1.10380e+00  1.09282e+00  0.00000e+00
 -16216.87  6207.8125  1.02145e+00  9.65479e-01  1.02193e+00  0.00000e+00
 -16188.32  6208.4375  1.05859e+00  9.84762e-01  1.05851e+00  0.00000e+00
 -16159.77  6209.0625  1.13642e+00  1.29035e+00  1.13591e+00  0.00000e+00
 -16131.22  6209.6875  1.10002e+00  1.03167e+00  1.09991e+00  0.00000e+00
 -16102.67  6210.3125  1.11046e+00  1.02441e+00  1.11045e+00  0.00000e+00
 -16074.12  6210.9375  1.17565e+00  1.33929e+00  1.17460e+00  0.00000e+00
 -16045.57  6211.5625  1.13096e+00  1.04299e+00  1.12927e+00  0.00000e+00
 -16017.01  6212.1875  1.11367e+00  1.10178e+00  1.11255e+00  0.00000e+00
 -15988.46  6212.8125  1.14365e+00  1.16660e+00  1.14316e+00  0.00000e+00
 -15959.91  6213.4375  1.10979e+00  1.18541e+00  1.10904e+00  0.00000e+00
 -15931.36  6214.0625  1.00754e+00  9.34109e-01  1.00718e+00  0.00000e+00
 -15902.81  6214.6875  9.85177e-01  9.34861e-01  9.85029e-01  0.00000e+00
 -15874.26  6215.3125  1.03614e+00  1.09690e+00  1.03599e+00  0.00000e+00
 -15845.71  6215.9375  1.05509e+00  1.02868e+00  1.05537e+00  0.00000e+00
 -15817.16  6216.5625  1.06810e+00  1.07315e+00  1.06870e+00  0.00000e+00
 -15788.61  6217.1875  1.04909e+00  1.12236e+00  1.04925e+00  0.00000e+00
 -15760.06  6217.8125  1.01734e+00  8.65987e-01  1.01675e+00  0.00000e+00
 -15731.50  6218.4375  1.05401e+00  1.20025e+00  1.05328e+00  0.00000e+00
 -15702.95  6219.0625  9.84318e-01  9.87525e-01  9.84211e-01  0.00000e+00
 -15674.40  6219.6875  8.53878e-01  8.10928e-01  8.54468e-01  0.00000e+00
 -15645.85  6220.3125  7.94588e-01  7.59470e-01  7.94914e-01  0.00000e+00
 -15617.30  6220.9375  8.02468e-01  8.14597e-01  8.02142e-01  0.00000e+00
 -15588.75  6221.5625  8.41394e-01  8.00444e-01  8.41018e-01  0.00000e+00
 -15560.20  6222.1875  9.18347e-01  9.31825e-01  9.18287e-01  0.00000e+00
 -15531.65  6222.8125  9.60614e-01  1.02768e+00  9.60308e-01  0.00000e+00
 -15503.10  6223.4375  9.08113e-01  9.11778e-01  9.08092e-01  0.00000e+00
 -15474.55  6224.0625  8.74701e-01  7.62558e-01  8.74782e-01  0.00000e+00
 -15445.99  6224.6875  9.35410e-01  1.02150e+00  9.35422e-01  0.00000e+00
 -15417.44  6225.3125  9.63889e-01  9.36765e-01  9.63875e-01  0.00000e+00
 -15388.89  6225.9375  9.51485e-01  1.00288e+00  9.51255e-01  0.00000e+00
 -15360.34  6226.5625  9.31378e-01  8.50464e-01  9.31863e-01  0.00000e+00
 -15331.79  6227.1875  9.60675e-01  1.00919e+00  9.61557e-01  0.00000e+00
 -15303.24  6227.8125  9.92179e-01  9.61371e-01  9.92503e-01  0.00000e+00
 -15274.69  6228.4375  1.05039e+00  1.02671e+00  1.05001e+00  0.00000e+00
 -15246.14  6229.0625  1.11094e+00  1.18206e+00  1.10978e+00  0.00000e+00
 -15217.59  6229.6875  1.04608e+00  1.12987e+00  1.04501e+00  0.00000e+00
 -15189.03  6230.3125  9.18011e-01  7.67191e-01  9.17718e-01  0.00000e+00
 -15160.48  6230.9375  9.31393e-01  9.43191e-01  9.31827e-01  0.00000e+00
 -15131.93  6231.5625  1.02054e+00  1.01203e+00  1.02138e+00  0.00000e+00
 -15103.38  6232.1875  1.07621e+00  1.15147e+00  1.07682e+00  0.00000e+00
 -15074.83  6232.8125  1.08893e+00  9.99908e-01  1.08923e+00  0.00000e+00
 -15046.28  6233.4375  1.14799e+00  1.18599e+00  1.14809e+00  0.00000e+00
 -15017.73  6234.0625  1.14413e+00  1.25864e+00  1.14401e+00  0.00000e+00
 -14989.18  6234.6875  1.06656e+00  8.97178e-01  1.06654e+00  0.00000e+00
 -14960.63  6235.3125  1.07740e+00  1.18845e+00  1.07736e+00  0.00000e+00
 -14932.08  6235.9375  1.05179e+00  1.03189e+00  1.05153e+00  0.00000e+00
 -14903.52  6236.5625  1.00369e+00  9.84826e-01  1.00310e+00  0.00000e+00
 -14874.97  6237.1875  1.00738e+00  9.74265e-01  1.00698e+00  0.00000e+00
 -14846.42  6237.8125  1.03404e+00  1.08682e+00  1.03374e+00  0.00000e+00
 -14817.87  6238.4375  9.83839e-01  1.03015e+00  9.82923e-01  0.00000e+00
 -14789.32  6239.0625  8.69680e-01  8.28330e-01  8.68849e-01  0.00000e+00
 -14760.77  6239.6875  8.42949e-01  7.34300e-01  8.43534e-01  0.00000e+00
 -14732.22  6240.3125  9.16333e-01  1.03190e+00  9.17845e-01  0.00000e+00
 -14703.67  6240.9375  9.26877e-01  8.84459e-01  9.28211e-01  0.00000e+00
 -14675.12  6241.5625  9.02718e-01  9.47914e-01  9.03914e-01  0.00000e+00
 -14646.57  6242.1875  8.87594e-01  8.05174e-01  8.88247e-01  0.00000e+00
 -14618.01  6242.8125  9.14889e-01  9.86496e-01  9.14448e-01  0.00000e+00
 -14589.46  6243.4375  9.25500e-01  8.75184e-01  9.24534e-01  0.00000e+00
 -14560.91  6244.0625  9.59268e-01  9.63268e-01  9.58708e-01  0.00000e+00
 -14532.36  6244.6875  1.00081e+00  1.02682e+00  1.00120e+00  0.00000e+00
 -14503.81  6245.3125  1.02083e+00  9.96252e-01  1.02150e+00  0.00000e+00
 -14475.26  6245.9375  1.04307e+00  1.07107e+00  1.04322e+00  0.00000e+00
 -14446.71  6246.5625  1.07511e+00  1.01149e+00  1.07482e+00  0.00000e+00
 -14418.16  6247.1875  1.08584e+00  1.24421e+00  1.08541e+00  0.00000e+00
 -14389.61  6247.8125  1.02736e+00  8.49148e-01  1.02758e+00  0.00000e+00
 -14361.06  6248.4375  1.04692e+00  1.15670e+00  1.04701e+00  0.00000e+00
 -14332.50  6249.0625  1.03679e+00  1.01387e+00  1.03709e+00  0.00000e+00
 -14303.95  6249.6875  1.00130e+00  9.96022e-01  1.00182e+00  0.00000e+00
 -14275.40  6250.3125  1.00662e+00  9.66092e-01  1.00588e+00  0.00000e+00
 -14246.85  6250.9375  1.04904e+00  1.07922e+00  1.04744e+00  0.00000e+00
 -14218.30  6251.5625  1.03594e+00  1.11230e+00  1.03454e+00  0.00000e+00
 -14189.75  6252.1875  1.01273e+00  8.24774e-01  1.01161e+00  0.00000e+00
 -14161.20  6252.8125  1.09684e+00  1.25663e+00  1.09551e+00  0.00000e+00
 -14132.65  6253.4375  1.09672e+00  1.06992e+00  1.09590e+00  0.00000e+00
 -14104.10  6254.0625  1.06401e+00  1.02764e+00  1.06413e+00  0.00000e+00
 -14075.54  6254.6875  1.08954e+00  1.08632e+00  1.08978e+00  0.00000e+00
 -14046.99  6255.3125  1.09759e+00  1.17944e+00  1.09766e+00  0.00000e+00
 -14018.44  6255.9375  1.07274e+00  9.42710e-01  1.07292e+00  0.00000e+00
 -13989.89  6256.5625  1.08109e+00  1.24086e+00  1.08071e+00  0.00000e+00
 -13961.34  6257.1875  1.05933e+00  8.75980e-01  1.05848e+00  0.00000e+00
 -13932.79  6257.8125  1.10680e+00  1.24296e+00  1.10642e+00  0.00000e+00
 -13904.24  6258.4375  1.07918e+00  1.08278e+00  1.07986e+00  0.00000e+00
 -13875.69  6259.0625  1.03403e+00  9.33570e-01  1.03515e+00  0.00000e+00
 -13847.14  6259.6875  1.14983e+00  1.08278e+00  1.15026e+00  0.00000e+00
 -13818.59  6260.3125  1.29214e+00  1.49992e+00  1.29209e+00  0.00000e+00
 -13790.03  6260.9375  1.22828e+00  1.17705e+00  1.22822e+00  0.00000e+00
 -13761.48  6261.5625  1.05010e+00  1.15581e+00  1.04979e+00  0.00000e+00
 -13732.93  6262.1875  8.52788e-01  6.86406e-01  8.52394e-01  0.00000e+00
 -13704.38  6262.8125  7.65500e-01  8.55966e-01  7.65209e-01  0.00000e+00
 -13675.83  6263.4375  7.46540e-01  5.95975e-01  7.46395e-01  0.00000e+00
 -13647.28  6264.0625  8.81028e-01  8.75031e-01  8.81344e-01  0.00000e+00
 -13618.73  6264.6875  1.06924e+00  1.13430e+00  1.07002e+00  0.00000e+00
 -13590.18  6265.3125  1.12837e+00  1.21439e+00  1.12920e+00  0.00000e+00
 -13561.63  6265.9375  1.05456e+00  1.01746e+00  1.05424e+00  0.00000e+00
 -13533.08  6266.5625  9.67145e-01  9.88808e-01  9.65798e-01  0.00000e+00
 -13504.52  6267.1875  9.46244e-01  8.17743e-01  9.44818e-01  0.00000e+00
 -13475.97  6267.8125  1.03285e+00  1.11435e+00  1.03244e+00  0.00000e+00
 -13447.42  6268.4375  1.04377e+00  1.12275e+00  1.04433e+00  0.00000e+00
 -13418.87  6269.0625  9.65092e-01  8.56301e-01  9.66172e-01  0.00000e+00
 -13390.32  6269.6875  9.03910e-01  1.04197e+00  9.05049e-01  0.00000e+00
 -13361.77  6270.3125  8.48355e-01  6.37865e-01  8.49454e-01  0.00000e+00
 -13333.22  6270.9375  9.59323e-01  1.01124e+00  9.60471e-01  0.00000e+00
 -13304.67  6271.5625  1.06859e+00  1.15885e+00  1.06958e+00  0.00000e+00
 -13276.12  6272.1875  1.02584e+00  1.04124e+00  1.02667e+00  0.00000e+00
 -13247.56  6272.8125  9.46862e-01  8.78734e-01  9.47465e-01  0.00000e+00
 -13219.01  6273.4375  9.39558e-01  9.47128e-01  9.39859e-01  0.00000e+00
 -13190.46  6274.0625  9.32729e-01  9.95856e-01  9.32922e-01  0.00000e+00
 -13161.91  6274.6875  9.70767e-01  7.42415e-01  9.71308e-01  0.00000e+00
 -13133.36  6275.3125  1.13826e+00  1.36066e+00  1.13912e+00  0.00000e+00
 -13104.81  6275.9375  1.12610e+00  1.16733e+00  1.12661e+00  0.00000e+00
 -13076.26  6276.5625  1.02426e+00  8.60960e-01  1.02480e+00  0.00000e+00
 -13047.71  6277.1875  9.95938e-01  1.18456e+00  9.96265e-01  0.00000e+00
 -13019.16  6277.8125  8.78477e-01  7.82131e-01  8.78287e-01  0.00000e+00
 -12990.61  6278.4375  8.72142e-01  7.07226e-01  8.71706e-01  0.00000e+00
 -12962.05  6279.0625  9.94741e-01  1.24174e+00  9.93966e-01  0.00000e+00
 -12933.50  6279.6875  1.00836e+00  8.09586e-01  1.00739e+00  0.00000e+00
 -12904.95  6280.3125  1.07742e+00  1.18516e+00  1.07653e+00  0.00000e+00
 -12876.40  6280.9375  1.11258e+00  1.11124e+00  1.11240e+00  0.00000e+00
 -12847.85  6281.5625  1.04742e+00  1.13129e+00  1.04795e+00  0.00000e+00
 -12819.30  6282.1875  9.99920e-01  7.79385e-01  1.00044e+00  0.00000e+00
 -12790.75  6282.8125  1.15448e+00  1.20772e+00  1.15484e+00  0.00000e+00
 -12762.20  6283.4375  1.21177e+00  1.48595e+00  1.21206e+00  0.00000e+00
 -12733.65  6284.0625  1.04024e+00  7.66640e-01  1.04046e+00  0.00000e+00
 -12705.10  6284.6875  9.93748e-01  1.11207e+00  9.94326e-01  0.00000e+00
 -12676.54  6285.3125  9.54868e-01  9.44636e-01  9.55386e-01  0.00000e+00
 -12647.99  6285.9375  9.10572e-01  8.43005e-01  9.10683e-01  0.00000e+00
 -12619.44  6286.5625  9.96378e-01  9.29785e-01  9.96679e-01  0.00000e+00
 -12590.89  6287.1875  1.16394e+00  1.23966e+00  1.16467e+00  0.00000e+00
 -12562.34  6287.8125  1.22315e+00  1.30772e+00  1.22322e+00  0.00000e+00
 -12533.79  6288.4375  1.15940e+00  1.10738e+00  1.15856e+00  0.00000e+00
 -12505.24  6289.0625  1.14774e+00  1.08245e+00  1.14755e+00  0.00000e+00
 -12476.69  6289.6875  1.19016e+00  1.28949e+00  1.19115e+00  0.00000e+00
 -12448.14  6290.3125  1.12098e+00  1.16446e+00  1.12170e+00  0.00000e+00
 -12419.58  6290.9375  1.03933e+00  8.62937e-01  1.03856e+00  0.00000e+00
 -12391.03  6291.5625  1.10065e+00  1.20174e+00  1.09904e+00  0.00000e+00
 -12362.48  6292.1875  1.10202e+00  1.15005e+00  1.10113e+00  0.00000e+00
 -12333.93  6292.8125  9.65874e-01  1.00558e+00  9.66018e-01  0.00000e+00
 -12305.38  6293.4375  8.51631e-01  6.66531e-01  8.52549e-01  0.00000e+00
 -12276.83  6294.0625  8.83118e-01  1.01594e+00  8.84158e-01  0.00000e+00
 -12248.28  6294.6875  9.22581e-01  7.91199e-01  9.23036e-01  0.00000e+00
 -12219.73  6295.3125  9.73732e-01  1.13181e+00  9.74074e-01  0.00000e+00
 -12191.18  6295.9375  1.00011e+00  8.05099e-01  1.00024e+00  0.00000e+00
 -12162.63  6296.5625  1.07130e+00  1.28268e+00  1.07101e+00  0.00000e+00
 -12134.07  6297.1875  1.04758e+00  9.22673e-01  1.04744e+00  0.00000e+00
 -12105.52  6297.8125  1.03499e+00  1.08598e+00  1.03524e+00  0.00000e+00
 -12076.97  6298.4375  9.77302e-01  1.06113e+00  9.77442e-01  0.00000e+00
 -12048.42  6299.0625  8.75718e-01  7.16110e-01  8.75947e-01  0.00000e+00
 -12019.87  6299.6875  8.97018e-01  9.64567e-01  8.97289e-01  0.00000e+00
 -11991.32  6300.3125  9.78515e-01  8.77315e-01  9.78687e-01  0.00000e+00
 -11962.77  6300.9375  1.06595e+00  1.22484e+00  1.06643e+00  0.00000e+00
 -11934.22  6301.5625  1.05157e+00  9.64147e-01  1.05205e+00  0.00000e+00
 -11905.67  6302.1875  1.03199e+00  1.08082e+00  1.03188e+00  0.00000e+00
 -11877.12  6302.8125  1.00761e+00  9.86322e-01  1.00678e+00  0.00000e+00
 -11848.56  6303.4375  9.86280e-01  9.88036e-01  9.85011e-01  0.00000e+00
 -11820.01  6304.0625  1.01227e+00  9.47441e-01  1.01087e+00  0.00000e+00
 -11791.46  6304.6875  1.10505e+00  1.13398e+00  1.10335e+00  0.00000e+00
 -11762.91  6305.3125  1.15868e+00  1.22220e+00  1.15689e+00  0.00000e+00
 -11734.36  6305.9375  1.09027e+00  1.12689e+00  1.08985e+00  0.00000e+00
 -11705.81  6306.5625  9.43398e-01  9.27889e-01  9.44487e-01  0.00000e+00
 -11677.26  6307.1875  8.18853e-01  7.86002e-01  8.20094e-01  0.00000e+00
 -11648.71  6307.8125  8.42115e-01  6.73758e-01  8.42908e-01  0.00000e+00
 -11620.16  6308.4375  9.90107e-01  1.19105e+00  9.90626e-01  0.00000e+00
 -11591.60  6309.0625  1.00268e+00  9.56036e-01  1.00287e+00  0.00000e+00
 -11563.05  6309.6875  9.79378e-01  9.44116e-01  9.79020e-01  0.00000e+00
 -11534.50  6310.3125  9.76668e-01  1.06134e+00  9.75882e-01  0.00000e+00
 -11505.95  6310.9375  9.45825e-01  8.42061e-01  9.45256e-01  0.00000e+00
 -11477.40  6311.5625  9.74871e-01  1.02061e+00  9.74344e-01  0.00000e+00
 -11448.85  6312.1875  9.99279e-01  1.00939e+00  9.99024e-01  0.00000e+00
 -11420.30  6312.8125  1.02462e+00  9.56356e-01  1.02524e+00  0.00000e+00
 -11391.75  6313.4375  1.07846e+00  1.16692e+00  1.07914e+00  0.00000e+00
 -11363.20  6314.0625  1.03721e+00  1.06890e+00  1.03764e+00  0.00000e+00
 -11334.65  6314.6875  9.30330e-01  8.90683e-01  9.31230e-01  0.00000e+00
 -11306.09  6315.3125  9.22726e-01  8.03787e-01  9.23517e-01  0.00000e+00
 -11277.54  6315.9375  1.02750e+00  1.14082e+00  1.02766e+00  0.00000e+00
 -11248.99  6316.5625  1.03722e+00  1.06518e+00  1.03660e+00  0.00000e+00
 -11220.44  6317.1875  9.39726e-01  9.48675e-01  9.39260e-01  0.00000e+00
 -11191.89  6317.8125  8.30458e-01  8.02872e-01  8.30170e-01  0.00000e+00
 -11163.34  6318.4375  8.30610e-01  6.99134e-01  8.29513e-01  0.00000e+00
 -11134.79  6319.0625  9.93835e-01  1.03600e+00  9.92866e-01  0.00000e+00
 -11106.24  6319.6875  1.11354e+00  1.22198e+00  1.11302e+00  0.00000e+00
 -11077.69  6320.3125  1.03854e+00  1.09360e+00  1.03846e+00  0.00000e+00
 -11049.14  6320.9375  9.11212e-01  7.62835e-01  9.11691e-01  0.00000e+00
 -11020.58  6321.5625  9.13554e-01  9.62170e-01  9.13895e-01  0.00000e+00
 -10992.03  6322.1875  9.02068e-01  9.65468e-01  9.01596e-01  0.00000e+00
 -10963.48  6322.8125  8.07205e-01  7.69005e-01  8.06422e-01  0.00000e+00
 -10934.93  6323.4375  7.64134e-01  6.89468e-01  7.64232e-01  0.00000e+00
 -10906.38  6324.0625  7.79593e-01  8.93383e-01  7.80222e-01  0.00000e+00
 -10877.83  6324.6875  8.07065e-01  6.08365e-01  8.07186e-01  0.00000e+00
 -10849.28  6325.3125  9.61379e-01  1.07305e+00  9.60714e-01  0.00000e+00
 -10820.73  6325.9375  1.02804e+00  1.13224e+00  1.02734e+00  0.00000e+00
 -10792.18  6326.5625  1.02688e+00  7.96841e-01  1.02587e+00  0.00000e+00
 -10763.62  6327.1875  1.13464e+00  1.35385e+00  1.13350e+00  0.00000e+00
 -10735.07  6327.8125  1.12375e+00  1.05985e+00  1.12313e+00  0.00000e+00
 -10706.52  6328.4375  1.05012e+00  1.08879e+00  1.04934e+00  0.00000e+00
 -10677.97  6329.0625  9.73478e-01  9.46607e-01  9.72981e-01  0.00000e+00
 -10649.42  6329.6875  9.27209e-01  8.97494e-01  9.27454e-01  0.00000e+00
 -10620.87  6330.3125  8.98322e-01  9.68649e-01  8.98502e-01  0.00000e+00
 -10592.32  6330.9375  8.89221e-01  7.26727e-01  8.89442e-01  0.00000e+00
 -10563.77  6331.5625  9.77287e-01  1.10291e+00  9.77722e-01  0.00000e+00
 -10535.22  6332.1875  9.79140e-01  1.01629e+00  9.79073e-01  0.00000e+00
 -10506.67  6332.8125  9.85264e-01  7.64465e-01  9.84475e-01  0.00000e+00
 -10478.11  6333.4375  1.09561e+00  1.37323e+00  1.09456e+00  0.00000e+00
 -10449.56  6334.0625  1.05768e+00  9.08555e-01  1.05709e+00  0.00000e+00
 -10421.01  6334.6875  1.03161e+00  1.07242e+00  1.03119e+00  0.00000e+00
 -10392.46  6335.3125  1.01752e+00  1.04683e+00  1.01724e+00  0.00000e+00
 -10363.91  6335.9375  9.94915e-01  9.05159e-01  9.94606e-01  0.00000e+00
 -10335.36  6336.5625  9.99636e-01  1.12914e+00  9.98935e-01  0.00000e+00
 -10306.81  6337.1875  9.78943e-01  8.16401e-01  9.78573e-01  0.00000e+00
 -10278.26  6337.8125  1.01724e+00  1.15869e+00  1.01721e+00  0.00000e+00
 -10249.71  6338.4375  1.02111e+00  9.18269e-01  1.02038e+00  0.00000e+00
 -10221.16  6339.0625  1.04572e+00  1.11017e+00  1.04416e+00  0.00000e+00
 -10192.60  6339.6875  1.08338e+00  1.00602e+00  1.08168e+00  0.00000e+00
 -10164.05  6340.3125  1.08974e+00  1.25389e+00  1.08846e+00  0.00000e+00
 -10135.50  6340.9375  9.39215e-01  9.16367e-01  9.38559e-01  0.00000e+00
 -10106.95  6341.5625  7.98848e-01  6.76504e-01  7.98206e-01  0.00000e+00
 -10078.40  6342.1875  8.67157e-01  8.00790e-01  8.66649e-01  0.00000e+00
 -10049.85  6342.8125  1.03017e+00  1.13929e+00  1.03016e+00  0.00000e+00
 -10021.30  6343.4375  1.05153e+00  1.12974e+00  1.05210e+00  0.00000e+00
  -9992.75  6344.0625  1.02723e+00  8.13386e-01  1.02820e+00  0.00000e+00
  -9964.20  6344.6875  1.10829e+00  1.31837e+00  1.10925e+00  0.00000e+00
  -9935.65  6345.3125  1.01128e+00  1.05518e+00  1.01186e+00  0.00000e+00
  -9907.09  6345.9375  7.72180e-01  7.17229e-01  7.72510e-01  0.00000e+00
  -9878.54  6346.5625  6.44331e-01  5.28665e-01  6.44318e-01  0.00000e+00
  -9849.99  6347.1875  7.33411e-01  6.83707e-01  7.33821e-01  0.00000e+00
  -9821.44  6347.8125  9.44239e-01  9.60759e-01  9.45063e-01  0.00000e+00
  -9792.89  6348.4375  1.04975e+00  1.24775e+00  1.04964e+00  0.00000e+00
  -9764.34  6349.0625  9.44514e-01  8.44363e-01  9.43433e-01  0.00000e+00
  -9735.79  6349.6875  8.77954e-01  8.34230e-01  8.76954e-01  0.00000e+00
  -9707.24  6350.3125  9.08834e-01  9.33661e-01  9.08011e-01  0.00000e+00
  -9678.69  6350.9375  9.39029e-01  9.40954e-01  9.38059e-01  0.00000e+00
  -9650.13  6351.5625  1.00180e+00  9.09950e-01  1.00064e+00  0.00000e+00
  -9621.58  6352.1875  1.06887e+00  1.26726e+00  1.06758e+00  0.00000e+00
  -9593.03  6352.8125  9.95599e-01  8.76166e-01  9.94974e-01  0.00000e+00
  -9564.48  6353.4375  9.04049e-01  1.01017e+00  9.03663e-01  0.00000e+00
  -9535.93  6354.0625  8.14612e-01  6.86740e-01  8.14117e-01  0.00000e+00
  -9507.38  6354.6875  8.44229e-01  8.32184e-01  8.43479e-01  0.00000e+00
  -9478.83  6355.3125  9.73583e-01  9.49275e-01  9.72891e-01  0.00000e+00
  -9450.28  6355.9375  1.05957e+00  1.20806e+00  1.05942e+00  0.00000e+00
  -9421.73  6356.5625  1.01272e+00  9.30505e-01  1.01274e+00  0.00000e+00
  -9393.18  6357.1875  9.98757e-01  9.77999e-01  9.97833e-01  0.00000e+00
  -9364.62  6357.8125  1.04801e+00  1.05868e+00  1.04666e+00  0.00000e+00
  -9336.07  6358.4375  1.04264e+00  1.13620e+00  1.04224e+00  0.00000e+00
  -9307.52  6359.0625  9.30620e-01  8.96954e-01  9.30533e-01  0.00000e+00
  -9278.97  6359.6875  8.68395e-01  7.58970e-01  8.68046e-01  0.00000e+00
  -9250.42  6360.3125  8.94527e-01  1.02385e+00  8.94065e-01  0.00000e+00
  -9221.87  6360.9375  8.77284e-01  7.75149e-01  8.76804e-01  0.00000e+00
  -9193.32  6361.5625  9.11243e-01  9.26002e-01  9.11002e-01  0.00000e+00
  -9164.77  6362.1875  9.60015e-01  9.96940e-01  9.60112e-01  0.00000e+00
  -9136.22  6362.8125  9.51847e-01  9.62658e-01  9.51718e-01  0.00000e+00
  -9107.67  6363.4375  9.76245e-01  8.53347e-01  9.75881e-01  0.00000e+00
  -9079.11  6364.0625  1.07228e+00  1.21121e+00  1.07197e+00  0.00000e+00
  -9050.56  6364.6875  1.05239e+00  1.06247e+00  1.05246e+00  0.00000e+00
  -9022.01  6365.3125  9.65617e-01  9.22284e-01  9.65295e-01  0.00000e+00
  -8993.46  6365.9375  9.41300e-01  9.18674e-01  9.40227e-01  0.00000e+00
  -8964.91  6366.5625  9.97902e-01  9.51575e-01  9.97114e-01  0.00000e+00
  -8936.36  6367.1875  1.07079e+00  1.17716e+00  1.07070e+00  0.00000e+00
  -8907.81  6367.8125  1.09695e+00  9.82924e-01  1.09694e+00  0.00000e+00
  -8879.26  6368.4375  1.16167e+00  1.24501e+00  1.16104e+00  0.00000e+00
  -8850.71  6369.0625  1.17667e+00  1.18039e+00  1.17606e+00  0.00000e+00
  -8822.15  6369.6875  1.11163e+00  1.16356e+00  1.11122e+00  0.00000e+00
  -8793.60  6370.3125  1.02580e+00  9.34240e-01  1.02555e+00  0.00000e+00
  -8765.05  6370.9375  9.97425e-01  1.05304e+00  9.96982e-01  0.00000e+00
  -8736.50  6371.5625  9.61135e-01  9.44326e-01  9.61107e-01  0.00000e+00
  -8707.95  6372.1875  9.53407e-01  8.88896e-01  9.54402e-01  0.00000e+00
  -8679.40  6372.8125  9.94920e-01  1.06852e+00  9.96138e-01  0.00000e+00
  -8650.85  6373.4375  9.73561e-01  9.83205e-01  9.74274e-01  0.00000e+00
  -8622.30  6374.0625  9.23205e-01  8.79486e-01  9.23965e-01  0.00000e+00
  -8593.75  6374.6875  9.18171e-01  9.22830e-01  9.18784e-01  0.00000e+00
  -8565.20  6375.3125  9.00588e-01  9.55981e-01  9.00445e-01  0.00000e+00
  -8536.64  6375.9375  8.28332e-01  7.97064e-01  8.28073e-01  0.00000e+00
  -8508.09  6376.5625  7.94471e-01  7.42988e-01  7.94480e-01  0.00000e+00
  -8479.54  6377.1875  8.36911e-01  8.55646e-01  8.36517e-01  0.00000e+00
  -8450.99  6377.8125  9.14781e-01  8.65221e-01  9.14138e-01  0.00000e+00
  -8422.44  6378.4375  1.00333e+00  1.07295e+00  1.00298e+00  0.00000e+00
  -8393.89  6379.0625  9.73752e-01  1.07102e+00  9.73611e-01  0.00000e+00
  -8365.34  6379.6875  8.57253e-01  7.19292e-01  8.57366e-01  0.00000e+00
  -8336.79  6380.3125  8.51590e-01  8.65278e-01  8.51607e-01  0.00000e+00
  -8308.24  6380.9375  8.54244e-01  9.53844e-01  8.54075e-01  0.00000e+00
  -8279.69  6381.5625  8.28913e-01  6.42989e-01  8.29242e-01  0.00000e+00
  -8251.13  6382.1875  9.12783e-01  1.04178e+00  9.13846e-01  0.00000e+00
  -8222.58  6382.8125  9.47998e-01  9.28493e-01  9.48893e-01  0.00000e+00
  -8194.03  6383.4375  9.69123e-01  9.11645e-01  9.69183e-01  0.00000e+00
  -8165.48  6384.0625  1.02132e+00  1.11023e+00  1.02133e+00  0.00000e+00
  -8136.93  6384.6875  1.01326e+00  9.78065e-01  1.01402e+00  0.00000e+00
  -8108.38  6385.3125  1.01754e+00  9.84413e-01  1.01826e+00  0.00000e+00
  -8079.83  6385.9375  1.03961e+00  1.11605e+00  1.04038e+00  0.00000e+00
  -8051.28  6386.5625  1.01238e+00  9.61796e-01  1.01269e+00  0.00000e+00
  -8022.73  6387.1875  1.01613e+00  9.99754e-01  1.01494e+00  0.00000e+00
  -7994.17  6387.8125  1.04782e+00  1.08304e+00  1.04646e+00  0.00000e+00
  -7965.62  6388.4375  1.03098e+00  1.05306e+00  1.03053e+00  0.00000e+00
  -7937.07  6389.0625  9.74269e-01  9.62381e-01  9.74175e-01  0.00000e+00
  -7908.52  6389.6875  9.67061e-01  8.76793e-01  9.67220e-01  0.00000e+00
  -7879.97  6390.3125  9.78355e-01  1.16825e+00  9.78412e-01  0.00000e+00
  -7851.42  6390.9375  9.08194e-01  7.09744e-01  9.08133e-01  0.00000e+00
  -7822.87  6391.5625  9.27339e-01  1.03460e+00  9.27797e-01  0.00000e+00
  -7794.32  6392.1875  9.53770e-01  8.95313e-01  9.54112e-01  0.00000e+00
  -7765.77  6392.8125  1.01011e+00  9.88534e-01  1.00971e+00  0.00000e+00
  -7737.22  6393.4375  1.07507e+00  1.16329e+00  1.07485e+00  0.00000e+00
  -7708.66  6394.0625  1.06686e+00  1.01515e+00  1.06713e+00  0.00000e+00
  -7680.11  6394.6875  1.04116e+00  1.09976e+00  1.04068e+00  0.00000e+00
  -7651.56  6395.3125  1.00950e+00  9.41523e-01  1.00891e+00  0.00000e+00
  -7623.01  6395.9375  1.07337e+00  1.00365e+00  1.07349e+00  0.00000e+00
  -7594.46  6396.5625  1.19384e+00  1.31591e+00  1.19471e+00  0.00000e+00
  -7565.91  6397.1875  1.16989e+00  1.21606e+00  1.17118e+00  0.00000e+00
  -7537.36  6397.8125  1.04955e+00  9.89077e-01  1.05037e+00  0.00000e+00
  -7508.81  6398.4375  9.84320e-01  9.71009e-01  9.84475e-01  0.00000e+00
  -7480.26  6399.0625  9.51722e-01  9.92551e-01  9.51070e-01  0.00000e+00
  -7451.71  6399.6875  9.45509e-01  8.23646e-01  9.44325e-01  0.00000e+00
  -7423.15  6400.3125  1.02379e+00  1.11651e+00  1.02287e+00  0.00000e+00
  -7394.60  6400.9375  1.08944e+00  1.01896e+00  1.08888e+00  0.00000e+00
  -7366.05  6401.5625  1.11553e+00  1.24852e+00  1.11533e+00  0.00000e+00
  -7337.50  6402.1875  1.00181e+00  1.01276e+00  1.00195e+00  0.00000e+00
  -7308.95  6402.8125  8.83918e-01  7.35434e-01  8.83933e-01  0.00000e+00
  -7280.40  6403.4375  9.23589e-01  9.70512e-01  9.23252e-01  0.00000e+00
  -7251.85  6404.0625  9.75296e-01  1.00418e+00  9.75256e-01  0.00000e+00
  -7223.30  6404.6875  9.96922e-01  9.38079e-01  9.97122e-01  0.00000e+00
  -7194.75  6405.3125  1.01427e+00  1.12121e+00  1.01453e+00  0.00000e+00
  -7166.19  6405.9375  9.53927e-01  9.06500e-01  9.54166e-01  0.00000e+00
  -7137.64  6406.5625  9.17768e-01  8.76803e-01  9.17979e-01  0.00000e+00
  -7109.09  6407.1875  9.49083e-01  9.74755e-01  9.49137e-01  0.00000e+00
  -7080.54  6407.8125  1.02007e+00  9.33267e-01  1.02054e+00  0.00000e+00
  -7051.99  6408.4375  1.09757e+00  1.25843e+00  1.09761e+00  0.00000e+00
  -7023.44  6409.0625  1.05490e+00  9.79422e-01  1.05425e+00  0.00000e+00
  -6994.89  6409.6875  9.76644e-01  1.05557e+00  9.75814e-01  0.00000e+00
  -6966.34  6410.3125  9.40206e-01  7.55709e-01  9.39765e-01  0.00000e+00
  -6937.79  6410.9375  1.01143e+00  1.16856e+00  1.01135e+00  0.00000e+00
  -6909.24  6411.5625  1.01320e+00  9.59910e-01  1.01304e+00  0.00000e+00
  -6880.68  6412.1875  9.67380e-01  1.01159e+00  9.67214e-01  0.00000e+00
  -6852.13  6412.8125  8.58322e-01  9.23313e-01  8.58342e-01  0.00000e+00
  -6823.58  6413.4375  7.87845e-01  5.35172e-01  7.88036e-01  0.00000e+00
  -6795.03  6414.0625  9.46991e-01  1.05302e+00  9.47438e-01  0.00000e+00
  -6766.48  6414.6875  1.07205e+00  1.14439e+00  1.07219e+00  0.00000e+00
  -6737.93  6415.3125  1.04908e+00  1.04448e+00  1.04888e+00  0.00000e+00
  -6709.38  6415.9375  1.01681e+00  9.62329e-01  1.01634e+00  0.00000e+00
  -6680.83  6416.5625  1.04147e+00  1.06499e+00  1.04164e+00  0.00000e+00
  -6652.28  6417.1875  1.03167e+00  1.09632e+00  1.03208e+00  0.00000e+00
  -6623.73  6417.8125  9.76707e-01  8.88804e-01  9.76655e-01  0.00000e+00
  -6595.17  6418.4375  1.00766e+00  9.94871e-01  1.00774e+00  0.00000e+00
  -6566.62  6419.0625  1.11416e+00  1.09517e+00  1.11452e+00  0.00000e+00
  -6538.07  6419.6875  1.17811e+00  1.31028e+00  1.17848e+00  0.00000e+00
  -6509.52  6420.3125  1.11127e+00  1.05876e+00  1.11134e+00  0.00000e+00
  -6480.97  6420.9375  1.06760e+00  1.00923e+00  1.06734e+00  0.00000e+00
  -6452.42  6421.5625  1.07912e+00  1.16317e+00  1.07895e+00  0.00000e+00
  -6423.87  6422.1875  1.03463e+00  1.00750e+00  1.03397e+00  0.00000e+00
  -6395.32  6422.8125  1.00752e+00  9.48163e-01  1.00713e+00  0.00000e+00
  -6366.77  6423.4375  9.80700e-01  1.14221e+00  9.81020e-01  0.00000e+00
  -6338.21  6424.0625  8.77072e-01  7.09124e-01  8.76940e-01  0.00000e+00
  -6309.66  6424.6875  9.00287e-01  9.04112e-01  9.00110e-01  0.00000e+00
  -6281.11  6425.3125  1.02247e+00  1.00030e+00  1.02278e+00  0.00000e+00
  -6252.56  6425.9375  1.07601e+00  1.25107e+00  1.07587e+00  0.00000e+00
  -6224.01  6426.5625  9.89525e-01  8.53343e-01  9.89242e-01  0.00000e+00
  -6195.46  6427.1875  9.46404e-01  1.00275e+00  9.46452e-01  0.00000e+00
  -6166.91  6427.8125  9.25084e-01  8.89757e-01  9.25358e-01  0.00000e+00
  -6138.36  6428.4375  9.03817e-01  9.38700e-01  9.03792e-01  0.00000e+00
  -6109.81  6429.0625  9.16689e-01  8.12732e-01  9.16790e-01  0.00000e+00
  -6081.26  6429.6875  1.01327e+00  1.06850e+00  1.01409e+00  0.00000e+00
  -6052.70  6430.3125  1.06422e+00  1.11826e+00  1.06474e+00  0.00000e+00
  -6024.15  6430.9375  9.98465e-01  1.02495e+00  9.98598e-01  0.00000e+00
  -5995.60  6431.5625  8.95493e-01  8.43459e-01  8.95299e-01  0.00000e+00
  -5967.05  6432.1875  8.71808e-01  8.27658e-01  8.71299e-01  0.00000e+00
  -5938.50  6432.8125  9.45095e-01  9.28915e-01  9.45122e-01  0.00000e+00
  -5909.95  6433.4375  1.01899e+00  1.10042e+00  1.01906e+00  0.00000e+00
  -5881.40  6434.0625  9.96525e-01  9.96741e-01  9.96299e-01  0.00000e+00
  -5852.85  6434.6875  9.46507e-01  9.08095e-01  9.46574e-01  0.00000e+00
  -5824.30  6435.3125  9.22345e-01  9.64900e-01  9.22558e-01  0.00000e+00
  -5795.75  6435.9375  9.19966e-01  8.25704e-01  9.20121e-01  0.00000e+00
  -5767.19  6436.5625  9.74265e-01  1.04407e+00  9.74336e-01  0.00000e+00
  -5738.64  6437.1875  9.53769e-01  1.01830e+00  9.53791e-01  0.00000e+00
  -5710.09  6437.8125  8.50748e-01  7.86434e-01  8.51092e-01  0.00000e+00
  -5681.54  6438.4375  8.64303e-01  7.45390e-01  8.64251e-01  0.00000e+00
  -5652.99  6439.0625  1.06261e+00  1.07038e+00  1.06183e+00  0.00000e+00
  -5624.44  6439.6875  1.21277e+00  1.40341e+00  1.21212e+00  0.00000e+00
  -5595.89  6440.3125  1.17013e+00  1.06402e+00  1.16984e+00  0.00000e+00
  -5567.34  6440.9375  1.12386e+00  1.17323e+00  1.12368e+00  0.00000e+00
  -5538.79  6441.5625  1.08549e+00  1.05930e+00  1.08548e+00  0.00000e+00
  -5510.24  6442.1875  1.04483e+00  1.06014e+00  1.04491e+00  0.00000e+00
  -5481.68  6442.8125  9.72719e-01  1.02082e+00  9.72221e-01  0.00000e+00
  -5453.13  6443.4375  9.07749e-01  7.77847e-01  9.07320e-01  0.00000e+00
  -5424.58  6444.0625  9.89686e-01  9.75325e-01  9.90456e-01  0.00000e+00
  -5396.03  6444.6875  1.07033e+00  1.23518e+00  1.07139e+00  0.00000e+00
  -5367.48  6445.3125  9.90152e-01  9.16692e-01  9.90903e-01  0.00000e+00
  -5338.93  6445.9375  9.45857e-01  8.88435e-01  9.45877e-01  0.00000e+00
  -5310.38  6446.5625  1.05890e+00  9.82050e-01  1.05835e+00  0.00000e+00
  -5281.83  6447.1875  1.20637e+00  1.37508e+00  1.20563e+00  0.00000e+00
  -5253.28  6447.8125  1.12825e+00  1.21904e+00  1.12745e+00  0.00000e+00
  -5224.72  6448.4375  9.45860e-01  7.49951e-01  9.45545e-01  0.00000e+00
  -5196.17  6449.0625  9.34403e-01  9.88231e-01  9.34276e-01  0.00000e+00
  -5167.62  6449.6875  1.01069e+00  9.33192e-01  1.01033e+00  0.00000e+00
  -5139.07  6450.3125  1.09283e+00  1.21016e+00  1.09232e+00  0.00000e+00
  -5110.52  6450.9375  1.06538e+00  1.06658e+00  1.06524e+00  0.00000e+00
  -5081.97  6451.5625  1.01753e+00  9.31713e-01  1.01780e+00  0.00000e+00
  -5053.42  6452.1875  1.03224e+00  1.10746e+00  1.03263e+00  0.00000e+00
  -5024.87  6452.8125  9.76332e-01  1.01961e+00  9.76465e-01  0.00000e+00
  -4996.32  6453.4375  8.88027e-01  7.73767e-01  8.87713e-01  0.00000e+00
  -4967.77  6454.0625  9.06289e-01  9.36605e-01  9.05796e-01  0.00000e+00
  -4939.21  6454.6875  9.67571e-01  9.35622e-01  9.67703e-01  0.00000e+00
  -4910.66  6455.3125  9.94246e-01  1.10671e+00  9.95224e-01  0.00000e+00
  -4882.11  6455.9375  9.83741e-01  8.19693e-01  9.84542e-01  0.00000e+00
  -4853.56  6456.5625  1.04067e+00  1.18323e+00  1.04106e+00  0.00000e+00
  -4825.01  6457.1875  1.03994e+00  9.77647e-01  1.04048e+00  0.00000e+00
  -4796.46  6457.8125  1.02330e+00  1.05363e+00  1.02347e+00  0.00000e+00
  -4767.91  6458.4375  1.00908e+00  9.95442e-01  1.00851e+00  0.00000e+00
  -4739.36  6459.0625  1.03328e+00  9.75205e-01  1.03233e+00  0.00000e+00
  -4710.81  6459.6875  1.14731e+00  1.12885e+00  1.14651e+00  0.00000e+00
  -4682.26  6460.3125  1.21655e+00  1.39613e+00  1.21619e+00  0.00000e+00
  -4653.70  6460.9375  1.12572e+00  1.01282e+00  1.12612e+00  0.00000e+00
  -4625.15  6461.5625  1.05087e+00  1.10095e+00  1.05228e+00  0.00000e+00
  -4596.60  6462.1875  1.03659e+00  9.20543e-01  1.03821e+00  0.00000e+00
  -4568.05  6462.8125  1.04947e+00  1.22054e+00  1.05010e+00  0.00000e+00
  -4539.50  6463.4375  9.46098e-01  8.73156e-01  9.45504e-01  0.00000e+00
  -4510.95  6464.0625  8.37163e-01  8.48923e-01  8.36499e-01  0.00000e+00
  -4482.40  6464.6875  8.31105e-01  7.00709e-01  8.31108e-01  0.00000e+00
  -4453.85  6465.3125  1.00070e+00  9.82075e-01  1.00054e+00  0.00000e+00
  -4425.30  6465.9375  1.16603e+00  1.33835e+00  1.16488e+00  0.00000e+00
  -4396.74  6466.5625  1.07684e+00  1.15620e+00  1.07607e+00  0.00000e+00
  -4368.19  6467.1875  9.22774e-01  6.77743e-01  9.22790e-01  0.00000e+00
  -4339.64  6467.8125  9.73369e-01  1.08265e+00  9.73583e-01  0.00000e+00
  -4311.09  6468.4375  9.83205e-01  1.05409e+00  9.83439e-01  0.00000e+00
  -4282.54  6469.0625  8.82408e-01  8.21159e-01  8.82506e-01  0.00000e+00
  -4253.99  6469.6875  8.98802e-01  7.53273e-01  8.98818e-01  0.00000e+00
  -4225.44  6470.3125  1.04064e+00  1.21553e+00  1.04015e+00  0.00000e+00
  -4196.89  6470.9375  1.07705e+00  1.01328e+00  1.07614e+00  0.00000e+00
  -4168.34  6471.5625  1.07838e+00  1.11017e+00  1.07735e+00  0.00000e+00
  -4139.79  6472.1875  1.07787e+00  1.06177e+00  1.07801e+00  0.00000e+00
  -4111.23  6472.8125  1.05123e+00  1.10579e+00  1.05185e+00  0.00000e+00
  -4082.68  6473.4375  9.97580e-01  9.31733e-01  9.98263e-01  0.00000e+00
  -4054.13  6474.0625  9.53365e-01  1.03282e+00  9.54121e-01  0.00000e+00
  -4025.58  6474.6875  8.85564e-01  8.13769e-01  8.85855e-01  0.00000e+00
  -3997.03  6475.3125  8.82049e-01  8.58294e-01  8.81650e-01  0.00000e+00
  -3968.48  6475.9375  9.49436e-01  9.50982e-01  9.49557e-01  0.00000e+00
  -3939.93  6476.5625  1.01836e+00  1.04045e+00  1.01952e+00  0.00000e+00
  -3911.38  6477.1875  1.05968e+00  1.05643e+00  1.06077e+00  0.00000e+00
  -3882.83  6477.8125  1.08853e+00  1.08798e+00  1.08888e+00  0.00000e+00
  -3854.28  6478.4375  1.06198e+00  1.16456e+00  1.06241e+00  0.00000e+00
  -3825.72  6479.0625  9.90247e-01  8.39848e-01  9.90916e-01  0.00000e+00
  -3797.17  6479.6875  1.04369e+00  1.05604e+00  1.04477e+00  0.00000e+00
  -3768.62  6480.3125  1.06800e+00  1.24089e+00  1.06891e+00  0.00000e+00
  -3740.07  6480.9375  9.46308e-01  8.07221e-01  9.46168e-01  0.00000e+00
  -3711.52  6481.5625  9.49470e-01  8.69623e-01  9.48954e-01  0.00000e+00
  -3682.97  6482.1875  1.07477e+00  1.18244e+00  1.07413e+00  0.00000e+00
  -3654.42  6482.8125  1.14026e+00  1.08477e+00  1.13929e+00  0.00000e+00
  -3625.87  6483.4375  1.15658e+00  1.25392e+00  1.15604e+00  0.00000e+00
  -3597.32  6484.0625  1.05633e+00  1.08660e+00  1.05648e+00  0.00000e+00
  -3568.76  6484.6875  9.00657e-01  8.38515e-01  9.00622e-01  0.00000e+00
  -3540.21  6485.3125  8.79672e-01  7.53400e-01  8.79422e-01  0.00000e+00
  -3511.66  6485.9375  9.97304e-01  1.10335e+00  9.97491e-01  0.00000e+00
  -3483.11  6486.5625  1.01223e+00  1.08387e+00  1.01247e+00  0.00000e+00
  -3454.56  6487.1875  9.35309e-01  8.26209e-01  9.34887e-01  0.00000e+00
  -3426.01  6487.8125  9.24942e-01  9.81510e-01  9.24490e-01  0.00000e+00
  -3397.46  6488.4375  9.43400e-01  8.73563e-01  9.43705e-01  0.00000e+00
  -3368.91  6489.0625  9.89328e-01  1.05151e+00  9.90306e-01  0.00000e+00
  -3340.36  6489.6875  1.04069e+00  9.60174e-01  1.04141e+00  0.00000e+00
  -3311.81  6490.3125  1.13979e+00  1.17212e+00  1.13953e+00  0.00000e+00
  -3283.25  6490.9375  1.16183e+00  1.30140e+00  1.16093e+00  0.00000e+00
  -3254.70  6491.5625  1.05522e+00  9.30358e-01  1.05490e+00  0.00000e+00
  -3226.15  6492.1875  1.00878e+00  1.04456e+00  1.00965e+00  0.00000e+00
  -3197.60  6492.8125  1.00430e+00  9.72005e-01  1.00594e+00  0.00000e+00
  -3169.05  6493.4375  1.01242e+00  1.04123e+00  1.01336e+00  0.00000e+00
  -3140.50  6494.0625  1.07012e+00  9.46290e-01  1.07029e+00  0.00000e+00
  -3111.95  6494.6875  1.18030e+00  1.34088e+00  1.18070e+00  0.00000e+00
  -3083.40  6495.3125  1.16428e+00  1.13848e+00  1.16460e+00  0.00000e+00
  -3054.85  6495.9375  1.06293e+00  1.10930e+00  1.06263e+00  0.00000e+00
  -3026.30  6496.5625  9.47398e-01  8.88791e-01  9.46780e-01  0.00000e+00
  -2997.74  6497.1875  9.08960e-01  8.58628e-01  9.08561e-01  0.00000e+00
  -2969.19  6497.8125  8.90273e-01  1.03028e+00  8.90088e-01  0.00000e+00
  -2940.64  6498.4375  7.90390e-01  6.74555e-01  7.90242e-01  0.00000e+00
  -2912.09  6499.0625  8.06053e-01  7.25944e-01  8.05953e-01  0.00000e+00
  -2883.54  6499.6875  9.20166e-01  1.04624e+00  9.19856e-01  0.00000e+00
  -2854.99  6500.3125  9.56575e-01  8.89749e-01  9.55545e-01  0.00000e+00
  -2826.44  6500.9375  9.64327e-01  1.04035e+00  9.63244e-01  0.00000e+00
  -2797.89  6501.5625  9.51719e-01  8.76706e-01  9.51269e-01  0.00000e+00
  -2769.34  6502.1875  9.80806e-01  1.00421e+00  9.80566e-01  0.00000e+00
  -2740.78  6502.8125  1.00892e+00  1.02821e+00  1.00869e+00  0.00000e+00
  -2712.23  6503.4375  9.82967e-01  1.01096e+00  9.83931e-01  0.00000e+00
  -2683.68  6504.0625  9.17065e-01  9.04167e-01  9.18614e-01  0.00000e+00
  -2655.13  6504.6875  8.87528e-01  8.23336e-01  8.88638e-01  0.00000e+00
  -2626.58  6505.3125  9.08517e-01  9.78334e-01  9.09124e-01  0.00000e+00
  -2598.03  6505.9375  8.81968e-01  8.73000e-01  8.82411e-01  0.00000e+00
  -2569.48  6506.5625  8.42036e-01  8.17354e-01  8.42265e-01  0.00000e+00
  -2540.93  6507.1875  8.38844e-01  8.38168e-01  8.38529e-01  0.00000e+00
  -2512.38  6507.8125  8.56509e-01  8.47833e-01  8.55493e-01  0.00000e+00
  -2483.83  6508.4375  8.83190e-01  8.96620e-01  8.81963e-01  0.00000e+00
  -2455.27  6509.0625  9.67987e-01  8.42551e-01  9.67121e-01  0.00000e+00
  -2426.72  6509.6875  1.11096e+00  1.27699e+00  1.11047e+00  0.00000e+00
  -2398.17  6510.3125  1.09512e+00  1.11600e+00  1.09419e+00  0.00000e+00
  -2369.62  6510.9375  9.56358e-01  9.56963e-01  9.55245e-01  0.00000e+00
  -2341.07  6511.5625  8.38478e-01  7.74494e-01  8.37750e-01  0.00000e+00
  -2312.52  6512.1875  8.23815e-01  7.90892e-01  8.23131e-01  0.00000e+00
  -2283.97  6512.8125  8.62742e-01  9.10539e-01  8.62323e-01  0.00000e+00
  -2255.42  6513.4375  8.63183e-01  8.62543e-01  8.62836e-01  0.00000e+00
  -2226.87  6514.0625  8.79629e-01  8.00344e-01  8.79044e-01  0.00000e+00
  -2198.32  6514.6875  9.18863e-01  1.06081e+00  9.18825e-01  0.00000e+00
  -2169.76  6515.3125  8.93553e-01  7.64134e-01  8.94093e-01  0.00000e+00
  -2141.21  6515.9375  9.28958e-01  9.80188e-01  9.29361e-01  0.00000e+00
  -2112.66  6516.5625  1.00179e+00  9.36646e-01  1.00202e+00  0.00000e+00
  -2084.11  6517.1875  1.00688e+00  1.22727e+00  1.00719e+00  0.00000e+00
  -2055.56  6517.8125  8.65223e-01  6.87256e-01  8.65043e-01  0.00000e+00
  -2027.01  6518.4375  8.61059e-01  8.06039e-01  8.60265e-01  0.00000e+00
  -1998.46  6519.0625  9.84649e-01  1.05451e+00  9.84193e-01  0.00000e+00
  -1969.91  6519.6875  9.86587e-01  1.10435e+00  9.87073e-01  0.00000e+00
  -1941.36  6520.3125  8.56448e-01  7.48257e-01  8.56496e-01  0.00000e+00
  -1912.80  6520.9375  8.06284e-01  7.90295e-01  8.05921e-01  0.00000e+00
  -1884.25  6521.5625  8.32970e-01  8.43728e-01  8.32985e-01  0.00000e+00
  -1855.70  6522.1875  8.61260e-01  8.58712e-01  8.61247e-01  0.00000e+00
  -1827.15  6522.8125  8.99898e-01  8.74409e-01  8.99467e-01  0.00000e+00
  -1798.60  6523.4375  9.30181e-01  1.00107e+00  9.29468e-01  0.00000e+00
  -1770.05  6524.0625  8.86651e-01  8.89107e-01  8.85970e-01  0.00000e+00
  -1741.50  6524.6875  9.07068e-01  7.14314e-01  9.06536e-01  0.00000e+00
  -1712.95  6525.3125  1.04505e+00  1.27336e+00  1.04475e+00  0.00000e+00
  -1684.40  6525.9375  1.03811e+00  9.62902e-01  1.03793e+00  0.00000e+00
  -1655.85  6526.5625  9.62850e-01  1.03471e+00  9.62548e-01  0.00000e+00
  -1627.29  6527.1875  9.48170e-01  7.40118e-01  9.47827e-01  0.00000e+00
  -1598.74  6527.8125  1.03138e+00  1.26344e+00  1.03136e+00  0.00000e+00
  -1570.19  6528.4375  9.63179e-01  9.09179e-01  9.62789e-01  0.00000e+00
  -1541.64  6529.0625  8.73929e-01  8.10333e-01  8.73620e-01  0.00000e+00
  -1513.09  6529.6875  9.33749e-01  8.67274e-01  9.33764e-01  0.00000e+00
  -1484.54  6530.3125  1.09087e+00  1.13416e+00  1.09115e+00  0.00000e+00
  -1455.99  6530.9375  1.13120e+00  1.30715e+00  1.13211e+00  0.00000e+00
  -1427.44  6531.5625  1.00953e+00  8.44079e-01  1.01057e+00  0.00000e+00
  -1398.89  6532.1875  9.50220e-01  1.04102e+00  9.50928e-01  0.00000e+00
  -1370.34  6532.8125  9.44311e-01  8.03776e-01  9.44848e-01  0.00000e+00
  -1341.78  6533.4375  9.79909e-01  1.14408e+00  9.80666e-01  0.00000e+00
  -1313.23  6534.0625  9.30616e-01  8.42704e-01  9.30761e-01  0.00000e+00
  -1284.68  6534.6875  8.92237e-01  9.16839e-01  8.92612e-01  0.00000e+00
  -1256.13  6535.3125  9.18751e-01  8.27058e-01  9.19354e-01  0.00000e+00
  -1227.58  6535.9375  9.56883e-01  1.12511e+00  9.57103e-01  0.00000e+00
  -1199.03  6536.5625  8.85339e-01  7.88754e-01  8.85052e-01  0.00000e+00
  -1170.48  6537.1875  8.72632e-01  8.23216e-01  8.71823e-01  0.00000e+00
  -1141.93  6537.8125  9.53439e-01  9.91024e-01  9.53438e-01  0.00000e+00
  -1113.38  6538.4375  9.72846e-01  1.04991e+00  9.73261e-01  0.00000e+00
  -1084.83  6539.0625  9.05970e-01  8.42912e-01  9.05612e-01  0.00000e+00
  -1056.27  6539.6875  8.76826e-01  8.78175e-01  8.76291e-01  0.00000e+00
  -1027.72  6540.3125  9.21770e-01  8.51538e-01  9.21528e-01  0.00000e+00
   -999.17  6540.9375  1.01647e+00  1.09382e+00  1.01632e+00  0.00000e+00
   -970.62  6541.5625  1.06868e+00  1.03063e+00  1.06866e+00  0.00000e+00
   -942.07  6542.1875  1.04375e+00  1.18532e+00  1.04346e+00  0.00000e+00
   -913.52  6542.8125  9.13085e-01  8.18963e-01  9.12299e-01  0.00000e+00
   -884.97  6543.4375  9.11665e-01  7.52852e-01  9.10927e-01  0.00000e+00
   -856.42  6544.0625  1.02790e+00  1.27627e+00  1.02757e+00  0.00000e+00
   -827.87  6544.6875  9.84183e-01  8.64533e-01  9.83873e-01  0.00000e+00
   -799.31  6545.3125  9.37729e-01  9.63103e-01  9.37095e-01  0.00000e+00
   -770.76  6545.9375  9.08873e-01  9.37450e-01  9.08081e-01  0.00000e+00
   -742.21  6546.5625  9.07455e-01  7.74781e-01  9.07579e-01  0.00000e+00
   -713.66  6547.1875  9.91628e-01  1.11307e+00  9.92363e-01  0.00000e+00
   -685.11  6547.8125  1.00713e+00  9.85668e-01  1.00730e+00  0.00000e+00
   -656.56  6548.4375  9.85376e-01  9.71846e-01  9.85836e-01  0.00000e+00
   -628.01  6549.0625  9.15996e-01  1.04965e+00  9.16446e-01  0.00000e+00
   -599.46  6549.6875  7.96185e-01  5.96403e-01  7.95915e-01  0.00000e+00
   -570.91  6550.3125  8.15540e-01  8.91999e-01  8.15261e-01  0.00000e+00
   -542.36  6550.9375  8.45595e-01  8.54878e-01  8.46202e-01  0.00000e+00
   -513.80  6551.5625  8.49453e-01  8.05041e-01  8.50617e-01  0.00000e+00
   -485.25  6552.1875  8.82947e-01  9.17391e-01  8.83362e-01  0.00000e+00
   -456.70  6552.8125  8.94448e-01  8.99600e-01  8.93907e-01  0.00000e+00
   -428.15  6553.4375  8.83589e-01  8.76358e-01  8.82670e-01  0.00000e+00
   -399.60  6554.0625  8.78666e-01  8.83583e-01  8.78055e-01  0.00000e+00
   -371.05  6554.6875  9.23411e-01  8.26459e-01  9.23151e-01  0.00000e+00
   -342.50  6555.3125  9.79467e-01  1.18004e+00  9.79473e-01  0.00000e+00
   -313.95  6555.9375  9.34497e-01  7.48316e-01  9.34013e-01  0.00000e+00
   -285.40  6556.5625  9.34867e-01  1.07980e+00  9.33191e-01  0.00000e+00
   -256.85  6557.1875  9.09220e-01  8.07448e-01  9.07240e-01  0.00000e+00
   -228.29  6557.8125  9.29394e-01  9.45254e-01  9.28271e-01  0.00000e+00
   -199.74  6558.4375  9.99339e-01  9.71624e-01  9.99911e-01  0.00000e+00
   -171.19  6559.0625  1.05156e+00  1.13082e+00  1.05307e+00  0.00000e+00
   -142.64  6559.6875  1.01063e+00  1.02234e+00  1.01126e+00  0.00000e+00
   -114.09  6560.3125  9.73632e-01  8.61631e-01  9.73114e-01  0.00000e+00
    -85.54  6560.9375  1.04328e+00  1.09127e+00  1.04242e+00  0.00000e+00
    -56.99  6561.5625  1.05083e+00  1.16634e+00  1.05030e+00  0.00000e+00
    -28.44  6562.1875  9.61375e-01  8.26352e-01  9.61336e-01  0.00000e+00
      0.11  6562.8125  9.85450e-01  9.70164e-01  9.85312e-01  0.00000e+00
     28.67  6563.4375  1.04116e+00  1.15898e+00  1.04070e+00  0.00000e+00
     57.22  6564.0625  1.03385e+00  8.99773e-01  1.03360e+00  0.00000e+00
     85.77  6564.6875  1.10869e+00  1.14546e+00  1.10875e+00  0.00000e+00
    114.32  6565.3125  1.15810e+00  1.25132e+00  1.15794e+00  0.00000e+00
    142.87  6565.9375  1.10617e+00  1.03213e+00  1.10622e+00  0.00000e+00
    171.42  6566.5625  1.02641e+00  1.14569e+00  1.02665e+00  0.00000e+00
    199.97  6567.1875  8.94576e-01  7.82854e-01  8.94544e-01  0.00000e+00
    228.52  6567.8125  8.07411e-01  8.75408e-01  8.07556e-01  0.00000e+00
    257.07  6568.4375  8.07325e-01  6.12297e-01  8.07494e-01  0.00000e+00
    285.62  6569.0625  9.54763e-01  1.08249e+00  9.54237e-01  0.00000e+00
    314.18  6569.6875  1.07593e+00  1.02176e+00  1.07472e+00  0.00000e+00
    342.73  6570.3125  1.12163e+00  1.25405e+00  1.11990e+00  0.00000e+00
    371.28  6570.9375  1.08393e+00  9.74367e-01  1.08312e+00  0.00000e+00
    399.83  6571.5625  1.08708e+00  1.13143e+00  1.08724e+00  0.00000e+00
    428.38  6572.1875  1.09135e+00  1.09572e+00  1.09113e+00  0.00000e+00
    456.93  6572.8125  1.08113e+00  1.05538e+00  1.08090e+00  0.00000e+00
    485.48  6573.4375  1.08696e+00  1.11624e+00  1.08703e+00  0.00000e+00
    514.03  6574.0625  1.12453e+00  1.02184e+00  1.12479e+00  0.00000e+00
    542.58  6574.6875  1.15678e+00  1.36958e+00  1.15734e+00  0.00000e+00
    571.13  6575.3125  1.03892e+00  9.21673e-01  1.03882e+00  0.00000e+00
    599.69  6575.9375  9.79203e-01  9.33282e-01  9.78563e-01  0.00000e+00
    628.24  6576.5625  1.03422e+00  1.05084e+00  1.03364e+00  0.00000e+00
    656.79  6577.1875  1.08055e+00  1.10514e+00  1.07989e+00  0.00000e+00
    685.34  6577.8125  1.02474e+00  1.13104e+00  1.02358e+00  0.00000e+00
    713.89  6578.4375  8.91997e-01  7.61660e-01  8.90992e-01  0.00000e+00
    742.44  6579.0625  8.83486e-01  8.49747e-01  8.82841e-01  0.00000e+00
    770.99  6579.6875  9.11883e-01  1.05716e+00  9.12105e-01  0.00000e+00
    799.54  6580.3125  8.49428e-01  7.18498e-01  8.50194e-01  0.00000e+00
    828.09  6580.9375  8.50281e-01  8.89882e-01  8.50970e-01  0.00000e+00
    856.65  6581.5625  8.76937e-01  8.74167e-01  8.77338e-01  0.00000e+00
    885.20  6582.1875  9.26960e-01  8.59801e-01  9.27503e-01  0.00000e+00
    913.75  6582.8125  1.02524e+00  1.08555e+00  1.02540e+00  0.00000e+00
    942.30  6583.4375  1.00270e+00  1.14426e+00  1.00267e+00  0.00000e+00
    970.85  6584.0625  8.55958e-01  7.00909e-01  8.55737e-01  0.00000e+00
    999.40  6584.6875  9.11723e-01  7.64710e-01  9.11356e-01  0.00000e+00
   1027.95  6585.3125  1.13855e+00  1.32239e+00  1.13805e+00  0.00000e+00
   1056.50  6585.9375  1.15382e+00  1.25497e+00  1.15334e+00  0.00000e+00
   1085.05  6586.5625  9.56750e-01  9.18984e-01  9.56006e-01  0.00000e+00
   1113.60  6587.1875  8.57522e-01  6.56653e-01  8.56784e-01  0.00000e+00
   1142.16  6587.8125  9.27794e-01  1.13084e+00  9.27484e-01  0.00000e+00
   1170.71  6588.4375  9.24896e-01  7.95207e-01  9.25443e-01  0.00000e+00
   1199.26  6589.0625  9.06002e-01  1.02884e+00  9.07715e-01  0.00000e+00
   1227.81  6589.6875  8.37717e-01  7.67350e-01  8.39377e-01  0.00000e+00
   1256.36  6590.3125  8.01036e-01  7.91480e-01  8.01686e-01  0.00000e+00
   1284.91  6590.9375  8.41286e-01  7.93764e-01  8.41431e-01  0.00000e+00
   1313.46  6591.5625  9.04456e-01  9.91480e-01  9.04693e-01  0.00000e+00
   1342.01  6592.1875  9.43142e-01  8.31804e-01  9.43400e-01  0.00000e+00
   1370.56  6592.8125  9.92800e-01  1.13853e+00  9.92762e-01  0.00000e+00
   1399.11  6593.4375  9.49022e-01  8.87384e-01  9.48538e-01  0.00000e+00
   1427.67  6594.0625  8.87349e-01  9.14659e-01  8.87125e-01  0.00000e+00
   1456.22  6594.6875  8.50669e-01  8.09733e-01  8.50946e-01  0.00000e+00
   1484.77  6595.3125  9.18014e-01  8.02566e-01  9.18175e-01  0.00000e+00
   1513.32  6595.9375  1.04309e+00  1.24186e+00  1.04252e+00  0.00000e+00
   1541.87  6596.5625  9.90318e-01  9.69551e-01  9.89812e-01  0.00000e+00
   1570.42  6597.1875  9.07702e-01  8.05686e-01  9.07750e-01  0.00000e+00
   1598.97  6597.8125  9.22253e-01  9.97611e-01  9.22393e-01  0.00000e+00
   1627.52  6598.4375  9.16668e-01  8.90080e-01  9.16761e-01  0.00000e+00
   1656.07  6599.0625  9.29085e-01  8.88362e-01  9.29104e-01  0.00000e+00
   1684.63  6599.6875  1.00280e+00  1.00463e+00  1.00247e+00  0.00000e+00
   1713.18  6600.3125  1.01716e+00  1.16743e+00  1.01719e+00  0.00000e+00
   1741.73  6600.9375  9.84496e-01  7.26794e-01  9.84487e-01  0.00000e+00
   1770.28  6601.5625  1.13663e+00  1.23944e+00  1.13609e+00  0.00000e+00
   1798.83  6602.1875  1.20810e+00  1.37083e+00  1.20776e+00  0.00000e+00
   1827.38  6602.8125  1.08219e+00  9.62508e-01  1.08138e+00  0.00000e+00
   1855.93  6603.4375  1.02676e+00  1.00132e+00  1.02598e+00  0.00000e+00
   1884.48  6604.0625  1.04202e+00  1.09859e+00  1.04176e+00  0.00000e+00
   1913.03  6604.6875  1.05457e+00  9.58923e-01  1.05521e+00  0.00000e+00
   1941.58  6605.3125  1.07897e+00  1.22093e+00  1.08049e+00  0.00000e+00
   1970.14  6605.9375  1.04120e+00  9.19414e-01  1.04268e+00  0.00000e+00
   1998.69  6606.5625  1.03266e+00  1.11672e+00  1.03355e+00  0.00000e+00
   2027.24  6607.1875  9.96618e-01  9.73982e-01  9.97117e-01  0.00000e+00
   2055.79  6607.8125  9.74125e-01  9.20904e-01  9.75602e-01  0.00000e+00
   2084.34  6608.4375  1.00308e+00  1.06110e+00  1.00492e+00  0.00000e+00
   2112.89  6609.0625  1.06085e+00  9.27061e-01  1.06233e+00  0.00000e+00
   2141.44  6609.6875  1.12296e+00  1.36383e+00  1.12398e+00  0.00000e+00
   2169.99  6610.3125  1.04120e+00  8.75709e-01  1.04280e+00  0.00000e+00
   2198.54  6610.9375  1.00226e+00  1.06261e+00  1.00455e+00  0.00000e+00
   2227.09  6611.5625  9.82564e-01  9.72687e-01  9.84988e-01  0.00000e+00
   2255.65  6612.1875  9.73149e-01  9.27680e-01  9.74911e-01  0.00000e+00
   2284.20  6612.8125  1.02835e+00  1.02499e+00  1.02913e+00  0.00000e+00
   2312.75  6613.4375  1.07838e+00  1.13731e+00  1.07848e+00  0.00000e+00
   2341.30  6614.0625  1.02586e+00  1.07769e+00  1.02554e+00  0.00000e+00
   2369.85  6614.6875  9.54179e-01  8.19064e-01  9.53676e-01  0.00000e+00
   2398.40  6615.3125  1.07964e+00  9.81598e-01  1.07925e+00  0.00000e+00
   2426.95  6615.9375  1.24667e+00  1.53120e+00  1.24604e+00  0.00000e+00
   2455.50  6616.5625  1.15788e+00  1.06307e+00  1.15805e+00  0.00000e+00
   2484.05  6617.1875  1.06809e+00  9.94614e-01  1.06832e+00  0.00000e+00
   2512.61  6617.8125  1.07702e+00  1.15301e+00  1.07613e+00  0.00000e+00
   2541.16  6618.4375  1.01745e+00  1.05074e+00  1.01642e+00  0.00000e+00
   2569.71  6619.0625  9.52084e-01  8.09476e-01  9.51563e-01  0.00000e+00
   2598.26  6619.6875  9.96618e-01  1.10268e+00  9.96280e-01  0.00000e+00
   2626.81  6620.3125  1.08777e+00  9.02165e-01  1.08774e+00  0.00000e+00
   2655.36  6620.9375  1.18754e+00  1.49050e+00  1.18770e+00  0.00000e+00
   2683.91  6621.5625  1.07390e+00  9.38093e-01  1.07423e+00  0.00000e+00
   2712.46  6622.1875  9.61383e-01  9.67373e-01  9.61547e-01  0.00000e+00
   2741.01  6622.8125  9.35265e-01  9.00189e-01  9.34757e-01  0.00000e+00
   2769.56  6623.4375  9.72487e-01  9.46324e-01  9.72039e-01  0.00000e+00
   2798.12  6624.0625  1.04591e+00  1.07496e+00  1.04591e+00  0.00000e+00
   2826.67  6624.6875  1.06894e+00  1.12040e+00  1.06894e+00  0.00000e+00
   2855.22  6625.3125  1.05248e+00  9.74705e-01  1.05233e+00  0.00000e+00
   2883.77  6625.9375  1.08899e+00  1.12166e+00  1.08831e+00  0.00000e+00
   2912.32  6626.5625  1.13262e+00  1.11196e+00  1.13257e+00  0.00000e+00
   2940.87  6627.1875  1.07001e+00  1.27848e+00  1.07143e+00  0.00000e+00
   2969.42  6627.8125  9.16778e-01  6.19217e-01  9.18140e-01  0.00000e+00
   2997.97  6628.4375  9.52852e-01  1.08619e+00  9.53479e-01  0.00000e+00
   3026.52  6629.0625  9.69402e-01  1.00065e+00  9.69727e-01  0.00000e+00
   3055.07  6629.6875  9.34470e-01  8.28400e-01  9.34787e-01  0.00000e+00
   3083.63  6630.3125  9.56131e-01  1.05714e+00  9.56694e-01  0.00000e+00
   3112.18  6630.9375  9.18168e-01  9.04039e-01  9.18430e-01  0.00000e+00
   3140.73  6631.5625  8.96557e-01  8.05286e-01  8.96132e-01  0.00000e+00
   3169.28  6632.1875  9.93633e-01  1.00220e+00  9.93395e-01  0.00000e+00
   3197.83  6632.8125  1.08032e+00  1.17247e+00  1.08067e+00  0.00000e+00
   3226.38  6633.4375  1.05672e+00  1.03077e+00  1.05737e+00  0.00000e+00
   3254.93  6634.0625  1.00279e+00  1.02039e+00  1.00370e+00  0.00000e+00
   3283.48  6634.6875  9.80695e-01  9.12441e-01  9.81628e-01  0.00000e+00
   3312.03  6635.3125  1.05430e+00  1.02633e+00  1.05445e+00  0.00000e+00
   3340.58  6635.9375  1.14844e+00  1.23918e+00  1.14795e+00  0.00000e+00
   3369.14  6636.5625  1.10239e+00  1.17188e+00  1.10173e+00  0.00000e+00
   3397.69  6637.1875  9.83735e-01  8.62053e-01  9.83555e-01  0.00000e+00
   3426.24  6637.8125  9.91269e-01  9.74278e-01  9.91609e-01  0.00000e+00
   3454.79  6638.4375  1.06360e+00  1.11043e+00  1.06349e+00  0.00000e+00
   3483.34  6639.0625  1.06523e+00  1.10347e+00  1.06450e+00  0.00000e+00
   3511.89  6639.6875  1.00443e+00  9.80032e-01  1.00397e+00  0.00000e+00
   3540.44  6640.3125  9.80571e-01  9.26951e-01  9.80795e-01  0.00000e+00
   3568.99  6640.9375  9.86167e-01  1.08467e+00  9.86260e-01  0.00000e+00
   3597.54  6641.5625  9.63506e-01  8.44856e-01  9.63118e-01  0.00000e+00
   3626.10  6642.1875  1.00979e+00  1.06804e+00  1.00939e+00  0.00000e+00
   3654.65  6642.8125  1.11303e+00  9.97469e-01  1.11233e+00  0.00000e+00
   3683.20  6643.4375  1.25839e+00  1.38904e+00  1.25722e+00  0.00000e+00
   3711.75  6644.0625  1.27391e+00  1.31684e+00  1.27295e+00  0.00000e+00
   3740.30  6644.6875  1.19643e+00  1.12373e+00  1.19611e+00  0.00000e+00
   3768.85  6645.3125  1.11480e+00  1.24002e+00  1.11399e+00  0.00000e+00
   3797.40  6645.9375  1.00610e+00  8.44050e-01  1.00511e+00  0.00000e+00
   3825.95  6646.5625  1.00721e+00  1.05517e+00  1.00708e+00  0.00000e+00
   3854.50  6647.1875  9.82259e-01  1.08644e+00  9.82569e-01  0.00000e+00
   3883.05  6647.8125  9.17717e-01  7.07831e-01  9.17821e-01  0.00000e+00
   3911.61  6648.4375  1.00188e+00  1.12146e+00  1.00196e+00  0.00000e+00
   3940.16  6649.0625  1.14944e+00  9.73337e-01  1.14973e+00  0.00000e+00
   3968.71  6649.6875  1.31741e+00  1.56386e+00  1.31724e+00  0.00000e+00
   3997.26  6650.3125  1.26947e+00  1.25359e+00  1.26920e+00  0.00000e+00
   4025.81  6650.9375  1.11944e+00  1.08774e+00  1.11972e+00  0.00000e+00
   4054.36  6651.5625  1.02783e+00  1.00005e+00  1.02752e+00  0.00000e+00
   4082.91  6652.1875  9.69377e-01  1.01927e+00  9.68688e-01  0.00000e+00
   4111.46  6652.8125  9.62145e-01  7.88080e-01  9.61568e-01  0.00000e+00
   4140.01  6653.4375  1.06111e+00  1.22681e+00  1.06138e+00  0.00000e+00
   4168.56  6654.0625  1.10842e+00  9.95750e-01  1.10847e+00  0.00000e+00
   4197.12  6654.6875  1.15200e+00  1.24489e+00  1.15105e+00  0.00000e+00
   4225.67  6655.3125  1.08717e+00  1.17051e+00  1.08634e+00  0.00000e+00
   4254.22  6655.9375  9.23681e-01  8.15389e-01  9.23905e-01  0.00000e+00
   4282.77  6656.5625  8.42727e-01  8.60989e-01  8.43599e-01  0.00000e+00
   4311.32  6657.1875  8.50224e-01  7.64953e-01  8.50753e-01  0.00000e+00
   4339.87  6657.8125  9.23379e-01  9.90532e-01  9.23967e-01  0.00000e+00
   4368.42  6658.4375  9.56662e-01  9.57729e-01  9.57285e-01  0.00000e+00
   4396.97  6659.0625  9.46563e-01  9.56729e-01  9.47124e-01  0.00000e+00
   4425.52  6659.6875  9.55713e-01  8.93293e-01  9.56153e-01  0.00000e+00
   4454.08  6660.3125  1.00253e+00  1.06712e+00  1.00255e+00  0.00000e+00
   4482.63  6660.9375  9.95008e-01  1.00600e+00  9.95153e-01  0.00000e+00
   4511.18  6661.5625  9.54462e-01  9.23073e-01  9.54693e-01  0.00000e+00
   4539.73  6662.1875  9.44738e-01  9.49902e-01  9.44620e-01  0.00000e+00
   4568.28  6662.8125  9.65687e-01  9.35456e-01  9.65652e-01  0.00000e+00
   4596.83  6663.4375  1.02575e+00  1.01992e+00  1.02577e+00  0.00000e+00
   4625.38  6664.0625  1.06851e+00  1.14480e+00  1.06848e+00  0.00000e+00
   4653.93  6664.6875  1.06710e+00  9.75856e-01  1.06775e+00  0.00000e+00
   4682.48  6665.3125  1.09792e+00  1.16830e+00  1.09835e+00  0.00000e+00
   4711.03  6665.9375  1.07815e+00  1.09660e+00  1.07750e+00  0.00000e+00
   4739.59  6666.5625  1.02594e+00  9.74126e-01  1.02509e+00  0.00000e+00
   4768.14  6667.1875  1.03115e+00  1.02501e+00  1.03027e+00  0.00000e+00
   4796.69  6667.8125  1.04472e+00  1.09761e+00  1.04384e+00  0.00000e+00
   4825.24  6668.4375  1.02035e+00  9.78421e-01  1.02013e+00  0.00000e+00
   4853.79  6669.0625  1.04193e+00  9.97044e-01  1.04295e+00  0.00000e+00
   4882.34  6669.6875  1.06216e+00  1.21221e+00  1.06406e+00  0.00000e+00
   4910.89  6670.3125  1.01784e+00  8.36613e-01  1.01949e+00  0.00000e+00
   4939.44  6670.9375  1.07113e+00  1.16156e+00  1.07311e+00  0.00000e+00
   4967.99  6671.5625  1.10873e+00  1.10496e+00  1.11099e+00  0.00000e+00
   4996.54  6672.1875  1.06677e+00  1.13121e+00  1.06798e+00  0.00000e+00
   5025.10  6672.8125  1.00187e+00  8.98735e-01  1.00261e+00  0.00000e+00
   5053.65  6673.4375  1.05198e+00  1.01619e+00  1.05243e+00  0.00000e+00
   5082.20  6674.0625  1.11191e+00  1.27976e+00  1.11128e+00  0.00000e+00
   5110.75  6674.6875  1.03786e+00  9.31241e-01  1.03684e+00  0.00000e+00
   5139.30  6675.3125  1.01096e+00  1.00268e+00  1.01153e+00  0.00000e+00
   5167.85  6675.9375  1.06604e+00  1.04512e+00  1.06746e+00  0.00000e+00
   5196.40  6676.5625  1.13588e+00  1.16975e+00  1.13651e+00  0.00000e+00
   5224.95  6677.1875  1.14278e+00  1.19103e+00  1.14215e+00  0.00000e+00
   5253.50  6677.8125  1.04714e+00  1.07966e+00  1.04584e+00  0.00000e+00
   5282.06  6678.4375  9.16698e-01  8.60306e-01  9.15792e-01  0.00000e+00
   5310.61  6679.0625  9.14042e-01  7.80331e-01  9.13587e-01  0.00000e+00
   5339.16  6679.6875  9.98071e-01  1.21470e+00  9.97834e-01  0.00000e+00
   5367.71  6680.3125  9.79666e-01  7.97193e-01  9.79655e-01  0.00000e+00
   5396.26  6680.9375  9.61642e-01  1.16391e+00  9.60938e-01  0.00000e+00
   5424.81  6681.5625  9.06191e-01  6.94098e-01  9.05110e-01  0.00000e+00
   5453.36  6682.1875  1.01631e+00  1.01156e+00  1.01551e+00  0.00000e+00
   5481.91  6682.8125  1.17391e+00  1.30427e+00  1.17356e+00  0.00000e+00
   5510.46  6683.4375  1.14602e+00  1.18627e+00  1.14542e+00  0.00000e+00
   5539.01  6684.0625  1.03464e+00  9.51375e-01  1.03333e+00  0.00000e+00
   5567.57  6684.6875  9.97034e-01  1.01618e+00  9.95619e-01  0.00000e+00
   5596.12  6685.3125  1.03131e+00  9.48418e-01  1.02965e+00  0.00000e+00
   5624.67  6685.9375  1.12189e+00  1.19634e+00  1.12032e+00  0.00000e+00
   5653.22  6686.5625  1.15840e+00  1.16655e+00  1.15782e+00  0.00000e+00
   5681.77  6687.1875  1.14940e+00  1.13182e+00  1.14882e+00  0.00000e+00
   5710.32  6687.8125  1.10585e+00  1.19107e+00  1.10481e+00  0.00000e+00
   5738.87  6688.4375  9.86191e-01  9.44395e-01  9.85679e-01  0.00000e+00
   5767.42  6689.0625  9.03051e-01  8.50420e-01  9.03417e-01  0.00000e+00
   5795.97  6689.6875  9.18906e-01  9.14110e-01  9.19390e-01  0.00000e+00
   5824.52  6690.3125  1.02215e+00  9.34079e-01  1.02222e+00  0.00000e+00
   5853.08  6690.9375  1.14144e+00  1.32020e+00  1.14103e+00  0.00000e+00
   5881.63  6691.5625  1.12086e+00  1.04544e+00  1.12035e+00  0.00000e+00
   5910.18  6692.1875  1.08837e+00  1.10147e+00  1.08924e+00  0.00000e+00
   5938.73  6692.8125  1.09031e+00  1.06583e+00  1.09209e+00  0.00000e+00
   5967.28  6693.4375  1.07919e+00  1.15400e+00  1.08083e+00  0.00000e+00
   5995.83  6694.0625  1.05871e+00  9.23753e-01  1.05977e+00  0.00000e+00
   6024.38  6694.6875  1.07695e+00  1.24324e+00  1.07711e+00  0.00000e+00
   6052.93  6695.3125  1.03013e+00  9.03498e-01  1.02978e+00  0.00000e+00
   6081.48  6695.9375  1.05530e+00  1.04710e+00  1.05469e+00  0.00000e+00
   6110.04  6696.5625  1.06434e+00  1.23205e+00  1.06467e+00  0.00000e+00
   6138.59  6697.1875  9.29685e-01  8.16264e-01  9.30814e-01  0.00000e+00
   6167.14  6697.8125  8.83672e-01  8.21343e-01  8.84562e-01  0.00000e+00
   6195.69  6698.4375  9.97327e-01  9.68675e-01  9.97786e-01  0.00000e+00
   6224.24  6699.0625  1.11329e+00  1.24438e+00  1.11329e+00  0.00000e+00
   6252.79  6699.6875  1.10088e+00  1.05163e+00  1.10045e+00  0.00000e+00
   6281.34  6700.3125  1.04665e+00  1.10563e+00  1.04622e+00  0.00000e+00
   6309.89  6700.9375  1.05420e+00  8.53105e-01  1.05356e+00  0.00000e+00
   6338.44  6701.5625  1.16338e+00  1.38310e+00  1.16216e+00  0.00000e+00
   6366.99  6702.1875  1.11504e+00  1.09473e+00  1.11377e+00  0.00000e+00
   6395.55  6702.8125  1.03137e+00  9.24557e-01  1.03050e+00  0.00000e+00
   6424.10  6703.4375  1.06961e+00  1.10078e+00  1.06960e+00  0.00000e+00
   6452.65  6704.0625  1.02298e+00  1.21302e+00  1.02313e+00  0.00000e+00
   6481.20  6704.6875  8.28496e-01  6.33606e-01  8.27976e-01  0.00000e+00
   6509.75  6705.3125  8.26413e-01  7.38709e-01  8.26131e-01  0.00000e+00
   6538.30  6705.9375  9.66873e-01  1.10742e+00  9.66532e-01  0.00000e+00
   6566.85  6706.5625  9.67626e-01  9.98597e-01  9.67128e-01  0.00000e+00
   6595.40  6707.1875  9.55996e-01  7.60142e-01  9.55463e-01  0.00000e+00
   6623.95  6707.8125  1.05539e+00  1.26750e+00  1.05555e+00  0.00000e+00
   6652.50  6708.4375  1.02764e+00  9.68626e-01  1.02903e+00  0.00000e+00
   6681.06  6709.0625  9.84844e-01  9.30913e-01  9.86403e-01  0.00000e+00
   6709.61  6709.6875  9.80701e-01  1.09488e+00  9.81760e-01  0.00000e+00
   6738.16  6710.3125  9.80879e-01  7.67724e-01  9.81327e-01  0.00000e+00
   6766.71  6710.9375  1.05653e+00  1.29255e+00  1.05614e+00  0.00000e+00
   6795.26  6711.5625  9.83487e-01  9.20381e-01  9.82530e-01  0.00000e+00
   6823.81  6712.1875  9.10038e-01  8.27999e-01  9.09482e-01  0.00000e+00
   6852.36  6712.8125  9.98447e-01  9.55454e-01  9.98795e-01  0.00000e+00
   6880.91  6713.4375  1.12307e+00  1.24472e+00  1.12385e+00  0.00000e+00
   6909.46  6714.0625  1.11993e+00  1.11076e+00  1.12041e+00  0.00000e+00
   6938.02  6714.6875  1.06120e+00  1.04968e+00  1.06173e+00  0.00000e+00
   6966.57  6715.3125  9.85196e-01  1.04707e+00  9.85393e-01  0.00000e+00
   6995.12  6715.9375  8.94234e-01  7.93371e-01  8.93770e-01  0.00000e+00
   7023.67  6716.5625  8.86571e-01  9.14976e-01  8.86229e-01  0.00000e+00
   7052.22  6717.1875  9.45515e-01  8.61468e-01  9.46159e-01  0.00000e+00
   7080.77  6717.8125  1.00867e+00  1.17268e+00  1.00971e+00  0.00000e+00
   7109.32  6718.4375  9.98201e-01  8.36635e-01  9.98321e-01  0.00000e+00
   7137.87  6719.0625  1.05616e+00  1.13795e+00  1.05575e+00  0.00000e+00
   7166.42  6719.6875  1.08025e+00  1.10829e+00  1.08005e+00  0.00000e+00
   7194.97  6720.3125  1.02270e+00  1.02618e+00  1.02322e+00  0.00000e+00
   7223.53  6720.9375  9.78944e-01  9.17019e-01  9.79423e-01  0.00000e+00
   7252.08  6721.5625  1.03026e+00  1.00374e+00  1.03030e+00  0.00000e+00
   7280.63  6722.1875  1.12605e+00  1.16451e+00  1.12625e+00  0.00000e+00
   7309.18  6722.8125  1.10136e+00  1.25130e+00  1.10252e+00  0.00000e+00
   7337.73  6723.4375  9.27636e-01  8.08302e-01  9.29843e-01  0.00000e+00
   7366.28  6724.0625  8.51149e-01  8.04922e-01  8.53197e-01  0.00000e+00
   7394.83  6724.6875  9.37918e-01  8.77238e-01  9.38710e-01  0.00000e+00
   7423.38  6725.3125  1.08490e+00  1.17402e+00  1.08480e+00  0.00000e+00
   7451.93  6725.9375  1.16116e+00  1.13740e+00  1.16114e+00  0.00000e+00
   7480.48  6726.5625  1.14431e+00  1.26833e+00  1.14474e+00  0.00000e+00
   7509.04  6727.1875  1.02593e+00  9.41471e-01  1.02580e+00  0.00000e+00
   7537.59  6727.8125  9.72340e-01  9.29482e-01  9.70944e-01  0.00000e+00
   7566.14  6728.4375  1.02856e+00  1.01922e+00  1.02723e+00  0.00000e+00
   7594.69  6729.0625  1.11380e+00  1.12894e+00  1.11332e+00  0.00000e+00
   7623.24  6729.6875  1.12688e+00  1.22575e+00  1.12672e+00  0.00000e+00
   7651.79  6730.3125  1.02744e+00  9.84691e-01  1.02737e+00  0.00000e+00
   7680.34  6730.9375  9.74044e-01  8.94392e-01  9.73843e-01  0.00000e+00
   7708.89  6731.5625  1.05371e+00  1.03452e+00  1.05361e+00  0.00000e+00
   7737.44  6732.1875  1.08071e+00  1.30403e+00  1.08121e+00  0.00000e+00
   7765.99  6732.8125  9.59281e-01  7.34472e-01  9.59884e-01  0.00000e+00
   7794.55  6733.4375  9.84312e-01  1.01276e+00  9.84673e-01  0.00000e+00
   7823.10  6734.0625  1.07554e+00  1.11671e+00  1.07509e+00  0.00000e+00
   7851.65  6734.6875  1.10448e+00  1.10295e+00  1.10366e+00  0.00000e+00
   7880.20  6735.3125  1.12472e+00  1.09310e+00  1.12439e+00  0.00000e+00
   7908.75  6735.9375  1.12225e+00  1.22942e+00  1.12215e+00  0.00000e+00
   7937.30  6736.5625  1.01601e+00  9.91767e-01  1.01591e+00  0.00000e+00
   7965.85  6737.1875  9.64854e-01  8.13255e-01  9.64779e-01  0.00000e+00
   7994.40  6737.8125  1.03735e+00  1.19194e+00  1.03665e+00  0.00000e+00
   8022.95  6738.4375  1.06415e+00  9.48633e-01  1.06367e+00  0.00000e+00
   8051.51  6739.0625  1.10693e+00  1.18568e+00  1.10700e+00  0.00000e+00
   8080.06  6739.6875  1.08992e+00  1.12739e+00  1.08997e+00  0.00000e+00
   8108.61  6740.3125  1.03755e+00  9.38842e-01  1.03727e+00  0.00000e+00
   8137.16  6740.9375  1.05693e+00  1.10954e+00  1.05730e+00  0.00000e+00
   8165.71  6741.5625  1.02976e+00  1.09663e+00  1.03056e+00  0.00000e+00
   8194.26  6742.1875  9.78834e-01  8.18494e-01  9.79594e-01  0.00000e+00
   8222.81  6742.8125  1.04184e+00  1.13752e+00  1.04202e+00  0.00000e+00
   8251.36  6743.4375  1.07653e+00  1.06670e+00  1.07687e+00  0.00000e+00
   8279.91  6744.0625  1.04273e+00  1.09399e+00  1.04325e+00  0.00000e+00
   8308.46  6744.6875  9.82484e-01  9.15388e-01  9.82921e-01  0.00000e+00
   8337.02  6745.3125  9.63243e-01  9.96651e-01  9.63172e-01  0.00000e+00
   8365.57  6745.9375  9.66836e-01  9.09964e-01  9.66977e-01  0.00000e+00
   8394.12  6746.5625  9.33473e-01  1.10414e+00  9.33943e-01  0.00000e+00
   8422.67  6747.1875  8.53572e-01  5.98668e-01  8.54375e-01  0.00000e+00
   8451.22  6747.8125  8.93093e-01  1.09399e+00  8.93713e-01  0.00000e+00
   8479.77  6748.4375  8.70056e-01  7.81005e-01  8.70307e-01  0.00000e+00
   8508.32  6749.0625  9.00494e-01  8.21414e-01  9.00586e-01  0.00000e+00
   8536.87  6749.6875  1.07126e+00  1.08384e+00  1.07145e+00  0.00000e+00
   8565.42  6750.3125  1.19246e+00  1.33244e+00  1.19293e+00  0.00000e+00
   8593.97  6750.9375  1.14435e+00  1.11190e+00  1.14470e+00  0.00000e+00
   8622.53  6751.5625  1.10057e+00  1.01434e+00  1.10119e+00  0.00000e+00
   8651.08  6752.1875  1.09558e+00  1.25894e+00  1.09595e+00  0.00000e+00
   8679.63  6752.8125  1.05119e+00  8.32486e-01  1.05092e+00  0.00000e+00
   8708.18  6753.4375  1.06784e+00  1.29717e+00  1.06744e+00  0.00000e+00
   8736.73  6754.0625  9.99345e-01  8.49000e-01  9.99599e-01  0.00000e+00
   8765.28  6754.6875  1.02565e+00  9.67518e-01  1.02615e+00  0.00000e+00
   8793.83  6755.3125  1.05006e+00  1.32911e+00  1.05007e+00  0.00000e+00
   8822.38  6755.9375  8.70418e-01  6.63769e-01  8.70842e-01  0.00000e+00
   8850.93  6756.5625  8.33815e-01  7.68976e-01  8.34967e-01  0.00000e+00
   8879.49  6757.1875  9.25164e-01  1.05342e+00  9.26348e-01  0.00000e+00
   8908.04  6757.8125  9.46370e-01  8.56219e-01  9.46511e-01  0.00000e+00
   8936.59  6758.4375  9.98282e-01  1.01446e+00  9.97805e-01  0.00000e+00
   8965.14  6759.0625  1.01598e+00  1.12305e+00  1.01553e+00  0.00000e+00
   8993.69  6759.6875  9.24929e-01  8.61429e-01  9.24799e-01  0.00000e+00
   9022.24  6760.3125  8.92088e-01  8.24979e-01  8.91886e-01  0.00000e+00
   9050.79  6760.9375  9.50167e-01  1.00285e+00  9.49786e-01  0.00000e+00
   9079.34  6761.5625  9.52854e-01  1.00369e+00  9.52895e-01  0.00000e+00
   9107.89  6762.1875  9.04451e-01  8.23364e-01  9.05252e-01  0.00000e+00
   9136.44  6762.8125  8.94611e-01  9.62291e-01  8.95143e-01  0.00000e+00
   9165.00  6763.4375  9.05056e-01  7.91529e-01  9.04844e-01  0.00000e+00
   9193.55  6764.0625  9.36831e-01  1.10259e+00  9.36246e-01  0.00000e+00
   9222.10  6764.6875  9.59428e-01  7.06342e-01  9.59106e-01  0.00000e+00
   9250.65  6765.3125  1.08109e+00  1.32123e+00  1.08092e+00  0.00000e+00
   9279.20  6765.9375  1.09226e+00  9.84757e-01  1.09212e+00  0.00000e+00
   9307.75  6766.5625  1.05994e+00  1.14830e+00  1.06002e+00  0.00000e+00
   9336.30  6767.1875  1.03313e+00  9.20142e-01  1.03240e+00  0.00000e+00
   9364.85  6767.8125  1.07161e+00  1.13209e+00  1.07064e+00  0.00000e+00
   9393.40  6768.4375  1.10447e+00  1.08569e+00  1.10362e+00  0.00000e+00
   9421.95  6769.0625  1.09759e+00  1.15061e+00  1.09660e+00  0.00000e+00
   9450.51  6769.6875  1.03332e+00  1.02649e+00  1.03241e+00  0.00000e+00
   9479.06  6770.3125  9.54244e-01  9.46461e-01  9.53793e-01  0.00000e+00
   9507.61  6770.9375  9.31790e-01  8.53526e-01  9.31041e-01  0.00000e+00
   9536.16  6771.5625  9.54937e-01  1.06370e+00  9.53926e-01  0.00000e+00
   9564.71  6772.1875  9.14258e-01  8.55179e-01  9.13578e-01  0.00000e+00
   9593.26  6772.8125  8.56462e-01  9.16386e-01  8.55634e-01  0.00000e+00
   9621.81  6773.4375  8.20469e-01  7.03428e-01  8.19873e-01  0.00000e+00
   9650.36  6774.0625  8.75422e-01  9.23153e-01  8.75241e-01  0.00000e+00
   9678.91  6774.6875  9.05549e-01  9.62241e-01  9.05463e-01  0.00000e+00
   9707.47  6775.3125  9.06420e-01  7.81129e-01  9.06468e-01  0.00000e+00
   9736.02  6775.9375  9.59188e-01  1.09434e+00  9.59499e-01  0.00000e+00
   9764.57  6776.5625  9.55467e-01  8.70656e-01  9.55937e-01  0.00000e+00
   9793.12  6777.1875  9.55579e-01  1.01005e+00  9.56044e-01  0.00000e+00
   9821.67  6777.8125  9.57537e-01  9.11204e-01  9.58298e-01  0.00000e+00
   9850.22  6778.4375  9.78341e-01  9.95509e-01  9.79071e-01  0.00000e+00
   9878.77  6779.0625  9.59490e-01  1.03437e+00  9.59594e-01  0.00000e+00
   9907.32  6779.6875  8.87362e-01  8.01254e-01  8.87273e-01  0.00000e+00
   9935.87  6780.3125  9.36004e-01  8.44245e-01  9.36173e-01  0.00000e+00
   9964.42  6780.9375  1.07577e+00  1.20217e+00  1.07584e+00  0.00000e+00
   9992.98  6781.5625  1.03263e+00  1.16178e+00  1.03233e+00  0.00000e+00
  10021.53  6782.1875  8.47941e-01  6.74939e-01  8.47708e-01  0.00000e+00
  10050.08  6782.8125  8.09996e-01  8.13662e-01  8.09805e-01  0.00000e+00
  10078.63  6783.4375  8.72485e-01  8.59789e-01  8.72474e-01  0.00000e+00
  10107.18  6784.0625  8.96674e-01  9.98547e-01  8.97178e-01  0.00000e+00
  10135.73  6784.6875  8.52180e-01  7.56356e-01  8.52662e-01  0.00000e+00
  10164.28  6785.3125  8.99641e-01  8.49198e-01  8.99755e-01  0.00000e+00
  10192.83  6785.9375  9.79151e-01  1.13325e+00  9.78969e-01  0.00000e+00
  10221.38  6786.5625  9.52546e-01  8.45682e-01  9.52678e-01  0.00000e+00
  10249.93  6787.1875  9.83546e-01  9.65864e-01  9.83914e-01  0.00000e+00
  10278.49  6787.8125  1.03006e+00  1.14279e+00  1.03085e+00  0.00000e+00
  10307.04  6788.4375  9.58114e-01  9.34603e-01  9.59696e-01  0.00000e+00
  10335.59  6789.0625  9.06849e-01  8.09824e-01  9.08012e-01  0.00000e+00
  10364.14  6789.6875  9.60298e-01  1.01333e+00  9.60498e-01  0.00000e+00
  10392.69  6790.3125  9.49841e-01  1.04295e+00  9.49501e-01  0.00000e+00
  10421.24  6790.9375  8.54581e-01  7.43488e-01  8.54219e-01  0.00000e+00
  10449.79  6791.5625  8.70314e-01  8.34422e-01  8.69713e-01  0.00000e+00
  10478.34  6792.1875  9.80188e-01  1.00628e+00  9.79551e-01  0.00000e+00
  10506.89  6792.8125  1.03912e+00  1.11144e+00  1.03857e+00  0.00000e+00
  10535.45  6793.4375  1.02775e+00  9.59487e-01  1.02807e+00  0.00000e+00
  10564.00  6794.0625  1.05357e+00  1.06525e+00  1.05444e+00  0.00000e+00
  10592.55  6794.6875  1.06715e+00  1.12818e+00  1.06800e+00  0.00000e+00
  10621.10  6795.3125  1.01525e+00  9.79194e-01  1.01578e+00  0.00000e+00
  10649.65  6795.9375  9.55584e-01  9.88360e-01  9.55671e-01  0.00000e+00
  10678.20  6796.5625  9.03222e-01  8.53264e-01  9.03668e-01  0.00000e+00
  10706.75  6797.1875  9.08839e-01  8.88879e-01  9.08891e-01  0.00000e+00
  10735.30  6797.8125  9.39748e-01  9.98221e-01  9.38704e-01  0.00000e+00
  10763.85  6798.4375  9.84016e-01  8.44829e-01  9.82700e-01  0.00000e+00
  10792.40  6799.0625  1.05531e+00  1.26296e+00  1.05453e+00  0.00000e+00
  10820.96  6799.6875  9.78503e-01  9.05701e-01  9.78345e-01  0.00000e+00
  10849.51  6800.3125  9.34030e-01  8.48990e-01  9.33964e-01  0.00000e+00
  10878.06  6800.9375  1.10464e+00  9.78299e-01  1.10442e+00  0.00000e+00
  10906.61  6801.5625  1.27683e+00  1.64865e+00  1.27676e+00  0.00000e+00
  10935.16  6802.1875  1.11584e+00  9.82136e-01  1.11621e+00  0.00000e+00
  10963.71  6802.8125  9.61395e-01  8.76766e-01  9.61241e-01  0.00000e+00
  10992.26  6803.4375  9.64384e-01  1.00818e+00  9.63935e-01  0.00000e+00
  11020.81  6804.0625  9.92686e-01  9.38305e-01  9.92000e-01  0.00000e+00
  11049.36  6804.6875  9.67008e-01  1.13977e+00  9.66455e-01  0.00000e+00
  11077.91  6805.3125  7.97444e-01  7.12640e-01  7.97390e-01  0.00000e+00
  11106.47  6805.9375  7.07144e-01  5.90746e-01  7.07464e-01  0.00000e+00
  11135.02  6806.5625  7.92622e-01  8.37857e-01  7.92772e-01  0.00000e+00
  11163.57  6807.1875  9.20493e-01  8.65403e-01  9.20465e-01  0.00000e+00
  11192.12  6807.8125  1.01644e+00  1.15186e+00  1.01636e+00  0.00000e+00
  11220.67  6808.4375  9.79305e-01  9.56056e-01  9.79189e-01  0.00000e+00
  11249.22  6809.0625  9.29542e-01  8.70307e-01  9.29685e-01  0.00000e+00
  11277.77  6809.6875  9.77061e-01  9.60064e-01  9.76964e-01  0.00000e+00
  11306.32  6810.3125  1.05637e+00  1.10557e+00  1.05560e+00  0.00000e+00
  11334.87  6810.9375  1.10951e+00  1.05779e+00  1.10866e+00  0.00000e+00
  11363.43  6811.5625  1.13882e+00  1.25215e+00  1.13869e+00  0.00000e+00
  11391.98  6812.1875  1.13934e+00  9.81015e-01  1.13930e+00  0.00000e+00
  11420.53  6812.8125  1.21890e+00  1.32500e+00  1.21874e+00  0.00000e+00
  11449.08  6813.4375  1.22759e+00  1.26026e+00  1.22758e+00  0.00000e+00
  11477.63  6814.0625  1.11173e+00  1.15508e+00  1.11236e+00  0.00000e+00
  11506.18  6814.6875  9.94404e-01  8.60641e-01  9.94905e-01  0.00000e+00
  11534.73  6815.3125  1.00868e+00  1.04239e+00  1.00854e+00  0.00000e+00
  11563.28  6815.9375  1.06301e+00  1.05026e+00  1.06336e+00  0.00000e+00
  11591.83  6816.5625  1.06988e+00  1.14875e+00  1.07069e+00  0.00000e+00
  11620.38  6817.1875  9.81364e-01  9.85714e-01  9.81577e-01  0.00000e+00
  11648.94  6817.8125  9.42279e-01  7.63025e-01  9.42195e-01  0.00000e+00
  11677.49  6818.4375  1.02787e+00  1.21320e+00  1.02772e+00  0.00000e+00
  11706.04  6819.0625  1.02814e+00  9.37312e-01  1.02796e+00  0.00000e+00
  11734.59  6819.6875  1.01130e+00  1.06582e+00  1.01162e+00  0.00000e+00
  11763.14  6820.3125  1.00126e+00  9.53362e-01  1.00148e+00  0.00000e+00
  11791.69  6820.9375  1.04252e+00  1.00254e+00  1.04192e+00  0.00000e+00
  11820.24  6821.5625  1.04506e+00  1.25292e+00  1.04440e+00  0.00000e+00
  11848.79  6822.1875  9.24585e-01  7.10631e-01  9.24519e-01  0.00000e+00
  11877.34  6822.8125  9.32968e-01  9.80293e-01  9.33394e-01  0.00000e+00
  11905.89  6823.4375  9.52229e-01  1.03938e+00  9.52863e-01  0.00000e+00
  11934.45  6824.0625  9.00991e-01  7.85898e-01  9.02331e-01  0.00000e+00
  11963.00  6824.6875  9.09190e-01  9.81342e-01  9.10778e-01  0.00000e+00
  11991.55  6825.3125  9.62135e-01  8.32602e-01  9.63055e-01  0.00000e+00
  12020.10  6825.9375  1.06376e+00  1.20582e+00  1.06400e+00  0.00000e+00
  12048.65  6826.5625  1.08460e+00  1.02905e+00  1.08395e+00  0.00000e+00
  12077.20  6827.1875  1.07773e+00  1.10800e+00  1.07662e+00  0.00000e+00
  12105.75  6827.8125  1.03805e+00  1.08001e+00  1.03706e+00  0.00000e+00
  12134.30  6828.4375  9.99669e-01  8.74112e-01  9.99143e-01  0.00000e+00
  12162.85  6829.0625  1.05388e+00  1.13451e+00  1.05360e+00  0.00000e+00
  12191.40  6829.6875  1.08166e+00  1.06917e+00  1.08055e+00  0.00000e+00
  12219.96  6830.3125  1.06016e+00  1.09738e+00  1.05895e+00  0.00000e+00
  12248.51  6830.9375  1.01260e+00  9.75834e-01  1.01240e+00  0.00000e+00
  12277.06  6831.5625  9.40665e-01  1.03407e+00  9.41062e-01  0.00000e+00
  12305.61  6832.1875  8.60089e-01  7.01232e-01  8.60406e-01  0.00000e+00
  12334.16  6832.8125  9.03663e-01  9.53054e-01  9.03994e-01  0.00000e+00
  12362.71  6833.4375  9.29565e-01  1.00569e+00  9.30083e-01  0.00000e+00
  12391.26  6834.0625  8.56925e-01  8.15407e-01  8.57959e-01  0.00000e+00
  12419.81  6834.6875  8.34600e-01  7.60397e-01  8.35085e-01  0.00000e+00
  12448.36  6835.3125  8.94126e-01  9.58128e-01  8.93651e-01  0.00000e+00
  12476.92  6835.9375  8.99727e-01  9.30487e-01  8.99222e-01  0.00000e+00
  12505.47  6836.5625  8.90810e-01  7.82750e-01  8.90003e-01  0.00000e+00
  12534.02  6837.1875  9.59720e-01  1.03554e+00  9.58804e-01  0.00000e+00
  12562.57  6837.8125  9.98131e-01  9.86237e-01  9.97914e-01  0.00000e+00
  12591.12  6838.4375  9.90217e-01  1.02525e+00  9.90365e-01  0.00000e+00
  12619.67  6839.0625  9.70890e-01  9.21630e-01  9.70450e-01  0.00000e+00
  12648.22  6839.6875  1.00818e+00  9.84794e-01  1.00757e+00  0.00000e+00
  12676.77  6840.3125  1.06190e+00  1.13812e+00  1.06174e+00  0.00000e+00
  12705.32  6840.9375  1.06898e+00  9.95641e-01  1.06983e+00  0.00000e+00
  12733.87  6841.5625  1.03871e+00  1.19308e+00  1.03968e+00  0.00000e+00
  12762.43  6842.1875  9.24809e-01  7.95432e-01  9.25444e-01  0.00000e+00
  12790.98  6842.8125  9.20540e-01  8.68089e-01  9.20876e-01  0.00000e+00
  12819.53  6843.4375  9.92655e-01  1.10593e+00  9.92981e-01  0.00000e+00
  12848.08  6844.0625  9.82609e-01  9.28581e-01  9.83005e-01  0.00000e+00
  12876.63  6844.6875  9.72550e-01  9.78052e-01  9.73294e-01  0.00000e+00
  12905.18  6845.3125  9.66304e-01  1.00230e+00  9.67573e-01  0.00000e+00
  12933.73  6845.9375  9.70378e-01  8.61305e-01  9.71908e-01  0.00000e+00
  12962.28  6846.5625  9.88933e-01  1.17773e+00  9.90622e-01  0.00000e+00
  12990.83  6847.1875  9.23198e-01  7.52036e-01  9.24288e-01  0.00000e+00
  13019.38  6847.8125  9.54245e-01  9.89344e-01  9.54894e-01  0.00000e+00
  13047.94  6848.4375  1.04034e+00  1.02879e+00  1.04111e+00  0.00000e+00
  13076.49  6849.0625  1.08164e+00  1.15898e+00  1.08253e+00  0.00000e+00
  13105.04  6849.6875  1.06250e+00  9.99806e-01  1.06308e+00  0.00000e+00
  13133.59  6850.3125  1.06576e+00  1.08919e+00  1.06598e+00  0.00000e+00
  13162.14  6850.9375  1.05984e+00  1.08089e+00  1.06009e+00  0.00000e+00
  13190.69  6851.5625  1.00958e+00  1.02208e+00  1.01014e+00  0.00000e+00
  13219.24  6852.1875  9.88605e-01  8.87460e-01  9.88459e-01  0.00000e+00
  13247.79  6852.8125  1.05808e+00  1.11517e+00  1.05757e+00  0.00000e+00
  13276.34  6853.4375  1.07997e+00  1.13337e+00  1.08062e+00  0.00000e+00
  13304.90  6854.0625  1.00287e+00  9.99296e-01  1.00378e+00  0.00000e+00
  13333.45  6854.6875  9.27927e-01  8.78131e-01  9.28076e-01  0.00000e+00
  13362.00  6855.3125  9.44456e-01  8.99724e-01  9.44109e-01  0.00000e+00
  13390.55  6855.9375  1.00006e+00  1.08457e+00  9.99751e-01  0.00000e+00
  13419.10  6856.5625  9.78985e-01  9.69363e-01  9.79050e-01  0.00000e+00
  13447.65  6857.1875  9.58133e-01  9.02411e-01  9.58580e-01  0.00000e+00
  13476.20  6857.8125  1.06668e+00  9.70835e-01  1.06727e+00  0.00000e+00
  13504.75  6858.4375  1.22492e+00  1.41301e+00  1.22572e+00  0.00000e+00
  13533.30  6859.0625  1.21563e+00  1.17266e+00  1.21618e+00  0.00000e+00
  13561.85  6859.6875  1.11228e+00  1.18278e+00  1.11281e+00  0.00000e+00
  13590.41  6860.3125  9.87844e-01  9.04115e-01  9.88921e-01  0.00000e+00
  13618.96  6860.9375  9.72831e-01  9.04128e-01  9.74577e-01  0.00000e+00
  13647.51  6861.5625  1.04005e+00  1.13560e+00  1.04192e+00  0.00000e+00
  13676.06  6862.1875  1.03019e+00  1.02346e+00  1.03070e+00  0.00000e+00
  13704.61  6862.8125  1.00591e+00  9.50697e-01  1.00546e+00  0.00000e+00
  13733.16  6863.4375  1.03992e+00  1.06772e+00  1.03939e+00  0.00000e+00
  13761.71  6864.0625  1.07782e+00  1.06303e+00  1.07760e+00  0.00000e+00
  13790.26  6864.6875  1.08903e+00  1.14413e+00  1.08959e+00  0.00000e+00
  13818.81  6865.3125  1.06770e+00  1.00839e+00  1.06832e+00  0.00000e+00
  13847.36  6865.9375  1.04701e+00  1.12923e+00  1.04676e+00  0.00000e+00
  13875.92  6866.5625  1.02062e+00  8.98182e-01  1.02074e+00  0.00000e+00
  13904.47  6867.1875  1.03548e+00  1.16449e+00  1.03649e+00  0.00000e+00
  13933.02  6867.8125  1.01246e+00  9.00679e-01  1.01366e+00  0.00000e+00
  13961.57  6868.4375  9.80423e-01  1.12585e+00  9.80885e-01  0.00000e+00
  13990.12  6869.0625  8.92660e-01  7.66744e-01  8.92545e-01  0.00000e+00
  14018.67  6869.6875  8.69476e-01  9.05884e-01  8.69588e-01  0.00000e+00
  14047.22  6870.3125  9.13745e-01  8.32864e-01  9.13383e-01  0.00000e+00
  14075.77  6870.9375  9.70447e-01  1.10324e+00  9.69248e-01  0.00000e+00
  14104.32  6871.5625  9.46997e-01  8.64066e-01  9.45793e-01  0.00000e+00
  14132.88  6872.1875  9.42985e-01  9.66361e-01  9.42616e-01  0.00000e+00
  14161.43  6872.8125  9.72404e-01  9.44313e-01  9.73185e-01  0.00000e+00
  14189.98  6873.4375  1.05168e+00  1.00634e+00  1.05288e+00  0.00000e+00
  14218.53  6874.0625  1.13693e+00  1.25601e+00  1.13692e+00  0.00000e+00
  14247.08  6874.6875  1.12294e+00  1.07205e+00  1.12269e+00  0.00000e+00
  14275.63  6875.3125  1.11052e+00  1.10146e+00  1.11125e+00  0.00000e+00
  14304.18  6875.9375  1.11027e+00  1.14884e+00  1.11101e+00  0.00000e+00
  14332.73  6876.5625  1.01175e+00  1.10908e+00  1.01242e+00  0.00000e+00
  14361.28  6877.1875  8.55817e-01  7.00602e-01  8.56878e-01  0.00000e+00
  14389.83  6877.8125  8.64944e-01  8.26891e-01  8.66001e-01  0.00000e+00
  14418.39  6878.4375  9.32508e-01  1.07652e+00  9.32699e-01  0.00000e+00
  14446.94  6879.0625  9.09404e-01  7.88593e-01  9.09663e-01  0.00000e+00
  14475.49  6879.6875  9.59314e-01  9.61299e-01  9.59948e-01  0.00000e+00
  14504.04  6880.3125  1.06066e+00  1.08135e+00  1.06157e+00  0.00000e+00
  14532.59  6880.9375  1.09880e+00  1.16126e+00  1.10040e+00  0.00000e+00
  14561.14  6881.5625  1.03342e+00  1.04952e+00  1.03490e+00  0.00000e+00
  14589.69  6882.1875  9.56378e-01  8.77225e-01  9.56989e-01  0.00000e+00
  14618.24  6882.8125  9.72659e-01  9.68717e-01  9.72774e-01  0.00000e+00
  14646.79  6883.4375  9.92063e-01  1.07884e+00  9.92636e-01  0.00000e+00
  14675.34  6884.0625  9.52835e-01  8.65454e-01  9.53487e-01  0.00000e+00
  14703.90  6884.6875  9.58862e-01  9.86796e-01  9.59719e-01  0.00000e+00
  14732.45  6885.3125  9.53533e-01  9.99521e-01  9.54301e-01  0.00000e+00
  14761.00  6885.9375  9.37872e-01  8.28634e-01  9.38395e-01  0.00000e+00
  14789.55  6886.5625  1.01264e+00  1.05456e+00  1.01336e+00  0.00000e+00
  14818.10  6887.1875  1.07628e+00  1.10767e+00  1.07713e+00  0.00000e+00
  14846.65  6887.8125  1.06678e+00  1.08880e+00  1.06734e+00  0.00000e+00
  14875.20  6888.4375  1.06930e+00  9.58149e-01  1.07024e+00  0.00000e+00
  14903.75  6889.0625  1.11146e+00  1.27228e+00  1.11289e+00  0.00000e+00
  14932.30  6889.6875  1.06479e+00  9.67742e-01  1.06583e+00  0.00000e+00
  14960.86  6890.3125  1.05723e+00  1.05161e+00  1.05727e+00  0.00000e+00
  14989.41  6890.9375  1.11344e+00  1.10930e+00  1.11374e+00  0.00000e+00
  15017.96  6891.5625  1.18091e+00  1.17799e+00  1.18162e+00  0.00000e+00
  15046.51  6892.1875  1.19720e+00  1.29065e+00  1.19722e+00  0.00000e+00
  15075.06  6892.8125  1.08184e+00  1.10144e+00  1.08169e+00  0.00000e+00
  15103.61  6893.4375  9.37741e-01  8.45912e-01  9.37875e-01  0.00000e+00
  15132.16  6894.0625  8.75749e-01  9.22150e-01  8.76270e-01  0.00000e+00
  15160.71  6894.6875  8.52001e-01  7.75318e-01  8.52637e-01  0.00000e+00
  15189.26  6895.3125  8.84622e-01  9.26146e-01  8.84988e-01  0.00000e+00
  15217.81  6895.9375  9.85032e-01  8.53071e-01  9.84645e-01  0.00000e+00
  15246.37  6896.5625  1.19366e+00  1.25860e+00  1.19333e+00  0.00000e+00
  15274.92  6897.1875  1.28784e+00  1.46681e+00  1.28764e+00  0.00000e+00
  15303.47  6897.8125  1.15491e+00  1.08033e+00  1.15438e+00  0.00000e+00
  15332.02  6898.4375  1.04341e+00  9.91262e-01  1.04238e+00  0.00000e+00
  15360.57  6899.0625  1.05195e+00  1.02536e+00  1.05066e+00  0.00000e+00
  15389.12  6899.6875  1.04344e+00  1.19693e+00  1.04297e+00  0.00000e+00
  15417.67  6900.3125  9.62909e-01  7.72269e-01  9.63104e-01  0.00000e+00
  15446.22  6900.9375  1.02719e+00  1.04922e+00  1.02751e+00  0.00000e+00
  15474.77  6901.5625  1.10065e+00  1.22080e+00  1.10104e+00  0.00000e+00
  15503.32  6902.1875  1.02908e+00  9.97213e-01  1.02995e+00  0.00000e+00
  15531.88  6902.8125  9.76231e-01  8.90098e-01  9.76797e-01  0.00000e+00
  15560.43  6903.4375  1.01048e+00  1.07833e+00  1.01040e+00  0.00000e+00
  15588.98  6904.0625  9.69453e-01  1.03553e+00  9.70096e-01  0.00000e+00
  15617.53  6904.6875  8.36885e-01  7.79424e-01  8.38326e-01  0.00000e+00
  15646.08  6905.3125  7.50727e-01  7.35389e-01  7.51647e-01  0.00000e+00
  15674.63  6905.9375  7.61320e-01  6.82230e-01  7.61364e-01  0.00000e+00
  15703.18  6906.5625  8.11991e-01  9.45800e-01  8.11623e-01  0.00000e+00
  15731.73  6907.1875  8.07045e-01  6.78170e-01  8.06423e-01  0.00000e+00
  15760.28  6907.8125  8.32843e-01  9.38876e-01  8.32228e-01  0.00000e+00
  15788.84  6908.4375  8.32583e-01  7.70478e-01  8.32284e-01  0.00000e+00
  15817.39  6909.0625  9.14952e-01  8.04299e-01  9.15371e-01  0.00000e+00
  15845.94  6909.6875  1.04326e+00  1.27151e+00  1.04443e+00  0.00000e+00
  15874.49  6910.3125  9.89382e-01  9.02554e-01  9.90306e-01  0.00000e+00
  15903.04  6910.9375  9.25480e-01  9.11386e-01  9.26046e-01  0.00000e+00
  15931.59  6911.5625  9.36146e-01  9.17991e-01  9.36244e-01  0.00000e+00
  15960.14  6912.1875  9.80016e-01  9.87553e-01  9.79466e-01  0.00000e+00
  15988.69  6912.8125  1.04195e+00  1.00384e+00  1.04162e+00  0.00000e+00
  16017.24  6913.4375  1.04530e+00  1.22766e+00  1.04624e+00  0.00000e+00
  16045.79  6914.0625  9.22476e-01  7.64350e-01  9.23417e-01  0.00000e+00
  16074.35  6914.6875  8.73473e-01  9.19904e-01  8.73883e-01  0.00000e+00
  16102.90  6915.3125  8.59294e-01  8.48649e-01  8.59211e-01  0.00000e+00
  16131.45  6915.9375  8.46301e-01  8.32459e-01  8.45542e-01  0.00000e+00
  16160.00  6916.5625  8.78312e-01  8.41117e-01  8.77365e-01  0.00000e+00
  16188.55  6917.1875  9.54468e-01  9.76283e-01  9.53959e-01  0.00000e+00
  16217.10  6917.8125  1.00436e+00  1.03852e+00  1.00388e+00  0.00000e+00
  16245.65  6918.4375  1.00863e+00  9.89219e-01  1.00765e+00  0.00000e+00
  16274.20  6919.0625  1.01814e+00  1.01366e+00  1.01651e+00  0.00000e+00
  16302.75  6919.6875  1.01563e+00  1.06749e+00  1.01407e+00  0.00000e+00
  16331.30  6920.3125  9.94957e-01  9.13801e-01  9.93876e-01  0.00000e+00
  16359.86  6920.9375  1.02036e+00  1.07080e+00  1.01958e+00  0.00000e+00
  16388.41  6921.5625  1.01743e+00  1.02920e+00  1.01693e+00  0.00000e+00
  16416.96  6922.1875  9.55911e-01  9.89112e-01  9.54950e-01  0.00000e+00
  16445.51  6922.8125  9.22980e-01  7.77250e-01  9.21718e-01  0.00000e+00
  16474.06  6923.4375  9.53146e-01  1.14506e+00  9.51902e-01  0.00000e+00
  16502.61  6924.0625  9.08177e-01  7.47928e-01  9.07340e-01  0.00000e+00
  16531.16  6924.6875  9.06079e-01  1.00937e+00  9.05431e-01  0.00000e+00
  16559.71  6925.3125  9.08482e-01  8.15657e-01  9.08019e-01  0.00000e+00
  16588.26  6925.9375  9.00986e-01  1.03527e+00  9.00902e-01  0.00000e+00
  16616.81  6926.5625  8.53311e-01  7.08935e-01  8.53865e-01  0.00000e+00
  16645.37  6927.1875  8.97111e-01  9.33829e-01  8.97300e-01  0.00000e+00
  16673.92  6927.8125  9.57511e-01  9.83759e-01  9.57419e-01  0.00000e+00
  16702.47  6928.4375  9.42704e-01  9.84395e-01  9.42601e-01  0.00000e+00
  16731.02  6929.0625  8.96939e-01  8.24707e-01  8.96345e-01  0.00000e+00
  16759.57  6929.6875  8.97912e-01  9.42587e-01  8.97213e-01  0.00000e+00
  16788.12  6930.3125  9.33609e-01  8.38702e-01  9.34249e-01  0.00000e+00
  16816.67  6930.9375  9.72598e-01  1.14233e+00  9.74431e-01  0.00000e+00
  16845.22  6931.5625  9.21231e-01  7.88708e-01  9.22596e-01  0.00000e+00
  16873.77  6932.1875  9.42589e-01  9.48990e-01  9.43352e-01  0.00000e+00
  16902.33  6932.8125  1.02249e+00  1.03604e+00  1.02260e+00  0.00000e+00
  16930.88  6933.4375  1.08922e+00  1.07756e+00  1.08846e+00  0.00000e+00
  16959.43  6934.0625  1.10742e+00  1.19894e+00  1.10766e+00  0.00000e+00
  16987.98  6934.6875  1.01565e+00  1.00772e+00  1.01611e+00  0.00000e+00
  17016.53  6935.3125  8.99250e-01  8.71203e-01  8.98561e-01  0.00000e+00
  17045.08  6935.9375  8.69689e-01  7.86506e-01  8.69446e-01  0.00000e+00
  17073.63  6936.5625  9.17541e-01  1.00446e+00  9.17704e-01  0.00000e+00
  17102.18  6937.1875  9.34482e-01  8.80978e-01  9.33553e-01  0.00000e+00
  17130.73  6937.8125  9.96305e-01  9.56691e-01  9.95121e-01  0.00000e+00
  17159.28  6938.4375  1.12220e+00  1.14542e+00  1.12118e+00  0.00000e+00
  17187.84  6939.0625  1.17143e+00  1.29480e+00  1.17046e+00  0.00000e+00
  17216.39  6939.6875  1.09913e+00  1.00358e+00  1.09870e+00  0.00000e+00
  17244.94  6940.3125  1.04614e+00  1.10155e+00  1.04620e+00  0.00000e+00
  17273.49  6940.9375  9.98378e-01  9.60538e-01  9.98619e-01  0.00000e+00
  17302.04  6941.5625  1.00525e+00  9.43845e-01  1.00528e+00  0.00000e+00
  17330.59  6942.1875  1.06357e+00  1.15024e+00  1.06335e+00  0.00000e+00
  17359.14  6942.8125  1.06329e+00  1.03105e+00  1.06283e+00  0.00000e+00
  17387.69  6943.4375  1.04127e+00  1.06894e+00  1.04055e+00  0.00000e+00
  17416.24  6944.0625  1.04114e+00  9.65144e-01  1.04120e+00  0.00000e+00
  17444.79  6944.6875  1.05665e+00  1.17486e+00  1.05713e+00  0.00000e+00
  17473.35  6945.3125  9.91377e-01  9.41693e-01  9.91736e-01  0.00000e+00
  17501.90  6945.9375  9.57505e-01  9.02060e-01  9.57815e-01  0.00000e+00
  17530.45  6946.5625  1.02535e+00  1.01519e+00  1.02543e+00  0.00000e+00
  17559.00  6947.1875  1.06791e+00  1.19957e+00  1.06761e+00  0.00000e+00
  17587.55  6947.8125  1.03679e+00  8.74611e-01  1.03634e+00  0.00000e+00
  17616.10  6948.4375  1.06662e+00  1.19340e+00  1.06618e+00  0.00000e+00
  17644.65  6949.0625  1.04250e+00  1.00829e+00  1.04249e+00  0.00000e+00
  17673.20  6949.6875  1.00052e+00  9.88019e-01  1.00116e+00  0.00000e+00
