# day130  epoch=130.0d  L_Halpha=1.223e+39 erg/s  smooth_kms=25.0
# Columns:
#   1: Δv [km/s]      velocity offset from Hα (6562.81 Å), positive = redshift
#   2: lambda [Å]     observed wavelength
#   3: F_norm         total flux, smoothed, normalized to F_cont_baseline
#   4: F_norm_raw     total flux, RAW MC (no velocity smoothing)
#   5: F_cont_smooth  continuum-channel flux (continuum photons only)
#   6: F_vol_smooth   volumetric-channel flux (line emission contribution)
# Format: F_norm ≈ F_cont_smooth + F_vol_smooth (within MC noise)
# ----------------------------------------------------------------------------------------
 -16559.48  6200.3125  1.00000e+00  1.00000e+00  2.42876e-03  0.00000e+00
 -16530.93  6200.9375  1.00000e+00  1.00000e+00  2.61799e-03  0.00000e+00
 -16502.38  6201.5625  1.00000e+00  1.00000e+00  2.73528e-03  0.00000e+00
 -16473.83  6202.1875  1.00000e+00  1.00000e+00  2.69956e-03  0.00000e+00
 -16445.28  6202.8125  1.00000e+00  1.00000e+00  2.62915e-03  0.00000e+00
 -16416.73  6203.4375  1.00000e+00  1.00000e+00  2.57480e-03  0.00000e+00
 -16388.18  6204.0625  1.00000e+00  1.00000e+00  2.71795e-03  0.00000e+00
 -16359.63  6204.6875  1.00000e+00  1.00000e+00  2.82061e-03  0.00000e+00
 -16331.08  6205.3125  1.00000e+00  1.00000e+00  2.91253e-03  0.00000e+00
 -16302.53  6205.9375  1.00000e+00  1.00000e+00  2.92310e-03  0.00000e+00
 -16273.97  6206.5625  1.00000e+00  1.00000e+00  2.94131e-03  0.00000e+00
 -16245.42  6207.1875  1.00000e+00  1.00000e+00  2.88058e-03  0.00000e+00
 -16216.87  6207.8125  1.00000e+00  1.00000e+00  2.80369e-03  0.00000e+00
 -16188.32  6208.4375  1.00000e+00  1.00000e+00  2.98389e-03  0.00000e+00
 -16159.77  6209.0625  1.00000e+00  1.00000e+00  3.00232e-03  0.00000e+00
 -16131.22  6209.6875  1.00000e+00  1.00000e+00  2.72778e-03  0.00000e+00
 -16102.67  6210.3125  1.00000e+00  1.00000e+00  2.68174e-03  0.00000e+00
 -16074.12  6210.9375  1.00000e+00  1.00000e+00  2.72161e-03  0.00000e+00
 -16045.57  6211.5625  1.00000e+00  1.00000e+00  2.61639e-03  0.00000e+00
 -16017.01  6212.1875  1.00000e+00  1.00000e+00  2.53764e-03  0.00000e+00
 -15988.46  6212.8125  1.00000e+00  1.00000e+00  2.54785e-03  0.00000e+00
 -15959.91  6213.4375  1.00000e+00  1.00000e+00  2.67116e-03  0.00000e+00
 -15931.36  6214.0625  1.00000e+00  1.00000e+00  2.82270e-03  0.00000e+00
 -15902.81  6214.6875  1.00000e+00  1.00000e+00  2.89390e-03  0.00000e+00
 -15874.26  6215.3125  1.00000e+00  1.00000e+00  2.93431e-03  0.00000e+00
 -15845.71  6215.9375  1.00000e+00  1.00000e+00  2.83861e-03  0.00000e+00
 -15817.16  6216.5625  1.00000e+00  1.00000e+00  2.74507e-03  0.00000e+00
 -15788.61  6217.1875  1.00000e+00  1.00000e+00  2.67936e-03  0.00000e+00
 -15760.06  6217.8125  1.00000e+00  1.00000e+00  2.60632e-03  0.00000e+00
 -15731.50  6218.4375  1.00000e+00  1.00000e+00  2.82858e-03  0.00000e+00
 -15702.95  6219.0625  1.00000e+00  1.00000e+00  3.03395e-03  0.00000e+00
 -15674.40  6219.6875  1.00000e+00  1.00000e+00  3.03214e-03  0.00000e+00
 -15645.85  6220.3125  1.00000e+00  1.00000e+00  2.92660e-03  0.00000e+00
 -15617.30  6220.9375  1.00000e+00  1.00000e+00  2.86821e-03  0.00000e+00
 -15588.75  6221.5625  1.00000e+00  1.00000e+00  2.65684e-03  0.00000e+00
 -15560.20  6222.1875  1.00000e+00  1.00000e+00  2.49492e-03  0.00000e+00
 -15531.65  6222.8125  1.00000e+00  1.00000e+00  2.60909e-03  0.00000e+00
 -15503.10  6223.4375  1.00000e+00  1.00000e+00  2.79557e-03  0.00000e+00
 -15474.55  6224.0625  1.00000e+00  1.00000e+00  2.91519e-03  0.00000e+00
 -15445.99  6224.6875  1.00000e+00  1.00000e+00  2.87188e-03  0.00000e+00
 -15417.44  6225.3125  1.00000e+00  1.00000e+00  2.88156e-03  0.00000e+00
 -15388.89  6225.9375  1.00000e+00  1.00000e+00  2.85664e-03  0.00000e+00
 -15360.34  6226.5625  1.00000e+00  1.00000e+00  2.83157e-03  0.00000e+00
 -15331.79  6227.1875  1.00000e+00  1.00000e+00  2.67821e-03  0.00000e+00
 -15303.24  6227.8125  1.00000e+00  1.00000e+00  2.31842e-03  0.00000e+00
 -15274.69  6228.4375  1.00000e+00  1.00000e+00  2.40927e-03  0.00000e+00
 -15246.14  6229.0625  1.00000e+00  1.00000e+00  2.77050e-03  0.00000e+00
 -15217.59  6229.6875  1.00000e+00  1.00000e+00  2.99925e-03  0.00000e+00
 -15189.03  6230.3125  1.00000e+00  1.00000e+00  3.04908e-03  0.00000e+00
 -15160.48  6230.9375  1.00000e+00  1.00000e+00  2.87950e-03  0.00000e+00
 -15131.93  6231.5625  1.00000e+00  1.00000e+00  2.62178e-03  0.00000e+00
 -15103.38  6232.1875  1.00000e+00  1.00000e+00  2.60753e-03  0.00000e+00
 -15074.83  6232.8125  1.00000e+00  1.00000e+00  2.71194e-03  0.00000e+00
 -15046.28  6233.4375  1.00000e+00  1.00000e+00  2.71723e-03  0.00000e+00
 -15017.73  6234.0625  1.00000e+00  1.00000e+00  2.76714e-03  0.00000e+00
 -14989.18  6234.6875  1.00000e+00  1.00000e+00  3.06620e-03  0.00000e+00
 -14960.63  6235.3125  1.00000e+00  1.00000e+00  3.22092e-03  0.00000e+00
 -14932.08  6235.9375  1.00000e+00  1.00000e+00  3.05452e-03  0.00000e+00
 -14903.52  6236.5625  1.00000e+00  1.00000e+00  3.07849e-03  0.00000e+00
 -14874.97  6237.1875  1.00000e+00  1.00000e+00  3.17339e-03  0.00000e+00
 -14846.42  6237.8125  1.00000e+00  1.00000e+00  2.98424e-03  0.00000e+00
 -14817.87  6238.4375  1.00000e+00  1.00000e+00  2.93694e-03  0.00000e+00
 -14789.32  6239.0625  1.00000e+00  1.00000e+00  3.07066e-03  0.00000e+00
 -14760.77  6239.6875  1.00000e+00  1.00000e+00  2.78564e-03  0.00000e+00
 -14732.22  6240.3125  1.00000e+00  1.00000e+00  2.59284e-03  0.00000e+00
 -14703.67  6240.9375  1.00000e+00  1.00000e+00  2.64398e-03  0.00000e+00
 -14675.12  6241.5625  1.00000e+00  1.00000e+00  2.71972e-03  0.00000e+00
 -14646.57  6242.1875  1.00000e+00  1.00000e+00  2.83729e-03  0.00000e+00
 -14618.01  6242.8125  1.00000e+00  1.00000e+00  2.78160e-03  0.00000e+00
 -14589.46  6243.4375  1.00000e+00  1.00000e+00  2.63521e-03  0.00000e+00
 -14560.91  6244.0625  1.00000e+00  1.00000e+00  2.69962e-03  0.00000e+00
 -14532.36  6244.6875  1.00000e+00  1.00000e+00  2.97012e-03  0.00000e+00
 -14503.81  6245.3125  1.00000e+00  1.00000e+00  2.99652e-03  0.00000e+00
 -14475.26  6245.9375  1.00000e+00  1.00000e+00  3.04648e-03  0.00000e+00
 -14446.71  6246.5625  1.00000e+00  1.00000e+00  3.20287e-03  0.00000e+00
 -14418.16  6247.1875  1.00000e+00  1.00000e+00  3.10694e-03  0.00000e+00
 -14389.61  6247.8125  1.00000e+00  1.00000e+00  2.68778e-03  0.00000e+00
 -14361.06  6248.4375  1.00000e+00  1.00000e+00  2.33989e-03  0.00000e+00
 -14332.50  6249.0625  1.00000e+00  1.00000e+00  2.09296e-03  0.00000e+00
 -14303.95  6249.6875  1.00000e+00  1.00000e+00  2.11586e-03  0.00000e+00
 -14275.40  6250.3125  1.00000e+00  1.00000e+00  2.40251e-03  0.00000e+00
 -14246.85  6250.9375  1.00000e+00  1.00000e+00  2.51940e-03  0.00000e+00
 -14218.30  6251.5625  1.00000e+00  1.00000e+00  2.53104e-03  0.00000e+00
 -14189.75  6252.1875  1.00000e+00  1.00000e+00  2.53109e-03  0.00000e+00
 -14161.20  6252.8125  1.00000e+00  1.00000e+00  2.51456e-03  0.00000e+00
 -14132.65  6253.4375  1.00000e+00  1.00000e+00  2.62302e-03  0.00000e+00
 -14104.10  6254.0625  1.00000e+00  1.00000e+00  2.74266e-03  0.00000e+00
 -14075.54  6254.6875  1.00000e+00  1.00000e+00  2.90135e-03  0.00000e+00
 -14046.99  6255.3125  1.00000e+00  1.00000e+00  2.91620e-03  0.00000e+00
 -14018.44  6255.9375  1.00000e+00  1.00000e+00  2.93565e-03  0.00000e+00
 -13989.89  6256.5625  1.00000e+00  1.00000e+00  2.93519e-03  0.00000e+00
 -13961.34  6257.1875  1.00000e+00  1.00000e+00  2.84073e-03  0.00000e+00
 -13932.79  6257.8125  1.00000e+00  1.00000e+00  3.01811e-03  0.00000e+00
 -13904.24  6258.4375  1.00000e+00  1.00000e+00  3.31215e-03  0.00000e+00
 -13875.69  6259.0625  1.00000e+00  1.00000e+00  3.35727e-03  0.00000e+00
 -13847.14  6259.6875  1.00000e+00  1.00000e+00  3.08439e-03  0.00000e+00
 -13818.59  6260.3125  1.00000e+00  1.00000e+00  2.88595e-03  0.00000e+00
 -13790.03  6260.9375  1.00000e+00  1.00000e+00  2.48163e-03  0.00000e+00
 -13761.48  6261.5625  1.00000e+00  1.00000e+00  2.35869e-03  0.00000e+00
 -13732.93  6262.1875  1.00000e+00  1.00000e+00  2.59661e-03  0.00000e+00
 -13704.38  6262.8125  1.00000e+00  1.00000e+00  2.60467e-03  0.00000e+00
 -13675.83  6263.4375  1.00000e+00  1.00000e+00  2.56773e-03  0.00000e+00
 -13647.28  6264.0625  1.00000e+00  1.00000e+00  2.66690e-03  0.00000e+00
 -13618.73  6264.6875  1.00000e+00  1.00000e+00  2.70627e-03  0.00000e+00
 -13590.18  6265.3125  1.00000e+00  1.00000e+00  2.72910e-03  0.00000e+00
 -13561.63  6265.9375  1.00000e+00  1.00000e+00  2.72143e-03  0.00000e+00
 -13533.08  6266.5625  1.00000e+00  1.00000e+00  2.57525e-03  0.00000e+00
 -13504.52  6267.1875  1.00000e+00  1.00000e+00  2.63109e-03  0.00000e+00
 -13475.97  6267.8125  1.00000e+00  1.00000e+00  2.56203e-03  0.00000e+00
 -13447.42  6268.4375  1.00000e+00  1.00000e+00  2.54750e-03  0.00000e+00
 -13418.87  6269.0625  1.00000e+00  1.00000e+00  2.60700e-03  0.00000e+00
 -13390.32  6269.6875  1.00000e+00  1.00000e+00  2.58123e-03  0.00000e+00
 -13361.77  6270.3125  1.00000e+00  1.00000e+00  2.50663e-03  0.00000e+00
 -13333.22  6270.9375  1.00000e+00  1.00000e+00  2.60367e-03  0.00000e+00
 -13304.67  6271.5625  1.00000e+00  1.00000e+00  2.79854e-03  0.00000e+00
 -13276.12  6272.1875  1.00000e+00  1.00000e+00  2.76244e-03  0.00000e+00
 -13247.56  6272.8125  1.00000e+00  1.00000e+00  2.58773e-03  0.00000e+00
 -13219.01  6273.4375  1.00000e+00  1.00000e+00  2.42475e-03  0.00000e+00
 -13190.46  6274.0625  1.00000e+00  1.00000e+00  2.42095e-03  0.00000e+00
 -13161.91  6274.6875  1.00000e+00  1.00000e+00  2.46734e-03  0.00000e+00
 -13133.36  6275.3125  1.00000e+00  1.00000e+00  2.44006e-03  0.00000e+00
 -13104.81  6275.9375  1.00000e+00  1.00000e+00  2.49466e-03  0.00000e+00
 -13076.26  6276.5625  1.00000e+00  1.00000e+00  2.53007e-03  0.00000e+00
 -13047.71  6277.1875  1.00000e+00  1.00000e+00  2.68258e-03  0.00000e+00
 -13019.16  6277.8125  1.00000e+00  1.00000e+00  2.93830e-03  0.00000e+00
 -12990.61  6278.4375  1.00000e+00  1.00000e+00  3.02714e-03  0.00000e+00
 -12962.05  6279.0625  1.00000e+00  1.00000e+00  2.79561e-03  0.00000e+00
 -12933.50  6279.6875  1.00000e+00  1.00000e+00  2.62014e-03  0.00000e+00
 -12904.95  6280.3125  1.00000e+00  1.00000e+00  2.63325e-03  0.00000e+00
 -12876.40  6280.9375  1.00000e+00  1.00000e+00  2.58521e-03  0.00000e+00
 -12847.85  6281.5625  1.00000e+00  1.00000e+00  2.62376e-03  0.00000e+00
 -12819.30  6282.1875  1.00000e+00  1.00000e+00  2.89581e-03  0.00000e+00
 -12790.75  6282.8125  1.00000e+00  1.00000e+00  3.08821e-03  0.00000e+00
 -12762.20  6283.4375  1.00000e+00  1.00000e+00  2.90392e-03  0.00000e+00
 -12733.65  6284.0625  1.00000e+00  1.00000e+00  2.74818e-03  0.00000e+00
 -12705.10  6284.6875  1.00000e+00  1.00000e+00  2.74523e-03  0.00000e+00
 -12676.54  6285.3125  1.00000e+00  1.00000e+00  2.68095e-03  0.00000e+00
 -12647.99  6285.9375  1.00000e+00  1.00000e+00  2.52018e-03  0.00000e+00
 -12619.44  6286.5625  1.00000e+00  1.00000e+00  2.65159e-03  0.00000e+00
 -12590.89  6287.1875  1.00000e+00  1.00000e+00  2.73653e-03  0.00000e+00
 -12562.34  6287.8125  1.00000e+00  1.00000e+00  2.80770e-03  6.45550e-07
 -12533.79  6288.4375  1.00000e+00  1.00000e+00  2.82833e-03  6.20073e-05
 -12505.24  6289.0625  1.00000e+00  1.00000e+00  2.86461e-03  1.61630e-03
 -12476.69  6289.6875  1.00000e+00  1.00000e+00  2.98003e-03  1.14333e-02
 -12448.14  6290.3125  1.00000e+00  1.00000e+00  2.99880e-03  2.19476e-02
 -12419.58  6290.9375  1.00000e+00  1.00000e+00  2.59956e-03  1.14333e-02
 -12391.03  6291.5625  1.00000e+00  1.00000e+00  2.48206e-03  1.61630e-03
 -12362.48  6292.1875  1.00000e+00  1.00000e+00  2.66734e-03  6.20073e-05
 -12333.93  6292.8125  1.00000e+00  1.00000e+00  2.81537e-03  6.45550e-07
 -12305.38  6293.4375  1.00000e+00  1.00000e+00  2.83376e-03  0.00000e+00
 -12276.83  6294.0625  1.00000e+00  1.00000e+00  2.83353e-03  0.00000e+00
 -12248.28  6294.6875  1.00000e+00  1.00000e+00  3.02359e-03  0.00000e+00
 -12219.73  6295.3125  1.00000e+00  1.00000e+00  3.27781e-03  0.00000e+00
 -12191.18  6295.9375  1.00000e+00  1.00000e+00  3.20081e-03  0.00000e+00
 -12162.63  6296.5625  1.00000e+00  1.00000e+00  2.78176e-03  0.00000e+00
 -12134.07  6297.1875  1.00000e+00  1.00000e+00  2.74336e-03  0.00000e+00
 -12105.52  6297.8125  1.00000e+00  1.00000e+00  2.94648e-03  0.00000e+00
 -12076.97  6298.4375  1.00000e+00  1.00000e+00  2.92841e-03  0.00000e+00
 -12048.42  6299.0625  1.00000e+00  1.00000e+00  2.91030e-03  0.00000e+00
 -12019.87  6299.6875  1.00000e+00  1.00000e+00  3.16386e-03  0.00000e+00
 -11991.32  6300.3125  1.00000e+00  1.00000e+00  3.21125e-03  0.00000e+00
 -11962.77  6300.9375  1.00000e+00  1.00000e+00  3.06330e-03  0.00000e+00
 -11934.22  6301.5625  1.00000e+00  1.00000e+00  3.01323e-03  0.00000e+00
 -11905.67  6302.1875  1.00000e+00  1.00000e+00  3.01228e-03  0.00000e+00
 -11877.12  6302.8125  9.99999e-01  9.99999e-01  3.03662e-03  0.00000e+00
 -11848.56  6303.4375  9.99999e-01  9.99999e-01  2.81308e-03  0.00000e+00
 -11820.01  6304.0625  9.99999e-01  9.99999e-01  2.77472e-03  0.00000e+00
 -11791.46  6304.6875  9.99999e-01  9.99999e-01  2.96647e-03  0.00000e+00
 -11762.91  6305.3125  9.99999e-01  9.99999e-01  2.91726e-03  0.00000e+00
 -11734.36  6305.9375  9.99999e-01  9.99999e-01  2.93814e-03  0.00000e+00
 -11705.81  6306.5625  9.99998e-01  9.99998e-01  2.99691e-03  0.00000e+00
 -11677.26  6307.1875  9.99998e-01  9.99998e-01  2.94314e-03  0.00000e+00
 -11648.71  6307.8125  9.99998e-01  9.99998e-01  2.92389e-03  6.42816e-07
 -11620.16  6308.4375  9.99998e-01  9.99998e-01  3.08622e-03  6.17447e-05
 -11591.60  6309.0625  9.99998e-01  9.99998e-01  3.27493e-03  1.61010e-03
 -11563.05  6309.6875  9.99998e-01  9.99998e-01  3.10650e-03  1.14472e-02
 -11534.50  6310.3125  9.99997e-01  9.99997e-01  2.62976e-03  2.35254e-02
 -11505.95  6310.9375  9.99997e-01  9.99997e-01  2.50551e-03  2.43756e-02
 -11477.40  6311.5625  9.99997e-01  9.99997e-01  2.74542e-03  3.48395e-02
 -11448.85  6312.1875  9.99997e-01  9.99997e-01  2.88980e-03  3.33514e-02
 -11420.30  6312.8125  9.99997e-01  9.99997e-01  2.98588e-03  1.45983e-02
 -11391.75  6313.4375  9.99997e-01  9.99997e-01  2.80591e-03  1.30473e-02
 -11363.20  6314.0625  9.99996e-01  9.99996e-01  2.50563e-03  2.19624e-02
 -11334.65  6314.6875  9.99996e-01  9.99996e-01  2.36681e-03  1.30485e-02
 -11306.09  6315.3125  9.99996e-01  9.99996e-01  2.49602e-03  1.48338e-02
 -11277.54  6315.9375  9.99996e-01  9.99996e-01  2.54042e-03  3.96895e-02
 -11248.99  6316.5625  9.99996e-01  9.99996e-01  2.65118e-03  7.86732e-02
 -11220.44  6317.1875  9.99996e-01  9.99996e-01  2.77244e-03  1.00333e-01
 -11191.89  6317.8125  9.99995e-01  9.99995e-01  2.79143e-03  4.88114e-02
 -11163.34  6318.4375  9.99995e-01  9.99995e-01  2.75912e-03  1.94614e-02
 -11134.79  6319.0625  9.99995e-01  9.99995e-01  2.75579e-03  3.34256e-02
 -11106.24  6319.6875  9.99995e-01  9.99995e-01  2.75009e-03  3.32412e-02
 -11077.69  6320.3125  9.99995e-01  9.99995e-01  2.49418e-03  1.46372e-02
 -11049.14  6320.9375  9.99995e-01  9.99995e-01  2.28656e-03  1.46938e-02
 -11020.58  6321.5625  9.99994e-01  9.99994e-01  2.50517e-03  3.48899e-02
 -10992.03  6322.1875  9.99994e-01  9.99994e-01  2.77668e-03  4.61813e-02
 -10963.48  6322.8125  9.99994e-01  9.99994e-01  2.87035e-03  4.77201e-02
 -10934.93  6323.4375  9.99994e-01  9.99994e-01  3.07024e-03  4.62928e-02
 -10906.38  6324.0625  9.99994e-01  9.99994e-01  3.17421e-03  3.80224e-02
 -10877.83  6324.6875  9.99994e-01  9.99994e-01  3.06504e-03  3.57183e-02
 -10849.28  6325.3125  9.99993e-01  9.99993e-01  3.06678e-03  4.52407e-02
 -10820.73  6325.9375  9.99993e-01  9.99993e-01  3.04198e-03  2.28224e-02
 -10792.18  6326.5625  9.99993e-01  9.99993e-01  2.84787e-03  4.81441e-03
 -10763.62  6327.1875  9.99993e-01  9.99993e-01  2.79553e-03  1.15896e-02
 -10735.07  6327.8125  9.99993e-01  9.99993e-01  2.75393e-03  2.49843e-02
 -10706.52  6328.4375  9.99993e-01  9.99993e-01  2.82832e-03  3.41484e-02
 -10677.97  6329.0625  9.99992e-01  9.99992e-01  2.73303e-03  4.84121e-02
 -10649.42  6329.6875  9.99992e-01  9.99992e-01  2.48452e-03  4.72053e-02
 -10620.87  6330.3125  9.99992e-01  9.99992e-01  2.54200e-03  6.28789e-02
 -10592.32  6330.9375  9.99992e-01  9.99992e-01  2.65569e-03  7.85651e-02
 -10563.77  6331.5625  9.99992e-01  9.99992e-01  2.63759e-03  7.98817e-02
 -10535.22  6332.1875  9.99992e-01  9.99992e-01  2.46677e-03  3.74547e-02
 -10506.67  6332.8125  9.99992e-01  9.99992e-01  2.49777e-03  1.94048e-02
 -10478.11  6333.4375  9.99991e-01  9.99991e-01  2.57243e-03  4.47161e-02
 -10449.56  6334.0625  9.99991e-01  9.99991e-01  2.68995e-03  5.80314e-02
 -10421.01  6334.6875  9.99991e-01  9.99991e-01  2.85468e-03  4.70962e-02
 -10392.46  6335.3125  9.99991e-01  9.99991e-01  3.05436e-03  5.15512e-02
 -10363.91  6335.9375  9.99991e-01  9.99991e-01  3.34054e-03  5.68068e-02
 -10335.36  6336.5625  9.99991e-01  9.99991e-01  3.46916e-03  7.00135e-02
 -10306.81  6337.1875  9.99991e-01  9.99991e-01  3.47493e-03  4.54742e-02
 -10278.26  6337.8125  9.99990e-01  9.99990e-01  3.51148e-03  2.81356e-02
 -10249.71  6338.4375  9.99990e-01  9.99990e-01  3.27517e-03  2.29454e-02
 -10221.16  6339.0625  9.99990e-01  9.99990e-01  2.94260e-03  2.65879e-02
 -10192.60  6339.6875  9.99990e-01  9.99990e-01  2.93896e-03  3.56072e-02
 -10164.05  6340.3125  9.99990e-01  9.99990e-01  2.92612e-03  5.63537e-02
 -10135.50  6340.9375  9.99990e-01  9.99990e-01  2.82541e-03  4.44688e-02
 -10106.95  6341.5625  9.99990e-01  9.99990e-01  2.84490e-03  1.61115e-02
 -10078.40  6342.1875  9.99990e-01  9.99990e-01  2.90743e-03  1.30316e-02
 -10049.85  6342.8125  9.99990e-01  9.99990e-01  2.95688e-03  2.18334e-02
 -10021.30  6343.4375  9.99990e-01  9.99990e-01  2.76913e-03  1.29690e-02
  -9992.75  6344.0625  9.99990e-01  9.99990e-01  2.41634e-03  1.45011e-02
  -9964.20  6344.6875  9.99990e-01  9.99990e-01  2.46438e-03  3.30655e-02
  -9935.65  6345.3125  9.99990e-01  9.99990e-01  2.66342e-03  3.30641e-02
  -9907.09  6345.9375  9.99990e-01  9.99990e-01  2.76491e-03  1.44991e-02
  -9878.54  6346.5625  9.99990e-01  9.99990e-01  2.57555e-03  1.30193e-02
  -9849.99  6347.1875  9.99990e-01  9.99990e-01  2.42506e-03  2.33490e-02
  -9821.44  6347.8125  9.99990e-01  9.99990e-01  2.61371e-03  2.26567e-02
  -9792.89  6348.4375  9.99990e-01  9.99990e-01  2.63832e-03  2.48778e-02
  -9764.34  6349.0625  9.99990e-01  9.99990e-01  2.59724e-03  2.26522e-02
  -9735.79  6349.6875  9.99990e-01  9.99990e-01  2.59656e-03  2.34597e-02
  -9707.24  6350.3125  9.99990e-01  9.99990e-01  2.75904e-03  1.61420e-02
  -9678.69  6350.9375  9.99989e-01  9.99989e-01  2.88452e-03  3.54641e-02
  -9650.13  6351.5625  9.99989e-01  9.99989e-01  2.94684e-03  6.51336e-02
  -9621.58  6352.1875  9.99989e-01  9.99989e-01  2.96479e-03  3.55240e-02
  -9593.03  6352.8125  9.99989e-01  9.99989e-01  2.76852e-03  1.77279e-02
  -9564.48  6353.4375  9.99989e-01  9.99989e-01  2.53335e-03  3.47233e-02
  -9535.93  6354.0625  9.99988e-01  9.99988e-01  2.64908e-03  4.42879e-02
  -9507.38  6354.6875  9.99987e-01  9.99987e-01  2.69455e-03  3.61305e-02
  -9478.83  6355.3125  9.99986e-01  9.99986e-01  2.55942e-03  2.43403e-02
  -9450.28  6355.9375  9.99984e-01  9.99984e-01  2.60282e-03  2.66182e-02
  -9421.73  6356.5625  9.99982e-01  9.99982e-01  2.54541e-03  3.70803e-02
  -9393.18  6357.1875  9.99980e-01  9.99980e-01  2.57260e-03  6.74361e-02
  -9364.62  6357.8125  9.99978e-01  9.99978e-01  2.66705e-03  6.59620e-02
  -9336.07  6358.4375  9.99976e-01  9.99976e-01  2.67140e-03  2.75152e-02
  -9307.52  6359.0625  9.99974e-01  9.99974e-01  2.63477e-03  1.94207e-02
  -9278.97  6359.6875  9.99972e-01  9.99972e-01  2.79697e-03  5.71593e-02
  -9250.42  6360.3125  9.99971e-01  9.99971e-01  3.07203e-03  8.75581e-02
  -9221.87  6360.9375  9.99969e-01  9.99969e-01  2.88975e-03  6.02753e-02
  -9193.32  6361.5625  9.99967e-01  9.99967e-01  2.70199e-03  4.02301e-02
  -9164.77  6362.1875  9.99965e-01  9.99965e-01  2.75673e-03  5.63491e-02
  -9136.22  6362.8125  9.99963e-01  9.99963e-01  2.90316e-03  4.58068e-02
  -9107.67  6363.4375  9.99961e-01  9.99961e-01  3.04279e-03  2.58321e-02
  -9079.11  6364.0625  9.99959e-01  9.99959e-01  3.17849e-03  2.65771e-02
  -9050.56  6364.6875  9.99957e-01  9.99957e-01  3.08919e-03  3.56745e-02
  -9022.01  6365.3125  9.99955e-01  9.99955e-01  2.96610e-03  6.24955e-02
  -8993.46  6365.9375  9.99953e-01  9.99953e-01  2.95051e-03  9.07950e-02
  -8964.91  6366.5625  9.99952e-01  9.99952e-01  3.01949e-03  1.12114e-01
  -8936.36  6367.1875  9.99950e-01  9.99950e-01  2.97047e-03  6.83356e-02
  -8907.81  6367.8125  9.99949e-01  9.99949e-01  2.83523e-03  1.76808e-02
  -8879.26  6368.4375  9.99949e-01  9.99948e-01  2.96202e-03  1.89859e-03
  -8850.71  6369.0625  9.99948e-01  9.99948e-01  3.20954e-03  1.83706e-03
  -8822.15  6369.6875  9.99947e-01  9.99947e-01  3.17948e-03  1.60784e-02
  -8793.60  6370.3125  9.99947e-01  9.99947e-01  2.89647e-03  5.70355e-02
  -8765.05  6370.9375  9.99946e-01  9.99946e-01  2.57251e-03  9.04274e-02
  -8736.50  6371.5625  9.99946e-01  9.99946e-01  2.50954e-03  7.93941e-02
  -8707.95  6372.1875  9.99945e-01  9.99945e-01  2.63709e-03  5.92969e-02
  -8679.40  6372.8125  9.99944e-01  9.99944e-01  2.66308e-03  2.58465e-02
  -8650.85  6373.4375  9.99943e-01  9.99943e-01  2.64157e-03  1.44797e-02
  -8622.30  6374.0625  9.99942e-01  9.99942e-01  2.71236e-03  2.16956e-02
  -8593.75  6374.6875  9.99941e-01  9.99941e-01  2.74454e-03  1.12401e-02
  -8565.20  6375.3125  9.99939e-01  9.99940e-01  2.83608e-03  1.65090e-03
  -8536.64  6375.9375  9.99938e-01  9.99938e-01  2.68146e-03  1.77110e-03
  -8508.09  6376.5625  9.99936e-01  9.99936e-01  2.33458e-03  1.44682e-02
  -8479.54  6377.1875  9.99934e-01  9.99934e-01  2.29692e-03  4.56676e-02
  -8450.99  6377.8125  9.99931e-01  9.99931e-01  2.54186e-03  6.72229e-02
  -8422.44  6378.4375  9.99929e-01  9.99929e-01  2.66144e-03  5.85980e-02
  -8393.89  6379.0625  9.99926e-01  9.99926e-01  2.69396e-03  5.20621e-02
  -8365.34  6379.6875  9.99920e-01  9.99922e-01  2.87413e-03  6.98067e-02
  -8336.79  6380.3125  9.99912e-01  9.99912e-01  2.91213e-03  9.04448e-02
  -8308.24  6380.9375  9.99903e-01  9.99903e-01  2.80386e-03  7.12584e-02
  -8279.69  6381.5625  9.99893e-01  9.99893e-01  2.88453e-03  6.00252e-02
  -8251.13  6382.1875  9.99883e-01  9.99883e-01  2.91757e-03  5.61294e-02
  -8222.58  6382.8125  9.99873e-01  9.99873e-01  2.85434e-03  2.59775e-02
  -8194.03  6383.4375  9.99862e-01  9.99862e-01  2.66541e-03  2.23759e-02
  -8165.48  6384.0625  9.99852e-01  9.99852e-01  2.50418e-03  7.77855e-02
  -8136.93  6384.6875  9.99841e-01  9.99841e-01  2.51726e-03  1.20680e-01
  -8108.38  6385.3125  9.99830e-01  9.99830e-01  2.52242e-03  7.52088e-02
  -8079.83  6385.9375  9.99818e-01  9.99818e-01  2.57629e-03  7.44713e-02
  -8051.28  6386.5625  9.99806e-01  9.99806e-01  2.66072e-03  1.00763e-01
  -8022.73  6387.1875  9.99794e-01  9.99794e-01  2.78557e-03  6.90272e-02
  -7994.17  6387.8125  9.99781e-01  9.99781e-01  2.83828e-03  5.43044e-02
  -7965.62  6388.4375  9.99769e-01  9.99769e-01  2.68218e-03  5.95642e-02
  -7937.07  6389.0625  9.99756e-01  9.99756e-01  2.54648e-03  9.33346e-02
  -7908.52  6389.6875  9.99743e-01  9.99743e-01  2.64449e-03  1.00858e-01
  -7879.97  6390.3125  9.99731e-01  9.99731e-01  2.79896e-03  8.46578e-02
  -7851.42  6390.9375  9.99717e-01  9.99718e-01  2.81172e-03  7.29416e-02
  -7822.87  6391.5625  9.99702e-01  9.99703e-01  2.70193e-03  8.30501e-02
  -7794.32  6392.1875  9.99685e-01  9.99685e-01  2.79550e-03  8.95496e-02
  -7765.77  6392.8125  9.99667e-01  9.99667e-01  2.81991e-03  7.03125e-02
  -7737.22  6393.4375  9.99650e-01  9.99650e-01  2.66577e-03  4.02185e-02
  -7708.66  6394.0625  9.99633e-01  9.99633e-01  2.45728e-03  5.21444e-02
  -7680.11  6394.6875  9.99616e-01  9.99616e-01  2.51268e-03  9.43672e-02
  -7651.56  6395.3125  9.99599e-01  9.99600e-01  2.58989e-03  1.37982e-01
  -7623.01  6395.9375  9.99579e-01  9.99583e-01  2.57424e-03  1.57986e-01
  -7594.46  6396.5625  9.99553e-01  9.99553e-01  2.56652e-03  1.28470e-01
  -7565.91  6397.1875  9.99524e-01  9.99524e-01  2.46396e-03  8.56820e-02
  -7537.36  6397.8125  9.99496e-01  9.99495e-01  2.42394e-03  7.51033e-02
  -7508.81  6398.4375  9.99478e-01  9.99466e-01  2.61319e-03  8.07974e-02
  -7480.26  6399.0625  9.99505e-01  9.99455e-01  2.79215e-03  9.18183e-02
  -7451.71  6399.6875  9.99592e-01  9.99613e-01  2.93371e-03  7.44620e-02
  -7423.15  6400.3125  9.99668e-01  9.99691e-01  3.07808e-03  8.85473e-02
  -7394.60  6400.9375  9.99699e-01  9.99702e-01  3.00078e-03  1.45134e-01
  -7366.05  6401.5625  9.99708e-01  9.99713e-01  2.66147e-03  1.44946e-01
  -7337.50  6402.1875  9.99707e-01  9.99709e-01  2.59067e-03  8.40241e-02
  -7308.95  6402.8125  9.99701e-01  9.99700e-01  2.59073e-03  4.70872e-02
  -7280.40  6403.4375  9.99694e-01  9.99698e-01  2.70950e-03  6.89821e-02
  -7251.85  6404.0625  9.99680e-01  9.99685e-01  2.60553e-03  1.12098e-01
  -7223.30  6404.6875  9.99655e-01  9.99656e-01  2.59064e-03  8.00843e-02
  -7194.75  6405.3125  9.99627e-01  9.99626e-01  2.82716e-03  6.83244e-02
  -7166.19  6405.9375  9.99602e-01  9.99594e-01  2.77832e-03  9.03860e-02
  -7137.64  6406.5625  9.99583e-01  9.99590e-01  2.61068e-03  1.12817e-01
  -7109.09  6407.1875  9.99553e-01  9.99564e-01  2.39530e-03  7.90847e-02
  -7080.54  6407.8125  9.99508e-01  9.99501e-01  2.35954e-03  4.23104e-02
  -7051.99  6408.4375  9.99467e-01  9.99467e-01  2.64353e-03  4.01652e-02
  -7023.44  6409.0625  9.99427e-01  9.99431e-01  3.00424e-03  8.12531e-02
  -6994.89  6409.6875  9.99380e-01  9.99385e-01  2.98848e-03  1.12189e-01
  -6966.34  6410.3125  9.99328e-01  9.99322e-01  2.85713e-03  1.03431e-01
  -6937.79  6410.9375  9.99270e-01  9.99285e-01  2.97173e-03  8.28024e-02
  -6909.24  6411.5625  9.99193e-01  9.99197e-01  2.96832e-03  5.98017e-02
  -6880.68  6412.1875  9.99097e-01  9.99104e-01  2.71662e-03  4.70025e-02
  -6852.13  6412.8125  9.98984e-01  9.98994e-01  2.63906e-03  3.43868e-02
  -6823.58  6413.4375  9.98852e-01  9.98854e-01  2.60450e-03  1.60091e-02
  -6795.03  6414.0625  9.98712e-01  9.98708e-01  2.59527e-03  2.58771e-02
  -6766.48  6414.6875  9.98573e-01  9.98577e-01  2.50674e-03  6.35869e-02
  -6737.93  6415.3125  9.98423e-01  9.98434e-01  2.43213e-03  1.13833e-01
  -6709.38  6415.9375  9.98255e-01  9.98256e-01  2.62478e-03  1.68222e-01
  -6680.83  6416.5625  9.98079e-01  9.98078e-01  2.66173e-03  1.36912e-01
  -6652.28  6417.1875  9.97880e-01  9.97921e-01  2.54478e-03  1.00078e-01
  -6623.73  6417.8125  9.97628e-01  9.97625e-01  2.55600e-03  9.26457e-02
  -6595.17  6418.4375  9.97369e-01  9.97350e-01  2.53479e-03  8.58268e-02
  -6566.62  6419.0625  9.97191e-01  9.97093e-01  2.53117e-03  9.46384e-02
  -6538.07  6419.6875  9.97031e-01  9.97232e-01  2.72373e-03  1.24006e-01
  -6509.52  6420.3125  9.96576e-01  9.96713e-01  2.79932e-03  1.08051e-01
  -6480.97  6420.9375  9.95735e-01  9.95872e-01  2.70406e-03  1.08983e-01
  -6452.42  6421.5625  9.94606e-01  9.94632e-01  2.67650e-03  1.52766e-01
  -6423.87  6422.1875  9.93348e-01  9.93360e-01  2.61751e-03  1.69797e-01
  -6395.32  6422.8125  9.92050e-01  9.92054e-01  2.53213e-03  1.87929e-01
  -6366.77  6423.4375  9.90734e-01  9.90741e-01  2.57464e-03  1.68121e-01
  -6338.21  6424.0625  9.89397e-01  9.89411e-01  2.54122e-03  1.41748e-01
  -6309.66  6424.6875  9.88028e-01  9.88043e-01  2.31743e-03  9.23400e-02
  -6281.11  6425.3125  9.86622e-01  9.86637e-01  2.53159e-03  1.32772e-01
  -6252.56  6425.9375  9.85167e-01  9.85192e-01  2.59183e-03  2.08963e-01
  -6224.01  6426.5625  9.83600e-01  9.83707e-01  2.50833e-03  1.90981e-01
  -6195.46  6427.1875  9.81782e-01  9.81934e-01  2.57194e-03  2.12834e-01
  -6166.91  6427.8125  9.79678e-01  9.79707e-01  2.45718e-03  2.77822e-01
  -6138.36  6428.4375  9.77432e-01  9.77445e-01  2.28196e-03  2.35476e-01
  -6109.81  6429.0625  9.75138e-01  9.75150e-01  2.55542e-03  1.74748e-01
  -6081.26  6429.6875  9.72811e-01  9.72823e-01  2.83162e-03  1.68084e-01
  -6052.70  6430.3125  9.70428e-01  9.70467e-01  2.75696e-03  2.18438e-01
  -6024.15  6430.9375  9.67825e-01  9.68084e-01  2.53219e-03  2.33089e-01
  -5995.60  6431.5625  9.64794e-01  9.64890e-01  2.44522e-03  2.47983e-01
  -5967.05  6432.1875  9.61469e-01  9.61482e-01  2.57270e-03  3.05737e-01
  -5938.50  6432.8125  9.58058e-01  9.58062e-01  2.83994e-03  3.07899e-01
  -5909.95  6433.4375  9.54631e-01  9.54634e-01  2.84123e-03  2.31299e-01
  -5881.40  6434.0625  9.51196e-01  9.51199e-01  2.61439e-03  1.34651e-01
  -5852.85  6434.6875  9.47750e-01  9.47758e-01  2.64691e-03  1.12486e-01
  -5824.30  6435.3125  9.44271e-01  9.44308e-01  2.55773e-03  1.35248e-01
  -5795.75  6435.9375  9.40731e-01  9.40740e-01  2.46702e-03  2.19269e-01
  -5767.19  6436.5625  9.37150e-01  9.37159e-01  2.64915e-03  3.15901e-01
  -5738.64  6437.1875  9.33544e-01  9.33556e-01  2.79470e-03  3.35482e-01
  -5710.09  6437.8125  9.29909e-01  9.29921e-01  2.54729e-03  3.20753e-01
  -5681.54  6438.4375  9.26320e-01  9.26239e-01  2.43482e-03  2.53162e-01
  -5652.99  6439.0625  9.23197e-01  9.22599e-01  2.65220e-03  2.06651e-01
  -5624.44  6439.6875  9.20935e-01  9.20910e-01  2.83549e-03  1.99713e-01
  -5595.89  6440.3125  9.19033e-01  9.19092e-01  2.77582e-03  2.40045e-01
  -5567.34  6440.9375  9.17019e-01  9.17115e-01  2.67893e-03  2.63752e-01
  -5538.79  6441.5625  9.14666e-01  9.14943e-01  2.51991e-03  2.83405e-01
  -5510.24  6442.1875  9.11773e-01  9.11949e-01  2.41675e-03  3.63219e-01
  -5481.68  6442.8125  9.08345e-01  9.08527e-01  2.30370e-03  4.32788e-01
  -5453.13  6443.4375  9.04146e-01  9.04786e-01  2.24666e-03  3.96250e-01
  -5424.58  6444.0625  8.98497e-01  8.99273e-01  2.18296e-03  3.21432e-01
  -5396.03  6444.6875  8.91266e-01  8.91503e-01  2.18703e-03  2.96150e-01
  -5367.48  6445.3125  8.83082e-01  8.83308e-01  2.08026e-03  3.22559e-01
  -5338.93  6445.9375  8.74225e-01  8.74548e-01  1.84569e-03  3.96435e-01
  -5310.38  6446.5625  8.64627e-01  8.64875e-01  1.60390e-03  3.79502e-01
  -5281.83  6447.1875  8.54084e-01  8.54672e-01  1.65406e-03  3.12213e-01
  -5253.28  6447.8125  8.41532e-01  8.43268e-01  1.59102e-03  3.32591e-01
  -5224.72  6448.4375  8.26081e-01  8.26429e-01  1.44066e-03  4.17633e-01
  -5196.17  6449.0625  8.08811e-01  8.09176e-01  1.28072e-03  4.71443e-01
  -5167.62  6449.6875  7.89604e-01  7.91521e-01  1.21281e-03  4.80226e-01
  -5139.07  6450.3125  7.67214e-01  7.67862e-01  1.14190e-03  3.77862e-01
  -5110.52  6450.9375  7.42705e-01  7.42803e-01  9.84125e-04  3.28621e-01
  -5081.97  6451.5625  7.16370e-01  7.17798e-01  9.13243e-04  3.17866e-01
  -5053.42  6452.1875  6.81020e-01  6.92635e-01  8.28499e-04  2.35726e-01
  -5024.87  6452.8125  6.29697e-01  6.29138e-01  7.45928e-04  1.96853e-01
  -4996.32  6453.4375  5.73314e-01  5.71296e-01  6.69198e-04  3.18316e-01
  -4967.77  6454.0625  5.21049e-01  5.18848e-01  5.79929e-04  4.53384e-01
  -4939.21  6454.6875  4.75334e-01  4.71537e-01  5.74915e-04  5.16912e-01
  -4910.66  6455.3125  4.36885e-01  4.35609e-01  5.77084e-04  6.26618e-01
  -4882.11  6455.9375  4.03032e-01  4.02179e-01  5.87944e-04  7.33784e-01
  -4853.56  6456.5625  3.71202e-01  3.71126e-01  6.40266e-04  6.91246e-01
  -4825.01  6457.1875  3.39070e-01  3.40705e-01  6.07670e-04  5.73392e-01
  -4796.46  6457.8125  3.05638e-01  3.04373e-01  4.99198e-04  5.10813e-01
  -4767.91  6458.4375  2.73906e-01  2.72361e-01  4.80151e-04  5.76335e-01
  -4739.36  6459.0625  2.46334e-01  2.44175e-01  5.72470e-04  7.18784e-01
  -4710.81  6459.6875  2.24039e-01  2.21744e-01  5.91161e-04  7.94203e-01
  -4682.26  6460.3125  2.06631e-01  2.05901e-01  4.89450e-04  7.25219e-01
  -4653.70  6460.9375  1.92328e-01  1.91375e-01  4.15388e-04  6.87811e-01
  -4625.15  6461.5625  1.81575e-01  1.78686e-01  3.49418e-04  7.34761e-01
  -4596.60  6462.1875  1.75397e-01  1.75107e-01  2.95796e-04  6.57726e-01
  -4568.05  6462.8125  1.70189e-01  1.72068e-01  2.23063e-04  5.98121e-01
  -4539.50  6463.4375  1.61628e-01  1.63467e-01  1.42786e-04  5.95717e-01
  -4510.95  6464.0625  1.49453e-01  1.49413e-01  1.43680e-04  7.66703e-01
  -4482.40  6464.6875  1.35338e-01  1.36744e-01  1.77568e-04  8.99945e-01
  -4453.85  6465.3125  1.20059e-01  1.18894e-01  1.67588e-04  7.89189e-01
  -4425.30  6465.9375  1.06228e-01  1.05054e-01  2.14155e-04  6.38464e-01
  -4396.74  6466.5625  9.52213e-02  9.42803e-02  3.05777e-04  6.19655e-01
  -4368.19  6467.1875  8.67140e-02  8.59405e-02  4.50817e-04  7.72329e-01
  -4339.64  6467.8125  8.02767e-02  7.95885e-02  4.98254e-04  8.24352e-01
  -4311.09  6468.4375  7.55371e-02  7.50876e-02  3.03676e-04  7.07863e-01
  -4282.54  6469.0625  7.20256e-02  7.17295e-02  1.53162e-04  6.45955e-01
  -4253.99  6469.6875  6.93714e-02  6.91079e-02  2.10883e-04  7.37991e-01
  -4225.44  6470.3125  6.74565e-02  6.71547e-02  3.28822e-04  7.85917e-01
  -4196.89  6470.9375  6.63455e-02  6.59699e-02  3.60180e-04  7.51278e-01
  -4168.34  6471.5625  6.60392e-02  6.58711e-02  3.37930e-04  7.83489e-01
  -4139.79  6472.1875  6.63944e-02  6.60694e-02  4.00781e-04  8.55013e-01
  -4111.23  6472.8125  6.73445e-02  6.72604e-02  4.02225e-04  7.26395e-01
  -4082.68  6473.4375  6.85308e-02  6.86500e-02  4.16873e-04  5.97758e-01
  -4054.13  6474.0625  6.95247e-02  6.96865e-02  4.69949e-04  6.94115e-01
  -4025.58  6474.6875  7.03138e-02  7.01867e-02  4.12628e-04  8.42871e-01
  -3997.03  6475.3125  7.12494e-02  7.11153e-02  4.45688e-04  8.31618e-01
  -3968.48  6475.9375  7.23954e-02  7.24672e-02  4.40149e-04  8.68183e-01
  -3939.93  6476.5625  7.35910e-02  7.34988e-02  5.06432e-04  8.64224e-01
  -3911.38  6477.1875  7.49425e-02  7.48274e-02  5.27746e-04  8.27630e-01
  -3882.83  6477.8125  7.65518e-02  7.64705e-02  4.33089e-04  9.05365e-01
  -3854.28  6478.4375  7.83728e-02  7.83253e-02  4.16709e-04  1.02785e+00
  -3825.72  6479.0625  8.03343e-02  8.02958e-02  4.97204e-04  1.06101e+00
  -3797.17  6479.6875  8.23944e-02  8.23693e-02  5.32324e-04  9.55598e-01
  -3768.62  6480.3125  8.45246e-02  8.45057e-02  6.03353e-04  8.54397e-01
  -3740.07  6480.9375  8.67071e-02  8.66903e-02  5.63601e-04  8.56128e-01
  -3711.52  6481.5625  8.89330e-02  8.89188e-02  5.51465e-04  9.44121e-01
  -3682.97  6482.1875  9.11964e-02  9.11841e-02  5.76656e-04  1.12660e+00
  -3654.42  6482.8125  9.34930e-02  9.34812e-02  5.72823e-04  1.21318e+00
  -3625.87  6483.4375  9.58211e-02  9.58088e-02  5.75583e-04  1.17767e+00
  -3597.32  6484.0625  9.81796e-02  9.81695e-02  5.40344e-04  1.12696e+00
  -3568.76  6484.6875  1.00566e-01  1.00556e-01  5.52799e-04  1.13650e+00
  -3540.21  6485.3125  1.02977e-01  1.02968e-01  7.24611e-04  1.19437e+00
  -3511.66  6485.9375  1.05414e-01  1.05405e-01  8.66123e-04  1.32930e+00
  -3483.11  6486.5625  1.07875e-01  1.07865e-01  6.95342e-04  1.36238e+00
  -3454.56  6487.1875  1.10361e-01  1.10351e-01  5.09549e-04  1.32461e+00
  -3426.01  6487.8125  1.12872e-01  1.12863e-01  5.95723e-04  1.34483e+00
  -3397.46  6488.4375  1.15406e-01  1.15397e-01  6.41908e-04  1.49864e+00
  -3368.91  6489.0625  1.17962e-01  1.17953e-01  6.18268e-04  1.50834e+00
  -3340.36  6489.6875  1.20542e-01  1.20533e-01  5.95731e-04  1.41855e+00
  -3311.81  6490.3125  1.23145e-01  1.23136e-01  5.69916e-04  1.35501e+00
  -3283.25  6490.9375  1.25770e-01  1.25761e-01  6.23238e-04  1.49473e+00
  -3254.70  6491.5625  1.28420e-01  1.28410e-01  7.74640e-04  1.53762e+00
  -3226.15  6492.1875  1.31094e-01  1.31085e-01  8.07473e-04  1.48554e+00
  -3197.60  6492.8125  1.33793e-01  1.33783e-01  7.26380e-04  1.40819e+00
  -3169.05  6493.4375  1.36515e-01  1.36506e-01  6.73087e-04  1.36184e+00
  -3140.50  6494.0625  1.39262e-01  1.39253e-01  5.78050e-04  1.38347e+00
  -3111.95  6494.6875  1.42033e-01  1.42023e-01  5.25114e-04  1.41711e+00
  -3083.40  6495.3125  1.44831e-01  1.44821e-01  6.41811e-04  1.48421e+00
  -3054.85  6495.9375  1.47655e-01  1.47645e-01  6.67286e-04  1.68860e+00
  -3026.30  6496.5625  1.50506e-01  1.50496e-01  7.24478e-04  1.81587e+00
  -2997.74  6497.1875  1.53385e-01  1.53374e-01  8.62706e-04  1.76663e+00
  -2969.19  6497.8125  1.56292e-01  1.56281e-01  9.47924e-04  1.75432e+00
  -2940.64  6498.4375  1.59227e-01  1.59216e-01  9.51394e-04  1.64450e+00
  -2912.09  6499.0625  1.62191e-01  1.62179e-01  9.47198e-04  1.34965e+00
  -2883.54  6499.6875  1.65184e-01  1.65173e-01  9.18284e-04  1.39016e+00
  -2854.99  6500.3125  1.68206e-01  1.68194e-01  8.39963e-04  1.53310e+00
  -2826.44  6500.9375  1.71258e-01  1.71244e-01  7.94508e-04  1.55096e+00
  -2797.89  6501.5625  1.74343e-01  1.74332e-01  7.22385e-04  1.61101e+00
  -2769.34  6502.1875  1.77460e-01  1.77448e-01  8.37777e-04  1.63769e+00
  -2740.78  6502.8125  1.80608e-01  1.80595e-01  9.56974e-04  1.64194e+00
  -2712.23  6503.4375  1.83788e-01  1.83774e-01  1.01732e-03  1.59781e+00
  -2683.68  6504.0625  1.87005e-01  1.86991e-01  1.08006e-03  1.45426e+00
  -2655.13  6504.6875  1.90257e-01  1.90244e-01  1.15274e-03  1.44107e+00
  -2626.58  6505.3125  1.93543e-01  1.93530e-01  1.14297e-03  1.62278e+00
  -2598.03  6505.9375  1.96863e-01  1.96847e-01  9.89095e-04  1.71988e+00
  -2569.48  6506.5625  2.00222e-01  2.00207e-01  1.11700e-03  1.98747e+00
  -2540.93  6507.1875  2.03620e-01  2.03607e-01  1.19722e-03  2.34033e+00
  -2512.38  6507.8125  2.07055e-01  2.07040e-01  1.10734e-03  2.28408e+00
  -2483.83  6508.4375  2.10530e-01  2.10513e-01  1.01405e-03  2.19000e+00
  -2455.27  6509.0625  2.14046e-01  2.14032e-01  8.70546e-04  2.21290e+00
  -2426.72  6509.6875  2.17603e-01  2.17586e-01  8.84347e-04  2.23237e+00
  -2398.17  6510.3125  2.21202e-01  2.21185e-01  1.13038e-03  2.40776e+00
  -2369.62  6510.9375  2.24846e-01  2.24830e-01  1.29291e-03  2.80938e+00
  -2341.07  6511.5625  2.28533e-01  2.28513e-01  1.21876e-03  2.92335e+00
  -2312.52  6512.1875  2.32266e-01  2.32248e-01  1.00510e-03  2.52736e+00
  -2283.97  6512.8125  2.36047e-01  2.36031e-01  9.24511e-04  2.46087e+00
  -2255.42  6513.4375  2.39874e-01  2.39853e-01  1.15632e-03  2.70837e+00
  -2226.87  6514.0625  2.43751e-01  2.43733e-01  1.45734e-03  3.06371e+00
  -2198.32  6514.6875  2.47679e-01  2.47659e-01  1.50079e-03  3.17993e+00
  -2169.76  6515.3125  2.51659e-01  2.51639e-01  1.46147e-03  3.14044e+00
  -2141.21  6515.9375  2.55693e-01  2.55672e-01  1.37445e-03  3.29253e+00
  -2112.66  6516.5625  2.59781e-01  2.59760e-01  1.34880e-03  3.42665e+00
  -2084.11  6517.1875  2.63925e-01  2.63902e-01  1.22459e-03  3.50363e+00
  -2055.56  6517.8125  2.68126e-01  2.68103e-01  1.34176e-03  3.67012e+00
  -2027.01  6518.4375  2.72388e-01  2.72366e-01  1.61871e-03  4.02222e+00
  -1998.46  6519.0625  2.76710e-01  2.76684e-01  1.67054e-03  4.51211e+00
  -1969.91  6519.6875  2.81096e-01  2.81074e-01  1.71389e-03  4.68899e+00
  -1941.36  6520.3125  2.85546e-01  2.85517e-01  1.90544e-03  4.75109e+00
  -1912.80  6520.9375  2.90064e-01  2.90041e-01  1.89591e-03  5.04230e+00
  -1884.25  6521.5625  2.94650e-01  2.94620e-01  1.65430e-03  5.19438e+00
  -1855.70  6522.1875  2.99308e-01  2.99282e-01  1.66466e-03  5.41598e+00
  -1827.15  6522.8125  3.04039e-01  3.04008e-01  1.67469e-03  5.89788e+00
  -1798.60  6523.4375  3.08845e-01  3.08817e-01  1.42784e-03  6.18959e+00
  -1770.05  6524.0625  3.13730e-01  3.13699e-01  1.39096e-03  6.26610e+00
  -1741.50  6524.6875  3.18695e-01  3.18662e-01  1.42733e-03  6.45945e+00
  -1712.95  6525.3125  3.23743e-01  3.23712e-01  1.57971e-03  6.96870e+00
  -1684.40  6525.9375  3.28878e-01  3.28842e-01  1.88573e-03  7.56379e+00
  -1655.85  6526.5625  3.34103e-01  3.34069e-01  1.91342e-03  7.97355e+00
  -1627.29  6527.1875  3.39421e-01  3.39384e-01  1.66037e-03  8.35004e+00
  -1598.74  6527.8125  3.44834e-01  3.44795e-01  1.59158e-03  8.51168e+00
  -1570.19  6528.4375  3.50348e-01  3.50312e-01  1.88810e-03  9.06309e+00
  -1541.64  6529.0625  3.55964e-01  3.55918e-01  2.17729e-03  9.99201e+00
  -1513.09  6529.6875  3.61689e-01  3.61649e-01  1.92431e-03  1.04901e+01
  -1484.54  6530.3125  3.67525e-01  3.67480e-01  1.73872e-03  1.11560e+01
  -1455.99  6530.9375  3.73476e-01  3.73427e-01  1.83523e-03  1.20231e+01
  -1427.44  6531.5625  3.79550e-01  3.79505e-01  1.88968e-03  1.29680e+01
  -1398.89  6532.1875  3.85749e-01  3.85696e-01  1.95151e-03  1.37042e+01
  -1370.34  6532.8125  3.92080e-01  3.92027e-01  2.15300e-03  1.46653e+01
  -1341.78  6533.4375  3.98549e-01  3.98496e-01  2.20607e-03  1.59569e+01
  -1313.23  6534.0625  4.05160e-01  4.05101e-01  2.21787e-03  1.69820e+01
  -1284.68  6534.6875  4.11923e-01  4.11863e-01  2.14073e-03  1.72594e+01
  -1256.13  6535.3125  4.18844e-01  4.18781e-01  1.98084e-03  1.80126e+01
  -1227.58  6535.9375  4.25928e-01  4.25861e-01  2.00790e-03  1.90587e+01
  -1199.03  6536.5625  4.33187e-01  4.33116e-01  2.23474e-03  2.07298e+01
  -1170.48  6537.1875  4.40629e-01  4.40557e-01  2.41385e-03  2.28760e+01
  -1141.93  6537.8125  4.48263e-01  4.48185e-01  2.45840e-03  2.50508e+01
  -1113.38  6538.4375  4.56101e-01  4.56018e-01  2.35660e-03  2.71998e+01
  -1084.83  6539.0625  4.64155e-01  4.64069e-01  2.31571e-03  2.91455e+01
  -1056.27  6539.6875  4.72436e-01  4.72342e-01  2.31111e-03  3.06252e+01
  -1027.72  6540.3125  4.80960e-01  4.80862e-01  2.28265e-03  3.27670e+01
   -999.17  6540.9375  4.89744e-01  4.89637e-01  2.28201e-03  3.54780e+01
   -970.62  6541.5625  4.98805e-01  4.98691e-01  2.64868e-03  3.92959e+01
   -942.07  6542.1875  5.08163e-01  5.08039e-01  3.07023e-03  4.43093e+01
   -913.52  6542.8125  5.17844e-01  5.17712e-01  2.89796e-03  4.93561e+01
   -884.97  6543.4375  5.27872e-01  5.27728e-01  2.82959e-03  5.48440e+01
   -856.42  6544.0625  5.38279e-01  5.38119e-01  2.66842e-03  6.00890e+01
   -827.87  6544.6875  5.49103e-01  5.48927e-01  2.58743e-03  6.58724e+01
   -799.31  6545.3125  5.60386e-01  5.60193e-01  2.93091e-03  7.35355e+01
   -770.76  6545.9375  5.72177e-01  5.71962e-01  3.32252e-03  8.19685e+01
   -742.21  6546.5625  5.84530e-01  5.84291e-01  3.76146e-03  8.90322e+01
   -713.66  6547.1875  5.97515e-01  5.97242e-01  3.63416e-03  9.56430e+01
   -685.11  6547.8125  6.11209e-01  6.10906e-01  3.46116e-03  1.03646e+02
   -656.56  6548.4375  6.25701e-01  6.25357e-01  3.40331e-03  1.10198e+02
   -628.01  6549.0625  6.41089e-01  6.40705e-01  3.03665e-03  1.14278e+02
   -599.46  6549.6875  6.57487e-01  6.57054e-01  2.75015e-03  1.18226e+02
   -570.91  6550.3125  6.75015e-01  6.74531e-01  2.77753e-03  1.20055e+02
   -542.36  6550.9375  6.93811e-01  6.93270e-01  2.80798e-03  1.21615e+02
   -513.80  6551.5625  7.14021e-01  7.13418e-01  2.98874e-03  1.22074e+02
   -485.25  6552.1875  7.35805e-01  7.35141e-01  3.53957e-03  1.23688e+02
   -456.70  6552.8125  7.59320e-01  7.58594e-01  3.90748e-03  1.25929e+02
   -428.15  6553.4375  7.84731e-01  7.83939e-01  4.04296e-03  1.27499e+02
   -399.60  6554.0625  8.12209e-01  8.11347e-01  4.33954e-03  1.29110e+02
   -371.05  6554.6875  8.41936e-01  8.41004e-01  4.42949e-03  1.29580e+02
   -342.50  6555.3125  8.74101e-01  8.73089e-01  4.14247e-03  1.29283e+02
   -313.95  6555.9375  9.08917e-01  9.07808e-01  3.90346e-03  1.29104e+02
   -285.40  6556.5625  9.46654e-01  9.45411e-01  3.78314e-03  1.30047e+02
   -256.85  6557.1875  9.87684e-01  9.86239e-01  3.49597e-03  1.30242e+02
   -228.29  6557.8125  1.03259e+00  1.03080e+00  3.40463e-03  1.29576e+02
   -199.74  6558.4375  1.08256e+00  1.07995e+00  3.85491e-03  1.29629e+02
   -171.19  6559.0625  1.14278e+00  1.13534e+00  4.50257e-03  1.30447e+02
   -142.64  6559.6875  1.23561e+00  1.20099e+00  4.85193e-03  1.30809e+02
   -114.09  6560.3125  1.38008e+00  1.37910e+00  4.75606e-03  1.29783e+02
    -85.54  6560.9375  1.55161e+00  1.54440e+00  5.31260e-03  1.29928e+02
    -56.99  6561.5625  1.73266e+00  1.73263e+00  5.90771e-03  1.31126e+02
    -28.44  6562.1875  1.88324e+00  1.94006e+00  6.11072e-03  1.29688e+02
      0.11  6562.8125  1.95100e+00  1.96266e+00  6.36195e-03  1.28293e+02
     28.67  6563.4375  1.96564e+00  1.97053e+00  6.60064e-03  1.28451e+02
     57.22  6564.0625  1.96304e+00  1.96595e+00  6.97560e-03  1.28294e+02
     85.77  6564.6875  1.95237e+00  1.95390e+00  7.06427e-03  1.28734e+02
    114.32  6565.3125  1.93732e+00  1.93803e+00  7.08861e-03  1.28327e+02
    142.87  6565.9375  1.92012e+00  1.92043e+00  7.22473e-03  1.26636e+02
    171.42  6566.5625  1.90196e+00  1.90208e+00  7.09870e-03  1.25589e+02
    199.97  6567.1875  1.88342e+00  1.88346e+00  6.62171e-03  1.25702e+02
    228.52  6567.8125  1.86474e+00  1.86474e+00  6.25530e-03  1.25434e+02
    257.07  6568.4375  1.84604e+00  1.84602e+00  6.45891e-03  1.26276e+02
    285.62  6569.0625  1.82740e+00  1.82735e+00  6.71758e-03  1.27216e+02
    314.18  6569.6875  1.80887e+00  1.80880e+00  6.94920e-03  1.25159e+02
    342.73  6570.3125  1.79052e+00  1.79043e+00  6.84439e-03  1.23137e+02
    371.28  6570.9375  1.77241e+00  1.77229e+00  6.45579e-03  1.22198e+02
    399.83  6571.5625  1.75460e+00  1.75446e+00  6.13706e-03  1.20706e+02
    428.38  6572.1875  1.73716e+00  1.73700e+00  6.04333e-03  1.18138e+02
    456.93  6572.8125  1.72014e+00  1.71996e+00  6.08726e-03  1.15458e+02
    485.48  6573.4375  1.70358e+00  1.70339e+00  6.41923e-03  1.13202e+02
    514.03  6574.0625  1.68752e+00  1.68732e+00  6.63503e-03  1.11880e+02
    542.58  6574.6875  1.67199e+00  1.67178e+00  6.44006e-03  1.10718e+02
    571.13  6575.3125  1.65698e+00  1.65678e+00  5.71700e-03  1.08472e+02
    599.69  6575.9375  1.64251e+00  1.64231e+00  5.26762e-03  1.05554e+02
    628.24  6576.5625  1.62857e+00  1.62837e+00  5.21926e-03  1.02442e+02
    656.79  6577.1875  1.61514e+00  1.61495e+00  5.40469e-03  9.98565e+01
    685.34  6577.8125  1.60222e+00  1.60203e+00  5.41140e-03  9.75705e+01
    713.89  6578.4375  1.58977e+00  1.58960e+00  5.52988e-03  9.37340e+01
    742.44  6579.0625  1.57779e+00  1.57763e+00  5.58708e-03  8.79124e+01
    770.99  6579.6875  1.56625e+00  1.56609e+00  5.59813e-03  8.26689e+01
    799.54  6580.3125  1.55511e+00  1.55496e+00  5.58014e-03  7.75860e+01
    828.09  6580.9375  1.54436e+00  1.54422e+00  5.40322e-03  7.20693e+01
    856.65  6581.5625  1.53398e+00  1.53385e+00  5.25623e-03  6.74257e+01
    885.20  6582.1875  1.52394e+00  1.52382e+00  5.43852e-03  6.32804e+01
    913.75  6582.8125  1.51423e+00  1.51411e+00  5.55341e-03  5.89266e+01
    942.30  6583.4375  1.50481e+00  1.50470e+00  5.52616e-03  5.44262e+01
    970.85  6584.0625  1.49569e+00  1.49558e+00  5.29199e-03  5.04482e+01
    999.40  6584.6875  1.48683e+00  1.48673e+00  5.10388e-03  4.78458e+01
   1027.95  6585.3125  1.47823e+00  1.47814e+00  4.93240e-03  4.61129e+01
   1056.50  6585.9375  1.46987e+00  1.46978e+00  4.76945e-03  4.46394e+01
   1085.05  6586.5625  1.46173e+00  1.46165e+00  4.71672e-03  4.19638e+01
   1113.60  6587.1875  1.45381e+00  1.45373e+00  4.84117e-03  3.81520e+01
   1142.16  6587.8125  1.44609e+00  1.44602e+00  4.94383e-03  3.54078e+01
   1170.71  6588.4375  1.43857e+00  1.43850e+00  4.94555e-03  3.38942e+01
   1199.26  6589.0625  1.43123e+00  1.43116e+00  4.89956e-03  3.25908e+01
   1227.81  6589.6875  1.42406e+00  1.42400e+00  4.59213e-03  3.08504e+01
   1256.36  6590.3125  1.41707e+00  1.41701e+00  4.43664e-03  2.92586e+01
   1284.91  6590.9375  1.41023e+00  1.41017e+00  4.55541e-03  2.85718e+01
   1313.46  6591.5625  1.40354e+00  1.40348e+00  4.57022e-03  2.73248e+01
   1342.01  6592.1875  1.39700e+00  1.39695e+00  4.65515e-03  2.54134e+01
   1370.56  6592.8125  1.39059e+00  1.39054e+00  4.61098e-03  2.42803e+01
   1399.11  6593.4375  1.38432e+00  1.38427e+00  4.50260e-03  2.35453e+01
   1427.67  6594.0625  1.37818e+00  1.37814e+00  4.26203e-03  2.22945e+01
   1456.22  6594.6875  1.37216e+00  1.37212e+00  4.24784e-03  2.09651e+01
   1484.77  6595.3125  1.36626e+00  1.36622e+00  4.31501e-03  2.02517e+01
   1513.32  6595.9375  1.36047e+00  1.36043e+00  4.51926e-03  1.98303e+01
   1541.87  6596.5625  1.35479e+00  1.35475e+00  4.77674e-03  1.94131e+01
   1570.42  6597.1875  1.34922e+00  1.34919e+00  4.91753e-03  1.80269e+01
   1598.97  6597.8125  1.34375e+00  1.34371e+00  4.85308e-03  1.66620e+01
   1627.52  6598.4375  1.33837e+00  1.33834e+00  4.89636e-03  1.59066e+01
   1656.07  6599.0625  1.33309e+00  1.33306e+00  4.99665e-03  1.50902e+01
   1684.63  6599.6875  1.32790e+00  1.32786e+00  4.74203e-03  1.43128e+01
   1713.18  6600.3125  1.32280e+00  1.32277e+00  4.53639e-03  1.33357e+01
   1741.73  6600.9375  1.31778e+00  1.31775e+00  4.36247e-03  1.26022e+01
   1770.28  6601.5625  1.31284e+00  1.31281e+00  4.33363e-03  1.22946e+01
   1798.83  6602.1875  1.30799e+00  1.30796e+00  4.29475e-03  1.21449e+01
   1827.38  6602.8125  1.30321e+00  1.30318e+00  4.10547e-03  1.19994e+01
   1855.93  6603.4375  1.29850e+00  1.29848e+00  3.97979e-03  1.16834e+01
   1884.48  6604.0625  1.29387e+00  1.29384e+00  3.79831e-03  1.11528e+01
   1913.03  6604.6875  1.28930e+00  1.28928e+00  3.89370e-03  1.05930e+01
   1941.58  6605.3125  1.28481e+00  1.28478e+00  4.33891e-03  1.00223e+01
   1970.14  6605.9375  1.28038e+00  1.28036e+00  4.56309e-03  9.52962e+00
   1998.69  6606.5625  1.27601e+00  1.27599e+00  4.45547e-03  9.05127e+00
   2027.24  6607.1875  1.27171e+00  1.27169e+00  4.27507e-03  8.79485e+00
   2055.79  6607.8125  1.26747e+00  1.26744e+00  4.21207e-03  8.36218e+00
   2084.34  6608.4375  1.26328e+00  1.26326e+00  4.41822e-03  8.04169e+00
   2112.89  6609.0625  1.25916e+00  1.25914e+00  4.43372e-03  7.79960e+00
   2141.44  6609.6875  1.25509e+00  1.25506e+00  4.25870e-03  7.54112e+00
   2169.99  6610.3125  1.25107e+00  1.25105e+00  4.03492e-03  7.41797e+00
   2198.54  6610.9375  1.24710e+00  1.24708e+00  4.03954e-03  7.18986e+00
   2227.09  6611.5625  1.24319e+00  1.24317e+00  4.06724e-03  6.85587e+00
   2255.65  6612.1875  1.23933e+00  1.23931e+00  4.31006e-03  6.67028e+00
   2284.20  6612.8125  1.23551e+00  1.23550e+00  4.22477e-03  6.38764e+00
   2312.75  6613.4375  1.23174e+00  1.23173e+00  3.77905e-03  5.99317e+00
   2341.30  6614.0625  1.22802e+00  1.22800e+00  3.73277e-03  5.73648e+00
   2369.85  6614.6875  1.22435e+00  1.22433e+00  3.72141e-03  5.90645e+00
   2398.40  6615.3125  1.22072e+00  1.22070e+00  3.65133e-03  6.18593e+00
   2426.95  6615.9375  1.21713e+00  1.21711e+00  3.58935e-03  6.04462e+00
   2455.50  6616.5625  1.21358e+00  1.21357e+00  3.42898e-03  5.78563e+00
   2484.05  6617.1875  1.21008e+00  1.21006e+00  3.54700e-03  5.56598e+00
   2512.61  6617.8125  1.20661e+00  1.20660e+00  3.76800e-03  5.16157e+00
   2541.16  6618.4375  1.20319e+00  1.20317e+00  3.81795e-03  4.89643e+00
   2569.71  6619.0625  1.19980e+00  1.19978e+00  3.87179e-03  4.93561e+00
   2598.26  6619.6875  1.19645e+00  1.19643e+00  4.25126e-03  4.58949e+00
   2626.81  6620.3125  1.19314e+00  1.19312e+00  4.40148e-03  4.00100e+00
   2655.36  6620.9375  1.18986e+00  1.18985e+00  4.11281e-03  3.84858e+00
   2683.91  6621.5625  1.18661e+00  1.18660e+00  3.57691e-03  3.71467e+00
   2712.46  6622.1875  1.18341e+00  1.18339e+00  3.34452e-03  3.55773e+00
   2741.01  6622.8125  1.18023e+00  1.18022e+00  3.45640e-03  3.62484e+00
   2769.56  6623.4375  1.17709e+00  1.17708e+00  3.38082e-03  3.70533e+00
   2798.12  6624.0625  1.17398e+00  1.17397e+00  3.34833e-03  3.63095e+00
   2826.67  6624.6875  1.17091e+00  1.17089e+00  3.40827e-03  3.59569e+00
   2855.22  6625.3125  1.16786e+00  1.16785e+00  3.50196e-03  3.57707e+00
   2883.77  6625.9375  1.16484e+00  1.16483e+00  3.43358e-03  3.56155e+00
   2912.32  6626.5625  1.16186e+00  1.16185e+00  3.08981e-03  3.58409e+00
   2940.87  6627.1875  1.15890e+00  1.15889e+00  2.90072e-03  3.53665e+00
   2969.42  6627.8125  1.15597e+00  1.15596e+00  2.81226e-03  3.26938e+00
   2997.97  6628.4375  1.15307e+00  1.15306e+00  3.28393e-03  2.81508e+00
   3026.52  6629.0625  1.15020e+00  1.15019e+00  3.60239e-03  2.65365e+00
   3055.07  6629.6875  1.14735e+00  1.14734e+00  3.42976e-03  2.66194e+00
   3083.63  6630.3125  1.14453e+00  1.14452e+00  3.47750e-03  2.66700e+00
   3112.18  6630.9375  1.14174e+00  1.14173e+00  3.54251e-03  2.71841e+00
   3140.73  6631.5625  1.13897e+00  1.13896e+00  3.31613e-03  2.62744e+00
   3169.28  6632.1875  1.13623e+00  1.13622e+00  3.09064e-03  2.50506e+00
   3197.83  6632.8125  1.13351e+00  1.13350e+00  2.86137e-03  2.52358e+00
   3226.38  6633.4375  1.13082e+00  1.13081e+00  2.82826e-03  2.63971e+00
   3254.93  6634.0625  1.12815e+00  1.12814e+00  2.96009e-03  2.59644e+00
   3283.48  6634.6875  1.12550e+00  1.12549e+00  2.96169e-03  2.32936e+00
   3312.03  6635.3125  1.12288e+00  1.12287e+00  2.90038e-03  2.26156e+00
   3340.58  6635.9375  1.12028e+00  1.12027e+00  3.07233e-03  2.25539e+00
   3369.14  6636.5625  1.11770e+00  1.11769e+00  3.16955e-03  2.07900e+00
   3397.69  6637.1875  1.11514e+00  1.11513e+00  3.06704e-03  1.92532e+00
   3426.24  6637.8125  1.11260e+00  1.11260e+00  3.13995e-03  1.93176e+00
   3454.79  6638.4375  1.11009e+00  1.11008e+00  3.21080e-03  1.94686e+00
   3483.34  6639.0625  1.10759e+00  1.10759e+00  3.07225e-03  1.89199e+00
   3511.89  6639.6875  1.10512e+00  1.10511e+00  3.14382e-03  1.78414e+00
   3540.44  6640.3125  1.10267e+00  1.10266e+00  3.42923e-03  1.77242e+00
   3568.99  6640.9375  1.10023e+00  1.10023e+00  3.57313e-03  1.86242e+00
   3597.54  6641.5625  1.09782e+00  1.09781e+00  3.67254e-03  1.77153e+00
   3626.10  6642.1875  1.09542e+00  1.09541e+00  3.69962e-03  1.64913e+00
   3654.65  6642.8125  1.09305e+00  1.09304e+00  3.46256e-03  1.63833e+00
   3683.20  6643.4375  1.09069e+00  1.09068e+00  3.23482e-03  1.62180e+00
   3711.75  6644.0625  1.08835e+00  1.08834e+00  3.16888e-03  1.61321e+00
   3740.30  6644.6875  1.08603e+00  1.08602e+00  3.04783e-03  1.59444e+00
   3768.85  6645.3125  1.08373e+00  1.08372e+00  2.97703e-03  1.59095e+00
   3797.40  6645.9375  1.08144e+00  1.08143e+00  3.17186e-03  1.62994e+00
   3825.95  6646.5625  1.07917e+00  1.07917e+00  3.29138e-03  1.62026e+00
   3854.50  6647.1875  1.07692e+00  1.07692e+00  3.12114e-03  1.59842e+00
   3883.05  6647.8125  1.07469e+00  1.07468e+00  2.89667e-03  1.61218e+00
   3911.61  6648.4375  1.07247e+00  1.07247e+00  2.98943e-03  1.42839e+00
   3940.16  6649.0625  1.07028e+00  1.07027e+00  3.25386e-03  1.39186e+00
   3968.71  6649.6875  1.06810e+00  1.06809e+00  3.10029e-03  1.42318e+00
   3997.26  6650.3125  1.06593e+00  1.06593e+00  2.81271e-03  1.30332e+00
   4025.81  6650.9375  1.06379e+00  1.06378e+00  2.75809e-03  1.13861e+00
   4054.36  6651.5625  1.06166e+00  1.06165e+00  2.85853e-03  1.01989e+00
   4082.91  6652.1875  1.05955e+00  1.05955e+00  2.77356e-03  9.17747e-01
   4111.46  6652.8125  1.05746e+00  1.05745e+00  2.82853e-03  9.61905e-01
   4140.01  6653.4375  1.05538e+00  1.05538e+00  2.93818e-03  1.02019e+00
   4168.56  6654.0625  1.05332e+00  1.05332e+00  2.88468e-03  9.89707e-01
   4197.12  6654.6875  1.05128e+00  1.05128e+00  2.99525e-03  9.25126e-01
   4225.67  6655.3125  1.04926e+00  1.04925e+00  3.33748e-03  8.66972e-01
   4254.22  6655.9375  1.04726e+00  1.04725e+00  3.51170e-03  8.69318e-01
   4282.77  6656.5625  1.04528e+00  1.04527e+00  3.43082e-03  9.25904e-01
   4311.32  6657.1875  1.04332e+00  1.04332e+00  3.15805e-03  9.73410e-01
   4339.87  6657.8125  1.04139e+00  1.04138e+00  2.98397e-03  1.02654e+00
   4368.42  6658.4375  1.03949e+00  1.03948e+00  2.89380e-03  9.81281e-01
   4396.97  6659.0625  1.03762e+00  1.03760e+00  2.84340e-03  1.01757e+00
   4425.52  6659.6875  1.03578e+00  1.03576e+00  2.80077e-03  1.15621e+00
   4454.08  6660.3125  1.03398e+00  1.03396e+00  2.52478e-03  1.15482e+00
   4482.63  6660.9375  1.03222e+00  1.03221e+00  2.56316e-03  1.06576e+00
   4511.18  6661.5625  1.03051e+00  1.03049e+00  2.80544e-03  9.22596e-01
   4539.73  6662.1875  1.02884e+00  1.02882e+00  2.77376e-03  8.49621e-01
   4568.28  6662.8125  1.02720e+00  1.02719e+00  2.73106e-03  8.11247e-01
   4596.83  6663.4375  1.02558e+00  1.02557e+00  2.78323e-03  8.04431e-01
   4625.38  6664.0625  1.02399e+00  1.02398e+00  2.70023e-03  7.58506e-01
   4653.93  6664.6875  1.02242e+00  1.02241e+00  2.66959e-03  7.65448e-01
   4682.48  6665.3125  1.02090e+00  1.02088e+00  2.82773e-03  7.47544e-01
   4711.03  6665.9375  1.01941e+00  1.01939e+00  2.76359e-03  6.74791e-01
   4739.59  6666.5625  1.01797e+00  1.01794e+00  2.54657e-03  6.40748e-01
   4768.14  6667.1875  1.01658e+00  1.01656e+00  2.51482e-03  6.16321e-01
   4796.69  6667.8125  1.01526e+00  1.01524e+00  2.66348e-03  5.89763e-01
   4825.24  6668.4375  1.01401e+00  1.01399e+00  2.64668e-03  6.23804e-01
   4853.79  6669.0625  1.01283e+00  1.01281e+00  2.41976e-03  6.88169e-01
   4882.34  6669.6875  1.01171e+00  1.01169e+00  2.26230e-03  6.08638e-01
   4910.89  6670.3125  1.01066e+00  1.01064e+00  2.46272e-03  5.71588e-01
   4939.44  6670.9375  1.00968e+00  1.00965e+00  2.72177e-03  5.77466e-01
   4967.99  6671.5625  1.00879e+00  1.00875e+00  2.65874e-03  5.20790e-01
   4996.54  6672.1875  1.00798e+00  1.00794e+00  2.68667e-03  5.18253e-01
   5025.10  6672.8125  1.00727e+00  1.00723e+00  2.70287e-03  5.80820e-01
   5053.65  6673.4375  1.00667e+00  1.00664e+00  2.39171e-03  5.88026e-01
   5082.20  6674.0625  1.00614e+00  1.00612e+00  2.36533e-03  5.12042e-01
   5110.75  6674.6875  1.00566e+00  1.00564e+00  2.52372e-03  4.09143e-01
   5139.30  6675.3125  1.00523e+00  1.00522e+00  2.65593e-03  3.13369e-01
   5167.85  6675.9375  1.00485e+00  1.00483e+00  2.72316e-03  2.93768e-01
   5196.40  6676.5625  1.00450e+00  1.00449e+00  2.56217e-03  3.40858e-01
   5224.95  6677.1875  1.00419e+00  1.00418e+00  2.49071e-03  4.00100e-01
   5253.50  6677.8125  1.00390e+00  1.00389e+00  2.44104e-03  4.73659e-01
   5282.06  6678.4375  1.00364e+00  1.00364e+00  2.23642e-03  4.72161e-01
   5310.61  6679.0625  1.00341e+00  1.00340e+00  2.37899e-03  4.31526e-01
   5339.16  6679.6875  1.00319e+00  1.00318e+00  2.51940e-03  5.05968e-01
   5367.71  6680.3125  1.00298e+00  1.00298e+00  2.68565e-03  6.04968e-01
   5396.26  6680.9375  1.00279e+00  1.00279e+00  2.91981e-03  5.59817e-01
   5424.81  6681.5625  1.00262e+00  1.00261e+00  2.82799e-03  5.43953e-01
   5453.36  6682.1875  1.00246e+00  1.00245e+00  2.79857e-03  5.52201e-01
   5481.91  6682.8125  1.00230e+00  1.00230e+00  2.81279e-03  4.19382e-01
   5510.46  6683.4375  1.00216e+00  1.00216e+00  2.55708e-03  3.34886e-01
   5539.01  6684.0625  1.00202e+00  1.00202e+00  2.26360e-03  3.23360e-01
   5567.57  6684.6875  1.00188e+00  1.00188e+00  2.23138e-03  3.30278e-01
   5596.12  6685.3125  1.00175e+00  1.00175e+00  2.44380e-03  2.65471e-01
   5624.67  6685.9375  1.00162e+00  1.00162e+00  2.65163e-03  2.13885e-01
   5653.22  6686.5625  1.00150e+00  1.00150e+00  2.61142e-03  2.86240e-01
   5681.77  6687.1875  1.00138e+00  1.00138e+00  2.48662e-03  4.54989e-01
   5710.32  6687.8125  1.00127e+00  1.00127e+00  2.33773e-03  5.08063e-01
   5738.87  6688.4375  1.00117e+00  1.00116e+00  2.55699e-03  4.01715e-01
   5767.42  6689.0625  1.00107e+00  1.00107e+00  2.42920e-03  3.15694e-01
   5795.97  6689.6875  1.00097e+00  1.00097e+00  2.31169e-03  3.16653e-01
   5824.52  6690.3125  1.00089e+00  1.00088e+00  2.39129e-03  2.90763e-01
   5853.08  6690.9375  1.00081e+00  1.00080e+00  2.48197e-03  1.77648e-01
   5881.63  6691.5625  1.00073e+00  1.00073e+00  2.67502e-03  1.60811e-01
   5910.18  6692.1875  1.00066e+00  1.00066e+00  2.86598e-03  2.33779e-01
   5938.73  6692.8125  1.00059e+00  1.00059e+00  2.73881e-03  2.62286e-01
   5967.28  6693.4375  1.00053e+00  1.00053e+00  2.46521e-03  3.15839e-01
   5995.83  6694.0625  1.00048e+00  1.00048e+00  2.55305e-03  4.47067e-01
   6024.38  6694.6875  1.00043e+00  1.00043e+00  2.73848e-03  4.73598e-01
   6052.93  6695.3125  1.00039e+00  1.00038e+00  2.70224e-03  3.13062e-01
   6081.48  6695.9375  1.00034e+00  1.00034e+00  2.56696e-03  1.98814e-01
   6110.04  6696.5625  1.00031e+00  1.00031e+00  2.59106e-03  1.72898e-01
   6138.59  6697.1875  1.00027e+00  1.00027e+00  2.63831e-03  1.99374e-01
   6167.14  6697.8125  1.00024e+00  1.00024e+00  2.39540e-03  2.48566e-01
   6195.69  6698.4375  1.00021e+00  1.00021e+00  2.19371e-03  2.22598e-01
   6224.24  6699.0625  1.00019e+00  1.00019e+00  2.36037e-03  1.79350e-01
   6252.79  6699.6875  1.00017e+00  1.00017e+00  2.57404e-03  1.60106e-01
   6281.34  6700.3125  1.00015e+00  1.00015e+00  2.59268e-03  2.15545e-01
   6309.89  6700.9375  1.00013e+00  1.00013e+00  2.45477e-03  2.63269e-01
   6338.44  6701.5625  1.00011e+00  1.00011e+00  2.41432e-03  2.16393e-01
   6366.99  6702.1875  1.00010e+00  1.00010e+00  2.51228e-03  1.81069e-01
   6395.55  6702.8125  1.00009e+00  1.00009e+00  2.70400e-03  2.32186e-01
   6424.10  6703.4375  1.00008e+00  1.00008e+00  2.82330e-03  2.86604e-01
   6452.65  6704.0625  1.00007e+00  1.00007e+00  2.78510e-03  2.61443e-01
   6481.20  6704.6875  1.00006e+00  1.00006e+00  2.68715e-03  2.20660e-01
   6509.75  6705.3125  1.00006e+00  1.00006e+00  2.48941e-03  1.96095e-01
   6538.30  6705.9375  1.00005e+00  1.00005e+00  2.43688e-03  2.28104e-01
   6566.85  6706.5625  1.00005e+00  1.00005e+00  2.42599e-03  2.54798e-01
   6595.40  6707.1875  1.00005e+00  1.00005e+00  2.48614e-03  2.10075e-01
   6623.95  6707.8125  1.00004e+00  1.00004e+00  2.60831e-03  8.65962e-02
   6652.50  6708.4375  1.00004e+00  1.00004e+00  2.71468e-03  4.41902e-02
   6681.06  6709.0625  1.00004e+00  1.00004e+00  2.79344e-03  1.00470e-01
   6709.61  6709.6875  1.00003e+00  1.00003e+00  2.76240e-03  1.55204e-01
   6738.16  6710.3125  1.00003e+00  1.00003e+00  2.68913e-03  1.71950e-01
   6766.71  6710.9375  1.00003e+00  1.00003e+00  2.86341e-03  1.53709e-01
   6795.26  6711.5625  1.00003e+00  1.00003e+00  2.91063e-03  1.14918e-01
   6823.81  6712.1875  1.00003e+00  1.00003e+00  2.74033e-03  1.04679e-01
   6852.36  6712.8125  1.00003e+00  1.00003e+00  2.59102e-03  1.24902e-01
   6880.91  6713.4375  1.00002e+00  1.00002e+00  2.54936e-03  1.52732e-01
   6909.46  6714.0625  1.00002e+00  1.00002e+00  2.70099e-03  1.70920e-01
   6938.02  6714.6875  1.00002e+00  1.00002e+00  2.74410e-03  1.51024e-01
   6966.57  6715.3125  1.00002e+00  1.00002e+00  2.69171e-03  1.45108e-01
   6995.12  6715.9375  1.00002e+00  1.00002e+00  2.49929e-03  1.59854e-01
   7023.67  6716.5625  1.00002e+00  1.00002e+00  2.31284e-03  1.86437e-01
   7052.22  6717.1875  1.00002e+00  1.00002e+00  2.29587e-03  2.24819e-01
   7080.77  6717.8125  1.00002e+00  1.00002e+00  2.41696e-03  2.02794e-01
   7109.32  6718.4375  1.00002e+00  1.00002e+00  2.58171e-03  1.51252e-01
   7137.87  6719.0625  1.00002e+00  1.00002e+00  2.72953e-03  8.25585e-02
   7166.42  6719.6875  1.00002e+00  1.00002e+00  2.73060e-03  2.55800e-02
   7194.97  6720.3125  1.00002e+00  1.00002e+00  2.63021e-03  1.78260e-02
   7223.53  6720.9375  1.00002e+00  1.00002e+00  2.57561e-03  5.54233e-02
   7252.08  6721.5625  1.00002e+00  1.00001e+00  2.82195e-03  1.01082e-01
   7280.63  6722.1875  1.00001e+00  1.00001e+00  2.88118e-03  1.07631e-01
   7309.18  6722.8125  1.00001e+00  1.00001e+00  2.70085e-03  7.77505e-02
   7337.73  6723.4375  1.00001e+00  1.00001e+00  2.69975e-03  6.44113e-02
   7366.28  6724.0625  1.00001e+00  1.00001e+00  2.63368e-03  1.22491e-01
   7394.83  6724.6875  1.00001e+00  1.00001e+00  2.60729e-03  1.76934e-01
   7423.38  6725.3125  1.00001e+00  1.00001e+00  2.71912e-03  1.49010e-01
   7451.93  6725.9375  1.00001e+00  1.00001e+00  2.88894e-03  7.30358e-02
   7480.48  6726.5625  1.00001e+00  1.00001e+00  2.85399e-03  4.52675e-02
   7509.04  6727.1875  1.00001e+00  1.00001e+00  2.62952e-03  9.65844e-02
   7537.59  6727.8125  1.00001e+00  1.00001e+00  2.35909e-03  1.35303e-01
   7566.14  6728.4375  1.00001e+00  1.00001e+00  2.23470e-03  9.54164e-02
   7594.69  6729.0625  1.00001e+00  1.00001e+00  2.24778e-03  7.37224e-02
   7623.24  6729.6875  1.00001e+00  1.00001e+00  2.46662e-03  8.18925e-02
   7651.79  6730.3125  1.00001e+00  1.00001e+00  2.70252e-03  8.42026e-02
   7680.34  6730.9375  1.00001e+00  1.00001e+00  2.80046e-03  8.87360e-02
   7708.89  6731.5625  1.00001e+00  1.00001e+00  2.73417e-03  9.55916e-02
   7737.44  6732.1875  1.00001e+00  1.00001e+00  2.55371e-03  9.06263e-02
   7765.99  6732.8125  1.00001e+00  1.00001e+00  2.32473e-03  1.09238e-01
   7794.55  6733.4375  1.00001e+00  1.00001e+00  2.33770e-03  1.09374e-01
   7823.10  6734.0625  1.00001e+00  1.00001e+00  2.47992e-03  9.26167e-02
   7851.65  6734.6875  1.00001e+00  1.00001e+00  2.59215e-03  1.09105e-01
   7880.20  6735.3125  1.00001e+00  1.00001e+00  2.72025e-03  1.07754e-01
   7908.75  6735.9375  1.00001e+00  1.00001e+00  2.90461e-03  8.04984e-02
   7937.30  6736.5625  1.00000e+00  1.00000e+00  2.92861e-03  7.67350e-02
   7965.85  6737.1875  1.00000e+00  1.00000e+00  2.54653e-03  6.47580e-02
   7994.40  6737.8125  1.00000e+00  1.00000e+00  1.96949e-03  3.62329e-02
   8022.95  6738.4375  1.00000e+00  1.00000e+00  2.09406e-03  3.55118e-02
   8051.51  6739.0625  1.00000e+00  1.00000e+00  2.50544e-03  4.47144e-02
   8080.06  6739.6875  1.00000e+00  1.00000e+00  2.47211e-03  5.94681e-02
   8108.61  6740.3125  1.00000e+00  1.00000e+00  2.42446e-03  9.63396e-02
   8137.16  6740.9375  1.00000e+00  1.00000e+00  2.73186e-03  1.14396e-01
   8165.71  6741.5625  1.00000e+00  1.00000e+00  2.83815e-03  6.87730e-02
   8194.26  6742.1875  1.00000e+00  1.00000e+00  2.65701e-03  4.38215e-02
   8222.81  6742.8125  1.00000e+00  1.00000e+00  2.29628e-03  8.62131e-02
   8251.36  6743.4375  1.00000e+00  1.00000e+00  2.31222e-03  1.17396e-01
   8279.91  6744.0625  1.00000e+00  1.00000e+00  2.37424e-03  9.87881e-02
   8308.46  6744.6875  1.00000e+00  1.00000e+00  2.31087e-03  9.10696e-02
   8337.02  6745.3125  1.00000e+00  1.00000e+00  2.25992e-03  7.77617e-02
   8365.57  6745.9375  1.00000e+00  1.00000e+00  2.40983e-03  7.95108e-02
   8394.12  6746.5625  1.00000e+00  1.00000e+00  2.56907e-03  8.44111e-02
   8422.67  6747.1875  1.00000e+00  1.00000e+00  2.58963e-03  6.90815e-02
   8451.22  6747.8125  1.00000e+00  1.00000e+00  2.54938e-03  5.70701e-02
   8479.77  6748.4375  1.00000e+00  1.00000e+00  2.51873e-03  7.65123e-02
   8508.32  6749.0625  1.00000e+00  1.00000e+00  2.40460e-03  7.39548e-02
   8536.87  6749.6875  1.00000e+00  1.00000e+00  2.30438e-03  7.74877e-02
   8565.42  6750.3125  1.00000e+00  1.00000e+00  2.27133e-03  9.60579e-02
   8593.97  6750.9375  1.00000e+00  1.00000e+00  2.16244e-03  1.07434e-01
   8622.53  6751.5625  1.00000e+00  1.00000e+00  2.15520e-03  9.17577e-02
   8651.08  6752.1875  1.00000e+00  1.00000e+00  2.48479e-03  8.96199e-02
   8679.63  6752.8125  1.00000e+00  1.00000e+00  2.91499e-03  1.06691e-01
   8708.18  6753.4375  1.00000e+00  1.00000e+00  2.98500e-03  7.60825e-02
   8736.73  6754.0625  1.00000e+00  1.00000e+00  2.72905e-03  5.17890e-02
   8765.28  6754.6875  1.00000e+00  1.00000e+00  2.59951e-03  6.55995e-02
   8793.83  6755.3125  1.00000e+00  1.00000e+00  2.54976e-03  8.34823e-02
   8822.38  6755.9375  1.00000e+00  1.00000e+00  2.38019e-03  5.64783e-02
   8850.93  6756.5625  1.00000e+00  1.00000e+00  2.43972e-03  3.77207e-02
   8879.49  6757.1875  1.00000e+00  1.00000e+00  2.51489e-03  5.42333e-02
   8908.04  6757.8125  1.00000e+00  1.00000e+00  2.63760e-03  5.35066e-02
   8936.59  6758.4375  1.00000e+00  1.00000e+00  2.79591e-03  4.73220e-02
   8965.14  6759.0625  1.00000e+00  1.00000e+00  2.67826e-03  5.50186e-02
   8993.69  6759.6875  1.00000e+00  1.00000e+00  2.44081e-03  6.46637e-02
   9022.24  6760.3125  1.00000e+00  1.00000e+00  2.23485e-03  5.48890e-02
   9050.79  6760.9375  1.00000e+00  1.00000e+00  2.35245e-03  4.43876e-02
   9079.34  6761.5625  1.00000e+00  1.00000e+00  2.54281e-03  3.52732e-02
   9107.89  6762.1875  1.00000e+00  1.00000e+00  2.38872e-03  3.45787e-02
   9136.44  6762.8125  1.00000e+00  1.00000e+00  2.48738e-03  5.35813e-02
   9165.00  6763.4375  1.00000e+00  1.00000e+00  2.59348e-03  5.04934e-02
   9193.55  6764.0625  1.00000e+00  1.00000e+00  2.34731e-03  3.89295e-02
   9222.10  6764.6875  1.00000e+00  1.00000e+00  2.33490e-03  3.25594e-02
   9250.65  6765.3125  1.00000e+00  1.00000e+00  2.70441e-03  3.42272e-02
   9279.20  6765.9375  1.00000e+00  1.00000e+00  2.95899e-03  5.25364e-02
   9307.75  6766.5625  1.00000e+00  1.00000e+00  2.80930e-03  4.28199e-02
   9336.30  6767.1875  1.00000e+00  1.00000e+00  2.60827e-03  2.41549e-02
   9364.85  6767.8125  1.00000e+00  1.00000e+00  2.54064e-03  2.47955e-02
   9393.40  6768.4375  1.00000e+00  1.00000e+00  2.77994e-03  3.16471e-02
   9421.95  6769.0625  1.00000e+00  1.00000e+00  2.72649e-03  4.19131e-02
   9450.51  6769.6875  1.00000e+00  1.00000e+00  2.51746e-03  2.11725e-02
   9479.06  6770.3125  1.00000e+00  1.00000e+00  2.55240e-03  4.52021e-03
   9507.61  6770.9375  1.00000e+00  1.00000e+00  2.90963e-03  1.22026e-02
   9536.16  6771.5625  1.00000e+00  1.00000e+00  3.02990e-03  3.32676e-02
   9564.71  6772.1875  1.00000e+00  1.00000e+00  2.82876e-03  4.90835e-02
   9593.26  6772.8125  1.00000e+00  1.00000e+00  2.62971e-03  5.00435e-02
   9621.81  6773.4375  1.00000e+00  1.00000e+00  2.44354e-03  4.08796e-02
   9650.36  6774.0625  1.00000e+00  1.00000e+00  2.37521e-03  4.44736e-02
   9678.91  6774.6875  1.00000e+00  1.00000e+00  2.40527e-03  3.28312e-02
   9707.47  6775.3125  1.00000e+00  1.00000e+00  2.58445e-03  3.44810e-02
   9736.02  6775.9375  1.00000e+00  1.00000e+00  2.82706e-03  4.09315e-02
   9764.57  6776.5625  1.00000e+00  1.00000e+00  2.92949e-03  3.21675e-02
   9793.12  6777.1875  1.00000e+00  1.00000e+00  2.61720e-03  1.35976e-02
   9821.67  6777.8125  1.00000e+00  1.00000e+00  2.23493e-03  1.36009e-02
   9850.22  6778.4375  1.00000e+00  1.00000e+00  2.32771e-03  3.22394e-02
   9878.77  6779.0625  1.00000e+00  1.00000e+00  2.47738e-03  4.13200e-02
   9907.32  6779.6875  1.00000e+00  1.00000e+00  2.46994e-03  3.52048e-02
   9935.87  6780.3125  1.00000e+00  1.00000e+00  2.29178e-03  3.45585e-02
   9964.42  6780.9375  1.00000e+00  1.00000e+00  2.25575e-03  5.23994e-02
   9992.98  6781.5625  1.00000e+00  1.00000e+00  2.53211e-03  4.12486e-02
  10021.53  6782.1875  1.00000e+00  1.00000e+00  2.78427e-03  1.35378e-02
  10050.08  6782.8125  1.00000e+00  1.00000e+00  2.75939e-03  3.14174e-03
  10078.63  6783.4375  1.00000e+00  1.00000e+00  2.75332e-03  1.20492e-02
  10107.18  6784.0625  1.00000e+00  1.00000e+00  2.73707e-03  3.06724e-02
  10135.73  6784.6875  1.00000e+00  1.00000e+00  2.62502e-03  3.07771e-02
  10164.28  6785.3125  1.00000e+00  1.00000e+00  2.49270e-03  1.48921e-02
  10192.83  6785.9375  1.00000e+00  1.00000e+00  2.25226e-03  2.33153e-02
  10221.38  6786.5625  1.00000e+00  1.00000e+00  2.14541e-03  5.35088e-02
  10249.93  6787.1875  1.00000e+00  1.00000e+00  2.27866e-03  7.40908e-02
  10278.49  6787.8125  1.00000e+00  1.00000e+00  2.28455e-03  1.02560e-01
  10307.04  6788.4375  1.00000e+00  1.00000e+00  2.14331e-03  1.01827e-01
  10335.59  6789.0625  1.00000e+00  1.00000e+00  2.30491e-03  5.58848e-02
  10364.14  6789.6875  1.00000e+00  1.00000e+00  2.78854e-03  1.65773e-02
  10392.69  6790.3125  1.00000e+00  1.00000e+00  3.00306e-03  1.20790e-02
  10421.24  6790.9375  1.00000e+00  1.00000e+00  2.95291e-03  2.01804e-02
  10449.79  6791.5625  1.00000e+00  1.00000e+00  2.88926e-03  1.35568e-02
  10478.34  6792.1875  1.00000e+00  1.00000e+00  2.93827e-03  2.69350e-02
  10506.89  6792.8125  1.00000e+00  1.00000e+00  2.92974e-03  7.32157e-02
  10535.45  6793.4375  1.00000e+00  1.00000e+00  2.70927e-03  9.18551e-02
  10564.00  6794.0625  1.00000e+00  1.00000e+00  2.61081e-03  5.60071e-02
  10592.55  6794.6875  1.00000e+00  1.00000e+00  2.54756e-03  2.55190e-02
  10621.10  6795.3125  1.00000e+00  1.00000e+00  2.42839e-03  2.18246e-02
  10649.65  6795.9375  1.00000e+00  1.00000e+00  2.32937e-03  1.20644e-02
  10678.20  6796.5625  1.00000e+00  1.00000e+00  2.39895e-03  1.31875e-02
  10706.75  6797.1875  1.00000e+00  1.00000e+00  2.65721e-03  2.89364e-02
  10735.30  6797.8125  1.00000e+00  1.00000e+00  2.62751e-03  2.88030e-02
  10763.85  6798.4375  1.00000e+00  1.00000e+00  2.36796e-03  2.37362e-02
  10792.40  6799.0625  1.00000e+00  1.00000e+00  2.53647e-03  4.52665e-02
  10820.96  6799.6875  1.00000e+00  1.00000e+00  2.67229e-03  7.17144e-02
  10849.51  6800.3125  1.00000e+00  1.00000e+00  2.67975e-03  6.52622e-02
  10878.06  6800.9375  1.00000e+00  1.00000e+00  2.51484e-03  4.30206e-02
  10906.61  6801.5625  1.00000e+00  1.00000e+00  2.32605e-03  4.11276e-02
  10935.16  6802.1875  1.00000e+00  1.00000e+00  2.43787e-03  3.10676e-02
  10963.71  6802.8125  1.00000e+00  1.00000e+00  2.42117e-03  3.32006e-02
  10992.26  6803.4375  1.00000e+00  1.00000e+00  2.27259e-03  3.06671e-02
  11020.81  6804.0625  1.00000e+00  1.00000e+00  2.15424e-03  1.34021e-02
  11049.36  6804.6875  1.00000e+00  1.00000e+00  2.22512e-03  1.19698e-02
  11077.91  6805.3125  1.00000e+00  1.00000e+00  2.41931e-03  2.00912e-02
  11106.47  6805.9375  1.00000e+00  1.00000e+00  2.57753e-03  1.04931e-02
  11135.02  6806.5625  1.00000e+00  1.00000e+00  2.43994e-03  2.94608e-03
  11163.57  6807.1875  1.00000e+00  1.00000e+00  2.18164e-03  1.04603e-02
  11192.12  6807.8125  1.00000e+00  1.00000e+00  2.07569e-03  1.99717e-02
  11220.67  6808.4375  1.00000e+00  1.00000e+00  2.21096e-03  1.04042e-02
  11249.22  6809.0625  1.00000e+00  1.00000e+00  2.42053e-03  1.52668e-03
  11277.77  6809.6875  1.00000e+00  1.00000e+00  2.48803e-03  1.51444e-03
  11306.32  6810.3125  1.00000e+00  1.00000e+00  2.66883e-03  1.03142e-02
  11334.87  6810.9375  1.00000e+00  1.00000e+00  2.83902e-03  1.97994e-02
  11363.43  6811.5625  1.00000e+00  1.00000e+00  2.63124e-03  1.04242e-02
  11391.98  6812.1875  1.00000e+00  1.00000e+00  2.51111e-03  4.45770e-03
  11420.53  6812.8125  1.00000e+00  1.00000e+00  2.52463e-03  2.44126e-02
  11449.08  6813.4375  1.00000e+00  1.00000e+00  2.46949e-03  7.09545e-02
  11477.63  6814.0625  1.00000e+00  1.00000e+00  2.48146e-03  9.93321e-02
  11506.18  6814.6875  1.00000e+00  1.00000e+00  2.62322e-03  8.98721e-02
  11534.73  6815.3125  1.00000e+00  1.00000e+00  2.71088e-03  6.46914e-02
  11563.28  6815.9375  1.00000e+00  1.00000e+00  2.87559e-03  3.39074e-02
  11591.83  6816.5625  1.00000e+00  1.00000e+00  2.85143e-03  1.48333e-02
  11620.38  6817.1875  1.00000e+00  1.00000e+00  2.50720e-03  4.74128e-03
  11648.94  6817.8125  1.00000e+00  1.00000e+00  2.20757e-03  5.92887e-04
  11677.49  6818.4375  1.00000e+00  1.00000e+00  2.22062e-03  2.20378e-05
  11706.04  6819.0625  1.00000e+00  1.00000e+00  2.35678e-03  2.26844e-07
  11734.59  6819.6875  1.00000e+00  1.00000e+00  2.59096e-03  0.00000e+00
  11763.14  6820.3125  1.00000e+00  1.00000e+00  2.75855e-03  0.00000e+00
  11791.69  6820.9375  1.00000e+00  1.00000e+00  2.76937e-03  0.00000e+00
  11820.24  6821.5625  1.00000e+00  1.00000e+00  2.72375e-03  0.00000e+00
  11848.79  6822.1875  1.00000e+00  1.00000e+00  2.60665e-03  0.00000e+00
  11877.34  6822.8125  1.00000e+00  1.00000e+00  2.62491e-03  0.00000e+00
  11905.89  6823.4375  1.00000e+00  1.00000e+00  2.60018e-03  0.00000e+00
  11934.45  6824.0625  1.00000e+00  1.00000e+00  2.62779e-03  0.00000e+00
  11963.00  6824.6875  1.00000e+00  1.00000e+00  2.75448e-03  0.00000e+00
  11991.55  6825.3125  1.00000e+00  1.00000e+00  2.55072e-03  0.00000e+00
  12020.10  6825.9375  1.00000e+00  1.00000e+00  2.45012e-03  0.00000e+00
  12048.65  6826.5625  1.00000e+00  1.00000e+00  2.65236e-03  5.87806e-07
  12077.20  6827.1875  1.00000e+00  1.00000e+00  2.60316e-03  5.64608e-05
  12105.75  6827.8125  1.00000e+00  1.00000e+00  2.45541e-03  1.47173e-03
  12134.30  6828.4375  1.00000e+00  1.00000e+00  2.58488e-03  1.04106e-02
  12162.85  6829.0625  1.00000e+00  1.00000e+00  2.55962e-03  1.99844e-02
  12191.40  6829.6875  1.00000e+00  1.00000e+00  2.56559e-03  1.04106e-02
  12219.96  6830.3125  1.00000e+00  1.00000e+00  2.60991e-03  1.47173e-03
  12248.51  6830.9375  1.00000e+00  1.00000e+00  2.63838e-03  5.64608e-05
  12277.06  6831.5625  1.00000e+00  1.00000e+00  2.80334e-03  5.87806e-07
  12305.61  6832.1875  1.00000e+00  1.00000e+00  2.83028e-03  0.00000e+00
  12334.16  6832.8125  1.00000e+00  1.00000e+00  2.71380e-03  0.00000e+00
  12362.71  6833.4375  1.00000e+00  1.00000e+00  2.73237e-03  0.00000e+00
  12391.26  6834.0625  1.00000e+00  1.00000e+00  2.72836e-03  0.00000e+00
  12419.81  6834.6875  1.00000e+00  1.00000e+00  2.50821e-03  5.88718e-07
  12448.36  6835.3125  1.00000e+00  1.00000e+00  2.36663e-03  5.65484e-05
  12476.92  6835.9375  1.00000e+00  1.00000e+00  2.34759e-03  1.47401e-03
  12505.47  6836.5625  1.00000e+00  1.00000e+00  2.55465e-03  1.04267e-02
  12534.02  6837.1875  1.00000e+00  1.00000e+00  2.73099e-03  2.00154e-02
  12562.57  6837.8125  1.00000e+00  1.00000e+00  2.82389e-03  1.04267e-02
  12591.12  6838.4375  1.00000e+00  1.00000e+00  2.73865e-03  1.47401e-03
  12619.67  6839.0625  1.00000e+00  1.00000e+00  2.61044e-03  5.65484e-05
  12648.22  6839.6875  1.00000e+00  1.00000e+00  2.71215e-03  5.88718e-07
  12676.77  6840.3125  1.00000e+00  1.00000e+00  2.75358e-03  0.00000e+00
  12705.32  6840.9375  1.00000e+00  1.00000e+00  2.52815e-03  0.00000e+00
  12733.87  6841.5625  1.00000e+00  1.00000e+00  2.27106e-03  0.00000e+00
  12762.43  6842.1875  1.00000e+00  1.00000e+00  2.36741e-03  0.00000e+00
  12790.98  6842.8125  1.00000e+00  1.00000e+00  2.43467e-03  5.85825e-07
  12819.53  6843.4375  1.00000e+00  1.00000e+00  2.21413e-03  5.62704e-05
  12848.08  6844.0625  1.00000e+00  1.00000e+00  2.10946e-03  1.46677e-03
  12876.63  6844.6875  1.00000e+00  1.00000e+00  2.10546e-03  1.03755e-02
  12905.18  6845.3125  1.00000e+00  1.00000e+00  2.09478e-03  1.99171e-02
  12933.73  6845.9375  1.00000e+00  1.00000e+00  2.50559e-03  1.03755e-02
  12962.28  6846.5625  1.00000e+00  1.00000e+00  2.75549e-03  1.46677e-03
  12990.83  6847.1875  1.00000e+00  1.00000e+00  2.73832e-03  5.62704e-05
  13019.38  6847.8125  1.00000e+00  1.00000e+00  2.85006e-03  5.85825e-07
  13047.94  6848.4375  1.00000e+00  1.00000e+00  2.77907e-03  0.00000e+00
  13076.49  6849.0625  1.00000e+00  1.00000e+00  2.39652e-03  0.00000e+00
  13105.04  6849.6875  1.00000e+00  1.00000e+00  2.43282e-03  0.00000e+00
  13133.59  6850.3125  1.00000e+00  1.00000e+00  2.67556e-03  0.00000e+00
  13162.14  6850.9375  1.00000e+00  1.00000e+00  2.70437e-03  0.00000e+00
  13190.69  6851.5625  1.00000e+00  1.00000e+00  2.75679e-03  0.00000e+00
  13219.24  6852.1875  1.00000e+00  1.00000e+00  2.74535e-03  0.00000e+00
  13247.79  6852.8125  1.00000e+00  1.00000e+00  2.55089e-03  0.00000e+00
  13276.34  6853.4375  1.00000e+00  1.00000e+00  2.28732e-03  5.87155e-07
  13304.90  6854.0625  1.00000e+00  1.00000e+00  2.27224e-03  5.63982e-05
  13333.45  6854.6875  1.00000e+00  1.00000e+00  2.41457e-03  1.47010e-03
  13362.00  6855.3125  1.00000e+00  1.00000e+00  2.42760e-03  1.03991e-02
  13390.55  6855.9375  1.00000e+00  1.00000e+00  2.57584e-03  1.99623e-02
  13419.10  6856.5625  1.00000e+00  1.00000e+00  2.71664e-03  1.03991e-02
  13447.65  6857.1875  1.00000e+00  1.00000e+00  2.74051e-03  1.47010e-03
  13476.20  6857.8125  1.00000e+00  1.00000e+00  2.61000e-03  5.63982e-05
  13504.75  6858.4375  1.00000e+00  1.00000e+00  2.56681e-03  5.87155e-07
  13533.30  6859.0625  1.00000e+00  1.00000e+00  2.62962e-03  0.00000e+00
  13561.85  6859.6875  1.00000e+00  1.00000e+00  2.71245e-03  0.00000e+00
  13590.41  6860.3125  1.00000e+00  1.00000e+00  2.72085e-03  0.00000e+00
  13618.96  6860.9375  1.00000e+00  1.00000e+00  2.53279e-03  0.00000e+00
  13647.51  6861.5625  1.00000e+00  1.00000e+00  2.47207e-03  0.00000e+00
  13676.06  6862.1875  1.00000e+00  1.00000e+00  2.35621e-03  0.00000e+00
  13704.61  6862.8125  1.00000e+00  1.00000e+00  2.45149e-03  0.00000e+00
  13733.16  6863.4375  1.00000e+00  1.00000e+00  2.64861e-03  0.00000e+00
  13761.71  6864.0625  1.00000e+00  1.00000e+00  2.84759e-03  0.00000e+00
  13790.26  6864.6875  1.00000e+00  1.00000e+00  2.71567e-03  0.00000e+00
  13818.81  6865.3125  1.00000e+00  1.00000e+00  2.38355e-03  0.00000e+00
  13847.36  6865.9375  1.00000e+00  1.00000e+00  2.28096e-03  0.00000e+00
  13875.92  6866.5625  1.00000e+00  1.00000e+00  2.22185e-03  0.00000e+00
  13904.47  6867.1875  1.00000e+00  1.00000e+00  2.46288e-03  0.00000e+00
  13933.02  6867.8125  1.00000e+00  1.00000e+00  2.82369e-03  0.00000e+00
  13961.57  6868.4375  1.00000e+00  1.00000e+00  2.76500e-03  0.00000e+00
  13990.12  6869.0625  1.00000e+00  1.00000e+00  2.57592e-03  0.00000e+00
  14018.67  6869.6875  1.00000e+00  1.00000e+00  2.46621e-03  0.00000e+00
  14047.22  6870.3125  1.00000e+00  1.00000e+00  2.56151e-03  0.00000e+00
  14075.77  6870.9375  1.00000e+00  1.00000e+00  2.69333e-03  0.00000e+00
  14104.32  6871.5625  1.00000e+00  1.00000e+00  2.82326e-03  0.00000e+00
  14132.88  6872.1875  1.00000e+00  1.00000e+00  2.64973e-03  0.00000e+00
  14161.43  6872.8125  1.00000e+00  1.00000e+00  2.31432e-03  0.00000e+00
  14189.98  6873.4375  1.00000e+00  1.00000e+00  2.31810e-03  0.00000e+00
  14218.53  6874.0625  1.00000e+00  1.00000e+00  2.59855e-03  0.00000e+00
  14247.08  6874.6875  1.00000e+00  1.00000e+00  2.45405e-03  0.00000e+00
  14275.63  6875.3125  1.00000e+00  1.00000e+00  2.13966e-03  0.00000e+00
  14304.18  6875.9375  1.00000e+00  1.00000e+00  2.10166e-03  0.00000e+00
  14332.73  6876.5625  1.00000e+00  1.00000e+00  2.18804e-03  0.00000e+00
  14361.28  6877.1875  1.00000e+00  1.00000e+00  2.39603e-03  0.00000e+00
  14389.83  6877.8125  1.00000e+00  1.00000e+00  2.50413e-03  0.00000e+00
  14418.39  6878.4375  1.00000e+00  1.00000e+00  2.38156e-03  0.00000e+00
  14446.94  6879.0625  1.00000e+00  1.00000e+00  2.30151e-03  0.00000e+00
  14475.49  6879.6875  1.00000e+00  1.00000e+00  2.43865e-03  0.00000e+00
  14504.04  6880.3125  1.00000e+00  1.00000e+00  2.50013e-03  0.00000e+00
  14532.59  6880.9375  1.00000e+00  1.00000e+00  2.38224e-03  0.00000e+00
  14561.14  6881.5625  1.00000e+00  1.00000e+00  2.31520e-03  0.00000e+00
  14589.69  6882.1875  1.00000e+00  1.00000e+00  2.29399e-03  0.00000e+00
  14618.24  6882.8125  1.00000e+00  1.00000e+00  2.19166e-03  0.00000e+00
  14646.79  6883.4375  1.00000e+00  1.00000e+00  2.39122e-03  0.00000e+00
  14675.34  6884.0625  1.00000e+00  1.00000e+00  2.49743e-03  0.00000e+00
  14703.90  6884.6875  1.00000e+00  1.00000e+00  2.53341e-03  0.00000e+00
  14732.45  6885.3125  1.00000e+00  1.00000e+00  2.46527e-03  0.00000e+00
  14761.00  6885.9375  1.00000e+00  1.00000e+00  2.32824e-03  0.00000e+00
  14789.55  6886.5625  1.00000e+00  1.00000e+00  2.19095e-03  0.00000e+00
  14818.10  6887.1875  1.00000e+00  1.00000e+00  2.16995e-03  0.00000e+00
  14846.65  6887.8125  1.00000e+00  1.00000e+00  2.30410e-03  0.00000e+00
  14875.20  6888.4375  1.00000e+00  1.00000e+00  2.38056e-03  0.00000e+00
  14903.75  6889.0625  1.00000e+00  1.00000e+00  2.38437e-03  0.00000e+00
  14932.30  6889.6875  1.00000e+00  1.00000e+00  2.32699e-03  0.00000e+00
  14960.86  6890.3125  1.00000e+00  1.00000e+00  2.43372e-03  0.00000e+00
  14989.41  6890.9375  1.00000e+00  1.00000e+00  2.44790e-03  0.00000e+00
  15017.96  6891.5625  1.00000e+00  1.00000e+00  2.41293e-03  0.00000e+00
  15046.51  6892.1875  1.00000e+00  1.00000e+00  2.61855e-03  0.00000e+00
  15075.06  6892.8125  1.00000e+00  1.00000e+00  2.81230e-03  0.00000e+00
  15103.61  6893.4375  1.00000e+00  1.00000e+00  2.63960e-03  0.00000e+00
  15132.16  6894.0625  1.00000e+00  1.00000e+00  2.60638e-03  0.00000e+00
  15160.71  6894.6875  1.00000e+00  1.00000e+00  2.43736e-03  0.00000e+00
  15189.26  6895.3125  1.00000e+00  1.00000e+00  2.37357e-03  0.00000e+00
  15217.81  6895.9375  1.00000e+00  1.00000e+00  2.43134e-03  0.00000e+00
  15246.37  6896.5625  1.00000e+00  1.00000e+00  2.23460e-03  0.00000e+00
  15274.92  6897.1875  1.00000e+00  1.00000e+00  2.13273e-03  0.00000e+00
  15303.47  6897.8125  1.00000e+00  1.00000e+00  2.25295e-03  0.00000e+00
  15332.02  6898.4375  1.00000e+00  1.00000e+00  2.44340e-03  0.00000e+00
  15360.57  6899.0625  1.00000e+00  1.00000e+00  2.52977e-03  0.00000e+00
  15389.12  6899.6875  1.00000e+00  1.00000e+00  2.25684e-03  0.00000e+00
  15417.67  6900.3125  1.00000e+00  1.00000e+00  2.02567e-03  0.00000e+00
  15446.22  6900.9375  1.00000e+00  1.00000e+00  2.21377e-03  0.00000e+00
  15474.77  6901.5625  1.00000e+00  1.00000e+00  2.60693e-03  0.00000e+00
  15503.32  6902.1875  1.00000e+00  1.00000e+00  2.59488e-03  0.00000e+00
  15531.88  6902.8125  1.00000e+00  1.00000e+00  2.30903e-03  0.00000e+00
  15560.43  6903.4375  1.00000e+00  1.00000e+00  2.11159e-03  0.00000e+00
  15588.98  6904.0625  1.00000e+00  1.00000e+00  2.25290e-03  0.00000e+00
  15617.53  6904.6875  1.00000e+00  1.00000e+00  2.38043e-03  0.00000e+00
  15646.08  6905.3125  1.00000e+00  1.00000e+00  2.35727e-03  0.00000e+00
  15674.63  6905.9375  1.00000e+00  1.00000e+00  2.51638e-03  0.00000e+00
  15703.18  6906.5625  1.00000e+00  1.00000e+00  2.67437e-03  0.00000e+00
  15731.73  6907.1875  1.00000e+00  1.00000e+00  2.48210e-03  0.00000e+00
  15760.28  6907.8125  1.00000e+00  1.00000e+00  2.05023e-03  0.00000e+00
  15788.84  6908.4375  1.00000e+00  1.00000e+00  1.86236e-03  0.00000e+00
  15817.39  6909.0625  1.00000e+00  1.00000e+00  2.08092e-03  0.00000e+00
  15845.94  6909.6875  1.00000e+00  1.00000e+00  2.39198e-03  0.00000e+00
  15874.49  6910.3125  1.00000e+00  1.00000e+00  2.43290e-03  0.00000e+00
  15903.04  6910.9375  1.00000e+00  1.00000e+00  2.42629e-03  0.00000e+00
  15931.59  6911.5625  1.00000e+00  1.00000e+00  2.43296e-03  0.00000e+00
  15960.14  6912.1875  1.00000e+00  1.00000e+00  2.48525e-03  0.00000e+00
  15988.69  6912.8125  1.00000e+00  1.00000e+00  2.57879e-03  0.00000e+00
  16017.24  6913.4375  1.00000e+00  1.00000e+00  2.49552e-03  0.00000e+00
  16045.79  6914.0625  1.00000e+00  1.00000e+00  2.61666e-03  0.00000e+00
  16074.35  6914.6875  1.00000e+00  1.00000e+00  2.71626e-03  0.00000e+00
  16102.90  6915.3125  1.00000e+00  1.00000e+00  2.71501e-03  0.00000e+00
  16131.45  6915.9375  1.00000e+00  1.00000e+00  2.81213e-03  0.00000e+00
  16160.00  6916.5625  1.00000e+00  1.00000e+00  2.75297e-03  0.00000e+00
  16188.55  6917.1875  1.00000e+00  1.00000e+00  2.67047e-03  0.00000e+00
  16217.10  6917.8125  1.00000e+00  1.00000e+00  2.74931e-03  0.00000e+00
  16245.65  6918.4375  1.00000e+00  1.00000e+00  2.76239e-03  0.00000e+00
  16274.20  6919.0625  1.00000e+00  1.00000e+00  2.61673e-03  0.00000e+00
  16302.75  6919.6875  1.00000e+00  1.00000e+00  2.38742e-03  0.00000e+00
  16331.30  6920.3125  1.00000e+00  1.00000e+00  2.06389e-03  0.00000e+00
  16359.86  6920.9375  1.00000e+00  1.00000e+00  1.94597e-03  0.00000e+00
  16388.41  6921.5625  1.00000e+00  1.00000e+00  2.08882e-03  0.00000e+00
  16416.96  6922.1875  1.00000e+00  1.00000e+00  2.17079e-03  0.00000e+00
  16445.51  6922.8125  1.00000e+00  1.00000e+00  2.18980e-03  0.00000e+00
  16474.06  6923.4375  1.00000e+00  1.00000e+00  2.27003e-03  0.00000e+00
  16502.61  6924.0625  1.00000e+00  1.00000e+00  2.56986e-03  0.00000e+00
  16531.16  6924.6875  1.00000e+00  1.00000e+00  2.98999e-03  0.00000e+00
  16559.71  6925.3125  1.00000e+00  1.00000e+00  2.95535e-03  0.00000e+00
  16588.26  6925.9375  1.00000e+00  1.00000e+00  2.56828e-03  0.00000e+00
  16616.81  6926.5625  1.00000e+00  1.00000e+00  2.65758e-03  0.00000e+00
  16645.37  6927.1875  1.00000e+00  1.00000e+00  3.04655e-03  0.00000e+00
  16673.92  6927.8125  1.00000e+00  1.00000e+00  2.93852e-03  0.00000e+00
  16702.47  6928.4375  1.00000e+00  1.00000e+00  2.53604e-03  0.00000e+00
  16731.02  6929.0625  1.00000e+00  1.00000e+00  2.29516e-03  0.00000e+00
  16759.57  6929.6875  1.00000e+00  1.00000e+00  2.20786e-03  0.00000e+00
  16788.12  6930.3125  1.00000e+00  1.00000e+00  2.23410e-03  0.00000e+00
  16816.67  6930.9375  1.00000e+00  1.00000e+00  2.09494e-03  0.00000e+00
  16845.22  6931.5625  1.00000e+00  1.00000e+00  2.27962e-03  0.00000e+00
  16873.77  6932.1875  1.00000e+00  1.00000e+00  2.43497e-03  0.00000e+00
  16902.33  6932.8125  1.00000e+00  1.00000e+00  2.49872e-03  0.00000e+00
  16930.88  6933.4375  1.00000e+00  1.00000e+00  2.53564e-03  0.00000e+00
  16959.43  6934.0625  1.00000e+00  1.00000e+00  2.45209e-03  0.00000e+00
  16987.98  6934.6875  1.00000e+00  1.00000e+00  2.49161e-03  0.00000e+00
  17016.53  6935.3125  1.00000e+00  1.00000e+00  2.73248e-03  0.00000e+00
  17045.08  6935.9375  1.00000e+00  1.00000e+00  2.69813e-03  0.00000e+00
  17073.63  6936.5625  1.00000e+00  1.00000e+00  2.44597e-03  0.00000e+00
  17102.18  6937.1875  1.00000e+00  1.00000e+00  2.33970e-03  0.00000e+00
  17130.73  6937.8125  1.00000e+00  1.00000e+00  2.35798e-03  0.00000e+00
  17159.28  6938.4375  1.00000e+00  1.00000e+00  2.35409e-03  0.00000e+00
  17187.84  6939.0625  1.00000e+00  1.00000e+00  2.39972e-03  0.00000e+00
  17216.39  6939.6875  1.00000e+00  1.00000e+00  2.44080e-03  0.00000e+00
  17244.94  6940.3125  1.00000e+00  1.00000e+00  2.40165e-03  0.00000e+00
  17273.49  6940.9375  1.00000e+00  1.00000e+00  2.70534e-03  0.00000e+00
  17302.04  6941.5625  1.00000e+00  1.00000e+00  2.90609e-03  0.00000e+00
  17330.59  6942.1875  1.00000e+00  1.00000e+00  2.73230e-03  0.00000e+00
  17359.14  6942.8125  1.00000e+00  1.00000e+00  2.50539e-03  0.00000e+00
  17387.69  6943.4375  1.00000e+00  1.00000e+00  2.45166e-03  0.00000e+00
  17416.24  6944.0625  1.00000e+00  1.00000e+00  2.31757e-03  0.00000e+00
  17444.79  6944.6875  1.00000e+00  1.00000e+00  2.25996e-03  0.00000e+00
  17473.35  6945.3125  1.00000e+00  1.00000e+00  2.33708e-03  0.00000e+00
  17501.90  6945.9375  1.00000e+00  1.00000e+00  2.44891e-03  0.00000e+00
  17530.45  6946.5625  1.00000e+00  1.00000e+00  2.39825e-03  0.00000e+00
  17559.00  6947.1875  1.00000e+00  1.00000e+00  2.28101e-03  0.00000e+00
  17587.55  6947.8125  1.00000e+00  1.00000e+00  2.20212e-03  0.00000e+00
  17616.10  6948.4375  1.00000e+00  1.00000e+00  2.32984e-03  0.00000e+00
  17644.65  6949.0625  1.00000e+00  1.00000e+00  2.67168e-03  0.00000e+00
  17673.20  6949.6875  1.00000e+00  1.00000e+00  3.22539e-03  0.00000e+00
